ID	IJC_SAMPLE_1	SJC_SAMPLE_1	IJC_SAMPLE_2	SJC_SAMPLE_2	IncFormLen	SkipFormLen	PValue	FDR	IncLevel1	IncLevel2	IncLevelDifference
3	0,0	41,51	2,2	64,65	230	149	1	1.0	0.0,0.0	0.02,0.02	-0.02
8	11,2	0,0	11,38	6,0	184	149	1	1.0	1.0,1.0	0.598,1.0	0.201
9	0,0	35,27	4,0	54,55	298	149	1	1.0	0.0,0.0	0.036,0.0	-0.018
12	34,53	8,0	53,50	0,0	283	149	1	1.0	0.691,1.0	1.0,1.0	-0.155
13	6,10	4,2	16,14	2,5	298	149	0.884554946695	1.0	0.429,0.714	0.8,0.583	-0.12
14	4,16	11,2	2,4	0,0	242	149	0.0160333474897	0.2979735964239631	0.183,0.831	1.0,1.0	-0.493
19	0,0	38,29	6,4	18,45	298	149	1	1.0	0.0,0.0	0.143,0.043	-0.093
20	64,57	16,4	93,47	0,12	170	149	1	1.0	0.778,0.926	1.0,0.774	-0.035
21	12,16	16,4	23,6	0,12	236	149	0.521424179627	1.0	0.321,0.716	1.0,0.24	-0.102
22	2,0	54,41	0,0	70,41	215	149	1	1.0	0.025,0.0	0.0,0.0	0.013
23	43,38	0,5	31,49	0,0	298	149	1	1.0	1.0,0.792	1.0,1.0	-0.104
26	4,0	35,74	0,0	93,137	293	149	1	1.0	0.055,0.0	0.0,0.0	0.028
28	87,71	0,2	68,68	0,0	298	149	1	1.0	1.0,0.947	1.0,1.0	-0.026
29	403,357	4,2	387,473	0,0	161	149	1	1.0	0.989,0.994	1.0,1.0	-0.008
30	6,0	9,8	2,0	5,10	179	149	0.93216882807	1.0	0.357,0.0	0.25,0.0	0.053
31	0,4	16,19	0,4	29,16	298	149	1	1.0	0.0,0.095	0.0,0.111	-0.008
32	0,0	46,47	6,2	70,32	188	149	1	1.0	0.0,0.0	0.064,0.047	-0.056
33	0,4	18,9	4,2	39,13	298	149	1	1.0	0.0,0.182	0.049,0.071	0.031
34	0,2	15,27	2,0	47,31	298	149	1	1.0	0.0,0.036	0.021,0.0	0.007
35	5,1	44,41	0,4	21,38	161	149	1	1.0	0.095,0.022	0.0,0.089	0.014
36	36,26	2,0	48,28	8,14	298	149	0.0017462931294	0.05859783611986666	0.9,1.0	0.75,0.5	0.325
37	0,2	160,115	1,0	109,109	188	149	1	1.0	0.0,0.014	0.007,0.0	0.004
38	15,6	8,0	35,25	2,0	268	149	0.215969693133	1.0	0.51,1.0	0.907,1.0	-0.199
39	109,70	8,8	91,91	3,0	161	149	1	1.0	0.927,0.89	0.966,1.0	-0.074
41	1,0	13,32	0,2	9,41	298	149	1	1.0	0.037,0.0	0.0,0.024	0.006
42	0,8	68,57	4,0	75,64	177	149	1	1.0	0.0,0.106	0.043,0.0	0.032
43	11,23	55,67	32,29	62,76	298	149	1	1.0	0.091,0.146	0.205,0.16	-0.064
44	2,2	115,57	0,0	98,123	157	149	1	1.0	0.016,0.032	0.0,0.0	0.024
46	44,23	2,0	44,66	0,0	167	149	1	1.0	0.952,1.0	1.0,1.0	-0.024
48	0,1	0,3	2,1	3,0	221	149	1	1.0	NA,0.183	0.31,1.0	-0.472
49	57,34	0,0	59,88	0,2	170	149	1	1.0	1.0,1.0	1.0,0.975	0.012
50	27,43	0,0	55,55	0,4	298	149	1	1.0	1.0,1.0	1.0,0.873	0.064
51	2,2	36,14	20,2	21,19	268	149	0.346651936223	1.0	0.03,0.074	0.346,0.055	-0.148
52	100,111	4,0	134,143	12,1	298	149	1	1.0	0.926,1.0	0.848,0.986	0.046
53	5,0	106,77	0,0	92,100	298	149	1	1.0	0.023,0.0	0.0,0.0	0.011
55	6,0	71,87	0,0	78,62	151	149	1	1.0	0.077,0.0	0.0,0.0	0.038
56	4,16	22,40	10,8	59,43	204	149	1	1.0	0.117,0.226	0.11,0.12	0.057
57	6,12	4,12	15,8	15,0	204	149	0.385260309717	1.0	0.523,0.422	0.422,1.0	-0.238
58	0,4	356,281	2,4	301,299	298	149	1	1.0	0.0,0.007	0.003,0.007	-0.002
59	15,18	0,0	13,14	6,3	169	149	0.0532975114255	0.715371042244489	1.0,1.0	0.656,0.804	0.27
60	6,8	0,0	8,4	0,4	153	149	1	1.0	1.0,1.0	1.0,0.493	0.254
61	4,3	5,12	8,4	20,6	161	149	1	1.0	0.425,0.188	0.27,0.382	-0.02
62	32,22	2,0	30,33	0,0	190	149	1	1.0	0.926,1.0	1.0,1.0	-0.037
63	7,12	17,17	4,2	62,29	167	149	0.00600714183132	0.15775276809205566	0.269,0.386	0.054,0.058	0.272
65	2,4	24,28	10,0	54,37	298	149	1	1.0	0.04,0.067	0.085,0.0	0.011
66	6,7	4,13	0,4	10,13	233	149	0.102117851667	1.0	0.49,0.256	0.0,0.164	0.291
68	0,0	2,0	0,6	0,0	298	149	1	1.0	0.0,NA	NA,1.0	-1.0
70	16,16	4,0	7,12	6,10	298	149	0.00643849741102	0.16548308239387574	0.667,1.0	0.368,0.375	0.462
71	8,11	405,381	6,14	470,514	153	149	1	1.0	0.019,0.027	0.012,0.026	0.004
72	0,6	8,8	2,5	0,26	177	149	0.479919901753	1.0	0.0,0.387	1.0,0.139	-0.376
73	8,11	6,0	0,26	2,2	278	149	0.492955777684	1.0	0.417,1.0	0.0,0.874	0.272
74	2,0	2,0	6,0	2,0	181	149	1	1.0	0.452,NA	0.712,NA	-0.26
76	9,3	430,408	1,12	415,556	153	149	1	1.0	0.02,0.007	0.002,0.021	0.002
77	106,72	0,4	162,151	7,0	298	149	1	1.0	1.0,0.9	0.92,1.0	-0.01
78	6,4	219,180	3,12	251,292	152	149	1	1.0	0.026,0.021	0.012,0.039	-0.002
80	0,0	78,39	2,2	66,124	298	149	1	1.0	0.0,0.0	0.015,0.008	-0.011
81	2,0	2,4	1,2	8,0	167	149	0.312090316767	1.0	0.472,0.0	0.1,1.0	-0.314
82	2,8	2,4	14,6	8,0	209	149	0.594287669179	1.0	0.416,0.588	0.555,1.0	-0.276
84	217,211	0,4	292,355	0,0	189	149	1	1.0	1.0,0.977	1.0,1.0	-0.012
85	29,29	0,4	26,38	0,6	298	149	1	1.0	1.0,0.784	1.0,0.76	0.012
89	0,6	14,19	0,0	23,18	155	149	1	1.0	0.0,0.233	0.0,0.0	0.117
91	2,0	9,2	0,2	2,2	206	149	1	1.0	0.138,0.0	0.0,0.42	-0.141
92	0,0	61,65	1,0	58,59	242	149	1	1.0	0.0,0.0	0.011,0.0	-0.005
93	49,28	0,2	26,36	0,2	191	149	1	1.0	1.0,0.916	1.0,0.934	-0.009
95	33,46	0,4	54,69	0,0	271	149	1	1.0	1.0,0.863	1.0,1.0	-0.069
96	38,74	8,0	50,97	0,0	272	149	1	1.0	0.722,1.0	1.0,1.0	-0.139
97	15,14	396,388	49,33	469,523	298	149	1	1.0	0.019,0.018	0.05,0.031	-0.022
98	34,88	10,0	45,100	2,0	298	149	1	1.0	0.63,1.0	0.918,1.0	-0.144
99	2,0	10,6	2,2	22,26	169	149	1	1.0	0.15,0.0	0.074,0.064	0.006
101	222,189	0,0	244,272	0,2	176	149	1	1.0	1.0,1.0	1.0,0.991	0.004
102	6,0	6,3	4,0	4,7	171	149	1	1.0	0.466,0.0	0.466,0.0	0.0
103	0,10	47,32	0,6	43,48	154	149	1	1.0	0.0,0.232	0.0,0.108	0.062
104	2,0	418,507	2,7	546,598	298	149	1	1.0	0.002,0.0	0.002,0.006	-0.003
107	4,0	10,3	2,10	10,8	165	149	0.518074577894	1.0	0.265,0.0	0.153,0.53	-0.209
108	2,0	16,14	0,4	32,26	231	149	1	1.0	0.075,0.0	0.0,0.09	-0.007
110	2,0	567,448	0,12	496,615	298	149	1	1.0	0.002,0.0	0.0,0.01	-0.004
111	5,8	0,2	14,6	0,2	297	149	1	1.0	1.0,0.667	1.0,0.601	0.033
112	2,4	0,12	13,10	10,4	298	149	1	1.0	1.0,0.143	0.394,0.556	0.096
113	49,38	2,0	39,58	0,0	174	149	1	1.0	0.955,1.0	1.0,1.0	-0.022
116	10,13	0,0	8,12	0,4	163	149	1	1.0	1.0,1.0	1.0,0.733	0.133
117	4,4	34,18	8,10	16,41	160	149	1	1.0	0.099,0.171	0.318,0.185	-0.116
119	17,8	28,35	15,12	69,104	298	149	1	1.0	0.233,0.103	0.098,0.055	0.092
120	226,268	0,0	234,367	4,0	298	149	1	1.0	1.0,1.0	0.967,1.0	0.016
121	4,1	133,114	7,9	160,158	298	149	1	1.0	0.015,0.004	0.021,0.028	-0.015
122	3,0	27,8	6,10	7,16	285	149	0.0255512862811	0.39571735676370257	0.055,0.0	0.309,0.246	-0.25
123	83,106	0,0	82,128	4,2	153	149	1	1.0	1.0,1.0	0.952,0.984	0.032
126	0,0	10,4	6,2	6,4	245	149	0.048755922951	0.6848506386605582	0.0,0.0	0.378,0.233	-0.305
128	2,0	166,142	6,2	165,210	298	149	1	1.0	0.006,0.0	0.018,0.005	-0.009
129	61,105	24,36	53,72	61,143	214	149	6.7120440902e-06	0.0005405432840641066	0.639,0.67	0.377,0.26	0.336
130	18,5	11,10	7,5	16,8	298	149	0.743335517503	1.0	0.45,0.2	0.179,0.238	0.117
132	4,2	24,11	10,14	8,18	249	149	0.0173823130468	0.30431643710919426	0.091,0.098	0.428,0.318	-0.278
133	20,2	16,41	2,8	59,35	158	149	0.745848583121	1.0	0.541,0.044	0.031,0.177	0.189
135	0,2	2,10	0,0	8,14	298	149	1	1.0	0.0,0.091	0.0,0.0	0.045
136	0,12	4,6	2,3	0,6	298	149	0.652537724103	1.0	0.0,0.5	1.0,0.2	-0.35
137	2,8	208,169	0,8	224,265	298	149	1	1.0	0.005,0.023	0.0,0.015	0.007
138	10,1	254,248	4,6	305,354	180	149	1	1.0	0.032,0.003	0.011,0.014	0.005
140	2,5	15,16	9,18	11,24	298	149	0.162737271396	1.0	0.062,0.135	0.29,0.273	-0.183
142	44,11	4,6	39,31	17,33	173	149	0.125442184213	1.0	0.905,0.612	0.664,0.447	0.203
143	6,0	832,766	2,0	757,743	298	149	1	1.0	0.004,0.0	0.001,0.0	0.002
145	242,208	0,0	273,412	4,0	258	149	1	1.0	1.0,1.0	0.975,1.0	0.012
146	2,15	2,12	4,16	2,4	230	149	0.206613992287	1.0	0.393,0.447	0.564,0.722	-0.223
147	9,2	2,0	0,6	0,0	177	149	1	1.0	0.791,1.0	NA,1.0	-0.105
149	38,48	12,14	42,75	34,12	298	149	1	1.0	0.613,0.632	0.382,0.758	0.052
151	0,0	2,0	2,0	0,0	243	149	1	1.0	0.0,NA	1.0,NA	-1.0
152	0,0	133,192	6,0	217,207	298	149	1	1.0	0.0,0.0	0.014,0.0	-0.007
153	2,0	133,192	6,0	217,207	298	149	1	1.0	0.007,0.0	0.014,0.0	-0.004
154	8,2	1,0	8,10	0,8	298	149	0.270766341628	1.0	0.8,1.0	1.0,0.385	0.208
155	1,2	2,0	12,0	2,0	191	149	1	1.0	0.281,1.0	0.824,NA	-0.183
156	14,21	0,6	71,33	8,5	159	149	1	1.0	1.0,0.766	0.893,0.861	0.006
158	2,1	0,10	19,7	19,3	175	149	1	1.0	1.0,0.078	0.46,0.665	-0.023
159	765,700	0,0	1011,930	0,6	215	149	1	1.0	1.0,1.0	1.0,0.991	0.004
160	20,17	8,2	26,35	12,4	161	149	1	1.0	0.698,0.887	0.667,0.89	0.014
161	2,12	0,4	15,16	0,0	169	149	1	1.0	1.0,0.726	1.0,1.0	-0.137
163	0,0	2,4	10,2	0,6	253	149	0.0206599702956	0.34134309983	0.0,0.0	1.0,0.164	-0.582
164	0,0	6,4	3,0	8,10	161	149	1	1.0	0.0,0.0	0.258,0.0	-0.129
166	2,2	0,4	9,8	8,0	154	149	1	1.0	1.0,0.326	0.521,1.0	-0.097
167	6,2	19,22	39,29	6,0	298	149	3.09963166245e-12	9.360887620599e-10	0.136,0.043	0.765,1.0	-0.793
168	6,6	19,22	47,29	6,0	298	149	2.67519340014e-12	9.360887620599e-10	0.136,0.12	0.797,1.0	-0.771
171	14,24	0,2	28,37	0,0	298	149	1	1.0	1.0,0.857	1.0,1.0	-0.072
172	49,39	29,18	54,46	7,11	171	149	0.057074063423	0.7576425122525714	0.596,0.654	0.87,0.785	-0.203
174	9304,9126	73,52	14937,16495	113,138	251	149	1	1.0	0.987,0.99	0.987,0.986	0.002
176	2,6	138,85	3,2	93,85	168	149	1	1.0	0.013,0.059	0.028,0.02	0.012
177	10,13	22,33	11,19	38,35	225	149	1	1.0	0.231,0.207	0.161,0.264	0.006
178	146,92	22,33	101,102	38,35	206	149	1	1.0	0.828,0.668	0.658,0.678	0.08
179	2,2	16,16	6,6	14,20	163	149	0.445004691689	1.0	0.103,0.103	0.281,0.215	-0.145
181	6,9	75,67	16,15	59,62	187	149	1	1.0	0.06,0.097	0.178,0.162	-0.091
182	6,1	119,88	6,5	119,169	298	149	1	1.0	0.025,0.006	0.025,0.015	-0.005
183	4,2	231,167	4,5	421,341	152	149	1	1.0	0.017,0.012	0.009,0.014	0.003
184	8,23	0,0	12,15	2,10	206	149	0.0080266226884	0.19301608331372863	1.0,1.0	0.813,0.52	0.334
185	35,33	0,0	45,54	2,10	260	149	0.377079435102	1.0	1.0,1.0	0.928,0.756	0.158
186	35,29	0,6	53,46	8,0	203	149	1	1.0	1.0,0.78	0.829,1.0	-0.024
187	2,8	2,0	9,23	0,0	298	149	1	1.0	0.333,1.0	1.0,1.0	-0.334
188	2,8	2,0	9,4	4,4	170	149	0.123403512384	1.0	0.467,1.0	0.664,0.467	0.168
189	38,27	5,4	56,38	10,8	298	149	1	1.0	0.792,0.771	0.737,0.704	0.061
190	40,21	5,4	53,42	10,8	278	149	1	1.0	0.811,0.738	0.74,0.738	0.035
191	36,61	2,2	92,80	0,0	166	149	1	1.0	0.942,0.965	1.0,1.0	-0.046
192	6,10	6,14	0,8	0,12	164	149	1	1.0	0.476,0.394	NA,0.377	0.058
195	55,40	36,35	63,47	37,28	264	149	1	1.0	0.463,0.392	0.49,0.486	-0.06
196	18,24	51,46	12,15	57,73	182	149	0.729151563639	1.0	0.224,0.299	0.147,0.144	0.116
200	4,8	23,37	8,10	25,35	179	149	1	1.0	0.126,0.153	0.21,0.192	-0.061
201	0,6	14,15	1,4	14,20	177	149	1	1.0	0.0,0.252	0.057,0.144	0.026
202	66,25	80,59	26,26	135,115	194	149	0.0722763909443	0.9001018583578804	0.388,0.246	0.129,0.148	0.178
203	44,24	175,157	28,30	251,169	194	149	1	1.0	0.162,0.105	0.079,0.12	0.034
204	138,169	6,5	206,220	18,18	162	149	1	1.0	0.955,0.969	0.913,0.918	0.046
205	7,8	297,274	13,12	415,499	153	149	1	1.0	0.022,0.028	0.03,0.023	-0.001
206	1,2	2,1	7,4	4,10	153	149	1	1.0	0.327,0.661	0.63,0.28	0.039
210	30,46	2,0	57,46	0,0	275	149	1	1.0	0.89,1.0	1.0,1.0	-0.055
211	49,46	141,125	82,93	116,190	157	149	0.933069885526	1.0	0.248,0.259	0.402,0.317	-0.106
212	19,18	0,4	14,7	2,0	298	149	1	1.0	1.0,0.692	0.778,1.0	-0.043
213	99,116	0,8	161,164	0,0	179	149	1	1.0	1.0,0.923	1.0,1.0	-0.038
214	4,5	2,0	8,13	4,6	164	149	0.118366331177	1.0	0.645,1.0	0.645,0.663	0.168
216	81,50	2,0	48,75	0,0	179	149	1	1.0	0.971,1.0	1.0,1.0	-0.014
218	0,5	14,24	2,6	19,6	298	149	1	1.0	0.0,0.094	0.05,0.333	-0.145
219	26,3	2,0	19,18	0,2	154	149	1	1.0	0.926,1.0	1.0,0.897	0.015
220	4,12	110,118	12,52	159,136	160	149	1	1.0	0.033,0.087	0.066,0.263	-0.105
222	2,0	6,4	0,2	0,14	163	149	1	1.0	0.234,0.0	NA,0.116	0.001
223	10,0	81,51	1,3	97,94	298	149	1	1.0	0.058,0.0	0.005,0.016	0.019
224	0,0	15,26	1,0	22,43	298	149	1	1.0	0.0,0.0	0.022,0.0	-0.011
226	21,24	2,0	35,26	0,0	174	149	1	1.0	0.9,1.0	1.0,1.0	-0.05
227	4,0	70,107	4,0	82,79	289	149	1	1.0	0.029,0.0	0.025,0.0	0.002
228	7,2	115,140	9,8	127,127	298	149	1	1.0	0.03,0.007	0.034,0.031	-0.014
229	4,2	115,140	6,8	127,127	298	149	1	1.0	0.017,0.007	0.023,0.031	-0.015
230	5,2	7,2	0,7	3,2	225	149	0.948518500358	1.0	0.321,0.398	0.0,0.699	0.01
232	0,4	63,60	0,1	31,82	176	149	1	1.0	0.0,0.053	0.0,0.01	0.021
233	6,4	0,0	15,14	0,4	204	149	1	1.0	1.0,1.0	1.0,0.719	0.141
235	4,6	18,18	11,16	18,16	298	149	0.31989206809	1.0	0.1,0.143	0.234,0.333	-0.162
236	0,0	11,3	0,2	0,2	298	149	1	1.0	0.0,0.0	NA,0.333	-0.333
241	18,32	771,862	26,24	923,1008	298	149	1	1.0	0.012,0.018	0.014,0.012	0.002
243	24,27	16,18	4,26	32,24	298	149	0.0884908389892	1.0	0.429,0.429	0.059,0.351	0.224
244	14,0	41,66	12,19	102,114	173	149	1	1.0	0.227,0.0	0.092,0.126	0.005
245	1,2	8,24	7,4	14,6	298	149	0.245731376872	1.0	0.059,0.04	0.2,0.25	-0.175
246	6,10	76,75	6,15	119,93	166	149	1	1.0	0.066,0.107	0.043,0.126	0.002
247	132,137	0,4	132,123	0,4	209	149	1	1.0	1.0,0.961	1.0,0.956	0.002
248	6,0	4,9	2,4	2,6	298	149	0.59346237171	1.0	0.429,0.0	0.333,0.25	-0.077
249	33,44	170,179	54,60	220,218	298	149	1	1.0	0.088,0.109	0.109,0.121	-0.016
252	124,98	6,4	153,207	20,4	199	149	1	1.0	0.939,0.948	0.851,0.975	0.03
253	5,19	118,85	15,22	126,117	298	149	1	1.0	0.021,0.101	0.056,0.086	-0.01
257	1,0	48,51	0,2	89,72	288	149	1	1.0	0.011,0.0	0.0,0.014	-0.002
258	0,1	2,2	2,4	0,0	298	149	1.06693770496e-06	9.914313443012923e-05	0.0,0.2	1.0,1.0	-0.9
259	6,6	2,0	27,28	4,0	298	149	1	1.0	0.6,1.0	0.771,1.0	-0.085
260	2,5	2,0	4,4	4,0	298	149	0.69506933849	1.0	0.333,1.0	0.333,1.0	0.0
261	6,12	6,5	10,2	25,24	298	149	0.0215218147158	0.3417706412417662	0.333,0.545	0.167,0.04	0.336
262	2,5	2,0	2,4	4,0	298	149	0.595464725178	1.0	0.333,1.0	0.2,1.0	0.067
263	4,8	6,5	4,2	25,24	206	149	0.0171038306009	0.30431643710919426	0.325,0.536	0.104,0.057	0.35
264	8,8	2,4	6,0	0,0	298	149	1	1.0	0.667,0.5	1.0,NA	-0.416
265	32,58	0,6	58,30	0,0	298	149	1	1.0	1.0,0.829	1.0,1.0	-0.086
268	0,0	12,14	6,0	19,45	212	149	1	1.0	0.0,0.0	0.182,0.0	-0.091
269	0,4	18,20	2,0	10,16	153	149	1	1.0	0.0,0.163	0.163,0.0	0.0
271	2,0	120,84	2,2	139,171	298	149	1	1.0	0.008,0.0	0.007,0.006	-0.003
274	210,220	0,10	185,203	6,10	298	149	1	1.0	1.0,0.917	0.939,0.91	0.034
276	1,2	44,40	0,0	29,41	197	149	1	1.0	0.017,0.036	0.0,0.0	0.026
277	0,0	24,10	2,0	9,17	298	149	1	1.0	0.0,0.0	0.1,0.0	-0.05
285	14,2	286,222	1,5	291,370	298	149	1	1.0	0.024,0.004	0.002,0.007	0.009
287	2,0	16,15	3,8	26,36	298	149	1	1.0	0.059,0.0	0.055,0.1	-0.048
289	13,4	141,92	27,19	144,118	175	149	1	1.0	0.073,0.036	0.138,0.121	-0.075
291	0,0	74,42	4,4	31,67	298	149	1	1.0	0.0,0.0	0.061,0.029	-0.045
292	0,4	37,26	0,8	64,55	180	149	1	1.0	0.0,0.113	0.0,0.107	0.003
294	126,127	8,0	198,156	0,4	153	149	1	1.0	0.939,1.0	1.0,0.974	-0.017
295	2,0	34,29	11,14	9,43	259	149	0.0155222665357	0.2931758126286625	0.033,0.0	0.413,0.158	-0.269
297	4,4	0,0	8,13	2,0	298	149	1	1.0	1.0,1.0	0.667,1.0	0.166
298	165,191	58,27	127,185	27,84	298	149	1	1.0	0.587,0.78	0.702,0.524	0.071
299	19,8	17,3	2,10	12,15	153	149	0.102324430501	1.0	0.521,0.722	0.14,0.394	0.354
300	39,30	4,8	39,60	8,0	298	149	0.713432070546	1.0	0.83,0.652	0.709,1.0	-0.114
302	0,0	0,2	5,2	0,0	298	149	1	1.0	NA,0.0	1.0,1.0	-1.0
306	130,137	4,8	138,146	58,52	171	149	1.77580364635e-07	1.9501552770825456e-05	0.966,0.937	0.675,0.71	0.259
308	0,4	20,4	10,3	9,52	298	149	1	1.0	0.0,0.333	0.357,0.028	-0.026
309	18,7	161,144	26,28	219,197	180	149	1	1.0	0.085,0.039	0.089,0.105	-0.035
310	16,3	0,0	40,21	0,2	298	149	1	1.0	1.0,1.0	1.0,0.84	0.08
311	163,144	0,0	235,197	0,2	298	149	1	1.0	1.0,1.0	1.0,0.98	0.01
312	95,115	2,4	197,186	4,14	298	149	1	1.0	0.96,0.935	0.961,0.869	0.032
313	1170,1236	17,10	1379,1479	14,10	185	149	1	1.0	0.982,0.99	0.988,0.992	-0.004
314	5,2	6,6	8,20	30,13	298	149	1	1.0	0.294,0.143	0.118,0.435	-0.058
316	14,2	74,68	20,6	133,129	154	149	1	1.0	0.155,0.028	0.127,0.043	0.007
317	58,81	12,20	76,95	15,16	202	149	1	1.0	0.781,0.749	0.789,0.814	-0.036
318	24,12	0,0	26,15	0,2	298	149	1	1.0	1.0,1.0	1.0,0.789	0.105
319	2,0	8,32	8,0	4,24	195	149	0.892628955058	1.0	0.16,0.0	0.604,0.0	-0.222
320	42,60	96,115	68,94	156,125	298	149	1	1.0	0.179,0.207	0.179,0.273	-0.033
322	52,59	4,1	58,60	0,2	181	149	1	1.0	0.915,0.98	1.0,0.961	-0.033
324	74,47	0,0	47,54	0,2	298	149	1	1.0	1.0,1.0	1.0,0.931	0.034
325	126,110	4,2	178,154	4,9	298	149	1	1.0	0.94,0.965	0.957,0.895	0.026
326	18,0	10,2	4,7	2,2	298	149	0.333343139399	1.0	0.474,0.0	0.5,0.636	-0.331
327	3,4	32,39	21,4	31,61	160	149	1	1.0	0.08,0.087	0.387,0.058	-0.139
330	8,4	6,41	1,16	15,30	157	149	1	1.0	0.559,0.085	0.06,0.336	0.124
331	6,0	38,24	6,0	71,53	207	149	1	1.0	0.102,0.0	0.057,0.0	0.022
332	347,305	0,1	462,481	2,2	248	149	1	1.0	1.0,0.995	0.993,0.993	0.005
333	26,28	274,305	47,43	320,456	298	149	1	1.0	0.045,0.044	0.068,0.045	-0.012
336	4,2	20,17	6,10	44,37	298	149	1	1.0	0.091,0.056	0.064,0.119	-0.018
337	2,13	41,37	14,14	19,29	161	149	0.129565979912	1.0	0.043,0.245	0.405,0.309	-0.213
340	8,2	4,2	10,16	2,10	298	149	0.958496675162	1.0	0.5,0.333	0.714,0.444	-0.162
343	0,0	155,117	0,2	154,126	182	149	1	1.0	0.0,0.0	0.0,0.013	-0.006
347	0,2	0,0	6,0	4,0	298	149	1	1.0	NA,1.0	0.429,NA	0.571
348	38,26	0,0	31,40	0,3	166	149	1	1.0	1.0,1.0	1.0,0.923	0.038
349	0,0	28,15	0,2	25,24	224	149	1	1.0	0.0,0.0	0.0,0.053	-0.026
350	2,13	6,2	4,14	6,14	298	149	0.90376139823	1.0	0.143,0.765	0.25,0.333	0.163
351	0,0	6,28	0,6	8,6	154	149	0.57246564092	1.0	0.0,0.0	0.0,0.492	-0.246
353	454,488	2,6	462,505	2,4	194	149	1	1.0	0.994,0.984	0.994,0.99	-0.003
354	2,0	4,4	4,0	0,14	220	149	0.70620078721	1.0	0.253,0.0	1.0,0.0	-0.373
355	195,186	5,7	308,419	18,18	194	149	1	1.0	0.968,0.953	0.929,0.947	0.022
356	4,0	62,46	6,8	56,86	298	149	1	1.0	0.031,0.0	0.051,0.044	-0.032
359	22,27	0,0	46,64	0,11	164	149	1	1.0	1.0,1.0	1.0,0.841	0.08
361	71,24	4,4	60,75	0,4	227	149	1	1.0	0.921,0.798	1.0,0.925	-0.103
363	14,23	107,129	15,18	120,119	298	149	1	1.0	0.061,0.082	0.059,0.07	0.007
365	109,60	6,2	90,93	2,6	192	149	1	1.0	0.934,0.959	0.972,0.923	-0.001
366	50,48	76,57	61,85	20,30	153	149	1.70986711178e-05	0.0011475108172390221	0.391,0.451	0.748,0.734	-0.32
367	2,8	69,30	7,0	26,52	298	149	1	1.0	0.014,0.118	0.119,0.0	0.007
369	4,2	46,22	7,0	58,74	298	149	1	1.0	0.042,0.043	0.057,0.0	0.014
370	0,0	4,8	0,3	2,4	161	149	1	1.0	0.0,0.0	0.0,0.41	-0.205
371	101,144	4,2	77,91	69,52	155	149	1.11022302463e-15	6.7057470687652e-13	0.96,0.986	0.518,0.627	0.4
372	74,41	7,2	34,37	8,10	180	149	0.370359782788	1.0	0.897,0.944	0.779,0.754	0.154
373	143,114	2,0	165,233	0,1	297	149	1	1.0	0.973,1.0	1.0,0.992	-0.01
375	85,55	0,0	59,61	6,0	158	149	1	1.0	1.0,1.0	0.903,1.0	0.048
377	0,0	40,45	0,1	50,63	298	149	1	1.0	0.0,0.0	0.0,0.008	-0.004
378	6,0	45,30	0,0	59,70	298	149	1	1.0	0.062,0.0	0.0,0.0	0.031
379	0,0	778,660	6,0	957,1008	153	149	1	1.0	0.0,0.0	0.006,0.0	-0.003
380	15,6	14,17	24,28	16,26	170	149	0.525687139007	1.0	0.484,0.236	0.568,0.486	-0.167
382	59,54	82,77	44,59	98,84	152	149	1	1.0	0.414,0.407	0.306,0.408	0.053
384	0,0	28,62	0,6	35,79	298	149	1	1.0	0.0,0.0	0.0,0.037	-0.018
385	4,2	51,40	11,13	53,48	178	149	0.616089730262	1.0	0.062,0.04	0.148,0.185	-0.115
387	0,5	169,242	15,13	273,232	298	149	1	1.0	0.0,0.01	0.027,0.027	-0.022
389	76,102	4,2	95,62	2,9	176	149	1	1.0	0.941,0.977	0.976,0.854	0.044
390	12,12	46,68	6,7	52,87	167	149	1	1.0	0.189,0.136	0.093,0.067	0.083
392	2,3	8,8	2,0	36,19	298	149	1	1.0	0.111,0.158	0.027,0.0	0.121
393	66,39	20,32	49,94	20,12	241	149	0.430574963366	1.0	0.671,0.43	0.602,0.829	-0.165
394	1,0	25,41	0,0	26,47	298	149	1	1.0	0.02,0.0	0.0,0.0	0.01
395	25,43	0,0	30,51	2,0	298	149	1	1.0	1.0,1.0	0.882,1.0	0.059
396	8,35	2,7	36,35	8,7	208	149	1	1.0	0.741,0.782	0.763,0.782	-0.011
398	16,21	0,0	16,8	0,2	188	149	1	1.0	1.0,1.0	1.0,0.76	0.12
400	0,2	218,219	4,2	184,228	298	149	1	1.0	0.0,0.005	0.011,0.004	-0.005
401	652,710	0,0	779,783	2,5	152	149	1	1.0	1.0,1.0	0.997,0.994	0.004
402	17,58	0,6	36,33	0,2	298	149	1	1.0	1.0,0.829	1.0,0.892	-0.031
403	295,210	14,8	261,324	8,9	215	149	1	1.0	0.936,0.948	0.958,0.961	-0.018
404	233,235	2,2	247,308	0,0	152	149	1	1.0	0.991,0.991	1.0,1.0	-0.009
405	9,0	107,78	0,6	91,164	298	149	1	1.0	0.04,0.0	0.0,0.018	0.011
407	0,4	0,0	15,4	16,20	152	149	1	1.0	NA,1.0	0.479,0.164	0.678
408	0,6	24,27	0,0	48,17	298	149	1	1.0	0.0,0.1	0.0,0.0	0.05
410	172,91	0,0	146,228	6,0	153	149	1	1.0	1.0,1.0	0.96,1.0	0.02
411	147,119	0,0	142,172	0,2	298	149	1	1.0	1.0,1.0	1.0,0.977	0.012
412	14,14	120,192	14,10	194,185	298	149	1	1.0	0.055,0.035	0.035,0.026	0.014
413	24,23	7255,7325	28,24	8965,9924	212	149	1	1.0	0.002,0.002	0.002,0.002	0.0
414	965,877	0,0	1331,1378	2,0	185	149	1	1.0	1.0,1.0	0.998,1.0	0.001
416	3,26	12,4	17,15	15,18	152	149	1	1.0	0.197,0.864	0.526,0.45	0.042
417	0,2	645,759	0,0	689,733	197	149	1	1.0	0.0,0.002	0.0,0.0	0.001
418	125,79	354,303	155,146	450,426	152	149	1	1.0	0.257,0.204	0.252,0.251	-0.021
419	2,0	582,558	4,2	680,762	172	149	1	1.0	0.003,0.0	0.005,0.002	-0.002
420	8,20	0,0	14,9	0,2	252	149	1	1.0	1.0,1.0	1.0,0.727	0.137
421	4,6	0,0	21,14	0,2	298	149	1	1.0	1.0,1.0	1.0,0.778	0.111
422	7,4	6,18	28,14	14,9	298	149	0.0592738336751	0.7671343056232937	0.368,0.1	0.5,0.437	-0.235
424	10,6	27,13	10,10	6,1	203	149	0.00561960936519	0.1542838207533982	0.214,0.253	0.55,0.88	-0.482
426	42,15	0,2	15,27	0,0	298	149	1	1.0	1.0,0.789	1.0,1.0	-0.105
427	0,2	14508,13947	2,11	16109,16632	153	149	1	1.0	0.0,0.0	0.0,0.001	-0.001
429	0,4	1,0	10,2	0,0	298	149	1	1.0	0.0,1.0	1.0,1.0	-0.5
431	29,17	0,6	37,12	0,2	298	149	0.729947830713	1.0	1.0,0.586	1.0,0.75	-0.082
432	67,72	0,0	77,47	0,1	298	149	1	1.0	1.0,1.0	1.0,0.959	0.02
433	4,11	8,7	0,0	4,20	172	149	0.000275359077025	0.011470129829179311	0.302,0.577	0.0,0.0	0.44
439	0,0	491,504	2,0	688,813	298	149	1	1.0	0.0,0.0	0.001,0.0	-0.001
443	12,2	14,34	7,2	17,25	298	149	1	1.0	0.3,0.029	0.171,0.038	0.06
444	10,2	9,1	8,16	1,4	223	149	0.0847036696426	1.0	0.426,0.572	0.842,0.728	-0.286
445	24,11	4,10	10,10	4,9	209	149	0.919111307294	1.0	0.811,0.44	0.641,0.442	0.084
447	5,0	2,2	0,13	0,10	298	149	1	1.0	0.556,0.0	NA,0.394	-0.116
451	15,30	4,10	52,27	7,28	164	149	1	1.0	0.773,0.732	0.871,0.467	0.083
453	4084,3742	703,781	4621,4783	872,935	167	149	1	1.0	0.838,0.81	0.825,0.82	0.002
454	4055,3717	11,11	4599,4759	0,0	167	149	1	1.0	0.997,0.997	1.0,1.0	-0.003
455	6110,5627	11,11	6936,6978	0,0	188	149	1	1.0	0.998,0.998	1.0,1.0	-0.002
456	2055,1912	0,0	2339,2223	2,0	170	149	1	1.0	1.0,1.0	0.999,1.0	0.0
457	3029,2997	0,0	3772,3559	4,2	170	149	1	1.0	1.0,1.0	0.999,0.999	0.001
458	6,0	43,55	0,4	104,46	162	149	1	1.0	0.114,0.0	0.0,0.074	0.02
459	4,0	8,2	10,2	6,6	162	149	0.364764328048	1.0	0.315,0.0	0.605,0.235	-0.262
460	0,3	13,37	0,0	41,31	298	149	1	1.0	0.0,0.039	0.0,0.0	0.019
461	16,10	21,10	6,2	14,2	170	149	0.69268054558	1.0	0.4,0.467	0.273,0.467	0.064
462	279,259	0,2	305,353	2,1	189	149	1	1.0	1.0,0.99	0.992,0.996	0.001
463	8,0	4,6	0,2	3,12	298	149	0.766779432775	1.0	0.5,0.0	0.0,0.077	0.211
466	4,9	18,4	5,6	7,20	298	149	1	1.0	0.1,0.529	0.263,0.13	0.118
467	4,8	4,6	5,6	6,0	154	149	0.42551468865	1.0	0.492,0.563	0.446,1.0	-0.196
471	80,100	2,8	78,124	2,0	163	149	1	1.0	0.973,0.92	0.973,1.0	-0.04
472	89,125	0,2	94,106	0,0	176	149	1	1.0	1.0,0.981	1.0,1.0	-0.01
473	0,6	0,2	6,4	2,2	196	149	1	1.0	NA,0.695	0.695,0.603	0.046
474	2,3	8,10	0,9	12,17	179	149	1	1.0	0.172,0.2	0.0,0.306	0.033
475	2,4	26,63	9,6	42,50	153	149	1	1.0	0.07,0.058	0.173,0.105	-0.075
477	0,6	0,4	0,0	2,0	219	149	1	1.0	NA,0.505	0.0,NA	0.505
479	915,686	6,0	850,1165	38,29	153	149	1	1.0	0.993,1.0	0.956,0.975	0.031
482	6,5	12,16	12,12	29,15	298	149	1	1.0	0.2,0.135	0.171,0.286	-0.061
483	99,73	0,6	90,75	0,0	298	149	1	1.0	1.0,0.859	1.0,1.0	-0.071
484	4,2	34,33	0,6	43,52	298	149	1	1.0	0.056,0.029	0.0,0.055	0.015
485	4,0	0,2	2,8	0,0	298	149	0.353450902922	1.0	1.0,0.0	1.0,1.0	-0.5
487	0,0	58,79	2,0	48,68	268	149	1	1.0	0.0,0.0	0.023,0.0	-0.011
488	221,191	0,4	263,262	2,14	153	149	1	1.0	1.0,0.979	0.992,0.948	0.02
489	2,2	0,0	0,2	0,2	212	149	1	1.0	1.0,1.0	NA,0.413	0.587
491	8,1	133,176	1,0	252,232	298	149	1	1.0	0.029,0.003	0.002,0.0	0.015
492	2,5	103,110	2,0	179,169	153	149	1	1.0	0.019,0.042	0.011,0.0	0.025
494	14,39	0,0	50,38	2,0	179	149	1	1.0	1.0,1.0	0.954,1.0	0.023
495	26,39	0,2	58,66	0,0	298	149	1	1.0	1.0,0.907	1.0,1.0	-0.046
501	0,2	8,2	10,12	19,20	167	149	0.0894829936625	1.0	0.0,0.472	0.32,0.349	-0.099
502	41,51	4,4	51,61	2,2	253	149	1	1.0	0.858,0.882	0.938,0.947	-0.072
503	4,5	5,8	0,16	4,1	209	149	1	1.0	0.363,0.308	0.0,0.919	-0.124
504	16,6	6,2	8,12	0,1	169	149	0.0155324933843	0.2931758126286625	0.702,0.726	1.0,0.914	-0.243
505	8,2	6,2	8,10	0,1	194	149	0.000285938261368	0.011513780657751467	0.506,0.434	1.0,0.885	-0.473
506	0,2	8,6	2,6	2,8	174	149	0.021785049152	0.3417706412417662	0.0,0.222	0.461,0.391	-0.315
509	11,44	36,15	30,35	36,32	298	149	1	1.0	0.133,0.595	0.294,0.354	0.04
511	10,19	65,48	21,21	136,151	172	149	1	1.0	0.118,0.255	0.118,0.108	0.074
512	6,0	4,6	4,0	0,0	298	149	1	1.0	0.429,0.0	1.0,NA	-0.785
513	4,0	4,6	2,12	0,0	298	149	7.39044703213e-09	1.11595750185163e-06	0.333,0.0	1.0,1.0	-0.834
514	2,0	4,0	0,12	2,0	154	149	1	1.0	0.326,NA	0.0,1.0	-0.174
515	31,26	0,0	20,16	2,0	298	149	1	1.0	1.0,1.0	0.833,1.0	0.084
516	2,0	7,8	4,0	14,22	152	149	1	1.0	0.219,0.0	0.219,0.0	0.0
517	2,12	46,52	18,28	60,48	161	149	0.174690886496	1.0	0.039,0.176	0.217,0.351	-0.176
518	2,0	68,72	4,4	82,57	298	149	1	1.0	0.014,0.0	0.024,0.034	-0.022
523	22,1	30,69	10,0	92,31	164	149	1	1.0	0.4,0.013	0.09,0.0	0.162
526	26,19	39,40	17,16	42,78	167	149	0.508733530484	1.0	0.373,0.298	0.265,0.155	0.126
527	0,0	12,10	0,4	10,8	174	149	1	1.0	0.0,0.0	0.0,0.3	-0.15
528	148,134	15,10	184,231	10,7	271	149	1	1.0	0.844,0.88	0.91,0.948	-0.067
529	301,253	0,0	361,382	2,2	298	149	1	1.0	1.0,1.0	0.989,0.99	0.01
530	1,2	95,67	4,2	84,122	298	149	1	1.0	0.005,0.015	0.023,0.008	-0.005
533	2,0	26,20	0,8	36,4	286	149	1	1.0	0.039,0.0	0.0,0.51	-0.236
534	544,605	2,8	768,683	2,10	194	149	1	1.0	0.995,0.983	0.997,0.981	0.0
535	0,0	1583,1430	0,2	2061,2237	153	149	1	1.0	0.0,0.0	0.0,0.001	-0.001
536	75,133	0,14	124,151	0,0	180	149	1	1.0	1.0,0.887	1.0,1.0	-0.056
538	6,0	4,0	5,6	8,5	160	149	1	1.0	0.583,NA	0.368,0.528	0.135
539	6,0	6,0	9,6	4,0	176	149	1	1.0	0.458,NA	0.656,1.0	-0.37
540	4,0	6,0	12,5	4,0	165	149	1	1.0	0.376,NA	0.73,1.0	-0.489
541	1,6	292,259	8,6	346,339	298	149	1	1.0	0.002,0.011	0.011,0.009	-0.003
542	0,1	2,2	5,2	22,2	298	149	1	1.0	0.0,0.2	0.102,0.333	-0.117
543	16,18	1,4	20,23	23,30	168	149	8.66867239703e-05	0.004552937502440104	0.934,0.8	0.435,0.405	0.447
544	4,0	1,4	2,0	23,30	177	149	0.654649285904	1.0	0.771,0.0	0.068,0.0	0.352
545	0,0	12,18	2,0	20,23	158	149	1	1.0	0.0,0.0	0.086,0.0	-0.043
546	6,2	44,28	12,2	17,47	170	149	1	1.0	0.107,0.059	0.382,0.036	-0.126
547	2,6	16,12	0,10	22,34	167	149	1	1.0	0.1,0.308	0.0,0.208	0.1
548	21,22	6,8	25,27	0,0	298	149	3.24706102363e-05	0.00196122485827252	0.636,0.579	1.0,1.0	-0.393
549	98,68	6,4	116,167	12,13	172	149	1	1.0	0.934,0.936	0.893,0.918	0.03
550	126,117	10,0	146,143	2,0	240	149	1	1.0	0.887,1.0	0.978,1.0	-0.045
551	4,0	0,1	0,2	4,0	262	149	0.702938696593	1.0	1.0,0.0	0.0,1.0	0.0
552	47,48	0,0	95,48	4,0	162	149	1	1.0	1.0,1.0	0.956,1.0	0.022
555	118,59	30,43	136,148	7,15	153	149	0.0120772117045	0.2559521357725614	0.793,0.572	0.95,0.906	-0.245
557	0,2	10,24	4,0	7,14	298	149	1	1.0	0.0,0.04	0.222,0.0	-0.091
558	1,0	41,30	0,0	40,56	298	149	1	1.0	0.012,0.0	0.0,0.0	0.006
559	7,2	41,85	5,5	61,103	166	149	1	1.0	0.133,0.021	0.069,0.042	0.021
561	12,4	518,418	4,24	623,693	298	149	1	1.0	0.011,0.005	0.003,0.017	-0.002
563	0,0	21,33	2,1	20,33	152	149	1	1.0	0.0,0.0	0.089,0.029	-0.059
565	11,0	2,0	13,11	0,0	216	149	1	1.0	0.791,NA	1.0,1.0	-0.209
567	6,14	10,18	13,11	23,25	196	149	1	1.0	0.313,0.372	0.301,0.251	0.067
568	16,2	0,0	4,19	0,2	153	149	1	1.0	1.0,1.0	1.0,0.902	0.049
570	4,12	0,2	8,6	0,0	165	149	1	1.0	1.0,0.844	1.0,1.0	-0.078
571	0,2	2,0	0,4	0,0	298	149	1	1.0	0.0,1.0	NA,1.0	-0.5
572	14,12	68,31	27,20	48,30	298	149	0.703116701635	1.0	0.093,0.162	0.22,0.25	-0.107
574	0,2	8,12	0,6	27,18	298	149	1	1.0	0.0,0.077	0.0,0.143	-0.033
576	1,4	0,2	0,0	5,0	157	149	1	1.0	1.0,0.655	0.0,NA	0.828
577	13,44	0,0	23,25	8,2	166	149	0.352206633611	1.0	1.0,1.0	0.721,0.918	0.18
578	243,236	2,0	198,303	0,2	298	149	1	1.0	0.984,1.0	1.0,0.987	-0.002
580	4,14	130,100	6,12	91,122	298	149	1	1.0	0.015,0.065	0.032,0.047	0.001
583	17,13	39,14	12,8	37,42	298	149	0.781321322414	1.0	0.179,0.317	0.14,0.087	0.135
584	13,12	39,14	8,8	37,42	298	149	1	1.0	0.143,0.3	0.098,0.087	0.129
585	0,0	4,1	0,1	4,0	189	149	1	1.0	0.0,0.0	0.0,1.0	-0.5
588	35,47	1,0	36,49	7,2	164	149	1	1.0	0.97,1.0	0.824,0.957	0.095
590	6,13	4,16	1,18	6,10	153	149	1	1.0	0.594,0.442	0.14,0.637	0.13
591	2,0	6,2	9,2	2,4	153	149	0.0171551389301	0.30431643710919426	0.245,0.0	0.814,0.327	-0.448
592	8,8	8,0	0,6	4,6	170	149	0.0624588219121	0.7942132302085979	0.467,1.0	0.0,0.467	0.5
593	27,26	0,4	15,26	0,0	251	149	1	1.0	1.0,0.794	1.0,1.0	-0.103
594	27,18	0,4	19,26	0,0	230	149	1	1.0	1.0,0.745	1.0,1.0	-0.127
595	0,0	168,135	2,2	124,132	155	149	1	1.0	0.0,0.0	0.015,0.014	-0.014
596	0,6	6,7	2,4	18,23	298	149	1	1.0	0.0,0.3	0.053,0.08	0.083
597	902,811	11,0	1178,1113	8,6	182	149	1	1.0	0.985,1.0	0.992,0.993	0.0
598	0,0	4,2	6,0	2,8	298	149	1	1.0	0.0,0.0	0.6,0.0	-0.3
601	64,58	8,8	52,41	8,14	298	149	0.90018510896	1.0	0.8,0.784	0.765,0.594	0.113
602	91,50	1,0	63,83	2,2	155	149	1	1.0	0.989,1.0	0.968,0.976	0.022
603	28,28	13,11	39,15	28,30	155	149	0.140344210649	1.0	0.674,0.71	0.572,0.325	0.243
606	63,54	6,5	83,119	6,8	177	149	1	1.0	0.898,0.901	0.921,0.926	-0.024
607	10,0	174,106	8,3	187,244	152	149	1	1.0	0.053,0.0	0.04,0.012	0.0
609	0,6	64,100	2,0	88,132	298	149	1	1.0	0.0,0.029	0.011,0.0	0.009
610	0,4	21,25	0,0	15,36	152	149	1	1.0	0.0,0.136	0.0,0.0	0.068
611	0,8	0,0	3,0	0,2	208	149	1	1.0	NA,1.0	1.0,0.0	0.5
612	0,2	224,205	0,0	186,240	298	149	1	1.0	0.0,0.005	0.0,0.0	0.003
613	158,143	19,4	157,204	18,7	298	149	1	1.0	0.806,0.947	0.813,0.936	0.002
614	31,29	53,39	67,64	49,56	184	149	0.281148044382	1.0	0.321,0.376	0.525,0.481	-0.154
618	0,0	1,2	6,0	0,0	298	149	1	1.0	0.0,0.0	1.0,NA	-1.0
619	4,0	1,2	12,12	0,0	298	149	0.0126749485947	0.26398858452409657	0.667,0.0	1.0,1.0	-0.666
620	4,0	0,0	12,12	6,0	298	149	1	1.0	1.0,NA	0.5,1.0	0.25
622	10,33	106,145	73,59	130,120	165	149	0.0095288479134	0.21316385702568888	0.079,0.17	0.336,0.307	-0.197
623	0,0	32,40	2,0	38,37	153	149	1	1.0	0.0,0.0	0.049,0.0	-0.025
625	16,31	6,7	14,9	24,12	153	149	0.000725975702943	0.02740558278609825	0.722,0.812	0.362,0.422	0.375
626	0,2	4,21	5,4	8,7	298	149	0.177798954641	1.0	0.0,0.045	0.238,0.222	-0.207
627	12,11	104,44	10,3	114,131	152	149	1	1.0	0.102,0.197	0.079,0.022	0.099
628	132,127	8,2	113,192	10,5	298	149	1	1.0	0.892,0.969	0.85,0.95	0.031
629	2,0	67,74	1,2	84,64	179	149	1	1.0	0.024,0.0	0.01,0.025	-0.006
631	81,76	18,6	100,50	16,14	170	149	1	1.0	0.798,0.917	0.846,0.758	0.055
635	0,0	2,0	0,10	0,0	253	149	1	1.0	0.0,NA	NA,1.0	-1.0
636	0,0	24,12	4,0	12,12	168	149	1	1.0	0.0,0.0	0.228,0.0	-0.114
637	6,3	14,2	3,9	6,37	298	149	1	1.0	0.176,0.429	0.2,0.108	0.148
639	0,1	1342,1277	1,2	1594,2110	224	149	1	1.0	0.0,0.001	0.0,0.001	0.0
641	1,0	22,23	0,9	24,11	298	149	1	1.0	0.022,0.0	0.0,0.29	-0.134
642	46,63	41,43	77,103	52,49	152	149	1	1.0	0.524,0.59	0.592,0.673	-0.076
644	2,2	0,4	0,4	2,2	238	149	0.442081294466	1.0	1.0,0.238	0.0,0.556	0.341
646	0,4	17,13	0,0	13,15	152	149	1	1.0	0.0,0.232	0.0,0.0	0.116
648	0,4	303,297	0,0	374,402	153	149	1	1.0	0.0,0.013	0.0,0.0	0.006
649	2,0	10,8	0,0	6,22	298	149	1	1.0	0.091,0.0	0.0,0.0	0.045
650	12,6	0,2	4,4	6,4	152	149	0.00136295103456	0.04842484852201412	1.0,0.746	0.395,0.495	0.428
651	6,11	0,0	3,2	4,10	152	149	4.78803163784e-08	5.78394221851072e-06	1.0,1.0	0.424,0.164	0.706
652	8,4	0,8	6,6	0,0	298	149	0.285655046562	1.0	1.0,0.2	1.0,1.0	-0.4
653	30,21	0,8	27,29	0,2	176	149	1	1.0	1.0,0.69	1.0,0.925	-0.118
657	17,4	4,0	16,4	2,6	298	149	0.395165953834	1.0	0.68,1.0	0.8,0.25	0.315
658	6,0	4,24	9,10	6,14	203	149	0.158906703787	1.0	0.524,0.0	0.524,0.344	-0.172
661	47,46	0,10	50,34	17,20	170	149	0.028223368001	0.43156744993934176	1.0,0.801	0.721,0.598	0.241
662	0,0	138,115	0,2	159,141	298	149	1	1.0	0.0,0.0	0.0,0.007	-0.004
664	0,0	22,22	2,0	40,38	298	149	1	1.0	0.0,0.0	0.024,0.0	-0.012
665	0,0	157,188	4,6	355,357	298	149	1	1.0	0.0,0.0	0.006,0.008	-0.007
666	4,1	684,601	2,2	772,959	152	149	1	1.0	0.006,0.002	0.003,0.002	0.002
668	110,110	0,0	95,121	0,4	260	149	1	1.0	1.0,1.0	1.0,0.945	0.028
669	2,8	8,27	6,2	20,16	180	149	1	1.0	0.171,0.197	0.199,0.094	0.037
670	0,0	8,27	8,2	20,16	185	149	0.391338471952	1.0	0.0,0.0	0.244,0.091	-0.167
671	0,0	2,8	4,2	2,2	154	149	0.00200998618309	0.06296043479876923	0.0,0.0	0.659,0.492	-0.576
674	3,0	42,35	0,0	28,53	169	149	1	1.0	0.059,0.0	0.0,0.0	0.029
675	10,10	2,2	24,14	8,2	281	149	1	1.0	0.726,0.726	0.614,0.788	0.025
676	2,2	28,61	2,2	43,49	152	149	1	1.0	0.065,0.031	0.044,0.038	0.007
677	22,32	110,138	38,13	192,143	298	149	1	1.0	0.091,0.104	0.09,0.043	0.031
678	175,166	11,8	212,230	2,2	194	149	1	1.0	0.924,0.941	0.988,0.989	-0.056
680	0,6	570,378	2,0	641,707	298	149	1	1.0	0.0,0.008	0.002,0.0	0.003
681	0,0	538,532	3,0	771,680	154	149	1	1.0	0.0,0.0	0.004,0.0	-0.002
682	2,0	3,4	4,4	0,2	298	149	0.00155811801672	0.05377733040565028	0.25,0.0	1.0,0.5	-0.625
683	9,8	41,54	12,24	51,55	298	149	1	1.0	0.099,0.069	0.105,0.179	-0.058
684	37,44	16,18	34,31	8,10	171	149	1	1.0	0.668,0.681	0.787,0.73	-0.084
685	2,8	19,50	8,8	27,37	298	149	1	1.0	0.05,0.074	0.129,0.098	-0.052
686	1137,1174	8,4	1620,1648	6,5	152	149	1	1.0	0.993,0.997	0.996,0.997	-0.001
687	1111,1011	1237,1201	1763,1973	1021,1122	163	149	0.00659843578091	0.16606063381956832	0.451,0.435	0.612,0.616	-0.171
688	27,44	2,0	51,75	8,2	298	149	1	1.0	0.871,1.0	0.761,0.949	0.081
690	5,2	0,0	0,14	6,0	158	149	0.367880587693	1.0	1.0,1.0	0.0,1.0	0.5
691	58,37	19,36	113,92	15,6	172	149	0.00718409581823	0.1771099540494253	0.726,0.471	0.867,0.93	-0.3
693	12,6	2,2	0,4	2,14	154	149	0.000104283642479	0.00503898560458528	0.853,0.744	0.0,0.217	0.69
694	97,114	4,6	94,114	0,0	196	149	1	1.0	0.949,0.935	1.0,1.0	-0.058
696	2,6	28,13	4,0	21,35	153	149	1	1.0	0.065,0.31	0.156,0.0	0.11
697	0,0	2,0	0,4	0,0	153	149	1	1.0	0.0,NA	NA,1.0	-1.0
698	0,0	27,32	2,6	112,104	153	149	1	1.0	0.0,0.0	0.017,0.053	-0.035
702	3,6	6,3	14,10	12,4	154	149	0.909039990774	1.0	0.326,0.659	0.53,0.708	-0.126
705	79,95	2,8	114,194	0,0	170	149	1	1.0	0.972,0.912	1.0,1.0	-0.058
707	2,0	12,16	0,4	15,14	298	149	1	1.0	0.077,0.0	0.0,0.125	-0.024
709	4,2	16,9	0,16	26,27	178	149	1	1.0	0.173,0.157	0.0,0.332	-0.001
711	23,18	18,20	16,24	25,28	250	149	1	1.0	0.432,0.349	0.276,0.338	0.083
712	6,0	27,19	12,5	6,25	256	149	0.307553320913	1.0	0.115,0.0	0.538,0.104	-0.264
714	0,0	76,82	0,2	92,77	298	149	1	1.0	0.0,0.0	0.0,0.013	-0.006
715	0,0	2,4	0,4	2,2	163	149	0.586022911589	1.0	0.0,0.0	0.0,0.646	-0.323
716	4,0	0,0	0,0	0,2	246	149	1	1.0	1.0,NA	NA,0.0	1.0
717	0,6	262,317	6,0	243,292	216	149	1	1.0	0.0,0.013	0.017,0.0	-0.002
718	4,10	18,13	2,6	6,12	298	149	1	1.0	0.1,0.278	0.143,0.2	0.018
719	0,20	20,30	4,19	47,53	176	149	1	1.0	0.0,0.361	0.067,0.233	0.03
720	24,40	18,13	49,57	6,12	298	149	0.105532983786	1.0	0.4,0.606	0.803,0.704	-0.251
721	32,6	17,10	31,42	4,9	166	149	0.0312750837558	0.46642347132106665	0.628,0.35	0.874,0.807	-0.352
722	6,6	0,0	12,8	0,2	166	149	1	1.0	1.0,1.0	1.0,0.782	0.109
725	4,8	10,16	11,6	3,2	160	149	0.00200508498376	0.06296043479876923	0.271,0.318	0.773,0.736	-0.46
726	23,19	145,132	11,3	145,149	298	149	1	1.0	0.073,0.067	0.037,0.01	0.047
727	55,43	2,11	54,61	11,7	298	149	1	1.0	0.932,0.662	0.711,0.813	0.035
728	21,53	2,9	75,68	0,10	298	149	0.836217860141	1.0	0.84,0.746	1.0,0.773	-0.094
731	0,4	44,52	0,0	64,36	298	149	1	1.0	0.0,0.037	0.0,0.0	0.018
732	41,73	2,2	76,78	0,0	207	149	1	1.0	0.937,0.963	1.0,1.0	-0.05
733	36,45	8,38	40,46	18,31	298	149	1	1.0	0.692,0.372	0.526,0.426	0.056
734	11,6	35,23	0,0	38,22	193	149	0.113376037342	1.0	0.195,0.168	0.0,0.0	0.181
735	0,0	49,69	9,6	73,98	298	149	1	1.0	0.0,0.0	0.058,0.03	-0.044
736	4,0	0,0	4,6	2,0	269	149	1	1.0	1.0,NA	0.526,1.0	0.237
737	0,2	111,110	10,0	144,186	298	149	1	1.0	0.0,0.009	0.034,0.0	-0.013
738	0,0	61,35	2,6	59,55	298	149	1	1.0	0.0,0.0	0.017,0.052	-0.035
739	39,34	19,28	27,62	11,13	164	149	0.244780376009	1.0	0.651,0.525	0.69,0.812	-0.163
740	47,42	151,111	51,47	157,158	298	149	1	1.0	0.135,0.159	0.14,0.129	0.013
741	33,35	1408,1263	27,35	1929,1888	298	149	1	1.0	0.012,0.014	0.007,0.009	0.005
742	50,32	6,0	26,31	0,0	167	149	1	1.0	0.881,1.0	1.0,1.0	-0.059
743	57,56	8,22	91,88	30,14	218	149	1	1.0	0.83,0.635	0.675,0.811	-0.011
744	23,26	4,0	18,49	2,2	298	149	1	1.0	0.742,1.0	0.818,0.925	-0.0
745	12,7	4,4	12,24	6,8	298	149	1	1.0	0.6,0.467	0.5,0.6	-0.017
746	16,32	4,6	43,32	28,32	167	149	0.0110001166155	0.23819756150185717	0.781,0.826	0.578,0.472	0.279
747	60,48	67,62	97,70	40,92	170	149	0.828427132938	1.0	0.44,0.404	0.68,0.4	-0.118
748	2,0	122,94	6,9	113,122	168	149	1	1.0	0.014,0.0	0.045,0.061	-0.046
749	2,2	28,28	4,8	10,31	298	149	1	1.0	0.034,0.034	0.167,0.114	-0.107
752	2,10	18,19	2,6	26,24	189	149	1	1.0	0.081,0.293	0.057,0.165	0.076
753	10,2	8,8	7,22	6,4	218	149	0.134579200458	1.0	0.461,0.146	0.444,0.79	-0.314
754	0,0	8,20	2,0	9,6	154	149	1	1.0	0.0,0.0	0.177,0.0	-0.088
755	4,1	105,165	8,4	164,182	298	149	1	1.0	0.019,0.003	0.024,0.011	-0.007
756	4,1	105,165	10,8	164,182	298	149	1	1.0	0.019,0.003	0.03,0.022	-0.015
758	29,32	0,0	21,28	0,2	252	149	1	1.0	1.0,1.0	1.0,0.892	0.054
759	8,5	165,193	15,8	235,280	298	149	1	1.0	0.024,0.013	0.031,0.014	-0.004
760	30,44	0,2	69,50	0,0	252	149	1	1.0	1.0,0.929	1.0,1.0	-0.035
762	10,10	0,0	18,13	0,2	154	149	1	1.0	1.0,1.0	1.0,0.863	0.069
763	103,125	6,6	132,203	6,6	157	149	1	1.0	0.942,0.952	0.954,0.97	-0.015
764	0,2	2,0	6,0	0,2	194	149	0.481685081173	1.0	0.0,1.0	1.0,0.0	0.0
765	80,75	0,0	88,95	0,1	152	149	1	1.0	1.0,1.0	1.0,0.989	0.006
766	23,8	57,42	18,21	40,55	160	149	1	1.0	0.273,0.151	0.295,0.262	-0.066
767	0,2	16,2	18,5	8,9	167	149	0.00814885782202	0.19301608331372863	0.0,0.472	0.667,0.331	-0.263
768	10,24	15,12	11,46	15,8	163	149	0.802732230481	1.0	0.379,0.646	0.401,0.84	-0.108
770	25,37	389,397	26,18	507,569	153	149	1	1.0	0.059,0.083	0.048,0.03	0.032
772	4,1	46,63	7,2	93,47	298	149	1	1.0	0.042,0.008	0.036,0.021	-0.003
773	38,51	4,2	39,36	16,14	298	149	0.00134234893343	0.04842484852201412	0.826,0.927	0.549,0.562	0.321
774	12,6	0,2	40,33	4,0	298	149	1	1.0	1.0,0.6	0.833,1.0	-0.116
775	10,9	28,49	32,28	37,42	212	149	0.0529368095795	0.715371042244489	0.201,0.114	0.378,0.319	-0.191
776	14,14	0,0	20,8	4,4	160	149	0.163762212892	1.0	1.0,1.0	0.823,0.651	0.263
777	2,0	0,0	4,2	4,4	298	149	1	1.0	1.0,NA	0.333,0.2	0.734
778	2,0	14,14	4,2	20,8	295	149	1	1.0	0.067,0.0	0.092,0.112	-0.069
780	10,13	4,12	0,18	36,12	169	149	0.0592232281131	0.7671343056232937	0.688,0.489	0.0,0.569	0.304
781	6,2	6,10	1,2	29,30	160	149	0.115471966779	1.0	0.482,0.157	0.031,0.058	0.275
782	5,1	76,48	4,19	74,63	167	149	1	1.0	0.055,0.018	0.046,0.212	-0.092
783	49,8	15,18	25,12	42,19	154	149	0.559369496963	1.0	0.76,0.301	0.365,0.379	0.158
788	0,5	52,52	3,6	39,39	298	149	1	1.0	0.0,0.046	0.037,0.071	-0.031
790	8,0	0,2	2,0	8,6	202	149	0.198116730892	1.0	1.0,0.0	0.156,0.0	0.422
791	36,45	74,74	89,107	52,95	167	149	0.0200510881413	0.341150908094231	0.303,0.352	0.604,0.501	-0.225
792	12,14	0,14	57,66	5,4	270	149	0.722268425885	1.0	1.0,0.356	0.863,0.901	-0.204
793	2,2	230,208	4,0	271,293	153	149	1	1.0	0.008,0.009	0.014,0.0	0.002
794	2,6	75,47	8,10	85,97	154	149	1	1.0	0.025,0.11	0.083,0.091	-0.019
797	30,24	14,0	28,39	4,0	193	149	0.758589685203	1.0	0.623,1.0	0.844,1.0	-0.11
799	0,2	35,37	4,6	32,29	298	149	1	1.0	0.0,0.026	0.059,0.094	-0.064
800	9,24	21,15	18,12	23,44	185	149	0.725241477559	1.0	0.257,0.563	0.387,0.18	0.127
801	182,166	4,8	136,116	4,12	184	149	1	1.0	0.974,0.944	0.965,0.887	0.033
802	54,34	4,8	40,36	4,12	249	149	1	1.0	0.89,0.718	0.857,0.642	0.054
803	6,0	132,132	4,8	100,88	214	149	1	1.0	0.031,0.0	0.027,0.06	-0.028
805	63,53	14,15	95,150	1,6	196	149	0.00307807456338	0.08853128744197714	0.774,0.729	0.986,0.95	-0.216
806	216,209	253,130	357,342	77,70	161	149	4.23880619893e-05	0.0024383228039559237	0.441,0.598	0.811,0.819	-0.295
807	414,376	18,32	469,398	34,36	231	149	1	1.0	0.937,0.883	0.899,0.877	0.022
808	0,4	8,11	8,18	0,2	194	149	1.26920963739e-08	1.7035613799634666e-06	0.0,0.218	1.0,0.874	-0.828
809	0,0	0,4	2,0	0,2	298	149	1	1.0	NA,0.0	1.0,0.0	-0.5
810	2,12	6,2	18,10	4,6	170	149	0.809419776832	1.0	0.226,0.84	0.798,0.594	-0.163
811	10,0	76,97	2,6	110,76	267	149	1	1.0	0.068,0.0	0.01,0.042	0.008
812	4,0	0,0	6,6	2,0	295	149	1	1.0	1.0,NA	0.602,1.0	0.199
814	22,18	0,8	14,32	0,2	298	149	0.427377057884	1.0	1.0,0.529	1.0,0.889	-0.18
815	1,6	0,8	2,2	0,2	298	149	0.466484907914	1.0	1.0,0.273	1.0,0.333	-0.03
816	1,2	22,12	2,0	14,30	180	149	1	1.0	0.036,0.121	0.106,0.0	0.026
817	343,326	0,11	401,358	1,0	161	149	1	1.0	1.0,0.965	0.997,1.0	-0.016
818	0,0	2,0	0,2	2,0	158	149	1	1.0	0.0,NA	0.0,1.0	-0.5
819	254,233	39,21	172,230	69,86	194	149	0.002032663044	0.06296043479876923	0.833,0.895	0.657,0.673	0.199
820	888,850	0,0	958,1151	0,2	179	149	1	1.0	1.0,1.0	1.0,0.998	0.001
821	1,10	404,368	14,11	389,571	206	149	1	1.0	0.002,0.019	0.025,0.014	-0.009
823	12,14	12,33	20,16	10,17	175	149	0.363785490375	1.0	0.46,0.265	0.63,0.445	-0.175
824	48,32	22,8	57,43	0,8	297	149	0.0213951803565	0.3417706412417662	0.523,0.667	1.0,0.729	-0.27
825	73,39	0,4	91,145	2,4	241	149	1	1.0	1.0,0.858	0.966,0.957	-0.032
826	8,22	45,26	16,16	15,26	298	149	0.928005587021	1.0	0.082,0.297	0.348,0.235	-0.102
827	10,4	0,25	2,6	16,2	298	149	0.462090428081	1.0	1.0,0.074	0.059,0.6	0.208
828	1,1	0,0	1,1	4,0	298	149	0.0424800164933	0.6037159991047812	1.0,1.0	0.111,1.0	0.445
829	2,5	8,8	4,4	10,20	298	149	1	1.0	0.111,0.238	0.167,0.091	0.045
831	51,72	5,0	67,67	6,6	188	149	1	1.0	0.89,1.0	0.898,0.898	0.047
833	2,0	363,439	4,6	466,538	170	149	1	1.0	0.005,0.0	0.007,0.01	-0.006
834	0,0	0,2	0,8	0,0	166	149	1	1.0	NA,0.0	NA,1.0	-1.0
835	2,4	137,111	0,4	108,104	298	149	1	1.0	0.007,0.018	0.0,0.019	0.003
836	160,234	0,0	231,350	2,0	298	149	1	1.0	1.0,1.0	0.983,1.0	0.008
837	2,6	274,284	4,8	330,372	153	149	1	1.0	0.007,0.02	0.012,0.021	-0.003
838	8,5	37,20	10,4	30,32	168	149	1	1.0	0.161,0.181	0.228,0.1	0.007
840	1,4	9,2	8,2	5,7	153	149	0.873135169049	1.0	0.098,0.661	0.609,0.218	-0.034
842	0,3	4,5	0,5	8,14	153	149	1	1.0	0.0,0.369	0.0,0.258	0.055
843	0,4	0,4	12,10	2,11	166	149	1	1.0	NA,0.473	0.843,0.449	-0.173
844	0,2	1112,1044	16,12	1113,1274	298	149	1	1.0	0.0,0.001	0.007,0.005	-0.005
845	0,4	1112,1044	8,13	1113,1274	298	149	1	1.0	0.0,0.002	0.004,0.005	-0.004
846	0,2	56,69	0,0	75,83	298	149	1	1.0	0.0,0.014	0.0,0.0	0.007
848	4,0	0,2	2,8	0,0	298	149	0.353450902922	1.0	1.0,0.0	1.0,1.0	-0.5
849	11,6	4,4	12,12	4,16	153	149	0.950586160282	1.0	0.728,0.594	0.745,0.422	0.078
850	22,0	4,0	20,31	4,4	298	149	1	1.0	0.733,NA	0.714,0.795	-0.021
851	0,5	199,199	2,0	237,252	298	149	1	1.0	0.0,0.012	0.004,0.0	0.004
853	50,25	3,2	32,44	5,8	158	149	1	1.0	0.94,0.922	0.858,0.838	0.083
854	0,2	384,375	0,2	493,549	153	149	1	1.0	0.0,0.005	0.0,0.004	0.001
855	2,1	239,278	2,6	244,254	185	149	1	1.0	0.007,0.003	0.007,0.019	-0.008
857	10,1	20,25	8,1	10,33	281	149	1	1.0	0.21,0.021	0.298,0.016	-0.042
859	0,0	6,0	6,0	0,0	267	149	1	1.0	0.0,NA	1.0,NA	-1.0
860	0,4	107,111	0,4	110,133	298	149	1	1.0	0.0,0.018	0.0,0.015	0.001
861	0,0	2,0	0,10	0,0	167	149	1	1.0	0.0,NA	NA,1.0	-1.0
863	2,0	22,18	6,0	24,9	298	149	1	1.0	0.043,0.0	0.111,0.0	-0.034
864	2,4	66,64	0,4	69,129	298	149	1	1.0	0.015,0.03	0.0,0.015	0.015
865	8,0	60,58	0,10	85,72	298	149	1	1.0	0.062,0.0	0.0,0.065	-0.002
866	9,33	64,36	32,22	43,52	155	149	1	1.0	0.119,0.468	0.417,0.289	-0.059
867	18,26	0,8	46,57	4,0	213	149	1	1.0	1.0,0.695	0.889,1.0	-0.097
869	0,0	35,24	0,4	54,44	188	149	1	1.0	0.0,0.0	0.0,0.067	-0.034
871	0,8	20,18	0,0	13,6	180	149	1	1.0	0.0,0.269	0.0,0.0	0.135
872	5,8	0,0	3,10	2,0	298	149	1	1.0	1.0,1.0	0.429,1.0	0.285
873	0,4	929,883	0,0	1079,1006	189	149	1	1.0	0.0,0.004	0.0,0.0	0.002
874	56,64	3496,3531	164,142	4286,4889	167	149	1	1.0	0.014,0.016	0.033,0.025	-0.014
875	9,21	0,0	19,26	2,0	290	149	1	1.0	1.0,1.0	0.83,1.0	0.085
876	30,31	8,23	29,43	20,56	172	149	0.382786348474	1.0	0.765,0.539	0.557,0.399	0.174
877	14,2	2,4	16,18	4,0	153	149	0.392693039843	1.0	0.872,0.327	0.796,1.0	-0.298
879	9,8	4,16	15,21	4,12	181	149	0.399875208001	1.0	0.649,0.292	0.755,0.59	-0.202
880	140,112	0,0	274,243	0,6	298	149	1	1.0	1.0,1.0	1.0,0.953	0.024
882	13,20	2,6	12,6	6,6	160	149	0.280970724418	1.0	0.858,0.756	0.651,0.482	0.24
884	0,0	4,6	4,2	5,2	270	149	0.156481287199	1.0	0.0,0.0	0.306,0.356	-0.331
885	246,153	23,41	181,235	20,28	188	149	1	1.0	0.894,0.747	0.878,0.869	-0.053
886	6,0	39,45	3,4	52,64	173	149	1	1.0	0.117,0.0	0.047,0.051	0.01
888	3,2	56,59	0,2	47,47	298	149	1	1.0	0.026,0.017	0.0,0.021	0.011
889	26,57	38,10	19,23	42,25	161	149	0.230926008638	1.0	0.388,0.841	0.295,0.46	0.237
890	13,0	12,23	3,2	19,32	298	149	1	1.0	0.351,0.0	0.073,0.03	0.124
891	0,0	49,34	4,0	29,29	153	149	1	1.0	0.0,0.0	0.118,0.0	-0.059
893	445,468	11,20	516,696	0,4	172	149	1	1.0	0.972,0.953	1.0,0.993	-0.034
894	101,129	2,4	132,154	0,2	172	149	1	1.0	0.978,0.965	1.0,0.985	-0.021
895	522,539	0,0	749,858	2,0	177	149	1	1.0	1.0,1.0	0.997,1.0	0.002
897	2,6	33,49	0,15	50,43	298	149	1	1.0	0.029,0.058	0.0,0.149	-0.031
898	2,2	33,49	0,6	50,43	298	149	1	1.0	0.029,0.02	0.0,0.065	-0.008
901	8,14	210,119	10,4	162,175	210	149	1	1.0	0.026,0.077	0.042,0.016	0.022
902	6,2	255,272	8,0	283,341	298	149	1	1.0	0.012,0.004	0.014,0.0	0.001
903	14,11	91,59	19,37	100,129	298	149	1	1.0	0.071,0.085	0.087,0.125	-0.028
904	20,6	2,2	32,41	2,0	209	149	1	1.0	0.877,0.681	0.919,1.0	-0.18
905	52,75	25,25	56,70	76,38	298	149	0.229801248815	1.0	0.51,0.6	0.269,0.479	0.181
906	0,2	24,10	0,0	4,8	171	149	1	1.0	0.0,0.148	0.0,0.0	0.074
910	3,0	42,31	0,6	44,60	191	149	1	1.0	0.053,0.0	0.0,0.072	-0.009
912	32,26	0,0	58,26	0,2	154	149	1	1.0	1.0,1.0	1.0,0.926	0.037
913	0,0	9,13	0,2	6,17	158	149	1	1.0	0.0,0.0	0.0,0.1	-0.05
914	0,0	22,35	2,0	24,8	174	149	1	1.0	0.0,0.0	0.067,0.0	-0.034
915	0,2	2,0	2,5	0,0	298	149	0.118181244224	1.0	0.0,1.0	1.0,1.0	-0.5
916	8,0	76,65	0,0	98,93	153	149	1	1.0	0.093,0.0	0.0,0.0	0.046
918	59,34	29,20	44,42	42,35	298	149	0.629354460389	1.0	0.504,0.459	0.344,0.375	0.122
920	8,6	2,2	4,10	4,8	231	149	0.200914564176	1.0	0.721,0.659	0.392,0.446	0.271
922	2,0	16,10	0,6	15,44	216	149	1	1.0	0.079,0.0	0.0,0.086	-0.003
923	8,6	5449,5513	0,2	5983,6409	153	149	1	1.0	0.001,0.001	0.0,0.0	0.001
924	4,2	377,364	0,0	462,334	298	149	1	1.0	0.005,0.003	0.0,0.0	0.004
925	0,2	377,364	0,0	462,334	298	149	1	1.0	0.0,0.003	0.0,0.0	0.002
927	0,4	13,24	6,2	49,38	298	149	1	1.0	0.0,0.077	0.058,0.026	-0.004
932	2,2	2,5	0,0	16,14	298	149	0.874046746358	1.0	0.333,0.167	0.0,0.0	0.25
933	6,6	7,4	15,4	16,15	188	149	0.673817358201	1.0	0.405,0.543	0.426,0.174	0.174
934	0,0	62,27	6,2	70,49	298	149	1	1.0	0.0,0.0	0.041,0.02	-0.03
938	2,2	69,55	9,28	74,96	160	149	0.180566002637	1.0	0.026,0.033	0.102,0.214	-0.129
939	282,256	8,16	352,350	20,28	173	149	1	1.0	0.968,0.932	0.938,0.915	0.023
940	1,6	1616,1534	0,0	1839,2032	298	149	1	1.0	0.0,0.002	0.0,0.0	0.001
942	4,11	25,32	9,9	15,34	298	149	1	1.0	0.074,0.147	0.231,0.117	-0.064
943	3,13	0,0	21,28	2,0	298	149	1	1.0	1.0,1.0	0.84,1.0	0.08
945	9,9	19,8	17,14	7,23	161	149	0.806600932148	1.0	0.305,0.51	0.692,0.36	-0.119
946	117,104	26,8	174,164	8,7	190	149	1	1.0	0.779,0.911	0.945,0.948	-0.101
949	20,28	2,0	34,39	0,1	167	149	1	1.0	0.899,1.0	1.0,0.972	-0.036
950	9,1	13,6	2,0	6,1	298	149	0.446069479439	1.0	0.257,0.077	0.143,0.0	0.096
951	25,10	2,0	28,19	0,8	154	149	1	1.0	0.924,1.0	1.0,0.697	0.113
952	38,37	2,0	49,68	4,0	205	149	1	1.0	0.932,1.0	0.899,1.0	0.016
953	0,0	27,25	4,4	20,31	169	149	0.74992034822	1.0	0.0,0.0	0.15,0.102	-0.126
955	18,18	14,2	14,19	26,18	152	149	0.0962587437628	1.0	0.558,0.898	0.345,0.509	0.301
956	41,51	0,0	108,54	2,0	298	149	1	1.0	1.0,1.0	0.964,1.0	0.018
957	2,0	1041,994	0,4	1153,1390	298	149	1	1.0	0.001,0.0	0.0,0.001	0.0
959	13,38	10,17	40,54	3,3	266	149	0.000168420583662	0.007825079425526769	0.421,0.556	0.882,0.91	-0.407
960	12,2	0,0	4,4	0,4	274	149	0.42021781202	1.0	1.0,1.0	1.0,0.352	0.324
963	0,0	3,0	0,6	0,2	298	149	1	1.0	0.0,NA	NA,0.6	-0.6
966	0,0	10,10	2,4	16,25	298	149	1	1.0	0.0,0.0	0.059,0.074	-0.067
967	1,0	0,0	0,0	2,0	155	149	1	1.0	1.0,NA	0.0,NA	1.0
968	10,2	0,2	2,12	0,0	298	149	1	1.0	1.0,0.333	1.0,1.0	-0.334
969	37,39	10,6	53,56	32,19	196	149	0.316348324263	1.0	0.738,0.832	0.557,0.691	0.161
970	0,0	49,27	4,3	53,66	287	149	1	1.0	0.0,0.0	0.038,0.023	-0.03
971	37,19	0,2	33,35	2,2	298	149	1	1.0	1.0,0.826	0.892,0.897	0.018
976	13218,13021	15488,15258	21720,23478	11895,12485	160	149	0.000223902584062	0.010017567464699851	0.443,0.443	0.63,0.637	-0.19
977	22,26	0,2	8,10	12,32	155	149	1.39152023237e-11	3.3619128814059196e-09	1.0,0.926	0.391,0.231	0.652
979	22,16	2,0	28,22	3,4	298	149	0.277853452844	1.0	0.846,1.0	0.824,0.733	0.145
981	0,6	95,53	2,2	76,63	298	149	1	1.0	0.0,0.054	0.013,0.016	0.013
983	10,10	2,0	2,0	0,0	176	149	1	1.0	0.809,1.0	1.0,NA	-0.095
986	0,0	28,14	0,2	34,34	298	149	1	1.0	0.0,0.0	0.0,0.029	-0.015
987	2,0	124,145	3,0	182,139	298	149	1	1.0	0.008,0.0	0.008,0.0	0.0
988	0,2	31,41	2,0	54,53	153	149	1	1.0	0.0,0.045	0.035,0.0	0.005
990	16,24	6,1	26,21	6,10	178	149	0.710581683291	1.0	0.691,0.953	0.784,0.637	0.111
991	0,5	19,8	4,0	4,7	208	149	1	1.0	0.0,0.309	0.417,0.0	-0.054
992	12,4	0,2	2,18	0,0	253	149	1	1.0	1.0,0.541	1.0,1.0	-0.23
993	10,8	11,14	6,4	27,29	230	149	0.124107922578	1.0	0.371,0.27	0.126,0.082	0.216
995	2,6	2,0	4,0	0,0	252	149	1	1.0	0.372,1.0	1.0,NA	-0.314
996	69,123	0,2	97,142	0,0	298	149	1	1.0	1.0,0.969	1.0,1.0	-0.016
997	6,10	10,12	20,4	36,16	298	149	1	1.0	0.231,0.294	0.217,0.111	0.099
998	13,12	24,20	25,44	8,6	161	149	4.55275253286e-06	0.00039283750426392006	0.334,0.357	0.743,0.872	-0.462
999	0,2	12,2	0,6	12,22	161	149	1	1.0	0.0,0.481	0.0,0.202	0.139
1000	29,19	38,39	14,10	49,58	165	149	0.107687715404	1.0	0.408,0.306	0.205,0.135	0.187
1002	23,11	4,11	12,30	2,24	199	149	1	1.0	0.812,0.428	0.818,0.483	-0.03
1004	8,10	160,143	4,13	202,177	153	149	1	1.0	0.046,0.064	0.019,0.067	0.012
1006	0,0	58,39	2,0	37,54	298	149	1	1.0	0.0,0.0	0.026,0.0	-0.013
1007	28,11	0,0	14,26	4,0	298	149	1	1.0	1.0,1.0	0.636,1.0	0.182
1008	10,0	5,2	17,10	2,4	220	149	0.122807453007	1.0	0.575,0.0	0.852,0.629	-0.453
1010	10,8	0,0	10,28	6,0	298	149	0.600089499901	1.0	1.0,1.0	0.455,1.0	0.272
1012	0,0	16,15	0,2	11,25	298	149	1	1.0	0.0,0.0	0.0,0.038	-0.019
1017	4,2	12,0	6,2	5,6	298	149	0.810618368749	1.0	0.143,1.0	0.375,0.143	0.312
1018	9,0	52,48	17,5	66,94	298	149	1	1.0	0.08,0.0	0.114,0.026	-0.03
1019	21,0	52,48	18,11	66,94	298	149	1	1.0	0.168,0.0	0.12,0.055	-0.003
1020	0,0	2,0	0,2	4,0	269	149	1	1.0	0.0,NA	0.0,1.0	-0.5
1021	0,0	33,22	0,2	16,28	298	149	1	1.0	0.0,0.0	0.0,0.034	-0.017
1022	2,0	16,8	4,0	8,4	298	149	1	1.0	0.059,0.0	0.2,0.0	-0.071
1023	2,0	33,22	4,0	16,28	298	149	1	1.0	0.029,0.0	0.111,0.0	-0.041
1024	0,0	33,36	7,2	47,80	155	149	1	1.0	0.0,0.0	0.125,0.023	-0.074
1025	0,18	29,22	4,6	10,20	233	149	1	1.0	0.0,0.343	0.204,0.161	-0.011
1026	2,0	4,10	0,4	6,0	177	149	0.485498379029	1.0	0.296,0.0	0.0,1.0	-0.352
1027	4,10	30,41	10,0	39,65	291	149	1	1.0	0.064,0.111	0.116,0.0	0.029
1028	18,18	4,0	4,12	4,0	176	149	1	1.0	0.792,1.0	0.458,1.0	0.167
1029	10,22	21,4	27,33	36,42	291	149	0.7441452725	1.0	0.196,0.738	0.277,0.287	0.185
1030	27,8	0,2	17,17	0,0	225	149	1	1.0	1.0,0.726	1.0,1.0	-0.137
1032	14,48	0,12	26,22	0,0	168	149	0.621007205683	1.0	1.0,0.78	1.0,1.0	-0.11
1033	14,35	58,42	19,35	56,115	267	149	1	1.0	0.119,0.317	0.159,0.145	0.066
1035	14,8	8,2	7,4	0,0	298	149	0.000310292048246	0.01209138046068284	0.467,0.667	1.0,1.0	-0.433
1036	20,23	0,4	12,6	2,0	164	149	1	1.0	1.0,0.839	0.845,1.0	-0.003
1037	191,194	4,6	253,187	6,10	159	149	1	1.0	0.978,0.968	0.975,0.946	0.013
1038	4,2	14,11	24,24	31,29	206	149	0.0596942257687	0.7671343056232937	0.171,0.116	0.359,0.374	-0.223
1039	0,6	2,0	4,6	4,5	199	149	0.92534427597	1.0	0.0,1.0	0.428,0.473	0.049
1040	6,34	1,6	32,28	0,2	157	149	0.855578044123	1.0	0.851,0.843	1.0,0.93	-0.118
1041	2,8	2,0	14,10	2,2	157	149	0.165002504886	1.0	0.487,1.0	0.869,0.826	-0.104
1044	2,2	36,47	8,0	24,36	298	149	1	1.0	0.027,0.021	0.143,0.0	-0.047
1045	5,4	190,195	6,2	192,226	153	149	1	1.0	0.025,0.02	0.03,0.009	0.003
1046	5,5	198,160	8,7	219,251	298	149	1	1.0	0.012,0.015	0.018,0.014	-0.003
1048	0,2	0,0	0,6	0,2	167	149	1	1.0	NA,1.0	NA,0.728	0.272
1049	2,2	2,4	0,12	2,0	298	149	0.490245466202	1.0	0.333,0.2	0.0,1.0	-0.233
1050	2,2	2,4	0,8	2,0	298	149	0.624323625367	1.0	0.333,0.2	0.0,1.0	-0.233
1051	14,19	0,0	14,28	0,7	204	149	0.826353741077	1.0	1.0,1.0	1.0,0.745	0.127
1052	0,5	10,12	4,7	6,4	202	149	0.0779653691576	0.9465982607322561	0.0,0.235	0.33,0.563	-0.329
1054	0,0	44,60	2,4	42,44	293	149	1	1.0	0.0,0.0	0.024,0.044	-0.034
1055	8,2	139,83	3,12	85,61	153	149	1	1.0	0.053,0.023	0.033,0.161	-0.059
1056	1,0	70,65	0,2	107,76	296	149	1	1.0	0.007,0.0	0.0,0.013	-0.003
1058	14,3	20,20	20,30	14,11	161	149	0.0093801971893	0.21316385702568888	0.393,0.122	0.569,0.716	-0.385
1059	0,1	37,23	4,2	30,45	298	149	1	1.0	0.0,0.021	0.062,0.022	-0.031
1062	60,57	139,86	38,88	140,122	152	149	1	1.0	0.297,0.394	0.21,0.414	0.034
1064	44,37	0,0	35,46	2,12	196	149	0.279194938179	1.0	1.0,1.0	0.93,0.745	0.162
1065	9,0	327,352	3,2	421,473	298	149	1	1.0	0.014,0.0	0.004,0.002	0.004
1066	8,8	50,40	30,8	44,6	153	149	0.011042271063	0.23819756150185717	0.135,0.163	0.399,0.565	-0.333
1067	8,28	142,132	16,14	218,245	166	149	1	1.0	0.048,0.16	0.062,0.049	0.049
1068	4,16	7,0	12,2	3,8	166	149	0.389150188018	1.0	0.339,1.0	0.782,0.183	0.187
1072	0,8	0,2	0,0	2,0	216	149	1	1.0	NA,0.734	0.0,NA	0.734
1073	14,10	6,0	29,24	4,8	177	149	1	1.0	0.663,1.0	0.859,0.716	0.044
1074	74,148	4,2	91,109	0,2	298	149	1	1.0	0.902,0.974	1.0,0.965	-0.044
1075	6,5	53,18	6,10	32,38	283	149	1	1.0	0.056,0.128	0.09,0.122	-0.014
1076	22,14	17,14	2,2	13,4	155	149	0.0172917871276	0.30431643710919426	0.554,0.49	0.129,0.325	0.295
1079	0,4	2,10	0,4	8,8	161	149	1	1.0	0.0,0.27	0.0,0.316	-0.023
1080	13,13	4662,4482	7,12	4728,5627	153	149	1	1.0	0.003,0.003	0.001,0.002	0.002
1081	0,4	11,12	0,4	14,13	232	149	1	1.0	0.0,0.176	0.0,0.165	0.005
1084	2,0	0,0	0,0	0,4	161	149	1	1.0	1.0,NA	NA,0.0	1.0
1085	35,14	8,13	44,41	37,36	225	149	0.594763447943	1.0	0.743,0.416	0.441,0.43	0.144
1086	0,1	458,525	2,0	474,590	298	149	1	1.0	0.0,0.001	0.002,0.0	-0.001
1087	8,6	0,0	12,12	0,4	298	149	0.842048977388	1.0	1.0,1.0	1.0,0.6	0.2
1088	262,305	124,76	394,293	134,91	192	149	1	1.0	0.621,0.757	0.695,0.714	-0.015
1089	346,391	24,14	528,432	27,16	231	149	1	1.0	0.903,0.947	0.927,0.946	-0.011
1090	357,421	6,2	565,493	2,6	246	149	1	1.0	0.973,0.992	0.994,0.98	-0.005
1091	218,170	24,14	278,234	27,16	188	149	1	1.0	0.878,0.906	0.891,0.921	-0.014
1092	245,211	6,2	351,307	2,6	203	149	1	1.0	0.968,0.987	0.992,0.974	-0.005
1093	54,55	6,2	101,89	2,6	164	149	1	1.0	0.891,0.962	0.979,0.931	-0.029
1095	8,6	0,2	4,8	0,0	166	149	1	1.0	1.0,0.729	1.0,1.0	-0.135
1097	2,4	0,6	10,9	1,13	193	149	1	1.0	1.0,0.34	0.885,0.348	0.053
1102	1,12	42,45	12,2	59,69	286	149	1	1.0	0.012,0.122	0.096,0.015	0.012
1106	0,0	45,67	2,0	128,104	152	149	1	1.0	0.0,0.0	0.015,0.0	-0.007
1108	41,47	0,0	52,75	1,0	298	149	1	1.0	1.0,1.0	0.963,1.0	0.018
1109	0,0	31,42	0,4	45,57	153	149	1	1.0	0.0,0.0	0.0,0.064	-0.032
1110	0,6	8,26	2,2	12,17	176	149	1	1.0	0.0,0.163	0.124,0.091	-0.026
1112	128,123	2296,2294	150,130	2343,2577	156	149	1	1.0	0.051,0.049	0.058,0.046	-0.002
1114	6,0	3235,3251	10,4	3850,4056	153	149	1	1.0	0.002,0.0	0.003,0.001	-0.001
1116	2,7	0,0	6,8	2,0	225	149	1	1.0	1.0,1.0	0.665,1.0	0.167
1117	0,0	28,16	0,3	16,32	296	149	1	1.0	0.0,0.0	0.0,0.045	-0.022
1118	26,32	48,67	84,90	46,41	161	149	1.17961678641e-05	0.0008382218105784001	0.334,0.307	0.628,0.67	-0.329
1119	2,1	17,8	6,6	24,12	153	149	0.430943509439	1.0	0.103,0.109	0.196,0.327	-0.156
1120	105,140	388,368	371,403	228,227	161	149	0	0.0	0.2,0.26	0.601,0.622	-0.381
1121	87,32	6,8	14,44	26,32	155	149	8.64321912655e-05	0.004552937502440104	0.933,0.794	0.341,0.569	0.409
1122	0,8	0,3	8,4	5,2	176	149	1	1.0	NA,0.693	0.575,0.629	0.091
1123	0,6	0,2	8,4	0,2	298	149	1	1.0	NA,0.6	1.0,0.5	-0.15
1124	0,6	6,12	8,6	10,14	298	149	0.85050382131	1.0	0.0,0.2	0.286,0.176	-0.131
1125	0,3	0,2	5,2	0,2	298	149	1	1.0	NA,0.429	1.0,0.333	-0.237
1126	0,3	6,12	5,4	10,14	298	149	0.863483583091	1.0	0.0,0.111	0.2,0.125	-0.107
1127	0,2	6,12	0,4	10,14	185	149	1	1.0	0.0,0.118	0.0,0.187	-0.035
1129	60,16	45,52	45,58	46,49	298	149	0.979760962792	1.0	0.4,0.133	0.328,0.372	-0.083
1131	24,49	0,0	66,75	2,0	298	149	1	1.0	1.0,1.0	0.943,1.0	0.028
1132	0,6	0,0	0,4	8,0	200	149	1	1.0	NA,1.0	0.0,1.0	0.5
1133	22,18	43,57	28,24	80,97	153	149	1	1.0	0.333,0.235	0.254,0.194	0.06
1136	0,2	4,0	0,0	0,2	230	149	1	1.0	0.0,1.0	NA,0.0	0.5
1137	6,18	0,0	25,26	2,0	298	149	1	1.0	1.0,1.0	0.862,1.0	0.069
1138	15,14	6,8	30,16	10,17	256	149	1	1.0	0.593,0.505	0.636,0.354	0.054
1139	13,8	0,2	22,47	0,0	298	149	1	1.0	1.0,0.667	1.0,1.0	-0.166
1140	4,1	8,8	3,2	8,20	298	149	1	1.0	0.2,0.059	0.158,0.048	0.026
1141	2,0	53,68	6,8	66,86	298	149	1	1.0	0.019,0.0	0.043,0.044	-0.034
1142	6,14	0,0	7,4	4,0	295	149	0.438815235916	1.0	1.0,1.0	0.469,1.0	0.266
1145	30,18	26,33	26,32	58,38	298	149	1	1.0	0.366,0.214	0.183,0.296	0.05
1147	0,2	67,63	3,7	83,71	298	149	1	1.0	0.0,0.016	0.018,0.047	-0.025
1148	83,65	25,35	124,117	20,42	298	149	0.822433914536	1.0	0.624,0.481	0.756,0.582	-0.117
1153	8,0	16,8	11,4	12,23	298	149	1	1.0	0.2,0.0	0.314,0.08	-0.097
1154	0,0	117,116	0,6	105,121	298	149	1	1.0	0.0,0.0	0.0,0.024	-0.012
1155	17,12	4,11	16,4	10,4	270	149	0.956527088167	1.0	0.701,0.376	0.469,0.356	0.126
1157	6,2	2,0	2,2	0,2	224	149	1	1.0	0.666,1.0	1.0,0.399	0.133
1159	12,0	0,4	7,12	0,0	270	149	0.275903911783	1.0	1.0,0.0	1.0,1.0	-0.5
1160	6,2	0,2	4,2	0,0	170	149	1	1.0	1.0,0.467	1.0,1.0	-0.266
1162	2,20	41,48	40,17	56,86	190	149	1	1.0	0.037,0.246	0.359,0.134	-0.105
1163	0,4	33,13	0,0	16,20	153	149	1	1.0	0.0,0.231	0.0,0.0	0.116
1164	2,3	38,62	0,6	94,60	298	149	1	1.0	0.026,0.024	0.0,0.048	0.001
1166	0,2	39,36	14,0	50,49	298	149	1	1.0	0.0,0.027	0.123,0.0	-0.048
1167	2,0	2,6	2,0	6,10	298	149	1	1.0	0.333,0.0	0.143,0.0	0.095
1168	0,0	61,76	2,0	82,89	298	149	1	1.0	0.0,0.0	0.012,0.0	-0.006
1169	2,6	61,76	6,10	82,89	298	149	1	1.0	0.016,0.038	0.035,0.053	-0.017
1172	37,26	14,10	44,18	18,8	172	149	1	1.0	0.696,0.693	0.679,0.661	0.024
1174	2,3	4,2	6,0	0,19	298	149	1	1.0	0.2,0.429	1.0,0.0	-0.185
1175	2,3	4,2	6,0	0,19	298	149	1	1.0	0.2,0.429	1.0,0.0	-0.185
1176	0,0	84,76	6,8	138,167	298	149	1	1.0	0.0,0.0	0.021,0.023	-0.022
1178	0,0	65,55	4,0	55,67	298	149	1	1.0	0.0,0.0	0.035,0.0	-0.018
1180	10,4	65,66	2,6	67,81	199	149	1	1.0	0.103,0.043	0.022,0.053	0.035
1182	18,2	0,0	8,3	0,8	193	149	0.373539293684	1.0	1.0,1.0	1.0,0.225	0.387
1183	2,19	8,7	8,11	14,29	198	149	0.683566697047	1.0	0.158,0.671	0.301,0.222	0.153
1184	1,6	6,14	0,2	16,15	181	149	0.313100176472	1.0	0.121,0.261	0.0,0.099	0.142
1185	3,8	1,5	5,6	1,0	298	149	0.00259371327153	0.07641964956117658	0.6,0.444	0.714,1.0	-0.335
1186	2,3	26,28	16,2	21,25	213	149	0.644003802599	1.0	0.051,0.07	0.348,0.053	-0.14
1187	161,227	2,4	242,306	4,0	155	149	1	1.0	0.987,0.982	0.983,1.0	-0.007
1188	75,53	176,141	90,91	183,216	152	149	1	1.0	0.295,0.269	0.325,0.292	-0.026
1190	4,14	0,4	8,12	0,0	164	149	1	1.0	1.0,0.761	1.0,1.0	-0.119
1192	4,0	8,6	0,0	4,4	298	149	1	1.0	0.2,0.0	0.0,0.0	0.1
1193	2,4	14,6	0,4	25,23	158	149	0.654930837553	1.0	0.119,0.386	0.0,0.141	0.182
1194	10,16	10,0	10,29	2,0	176	149	0.465852381618	1.0	0.458,1.0	0.809,1.0	-0.176
1195	0,2	36,25	5,2	26,49	298	149	1	1.0	0.0,0.038	0.088,0.02	-0.035
1196	2,2	12,10	0,4	14,26	298	149	1	1.0	0.077,0.091	0.0,0.071	0.048
1197	712,681	117,151	816,879	179,188	173	149	1	1.0	0.84,0.795	0.797,0.801	0.018
1198	0,7	88,43	0,0	38,71	298	149	1	1.0	0.0,0.075	0.0,0.0	0.037
1199	4,10	0,0	9,3	0,3	220	149	1	1.0	1.0,1.0	1.0,0.404	0.298
1200	6,12	0,0	12,17	0,3	298	149	1	1.0	1.0,1.0	1.0,0.739	0.131
1203	4,7	164,142	4,6	202,225	260	149	1	1.0	0.014,0.027	0.011,0.015	0.008
1204	0,17	0,2	3,7	0,0	298	149	1	1.0	NA,0.81	1.0,1.0	-0.19
1205	6,4	38,18	10,12	33,26	298	149	1	1.0	0.073,0.1	0.132,0.188	-0.074
1210	71,55	0,0	55,88	0,4	236	149	1	1.0	1.0,1.0	1.0,0.933	0.033
1211	1,0	0,0	6,4	6,10	187	149	1	1.0	1.0,NA	0.443,0.242	0.657
1212	14,23	280,262	22,6	323,327	298	149	1	1.0	0.024,0.042	0.033,0.009	0.012
1214	17,46	171,190	43,58	144,158	298	149	1	1.0	0.047,0.108	0.13,0.155	-0.065
1216	2,0	0,4	0,0	0,2	153	149	1	1.0	1.0,0.0	NA,0.0	0.5
1217	30,2	116,120	15,12	115,108	154	149	1	1.0	0.2,0.016	0.112,0.097	0.004
1218	0,0	98,95	0,2	91,77	167	149	1	1.0	0.0,0.0	0.0,0.023	-0.011
1220	10,29	59,37	15,14	42,58	193	149	1	1.0	0.116,0.377	0.216,0.157	0.06
1222	4,0	68,39	0,0	39,63	298	149	1	1.0	0.029,0.0	0.0,0.0	0.015
1223	1,13	129,114	8,12	148,147	152	149	1	1.0	0.008,0.101	0.05,0.074	-0.007
1227	0,6	0,0	0,0	1,0	172	149	1	1.0	NA,1.0	0.0,NA	1.0
1228	0,6	135,124	0,2	206,180	242	149	1	1.0	0.0,0.029	0.0,0.007	0.011
1231	4,0	0,0	2,2	0,2	193	149	1	1.0	1.0,NA	1.0,0.436	0.282
1233	23,13	8,2	16,22	4,14	152	149	0.914016174136	1.0	0.738,0.864	0.797,0.606	0.099
1234	0,4	15,3	0,0	8,14	223	149	1	1.0	0.0,0.471	0.0,0.0	0.235
1235	6,6	26,22	4,4	18,30	164	149	1	1.0	0.173,0.199	0.168,0.108	0.048
1236	19,37	0,0	18,6	1,0	161	149	1	1.0	1.0,1.0	0.943,1.0	0.028
1238	0,0	10,16	1,4	6,6	231	149	0.666304664002	1.0	0.0,0.0	0.097,0.301	-0.199
1240	10,4	12,2	4,10	30,14	298	149	0.374653368826	1.0	0.294,0.5	0.062,0.263	0.235
1244	0,0	145,167	8,0	158,192	166	149	1	1.0	0.0,0.0	0.043,0.0	-0.021
1245	0,10	86,58	20,22	89,59	166	149	0.169262281213	1.0	0.0,0.134	0.168,0.251	-0.143
1246	21,32	4,0	74,48	6,0	190	149	1	1.0	0.805,1.0	0.906,1.0	-0.05
1247	0,2	63,45	0,0	88,77	298	149	1	1.0	0.0,0.022	0.0,0.0	0.011
1250	6,0	21,30	0,2	18,17	188	149	1	1.0	0.185,0.0	0.0,0.085	0.05
1251	2,3	68,64	0,1	38,82	158	149	1	1.0	0.027,0.042	0.0,0.011	0.029
1252	0,3	21,25	2,2	32,29	298	149	1	1.0	0.0,0.057	0.03,0.033	-0.003
1253	13,12	6,15	33,24	6,6	173	149	0.0692179671874	0.8709927537747834	0.651,0.408	0.826,0.775	-0.271
1255	0,0	51,42	0,10	88,74	230	149	1	1.0	0.0,0.0	0.0,0.08	-0.04
1256	4,0	295,265	0,0	214,281	298	149	1	1.0	0.007,0.0	0.0,0.0	0.004
1257	2,2	21,35	0,2	48,28	298	149	1	1.0	0.045,0.028	0.0,0.034	0.019
1258	4,4	2,0	0,2	0,0	298	149	1	1.0	0.5,1.0	NA,1.0	-0.25
1259	0,4	0,2	0,0	15,4	253	149	1	1.0	NA,0.541	0.0,0.0	0.541
1260	11,22	269,240	16,10	286,277	298	149	1	1.0	0.02,0.044	0.027,0.018	0.01
1261	17,17	2,0	45,56	0,0	167	149	1	1.0	0.884,1.0	1.0,1.0	-0.058
1262	1,6	6,4	6,8	6,4	179	149	0.471669391951	1.0	0.122,0.555	0.454,0.625	-0.201
1265	13,0	15,0	15,13	5,18	298	149	1	1.0	0.302,NA	0.6,0.265	-0.131
1267	42,21	390,369	27,37	429,392	298	149	1	1.0	0.051,0.028	0.031,0.045	0.002
1268	42,23	390,369	33,37	429,392	298	149	1	1.0	0.051,0.03	0.037,0.045	-0.001
1269	2,9	10,13	0,4	6,0	298	149	1	1.0	0.091,0.257	0.0,1.0	-0.326
1270	16,22	118,110	1,10	142,157	298	149	1	1.0	0.063,0.091	0.004,0.031	0.059
1271	24,26	118,110	7,6	142,157	192	149	0.564718682855	1.0	0.136,0.155	0.037,0.029	0.113
1272	34,15	15,2	5,14	12,8	192	149	0.132141786285	1.0	0.638,0.853	0.244,0.576	0.336
1273	254,188	95,102	245,310	118,172	170	149	1	1.0	0.701,0.618	0.645,0.612	0.031
1274	0,0	14,12	4,2	19,50	298	149	1	1.0	0.0,0.0	0.095,0.02	-0.058
1277	0,4	149,114	4,0	175,200	298	149	1	1.0	0.0,0.017	0.011,0.0	0.003
1278	18,8	8,4	4,16	10,8	153	149	0.511948258185	1.0	0.687,0.661	0.28,0.661	0.204
1279	8,18	43,28	5,6	42,33	174	149	0.687075357552	1.0	0.137,0.355	0.093,0.135	0.132
1280	0,1	86,78	4,2	58,135	298	149	1	1.0	0.0,0.006	0.033,0.007	-0.017
1281	0,2	72,51	2,0	78,107	298	149	1	1.0	0.0,0.019	0.013,0.0	0.003
1282	0,0	41,28	0,2	14,39	298	149	1	1.0	0.0,0.0	0.0,0.025	-0.013
1286	12,40	33,54	40,33	52,45	211	149	1	1.0	0.204,0.343	0.352,0.341	-0.073
1288	27,24	9,20	32,46	10,42	298	149	1	1.0	0.6,0.375	0.615,0.354	0.003
1290	10,15	35,23	6,31	22,17	298	149	1	1.0	0.125,0.246	0.12,0.477	-0.113
1292	53,64	31,15	53,65	68,52	161	149	0.07404481199	0.9127156416726531	0.613,0.798	0.419,0.536	0.228
1294	1,14	84,72	53,30	77,144	186	149	0.148943617309	1.0	0.009,0.135	0.355,0.143	-0.177
1295	0,0	166,204	1,0	256,272	176	149	1	1.0	0.0,0.0	0.003,0.0	-0.002
1299	295,332	12,2	373,418	8,6	282	149	1	1.0	0.929,0.989	0.961,0.974	-0.008
1300	0,0	34,30	0,2	26,34	298	149	1	1.0	0.0,0.0	0.0,0.029	-0.015
1301	0,1	116,123	0,0	94,83	298	149	1	1.0	0.0,0.004	0.0,0.0	0.002
1303	12,9	2,0	14,24	0,0	298	149	1	1.0	0.75,1.0	1.0,1.0	-0.125
1304	0,0	80,54	6,0	67,94	185	149	1	1.0	0.0,0.0	0.067,0.0	-0.034
1305	0,2	94,99	0,0	83,78	215	149	1	1.0	0.0,0.014	0.0,0.0	0.007
1307	2,0	88,59	6,8	106,117	264	149	1	1.0	0.013,0.0	0.031,0.037	-0.028
1308	56,60	0,0	77,71	1,1	152	149	1	1.0	1.0,1.0	0.987,0.986	0.014
1309	5,2	76,27	10,2	47,79	298	149	1	1.0	0.032,0.036	0.096,0.012	-0.02
1310	0,2	31,21	0,0	53,53	298	149	1	1.0	0.0,0.045	0.0,0.0	0.022
1311	2,16	9,24	28,8	22,6	265	149	0.231627770074	1.0	0.111,0.273	0.417,0.428	-0.23
1312	0,0	0,6	0,6	8,0	222	149	1	1.0	NA,0.0	0.0,1.0	-0.5
1315	0,0	3,10	4,2	12,12	298	149	1	1.0	0.0,0.0	0.143,0.077	-0.11
1316	3,4	0,0	19,12	4,20	168	149	0.00440676129877	0.12379924764916653	1.0,1.0	0.808,0.347	0.422
1318	114,123	0,2	196,207	0,0	200	149	1	1.0	1.0,0.979	1.0,1.0	-0.01
1319	2,2	0,0	0,2	2,3	161	149	0.000242552872739	0.010464423938168285	1.0,1.0	0.0,0.382	0.809
1321	2,4	55,52	4,15	46,49	298	149	1	1.0	0.018,0.037	0.042,0.133	-0.06
1324	5,10	22,19	0,0	25,23	153	149	0.0132601322439	0.27030761658814667	0.181,0.339	0.0,0.0	0.26
1327	68,70	56,56	70,63	87,78	298	149	1	1.0	0.378,0.385	0.287,0.288	0.094
1328	18,16	56,51	35,31	36,41	298	149	0.149375920868	1.0	0.138,0.136	0.327,0.274	-0.163
1329	8,6	0,2	14,14	0,0	224	149	1	1.0	1.0,0.666	1.0,1.0	-0.167
1330	0,0	10,8	0,2	2,16	153	149	1	1.0	0.0,0.0	0.0,0.109	-0.054
1331	0,0	111,105	1,0	125,157	176	149	1	1.0	0.0,0.0	0.007,0.0	-0.004
1332	0,0	278,371	4,0	318,393	151	149	1	1.0	0.0,0.0	0.012,0.0	-0.006
1333	4,0	19,16	0,0	18,38	171	149	1	1.0	0.155,0.0	0.0,0.0	0.077
1335	0,6	2,14	0,2	10,2	298	149	1	1.0	0.0,0.176	0.0,0.333	-0.079
1337	0,2	0,0	0,2	2,0	192	149	1	1.0	NA,1.0	0.0,1.0	0.5
1340	2,17	3962,3657	14,0	4185,4235	154	149	1	1.0	0.0,0.004	0.003,0.0	0.001
1341	12,28	3962,3657	21,14	4185,4235	298	149	1	1.0	0.002,0.004	0.003,0.002	0.001
1342	12,31	3962,3657	21,14	4185,4235	298	149	1	1.0	0.002,0.004	0.003,0.002	0.001
1343	12,28	3962,3657	21,20	4185,4235	298	149	1	1.0	0.002,0.004	0.003,0.002	0.001
1344	12,28	2,17	21,14	14,0	298	149	0.670210311378	1.0	0.75,0.452	0.429,1.0	-0.114
1345	12,31	2,17	21,14	14,0	298	149	0.709708768912	1.0	0.75,0.477	0.429,1.0	-0.101
1346	12,28	2,17	21,20	14,0	298	149	0.575588013841	1.0	0.75,0.452	0.429,1.0	-0.114
1349	9,23	0,3	8,34	0,0	298	149	1	1.0	1.0,0.793	1.0,1.0	-0.103
1350	196,143	9283,9462	147,180	10035,10528	153	149	1	1.0	0.02,0.015	0.014,0.016	0.003
1351	10,5	10,12	23,12	8,6	183	149	0.0501968483927	0.6890658279361546	0.449,0.253	0.701,0.62	-0.309
1352	0,0	569,595	6,0	568,596	153	149	1	1.0	0.0,0.0	0.01,0.0	-0.005
1357	0,4	2,2	2,2	0,14	173	149	0.719942482965	1.0	0.0,0.633	1.0,0.11	-0.239
1358	0,0	4,12	0,4	2,4	176	149	0.671544585639	1.0	0.0,0.0	0.0,0.458	-0.229
1359	8,4	32,30	5,6	22,27	167	149	1	1.0	0.182,0.106	0.169,0.165	-0.023
1360	32,19	0,0	36,56	0,6	153	149	1	1.0	1.0,1.0	1.0,0.901	0.049
1361	0,5	20,23	3,8	30,24	298	149	1	1.0	0.0,0.098	0.048,0.143	-0.046
1364	46,12	4,4	32,35	12,12	203	149	0.338363635469	1.0	0.894,0.688	0.662,0.682	0.119
1365	2,12	58,38	4,4	83,63	169	149	1	1.0	0.03,0.218	0.041,0.053	0.077
1366	3079,2862	3,16	3013,3298	32,7	155	149	1	1.0	0.999,0.994	0.989,0.998	0.003
1367	0,1	879,895	4,4	996,1172	298	149	1	1.0	0.0,0.001	0.002,0.002	-0.002
1368	0,0	118,169	0,4	206,198	161	149	1	1.0	0.0,0.0	0.0,0.018	-0.009
1369	4,12	53,49	18,6	53,67	179	149	1	1.0	0.059,0.169	0.22,0.069	-0.031
1370	90,97	2,0	134,163	8,4	186	149	1	1.0	0.973,1.0	0.931,0.97	0.036
1371	43,54	16,12	69,110	29,22	290	149	1	1.0	0.58,0.698	0.55,0.72	0.004
1372	0,0	31,48	2,2	42,59	298	149	1	1.0	0.0,0.0	0.023,0.017	-0.02
1373	0,8	2,0	7,8	0,0	191	149	0.795238611364	1.0	0.0,1.0	1.0,1.0	-0.5
1374	28,16	6,10	25,44	4,0	298	149	0.0209100905525	0.34134309983	0.7,0.444	0.758,1.0	-0.307
1376	15,34	2,2	22,11	0,0	186	149	1	1.0	0.857,0.932	1.0,1.0	-0.105
1377	11,19	2,2	12,13	0,0	207	149	0.588072542593	1.0	0.798,0.872	1.0,1.0	-0.165
1378	4,0	8,15	4,2	14,0	170	149	0.210125011835	1.0	0.305,0.0	0.2,1.0	-0.448
1380	0,4	41,65	18,14	84,110	155	149	0.737325019424	1.0	0.0,0.056	0.171,0.109	-0.112
1381	0,2	7,12	0,0	15,8	298	149	1	1.0	0.0,0.077	0.0,0.0	0.038
1382	30,11	8,0	10,36	0,4	163	149	1	1.0	0.774,1.0	1.0,0.892	-0.059
1383	0,11	125,108	0,5	111,144	153	149	1	1.0	0.0,0.09	0.0,0.033	0.028
1387	0,0	130,92	2,0	114,123	298	149	1	1.0	0.0,0.0	0.009,0.0	-0.004
1389	40,78	0,0	43,75	2,2	293	149	1	1.0	1.0,1.0	0.916,0.95	0.067
1390	6,8	569,536	2,10	719,672	153	149	1	1.0	0.01,0.014	0.003,0.014	0.003
1394	10,12	422,365	2,22	387,469	298	149	1	1.0	0.012,0.016	0.003,0.023	0.001
1397	0,1	18,21	10,4	13,16	298	149	0.204136005825	1.0	0.0,0.023	0.278,0.111	-0.183
1398	1,0	71,75	1,0	72,114	153	149	1	1.0	0.014,0.0	0.013,0.0	0.001
1399	14,20	0,4	9,30	0,2	171	149	1	1.0	1.0,0.813	1.0,0.929	-0.058
1400	10,8	1512,1407	6,22	1974,2116	298	149	1	1.0	0.003,0.003	0.002,0.005	-0.001
1401	55,54	2,4	55,101	0,7	221	149	1	1.0	0.949,0.901	1.0,0.907	-0.028
1403	49,66	6,0	73,64	4,0	298	149	1	1.0	0.803,1.0	0.901,1.0	-0.049
1405	101,58	0,14	91,78	13,0	162	149	1	1.0	1.0,0.792	0.866,1.0	-0.037
1408	0,0	18,18	1,4	20,25	185	149	1	1.0	0.0,0.0	0.039,0.114	-0.076
1409	2,0	159,132	4,2	192,214	298	149	1	1.0	0.006,0.0	0.01,0.005	-0.004
1410	0,10	219,187	0,7	230,309	298	149	1	1.0	0.0,0.026	0.0,0.011	0.007
1411	0,0	117,105	0,4	122,143	206	149	1	1.0	0.0,0.0	0.0,0.02	-0.01
1412	0,0	9,10	2,0	17,22	189	149	1	1.0	0.0,0.0	0.085,0.0	-0.043
1413	4,11	0,0	10,17	0,2	164	149	1	1.0	1.0,1.0	1.0,0.885	0.057
1414	68,135	8,8	92,78	20,12	164	149	1	1.0	0.885,0.939	0.807,0.855	0.081
1415	6,14	0,16	14,0	2,2	171	149	0.634329329727	1.0	1.0,0.433	0.859,0.0	0.287
1416	1,4	129,140	2,4	124,188	298	149	1	1.0	0.004,0.014	0.008,0.011	-0.0
1417	2,0	29,31	0,7	23,16	173	149	1	1.0	0.056,0.0	0.0,0.274	-0.109
1420	2,2	132,100	5,0	149,172	298	149	1	1.0	0.008,0.01	0.017,0.0	0.001
1421	4,8	132,100	5,11	149,172	298	149	1	1.0	0.015,0.038	0.017,0.031	0.002
1422	4,8	0,0	6,11	4,0	167	149	1	1.0	1.0,1.0	0.572,1.0	0.214
1424	52,38	2,9	23,27	2,0	172	149	1	1.0	0.957,0.785	0.909,1.0	-0.084
1427	0,0	45,18	2,2	67,58	298	149	1	1.0	0.0,0.0	0.015,0.017	-0.016
1428	14,12	37,62	6,4	63,42	153	149	0.628979875931	1.0	0.269,0.159	0.085,0.085	0.129
1429	635,557	2,8	597,749	12,16	154	149	1	1.0	0.997,0.985	0.98,0.978	0.012
1431	0,4	0,0	6,1	2,0	298	149	1	1.0	NA,1.0	0.6,1.0	0.2
1432	0,2	6,3	0,2	12,4	219	149	1	1.0	0.0,0.312	0.0,0.254	0.029
1433	23,22	0,2	42,73	0,0	298	149	1	1.0	1.0,0.846	1.0,1.0	-0.077
1434	2,2	11,12	3,35	20,32	174	149	0.391598292031	1.0	0.135,0.125	0.114,0.484	-0.169
1435	4,10	16,45	0,0	39,94	289	149	1	1.0	0.114,0.103	0.0,0.0	0.108
1436	1,0	2,10	0,4	2,2	196	149	0.612022079396	1.0	0.275,0.0	0.0,0.603	-0.164
1437	1,0	2,10	0,0	2,2	225	149	1	1.0	0.249,0.0	0.0,0.0	0.124
1439	4,4	9,24	1,14	15,6	298	149	1	1.0	0.182,0.077	0.032,0.538	-0.156
1440	1,0	19,26	6,1	10,22	288	149	1	1.0	0.027,0.0	0.237,0.023	-0.117
1441	35,20	10,0	82,72	4,0	154	149	1	1.0	0.772,1.0	0.952,1.0	-0.09
1442	8,14	11,44	8,17	30,45	298	149	1	1.0	0.267,0.137	0.118,0.159	0.064
1443	59,37	31,63	85,62	41,37	161	149	0.641985366307	1.0	0.638,0.352	0.657,0.608	-0.138
1444	0,0	9,9	0,1	12,15	298	149	1	1.0	0.0,0.0	0.0,0.032	-0.016
1445	0,2	2,2	2,0	4,6	298	149	1	1.0	0.0,0.333	0.2,0.0	0.067
1447	11,20	18,8	15,2	24,21	221	149	0.157102969958	1.0	0.292,0.628	0.296,0.06	0.282
1448	133,114	0,0	164,194	4,0	298	149	1	1.0	1.0,1.0	0.953,1.0	0.024
1450	5,0	38,39	0,2	46,74	298	149	1	1.0	0.062,0.0	0.0,0.013	0.025
1451	264,272	57,104	267,282	32,59	253	149	0.727120238532	1.0	0.732,0.606	0.831,0.738	-0.115
1452	322,271	13,2	427,520	10,16	152	149	1	1.0	0.96,0.993	0.977,0.97	0.003
1453	141,88	196,223	75,134	181,312	152	149	1	1.0	0.414,0.279	0.289,0.296	0.054
1454	0,2	27,40	0,2	16,45	298	149	1	1.0	0.0,0.024	0.0,0.022	0.001
1455	10,6	59,51	4,2	105,83	278	149	1	1.0	0.083,0.059	0.02,0.013	0.055
1456	0,2	36,69	8,2	59,85	157	149	1	1.0	0.0,0.027	0.114,0.022	-0.055
1458	0,0	4,0	2,0	0,2	154	149	1	1.0	0.0,NA	1.0,0.0	-0.5
1460	2,0	1,0	8,2	0,0	203	149	1	1.0	0.595,NA	1.0,1.0	-0.405
1462	84,55	121,98	112,84	131,96	164	149	1	1.0	0.387,0.338	0.437,0.443	-0.077
1464	0,4	0,0	0,0	0,2	170	149	1	1.0	NA,1.0	NA,0.0	1.0
1465	62,61	0,0	52,48	2,0	279	149	1	1.0	1.0,1.0	0.933,1.0	0.033
1466	2,0	2,0	4,0	0,0	160	149	1	1.0	0.482,NA	1.0,NA	-0.518
1467	2,0	49,48	4,0	34,27	298	149	1	1.0	0.02,0.0	0.056,0.0	-0.018
1468	2,0	49,48	0,0	34,27	298	149	1	1.0	0.02,0.0	0.0,0.0	0.01
1470	16,6	65,46	14,14	67,99	298	149	1	1.0	0.11,0.061	0.095,0.066	0.005
1471	12,10	6,10	11,34	8,13	233	149	0.944357710698	1.0	0.561,0.39	0.468,0.626	-0.072
1474	90,124	716,645	182,143	913,959	298	149	1	1.0	0.059,0.088	0.091,0.069	-0.007
1476	0,0	4,11	4,0	10,12	295	149	1	1.0	0.0,0.0	0.168,0.0	-0.084
1477	17,13	9,10	17,13	0,10	298	149	0.26374424195	1.0	0.486,0.394	1.0,0.394	-0.257
1478	2,0	7,29	0,0	12,17	298	149	1	1.0	0.125,0.0	0.0,0.0	0.062
1479	0,3	7,29	0,0	12,17	298	149	1	1.0	0.0,0.049	0.0,0.0	0.025
1482	8,18	51,89	0,7	63,79	167	149	0.903903623151	1.0	0.123,0.153	0.0,0.073	0.102
1484	2,0	5,30	2,2	28,15	298	149	1	1.0	0.167,0.0	0.034,0.062	0.036
1486	3,4	36,19	12,8	23,20	258	149	0.368357474362	1.0	0.046,0.108	0.232,0.188	-0.133
1487	0,4	2,0	1,6	0,8	224	149	1	1.0	0.0,1.0	1.0,0.333	-0.166
1488	2,6	32,24	16,10	26,44	214	149	0.652752689612	1.0	0.042,0.148	0.3,0.137	-0.123
1489	49,30	4,0	42,62	0,0	182	149	1	1.0	0.909,1.0	1.0,1.0	-0.045
1490	19,12	4,0	32,28	0,0	247	149	1	1.0	0.741,1.0	1.0,1.0	-0.129
1491	18,30	0,2	18,34	2,3	212	149	1	1.0	1.0,0.913	0.863,0.888	0.081
1492	4,0	40,22	2,0	19,26	298	149	1	1.0	0.048,0.0	0.05,0.0	-0.001
1493	20,13	5,4	27,8	25,14	153	149	0.015143908625	0.2931758126286625	0.796,0.76	0.513,0.358	0.343
1497	14,28	0,0	21,35	4,2	269	149	0.792231991356	1.0	1.0,1.0	0.744,0.906	0.175
1498	149,121	0,0	157,155	2,2	298	149	1	1.0	1.0,1.0	0.975,0.975	0.025
1504	8,16	12,4	16,12	10,21	152	149	0.813839264573	1.0	0.395,0.797	0.611,0.359	0.111
1505	2,0	58,64	10,0	88,79	288	149	1	1.0	0.018,0.0	0.056,0.0	-0.019
1507	1,2	2,11	2,6	2,2	284	149	0.0384177706417	0.5591405654840194	0.208,0.087	0.344,0.611	-0.33
1508	4,4	2,3	4,12	1,12	298	149	1	1.0	0.5,0.4	0.667,0.333	-0.05
1509	6,15	2,3	4,8	1,12	180	149	0.241636978058	1.0	0.713,0.805	0.768,0.356	0.197
1510	1,0	32,9	0,0	23,30	152	149	1	1.0	0.03,0.0	0.0,0.0	0.015
1512	2,4	2,0	2,0	2,3	153	149	0.00585223954292	0.1571001192854969	0.493,1.0	0.493,0.0	0.5
1515	0,14	6,14	2,16	19,28	244	149	1	1.0	0.0,0.379	0.06,0.259	0.03
1516	20,40	6,14	17,25	19,28	298	149	0.0134258749961	0.27030761658814667	0.625,0.588	0.309,0.309	0.298
1517	20,40	0,10	27,25	2,16	298	149	0.691222598105	1.0	1.0,0.667	0.871,0.439	0.178
1518	2,0	55,111	0,2	95,74	194	149	1	1.0	0.027,0.0	0.0,0.02	0.003
1519	0,0	6,18	2,0	4,6	181	149	1	1.0	0.0,0.0	0.292,0.0	-0.146
1520	12,33	4,0	11,6	2,4	173	149	0.441502243155	1.0	0.721,1.0	0.826,0.564	0.166
1523	32,52	0,4	84,85	10,0	191	149	1	1.0	1.0,0.91	0.868,1.0	0.021
1524	119,160	0,2	212,209	0,0	298	149	1	1.0	1.0,0.976	1.0,1.0	-0.012
1528	2,0	3054,3061	4,0	3096,3567	153	149	1	1.0	0.001,0.0	0.001,0.0	0.0
1529	8,6	26,55	23,14	16,23	278	149	0.0197068233743	0.3400834662307771	0.142,0.055	0.435,0.246	-0.242
1530	22,17	39,6	69,49	8,13	218	149	0.0404098150669	0.581131626200181	0.278,0.659	0.855,0.72	-0.319
1532	2,4	105,118	0,6	122,192	298	149	1	1.0	0.009,0.017	0.0,0.015	0.006
1535	137,127	0,0	220,230	2,0	206	149	1	1.0	1.0,1.0	0.988,1.0	0.006
1538	18,27	2,0	36,91	0,0	152	149	1	1.0	0.898,1.0	1.0,1.0	-0.051
1539	0,4	34,33	2,4	73,60	153	149	1	1.0	0.0,0.106	0.026,0.061	0.01
1540	0,0	10,10	2,0	10,13	298	149	1	1.0	0.0,0.0	0.091,0.0	-0.045
1542	16,19	10,4	31,19	4,2	298	149	0.175932949493	1.0	0.444,0.704	0.795,0.826	-0.237
1543	20,26	0,0	17,30	0,8	298	149	0.42707008122	1.0	1.0,1.0	1.0,0.652	0.174
1547	0,2	61,67	0,0	85,70	298	149	1	1.0	0.0,0.015	0.0,0.0	0.007
1548	7,15	129,124	21,37	121,169	298	149	1	1.0	0.026,0.057	0.08,0.099	-0.048
1549	0,4	7,15	4,3	15,37	170	149	1	1.0	0.0,0.189	0.189,0.066	-0.033
1550	10,10	251,223	15,22	286,310	298	149	1	1.0	0.02,0.022	0.026,0.034	-0.009
1551	0,0	24,16	0,2	16,27	298	149	1	1.0	0.0,0.0	0.0,0.036	-0.018
1552	43,30	0,0	45,61	0,1	298	149	1	1.0	1.0,1.0	1.0,0.968	0.016
1554	2,2	0,6	2,2	0,2	162	149	0.403940819143	1.0	1.0,0.235	1.0,0.479	-0.122
1555	10,13	734,871	20,8	801,910	153	149	1	1.0	0.013,0.014	0.024,0.008	-0.003
1556	2,0	81,74	2,0	94,61	298	149	1	1.0	0.012,0.0	0.011,0.0	0.001
1557	4,2	0,0	2,0	6,0	203	149	1	1.0	1.0,1.0	0.197,NA	0.803
1558	8,9	0,0	4,4	6,0	298	149	0.272093997985	1.0	1.0,1.0	0.25,1.0	0.375
1559	6,9	2,0	2,6	0,0	298	149	1	1.0	0.6,1.0	1.0,1.0	-0.2
1560	45,50	0,6	45,42	2,0	298	149	1	1.0	1.0,0.806	0.918,1.0	-0.056
1562	0,2	15,2	0,0	6,2	298	149	1	1.0	0.0,0.333	0.0,0.0	0.167
1563	0,0	27,52	0,2	22,42	243	149	1	1.0	0.0,0.0	0.0,0.028	-0.014
1564	17,28	16,13	37,32	8,14	298	149	0.408925173562	1.0	0.347,0.519	0.698,0.533	-0.182
1565	4,6	0,6	11,20	2,4	298	149	1	1.0	1.0,0.333	0.733,0.714	-0.057
1567	3,0	4,11	1,8	9,26	154	149	1	1.0	0.421,0.0	0.097,0.229	0.047
1568	6,0	22,18	0,0	8,13	181	149	1	1.0	0.183,0.0	0.0,0.0	0.091
1569	22,10	0,2	20,20	0,2	298	149	1	1.0	1.0,0.714	1.0,0.833	-0.059
1571	14,6	2,4	2,0	37,8	153	149	2.28290419901e-09	4.5962471206734667e-07	0.872,0.594	0.05,0.0	0.708
1572	6,6	2,2	0,10	0,2	165	149	1	1.0	0.73,0.73	NA,0.819	-0.089
1573	4,2	0,10	4,12	6,21	298	149	0.659087453108	1.0	1.0,0.091	0.25,0.222	0.309
1574	1,10	0,10	6,4	6,21	193	149	0.360008078402	1.0	1.0,0.436	0.436,0.128	0.436
1575	3,1	611,564	9,5	669,698	298	149	1	1.0	0.002,0.001	0.007,0.004	-0.004
1576	38,31	46,37	42,52	85,130	153	149	0.357894173502	1.0	0.446,0.449	0.325,0.28	0.145
1577	2,0	24,27	2,0	32,23	298	149	1	1.0	0.04,0.0	0.03,0.0	0.005
1578	0,0	50,72	0,2	57,54	153	149	1	1.0	0.0,0.0	0.0,0.035	-0.018
1579	165,150	8,4	228,166	16,4	151	149	1	1.0	0.953,0.974	0.934,0.976	0.008
1580	0,0	2,0	0,2	0,0	154	149	1	1.0	0.0,NA	NA,1.0	-1.0
1581	171,118	13,2	197,246	10,12	250	149	1	1.0	0.887,0.972	0.922,0.924	0.006
1582	14,4	8,6	2,0	3,2	184	149	0.050032124925	0.6890658279361546	0.586,0.351	0.351,0.0	0.293
1584	0,0	2,5	4,10	6,6	186	149	0.000102178537835	0.00503898560458528	0.0,0.0	0.348,0.572	-0.46
1585	10,10	2,6	4,19	8,6	242	149	0.664111423137	1.0	0.755,0.506	0.235,0.661	0.183
1589	0,0	16,24	2,2	21,12	298	149	1	1.0	0.0,0.0	0.045,0.077	-0.061
1590	6,4	2,0	28,18	4,6	298	149	0.327419405716	1.0	0.6,1.0	0.778,0.6	0.111
1591	2,0	51,33	2,2	64,72	171	149	1	1.0	0.033,0.0	0.027,0.024	-0.009
1592	18,2	25,38	13,8	20,38	298	149	1	1.0	0.265,0.026	0.245,0.095	-0.024
1593	67,60	8,0	74,64	6,4	298	149	1	1.0	0.807,1.0	0.86,0.889	0.029
1594	10,6	164,150	9,3	219,194	298	149	1	1.0	0.03,0.02	0.02,0.008	0.011
1595	8,0	10,5	0,0	6,8	224	149	0.495981382888	1.0	0.347,0.0	0.0,0.0	0.173
1596	4,4	53,32	0,6	58,43	176	149	1	1.0	0.06,0.096	0.0,0.106	0.025
1598	21,22	6,10	84,55	12,12	164	149	0.75235712755	1.0	0.761,0.667	0.864,0.806	-0.121
1602	0,2	0,0	8,8	0,2	170	149	1	1.0	NA,1.0	1.0,0.778	0.111
1603	83,130	0,0	84,131	0,8	298	149	1	1.0	1.0,1.0	1.0,0.891	0.054
1604	2,5	0,0	20,6	0,4	298	149	0.752658961373	1.0	1.0,1.0	1.0,0.429	0.285
1605	14,20	0,0	14,16	6,0	261	149	0.552688253592	1.0	1.0,1.0	0.571,1.0	0.215
1606	98,113	4,4	147,144	2,8	247	149	1	1.0	0.937,0.945	0.978,0.916	-0.006
1608	25,9	24,26	10,17	31,15	233	149	1	1.0	0.4,0.181	0.171,0.42	-0.005
1611	16,33	6,2	48,33	4,0	155	149	1	1.0	0.719,0.941	0.92,1.0	-0.13
1612	295,276	0,0	403,451	4,0	152	149	1	1.0	1.0,1.0	0.99,1.0	0.005
1613	25,49	14,27	44,27	53,52	184	149	0.0311031291093	0.46642347132106665	0.591,0.595	0.402,0.296	0.244
1614	2,13	2,1	0,4	1,6	154	149	0.0322875584064	0.4756508604259902	0.492,0.926	0.0,0.392	0.513
1615	0,0	2,15	0,6	6,10	154	149	0.56581828517	1.0	0.0,0.0	0.0,0.367	-0.183
1617	0,0	169,112	0,6	139,195	152	149	1	1.0	0.0,0.0	0.0,0.029	-0.015
1619	14,16	62,107	12,29	120,155	288	149	1	1.0	0.105,0.072	0.049,0.088	0.02
1620	2,1	26,8	2,15	24,16	258	149	0.556804970639	1.0	0.043,0.067	0.046,0.351	-0.143
1621	0,4	22,20	0,0	18,15	298	149	1	1.0	0.0,0.091	0.0,0.0	0.045
1623	0,2	87,82	6,0	56,75	298	149	1	1.0	0.0,0.012	0.051,0.0	-0.019
1625	31,37	0,4	33,10	2,0	152	149	1	1.0	1.0,0.901	0.942,1.0	-0.02
1630	0,0	60,119	2,7	110,114	173	149	1	1.0	0.0,0.0	0.015,0.05	-0.033
1636	59,65	8,2	118,81	4,4	281	149	1	1.0	0.796,0.945	0.94,0.915	-0.057
1637	0,2	29,30	0,0	26,29	203	149	1	1.0	0.0,0.047	0.0,0.0	0.024
1638	35,51	12,9	16,53	61,62	155	149	2.71744370062e-05	0.0017277221001836631	0.737,0.845	0.201,0.451	0.465
1639	223,182	1,2	320,275	0,0	157	149	1	1.0	0.995,0.989	1.0,1.0	-0.008
1644	0,0	76,57	5,0	78,60	298	149	1	1.0	0.0,0.0	0.031,0.0	-0.015
1645	2,0	24,30	2,3	26,20	161	149	1	1.0	0.072,0.0	0.066,0.122	-0.058
1646	74,64	0,0	61,78	0,4	161	149	1	1.0	1.0,1.0	1.0,0.947	0.026
1647	0,0	6,2	0,6	42,22	183	149	1	1.0	0.0,0.0	0.0,0.182	-0.091
1648	54,44	1,2	96,82	0,0	298	149	1	1.0	0.964,0.917	1.0,1.0	-0.059
1649	0,0	41,27	0,4	52,49	298	149	1	1.0	0.0,0.0	0.0,0.039	-0.019
1650	0,4	2,0	0,0	0,2	155	149	1	1.0	0.0,1.0	NA,0.0	0.5
1652	0,0	32,16	1,0	19,26	222	149	1	1.0	0.0,0.0	0.034,0.0	-0.017
1653	15,6	240,209	16,28	206,244	298	149	1	1.0	0.03,0.014	0.037,0.054	-0.024
1654	16,12	4,8	14,28	8,0	161	149	0.535608392881	1.0	0.787,0.581	0.618,1.0	-0.125
1655	2,0	2,0	0,4	0,0	153	149	1	1.0	0.493,NA	NA,1.0	-0.507
1658	0,2	18,13	0,8	32,12	160	149	1	1.0	0.0,0.125	0.0,0.383	-0.129
1659	1,2	18,21	2,0	8,10	173	149	1	1.0	0.046,0.076	0.177,0.0	-0.027
1661	2,4	49,32	2,0	54,38	298	149	1	1.0	0.02,0.059	0.018,0.0	0.03
1662	31,14	0,18	44,37	5,6	298	149	1	1.0	1.0,0.28	0.815,0.755	-0.145
1663	89,65	8,4	119,97	2,10	228	149	1	1.0	0.879,0.914	0.975,0.864	-0.023
1666	0,0	6,10	4,0	0,2	298	149	0.771202692468	1.0	0.0,0.0	1.0,0.0	-0.5
1667	26,5	3560,3462	11,12	4010,4397	152	149	1	1.0	0.007,0.001	0.003,0.003	0.001
1668	2,8	0,0	2,4	2,0	178	149	1	1.0	1.0,1.0	0.456,1.0	0.272
1669	65,72	2,4	92,85	4,0	182	149	1	1.0	0.964,0.936	0.95,1.0	-0.025
1670	13,7	6,2	15,23	2,6	259	149	0.696715427494	1.0	0.555,0.668	0.812,0.688	-0.138
1671	32,22	30,33	2,14	105,79	155	149	9.96010251608e-07	9.914313443012923e-05	0.506,0.391	0.018,0.146	0.367
1672	7,21	6,12	22,43	54,15	298	149	1	1.0	0.368,0.467	0.169,0.589	0.038
1674	10,12	54,79	11,13	96,103	211	149	1	1.0	0.116,0.097	0.075,0.082	0.028
1675	0,2	37,23	4,6	72,56	298	149	1	1.0	0.0,0.042	0.027,0.051	-0.018
1677	62,40	2,8	24,65	10,16	237	149	0.188231746438	1.0	0.951,0.759	0.601,0.719	0.195
1678	4,0	19,13	0,0	8,40	298	149	1	1.0	0.095,0.0	0.0,0.0	0.048
1679	11,11	51,65	23,24	46,70	161	149	0.57069735578	1.0	0.166,0.135	0.316,0.241	-0.128
1680	4512,4222	13,2	5501,6124	12,10	152	149	1	1.0	0.997,1.0	0.998,0.998	0.0
1681	6,18	0,0	4,13	4,10	298	149	2.69325806102e-09	4.6477939110173715e-07	1.0,1.0	0.333,0.394	0.636
1682	4,2	8,16	0,0	22,29	204	149	0.895417190404	1.0	0.268,0.084	0.0,0.0	0.176
1683	2,2	10,0	0,0	4,6	298	149	0.542030231263	1.0	0.091,1.0	0.0,0.0	0.545
1684	12,6	0,2	0,5	12,13	298	149	1.02839249342e-05	0.0007764363325321001	1.0,0.6	0.0,0.161	0.72
1686	11,4	3,4	10,10	40,26	206	149	0.0205307321611	0.34134309983	0.726,0.42	0.153,0.218	0.387
1687	12,3	329,301	5,3	392,409	298	149	1	1.0	0.018,0.005	0.006,0.004	0.006
1689	21,12	12,6	7,11	2,0	298	149	0.0153679178645	0.2931758126286625	0.467,0.5	0.636,1.0	-0.335
1691	35,40	1,0	36,20	0,2	217	149	1	1.0	0.96,1.0	1.0,0.873	0.043
1694	30,42	46,56	39,66	83,84	176	149	1	1.0	0.356,0.388	0.285,0.399	0.03
1697	0,2	127,138	6,2	123,167	298	149	1	1.0	0.0,0.007	0.024,0.006	-0.011
1699	0,2	2,0	2,0	0,4	166	149	0.895726648273	1.0	0.0,1.0	1.0,0.0	0.0
1700	0,2	121,67	0,0	86,125	298	149	1	1.0	0.0,0.015	0.0,0.0	0.007
1701	2,0	121,67	0,4	86,125	298	149	1	1.0	0.008,0.0	0.0,0.016	-0.004
1703	2,7	16,30	13,30	14,50	249	149	0.0783607831732	0.9465982607322561	0.07,0.123	0.357,0.264	-0.214
1704	12,4	2,0	11,37	0,0	161	149	1	1.0	0.847,1.0	1.0,1.0	-0.077
1705	52,38	47,63	45,24	36,64	247	149	1	1.0	0.4,0.267	0.43,0.184	0.027
1706	31,18	2,0	39,21	0,0	298	149	1	1.0	0.886,1.0	1.0,1.0	-0.057
1707	238,237	4,4	415,388	2,2	155	149	1	1.0	0.983,0.983	0.995,0.995	-0.012
1708	1,0	41,18	0,2	2,28	155	149	1	1.0	0.023,0.0	0.0,0.064	-0.021
1713	4,8	0,0	10,10	0,4	298	149	0.683303447787	1.0	1.0,1.0	1.0,0.556	0.222
1715	4,2	8,3	4,4	10,12	177	149	1	1.0	0.296,0.359	0.252,0.219	0.092
1717	2,18	15,3	10,18	7,8	298	149	0.722472123954	1.0	0.062,0.75	0.417,0.529	-0.067
1718	0,0	3,4	4,6	6,4	200	149	0.00224766058481	0.067879349661262	0.0,0.0	0.332,0.528	-0.43
1719	128,79	136,118	180,153	125,153	298	149	1	1.0	0.32,0.251	0.419,0.333	-0.091
1720	9435,9497	6,5	11891,12546	5,4	170	149	1	1.0	0.999,0.999	1.0,1.0	-0.001
1721	3484,3401	6,9	4482,4898	3,6	170	149	1	1.0	0.998,0.997	0.999,0.999	-0.001
1722	2496,2360	6,9	3023,3193	3,6	191	149	1	1.0	0.997,0.995	0.999,0.998	-0.002
1723	161,151	1145,1186	138,193	1594,1893	170	149	1	1.0	0.11,0.1	0.071,0.082	0.029
1724	3647,3604	9,0	4615,4960	9,13	170	149	1	1.0	0.997,1.0	0.998,0.997	0.001
1725	2496,2360	9,0	3023,3194	9,13	191	149	1	1.0	0.995,1.0	0.996,0.995	0.002
1726	2531,2387	9,0	3043,3226	9,13	212	149	1	1.0	0.995,1.0	0.996,0.994	0.003
1727	161,151	1308,1389	138,194	1727,1955	170	149	1	1.0	0.097,0.087	0.065,0.08	0.019
1728	214,196	1308,1389	180,244	1727,1955	191	149	1	1.0	0.113,0.099	0.075,0.089	0.024
1729	269,192	0,1	255,268	0,1	170	149	1	1.0	1.0,0.994	1.0,0.996	-0.001
1730	2341,2219	8,5	2892,3005	2,0	170	149	1	1.0	0.996,0.997	0.999,1.0	-0.003
1731	3212,3061	8,5	3830,4115	2,0	191	149	1	1.0	0.997,0.998	0.999,1.0	-0.002
1732	2531,2389	8,5	3047,3229	2,0	212	149	1	1.0	0.996,0.997	0.999,1.0	-0.003
1733	2731,2600	8,5	3260,3489	2,0	233	149	1	1.0	0.995,0.997	0.999,1.0	-0.004
1734	877,852	2,4	945,1115	4,0	170	149	1	1.0	0.997,0.995	0.995,1.0	-0.002
1735	214,198	2,4	184,247	4,0	191	149	1	1.0	0.988,0.975	0.973,1.0	-0.005
1736	508,500	2,4	469,625	4,0	212	149	1	1.0	0.994,0.989	0.988,1.0	-0.002
1737	269,194	716,702	259,271	807,922	170	149	1	1.0	0.248,0.195	0.22,0.205	0.009
1738	899,846	716,702	915,1038	807,922	191	149	1	1.0	0.495,0.485	0.469,0.468	0.021
1739	860,922	1,4	976,1057	5,4	170	149	1	1.0	0.999,0.995	0.994,0.996	0.002
1740	2575,2465	0,3	3094,3269	0,0	191	149	1	1.0	1.0,0.998	1.0,1.0	-0.001
1741	2532,2385	0,3	3042,3225	0,0	212	149	1	1.0	1.0,0.998	1.0,1.0	-0.001
1742	2695,2553	0,3	3212,3433	0,0	233	149	1	1.0	1.0,0.998	1.0,1.0	-0.001
1743	270,190	79,106	254,267	71,76	170	149	1	1.0	0.75,0.611	0.758,0.755	-0.076
1744	863,799	79,106	867,982	71,76	191	149	1	1.0	0.895,0.855	0.905,0.91	-0.032
1745	824,875	2,0	928,1001	0,0	170	149	1	1.0	0.997,1.0	1.0,1.0	-0.002
1746	2497,2359	2,0	3023,3193	0,0	191	149	1	1.0	0.999,1.0	1.0,1.0	-0.0
1747	2745,2596	2,0	3299,3492	0,0	212	149	1	1.0	0.999,1.0	1.0,1.0	-0.0
1748	2694,2553	2,0	3214,3433	0,0	233	149	1	1.0	0.999,1.0	1.0,1.0	-0.0
1749	483,401	1,0	511,534	0,0	170	149	1	1.0	0.998,1.0	1.0,1.0	-0.001
1750	862,799	1,0	869,982	0,0	191	149	1	1.0	0.999,1.0	1.0,1.0	-0.0
1751	823,875	215,211	930,1001	257,267	170	149	1	1.0	0.77,0.784	0.76,0.767	0.013
1756	0,0	10,0	0,4	12,3	185	149	1	1.0	0.0,NA	0.0,0.518	-0.259
1761	4,0	56,61	19,13	60,47	160	149	0.00841280433039	0.19543591598290616	0.062,0.0	0.228,0.205	-0.185
1763	24,25	35,67	31,42	34,53	176	149	0.689264705625	1.0	0.367,0.24	0.436,0.402	-0.116
1766	0,0	2,2	0,8	7,8	167	149	0.430605427868	1.0	0.0,0.0	0.0,0.472	-0.236
1769	0,2	70,37	4,2	67,78	151	149	1	1.0	0.0,0.051	0.056,0.025	-0.015
1771	5,16	22,68	12,6	192,149	160	149	0.505507002408	1.0	0.175,0.18	0.055,0.036	0.132
1772	6,0	12,6	0,0	16,10	153	149	0.616852673528	1.0	0.327,0.0	0.0,0.0	0.164
1773	10,26	10,4	8,26	0,10	153	149	0.965251529915	1.0	0.493,0.864	1.0,0.717	-0.18
1774	8,13	44,43	2,4	82,57	161	149	0.261783528962	1.0	0.144,0.219	0.022,0.061	0.14
1775	0,0	44,43	1,0	82,57	173	149	1	1.0	0.0,0.0	0.01,0.0	-0.005
1777	68,60	100,78	56,53	79,88	186	149	1	1.0	0.353,0.381	0.362,0.325	0.023
1778	72,75	1,4	59,95	1,14	160	149	1	1.0	0.985,0.946	0.982,0.863	0.043
