ID	IJC_SAMPLE_1	SJC_SAMPLE_1	IJC_SAMPLE_2	SJC_SAMPLE_2	IncFormLen	SkipFormLen
3	93,143	2,0	166,128	0,0	198	99
4	0,4	187,249	1,0	214,188	180	99
5	5,6	2,9	9,13	8,8	158	99
7	3,0	21,17	0,0	46,15	109	99
8	0,1	27,26	1,0	37,23	150	99
9	85,188	13,17	164,169	20,18	134	99
10	1,2	302,372	22,14	327,277	198	99
13	217,351	0,4	247,381	1,2	198	99
14	10,23	0,1	3,5	0,0	198	99
15	15,8	8,9	14,13	14,12	192	99
16	3,6	15,15	7,6	26,21	198	99
18	1,2	15,15	5,1	26,21	134	99
19	45,54	0,0	34,57	1,1	105	99
20	3,11	63,92	2,8	114,116	198	99
21	275,335	30,24	399,285	88,71	120	99
22	64,63	30,24	77,69	88,71	186	99
23	11,7	222,279	14,17	336,233	165	99
24	125,102	3,3	106,95	2,1	198	99
25	4,12	1,4	11,16	8,1	103	99
27	3,3	48,67	0,0	91,59	198	99
28	0,1	0,6	0,0	9,5	114	99
29	159,229	1,1	103,105	0,0	198	99
30	745,941	2,6	880,980	0,0	111	99
31	18,16	33,55	15,12	41,66	129	99
32	3,14	224,381	6,5	278,297	198	99
33	8,25	122,260	31,24	172,204	138	99
34	2,4	55,110	1,3	99,78	198	99
35	0,3	150,226	4,7	174,185	198	99
36	0,1	24,20	9,2	28,17	111	99
37	123,194	12,19	118,170	12,17	198	99
38	6,3	333,491	7,5	419,498	138	99
39	44,84	6,0	49,51	3,6	198	99
40	179,194	4,8	227,195	15,8	111	99
41	47,45	0,2	44,56	0,0	105	99
42	36,34	278,425	70,45	368,399	198	99
43	21,14	186,302	23,26	281,265	127	99
44	39,70	168,204	72,67	200,169	198	99
45	2,4	194,299	5,13	316,358	107	99
46	7,5	0,0	9,6	1,1	198	99
48	142,208	0,2	147,192	0,0	198	99
49	97,125	0,1	162,156	0,0	117	99
52	105,110	1,0	130,92	0,0	120	99
53	74,171	0,5	152,156	0,1	198	99
54	23,25	96,97	43,56	108,111	198	99
55	189,270	7,7	328,356	22,22	198	99
56	2,10	256,324	9,0	269,229	198	99
57	229,357	0,2	348,327	0,1	107	99
58	7,3	236,315	6,6	344,326	101	99
59	13,19	64,60	12,18	89,109	154	99
60	10,10	9,19	13,9	38,20	154	99
61	1,0	295,354	4,1	378,457	198	99
62	24,26	0,3	10,9	13,9	119	99
63	21,44	2,4	24,23	1,1	103	99
64	17,47	16,22	7,15	28,41	111	99
65	37,49	4,3	29,30	0,0	140	99
66	51,140	165,285	30,28	237,279	117	99
67	6,7	307,512	3,4	321,406	107	99
68	22,26	48,131	14,17	52,72	198	99
69	12,23	25,37	2,12	13,15	183	99
71	24,16	4,11	13,13	3,2	198	99
72	12,40	2,3	38,40	2,3	198	99
73	43,75	2,3	73,61	2,3	198	99
75	4,2	0,1	0,2	0,0	103	99
76	31,60	4,10	53,45	9,15	198	99
77	24,23	758,1048	39,40	823,968	103	99
78	6,4	20,58	1,12	38,24	127	99
79	22,61	35,56	39,30	20,45	198	99
80	0,3	9,22	1,2	13,10	127	99
81	2,2	2,0	1,2	5,11	131	99
83	208,373	0,1	132,301	0,0	198	99
84	6,12	1658,2389	2,13	2474,2832	103	99
85	429,632	5,4	696,773	0,0	198	99
86	18,47	946,1375	38,62	1159,1337	102	99
88	9,25	162,277	25,15	232,229	198	99
89	8,0	7,8	1,3	1,0	117	99
90	26,5	7,8	39,19	1,0	159	99
92	146,210	0,2	244,344	1,1	139	99
93	141,242	0,0	239,269	0,6	198	99
95	1,1	19,25	4,0	34,33	104	99
96	6,8	2,2	20,3	6,3	198	99
97	7,14	41,66	0,0	68,40	105	99
98	0,5	15,9	5,3	33,35	125	99
99	7,22	93,138	13,26	115,263	156	99
100	0,1	87,101	1,0	95,121	192	99
101	89,131	2,4	79,86	3,2	141	99
103	150,216	7,8	254,265	4,2	198	99
104	24,28	591,848	50,33	923,833	198	99
105	208,348	12,7	280,239	26,11	198	99
106	11,11	35,58	3,7	75,82	119	99
108	1272,1916	5,13	1668,1754	0,5	126	99
109	1,2	4,7	3,7	23,26	121	99
110	44,66	2,0	64,74	0,0	198	99
111	3,6	114,140	10,13	106,160	104	99
112	122,318	0,0	82,219	0,5	198	99
113	5,7	810,1215	17,4	807,965	198	99
114	11,36	0,3	24,10	0,0	198	99
115	1,5	15,21	0,2	14,19	115	99
117	12,10	23,21	13,7	12,11	115	99
118	6,1	31,35	6,1	23,28	181	99
119	3,2	362,573	1,4	438,490	132	99
120	11,6	422,539	5,8	541,520	198	99
121	70,137	0,6	172,266	1,7	198	99
122	0,3	519,738	6,14	1154,1367	103	99
123	61,81	4,5	49,37	1,5	198	99
124	69,90	19,48	57,90	12,11	124	99
125	1182,1801	3,6	1735,1655	11,10	105	99
126	113,171	0,0	193,290	2,2	149	99
127	44,67	3,1	76,60	6,0	113	99
128	6,9	19,30	3,3	27,22	110	99
129	22,34	7,11	45,30	8,3	102	99
130	33,36	14,22	51,47	59,55	198	99
132	6,5	328,390	2,0	419,412	198	99
133	9,19	99,126	7,6	125,90	198	99
134	135,201	3,1	184,184	9,9	103	99
137	0,0	6,17	0,2	25,26	195	99
139	0,1	62,106	5,4	140,142	198	99
140	75,132	24,32	45,68	78,99	164	99
141	4,4	44,61	13,10	64,40	198	99
143	20,14	100,78	27,22	88,71	198	99
144	40,53	137,224	26,21	271,301	108	99
145	0,2	260,406	0,0	262,354	101	99
146	0,1	10,23	4,1	22,17	198	99
147	27,66	17,40	71,61	37,33	198	99
148	36,74	0,0	82,123	1,0	198	99
149	6,12	512,630	6,6	578,474	198	99
150	4,9	509,766	6,3	724,770	130	99
151	1,2	58,132	1,3	126,104	198	99
152	38,32	128,116	6,3	116,127	198	99
153	7,3	8,5	1,7	2,13	198	99
154	8,7	3,1	10,8	0,0	135	99
155	120,240	46,97	34,68	40,88	123	99
156	2,4	1679,2194	6,3	2480,2601	198	99
158	954,1639	0,9	1119,1589	0,0	198	99
159	24,17	8,9	62,50	14,21	180	99
160	3,8	0,2	2,4	0,0	127	99
161	14,54	0,0	38,27	1,0	198	99
163	212,272	72,85	281,343	96,64	198	99
165	2,6	0,0	11,9	2,2	193	99
166	2,5	525,738	3,5	660,637	198	99
167	1,5	525,738	5,3	660,637	198	99
168	8,10	7,9	12,13	12,6	198	99
169	4,1	1,0	5,1	1,0	141	99
170	116,161	20,37	140,131	27,34	109	99
172	115,193	38,73	175,238	91,120	125	99
173	177,287	0,1	245,273	0,3	198	99
175	60,90	10,27	63,100	6,5	111	99
176	79,117	3,13	73,98	9,6	119	99
177	336,477	2,1	921,1082	1,2	198	99
179	2,0	1,2	9,15	0,1	198	99
180	5,12	23,27	4,4	13,9	111	99
181	20,12	1,2	8,4	2,0	122	99
182	8,14	1,10	16,10	4,3	104	99
183	33,78	21,37	57,54	40,29	198	99
184	33,83	21,37	61,57	40,29	198	99
185	0,1	181,269	6,5	265,222	144	99
186	25,8	0,1	34,28	0,0	138	99
188	74,105	51,27	145,133	2,8	121	99
190	7863,7754	174,181	7304,8687	182,214	198	99
192	16,12	254,417	25,47	254,270	118	99
193	87,120	124,125	101,119	175,176	175	99
194	325,525	124,125	330,342	175,176	156	99
195	15,23	34,38	13,30	8,1	113	99
197	6,9	63,94	25,7	91,96	137	99
198	16,17	346,498	26,29	468,506	198	99
199	19,29	420,577	7,18	537,658	102	99
200	135,164	3,3	120,119	4,12	198	99
201	137,167	2592,4010	133,128	2702,3774	198	99
202	72,74	14,15	114,77	16,13	156	99
203	112,135	14,15	186,132	16,13	198	99
204	74,106	23,17	116,100	26,23	153	99
205	18,33	0,1	27,41	0,0	198	99
206	66,88	44,47	50,57	82,80	120	99
207	250,366	38,37	259,270	30,17	198	99
208	287,397	38,37	330,332	30,17	198	99
209	98,118	1,2	126,120	3,1	116	99
210	4,25	10,17	11,11	11,8	114	99
211	14,19	10,1	17,8	1,3	198	99
213	104,209	81,117	170,193	115,146	198	99
214	219,345	296,459	126,128	552,729	132	99
215	0,4	0,0	9,1	3,2	167	99
217	1,2	18,42	1,1	28,58	104	99
218	26,29	60,74	40,27	63,62	129	99
219	10,25	98,99	5,2	98,83	127	99
220	49,64	175,194	17,25	235,231	144	99
221	45,57	243,311	13,29	365,391	144	99
222	217,350	18,17	360,295	33,18	112	99
223	9,9	226,312	6,11	366,423	103	99
224	4,2	1,1	5,5	2,0	103	99
225	0,2	3,0	1,0	1,3	103	99
226	62,108	4,0	117,106	0,3	101	99
227	2,7	0,3	3,10	8,2	198	99
228	41,61	0,1	77,62	0,1	198	99
229	79,84	133,231	124,163	123,144	107	99
230	113,144	15,9	175,179	26,37	198	99
231	538,772	1,1	564,634	0,1	129	99
232	7,13	22,33	25,29	32,33	114	99
233	7,8	0,0	13,9	0,3	103	99
236	186,355	0,0	279,311	1,0	150	99
237	2,5	25,30	8,2	27,20	198	99
238	27,50	15,21	44,35	3,23	104	99
239	1,4	1,0	2,2	0,1	104	99
240	10,24	203,301	72,77	205,235	110	99
241	0,1	0,3	0,0	0,1	198	99
242	1,4	22,49	4,14	153,226	113	99
243	9,19	166,269	12,17	161,210	198	99
244	0,6	68,109	1,2	71,102	198	99
246	19,12	163,265	18,11	300,211	198	99
247	12,5	278,343	5,4	316,270	198	99
248	1,3	278,343	2,3	316,270	198	99
249	1,7	11,5	4,8	4,4	175	99
250	197,314	0,0	327,285	1,4	198	99
251	1,0	944,1275	0,0	1122,1351	103	99
252	9,19	224,313	7,18	304,319	126	99
253	20,28	2,0	26,22	2,0	154	99
254	0,1	6,4	3,0	11,6	105	99
255	18,30	75,74	39,65	51,67	198	99
256	1,0	11,5	2,2	2,3	198	99
257	1,1	4,0	2,3	0,0	104	99
261	3,4	118,125	9,0	79,91	198	99
263	85,113	75,117	64,62	153,159	198	99
264	385,604	1,0	452,548	0,3	198	99
265	20,24	202,289	25,33	319,346	123	99
266	8,17	102,136	11,5	99,126	198	99
267	8,31	153,262	7,11	229,232	116	99
268	253,452	0,2	391,424	2,1	159	99
269	1,2	13,24	6,6	27,18	198	99
270	264,318	648,886	443,395	632,791	198	99
271	4,1	0,0	5,3	2,0	105	99
273	114,118	4,10	119,174	13,16	149	99
274	46,64	237,427	82,65	307,330	198	99
275	207,287	0,0	209,244	1,1	198	99
276	251,436	0,2	328,412	0,0	198	99
278	5,0	50,105	3,2	73,119	114	99
279	35,80	4,0	39,48	0,2	157	99
280	2,1	28,50	3,4	61,62	198	99
281	13,14	9,5	7,18	3,4	198	99
282	58,76	0,1	67,75	0,0	198	99
283	49,84	6,16	60,93	3,2	198	99
284	16,24	6,16	8,24	3,2	198	99
285	19,41	36,70	18,23	53,75	198	99
286	17,16	6,16	14,20	3,2	198	99
287	15,17	36,70	16,5	53,75	156	99
288	16,40	4,2	19,29	7,2	198	99
292	10,20	23,72	2,3	36,65	162	99
294	10,13	150,166	12,12	188,190	198	99
295	501,617	0,0	820,736	0,1	135	99
297	253,311	8,3	350,315	2,9	198	99
298	10,13	1,2	8,3	0,1	122	99
299	0,2	1,2	4,0	4,9	103	99
300	0,1	31,50	1,0	20,41	147	99
301	4,15	21,53	17,10	22,25	198	99
304	3,15	34,45	17,11	44,34	198	99
306	3,15	34,45	17,10	44,34	198	99
307	2,9	34,45	7,7	44,34	178	99
308	7,11	0,4	6,1	0,0	181	99
309	25,11	999,1582	24,18	1113,1378	198	99
311	460,711	2,3	303,513	2,3	198	99
312	3,7	169,354	7,15	129,199	198	99
314	103,238	441,864	81,136	463,565	125	99
316	5,9	55,57	4,5	58,68	198	99
317	10,14	112,141	10,8	123,130	130	99
318	0,3	249,304	6,1	324,323	114	99
319	473,769	10,15	595,740	8,15	103	99
320	8,7	49,49	22,32	50,58	198	99
322	30,48	0,0	24,41	1,0	198	99
323	215,312	13,20	229,276	12,12	198	99
324	20,35	24,32	26,30	17,36	103	99
325	274,418	39,43	341,381	32,34	198	99
328	2,9	57,85	10,2	95,96	198	99
329	1,0	13,10	0,0	16,13	114	99
331	271,348	11,22	243,349	37,57	121	99
332	8,1	2096,3161	2,2	2267,2774	198	99
333	23,41	84,131	27,37	78,88	198	99
334	2,3	0,0	3,3	0,1	122	99
335	28,77	241,305	28,89	252,327	130	99
336	223,410	6,10	282,362	3,4	198	99
337	30,36	9,7	61,68	35,58	198	99
339	6,4	62,94	19,14	98,122	104	99
340	294,572	14,37	385,486	61,73	152	99
341	72,92	6,5	55,71	11,6	198	99
342	31,37	112,162	25,38	108,94	145	99
343	152,261	305,525	313,379	428,405	198	99
344	1,5	3,10	0,1	6,0	198	99
345	482,646	39,36	486,494	18,11	131	99
347	152,161	1,5	171,190	13,10	198	99
348	12,16	8,11	5,13	13,17	198	99
349	14,6	122,115	63,39	77,65	110	99
351	1,0	0,2	0,0	0,12	118	99
352	13,36	57,100	11,13	90,67	107	99
353	2,6	63,49	10,14	72,87	157	99
354	1963,2875	0,2	2655,2645	0,1	198	99
355	122,200	775,1118	188,241	859,1161	198	99
358	4,8	31,26	8,7	31,34	198	99
359	16,42	61,73	9,31	59,64	111	99
360	1,0	20,56	1,3	35,30	198	99
361	4,3	1,3	7,6	0,2	198	99
362	5,7	26,26	5,4	43,19	198	99
364	641,962	4,5	667,853	2,10	198	99
367	0,3	834,1133	1,8	929,982	132	99
370	12,13	6,3	7,18	3,8	118	99
371	14,15	0,4	32,28	5,8	198	99
372	47,87	4,10	65,93	10,8	116	99
373	2,0	20,22	4,0	26,20	174	99
374	20,37	12,16	23,31	31,24	198	99
375	2,0	29,34	3,4	22,37	104	99
376	5,21	0,2	20,20	0,2	198	99
378	1210,1635	6,17	1415,1622	1,5	144	99
379	6,10	53,67	5,11	58,94	170	99
380	247,354	0,1	311,330	0,0	198	99
381	341,545	5,2	485,634	4,9	144	99
382	2,3	168,231	42,35	136,153	198	99
383	7,11	897,1255	13,0	994,1204	198	99
385	43,53	1,1	100,74	6,10	114	99
387	210,270	21,31	290,366	26,31	177	99
389	46,114	345,408	71,41	426,436	198	99
391	345,505	4,22	458,437	37,19	142	99
392	117,163	136,228	202,208	33,48	103	99
393	27,41	56,69	26,16	90,79	198	99
394	0,1	5,8	0,0	8,6	198	99
395	60,103	412,608	51,63	495,573	198	99
396	0,2	1,11	10,21	14,9	111	99
397	323,430	56,51	235,223	356,265	105	99
398	169,249	6,16	56,60	36,38	130	99
399	225,276	2,0	249,289	0,0	198	99
400	45,57	0,0	39,45	0,2	198	99
402	177,350	0,3	182,253	1,5	108	99
404	9,6	202,277	1,8	362,271	198	99
405	16,14	213,285	14,15	416,347	198	99
406	0,0	963,1315	3,3	1121,1512	103	99
407	74,143	67,106	129,186	70,76	120	99
409	4,12	15,17	3,0	6,10	183	99
410	349,477	392,555	385,417	462,466	102	99
412	14,15	85,135	19,16	107,87	198	99
413	60,44	137,199	57,69	137,123	128	99
414	173,282	1,2	337,279	1,1	194	99
415	4,8	402,507	16,7	492,579	198	99
417	290,448	0,1	419,449	0,3	198	99
418	160,243	11,14	93,139	5,1	126	99
419	11,4	111,179	12,9	200,236	117	99
421	0,3	83,122	1,4	135,77	198	99
422	363,465	30,52	657,715	48,35	191	99
423	18,44	722,1102	34,44	791,849	198	99
424	852,1296	0,2	891,947	0,0	198	99
425	206,300	31,33	335,386	45,39	158	99
427	30,26	0,5	25,36	1,0	138	99
428	18,23	1284,1828	30,35	1909,1915	103	99
429	12,5	643,812	45,27	829,834	198	99
430	1654,1897	4,1	1872,2097	12,16	102	99
431	139,207	2,2	118,147	2,0	198	99
432	197,268	10,33	331,369	23,27	198	99
433	46,89	0,8	89,95	1,1	165	99
434	46,69	0,0	58,89	0,1	102	99
435	11,10	301,427	12,13	341,398	198	99
436	2,3	177,188	2,1	199,120	198	99
437	24,46	0,1	36,29	0,0	198	99
438	177,319	91,170	581,777	872,1074	102	99
439	8,3	379,517	2,1	350,459	198	99
441	522,782	1,7	854,1007	7,3	103	99
442	30,49	357,414	29,28	460,434	198	99
443	450,707	0,0	507,680	0,1	198	99
444	71,83	10210,12100	119,158	12118,12376	162	99
445	3946,4840	0,3	3262,4612	0,6	135	99
447	170,310	177,328	201,226	210,305	102	99
448	0,0	1079,1379	1,2	1564,1767	147	99
449	497,826	1654,2593	415,448	2330,2664	102	99
450	3,37	1127,1860	15,25	1435,1700	122	99
451	133,234	1,2	249,239	0,0	198	99
452	92,142	1,2	191,172	0,0	198	99
453	109,184	128,220	199,220	226,232	198	99
455	38,30	19,31	40,43	34,36	153	99
457	127,151	3,0	151,158	0,0	198	99
458	0,0	10341,12081	7,13	16759,21646	103	99
459	0,7	1,0	3,7	0,0	198	99
461	7,15	6,3	16,20	1,2	198	99
463	102,148	3,6	110,163	2,1	198	99
464	88,153	1,0	112,102	0,1	198	99
465	10,20	16,32	17,7	22,16	122	99
468	8,5	0,0	10,20	0,1	198	99
472	1,3	2301,3523	3,8	3213,3052	198	99
475	0,0	55,97	1,2	78,106	104	99
477	55,71	104,220	80,75	143,133	198	99
478	7,3	2,2	3,1	2,2	173	99
479	11,6	3,5	26,20	0,0	159	99
480	4,4	115,158	8,13	113,110	123	99
481	21,20	9,8	17,23	10,20	198	99
482	27,38	0,0	31,53	0,3	198	99
483	22,35	0,0	35,58	0,3	169	99
485	62,89	35,33	46,51	50,54	114	99
486	0,0	7,9	3,0	3,9	198	99
487	6201,10694	8,16	7591,10157	8,3	117	99
488	2570,4683	102,186	3448,4243	130,187	117	99
489	2552,4671	9,13	3415,4226	9,22	117	99
490	3001,5426	9,13	3959,4937	9,22	138	99
491	453,759	4,4	544,714	0,3	120	99
492	2551,4669	5,8	3416,4225	2,4	117	99
493	3356,6210	5,8	4456,5996	2,4	138	99
494	808,1543	3,2	1041,1773	1,2	120	99
495	139,296	1298,2237	64,102	1119,1684	112	99
496	95,185	139,238	63,90	210,347	112	99
497	2,10	177,262	6,4	213,214	198	99
498	68,149	78,142	39,68	184,256	120	99
499	417,604	3,4	519,571	3,13	139	99
500	4,10	250,296	12,22	398,489	111	99
501	3,5	59,68	0,3	63,74	198	99
503	5,4	209,364	8,6	228,292	103	99
505	10,27	27,55	11,18	37,37	198	99
506	10,25	11,27	9,19	9,13	104	99
508	2,1	0,0	6,3	0,1	123	99
511	332,454	3,11	370,463	4,3	113	99
512	546,774	11,16	544,697	2,2	126	99
513	6,8	8,21	23,11	19,15	146	99
514	382,471	0,0	167,271	0,3	198	99
515	18,41	61,106	47,56	40,52	129	99
516	14,9	192,231	94,122	108,102	103	99
517	35,30	55,70	41,32	41,42	198	99
518	14,7	33,26	14,18	38,32	169	99
520	270,277	1,4	321,360	21,21	103	99
522	1,0	6,9	0,2	10,13	103	99
524	125,172	1,0	130,159	0,0	198	99
525	8,18	87,112	8,5	52,67	198	99
526	31,20	0,1	46,54	0,0	198	99
528	2,3	114,140	3,0	176,151	198	99
529	357,416	24,38	362,436	24,36	103	99
531	4,6	0,1	1,0	0,0	162	99
533	32,52	302,430	49,46	428,459	198	99
534	0,8	309,391	1,0	442,439	103	99
535	680,772	1,0	710,592	4,6	123	99
536	673,974	30,62	650,999	4,4	129	99
537	993,1497	7,18	964,1326	8,15	198	99
538	121,141	4,3	146,134	0,2	179	99
541	0,0	0,4	5,1	1,1	110	99
543	3,7	33,44	27,41	5,10	117	99
544	74,93	2,2	49,56	0,0	198	99
545	140,252	53,69	175,158	78,64	159	99
546	55,72	9,21	41,49	6,11	119	99
547	22,29	9,21	38,43	6,11	144	99
548	8,8	41,51	25,29	28,35	124	99
549	6,7	215,259	6,5	220,314	102	99
551	112,131	120,144	68,91	160,196	198	99
552	0,2	0,1	0,1	1,0	116	99
553	262,368	0,0	355,336	2,0	198	99
554	16,34	36,36	2,12	53,97	122	99
555	13,21	10,10	12,11	6,11	198	99
556	26,29	10,10	46,49	6,11	198	99
557	24,23	11,15	37,47	2,1	104	99
558	0,5	46,125	1,0	76,77	102	99
559	6,3	37,60	15,9	41,24	111	99
560	2,0	122,195	2,3	128,164	198	99
563	30,44	0,2	45,46	0,0	198	99
565	1,5	0,4	2,13	0,0	198	99
566	1,5	52,65	3,13	72,59	198	99
567	24,21	109,174	1,2	145,178	114	99
569	2,3	62,120	0,4	56,40	103	99
570	65,122	94,167	43,44	159,204	117	99
571	59,64	1,0	59,88	1,4	198	99
572	7,17	48,50	19,23	27,26	124	99
573	137,195	13,16	293,261	10,16	198	99
574	3,5	104,161	6,4	159,148	198	99
576	0,4	2,5	1,2	5,13	110	99
577	11,12	45,102	36,37	72,118	198	99
578	312,296	0,1	523,269	0,0	144	99
580	197,259	13,5	343,384	5,6	130	99
582	1,6	1,1	9,2	7,1	110	99
583	3,6	6,3	10,2	0,0	126	99
584	3,1	6,3	8,1	0,0	115	99
585	1,15	802,1305	5,9	693,1007	198	99
586	9,12	20,43	6,3	32,11	198	99
587	31,71	22,26	33,27	46,13	118	99
588	3,16	22,26	5,4	46,13	127	99
589	2,7	30,62	0,0	28,23	108	99
590	0,2	65,104	5,4	85,131	120	99
591	192,294	0,0	206,230	1,0	198	99
592	19,33	147,205	55,84	117,160	117	99
593	29,38	2,5	19,23	0,0	198	99
594	28,37	0,1	60,39	0,1	122	99
595	249,283	8,9	231,184	1,2	190	99
596	9,13	0,2	16,26	1,0	198	99
597	98,116	6,2	97,102	4,1	112	99
598	0,1	0,0	0,1	1,0	106	99
600	0,2	12,7	3,0	13,10	198	99
601	85,154	26,36	120,141	20,17	103	99
602	1,0	131,185	0,1	172,202	103	99
603	1,0	37,31	1,0	53,31	198	99
604	40,44	0,3	28,41	0,1	198	99
605	0,1	50,51	2,5	75,66	198	99
606	8,19	400,480	11,18	401,460	116	99
608	16,16	934,1272	23,19	1496,1738	198	99
609	0,3	109,163	1,1	187,194	103	99
610	1,5	0,2	6,2	0,0	103	99
611	7,8	87,93	2,1	74,89	102	99
612	60,87	9,16	88,88	1,6	115	99
613	14,13	0,0	16,21	0,1	166	99
615	39,58	1,0	49,70	0,0	198	99
616	71,119	84,154	84,142	92,98	146	99
617	11,23	0,0	35,21	1,4	103	99
618	347,549	0,1	589,530	0,0	198	99
620	80,115	0,6	126,116	0,0	115	99
621	3,13	12,9	25,18	20,15	198	99
622	64,83	159,236	91,127	257,205	198	99
623	11,21	42,62	14,16	66,87	125	99
624	8,7	42,62	28,45	66,87	198	99
625	14,8	10,21	28,47	9,5	198	99
626	0,0	5,1	0,3	4,5	107	99
627	62,72	5,10	106,83	0,5	116	99
628	356,658	2,0	421,498	7,1	198	99
630	8,11	84,75	29,26	121,152	198	99
631	183,240	6,2	205,212	0,1	198	99
632	7,10	148,158	9,7	180,212	198	99
634	58,57	154,159	69,33	147,177	198	99
635	42,42	154,159	57,28	147,177	198	99
636	5,9	17,16	24,9	12,5	139	99
637	7,32	190,361	46,47	224,201	198	99
639	232,379	1,4	317,280	0,0	198	99
640	80,158	11,22	106,138	4,1	114	99
642	42,63	19,22	60,46	21,14	103	99
643	11,11	17,13	13,25	3,6	103	99
644	18,20	8,13	5,14	31,34	120	99
645	63,62	6,3	69,82	2,1	198	99
646	54,55	6,3	95,102	2,1	180	99
647	60,51	0,0	68,80	0,2	198	99
648	3,6	244,337	10,4	325,344	105	99
649	14,23	44,64	29,16	85,77	198	99
650	0,5	31,39	2,1	42,25	198	99
651	12,1	3,7	5,15	1,4	137	99
652	2,3	276,458	6,8	280,431	117	99
653	309,352	66,90	337,322	50,68	198	99
654	221,315	6,16	258,264	24,16	105	99
655	106,118	64,66	149,207	129,132	105	99
656	3,0	7,4	1,2	1,4	130	99
658	139,230	25,40	199,298	15,21	127	99
659	15,26	333,433	11,23	494,419	102	99
660	4,15	85,111	7,14	80,106	122	99
661	11,6	416,509	19,7	512,453	198	99
662	3,3	102,145	0,1	141,160	102	99
663	12,7	1,4	19,6	10,11	158	99
664	1,0	1324,1783	2,1	1877,1584	198	99
665	14,23	0,0	9,22	2,0	198	99
666	1437,2308	16,24	1816,2112	27,52	198	99
667	453,776	305,599	761,878	226,274	134	99
669	0,0	90,101	0,2	83,67	108	99
671	9,14	0,2	9,6	1,3	198	99
672	9,24	0,2	23,20	1,3	198	99
673	8,26	7,8	17,20	1,3	198	99
674	18,34	2,4	18,45	4,6	113	99
675	17,12	144,178	78,52	246,205	115	99
676	0,0	50,70	3,0	51,38	103	99
677	23,30	11,11	16,23	45,52	103	99
678	5,8	37,44	7,5	76,60	198	99
679	65,82	235,348	17,20	440,416	102	99
680	359,559	44,82	395,456	96,131	198	99
681	3,10	282,364	27,13	401,424	129	99
683	263,314	28,43	263,312	41,70	120	99
684	4,5	1,2	10,5	1,0	125	99
685	1,1	2,13	0,1	28,12	198	99
686	6,4	0,1	8,18	0,0	198	99
687	10,24	4,15	12,15	9,12	198	99
688	0,2	9,7	0,0	8,13	118	99
689	11,18	20,18	5,14	16,7	198	99
690	0,0	995,1416	0,3	1367,1419	103	99
691	12723,15312	0,2	14082,14638	0,0	169	99
692	10,6	1613,2062	14,8	1886,1981	174	99
694	1,3	39,81	5,1	79,114	198	99
695	183,321	91,90	229,237	93,106	102	99
697	49,75	113,159	44,43	116,77	188	99
698	490,907	0,1	453,716	3,4	198	99
699	47,81	16,32	65,124	20,34	106	99
700	0,3	963,1489	1,5	1076,1298	153	99
701	11,10	73,83	7,8	73,58	102	99
702	116,164	1,2	152,133	1,1	123	99
703	0,1	730,1135	1,0	1314,1375	103	99
704	10,2	81,95	2,3	86,102	198	99
705	2,12	3,3	0,2	1,19	102	99
706	5,2	1,0	0,1	6,14	102	99
707	39,53	6,12	72,56	14,9	198	99
708	91,93	0,0	78,57	0,5	180	99
709	73,86	5,11	115,126	6,17	126	99
710	0,12	0,0	10,12	0,1	198	99
711	1,1	282,422	1,0	341,352	124	99
712	9,37	1070,1352	31,49	1666,1273	198	99
713	1,0	107,162	0,2	169,155	198	99
714	25,50	12,17	49,80	13,30	198	99
715	19,51	14,22	31,15	12,37	153	99
716	43,71	1,11	76,84	6,1	198	99
717	90,139	0,1	123,128	0,1	185	99
718	112,161	31,28	103,123	66,53	120	99
719	3,2	244,368	0,0	307,303	198	99
720	5,5	0,2	6,7	0,0	103	99
721	14,26	5,3	20,45	8,15	157	99
722	8,9	256,349	9,9	310,275	198	99
723	14,42	574,810	60,70	1379,1630	198	99
724	0,2	107,161	1,2	159,170	103	99
725	2,5	1002,1346	8,6	1381,1482	102	99
726	276,357	1,0	607,521	0,0	198	99
728	122,138	0,4	180,132	1,0	198	99
729	365,463	0,1	431,500	0,0	198	99
730	11,29	43,61	54,58	27,32	130	99
731	9,19	43,61	32,40	27,32	135	99
732	5,4	7,14	9,8	31,26	104	99
735	0,2	57,84	4,12	38,69	119	99
736	59,129	9,19	36,90	5,16	198	99
737	17,9	151,226	7,4	240,252	102	99
738	28,32	100,143	25,30	131,151	198	99
739	13,11	0,0	23,24	1,3	103	99
740	471,634	12,22	576,638	0,2	144	99
741	140,183	12,22	133,204	0,2	184	99
742	11,12	342,462	11,11	454,445	139	99
744	2,4	1441,2066	5,6	1450,1851	198	99
745	4,2	944,1296	3,6	1013,1221	104	99
746	5,12	5,9	21,6	6,6	198	99
747	37,65	0,1	48,61	0,0	198	99
748	11,14	229,453	4,8	292,278	198	99
749	125,182	45,48	157,133	60,90	121	99
750	0,0	28,47	0,1	26,32	198	99
751	1796,2567	7,14	2466,2896	8,21	102	99
752	753,1231	621,922	1785,1930	380,416	113	99
753	120,253	1,5	132,148	5,6	198	99
757	4,10	3,2	4,11	1,3	108	99
758	43,47	22,40	118,51	1,0	122	99
760	36,74	1,0	34,39	0,0	194	99
761	16,41	9,3	21,30	1,1	104	99
762	200,301	15,23	283,314	28,24	146	99
763	8,5	0,0	8,4	2,0	129	99
764	6,22	19,29	6,22	23,22	103	99
765	0,1	0,0	0,0	0,4	103	99
766	2,1	106,170	1,14	307,341	103	99
769	21,27	11,14	25,24	2,3	104	99
772	197,324	8,6	276,333	4,1	120	99
774	1,7	73,98	7,11	50,102	198	99
775	61,75	2,0	82,105	0,0	117	99
776	18,32	21,23	27,19	32,47	128	99
778	102,210	132,234	153,154	149,169	198	99
779	24,31	32,40	24,13	61,55	198	99
780	15,28	0,1	24,29	1,0	125	99
781	1,9	303,374	2,2	361,463	198	99
782	116,189	53,63	147,170	69,57	165	99
783	3,0	0,3	0,0	2,5	113	99
784	6,3	1,3	1,9	5,1	196	99
785	7,5	779,1165	3,3	1016,1002	166	99
786	25,40	10,23	23,65	3,9	198	99
787	19,36	103,218	46,77	98,129	126	99
788	118,238	10,23	104,140	3,9	198	99
789	67,105	11,43	72,81	7,12	116	99
790	22,44	15,19	35,38	11,25	116	99
792	57,79	3,7	79,76	13,14	103	99
793	19,34	46,62	45,29	38,33	110	99
794	53,42	411,507	54,85	525,563	198	99
795	3,3	252,336	0,0	322,327	103	99
796	153,233	41,57	235,240	36,33	198	99
797	101,218	0,1	160,232	0,0	198	99
798	0,0	3,1	3,0	5,0	198	99
799	22,29	0,6	16,30	1,5	198	99
801	2,0	120,131	2,0	102,122	198	99
802	68,79	3,0	97,100	5,0	157	99
803	208,300	85,101	251,294	148,138	198	99
804	15,23	78,169	12,14	125,140	143	99
805	12,15	4,4	13,18	7,6	198	99
806	267,301	0,0	293,315	2,0	198	99
807	6,2	117,150	12,19	114,118	198	99
808	17,30	2,2	20,32	6,3	198	99
809	7,4	297,446	10,4	388,402	198	99
810	12,25	268,421	25,24	327,392	198	99
811	224,375	75,103	251,286	109,109	114	99
812	91,162	392,545	95,90	445,412	198	99
813	20,25	773,1087	21,23	995,1268	198	99
815	100,122	62,91	99,94	136,144	168	99
816	125,212	0,0	229,264	5,3	198	99
817	64,82	40,76	49,29	36,55	198	99
818	137,207	25,79	101,110	67,105	117	99
819	284,514	193,264	309,483	153,268	120	99
820	10,10	100,111	6,17	116,113	118	99
821	2,12	357,476	5,8	313,351	198	99
822	56,106	0,1	96,62	0,0	141	99
824	2,3	0,0	0,1	1,0	101	99
825	26,51	81,123	16,35	111,84	139	99
826	7,18	1,5	11,9	9,8	168	99
827	3,4	39,55	16,22	18,24	104	99
828	1,20	1278,1871	13,15	1658,1829	198	99
829	5,18	1278,1871	19,11	1658,1829	198	99
830	8,10	0,2	16,16	0,4	185	99
831	144,172	4,5	217,204	9,1	198	99
832	6,22	313,422	19,18	490,424	198	99
833	93,148	10,15	97,145	5,5	105	99
834	175,245	17,22	342,275	10,14	107	99
835	3,7	1,7	10,3	2,0	144	99
836	19,21	2507,3502	19,17	3084,3426	102	99
837	17,21	2,0	19,17	0,1	102	99
838	24,47	53,61	41,51	62,46	110	99
839	2,2	11,16	19,20	3,6	117	99
840	201,217	88,99	371,420	68,95	113	99
842	45,56	545,701	58,55	653,643	103	99
843	15,9	6,1	22,7	11,26	198	99
844	16,13	293,372	20,22	401,492	198	99
845	145,229	13,22	201,192	12,9	198	99
846	140,225	0,2	205,196	0,0	198	99
847	17,30	0,2	21,19	0,0	198	99
848	63,126	61,111	96,97	96,72	162	99
849	88,106	18,17	99,94	26,26	110	99
850	11,18	18,17	34,33	26,26	198	99
851	13,22	88,106	34,40	99,94	198	99
852	0,1	39,63	0,1	26,46	132	99
853	5,4	1,3	9,8	9,13	119	99
854	3,3	12,22	0,1	29,40	110	99
855	25,24	130,139	24,32	94,147	117	99
856	44,81	108,139	8,15	149,159	104	99
858	82,129	2,2	106,77	4,1	198	99
859	1,1	4,0	13,13	2,0	101	99
860	126,172	0,0	175,195	3,4	113	99
861	28,75	0,1	74,52	2,0	174	99
862	3,5	43,43	3,1	50,42	198	99
863	0,1	968,1337	0,0	1388,1325	103	99
864	7,4	25,37	2,1	23,27	152	99
865	222,290	709,946	408,504	366,445	117	99
866	64,149	98,139	141,150	90,98	198	99
867	9,7	553,929	11,25	761,911	103	99
868	8,23	110,159	35,43	104,142	104	99
869	99,151	0,2	82,106	0,5	118	99
871	58,82	2,3	79,62	1,0	143	99
872	1,0	88,138	0,1	135,129	174	99
873	2,13	29,24	4,11	47,26	198	99
874	49,46	83,96	55,37	74,77	135	99
875	259,313	11,10	186,250	5,4	134	99
876	55,84	11,10	54,48	5,4	198	99
877	0,4	204,233	8,4	140,206	164	99
878	3,1	6,3	0,1	10,8	105	99
879	300,433	26,23	454,532	7,8	146	99
880	225,296	145,200	388,461	41,36	111	99
881	284,338	6,10	316,332	10,11	198	99
882	987,1242	37,62	1277,1017	70,70	181	99
883	8,21	25,33	14,30	10,14	144	99
884	3,1	36,35	5,7	26,14	198	99
885	21,27	3,6	31,27	0,0	120	99
886	22,19	145,208	23,36	206,218	198	99
887	19,19	148,297	24,37	260,400	198	99
888	24,32	4,4	81,107	10,9	198	99
890	84,143	9,14	120,99	7,4	198	99
891	10,31	9,14	24,15	7,4	198	99
892	13,31	79,124	20,12	105,87	130	99
893	697,999	0,3	736,976	2,2	111	99
895	781,997	59,90	770,697	245,183	144	99
896	2360,3532	1503,2266	1781,2853	1581,2103	156	99
897	4420,7111	1,3	4308,6022	0,2	114	99
899	59,59	42,56	62,83	25,22	125	99
900	294,464	39,77	319,324	29,49	198	99
901	98,173	5,9	142,166	0,2	191	99
902	56,62	145,179	46,67	169,196	198	99
903	33,38	9,19	20,13	13,31	198	99
904	35,41	5,14	49,38	10,14	198	99
905	22,42	19,31	31,22	14,30	198	99
907	98,72	3,3	88,89	6,11	138	99
908	24,35	0,1	61,41	8,1	123	99
909	8,4	1970,2972	11,10	2089,2536	120	99
910	0,0	5,4	0,3	3,3	116	99
911	0,2	0,1	0,0	1,3	104	99
913	1,2	362,418	7,3	462,442	198	99
914	4,7	478,685	12,10	591,666	103	99
915	6,26	30,59	21,30	71,44	118	99
917	5,10	183,246	11,1	200,204	103	99
918	5,11	42,42	11,1	31,60	103	99
920	23,11	251,282	22,14	332,346	103	99
921	0,0	2,0	11,9	2,0	116	99
922	0,0	1193,1406	20,16	1820,1398	198	99
923	2,0	1193,1406	16,10	1820,1398	198	99
924	31,45	933,1359	36,54	830,984	198	99
925	23,38	933,1359	24,36	830,984	198	99
926	16,19	14,11	15,18	17,22	198	99
927	14,29	11,5	11,10	23,23	103	99
928	11,28	1,9	17,34	3,17	198	99
929	17,31	293,352	41,23	429,381	198	99
931	87,138	16,19	111,100	22,23	108	99
932	13,10	1000,1444	13,15	1177,1237	103	99
933	39,47	898,1222	40,32	1053,988	135	99
934	0,0	236,353	1,0	212,448	103	99
935	14,27	156,230	38,73	80,231	198	99
936	0,2	68,110	2,2	142,109	198	99
937	1,4	0,0	0,11	1,0	198	99
938	29,38	813,1293	21,24	764,1004	198	99
939	0,1	0,1	0,1	1,1	117	99
941	8,13	80,99	17,11	110,113	198	99
942	25,19	377,634	25,31	496,606	198	99
943	5,18	140,198	15,9	180,197	198	99
944	42,51	0,1	60,54	0,0	198	99
945	272,470	1,0	268,337	0,0	198	99
946	64,82	2,3	61,65	0,0	198	99
947	80,95	153,176	168,157	99,76	105	99
948	6,15	0,1	15,10	1,1	163	99
950	1,2	147,210	6,4	222,188	138	99
951	412,546	0,0	492,513	0,1	198	99
952	3,1	19,23	3,8	36,26	130	99
953	16,17	0,0	22,15	2,0	198	99
954	0,0	3065,4211	10,9	4183,5493	139	99
955	54,79	3113,4326	171,194	4378,5317	117	99
956	26,43	1,5	20,39	1,4	198	99
957	184,296	46,90	127,124	181,175	122	99
958	27,45	19,22	34,37	12,0	103	99
959	329,612	4,4	539,605	0,0	198	99
961	24,28	24,66	25,26	27,29	131	99
963	260,406	0,0	365,385	1,0	198	99
964	13,17	4,10	21,26	18,18	110	99
966	128,221	0,0	167,185	6,0	198	99
967	8,11	12,9	10,3	5,7	198	99
968	24,27	0,0	52,55	0,2	135	99
969	26,28	245,314	63,63	229,332	135	99
970	666,961	44,53	976,1010	22,20	138	99
971	5,15	172,272	36,38	253,351	123	99
972	207,346	0,0	328,409	0,1	103	99
973	4,15	143,209	8,16	179,204	198	99
974	84,94	25,30	52,27	76,51	111	99
975	1,3	56,75	3,6	56,79	198	99
976	2,4	91,128	5,0	169,154	103	99
977	85,124	4,0	99,59	2,1	128	99
978	51,77	2,2	82,62	0,0	198	99
979	643,842	4,12	898,1064	2,0	122	99
980	149,195	4,1	190,264	0,2	122	99
983	129,177	2066,3225	129,187	2002,3097	198	99
984	116,160	2066,3225	97,145	2002,3097	198	99
985	80,147	28,45	80,146	40,59	198	99
986	3,9	7,7	1,1	10,2	132	99
987	20,33	247,392	39,37	332,317	160	99
988	18,17	397,651	15,27	563,547	198	99
989	76,144	127,161	65,106	224,256	198	99
990	65,101	31,29	85,78	26,21	159	99
991	144,152	0,0	139,146	1,0	198	99
992	287,431	122,192	300,291	185,268	198	99
993	3,1	10,18	6,4	17,10	121	99
994	3566,4866	0,4	4517,4578	2,0	114	99
995	0,0	2978,4151	1,0	3999,4016	103	99
997	12,9	29,26	5,9	48,35	141	99
998	0,1	119,130	2,0	113,102	105	99
999	89,103	10,13	223,193	5,9	104	99
1000	0,0	43,49	0,2	36,39	108	99
1001	4,5	25,40	8,9	49,46	124	99
1002	4,8	0,2	7,12	1,1	198	99
1003	1,2	213,376	2,6	268,290	103	99
1005	24,29	2,3	27,26	5,5	198	99
1006	595,1029	5,10	369,656	3,0	132	99
1007	3,10	0,0	26,13	6,2	181	99
1008	200,270	2,2	191,227	3,10	109	99
1010	10,33	37,85	6,8	33,62	166	99
1011	1,2	7320,9673	7,6	9900,14080	103	99
1012	0,0	1,1	0,2	0,2	103	99
1013	7,9	662,972	6,7	869,976	198	99
1014	8,13	662,972	6,6	869,976	198	99
1015	0,4	52,48	4,0	41,39	117	99
1016	0,1	261,435	11,18	316,316	108	99
1017	0,1	37,88	3,1	68,59	198	99
1019	0,0	6,9	3,0	2,10	115	99
1022	5,11	55,97	15,14	98,129	198	99
1023	50,79	67,101	37,51	52,123	138	99
1024	1,2	77,103	10,0	103,92	198	99
1026	5,4	16,10	4,0	3,10	127	99
1028	9,22	37,49	48,57	133,135	110	99
1029	1352,2125	38,61	1858,2389	50,77	123	99
1030	9,8	3635,4178	5,14	3557,4481	198	99
1031	14,13	0,1	20,11	0,0	198	99
1032	10,23	502,618	29,11	658,627	198	99
1033	592,916	1,0	772,829	0,0	198	99
1034	38,51	28,29	42,44	13,26	111	99
1035	274,538	11,16	307,417	30,25	140	99
1037	320,711	0,1	259,497	0,0	143	99
1038	136,235	28,46	155,162	15,13	117	99
1039	3,7	45,81	2,9	53,63	198	99
1040	101,124	8,23	175,155	2,2	104	99
1041	140,143	2,10	210,222	0,0	155	99
1042	0,1	0,0	0,0	0,1	104	99
1043	5,5	28,65	4,1	72,94	119	99
1044	5,1	105,156	7,2	168,170	102	99
1045	11,15	17,21	30,37	54,39	102	99
1046	218,400	0,2	237,313	2,5	198	99
1047	3,6	3850,6177	2,0	4320,5128	198	99
1049	132,195	10,21	178,175	2,9	198	99
1050	5,4	57,71	10,7	56,59	113	99
1051	9,7	0,1	7,15	1,2	198	99
1052	22,20	93,107	56,49	86,101	198	99
1053	5,27	0,0	16,45	3,2	198	99
1054	8,11	10,17	4,8	27,15	198	99
1057	0,2	13,19	1,1	11,28	198	99
1059	6,20	11,5	29,15	6,4	198	99
1060	125,194	11,17	170,164	27,39	146	99
1061	11,12	112,192	13,12	163,160	198	99
1062	160,226	6,13	140,155	8,6	198	99
1063	77,85	9,8	75,96	0,1	104	99
1065	4,5	22,45	4,2	25,23	103	99
1067	11815,14911	12457,15129	33243,37731	11551,14269	110	99
1068	51,70	4,2	25,22	35,47	105	99
1069	6,8	0,0	6,0	1,3	105	99
1070	112,180	1,0	162,153	0,0	198	99
1071	61,104	27,34	67,83	36,19	198	99
1073	15,22	13,11	3,8	2,13	166	99
1074	11,10	331,435	10,10	323,356	198	99
1075	1,0	68,103	13,4	99,89	117	99
1076	2,7	0,0	12,27	0,1	126	99
1078	205,293	1,0	345,309	2,1	198	99
1079	5,0	69,93	2,2	70,97	198	99
1080	2,3	144,140	7,10	162,157	198	99
1082	4,0	114,176	0,6	137,160	103	99
1083	501,740	0,0	706,767	2,3	102	99
1084	49,77	2,1	58,80	3,1	128	99
1085	18,18	35,55	17,3	65,71	158	99
1086	0,1	0,3	2,0	0,0	105	99
1088	62,96	75,139	27,39	149,117	180	99
1089	0,0	18,33	1,0	25,29	183	99
1090	5,14	0,2	9,1	1,1	198	99
1091	153,218	1,13	253,266	8,8	198	99
1092	4,7	14,18	30,43	30,18	198	99
1093	35,61	42,90	137,154	7,15	111	99
1094	5,4	33,40	20,22	1,10	111	99
1095	77,103	79,94	73,66	135,140	115	99
1096	1,1	55,109	1,1	64,62	106	99
1097	136,171	53,80	167,176	34,41	149	99
1100	7,9	426,727	7,8	492,604	103	99
1101	2,8	312,451	2,6	357,424	198	99
1102	2,8	551,843	2,4	568,726	198	99
1103	2,3	144,229	5,6	236,211	198	99
1104	37,39	1,5	38,41	3,9	198	99
1105	0,6	2,0	4,4	0,0	198	99
1106	54,84	19,26	108,94	7,15	170	99
1107	7,4	4,11	7,1	0,3	136	99
1108	5,9	0,0	10,42	0,4	198	99
1110	3,7	99,142	11,12	128,112	198	99
1111	0,0	1,0	7,1	0,0	111	99
1112	196,302	1,0	261,300	1,1	171	99
1113	0,0	327,439	0,5	335,381	198	99
1114	42,79	0,0	51,52	1,0	139	99
1115	4,2	7,6	3,13	2,1	198	99
1116	7,7	178,220	8,12	181,164	198	99
1117	10,12	178,220	8,8	181,164	198	99
1118	1,3	6,5	6,0	9,4	198	99
1119	1,11	122,166	10,7	129,141	198	99
1120	6,8	36,35	15,6	42,46	198	99
1121	7,16	122,166	19,11	129,141	198	99
1122	9,36	592,1363	15,13	380,705	105	99
1123	6,22	374,761	3,10	245,362	103	99
1124	6,22	4,5	3,9	3,5	103	99
1125	37,84	75,149	107,83	72,95	183	99
1126	0,0	11,26	2,5	29,24	127	99
1127	31,62	157,199	44,65	142,187	198	99
1128	44,53	2,2	38,45	24,25	126	99
1129	63,88	61,88	64,77	95,120	198	99
1130	100,151	0,6	63,105	0,0	175	99
1131	0,1	19,19	0,0	56,50	117	99
1132	69,110	9,11	96,81	0,0	118	99
1133	294,535	501,968	449,425	734,745	198	99
1135	37,48	28,32	79,35	42,24	198	99
1136	81,121	10,30	61,46	19,29	114	99
1137	278,470	0,5	346,356	13,9	109	99
1138	23,33	1,2	31,30	6,11	109	99
1139	32,61	58,123	66,73	95,98	156	99
1140	7,14	4,6	12,16	6,5	149	99
1141	58,120	17,15	176,151	8,15	107	99
1142	19,30	21,20	52,22	8,21	107	99
1143	227,270	0,0	260,301	1,0	108	99
1144	16,14	2,4	3,9	11,18	129	99
1145	3,20	179,229	6,3	185,164	198	99
1146	6,5	308,441	5,8	493,455	103	99
1147	35,31	297,382	20,36	420,402	198	99
1148	6,1	321,385	5,5	456,459	132	99
1149	14,32	3,4	5,11	8,14	117	99
1150	20,38	2,0	12,31	0,1	198	99
1151	11,16	2,0	18,36	0,1	198	99
1152	41,77	2,2	47,38	1,5	154	99
1153	6,14	16,25	15,25	20,16	152	99
1154	2,2	11,9	6,5	34,25	198	99
1156	2,1	212,339	9,2	302,308	198	99
1157	17,15	356,604	12,20	257,382	103	99
1158	2,0	185,294	5,1	213,281	198	99
1159	17,10	1,1	13,20	5,1	102	99
1160	53,72	108,139	82,81	128,81	111	99
1161	15,18	120,163	19,14	141,124	198	99
1163	114,136	1,0	111,134	3,2	118	99
1164	147,159	174,183	163,116	278,210	102	99
1166	74,92	7,4	116,120	2,2	146	99
1167	3,3	408,582	6,9	688,692	198	99
1168	22,30	91,163	63,57	98,100	103	99
1169	182,291	681,1165	83,136	1040,1347	116	99
1170	60,113	8,21	92,108	5,3	198	99
1171	107,184	37,48	139,186	56,72	198	99
1172	62,104	37,48	62,94	56,72	116	99
1173	4,3	1,4	0,1	4,4	110	99
1174	0,0	1,1	15,0	0,0	108	99
1175	0,1	265,298	0,0	381,384	101	99
1177	102,144	0,1	129,158	1,0	127	99
1178	153,205	15,14	196,225	30,28	127	99
1179	700,876	5,9	936,916	5,8	198	99
1180	21,28	71,135	8,14	116,91	198	99
1181	5,3	10,11	7,7	22,24	105	99
1183	3,2	9,12	2,0	12,15	111	99
1184	0,6	15,10	3,4	23,18	111	99
1185	7,13	3161,4055	20,21	5750,6160	103	99
1186	668,1146	0,1	777,920	0,0	198	99
1187	74,111	322,462	60,47	294,470	182	99
1188	10,25	0,1	11,5	3,10	106	99
1190	1,0	0,1	4,0	0,4	111	99
1191	55,159	53,62	104,133	61,101	175	99
1192	1,1	743,1010	8,2	819,908	198	99
1193	20,19	5,5	14,26	9,3	198	99
1194	334,368	124,204	341,330	253,261	142	99
1195	475,575	18,28	557,537	34,33	181	99
1196	544,662	0,1	645,645	0,0	196	99
1197	265,411	18,28	469,469	34,33	138	99
1198	334,500	0,1	561,577	0,0	153	99
1199	87,117	0,1	126,141	0,0	114	99
1200	0,0	34,43	8,2	52,51	198	99
1201	28,43	6,5	32,30	2,1	116	99
1202	0,1	0,0	0,0	2,0	103	99
1204	76,114	23,45	101,120	16,22	143	99
1205	18,33	88,168	42,40	163,227	198	99
1206	0,1	3,7	7,10	21,7	198	99
1208	0,4	1637,2117	3,0	1974,2166	126	99
1209	12,11	115,156	6,10	123,138	198	99
1210	999,1561	1,0	1674,1907	0,0	198	99
1213	77,87	1,0	138,124	3,0	198	99
1214	33,39	5,0	47,46	2,2	198	99
1215	5,2	0,2	2,0	2,1	103	99
1216	13,10	295,394	9,11	404,382	102	99
1217	11,9	861,1214	4,9	710,1046	159	99
1218	183,282	0,0	200,227	2,1	198	99
1219	2,0	84,102	2,1	101,76	103	99
1220	10,16	34,76	9,15	67,46	126	99
1222	183,262	7638,9335	281,350	9167,10167	106	99
1224	4,6	4906,6874	14,7	6502,7690	103	99
1225	0,0	63,110	1,0	122,114	156	99
1226	24,53	1,5	17,45	8,1	175	99
1227	1,4	47,97	2,2	92,76	198	99
1228	51,60	62,83	111,96	18,7	111	99
1229	7,17	59,72	17,21	68,72	103	99
1230	90,142	0,3	74,82	0,0	198	99
1231	125,225	384,390	561,504	86,106	111	99
1232	76,143	19,16	60,119	63,74	105	99
1233	13,30	10,16	21,34	7,10	126	99
1234	15,27	5,5	20,36	1,4	198	99
1235	14,30	23,29	23,37	27,13	198	99
1236	12,16	5,5	9,14	1,4	198	99
1237	11,19	23,29	12,15	27,13	198	99
1238	5,8	23,29	5,5	27,13	135	99
1239	22,25	0,0	27,33	0,1	198	99
1240	4,2	118,122	6,10	136,154	103	99
1241	78,112	43,75	103,87	74,96	198	99
1243	157,230	0,0	442,443	1,0	198	99
1244	1504,2373	0,0	1060,1223	3,3	198	99
1245	1,3	1,3	0,0	2,1	150	99
1246	47,65	64,69	34,49	102,97	103	99
1249	1,4	12,5	2,1	9,3	180	99
1250	30,56	1,1	37,52	4,0	198	99
1251	43,83	12,28	110,121	38,33	198	99
1252	34,74	137,243	40,58	195,279	198	99
1253	3,1	134,211	7,6	168,126	198	99
1254	28,46	4,2	44,27	0,2	198	99
1255	2,0	20,62	0,1	37,45	198	99
1256	5,4	4,7	4,17	2,8	107	99
1257	60,102	88,94	84,99	127,103	198	99
1258	1,0	238,271	1,1	364,287	198	99
1259	11,8	1,3	2,2	0,0	103	99
1260	8,16	472,667	15,11	461,497	198	99
1261	2,6	351,594	3,4	524,570	103	99
1263	229,289	72,125	568,586	75,78	198	99
1265	1,0	113,182	0,0	126,174	102	99
1267	174,225	0,3	299,279	0,0	104	99
1268	9,32	103,138	92,82	109,144	198	99
1269	1,0	513,752	2,6	567,551	198	99
1270	251,372	104,170	302,272	164,203	198	99
1272	13,20	3,9	25,10	10,5	174	99
1273	56,61	2,0	41,39	0,0	102	99
1274	46,145	7,5	117,127	5,6	198	99
1275	15,5	2,3	5,13	0,0	120	99
1276	0,2	3,4	24,8	33,19	103	99
1277	64,93	155,196	69,72	186,171	140	99
1278	0,1	68,89	0,0	92,110	103	99
1279	9,4	121,183	4,10	202,224	198	99
1280	40,47	0,0	34,26	2,0	105	99
1281	2,6	155,222	4,5	141,147	198	99
1282	3,11	11,9	7,14	6,6	198	99
1283	2,10	206,343	4,22	296,256	198	99
1284	11,19	206,343	9,24	296,256	198	99
1285	12,11	0,0	11,4	3,0	141	99
1286	0,3	100,143	0,0	140,99	168	99
1287	63,80	14,19	69,72	27,22	122	99
1288	46,73	0,0	24,46	1,0	198	99
1290	7,4	27,48	4,2	15,27	198	99
1291	7,4	27,48	4,2	15,27	198	99
1292	10,18	1003,1627	53,57	1799,2421	198	99
1294	2,6	885,1266	1,3	1042,1146	103	99
1295	8,12	355,436	22,9	468,449	198	99
1297	108,223	0,0	133,113	3,2	163	99
1298	37,34	101,154	38,43	78,101	149	99
1299	28,23	0,1	26,21	1,3	149	99
1300	192,343	0,1	216,253	1,3	198	99
1301	169,332	0,0	209,241	2,0	198	99
1302	0,2	23,22	0,0	23,17	123	99
1303	8,8	0,0	9,8	3,0	143	99
1304	12,17	38,68	6,11	52,60	148	99
1305	0,4	2,5	2,1	0,0	148	99
1306	140,224	2,5	197,210	0,0	198	99
1307	141,229	0,2	199,212	2,0	198	99
1308	2,3	16,13	1,2	10,13	131	99
1309	13,25	4,6	4,17	10,4	198	99
1310	10,19	59,85	27,16	83,99	163	99
1311	253,336	2,5	364,327	2,12	105	99
1312	258,391	681,1068	281,313	770,888	102	99
1313	27,46	0,0	28,16	1,0	131	99
1315	13,13	1,0	14,2	4,2	114	99
1316	16,12	4,4	1,8	10,4	121	99
1317	7,7	11,17	10,3	25,14	198	99
1318	0,1	14,6	5,0	29,19	108	99
1319	19,8	1,1	34,14	2,0	126	99
1320	15,17	622,841	35,22	591,647	198	99
1321	28,45	122,176	15,23	149,167	198	99
1322	433,602	69,91	771,916	107,180	123	99
1323	4,4	80,137	5,8	119,105	198	99
1324	16,14	0,0	19,19	1,0	198	99
1325	25,21	0,3	41,32	1,2	170	99
1326	32,46	0,3	59,53	1,2	198	99
1328	28,35	1,9	79,65	3,6	198	99
1329	13,7	323,433	8,4	305,366	198	99
1330	15,16	7,2	37,21	2,1	198	99
1331	14,6	100,154	20,14	91,96	198	99
1335	1,0	102,170	2,0	181,174	103	99
1336	337,418	0,2	349,416	0,0	186	99
1337	2,11	4,11	6,9	17,20	137	99
1338	86,114	651,976	52,92	876,1006	198	99
1340	62,40	306,443	121,147	381,405	198	99
1342	4,2	1,1	2,4	0,2	103	99
1343	21,46	600,861	43,55	571,809	104	99
1346	52,55	100,108	54,44	122,114	143	99
1347	0,0	14,11	0,1	28,12	117	99
1349	0,0	7,8	1,2	6,9	198	99
1350	821,1092	0,1	944,1070	0,0	198	99
1351	8,19	0,1	6,13	0,0	198	99
1352	2,12	813,1075	3,9	938,1057	102	99
1354	0,0	164,244	1,0	183,191	111	99
1356	5,9	216,250	10,10	253,309	192	99
1359	0,3	3,2	13,3	3,0	143	99
1361	41,61	18,10	30,42	36,39	102	99
1362	0,2	8,11	0,1	33,9	173	99
1363	4,8	53,66	5,3	81,58	114	99
1364	60,54	2,3	77,87	5,8	111	99
1365	1,0	22,37	0,0	48,20	128	99
1366	5,10	53,67	7,11	54,64	181	99
1367	0,1	1,2	1,5	0,0	162	99
1368	36,32	100,163	46,27	132,138	198	99
1369	0,0	84,121	1,6	70,94	102	99
1371	5,7	714,982	1,3	787,889	102	99
1372	2,1	297,385	15,10	391,428	116	99
1373	31,40	107,136	43,22	129,135	116	99
1374	132,202	6,5	191,249	5,7	140	99
1375	7,8	220,240	4,7	233,212	198	99
1378	2,2	146,195	5,0	204,219	138	99
1379	0,1	140,204	1,2	169,167	108	99
1380	0,1	51,58	0,0	19,31	198	99
1381	23,23	12,21	62,58	10,5	123	99
1383	0,6	112,155	4,3	114,107	180	99
1384	2,4	1268,1717	1,10	1509,1642	198	99
1385	5,7	55,75	8,11	55,68	198	99
1386	166,327	0,0	248,277	5,0	198	99
1388	2,3	1,0	7,1	1,0	103	99
1389	2,1	11,17	0,3	12,25	198	99
1390	24,33	471,747	15,35	563,587	198	99
1391	19,28	3,0	50,31	0,0	117	99
1392	17,14	17,34	3,5	34,41	129	99
1393	5,4	0,0	5,5	4,3	105	99
1395	5,6	3,0	6,11	8,10	198	99
1396	2,0	4,1	7,0	2,1	126	99
1397	13,11	306,360	31,19	552,493	198	99
1398	15,12	306,360	27,20	552,493	198	99
1399	0,1	6,15	13,5	6,9	198	99
1400	10,16	114,159	27,9	249,213	198	99
1401	16,30	114,159	20,15	249,213	142	99
1402	16,19	5,3	14,6	10,12	142	99
1403	213,233	72,101	230,312	174,157	120	99
1404	2,5	61,77	2,5	78,53	198	99
1407	22,26	248,392	12,29	279,366	198	99
1408	52,101	64,98	56,55	28,39	103	99
1409	36,77	109,203	52,60	216,273	124	99
1410	5,3	146,205	8,5	158,162	198	99
1411	3,7	22,21	4,3	44,39	198	99
1412	2,4	59,82	4,6	71,90	198	99
1416	44,93	80,152	63,91	91,95	161	99
1417	0,5	218,316	9,3	301,286	138	99
1418	20,40	166,218	38,28	158,169	198	99
1420	13,28	125,126	14,7	163,100	198	99
1421	234,345	1,2	267,291	0,0	177	99
1422	87,141	50,87	185,208	111,111	111	99
1423	12,23	6,24	38,34	3,1	122	99
1424	52,75	664,936	280,313	376,528	136	99
1425	3,7	622,862	4,5	713,781	126	99
1429	374,421	4,0	477,574	2,6	198	99
1430	2,3	132,217	1,2	154,149	198	99
1431	1,0	53,70	3,0	107,68	198	99
1433	3,2	186,239	0,0	211,204	135	99
1434	1,2	189,274	2,0	196,239	165	99
1436	23,29	175,236	41,31	224,221	198	99
1437	137,173	1,0	112,103	4,6	102	99
1438	3,10	154,208	6,11	246,309	198	99
1439	7,5	94,228	14,4	242,298	198	99
1440	194,410	0,0	468,537	2,0	198	99
1441	143,277	0,0	292,313	3,0	198	99
1442	46,72	82,138	60,66	112,120	198	99
1443	2,1	14,15	8,6	15,13	172	99
1445	41,37	9,6	53,32	0,2	110	99
1446	10,11	125,200	5,1	157,153	198	99
1447	259,351	207,322	300,489	271,410	118	99
1449	159,282	0,2	253,352	0,0	150	99
1450	1,7	0,0	3,5	4,9	111	99
1451	100,132	0,0	163,105	2,0	111	99
1452	6,5	387,569	10,3	456,438	198	99
1453	2,3	0,4	3,3	2,1	144	99
1455	39,56	85,131	25,56	169,183	103	99
1456	0,0	4,6	1,4	12,6	109	99
1457	0,1	3,4	4,1	5,6	144	99
1458	290,398	221,408	282,358	326,286	198	99
1459	190,229	122,165	221,296	106,121	198	99
1460	14,34	0,2	43,42	3,1	174	99
1461	7,7	44,42	11,6	51,52	103	99
1463	59,92	2277,3090	79,79	3225,2831	101	99
1464	4,16	60,121	1,5	44,67	121	99
1465	0,1	4,11	0,1	2,5	101	99
1466	37,95	56,113	18,15	84,101	198	99
1467	13,29	2,3	29,31	0,2	127	99
1468	5,9	6,10	37,45	17,1	142	99
1470	46,26	2,4	42,19	2,1	198	99
1471	25,37	13939,17709	19,16	15952,18677	104	99
1472	16,21	13939,17709	20,13	15952,18677	198	99
1473	16,21	13939,17709	20,13	15952,18677	198	99
1474	16,22	13939,17709	20,13	15952,18677	198	99
1475	16,21	25,37	20,13	19,16	198	99
1476	16,21	25,37	20,13	19,16	198	99
1477	16,22	25,37	20,13	19,16	198	99
1481	118,147	13670,19360	130,199	18388,20481	103	99
1482	117,147	2,1	130,199	3,6	103	99
1483	37,49	19,32	52,53	9,15	133	99
1489	13,7	0,6	11,12	1,4	123	99
1490	0,1	6,7	4,2	8,7	126	99
1491	44,54	96,141	37,34	92,106	117	99
1492	58,67	1,3	68,104	0,2	103	99
1493	15,7	188,270	8,6	86,139	198	99
1495	4,10	1,4	3,15	3,1	112	99
1496	3,10	1,2	3,12	0,0	153	99
1497	15,15	118,153	12,27	91,128	119	99
1498	2823,3544	5,6	4751,4663	26,27	105	99
1499	2,2	1696,2120	9,6	2754,2732	198	99
1500	10,11	233,291	9,10	369,381	111	99
1501	45,68	131,127	50,56	113,181	129	99
1502	207,357	0,0	393,514	0,1	198	99
1503	384,500	3,8	382,409	7,9	136	99
1504	259,443	197,317	345,350	208,261	198	99
1505	16,23	163,269	6,10	172,198	198	99
1506	18,22	1,1	12,26	4,0	141	99
1507	170,254	17,18	205,226	3,8	198	99
1508	1,0	117,127	6,2	122,94	198	99
1509	55,67	2,1	104,93	2,16	136	99
1510	44,52	2,1	107,92	2,16	157	99
1511	9,14	20,29	27,22	24,23	120	99
1513	14,17	461,608	42,20	520,529	105	99
1514	1,3	54,76	2,3	57,52	198	99
1516	73,101	18,30	86,82	7,13	113	99
1517	9,18	168,215	14,11	189,195	103	99
1518	11,13	1,5	9,14	0,0	198	99
1520	3,12	36,31	20,50	67,105	198	99
1521	2,4	281,363	7,15	474,435	198	99
1522	0,0	1,0	5,3	1,0	125	99
1523	38,49	2730,4148	56,103	3558,4313	103	99
1524	0,11	6,3	0,0	1,5	198	99
1525	21,46	6,3	9,30	1,5	198	99
1526	40,68	0,11	22,38	0,0	184	99
1527	26,43	3271,4439	32,47	3558,4644	198	99
1530	7,17	128,136	7,10	127,126	198	99
1531	3,7	177,290	5,7	237,247	103	99
1532	81,119	1,3	72,139	7,9	121	99
1533	71,132	1864,2698	81,120	2287,2646	198	99
1534	256,365	8,8	344,337	8,4	171	99
1535	2,5	10,25	4,3	46,44	108	99
1536	84,91	0,0	172,140	0,2	198	99
1537	0,1	252,379	1,0	285,339	198	99
1538	169,156	15,17	207,189	7,2	112	99
1540	316,388	5,11	161,204	2,4	123	99
1541	8,19	84,119	51,48	76,61	135	99
1542	5,17	789,1159	16,17	963,1148	198	99
1543	0,1	714,1088	0,0	786,917	198	99
1544	11,11	537,603	10,11	449,563	156	99
1545	2,5	24,46	8,10	27,21	139	99
1546	4,7	0,0	2,2	0,1	104	99
1547	3,0	208,294	4,0	233,244	104	99
1548	11,22	1,0	21,16	0,0	114	99
1549	247,247	29,64	215,283	46,62	114	99
1550	6,16	2,5	10,18	3,1	121	99
1551	10,19	208,216	11,5	237,236	198	99
1552	4,1	81,97	3,4	90,135	123	99
1554	11,4	269,361	6,5	245,282	198	99
1555	43,56	473,794	30,34	533,749	198	99
1556	44,46	473,794	34,29	533,749	198	99
1557	12,14	4,16	12,8	2,10	117	99
1558	1,0	0,0	0,0	0,1	165	99
1559	27,30	2,3	50,63	0,0	122	99
1560	2,0	60,69	2,1	67,59	198	99
1562	4,10	118,195	21,43	106,147	198	99
1563	3,10	27,37	10,5	88,97	103	99
1564	155,230	2,0	355,410	3,21	104	99
1566	7,1	1,7	6,8	1,5	198	99
1567	10,4	20,38	14,7	20,23	169	99
1568	8,9	34,79	25,10	56,55	124	99
1569	2,3	117,186	5,2	129,156	198	99
1570	6,5	4,11	17,20	0,4	146	99
1571	3,4	4,11	44,32	0,4	175	99
1572	1,1	4,2	28,13	1,1	128	99
1573	4,11	30,59	4,8	46,42	198	99
1574	1,3	64,121	5,0	126,101	198	99
1575	71,103	8,14	200,210	1,0	104	99
1576	19,36	105,151	35,24	149,141	198	99
1577	92,145	75,110	139,153	84,95	111	99
1579	1,13	11,12	1,4	18,22	198	99
1580	0,2	26,58	0,0	30,25	129	99
1581	25,43	160,246	30,37	214,239	171	99
1582	213,289	3,9	320,296	3,5	198	99
1583	1,3	209,296	3,1	227,238	198	99
1584	7,7	231,356	6,5	282,300	198	99
1585	821,1266	181,248	1158,1169	221,224	198	99
1586	981,1345	14,54	1223,1534	51,44	102	99
1587	478,672	834,1119	463,471	982,1245	102	99
1588	123,204	2,0	157,160	0,0	198	99
1589	4,5	57,105	7,2	105,133	198	99
1590	32,45	148,210	24,27	168,203	198	99
1591	5,8	133,229	1,1	203,259	107	99
1592	0,0	7,6	1,5	4,5	111	99
1593	8,5	137,173	9,5	149,162	104	99
1594	8,5	1,2	8,2	0,1	104	99
1595	109,135	1,1	167,198	0,0	198	99
1596	5,6	0,1	4,2	2,0	198	99
1597	3,5	2,2	4,1	0,4	153	99
1598	4,3	0,1	0,5	2,0	155	99
1599	112,187	191,230	277,232	163,151	114	99
1601	3,3	0,5	0,2	3,3	120	99
1602	56,69	0,0	81,83	0,1	198	99
1603	5,6	0,0	0,3	4,3	110	99
1604	8,7	163,223	0,0	139,169	198	99
1605	3,1	163,223	4,3	139,169	198	99
1607	27,30	92,103	26,25	143,129	198	99
1608	11,8	1,2	21,22	6,6	183	99
1610	0,1	0,0	1,0	0,1	127	99
1611	2,1	0,1	4,8	0,0	103	99
1612	231,305	2560,3517	334,356	3333,4772	198	99
1613	1,4	100,101	4,1	131,92	162	99
1614	3,2	31,49	5,6	51,31	198	99
1615	84,123	1,3	94,75	0,0	198	99
1616	50,99	109,148	65,54	114,117	198	99
1617	3,13	55,72	5,5	59,65	198	99
1618	1,10	55,72	7,3	59,65	198	99
1619	0,0	2,3	2,0	0,2	103	99
1621	15,26	162,176	20,25	179,205	117	99
1622	38,57	0,7	81,72	7,6	198	99
1623	4,7	74,79	7,11	75,58	198	99
1624	2,7	1,9	14,7	1,1	198	99
1625	19,30	134,192	23,25	148,112	198	99
1626	7,7	0,0	11,12	3,0	174	99
1627	90,104	58,80	107,139	96,142	164	99
1628	92,139	1,0	143,223	0,0	132	99
1629	124,162	1,0	154,220	0,0	197	99
1630	86,133	2,7	92,119	16,7	162	99
1631	1,5	91,137	6,2	131,162	198	99
1632	67,104	49,74	49,52	41,42	103	99
1633	0,1	235,392	2,2	332,305	117	99
1634	2,5	130,255	6,4	220,219	159	99
1635	119,150	1,2	97,105	13,7	198	99
1636	332,541	1,0	467,563	0,0	198	99
1637	289,354	3,28	389,456	8,16	198	99
1641	12,19	0,0	14,14	1,2	198	99
1643	19,27	10,35	33,34	5,11	102	99
1644	10,13	279,400	9,7	405,374	198	99
1645	11,24	2,0	11,6	3,4	105	99
1646	4,0	4,0	0,3	0,2	198	99
1647	19,7	19,46	33,6	19,30	198	99
1648	12,7	10,11	18,7	18,13	198	99
1649	22,50	10,11	22,33	18,13	130	99
1650	6,20	167,263	14,11	306,264	102	99
1651	2,7	1,2	3,0	3,0	103	99
1652	6,4	1,4	2,0	17,13	103	99
1653	0,0	46,35	0,2	46,36	138	99
1655	67,98	152,198	94,126	166,171	194	99
1656	78,95	152,198	109,68	166,171	198	99
1657	91,120	54,82	151,89	73,109	198	99
1658	2,4	213,313	15,9	256,286	144	99
1659	0,2	46,60	10,13	30,39	131	99
1660	120,176	6,12	125,108	23,23	123	99
1661	10,18	3,2	11,18	0,0	123	99
1662	58,73	1,0	47,47	0,0	108	99
1664	62,72	2,2	77,74	0,0	141	99
1666	9,25	0,0	39,22	1,0	198	99
1668	8,5	5309,7146	10,12	7002,7120	103	99
1669	81,125	70,71	99,98	71,55	198	99
1670	184,267	44,56	262,291	12,10	168	99
1672	0,7	343,442	5,7	368,458	198	99
1673	1174,3446	1,1	731,1448	0,0	171	99
1674	15,19	771,1117	29,9	1149,979	104	99
1675	287,373	0,0	425,253	0,2	156	99
1678	204,256	5,7	254,247	4,13	102	99
1679	0,2	70,105	1,8	97,92	103	99
1680	6,10	53,88	3,4	93,53	198	99
1682	19,37	0,0	31,36	2,3	198	99
1683	58,57	8,21	84,85	21,30	198	99
1684	60,87	0,0	79,75	6,2	198	99
1685	1,2	101,127	2,1	76,119	198	99
1688	0,2	325,460	0,0	315,395	198	99
1689	69,67	310,354	100,106	362,431	198	99
1690	16,20	66,58	4,13	92,97	120	99
1691	55,97	1577,2029	86,50	1763,1630	198	99
1692	7,7	245,340	20,6	239,269	198	99
1693	425,611	0,4	540,585	2,1	198	99
1694	81,128	7,6	185,134	4,4	120	99
1695	3,2	0,0	1,0	2,0	103	99
1696	25,37	18,16	35,11	0,5	112	99
1697	21,19	2117,2736	10,21	2461,2573	103	99
1698	3,12	128,227	17,4	120,147	198	99
1699	6,7	1,0	0,8	2,0	153	99
1700	10,26	1,0	22,25	2,0	198	99
1701	14,37	5,7	29,35	0,6	198	99
1702	113,206	0,2	151,175	4,2	198	99
1703	17,24	813,1041	23,18	919,981	159	99
1704	5,7	38,48	7,3	67,45	198	99
1705	5,10	170,219	3,3	185,230	193	99
1706	64,98	24,18	81,88	1,16	198	99
1707	6,33	8,0	11,26	7,3	198	99
1709	7,9	27,22	13,11	18,30	104	99
1710	1,3	27,24	7,10	16,25	131	99
1711	242,307	1,1	330,430	8,1	198	99
1712	101,127	2,8	95,118	4,6	198	99
1715	11,2	12,9	13,6	31,31	103	99
1716	20,18	2,6	2,3	11,17	115	99
1717	15,15	9,10	15,12	15,14	198	99
1718	9,13	9,10	22,9	15,14	143	99
1719	23,24	1250,1624	18,26	1713,1738	198	99
1720	85,89	91,156	131,158	175,230	103	99
1721	0,9	96,147	1,4	134,142	198	99
1722	1,1	70,89	3,1	86,93	103	99
1723	288,431	17,24	506,501	66,42	101	99
1724	0,2	2,0	1,2	0,0	104	99
1725	730,1162	9,25	998,1246	24,31	198	99
1726	34,45	22,30	15,16	69,43	134	99
1727	4,5	104,155	6,1	139,105	108	99
1728	5,10	9,11	13,25	9,18	136	99
1729	17,33	55,56	35,28	51,40	192	99
1733	6,2	63,86	8,15	79,72	198	99
1734	47,73	24,47	47,41	23,31	198	99
1735	93,145	755,1096	42,50	572,672	121	99
1736	50,57	131,199	45,55	112,168	198	99
1737	164,228	17,17	179,226	2,9	198	99
1739	1,4	232,180	5,9	261,224	198	99
1740	209,259	0,5	207,299	0,0	123	99
1741	9,19	51,71	2,7	60,88	174	99
1742	33,47	229,354	16,17	306,327	126	99
1743	17,49	277,365	18,20	423,528	161	99
1744	27,27	1,12	29,21	4,2	114	99
1745	7,3	0,0	15,7	1,0	114	99
1748	0,0	294,470	1,0	290,314	135	99
1750	668,997	26,23	653,773	22,25	198	99
1751	13,42	15,17	45,23	16,9	198	99
1752	78,88	0,2	128,155	13,3	198	99
1753	102,166	1,4	120,195	1,4	198	99
1754	319,459	0,9	333,344	1,1	197	99
1756	35,29	60,91	109,94	77,73	183	99
1757	159,274	1,0	218,197	0,2	198	99
1758	14,31	108,201	14,18	134,134	168	99
1759	1499,1930	2,0	1725,2025	0,0	102	99
1760	114,183	17,11	203,198	3,2	105	99
1761	11,44	0,0	30,48	0,3	103	99
1762	351,510	1,3	479,520	6,1	102	99
1763	120,148	123,141	108,108	168,177	134	99
1764	7,9	10,14	3,0	6,13	104	99
1765	3,1	22,22	0,5	12,14	104	99
1767	7,13	458,613	18,8	610,657	102	99
1768	1,1	91,112	3,3	150,114	105	99
1769	97,157	439,611	96,74	458,529	198	99
1770	16,20	74,84	53,56	49,55	198	99
1771	11,8	82,116	10,10	95,99	198	99
1772	0,0	499,739	0,2	600,650	103	99
1773	7,0	424,597	2,3	572,609	198	99
1775	58,84	9,16	79,61	2,3	102	99
1778	0,0	269,294	0,1	349,221	111	99
1779	3,6	169,213	8,6	226,183	120	99
1780	20,24	508,936	54,59	410,575	123	99
1782	16,15	0,0	24,18	3,0	198	99
1783	30,40	0,4	29,26	1,0	198	99
1787	180,239	6,4	252,265	1,3	198	99
1788	1,4	100,127	0,0	94,86	153	99
1789	359,451	80,151	19,31	436,523	105	99
1790	178,302	3,0	189,240	0,0	107	99
1791	2,1	125,140	2,2	129,98	171	99
1792	126,187	1,0	171,178	1,0	198	99
1793	158,275	1,0	176,240	0,0	198	99
1796	70,82	0,0	51,53	2,6	198	99
1797	53,64	0,0	51,40	0,1	198	99
1798	2,0	30,23	6,0	20,20	198	99
1800	49,86	0,2	154,178	0,0	198	99
1801	2,5	56,84	11,11	107,63	111	99
1802	435,580	5,8	392,888	1,1	111	99
1803	4,1	37,50	2,0	60,68	133	99
1804	37,53	0,0	48,56	0,2	198	99
1805	847,1342	0,1	1211,819	0,0	198	99
1806	1,7	89,182	11,6	175,163	198	99
1807	1,1	0,0	1,0	0,3	105	99
1809	111,108	0,0	122,123	1,0	198	99
1810	17,17	133,148	0,4	137,95	172	99
1811	64,84	698,1055	79,84	633,875	198	99
1812	43,61	26,50	42,52	36,42	111	99
1813	0,5	3,4	9,6	4,10	103	99
1814	4,8	18,25	7,7	12,25	101	99
1817	10,28	144,223	5,12	177,178	110	99
1818	8,11	41,70	17,18	77,77	123	99
1819	81,134	0,2	163,158	4,0	198	99
1820	13,18	74,126	24,41	158,155	198	99
1821	265,386	24,49	272,270	53,35	198	99
1822	1217,1802	103,178	1706,2025	27,52	178	99
1823	12,7	180,285	10,11	230,281	198	99
1825	533,741	0,2	457,568	0,0	198	99
1826	4,7	102,109	0,2	129,121	198	99
1827	4,6	8,14	0,2	4,0	198	99
1828	12,12	3337,4799	24,49	3951,5604	102	99
1829	3,0	2,2	0,1	0,2	128	99
1830	345,369	10,18	488,346	11,5	132	99
1831	120,132	39,35	169,117	56,35	198	99
1832	84,93	159,173	18,15	205,227	105	99
1833	22,35	36,45	29,25	49,38	198	99
1834	1,3	66,82	9,2	42,74	198	99
1835	48,47	148,192	78,73	120,136	161	99
1836	8,9	292,351	17,13	354,385	198	99
1838	99,153	7,10	135,132	11,14	187	99
1839	7,17	83,133	10,13	107,98	198	99
1840	64,80	145,219	51,89	114,144	111	99
1841	3467,4760	1,12	4828,6884	9,8	102	99
1842	30,25	12,10	32,44	14,8	198	99
1843	2,5	58,84	3,16	79,59	154	99
1844	2,0	5,6	5,1	10,10	198	99
1845	11,17	87,92	51,32	343,275	198	99
1846	1,8	0,8	21,18	0,0	198	99
1847	10,23	2,8	55,44	1,0	198	99
1848	30,54	41,78	43,69	157,154	156	99
1849	21,13	727,1037	21,28	851,1097	198	99
1850	2,0	31,33	0,1	38,39	127	99
1851	28,34	3,6	44,35	10,16	198	99
1852	1,2	4,15	5,4	16,14	198	99
1853	84,98	2,1	78,59	4,1	167	99
1857	33,58	34,39	48,50	66,101	126	99
1859	84,107	1,0	159,135	0,0	198	99
1860	22,23	0,0	29,25	0,1	141	99
1861	13,34	456,785	17,23	647,684	198	99
1863	10,5	9,3	6,22	5,2	116	99
1864	6,8	490,793	5,11	471,614	198	99
1865	9,8	490,793	8,10	471,614	198	99
1866	688,857	0,1	789,886	0,0	117	99
1867	21,34	42,90	63,89	93,69	198	99
1868	34,71	1,1	46,32	4,0	111	99
1869	10,11	8,15	23,5	9,11	197	99
1870	9,28	0,0	14,20	0,2	198	99
1871	360,467	5,7	408,618	6,8	105	99
1872	0,1	41,58	6,3	63,38	105	99
1877	15,32	1,5	12,17	3,1	198	99
1878	26,57	0,4	41,29	0,0	198	99
1879	15,52	12,19	11,6	37,29	127	99
1881	52,70	54,91	37,44	101,87	198	99
1882	0,3	6,4	14,13	5,2	150	99
1883	1087,1603	768,1145	1561,1483	572,731	198	99
1884	630,865	0,1	392,580	0,4	120	99
1885	233,334	9,4	140,266	1,2	120	99
1886	264,348	0,6	145,295	0,6	120	99
1887	205,282	5,4	115,220	0,0	120	99
1888	240,335	5,4	140,271	0,0	141	99
1889	223,291	5,4	123,237	0,0	162	99
1890	220,291	5,4	124,238	0,0	183	99
1891	36,56	1,3	25,51	0,0	120	99
1892	19,12	1,3	8,17	0,0	141	99
1893	16,13	1,3	9,18	0,0	162	99
1894	10,2	22,45	2,6	17,34	120	99
1895	10,10	22,45	4,8	17,34	141	99
1896	21,35	5,0	10,17	0,0	120	99
1897	367,526	0,0	223,457	0,1	183	99
1898	221,290	0,0	123,237	1,2	141	99
1899	502,776	0,0	328,561	1,2	162	99
1900	221,291	0,0	124,238	1,2	183	99
1901	289,487	3,0	207,330	0,0	120	99
1902	11,10	3,0	4,8	0,0	141	99
1903	22,35	284,485	10,17	205,324	120	99
1904	0,3	0,6	0,3	2,1	118	99
1906	17,25	8,9	22,28	4,3	198	99
1909	0,0	0,1	0,1	0,0	127	99
1910	0,0	0,1	0,3	0,0	121	99
1911	2,2	264,311	0,1	237,272	177	99
1913	24,56	259,307	110,127	245,236	110	99
1915	146,163	103,129	107,131	143,108	126	99
1916	0,1	9,11	7,2	14,12	198	99
1917	1,3	700,943	14,3	943,1011	130	99
1919	2,0	32,38	0,0	36,36	117	99
1921	0,0	352,447	4,1	439,458	105	99
1922	1,4	120,157	3,9	159,185	101	99
1924	39,50	70,89	31,22	175,271	110	99
1925	1,5	12,30	4,8	20,28	103	99
1926	42,50	22,17	58,28	22,16	103	99
1927	26,43	105,105	30,38	93,114	111	99
1928	8,8	105,105	8,10	93,114	123	99
1929	0,0	18,35	1,0	23,28	111	99
1930	24,41	51,98	56,63	75,90	136	99
1931	170,194	8,5	136,178	13,17	110	99
