ID	IJC_SAMPLE_1	SJC_SAMPLE_1	IJC_SAMPLE_2	SJC_SAMPLE_2	IncFormLen	SkipFormLen	PValue
0	25,53,46,31,49,50	53,64,51,46,65,62	26,40,21,51,42,15	36,31,18,35,36,17	210	238	0.899632716541
1	90,135,115,94,120,158	206,289,267,224,315,283	119,54,110,136,134,55	229,196,227,296,348,90	230	218	1
2	65,110,95,92,118,102	53,69,66,58,69,81	105,86,100,134,122,40	60,53,81,63,114,31	217	196	1
3	1,2,0,0,1,0	170,282,206,193,302,204	1,1,1,0,0,0	146,130,145,238,242,74	283	391	1
4	10,14,15,28,20,13	170,282,206,193,302,204	19,12,23,21,16,2	146,130,145,238,242,74	262	391	1
5	27,39,38,39,49,57	40,48,49,36,53,42	28,18,37,42,33,13	33,22,66,50,80,27	189	194	1
6	7,19,10,7,12,15	64,113,110,79,161,70	16,11,11,26,20,6	62,66,64,101,119,24	230	230	1
7	125,185,106,117,139,121	53,73,59,35,71,50	84,79,72,92,137,47	32,25,31,39,62,17	229	202	1
8	49,68,38,33,51,59	33,45,35,35,52,48	25,44,27,56,52,18	42,41,23,35,28,28	210	203	1
9	361,658,442,386,494,459	128,193,133,116,157,166	468,335,318,497,477,160	129,77,104,178,136,57	239	203	1
11	184,182,99,109,178,186	209,248,150,156,264,255	109,69,73,42,104,47	153,94,113,83,163,76	226	272	1
12	218,452,304,302,432,475	111,240,149,185,233,215	304,279,296,433,412,140	162,142,177,191,227,76	255	216	1
13	128,244,153,184,207,255	499,824,458,552,757,425	156,189,170,243,258,108	703,568,569,638,663,223	216	229	1
14	315,588,269,265,417,332	137,236,131,101,231,146	556,406,487,583,841,255	236,167,211,265,326,101	231	218	1
15	32,52,39,32,41,29	31,61,55,47,68,55	63,22,35,36,44,13	45,26,42,53,74,24	197	196	1
16	56,68,40,65,48,76	32,54,78,44,66,53	40,40,45,67,70,22	61,22,49,64,75,19	235	234	1
18	0,4,0,8,1,3	3,11,10,6,13,7	3,2,1,1,8,0	5,5,6,4,14,7	260	253	1
19	512,825,615,486,783,659	15,38,44,21,43,24	542,399,477,586,790,228	25,11,33,27,25,22	216	167	1
20	60,81,50,67,67,51	32,34,34,32,60,47	77,42,54,72,65,40	40,24,38,52,52,20	245	200	1
21	4,8,7,8,4,1	239,342,306,237,414,332	4,0,3,0,5,4	189,179,174,286,379,130	228	652	1
22	307,451,392,350,555,403	220,421,295,275,414,314	342,315,330,565,468,194	295,239,229,341,472,116	224	197	1
23	128,175,162,126,183,146	129,210,182,148,230,156	139,101,135,190,239,79	187,119,144,229,227,83	249	219	1
24	25,33,58,21,25,28	49,85,69,55,57,72	19,20,10,35,43,15	47,38,42,72,50,24	201	303	1
25	3521,5904,3721,3465,4807,4005	4056,6811,4607,4263,5731,5193	5117,3350,4271,5141,5998,2001	5693,4011,4931,6397,7818,2504	215	227	1
26	3523,5626,4042,3715,4775,4712	2124,3147,2403,2010,2979,2680	4714,3235,4348,5340,6469,2316	2612,1925,2415,3280,3850,1271	254	215	1
27	91,102,79,77,80,90	728,1078,909,906,1098,1002	75,48,65,127,111,28	824,789,911,1803,1367,458	278	1923	1
29	280,452,318,284,420,412	153,214,161,159,236,202	300,238,259,337,439,170	176,132,166,180,224,90	199	183	1
30	0,0,2,1,0,1	75,120,90,90,122,74	0,2,0,0,0,0	63,57,53,95,102,32	230	230	1
31	57,123,71,66,103,99	74,120,91,90,122,74	54,70,46,75,74,37	63,57,53,95,102,32	230	230	1
32	35,46,52,45,53,48	73,107,69,70,128,75	32,30,26,39,26,14	70,67,50,105,84,31	230	230	1
33	97,149,133,102,161,122	145,154,127,116,197,144	67,42,63,114,81,30	69,48,74,115,119,28	231	213	1
34	101,145,130,121,169,117	158,250,238,176,244,255	128,116,104,132,194,53	211,174,203,290,295,112	198	264	1
35	29,46,41,41,37,39	46,75,68,35,74,68	25,27,24,33,44,16	54,34,62,66,46,37	188	206	1
36	1064,1565,1214,1334,1613,1534	91,151,130,136,154,126	866,768,958,1311,1610,563	103,102,118,145,178,53	721	197	1
37	137,224,146,135,225,225	60,76,55,55,97,79	144,147,138,240,234,94	91,58,57,89,74,32	611	285	1
38	137,279,166,201,270,192	73,127,84,122,180,143	212,164,180,167,218,86	129,74,83,101,134,50	250	222	1
39	73,129,74,97,156,120	124,237,178,186,278,216	106,78,71,86,125,43	178,120,140,177,228,68	227	220	1
40	418,458,390,379,552,503	103,135,105,120,129,167	122,233,247,495,370,150	29,42,59,138,83,31	439	234	1
41	851,1347,1226,1047,1539,1165	838,1440,1295,1051,1577,1320	1238,927,1085,1551,1685,540	1144,961,1054,1662,1563,530	227	263	1
42	1665,2478,1302,1392,2056,1513	513,663,400,395,592,448	1482,1518,1848,2291,2610,1036	457,542,521,718,732,346	1227	482	1
43	26,51,47,42,49,50	90,119,108,104,146,111	50,37,56,66,70,24	111,66,105,131,186,48	201	271	1
44	225,362,249,213,312,238	246,441,255,252,355,192	203,160,134,256,247,75	258,160,180,227,231,65	366	249	1
45	228,382,288,246,354,252	246,441,255,252,355,192	232,169,132,272,269,82	258,160,180,227,231,65	353	249	1
46	147,259,177,140,201,137	246,441,255,252,355,192	131,111,76,174,160,43	258,160,180,227,231,65	330	249	1
47	126,185,188,123,205,130	33,50,49,46,56,46	144,94,92,130,170,57	46,34,46,52,79,21	219	177	1
50	1777,3170,1892,1780,2654,1914	929,1646,761,816,1325,815	2708,1933,2478,1964,3993,1268	1316,948,1317,1029,1777,733	176	173	1
51	183,267,265,224,350,240	78,107,94,112,132,97	207,161,173,356,312,105	88,97,74,185,150,55	341	218	1
52	259,413,326,293,411,322	103,252,203,170,255,219	419,307,296,315,433,133	194,162,148,170,259,80	251	215	1
53	77,171,118,97,134,131	24,52,30,32,70,44	62,35,44,44,86,26	17,10,14,26,22,8	248	202	1
54	28,72,60,37,82,72	54,108,83,67,98,74	24,8,9,14,26,11	37,13,27,35,44,12	202	223	1
55	35,61,44,45,65,65	25,67,23,18,27,40	70,38,64,76,99,28	15,10,4,14,28,6	251	260	0.00257095602458
56	969,1335,1212,1093,1554,1350	273,339,287,255,351,367	963,765,974,1517,1463,523	230,185,220,331,382,142	566	234	1
57	91,137,117,100,132,117	120,173,176,139,176,177	174,118,94,159,146,31	191,137,141,218,220,54	198	225	1
58	56,76,60,57,94,93	70,130,76,58,92,71	92,78,67,92,116,40	106,59,76,88,153,51	197	218	1
59	47,45,32,34,84,26	76,117,99,72,145,79	54,39,44,57,59,12	152,101,97,120,183,58	169	202	1
60	17,52,63,39,46,66	331,581,455,399,529,603	56,29,42,46,81,32	458,327,406,463,594,199	244	234	1
61	141,220,163,140,219,177	122,278,146,137,172,146	120,93,91,174,188,63	174,101,109,205,170,53	247	225	1
62	77,93,79,76,114,125	205,308,224,194,344,235	94,83,107,150,162,50	256,205,256,325,411,107	220	290	1
63	43,67,82,71,78,75	46,106,97,69,100,100	52,49,52,92,111,53	72,78,88,161,146,58	193	201	1
64	32,65,50,50,47,40	58,117,84,116,95,85	38,32,38,61,54,12	88,83,86,114,87,40	208	263	1
66	51,48,44,41,47,41	79,83,89,75,127,80	37,29,43,66,81,15	91,74,99,124,143,60	198	264	1
67	22,19,35,18,20,32	30,32,28,24,27,29	15,12,23,38,15,3	33,19,41,51,34,16	204	256	0.607102689333
68	1134,1729,1332,1257,1897,1511	963,1653,1404,1352,1900,1629	1300,925,1098,1284,1713,585	1312,925,1143,1434,1810,632	223	209	1
69	51,71,72,49,97,70	141,178,192,184,259,219	51,49,53,78,53,31	130,92,134,186,196,64	183	259	1
70	38,59,55,25,31,55	51,68,64,40,83,55	32,28,20,47,47,16	47,21,39,54,56,7	248	271	1
71	701,1065,1210,1206,1758,1354	916,1573,1583,1617,2329,1741	1718,1340,1607,2755,2324,822	2439,1935,2372,3708,3203,1332	575	575	1
72	107,156,193,121,214,149	42,86,71,43,78,54	135,96,126,189,217,54	50,52,46,64,73,20	274	441	1
73	1006,1798,1235,1007,1486,1081	727,1156,856,780,1069,764	1212,717,1024,1165,1327,364	717,523,650,894,926,258	195	206	1
74	76,100,107,55,96,82	72,109,103,79,119,114	66,50,66,90,92,30	107,80,83,146,116,54	273	301	1
75	25,39,25,42,48,40	57,112,81,66,111,74	26,22,32,25,62,11	68,54,54,79,96,28	193	266	1
76	74,139,114,81,137,129	445,647,526,413,667,661	96,79,107,81,128,41	489,301,422,565,727,262	220	230	1
77	779,1103,825,725,1116,892	168,221,165,100,209,176	865,575,730,851,1172,441	173,124,162,188,251,84	230	193	1
78	48,101,56,47,94,86	41,61,60,50,59,54	69,63,51,99,96,43	49,46,45,67,77,32	297	228	1
79	867,1430,883,712,1171,790	935,1355,1075,897,1497,1082	1230,888,955,1026,1223,386	1252,859,985,1402,1452,586	226	272	1
80	162,293,199,201,270,202	42,72,80,66,71,63	216,154,181,228,247,85	61,26,61,75,83,27	243	183	1
81	305,480,371,378,516,435	282,454,362,391,476,490	502,421,497,590,666,232	480,387,420,524,693,246	253	265	1
82	3,10,10,2,9,6	1321,2028,1912,1407,2079,1620	10,6,8,7,16,2	1633,1198,1370,1928,2055,569	174	329	1
83	24,41,60,23,46,45	0,0,0,1,0,0	60,16,38,52,64,19	1,0,0,0,0,0	209	209	1
84	22,41,59,25,45,45	42,63,72,66,101,60	59,16,37,52,63,19	54,51,53,113,89,32	209	209	1
85	2804,4364,3222,3117,4813,4315	2980,4725,3451,3461,5216,4544	3873,2209,2680,2538,4186,1364	4357,2801,3256,2669,4611,1838	416	419	1
86	9,23,8,7,14,10	1,4,1,3,6,3	10,9,4,4,8,3	2,2,5,9,3,0	194	201	0.94019416825
87	16,21,13,12,27,12	1,4,1,3,6,3	8,5,5,9,14,3	2,2,5,9,3,0	401	201	0.297367868574
88	399,660,450,344,603,455	8,7,9,4,23,16	463,475,606,673,910,295	17,15,12,9,27,9	354	299	1
89	0,7,1,0,6,2	1,2,1,1,4,1	0,1,0,0,2,0	0,0,0,0,2,1	209	202	1
90	6,8,5,2,0,3	8,6,9,7,1,10	3,4,3,10,9,2	2,3,3,5,8,2	242	242	0.146459240327
91	157,221,154,166,202,165	181,271,213,185,249,230	181,133,151,182,216,74	227,176,164,216,273,111	211	260	1
92	404,664,403,389,629,444	330,524,372,332,547,453	463,292,334,425,514,153	363,231,282,384,472,165	221	221	1
93	41,56,39,28,46,57	70,109,66,53,94,106	25,15,24,35,42,5	54,29,48,71,65,29	217	238	1
94	101,206,112,115,199,136	120,166,156,126,178,161	123,123,155,169,186,78	124,86,112,175,181,71	209	227	1
95	337,635,553,465,674,513	150,242,190,164,226,226	695,427,511,619,808,276	284,142,193,191,298,91	304	225	1
96	28,35,43,32,67,57	29,49,39,52,38,48	20,18,18,44,33,7	36,11,30,37,39,11	209	218	1
98	12,14,15,18,18,26	17,14,20,14,20,25	7,5,7,18,11,2	4,10,9,9,9,3	215	210	1
99	1188,1837,1505,1350,1764,1666	1276,1925,1597,1384,1766,1650	1557,1127,1347,2122,2060,719	1533,1290,1356,2091,2053,733	356	305	1
100	45,50,62,40,41,51	30,44,59,38,45,36	59,25,28,91,64,24	51,28,26,62,56,19	273	247	1
101	533,901,625,609,855,652	613,1088,718,718,930,702	779,597,646,961,938,324	872,684,746,1036,1072,326	218	203	1
102	166,212,163,140,200,230	40,67,38,39,69,65	122,117,113,156,193,72	17,29,35,42,69,20	401	226	1
103	763,1204,827,729,1243,1083	182,299,230,188,329,240	906,583,660,850,1165,358	228,165,196,216,301,119	373	214	1
104	9,10,7,6,10,6	118,179,137,107,187,142	9,9,6,7,14,2	119,117,124,178,178,60	183	278	1
105	52,53,59,44,47,44	120,177,137,107,186,142	43,49,52,50,41,16	119,116,125,178,178,62	183	278	1
106	75,112,87,80,136,125	361,507,435,317,564,496	88,48,102,78,134,48	457,332,382,487,589,193	181	281	1
107	341,511,438,334,589,478	125,208,173,141,243,219	461,317,388,488,587,193	207,133,152,193,254,87	281	200	1
108	227,356,293,213,384,355	256,397,298,259,385,367	243,150,211,254,301,140	228,166,229,268,321,109	220	206	1
109	23,25,33,23,41,28	204,248,238,219,292,262	47,31,40,64,84,13	183,142,185,220,254,87	251	212	1
110	20,42,23,40,39,29	334,444,357,331,485,429	57,53,63,79,79,48	363,236,302,412,543,175	183	212	1
111	117,186,102,106,195,174	124,146,135,134,167,149	147,109,133,190,224,76	163,90,126,140,226,64	212	202	1
112	88,93,106,91,133,82	194,281,179,133,279,181	49,40,65,90,100,16	126,99,94,166,184,51	252	247	1
113	121,182,122,115,153,144	263,379,303,296,341,312	108,137,93,168,193,65	265,251,292,309,432,186	185	230	1
114	25,19,27,19,20,18	208,343,247,223,301,322	27,15,27,14,39,8	207,176,232,316,312,102	704	875	1
115	368,523,443,449,572,493	185,310,277,202,361,249	417,337,441,492,637,221	235,212,238,314,364,109	252	204	1
116	2,0,4,8,10,7	1087,1885,1465,1276,2216,1796	9,1,4,5,5,0	1175,1093,1001,1340,1766,630	187	373	1
117	2567,4002,2817,2571,3456,3216	2118,3219,2053,1924,2669,2327	4340,3330,3959,4443,6383,2138	3397,2466,3118,3251,4896,1746	259	240	1
118	291,378,310,298,485,363	83,147,129,118,185,142	376,334,364,428,567,197	169,133,124,191,273,82	395	234	1
119	299,363,320,306,476,381	271,383,298,269,463,374	421,332,416,466,686,210	354,344,321,413,545,209	404	395	1
120	54,70,63,42,74,56	89,129,91,73,116,88	41,41,23,71,53,22	85,57,68,110,82,30	223	235	1
121	35,52,47,48,46,45	60,105,79,64,124,93	42,28,30,32,62,8	74,61,61,108,91,38	195	223	1
122	100,181,175,124,198,182	29,61,42,30,54,43	130,135,134,171,197,63	45,23,28,45,33,11	234	193	1
123	174,258,200,147,288,188	111,183,169,125,228,169	247,199,213,298,362,106	134,97,99,161,154,57	193	212	0.729492148398
124	87,167,133,98,160,128	143,214,154,131,251,136	98,76,76,103,135,33	193,183,205,221,308,98	212	209	0.164763628679
125	70,80,80,80,93,63	59,70,66,58,93,83	76,45,76,102,103,42	52,57,47,114,94,22	267	208	1
126	136,189,140,152,238,233	46,57,38,52,91,70	107,109,119,173,171,76	57,32,39,90,63,32	396	311	1
127	9,7,1,5,8,10	15,11,7,12,3,10	8,1,1,1,4,4	2,2,4,5,6,3	209	209	1
128	79,70,60,55,137,106	152,197,97,83,192,133	57,43,62,74,83,37	100,79,74,130,159,53	215	291	1
129	1107,1764,1429,1361,2126,1737	2101,3572,2439,2305,3613,2660	1275,957,1134,1246,1744,584	2442,1637,2054,2057,3007,993	209	242	1
130	360,561,516,392,520,438	125,197,172,119,178,172	294,323,333,437,507,221	112,78,97,158,153,60	520	251	1
131	3471,5152,3940,3743,4926,4189	14,29,25,16,29,18	3011,2206,2786,3743,4158,1299	16,22,16,21,23,7	1846	157	1
132	3494,5165,3973,3762,4982,4200	14,29,25,16,29,18	3051,2233,2813,3765,4225,1316	16,22,16,21,23,7	1849	157	1
133	3520,5214,4010,3786,5025,4239	14,29,25,16,29,18	3066,2241,2836,3840,4237,1344	16,22,16,21,23,7	1886	157	1
134	34,45,63,34,78,54	6,17,16,14,30,3	67,54,53,83,84,35	12,15,14,18,10,8	235	205	1
135	263,444,294,268,324,210	136,241,183,157,202,181	330,240,273,397,328,106	169,147,123,221,256,65	231	227	1
136	117,182,126,117,154,121	64,105,88,63,77,83	103,57,73,143,117,35	53,44,36,58,64,12	245	205	1
137	18,20,9,12,12,14	16,15,8,5,15,7	16,11,8,19,41,5	5,6,5,14,7,6	270	224	0.703085403237
138	161,236,174,188,269,230	327,529,417,334,617,507	220,140,170,209,231,95	463,335,336,459,647,188	203	227	1
139	38,63,59,49,72,69	264,389,300,241,335,336	34,18,35,25,54,11	158,84,114,137,205,49	176	272	1
140	115,125,120,101,198,186	282,404,391,339,445,395	94,92,80,192,178,49	274,217,257,439,476,119	203	254	1
141	53,78,62,44,63,62	245,378,298,278,334,249	52,37,42,72,76,20	280,198,241,315,293,84	178	239	1
142	526,739,702,605,875,774	722,1066,955,750,1091,1032	485,296,420,795,652,184	720,412,595,1007,968,320	210	252	1
143	802,1365,1134,917,1337,1050	163,210,234,170,253,230	1003,773,833,1250,1329,310	209,143,207,275,315,91	244	182	1
144	121,182,152,146,194,128	85,119,110,96,160,125	112,81,103,146,190,64	95,56,75,100,113,57	201	188	1
145	114,150,150,130,175,162	373,609,477,543,636,617	94,67,102,128,141,70	316,213,317,437,470,200	171	206	1
146	26,41,34,38,56,30	831,1205,1000,1171,1506,1556	14,13,14,25,25,9	859,544,752,1044,1182,410	405	231	1
147	692,981,761,846,1134,1162	831,1205,1000,1171,1506,1556	643,374,477,758,912,309	859,544,752,1044,1182,410	206	231	1
148	28,41,61,32,63,57	59,51,46,41,53,62	31,31,36,42,50,36	48,22,39,61,60,29	211	231	1
149	50,87,56,48,78,71	1309,2101,1719,1518,2076,1742	42,25,24,46,42,20	1265,800,1047,934,1466,551	158	394	1
151	226,331,303,259,359,248	337,528,442,374,549,505	282,209,244,419,394,112	483,328,439,581,556,193	206	233	1
152	150,245,179,114,265,218	175,261,205,152,206,204	119,110,117,284,238,54	147,134,146,248,208,72	521	524	1
153	146,192,144,127,276,185	225,367,325,252,475,362	199,141,150,166,252,74	350,212,251,347,444,159	217	291	1
154	3,6,3,6,7,11	270,399,348,210,325,328	7,0,0,7,2,1	181,96,141,195,215,46	274	247	1
155	26,25,15,9,30,16	23,26,32,18,28,28	9,6,17,27,19,7	20,11,16,35,39,12	396	231	1
156	1023,1566,1345,1178,1786,1568	540,851,713,592,819,787	1101,838,996,1204,1615,458	771,609,631,801,1077,332	281	198	1
157	107,134,143,105,106,153	70,72,102,94,67,112	79,59,80,155,116,30	75,56,63,112,91,29	228	208	1
158	73,74,85,78,77,91	196,299,221,218,327,277	27,28,60,88,76,19	135,106,188,266,215,76	174	206	1
159	308,428,329,332,448,367	734,1144,658,797,964,786	190,161,258,405,316,109	489,425,604,933,812,228	224	257	1
160	0,0,0,0,2,0	32,37,34,26,31,27	0,2,0,1,4,0	14,32,32,29,50,17	244	231	1
161	8,37,8,17,18,10	32,37,34,26,31,27	9,19,22,8,43,10	14,32,32,29,50,17	231	231	1
162	468,628,457,401,662,491	1322,2048,1540,1460,2216,1516	486,387,472,573,632,254	1969,1308,1406,1754,2001,614	216	299	1
163	105,162,127,161,180,150	143,178,199,138,207,177	136,95,144,190,162,68	161,90,100,165,168,71	219	237	1
164	63,71,81,59,90,64	169,280,205,186,271,261	55,38,55,72,68,30	148,128,208,274,298,99	186	221	1
165	38,46,35,40,51,45	49,75,59,63,89,61	40,29,30,37,45,13	36,25,32,63,72,31	185	233	1
166	0,1,0,2,0,0	49,75,59,63,89,61	0,0,0,1,1,0	36,25,32,63,72,31	200	233	1
167	87,160,110,84,168,103	70,69,61,75,118,73	77,51,64,83,99,28	53,54,46,76,63,23	257	222	1
168	46,72,70,47,55,45	23,31,28,25,18,38	27,19,24,44,68,18	14,11,24,22,18,7	215	194	1
169	42,71,63,70,95,82	69,88,77,45,87,74	38,31,44,72,66,18	30,28,30,72,55,9	230	188	1
170	123,157,137,108,201,148	206,340,233,165,339,225	142,108,107,134,208,95	256,220,261,273,339,142	211	249	1
171	39,74,70,38,46,60	61,62,76,44,51,52	52,26,34,55,59,18	63,39,51,88,80,19	190	214	1
173	13,24,12,9,25,16	2,9,2,6,5,22	11,9,9,22,10,2	1,1,4,4,2,0	338	338	0.21474404849
174	49,111,81,111,120,94	137,185,119,123,166,154	85,83,89,133,103,49	177,118,126,213,208,74	218	260	1
175	353,528,524,452,584,559	206,388,357,266,392,368	467,335,395,667,635,196	274,188,323,412,373,146	216	200	1
176	10342,14481,13816,10770,16644,13166	9083,13120,12203,9304,15344,11490	15318,9492,9501,9217,14280,4476	13187,8927,8866,8834,13841,4279	611	608	1
177	147,181,170,134,176,178	494,832,531,449,678,488	132,122,114,173,184,62	559,440,482,508,618,216	178	233	1
178	251,404,312,246,365,358	103,172,132,124,186,142	238,218,213,282,337,122	126,70,117,141,113,70	202	178	1
179	966,1445,1228,1178,1676,1331	1237,2089,1968,1809,2617,2440	1510,928,1018,1180,1473,574	2068,1417,1557,2113,2425,913	237	279	1
180	1095,1626,1376,1232,1704,1371	1709,2619,2208,1979,2798,2519	1114,750,949,1292,1459,470	1764,1147,1632,2085,2551,889	233	302	1
181	55,78,70,68,87,100	55,126,108,82,127,119	66,35,38,76,89,23	65,68,67,112,100,37	215	269	1
182	66,67,62,60,75,68	59,62,49,54,60,67	27,46,54,64,73,29	33,51,40,78,71,26	202	210	1
183	25,30,46,19,27,42	30,45,42,30,50,44	28,45,30,32,49,21	36,41,34,52,72,19	221	227	1
184	42,81,70,67,93,86	38,92,62,63,82,75	41,30,38,40,75,36	37,25,22,40,63,26	274	263	1
185	42,81,70,66,97,86	23,22,22,18,40,37	41,30,38,40,75,36	16,7,11,12,14,13	274	195	1
187	435,769,637,472,631,531	64,96,68,50,99,81	538,340,410,461,739,207	72,54,48,60,66,29	541	210	1
188	0,0,4,8,3,8	0,6,12,3,4,4	3,1,4,3,10,0	3,2,2,9,5,0	537	570	1
189	155,223,204,183,252,238	367,611,479,418,614,483	194,117,195,211,271,93	506,371,374,591,572,210	194	222	1
190	46,68,41,40,66,64	139,240,207,160,212,213	48,46,30,94,75,25	178,172,145,259,241,102	249	393	1
191	18,24,24,16,45,18	24,41,33,24,45,26	19,13,11,31,24,7	35,20,19,35,52,19	202	231	1
192	1711,2775,2328,2110,2983,2412	305,485,416,365,460,356	2357,1559,1926,2372,2966,1094	398,348,347,407,540,189	286	225	1
193	138,189,142,139,149,176	68,103,64,78,94,101	106,101,103,176,153,70	46,52,54,104,77,31	229	209	1
194	26,41,32,24,53,28	28,31,22,20,31,33	22,11,8,37,30,26	21,16,30,34,42,13	264	217	1
195	78,112,109,84,108,125	68,92,71,74,122,86	154,107,107,163,204,74	47,19,57,55,65,24	189	196	0.000154104064839
196	239,359,403,294,382,436	208,334,297,220,317,312	378,318,312,458,472,177	327,248,327,410,441,134	212	212	1
197	266,340,305,281,470,367	157,245,203,162,300,247	203,213,191,277,357,98	207,136,142,173,229,57	309	218	1
198	86,129,102,85,162,120	155,266,172,126,221,166	132,87,80,127,142,52	180,159,132,195,254,99	230	246	1
199	61,70,67,35,89,56	54,62,49,42,59,67	41,26,31,53,55,16	27,22,32,51,43,30	301	281	1
200	47,36,43,30,43,37	56,62,49,42,59,67	17,18,16,25,34,17	27,22,32,51,43,30	228	281	1
201	48,36,43,30,43,36	55,83,52,50,82,51	17,18,16,25,34,17	37,26,32,43,42,14	228	301	1
202	20,37,15,14,31,27	12,11,19,8,17,11	23,16,11,20,29,13	11,6,12,15,17,7	218	220	1
203	424,623,509,492,635,718	704,990,836,696,1060,1084	460,322,415,567,685,279	706,550,671,816,1031,400	272	527	1
204	93,131,127,135,159,153	235,351,287,239,348,280	116,112,93,143,149,75	279,218,252,383,340,131	206	266	1
205	83,124,81,67,94,90	164,207,182,161,227,151	72,54,63,81,78,30	182,116,155,203,152,45	191	211	1
206	36,63,67,41,77,63	1111,1730,1365,1164,2048,1418	48,42,49,68,70,27	1173,931,1121,1642,1775,524	197	483	1
207	62,67,70,63,84,77	67,101,91,73,76,82	47,49,44,70,70,10	37,50,37,72,94,12	288	294	1
208	64,106,80,77,104,48	63,69,60,42,60,32	58,41,66,107,73,27	48,35,44,65,61,16	262	238	1
210	23,39,35,34,38,31	102,164,128,126,152,131	5,16,7,10,10,7	140,112,121,102,181,54	292	242	0.391111958869
211	7,10,10,5,16,14	1,4,0,1,0,1	6,4,4,3,14,1	0,0,0,0,0,0	214	202	1
212	173,277,249,189,319,263	61,89,51,55,57,46	220,155,183,236,317,113	68,45,49,67,99,23	300	215	1
213	101,243,172,135,234,182	62,90,53,56,62,51	149,94,124,173,218,67	68,46,50,68,102,24	262	215	1
214	106,203,166,150,219,181	20,50,48,41,42,48	177,173,182,297,295,113	34,18,25,38,47,19	386	241	1
215	36,69,69,54,82,44	42,56,31,43,34,57	67,31,46,72,61,19	41,26,29,38,48,16	210	196	1
216	105,179,111,93,175,153	662,1093,604,572,928,885	77,47,58,65,101,28	352,199,357,296,527,169	177	302	1
217	27,33,27,30,43,21	36,61,47,38,38,37	16,9,17,19,31,6	29,25,25,39,22,17	305	228	1
218	385,538,511,437,725,633	482,766,822,612,975,788	577,492,455,693,667,231	803,595,623,969,994,336	197	200	1
219	559,942,906,866,1323,1208	618,825,876,761,1115,1031	997,721,891,1180,1252,335	892,732,751,1008,1118,376	218	194	1
220	562,916,828,751,1245,1016	586,856,872,693,1150,1077	934,644,729,1093,1152,360	943,779,801,1131,1202,377	197	197	1
221	414,549,566,496,778,770	586,856,872,693,1150,1077	606,466,469,739,712,257	943,777,800,1132,1202,377	197	197	1
222	654,982,882,832,1368,1080	671,903,969,865,1129,1062	1009,730,836,1206,1253,385	953,766,819,1148,1241,419	215	218	1
223	602,765,848,696,1307,1053	671,904,969,868,1124,1064	912,602,752,1087,1051,400	954,766,819,1149,1241,419	224	218	1
224	654,982,882,832,1368,1080	380,593,526,487,731,609	1009,728,835,1207,1253,385	560,433,498,702,738,262	215	197	1
225	219,342,265,269,410,365	0,0,0,1,2,0	329,208,289,419,386,124	0,0,1,0,3,1	197	197	1
226	23,30,12,21,47,42	0,2,0,1,2,0	40,34,29,32,47,12	0,0,2,0,5,1	197	197	1
227	300,418,395,359,558,441	0,2,0,1,2,0	384,245,327,492,473,151	0,0,2,0,5,1	197	197	1
228	298,420,393,359,557,440	506,784,729,692,1069,809	380,244,326,491,473,149	864,567,714,918,1029,290	197	197	1
229	1104,1521,1421,1358,2135,1816	529,687,672,621,931,781	1599,1104,1329,1928,1988,649	803,545,587,847,971,300	197	197	1
230	23,30,12,21,47,42	529,687,673,621,932,781	40,35,29,32,47,12	803,545,587,847,973,300	197	197	1
231	297,419,393,356,553,442	529,687,673,621,932,781	380,244,325,491,473,149	803,545,587,847,973,300	197	197	1
232	495,691,663,604,963,888	532,674,745,647,1105,943	675,470,616,867,878,330	761,545,618,924,899,351	215	212	1
233	300,418,395,359,558,441	23,30,12,21,47,42	384,245,327,492,473,151	40,34,29,32,47,12	197	197	1
234	297,419,393,356,553,442	23,30,12,21,47,42	380,244,325,491,473,149	40,35,29,32,47,12	197	197	1
235	297,416,393,356,551,442	332,502,454,405,722,625	380,244,325,491,473,149	540,376,459,666,619,206	197	197	1
237	433,784,487,512,772,529	161,193,145,140,190,156	593,396,549,568,713,228	156,133,148,152,190,74	284	206	1
238	101,203,127,118,195,192	53,102,60,61,87,85	133,79,106,155,206,78	59,44,61,41,94,29	387	223	1
239	258,371,311,247,361,364	95,144,104,87,154,149	284,175,235,279,322,96	86,56,81,119,119,34	239	215	1
240	17,22,18,13,22,30	74,93,99,92,160,120	14,14,17,11,13,9	88,75,77,133,112,47	210	212	1
241	4,7,7,7,8,5	74,93,99,92,160,120	1,2,3,3,1,2	88,75,77,133,112,47	254	212	1
242	89,107,98,106,149,117	52,97,82,82,101,114	108,69,103,142,129,83	68,50,63,111,88,47	297	258	1
243	1,2,1,2,3,3	20,47,31,41,61,42	0,2,0,0,0,0	34,21,27,44,47,18	208	260	1
