IJC_SAMPLE_1	SJC_SAMPLE_1	IJC_SAMPLE_2	SJC_SAMPLE_2	IncFormLen	SkipFormLen
2,1	263,234	0,0	120,66	180	99
16,6	1,2	8,3	0,2	158	99
2,0	21,17	0,0	11,0	109	99
165,81	19,10	95,63	11,7	134	99
152,76	1,0	89,61	0,0	134	99
11,6	385,424	18,8	152,117	309	99
5,0	1036,854	1,0	598,357	106	99
447,430	5,0	184,116	0,2	233	99
69,16	6,0	5,5	1,0	408	99
5,8	3,12	3,2	9,1	192	99
17,7	14,12	15,2	7,5	315	99
3,0	14,12	4,0	7,5	134	99
26,11	95,92	14,21	48,33	684	99
311,351	49,38	184,112	45,14	120	99
62,44	49,38	40,20	45,14	186	99
13,7	262,314	15,3	159,95	165	99
138,130	0,2	67,66	1,0	686	99
19,10	0,3	11,7	1,1	103	99
65,73	0,0	35,26	2,0	102	99
2,4	91,82	0,2	39,12	243	99
262,182	0,0	72,43	1,0	371	99
985,831	3,10	514,303	0,0	111	99
26,22	32,50	5,8	23,17	129	99
8,10	297,301	12,9	195,104	309	99
24,17	168,187	26,6	98,64	138	99
9,7	121,98	14,6	30,37	258	99
6,4	173,207	7,6	88,90	345	99
5,3	26,16	0,0	10,6	111	99
223,165	15,7	67,87	13,7	324	99
9,1	494,326	1,1	226,128	138	99
80,47	2,13	30,16	0,1	218	99
239,276	14,10	147,92	0,1	111	99
73,40	391,253	41,26	216,153	266	99
19,13	352,281	12,9	134,83	127	99
81,68	216,193	35,38	98,64	309	99
5,3	307,270	3,1	235,117	107	99
60,40	1,3	30,42	0,0	934	99
117,120	0,2	70,58	0,0	117	99
115,119	0,1	95,45	0,0	120	99
174,152	1,0	143,87	0,0	311	99
208,180	1,0	188,109	0,0	501	99
36,30	1,0	46,22	0,0	289	99
115,143	0,0	98,67	2,1	289	99
37,31	109,93	25,11	66,37	218	99
545,439	10,4	459,261	25,8	665	99
15,8	303,330	3,1	163,89	261	99
9,4	296,307	5,6	175,135	101	99
32,23	80,56	12,8	51,27	154	99
23,16	15,20	12,7	10,14	154	99
3,4	384,324	1,0	231,184	323	99
36,19	2,0	7,6	3,1	119	99
28,9	4,0	13,9	0,0	103	99
26,19	26,13	11,6	21,12	111	99
53,20	0,1	20,16	0,2	140	99
105,84	229,198	21,12	169,116	117	99
3,3	382,433	3,2	177,128	107	99
34,33	75,95	25,12	31,34	475	99
14,19	40,27	1,4	15,4	183	99
907,766	1,0	513,282	0,0	111	99
34,10	19,10	18,8	4,2	293	99
190,179	0,1	74,47	0,0	227	99
717,709	5,4	475,300	1,1	797	99
794,784	5,4	523,338	1,1	825	99
2310,2262	1,0	1423,852	0,0	640	99
145,142	5,3	63,31	15,3	492	99
27,20	983,1048	25,11	525,329	103	99
8,6	39,25	1,2	22,19	127	99
51,29	45,31	27,22	26,10	228	99
2,8	16,13	0,0	9,2	127	99
5,4	0,1	4,1	3,1	131	99
13,18	2259,2243	12,0	1661,819	103	99
975,942	6,4	705,529	0,0	356	99
40,43	1262,1217	25,27	800,451	102	99
9,2	0,1	5,1	0,0	111	99
60,47	254,249	27,15	135,112	293	99
1,5	7,3	1,1	3,1	117	99
12,10	7,3	22,13	3,1	159	99
11,6	0,1	21,12	0,0	141	99
435,331	7,1	313,181	2,0	358	99
0,2	23,23	0,0	14,3	156	99
0,0	31,24	1,1	34,16	104	99
33,109	0,1	38,12	6,0	1782	99
7,4	56,57	0,0	41,18	105	99
2,2	24,22	1,1	19,11	125	99
575,480	1,0	420,251	0,0	733	99
16,12	150,119	13,12	127,64	156	99
5,0	103,113	2,2	58,37	192	99
172,151	3,3	39,47	0,2	141	99
182,147	0,1	93,49	0,1	221	99
276,208	6,9	210,104	1,2	222	99
35,24	838,802	32,29	514,311	362	99
353,388	13,17	225,124	6,3	296	99
12,22	61,51	0,4	46,41	119	99
1842,1488	10,6	1063,619	0,0	126	99
4,1	7,3	0,4	6,3	121	99
3,17	128,172	7,0	79,46	104	99
236,113	0,0	165,75	0,1	201	99
86,61	1367,1014	33,18	466,256	635	99
99,79	2,0	16,16	0,0	434	99
3,0	40,22	0,1	8,6	115	99
4,4	29,12	9,5	10,7	115	99
5,3	21,28	0,0	16,4	181	99
6,4	543,519	2,0	277,188	132	99
12,3	517,441	3,0	299,184	318	99
219,116	9,0	208,67	3,4	247	99
5,2	1029,596	15,3	785,461	103	99
110,141	2,3	27,21	3,8	687	99
305,259	1,0	137,87	0,0	124	99
107,102	30,26	54,26	10,7	124	99
1614,1418	3,2	894,622	6,3	105	99
192,165	0,0	125,71	0,1	149	99
62,80	0,0	38,12	0,1	113	99
9,1	62,39	7,0	24,8	110	99
22,20	9,8	16,10	0,0	102	99
50,61	40,29	65,45	27,9	633	99
5,1	440,312	3,0	267,154	286	99
31,31	115,117	5,8	45,41	235	99
234,181	7,8	107,95	2,2	103	99
0,0	22,11	1,0	6,5	138	99
0,3	14,17	1,0	7,4	195	99
3,9	129,112	10,4	74,51	797	99
166,123	45,38	26,21	51,22	164	99
8,8	49,68	1,3	23,17	346	99
26,14	87,81	16,9	39,17	199	99
50,54	176,139	14,11	199,101	108	99
1,0	708,290	0,0	145,81	101	99
2,2	13,25	3,3	9,3	457	99
79,73	47,24	104,53	21,19	351	99
31,25	628,588	6,6	240,155	253	99
3,7	729,617	6,2	444,223	130	99
4,13	93,109	0,2	53,41	295	99
83,65	189,113	11,4	70,35	343	99
16,19	10,6	5,5	10,1	363	99
26,20	3,3	23,6	1,0	135	99
247,260	70,100	29,24	38,17	123	99
4,4	2141,1970	9,7	1510,797	319	99
1747,1224	3,6	772,514	2,1	208	99
24,11	12,15	35,24	8,2	180	99
562,416	91,73	415,201	35,22	469	99
5,14	0,1	1,1	1,2	193	99
16,30	622,804	3,5	334,292	370	99
11,17	622,804	3,6	334,292	276	99
19,10	7,8	6,2	5,5	271	99
168,153	9,25	81,66	11,10	109	99
32,17	1,0	12,4	0,0	116	99
170,106	91,53	124,120	96,65	125	99
676,641	0,0	354,280	0,2	802	99
86,59	15,18	50,22	2,1	111	99
127,77	9,3	46,27	9,4	119	99
980,738	5,4	982,742	2,3	366	99
2591,1877	0,0	1482,1003	0,5	307	99
6,3	0,2	3,6	0,0	203	99
16,5	21,23	3,7	11,10	111	99
10,14	0,7	4,2	5,1	122	99
6,6	6,2	1,2	1,1	104	99
187,152	45,28	107,75	8,18	341	99
187,148	45,28	107,74	8,18	336	99
1,2	261,235	0,1	115,80	144	99
86,127	40,25	91,52	5,2	121	99
9979,7038	287,194	4665,3137	102,65	201	99
20,19	319,381	9,13	136,86	118	99
127,125	119,124	55,42	93,49	175	99
426,487	119,124	182,115	93,49	156	99
17,7	22,30	13,11	2,1	113	99
8,17	94,79	3,1	31,35	137	99
57,37	422,450	12,17	336,185	472	99
20,14	560,500	8,4	353,301	102	99
275,224	3,3	145,134	3,3	616	99
277,230	3274,3547	146,137	1722,1289	616	99
109,91	24,14	81,37	6,6	156	99
153,177	24,14	117,58	6,6	210	99
83,98	39,12	55,33	19,12	153	99
28,30	2,0	35,17	0,0	248	99
78,64	28,48	37,22	45,21	120	99
519,472	31,18	230,157	10,10	249	99
469,456	31,18	238,156	10,10	228	99
89,78	0,7	80,43	2,0	116	99
15,17	14,30	1,6	0,7	114	99
39,13	1,10	24,10	1,0	437	99
167,161	87,85	107,64	71,56	214	99
352,304	449,443	61,39	296,222	132	99
6,5	3,0	2,1	2,1	167	99
1,2	50,54	0,1	17,22	104	99
22,13	65,78	12,10	36,27	129	99
19,13	85,86	6,5	49,26	127	99
57,69	189,221	17,3	179,70	144	99
59,68	269,376	14,7	266,108	144	99
385,277	35,24	203,134	25,7	112	99
26,4	387,272	5,2	188,121	103	99
12,4	1,1	5,1	3,0	103	99
0,0	5,0	2,0	0,2	103	99
299,263	0,2	172,137	0,0	331	99
11,2	10,11	2,5	6,1	246	99
69,61	0,1	42,20	0,0	225	99
98,60	266,185	96,52	76,33	107	99
210,278	15,11	200,117	15,9	306	99
720,637	2,1	404,253	2,1	129	99
466,399	1,1	270,144	0,0	129	99
17,17	19,24	12,5	20,10	114	99
2,4	33,24	1,5	9,10	332	99
28,35	21,14	11,10	5,1	104	99
41,25	284,281	33,36	128,66	110	99
7,3	69,22	6,2	102,57	113	99
27,23	180,198	24,18	123,81	695	99
2,1	116,85	2,7	30,24	274	99
74,56	0,1	31,35	0,0	124	99
31,23	230,249	5,11	93,68	239	99
24,37	276,347	9,8	154,111	594	99
25,33	276,347	12,9	154,111	670	99
9,8	8,12	3,1	0,0	175	99
304,309	0,3	205,154	0,1	281	99
0,1	1242,1375	1,0	702,466	103	99
11,13	330,310	5,4	172,144	126	99
35,30	4,0	29,5	5,2	154	99
0,0	0,1	2,0	1,1	105	99
17,22	103,83	48,27	39,30	271	99
6,10	8,6	15,3	0,0	276	99
0,1	0,1	0,6	2,0	104	99
2,3	195,112	4,1	72,26	298	99
161,133	122,82	48,24	97,51	324	99
41,38	337,203	29,12	184,101	123	99
9036,7605	0,0	3363,1889	1,0	3340	99
69,90	158,115	29,17	51,37	594	99
16,17	204,207	5,0	112,71	116	99
392,383	1,0	191,131	0,0	159	99
10,10	35,27	3,6	8,14	279	99
1220,1242	1078,796	961,703	417,193	682	99
5,3	3,0	5,0	0,0	105	99
146,103	11,4	78,59	8,10	149	99
76,90	370,315	48,44	170,132	254	99
2,2	77,83	1,0	50,27	114	99
59,52	2,0	33,14	3,1	157	99
1,4	27,37	4,3	29,16	238	99
25,22	4,6	21,4	1,1	361	99
73,48	1,0	40,34	3,0	244	99
117,106	5,8	74,36	1,4	608	99
127,129	5,8	67,34	1,4	913	99
74,75	64,52	29,22	36,24	404	99
76,70	5,8	48,20	1,4	665	99
23,16	64,52	10,8	36,24	156	99
58,63	7,4	22,17	3,3	347	99
142,82	0,0	62,50	2,0	282	99
14,7	65,49	2,2	26,20	162	99
0,0	1,1	1,0	6,0	103	99
31,6	239,211	8,3	49,39	277	99
722,528	6,4	454,254	12,2	373	99
12,13	0,3	8,11	0,1	122	99
2,1	1,1	0,0	0,2	103	99
1,0	75,51	1,0	28,18	147	99
54,62	37,24	19,17	13,5	429	99
16,18	1,1	1,9	0,0	151	99
56,62	48,50	19,18	26,14	429	99
41,45	48,50	18,9	26,14	377	99
8,8	48,50	3,2	26,14	178	99
0,4	5,2	1,1	4,3	181	99
73,58	1387,1305	35,33	813,505	694	99
788,654	7,5	243,234	2,0	266	99
24,32	282,280	16,8	122,61	364	99
172,192	683,815	69,48	349,223	125	99
18,21	57,55	12,9	32,21	605	99
4,7	121,105	5,1	93,34	130	99
12,4	0,0	10,9	1,0	343	99
0,0	309,275	1,2	148,82	114	99
585,596	15,9	372,228	3,6	103	99
11,5	66,59	13,6	48,18	209	99
1616,1244	14,14	843,535	8,14	570	99
255,231	1,0	148,112	0,0	625	99
48,21	24,36	15,2	18,3	103	99
477,437	44,73	229,147	11,8	561	99
5,3	90,86	4,2	46,27	267	99
0,2	6,9	0,0	12,4	114	99
353,328	21,30	174,98	20,18	121	99
24,37	2967,2756	17,11	1378,941	294	99
64,66	115,88	56,23	56,40	859	99
8,2	2,0	4,1	0,0	122	99
48,43	289,256	30,25	152,93	130	99
503,457	5,9	282,196	7,0	661	99
418,459	0,1	232,171	0,0	500	99
132,82	12,8	186,115	11,18	590	99
6,17	96,62	16,13	65,38	104	99
433,433	26,34	265,166	26,27	152	99
405,308	28,5	171,137	0,0	684	99
39,25	147,153	40,13	50,35	145	99
388,258	407,342	310,215	232,146	282	99
10,4	4,3	0,0	1,1	219	99
592,486	53,40	272,203	18,3	131	99
18,8	0,0	18,4	1,0	377	99
121,78	0,5	47,22	0,0	271	99
180,174	0,0	107,55	1,0	210	99
217,195	6,4	122,62	5,5	521	99
37,21	6,4	16,7	5,5	410	99
43,26	4,9	18,7	13,3	410	99
11,3	159,133	44,29	55,15	110	99
0,1	2,3	1,0	4,3	118	99
20,22	69,80	2,5	26,24	107	99
11,6	63,54	1,2	66,28	157	99
2879,2050	0,0	1758,976	1,1	198	99
945,1055	1235,893	648,479	674,327	800	99
14,15	45,34	15,7	10,13	338	99
24,19	72,66	16,10	32,17	111	99
1,1	35,43	0,1	8,13	243	99
0,0	0,1	2,6	0,0	249	99
5,15	53,26	7,2	23,13	324	99
800,892	9,0	445,388	0,1	269	99
6,0	1173,1113	3,1	547,334	132	99
12,28	3,0	10,18	2,4	118	99
23,22	4,1	20,19	0,0	368	99
56,46	5,1	42,21	2,9	116	99
0,0	18,25	1,0	17,7	174	99
68,68	15,26	27,10	13,13	330	99
2,1	32,25	3,2	14,7	104	99
1552,1498	5,18	774,487	2,0	144	99
9,19	57,79	4,1	38,45	170	99
535,457	5,0	412,260	5,6	144	99
14,8	233,214	33,17	63,39	354	99
16,10	1336,1265	1,3	664,434	207	99
51,70	0,0	36,7	4,4	114	99
291,238	18,47	208,124	21,8	177	99
93,84	371,394	23,27	237,161	282	99
435,415	21,12	239,188	23,6	142	99
125,137	162,223	134,67	32,18	103	99
43,72	61,87	5,19	29,23	297	99
3,0	22,13	0,0	13,3	279	99
222,157	437,514	90,97	330,184	421	99
0,0	16,10	9,2	5,2	111	99
474,418	53,49	143,90	188,77	105	99
253,256	12,7	49,22	23,11	130	99
358,284	0,1	161,99	0,0	247	99
348,340	0,2	118,75	5,6	108	99
11,39	277,192	26,19	225,117	477	99
35,19	284,213	14,10	233,161	322	99
1,4	1497,976	1,0	840,523	103	99
128,82	102,126	113,53	41,34	120	99
13,9	1,0	10,2	0,0	117	99
387,458	471,507	208,137	259,151	102	99
13,30	107,128	14,15	59,41	250	99
63,51	232,184	31,25	99,59	128	99
284,209	0,0	146,112	6,1	194	99
13,7	686,433	5,4	349,144	471	99
48,40	2,0	39,17	0,0	101	99
2448,2146	0,0	949,793	0,1	108	99
637,467	2,4	366,247	0,0	381	99
245,184	11,16	68,54	4,1	126	99
8,9	165,171	5,8	108,103	117	99
9,9	101,103	5,4	63,45	428	99
489,382	36,33	397,256	10,11	191	99
113,132	884,903	103,57	402,355	533	99
1145,1232	1,4	500,440	0,0	261	99
293,303	32,44	266,169	24,15	158	99
54,17	4,1	14,9	1,2	138	99
39,16	1772,1493	13,8	1190,730	103	99
13,5	897,852	11,12	402,296	267	99
2178,1904	3,4	1194,746	3,2	102	99
522,562	1,0	163,143	0,0	960	99
481,224	48,21	508,228	19,9	373	99
42,23	3,0	19,14	0,0	244	99
111,73	6,3	40,37	0,0	165	99
78,37	3,1	28,16	1,0	102	99
14,7	429,369	8,4	244,140	292	99
1,2	200,214	4,0	86,61	275	99
43,35	1,0	22,22	0,0	265	99
359,256	227,115	480,356	667,535	102	99
22,18	442,524	8,3	205,131	304	99
809,689	2,6	555,428	2,2	103	99
74,65	413,479	22,15	242,123	344	99
70,69	15279,12115	100,48	7409,4431	162	99
5051,4593	0,2	2401,1497	4,0	135	99
272,170	5,2	24,19	1,0	231	99
321,301	333,347	103,94	160,78	102	99
0,2	1339,1398	6,1	999,654	147	99
924,589	2917,1925	295,164	1536,751	102	99
14,22	1645,1738	4,7	814,556	122	99
172,220	2,5	146,92	5,0	202	99
134,182	2,5	125,101	5,0	357	99
123,166	161,204	113,90	134,81	254	99
0,0	3788,3496	0,1	1795,1069	103	99
27,20	41,28	17,15	28,16	153	99
2269,1969	0,0	1000,566	1,0	1924	99
0,2	15887,12485	6,4	11226,7412	103	99
31,31	9,0	30,17	0,1	278	99
189,185	2,9	136,62	5,1	436	99
3147,2925	0,3	1562,815	0,0	3075	99
18,20	24,28	0,0	10,6	122	99
24279,19912	0,0	13666,8637	0,1	607	99
10,20	3261,3359	11,3	1397,1018	431	99
17,12	1,0	7,4	0,0	108	99
0,0	117,64	2,0	50,19	104	99
335,190	166,136	143,113	52,51	439	99
3,5	0,1	1,1	0,1	173	99
16,18	4,3	12,2	2,0	159	99
2,2	151,146	0,1	75,32	123	99
40,30	20,12	17,5	13,11	297	99
67,44	2,0	33,11	0,0	367	99
47,26	2,0	29,17	0,0	169	99
62,47	1,0	38,19	0,0	252	99
88,77	31,39	15,20	32,15	114	99
1,0	9,12	2,0	1,2	325	99
8687,6925	4,7	5329,3451	3,2	117	99
3762,3158	168,117	2176,1608	100,60	117	99
3751,3142	4,11	2163,1600	7,3	117	99
4329,3614	4,11	2588,1804	7,3	138	99
583,475	5,3	426,205	1,1	120	99
3747,3141	3,1	2164,1599	4,2	117	99
5196,4103	3,1	3135,1967	4,2	138	99
1450,964	1,2	973,368	2,0	120	99
235,188	1764,1647	41,31	874,564	112	99
155,109	174,142	32,28	186,154	112	99
11,22	203,256	8,7	122,85	351	99
101,110	137,105	18,25	110,86	120	99
645,584	2,2	271,236	4,1	139	99
12,17	270,292	6,3	251,155	111	99
21,7	64,74	18,21	38,39	396	99
12,6	1,0	4,1	0,0	103	99
21,21	34,38	15,20	15,15	532	99
9,8	14,15	9,12	2,3	104	99
471,422	4,8	264,183	3,1	113	99
726,783	25,20	352,257	0,0	126	99
14,14	17,24	4,3	12,3	146	99
301,431	2,1	211,132	0,0	482	99
138,94	2,1	81,59	0,0	478	99
25,23	115,75	19,20	31,33	129	99
9,10	254,269	67,48	54,39	103	99
84,55	68,57	32,30	32,26	285	99
18,11	45,32	7,11	20,15	169	99
392,258	0,0	252,111	9,8	103	99
0,0	4,16	1,0	4,6	103	99
176,186	2,2	77,58	0,0	552	99
77,54	98,121	14,23	18,28	395	99
3,1	177,134	8,0	98,57	218	99
384,339	27,21	202,138	10,7	103	99
0,5	1,0	8,1	0,0	162	99
77,75	374,428	31,28	172,151	306	99
5,3	473,342	2,1	214,156	103	99
932,662	0,0	370,184	0,4	123	99
1007,772	44,44	662,349	1,0	129	99
1780,1355	20,7	919,545	4,3	341	99
114,130	9,6	57,57	4,0	179	99
8,6	54,37	32,15	7,4	117	99
84,78	2,0	17,15	1,0	203	99
134,190	53,54	93,67	57,21	159	99
62,62	18,33	26,11	6,4	119	99
29,25	18,33	34,9	6,4	144	99
19,8	52,45	26,6	18,8	124	99
6,5	296,219	5,4	162,98	102	99
203,249	154,156	76,82	118,60	296	99
0,4	1,0	1,2	0,0	116	99
454,421	0,0	259,207	1,0	309	99
28,36	42,23	3,4	42,50	122	99
146,70	11,14	116,80	11,3	736	99
134,104	11,14	135,92	11,3	741	99
21,44	33,10	19,12	0,0	104	99
3,5	84,81	1,2	58,30	102	99
18,12	46,52	3,11	18,10	111	99
8,6	160,145	2,1	74,50	310	99
8,2	69,43	15,5	48,20	313	99
24,22	160,166	2,0	83,64	114	99
3,3	131,107	2,1	13,12	103	99
115,123	158,129	18,17	123,61	117	99
98,69	2,0	47,35	3,1	200	99
16,18	49,73	15,6	16,14	124	99
233,156	10,5	136,73	6,7	221	99
5,4	158,147	2,0	62,42	270	99
15,16	86,75	34,12	55,39	236	99
0,1	670,692	0,0	293,157	103	99
294,210	7,6	191,93	0,1	130	99
2,0	21,18	2,0	20,9	111	99
0,3	0,2	2,0	0,1	110	99
1,3	7,9	2,0	0,0	126	99
1,2	7,9	0,1	0,0	115	99
17,20	1227,1002	1,2	471,264	263	99
14,20	41,30	16,7	20,5	559	99
56,56	25,23	23,13	23,8	118	99
9,17	25,23	4,1	23,8	127	99
8,8	55,47	0,1	19,13	108	99
1,0	67,89	2,1	37,18	120	99
19,36	228,175	35,20	66,51	117	99
56,70	12,8	31,27	0,1	741	99
50,52	2,2	20,8	0,0	122	99
275,251	8,6	124,76	4,1	190	99
11,7	0,0	13,6	0,1	212	99
120,108	8,3	37,32	3,1	112	99
0,0	0,1	0,1	1,0	106	99
3677,3773	4,0	2014,1515	0,0	211	99
0,4	14,7	1,0	5,1	259	99
130,106	40,30	87,58	15,1	103	99
0,3	39,48	1,2	11,8	252	99
45,38	6,2	14,12	4,0	269	99
7,0	54,37	1,0	22,26	282	99
29,20	554,391	12,5	236,158	116	99
15,14	1238,1205	14,6	852,701	254	99
2,5	131,138	3,0	116,73	103	99
67,76	0,0	43,27	1,0	102	99
3,8	0,1	1,4	0,0	103	99
8,10	103,94	8,1	55,28	102	99
81,57	16,10	46,26	3,3	115	99
19,5	1,0	5,8	0,0	166	99
83,103	121,127	50,55	54,30	146	99
35,28	0,0	17,7	2,0	103	99
751,491	2,0	460,273	0,0	597	99
107,120	0,1	59,58	0,0	115	99
1602,1620	0,0	497,302	0,1	444	99
24,39	6,19	12,9	10,6	258	99
112,111	233,225	97,57	138,92	315	99
11,17	63,58	11,6	52,32	125	99
46,53	63,58	29,28	52,32	541	99
42,50	7,14	26,25	8,3	515	99
2,2	6,4	0,0	2,0	107	99
71,87	15,13	43,23	1,1	116	99
718,544	5,2	321,226	0,0	259	99
144,125	80,114	170,90	68,37	1002	99
323,268	1,2	120,72	0,0	323	99
4,13	160,135	14,12	127,94	307	99
159,127	160,169	44,55	106,83	342	99
145,110	160,169	46,51	106,83	382	99
10,2	24,19	8,5	6,9	139	99
91,113	319,302	95,96	96,84	524	99
418,481	1,3	227,206	0,0	653	99
118,166	25,15	77,43	6,1	114	99
44,64	31,23	23,21	17,5	103	99
12,16	28,8	9,4	1,3	103	99
21,8	27,22	5,2	11,10	120	99
82,64	3,2	41,24	0,0	201	99
88,78	3,2	47,32	0,0	180	99
8,6	349,294	6,14	211,119	105	99
492,496	55,65	306,234	54,30	2780	99
2,0	50,52	3,1	23,19	291	99
1,1	0,0	1,1	1,0	137	99
5,3	7,4	4,3	7,3	137	99
0,3	489,409	3,1	233,129	117	99
531,376	71,71	240,142	31,28	295	99
328,338	4,10	163,95	16,5	105	99
128,140	104,85	123,61	94,40	105	99
4,5	2,5	0,0	2,0	130	99
514,575	0,0	622,419	0,1	102	99
221,187	42,31	158,89	12,3	127	99
28,14	423,419	10,7	300,165	102	99
13,4	100,102	5,1	74,41	122	99
15,16	516,579	5,3	344,186	388	99
3,1	200,148	1,0	57,59	102	99
5,8	0,1	2,1	4,2	158	99
23,41	1503,1785	16,11	961,688	459	99
45,43	1,0	14,10	0,0	355	99
2440,2731	21,25	1568,1064	25,19	260	99
607,619	421,433	422,355	170,106	134	99
0,0	100,110	2,2	48,28	108	99
13,11	6,6	10,2	3,0	306	99
26,30	6,6	15,10	3,0	508	99
17,19	4,0	6,9	1,1	301	99
14,16	0,2	15,11	1,1	113	99
15,27	199,187	31,18	81,38	115	99
1,5	0,1	2,0	0,0	157	99
0,2	66,44	0,0	31,21	103	99
36,55	22,34	5,6	13,11	103	99
10,19	56,63	9,3	20,19	320	99
76,64	369,335	10,4	214,158	102	99
762,614	85,74	401,276	77,47	747	99
20,11	331,367	9,6	252,133	129	99
310,369	26,29	122,111	34,23	120	99
4,8	3,2	0,1	4,1	125	99
4,3	15,16	0,0	2,2	250	99
17,11	14,12	8,4	2,6	203	99
0,1	8,19	0,0	4,2	118	99
52,50	16,31	20,15	5,7	821	99
1,0	1396,1247	0,0	775,457	103	99
6,5	2296,1793	6,1	1114,613	174	99
7,0	95,74	4,3	41,29	328	99
311,285	90,119	118,72	49,38	102	99
73,84	125,177	7,7	22,16	188	99
970,1051	5,1	577,468	2,2	293	99
8,11	86,60	4,4	53,22	102	99
159,164	0,7	76,56	0,1	123	99
11,10	119,81	5,13	42,30	377	99
7,16	0,2	0,4	7,2	102	99
5,7	0,2	0,0	8,5	102	99
78,119	13,6	41,47	6,6	412	99
69,60	6,12	76,52	5,1	126	99
6,7	1,0	3,6	0,0	263	99
5,0	442,353	1,2	184,113	124	99
53,46	1264,1091	39,25	870,416	525	99
12,7	185,140	2,1	96,61	304	99
73,72	18,19	69,32	4,3	336	99
31,35	29,29	9,4	13,11	153	99
115,131	7,2	96,48	5,1	410	99
47,63	1,0	30,19	0,1	173	99
108,109	6,3	46,37	0,1	185	99
131,124	40,31	81,43	40,16	120	99
1,0	352,321	0,0	140,81	275	99
6,3	681,490	6,0	362,172	103	99
26,21	5,6	34,21	9,6	157	99
6,11	310,303	11,8	176,107	451	99
42,29	884,770	36,24	852,625	291	99
5,7	1,1	0,1	2,0	103	99
12,8	1328,1224	4,4	828,487	102	99
0,0	450,399	1,1	303,159	103	99
126,152	0,3	89,62	1,0	210	99
48,60	4,0	41,34	0,0	303	99
14,23	57,82	29,18	13,8	130	99
18,9	57,82	15,11	13,8	135	99
6,1	2,15	2,3	16,10	104	99
5,1	92,48	4,1	16,14	119	99
146,77	25,7	90,44	5,0	231	99
14,8	204,141	7,1	154,97	102	99
121,87	139,127	46,30	72,38	506	99
16,6	0,0	7,10	1,0	103	99
640,545	21,14	406,239	1,2	144	99
19,7	2143,1621	2,3	1096,587	364	99
2,5	1444,1031	16,0	768,392	104	99
48,46	9,16	40,10	1,0	307	99
900,799	1,1	650,405	0,0	2326	99
41,40	312,369	28,32	150,117	374	99
194,138	46,57	95,51	30,20	121	99
36,37	37,39	13,6	34,11	1345	99
2707,2364	12,18	1477,965	20,8	102	99
1361,969	982,751	1177,666	236,159	113	99
362,349	10,9	154,118	0,0	437	99
11,13	1,4	6,2	3,0	108	99
34,29	28,27	49,31	0,0	122	99
43,39	2,0	5,7	0,0	194	99
75,68	0,1	27,14	0,0	372	99
30,27	10,8	14,9	2,2	104	99
273,241	13,10	136,87	5,4	146	99
11,14	42,32	14,3	14,3	103	99
1,0	2,1	5,1	0,0	103	99
3,7	160,118	5,1	194,124	103	99
31,16	23,25	27,8	1,1	104	99
0,0	24,22	1,0	11,4	138	99
248,222	8,2	209,122	1,2	120	99
10,9	119,102	1,0	55,30	326	99
24,13	37,48	5,7	23,8	128	99
0,0	1,2	0,1	0,6	105	99
173,187	236,210	65,56	102,70	200	99
24,25	61,35	6,4	45,12	206	99
25,18	0,2	19,6	0,0	125	99
9,11	353,318	0,4	244,212	332	99
144,130	54,51	97,54	50,27	165	99
6,3	2,3	1,2	0,1	196	99
19,13	1005,1075	2,0	564,352	166	99
48,64	8,9	27,19	2,0	359	99
26,36	228,146	30,15	100,39	126	99
259,185	8,9	105,47	2,0	332	99
89,73	50,34	54,28	8,1	116	99
41,17	22,14	30,12	8,4	116	99
63,75	4,3	41,32	3,4	103	99
34,36	37,66	10,10	12,4	110	99
113,79	477,607	53,57	293,215	283	99
1,3	368,317	0,0	152,108	103	99
314,203	65,41	208,87	15,13	399	99
204,189	4,2	132,63	0,0	267	99
0,3	2,0	3,0	1,0	233	99
72,64	0,0	34,30	1,0	344	99
42,28	5,2	15,14	4,1	241	99
9,9	154,130	2,11	95,43	679	99
112,79	8,4	38,26	0,2	157	99
349,296	130,100	253,132	76,63	290	99
26,26	113,118	7,0	53,54	143	99
35,13	6,2	16,4	5,7	401	99
4,14	193,141	18,11	78,34	286	99
33,23	0,0	16,11	2,6	219	99
8,13	387,416	9,4	197,123	294	99
40,48	348,332	35,9	172,99	253	99
323,311	90,70	120,104	39,39	114	99
333,235	541,353	178,109	244,128	594	99
71,47	1301,838	61,36	661,303	620	99
77,66	1,0	43,33	0,0	117	99
149,113	99,79	59,22	93,63	168	99
315,268	0,0	207,127	6,2	302	99
124,109	60,54	51,13	21,9	462	99
226,194	71,69	65,35	44,21	117	99
473,436	238,212	254,166	115,83	120	99
8,6	156,123	11,4	75,40	118	99
34,17	462,497	18,4	183,183	260	99
106,70	1,0	36,21	0,1	141	99
4,3	2,1	0,0	0,1	101	99
37,28	127,135	17,6	37,44	139	99
27,24	12,4	7,3	5,6	168	99
3,5	67,54	9,9	11,8	104	99
23,19	1749,1532	41,5	913,614	330	99
32,21	1749,1532	49,8	913,614	416	99
15,4	1,2	8,3	0,0	185	99
220,217	5,2	129,67	20,1	202	99
22,39	452,376	25,21	246,159	673	99
140,104	8,3	101,48	3,2	105	99
17,10	444,401	14,7	258,183	104	99
243,221	25,16	139,102	4,4	107	99
10,4	1,5	0,5	10,1	144	99
27,24	3988,3532	9,3	1549,1083	102	99
58,15	50,36	24,7	38,6	110	99
3,0	15,13	3,5	15,1	117	99
216,151	107,82	227,129	53,37	113	99
53,49	733,603	26,28	364,214	103	99
4,16	5,11	5,2	4,3	208	99
20,18	310,325	21,23	267,188	354	99
188,189	22,13	97,79	12,6	251	99
211,199	1,0	101,83	1,0	456	99
50,27	1,0	16,10	1,0	304	99
105,63	0,0	49,28	0,1	367	99
56,36	0,0	34,18	0,1	162	99
97,90	99,66	57,41	60,25	162	99
383,301	0,1	214,137	0,0	169	99
111,137	11,11	41,37	13,5	110	99
27,14	11,11	22,21	13,5	256	99
26,14	110,137	22,21	41,37	245	99
3,1	55,48	0,0	15,15	132	99
16,18	9,11	11,3	6,2	119	99
5,7	12,16	2,0	19,10	110	99
18,27	192,202	4,8	60,47	117	99
74,65	126,97	4,5	100,49	104	99
197,211	0,1	38,49	0,0	314	99
18,14	1,0	10,8	0,0	137	99
180,152	1,3	88,63	2,0	297	99
0,3	0,0	8,5	2,2	101	99
169,146	1,0	137,65	1,2	113	99
4,8	70,54	3,1	14,9	517	99
0,1	1378,1337	0,0	688,460	103	99
10,12	43,16	2,0	24,16	152	99
338,236	992,779	254,93	251,145	117	99
118,138	109,128	81,53	39,40	220	99
5,6	848,739	5,4	461,323	103	99
11,11	193,152	43,12	56,48	104	99
150,119	4,2	48,22	4,0	118	99
63,60	0,0	49,42	0,1	143	99
0,0	132,94	3,0	74,45	174	99
12,16	28,53	4,3	10,9	561	99
42,61	99,85	36,21	63,36	135	99
324,323	17,12	150,76	2,2	134	99
65,85	17,12	37,19	2,2	199	99
4,7	263,245	6,0	119,57	164	99
4,0	9,9	0,0	4,4	105	99
57,55	0,0	51,23	2,0	299	99
494,426	37,46	251,161	6,0	146	99
344,312	217,217	327,176	38,14	111	99
397,357	4,7	225,175	1,3	297	99
1371,977	44,56	616,357	45,20	181	99
17,25	43,29	23,10	1,11	144	99
15,5	39,28	4,4	16,15	312	99
16,16	2,2	12,12	0,0	120	99
39,31	247,128	24,8	165,119	217	99
37,30	273,222	25,8	159,106	217	99
44,40	5,3	56,42	6,7	245	99
129,144	11,17	72,40	8,5	474	99
60,48	11,17	25,18	8,5	505	99
18,21	81,105	8,9	52,27	130	99
1094,756	6,0	699,350	1,0	111	99
928,1024	77,86	340,218	104,72	144	99
2411,2485	2017,1879	1606,1175	1131,850	156	99
5572,5362	0,0	3417,2350	0,1	114	99
5996,5448	2,2	3977,2506	5,0	117	99
74,62	51,71	50,24	14,3	125	99
391,395	67,68	198,136	25,19	247	99
130,136	7,8	57,55	0,0	191	99
72,68	2,0	48,21	0,2	305	99
121,132	209,126	109,45	123,39	789	99
51,64	209,126	61,26	123,39	583	99
68,80	23,15	63,28	10,7	583	99
46,34	15,2	26,13	9,4	251	99
82,75	36,32	47,30	5,8	419	99
183,124	0,0	57,26	1,0	729	99
119,92	6,3	49,12	1,3	138	99
42,43	2,3	29,15	0,1	123	99
4,5	2796,2506	4,2	1425,888	120	99
12,5	377,412	5,7	239,150	265	99
1,1	704,686	5,0	322,225	103	99
34,22	52,39	26,7	29,22	118	99
14,7	250,236	6,2	144,81	103	99
14,8	46,34	4,2	15,8	103	99
20,16	361,292	9,7	159,85	103	99
3,5	0,0	4,4	3,0	116	99
3,8	1680,1455	16,8	773,478	337	99
0,4	1680,1455	15,5	773,478	320	99
84,48	1100,1182	45,29	563,384	311	99
81,49	1100,1182	46,33	563,384	565	99
8,13	11,12	12,9	11,5	353	99
18,43	10,16	3,4	12,11	103	99
220,201	9,3	134,87	4,2	1034	99
42,60	338,311	44,19	204,160	393	99
157,110	24,24	79,26	16,12	108	99
18,16	1424,1266	7,3	671,477	103	99
36,55	1172,1142	35,17	591,303	135	99
1,0	2,0	0,0	1,0	313	99
44,29	163,175	79,33	129,85	231	99
11,4	94,82	6,5	64,49	242	99
45,28	1,0	14,13	0,0	260	99
214,161	1213,1148	76,39	499,364	566	99
1,1	0,0	0,0	0,2	117	99
124,107	2,0	77,39	0,0	607	99
0,0	24,15	0,1	8,6	434	99
7,17	136,120	2,5	49,38	300	99
24,26	582,565	22,7	336,211	274	99
30,16	189,188	5,7	73,55	383	99
211,238	0,0	110,97	0,1	505	99
107,74	246,188	103,47	54,36	105	99
17,6	0,0	12,4	1,0	163	99
0,6	166,171	2,1	117,67	138	99
7,2	30,21	5,1	22,9	130	99
44,30	0,1	18,19	0,0	450	99
2,2	4419,4329	2,1	2609,1858	139	99
94,51	4451,4236	95,65	3058,1941	117	99
57,34	0,2	18,11	0,0	240	99
347,230	100,62	77,38	91,45	122	99
28,24	18,34	15,21	2,2	103	99
1085,852	2,0	855,545	3,1	1203	99
28,40	30,28	8,13	15,14	131	99
745,683	0,1	343,326	0,0	544	99
19,19	1,5	7,3	9,8	110	99
131,141	0,0	114,82	0,2	210	99
5,9	6,4	2,3	6,4	220	99
20,21	0,3	37,21	0,0	135	99
20,23	229,278	40,21	142,91	135	99
1068,937	58,57	610,359	4,6	138	99
21,24	249,210	25,21	218,127	123	99
313,230	0,2	252,131	0,0	103	99
7,9	209,198	7,3	140,59	285	99
34,27	2,0	44,18	0,1	295	99
113,76	26,18	11,19	29,11	111	99
1,0	75,66	2,1	31,12	279	99
2,2	125,104	0,0	93,43	103	99
85,101	1,0	54,12	4,1	128	99
298,292	2,0	138,101	0,1	1458	99
917,867	13,7	511,354	2,0	122	99
227,182	0,5	109,82	0,0	122	99
0,1	13,14	0,0	2,1	135	99
324,267	2625,2472	262,210	1581,1081	551	99
423,336	2625,2472	295,246	1581,1081	656	99
147,101	28,24	71,58	33,19	204	99
1,4	18,8	0,0	0,1	132	99
103,75	0,0	25,23	1,1	681	99
20,24	357,319	21,17	284,147	160	99
44,12	660,484	33,21	389,218	311	99
182,134	152,128	81,39	121,55	270	99
94,103	32,36	44,18	14,7	159	99
2296,2136	148,167	1027,688	146,99	842	99
6,1	20,22	0,1	12,5	121	99
18,3	43,46	1,2	24,10	141	99
0,0	165,128	0,1	34,30	105	99
93,108	5,4	79,65	1,0	104	99
2,1	39,41	0,0	21,10	108	99
7,0	39,33	8,5	34,13	124	99
9,2	1,0	4,4	1,0	453	99
7,2	316,227	1,0	185,104	103	99
137,122	10,0	105,90	1,0	949	99
1286,1208	9,7	228,239	0,0	132	99
13,10	1,0	17,1	2,2	181	99
273,251	3,1	123,83	4,0	109	99
19,26	61,56	6,1	45,24	166	99
3,5	10895,10807	1,2	7159,5334	103	99
25,15	961,843	20,8	478,313	508	99
6,11	961,843	9,3	478,313	269	99
1,0	42,31	2,0	38,24	117	99
1,4	435,499	5,4	189,120	108	99
7,6	42,60	2,2	27,25	261	99
100,81	1,1	18,29	0,4	545	99
0,0	3478,3297	1,0	1711,940	103	99
157,135	0,1	235,130	0,0	336	99
36,33	74,83	41,21	83,50	659	99
64,64	81,119	18,21	53,37	138	99
0,6	107,100	5,2	42,31	412	99
3,9	5,15	0,2	10,2	127	99
13,6	60,41	34,24	93,68	110	99
2099,1828	30,66	1441,862	43,40	123	99
10,12	4925,4207	6,8	2192,1648	278	99
36,29	0,2	16,11	0,0	337	99
46,58	702,713	13,12	278,215	309	99
42,32	50,38	20,14	10,5	111	99
512,309	8,12	292,141	21,5	140	99
570,213	2,5	357,175	1,2	143	99
183,238	52,57	105,57	10,4	117	99
10,9	61,71	4,3	14,19	400	99
134,128	28,19	78,63	1,3	104	99
168,159	3,6	144,71	0,0	155	99
3,0	37,51	2,1	35,15	119	99
0,1	161,121	0,1	87,48	102	99
19,10	31,16	12,3	37,11	102	99
404,375	12,8	180,93	2,1	322	99
7,8	5275,5444	7,1	3110,2168	384	99
287,275	1,0	128,95	1,0	494	99
196,195	19,6	135,61	7,1	216	99
4,16	77,83	1,6	64,25	113	99
6,13	0,2	9,8	0,1	224	99
42,51	108,117	61,46	54,26	505	99
12,16	16,10	15,6	7,6	360	99
6,13	16,16	13,8	12,12	653	99
13,15	7,11	17,13	1,0	248	99
97,78	0,2	61,48	0,0	103	99
188,138	34,15	73,36	20,10	146	99
14,11	185,155	3,3	115,53	237	99
312,239	2,10	82,67	5,2	342	99
68,80	9,3	37,51	0,1	104	99
0,0	41,25	0,5	17,12	103	99
21110,14105	21918,14751	22462,13607	7921,4813	110	99
121,71	2,5	8,8	17,16	105	99
5,7	0,0	0,1	2,0	105	99
82,93	25,31	42,34	16,7	252	99
24,17	8,3	15,2	0,5	166	99
22,11	383,389	7,7	200,107	252	99
0,0	87,101	3,0	66,20	117	99
21,8	0,1	15,1	2,1	126	99
544,523	3,6	300,195	0,1	470	99
10,2	107,81	1,9	42,21	270	99
7,4	163,154	0,3	103,33	276	99
4,3	126,153	0,4	103,50	103	99
79,44	1,0	27,28	0,0	128	99
12,10	29,33	2,1	30,27	158	99
103,82	122,117	6,12	77,41	180	99
2,1	50,29	0,0	12,10	183	99
11,16	0,1	1,1	0,1	202	99
253,189	0,0	143,51	1,0	104	99
568,538	19,9	364,255	11,2	665	99
11,12	22,15	29,23	21,12	272	99
70,53	89,78	78,52	14,7	111	99
8,5	48,35	7,2	2,7	111	99
65,79	88,98	46,37	83,52	115	99
4,0	90,69	1,0	25,30	106	99
146,183	59,62	85,68	22,13	149	99
9,2	775,592	8,1	375,222	103	99
21,11	753,713	4,9	350,248	274	99
14,14	204,165	5,7	113,69	373	99
39,59	7,9	25,18	0,0	386	99
38,61	30,24	35,16	8,2	170	99
5,8	5,6	2,1	1,1	136	99
5,14	138,107	8,9	55,32	254	99
2,0	499,379	5,3	213,155	337	99
52,66	3,1	12,20	0,0	139	99
4,12	9,3	7,2	9,0	290	99
22,30	196,241	17,7	69,59	498	99
27,21	196,241	19,5	69,59	307	99
3,0	6,5	1,1	2,0	219	99
6,7	194,161	5,6	68,35	392	99
7,7	28,31	2,2	34,15	263	99
9,12	194,161	6,5	68,35	272	99
22,32	1216,861	9,3	431,258	105	99
21,12	5,1	6,2	1,1	103	99
79,54	117,123	50,36	54,27	183	99
4,3	23,34	6,1	20,8	127	99
59,68	192,176	54,22	91,78	241	99
64,62	3,0	24,15	17,9	126	99
94,125	101,118	59,39	43,36	241	99
526,424	0,0	324,230	0,1	408	99
124,117	1,6	37,36	0,0	175	99
0,1	29,44	1,0	21,9	117	99
82,105	6,7	32,32	0,0	118	99
463,489	658,827	193,151	346,195	217	99
81,61	40,52	44,20	16,6	263	99
129,86	10,9	34,30	8,3	114	99
414,355	5,1	210,165	1,7	109	99
27,9	0,0	23,14	4,3	109	99
47,33	125,70	36,20	67,41	156	99
15,13	8,14	5,5	3,2	149	99
78,73	14,39	79,63	8,4	107	99
20,24	29,34	17,16	3,4	107	99
20,18	3,1	5,0	3,2	129	99
49,36	207,230	42,18	94,44	374	99
16,4	483,446	1,3	210,114	103	99
66,57	364,353	34,19	297,158	273	99
5,6	420,372	5,1	274,176	132	99
15,16	1,3	7,4	13,3	117	99
30,31	0,4	28,13	0,0	318	99
16,18	0,4	38,12	0,0	300	99
44,42	4,3	32,13	1,1	154	99
15,3	16,23	7,3	8,4	152	99
12,4	289,263	3,2	163,92	243	99
20,14	512,451	15,9	189,128	103	99
12,12	245,284	8,5	118,136	246	99
27,18	4,0	5,3	2,0	102	99
57,45	133,127	30,20	53,18	111	99
26,26	168,145	15,0	65,36	282	99
144,90	1,1	58,37	0,0	118	99
162,161	263,229	90,63	107,56	102	99
107,106	3,3	65,47	4,3	146	99
31,21	609,498	27,21	421,249	472	99
36,29	182,103	27,26	53,49	103	99
271,164	989,722	61,30	800,456	116	99
164,90	19,11	73,38	2,3	228	99
244,136	51,48	105,55	66,22	245	99
99,57	51,48	34,20	66,22	116	99
4,1	7,0	3,1	3,2	110	99
193,208	16,4	75,74	8,6	127	99
1702,1507	12,2	948,605	15,3	378	99
24,19	95,124	4,14	55,39	233	99
12,7	35,11	2,4	9,3	105	99
2,6	10,13	0,0	7,1	111	99
7,1	22,13	2,0	10,9	111	99
24,15	4813,3894	16,10	3549,2110	103	99
8331,7270	2,0	4414,2714	0,0	1287	99
103,79	420,400	52,24	255,173	182	99
14,14	1,3	2,0	7,4	106	99
140,117	50,85	101,48	60,33	175	99
8,5	1057,919	12,5	468,329	299	99
78,45	6,8	24,19	3,1	331	99
443,301	241,152	234,105	146,91	142	99
641,474	37,29	352,167	17,11	181	99
753,556	4,1	412,190	0,0	196	99
439,325	37,29	264,153	17,11	138	99
551,407	4,1	324,176	0,0	153	99
149,111	4,1	77,34	0,0	114	99
0,3	40,32	6,1	14,10	359	99
25,38	11,10	18,19	0,0	116	99
4,0	260,265	0,0	199,107	103	99
117,91	41,39	67,48	26,14	143	99
61,31	121,114	45,41	121,111	328	99
12,8	9,4	6,11	9,5	311	99
0,1	2084,2186	0,0	1006,673	126	99
19,18	136,156	7,2	70,38	236	99
193,116	2,0	136,69	3,0	483	99
50,44	0,1	34,11	0,3	247	99
1,5	6,6	2,6	1,6	103	99
11,8	372,339	5,0	196,152	102	99
9,3	1107,1085	7,3	556,365	159	99
3,1	111,87	0,0	60,34	103	99
11,18	67,67	12,2	26,20	126	99
302,247	10300,7707	186,150	5998,3719	106	99
4,12	6798,6055	5,4	4088,2935	103	99
0,2	88,81	0,0	37,30	156	99
251,215	0,0	167,108	0,1	143	99
41,22	0,1	23,23	5,4	175	99
6,7	86,92	2,0	23,25	246	99
67,55	89,93	71,43	6,4	111	99
6,10	75,61	10,9	30,24	103	99
507,394	3,0	483,304	1,0	2627	99
236,217	476,465	336,205	83,28	111	99
143,68	31,13	62,16	45,37	105	99
38,8	9,8	10,13	9,5	126	99
48,19	0,5	28,25	7,4	1095	99
48,23	11,23	29,26	11,6	1131	99
19,19	0,5	27,17	7,4	1068	99
19,23	11,23	28,18	11,6	1104	99
0,9	11,23	8,5	11,6	135	99
41,69	2,0	40,21	0,1	262	99
2,4	139,147	1,5	75,56	103	99
190,180	74,41	133,57	51,25	393	99
3059,3004	1,0	1504,852	2,2	324	99
4,1	3,1	7,2	0,0	150	99
75,45	82,74	20,29	71,32	103	99
0,2	13,11	1,0	2,2	180	99
79,77	40,20	80,50	27,26	206	99
107,102	268,182	37,29	122,70	288	99
64,46	178,174	19,24	84,57	935	99
33,40	0,0	18,23	0,1	245	99
8,10	29,49	3,2	15,11	566	99
1,2	4,4	1,2	2,1	107	99
131,163	98,100	62,55	68,36	1250	99
7,3	338,371	4,1	180,71	291	99
7,3	674,667	2,6	314,176	103	99
38,37	619,594	9,9	308,173	342	99
6,1	535,503	2,3	288,220	103	99
1409,895	99,121	1441,825	63,24	652	99
0,0	207,140	1,0	88,50	102	99
42,45	108,151	87,68	67,46	267	99
4,2	630,678	5,0	256,204	278	99
354,320	125,134	160,129	92,73	220	99
881,720	0,0	575,364	0,1	238	99
27,25	9,10	14,9	3,3	174	99
51,84	3,0	26,17	0,0	102	99
175,154	14,13	62,55	1,0	220	99
7,11	2,1	3,2	0,0	120	99
8,5	6,2	6,5	9,14	103	99
86,101	161,188	30,22	81,64	140	99
39,16	182,128	16,10	96,52	302	99
31,58	1,0	15,16	0,1	105	99
316,300	1,0	175,127	0,0	916	99
9,27	199,198	11,3	84,70	494	99
5,16	7,7	13,5	9,6	317	99
20,38	307,301	32,23	165,128	692	99
22,29	307,301	28,24	165,128	474	99
5,4	135,94	0,1	67,46	168	99
86,69	18,22	43,30	7,13	122	99
15,18	3,1	5,2	1,0	381	99
48,42	51,35	9,9	7,12	792	99
36,25	51,35	5,7	7,12	510	99
33,12	1416,1350	46,48	1314,837	345	99
54,52	454,486	39,15	277,143	399	99
187,189	3,0	51,34	0,0	163	99
41,38	150,147	30,17	72,43	149	99
32,22	2,2	21,11	1,0	149	99
492,369	2,2	277,146	1,0	1119	99
463,347	3,0	256,135	0,0	1069	99
8,6	1,2	4,4	2,1	143	99
20,18	59,43	9,3	27,27	148	99
480,479	0,1	225,183	0,0	703	99
131,131	1,0	71,35	0,0	507	99
6,0	23,15	2,0	16,8	131	99
30,28	7,8	10,13	7,6	278	99
19,17	93,73	14,18	50,17	163	99
408,333	8,7	201,89	1,0	105	99
456,325	1116,841	189,101	581,295	102	99
7,13	2,0	12,0	0,0	114	99
10,15	9,6	6,6	0,2	121	99
26,29	15,20	24,3	10,2	557	99
142,129	0,0	52,30	1,0	210	99
0,1	19,18	0,1	8,4	108	99
20,35	2,0	18,3	0,1	126	99
44,33	762,836	31,16	323,250	288	99
89,89	178,150	37,20	104,69	337	99
757,683	130,135	508,339	65,48	123	99
5,3	146,138	8,1	43,36	291	99
12,14	10,0	17,5	2,0	170	99
60,60	10,0	62,26	2,0	351	99
66,62	3,9	82,28	1,0	351	99
10,6	480,317	7,1	250,116	210	99
108,55	1,3	44,33	0,1	383	99
39,44	111,103	29,16	71,40	590	99
0,2	178,196	0,0	111,71	103	99
456,385	6,2	242,142	0,0	186	99
7,7	25,21	2,5	6,3	137	99
277,211	984,890	73,44	496,353	364	99
45,43	551,299	73,30	238,96	250	99
2,3	3,0	2,1	0,1	103	99
25,36	839,756	39,27	357,262	104	99
0,0	586,544	1,0	294,233	117	99
61,56	96,91	32,15	48,34	143	99
3,7	17,10	2,1	3,0	522	99
5,4	1113,1070	2,1	544,402	102	99
12,6	312,293	12,1	216,123	192	99
0,2	285,252	0,0	143,112	114	99
1,4	3,1	2,0	0,0	143	99
46,63	22,22	22,16	12,9	102	99
0,9	12,23	0,0	10,2	173	99
15,8	74,58	9,6	46,26	114	99
113,40	17,1	67,33	3,0	111	99
8,8	48,68	2,7	36,15	181	99
4,0	0,0	1,0	0,1	162	99
40,48	127,134	28,15	60,54	459	99
1,6	107,106	1,0	55,21	102	99
5,0	862,852	2,2	529,395	102	99
3,3	382,384	3,4	211,162	116	99
27,54	158,130	20,24	79,50	116	99
250,199	5,12	145,79	3,2	140	99
16,17	295,245	10,9	161,86	466	99
0,11	191,162	1,5	109,56	138	99
1,3	211,192	1,0	89,63	108	99
1,0	49,37	1,0	24,10	257	99
22,34	16,17	12,12	4,4	123	99
5,9	147,118	0,0	60,25	180	99
17,22	1563,1620	9,6	738,620	319	99
10,11	55,45	27,13	37,17	324	99
385,289	0,1	227,129	0,0	333	99
31,43	1,2	11,14	0,0	269	99
7,5	1,0	0,1	0,0	103	99
2,0	16,24	0,0	10,7	203	99
268,212	700,498	135,104	391,171	1281	99
26,50	0,3	12,14	0,0	117	99
18,35	40,49	10,1	12,5	129	99
8,11	0,0	2,1	2,1	105	99
212,192	1,0	114,43	0,0	433	99
87,40	8,5	50,38	0,1	945	99
3,4	6,0	0,0	6,0	126	99
14,25	426,418	15,15	310,144	280	99
17,21	426,418	21,15	310,144	253	99
3,11	3,13	12,1	0,1	334	99
20,26	140,131	15,3	130,66	377	99
20,28	140,131	3,3	130,66	142	99
17,17	13,12	3,2	3,4	142	99
223,305	99,109	159,89	104,47	120	99
10,18	74,91	5,0	25,24	491	99
31,28	380,333	34,29	209,143	452	99
8,1	3,0	4,3	0,0	147	99
92,61	60,63	28,30	12,8	103	99
63,57	164,140	52,19	152,108	124	99
13,17	198,126	19,7	105,46	478	99
6,5	46,27	1,0	24,7	279	99
6,12	99,90	0,4	43,16	291	99
68,55	115,93	43,28	89,38	161	99
5,1	298,229	2,2	189,99	138	99
22,27	267,180	16,19	77,53	255	99
13,29	118,129	12,9	43,48	272	99
379,328	3,6	158,91	0,1	177	99
162,149	85,96	85,62	68,33	111	99
25,25	21,9	24,15	0,0	122	99
64,60	810,815	145,80	246,165	136	99
11,3	832,669	6,1	502,234	126	99
15,27	4,3	6,3	0,0	115	99
86,82	1,0	34,29	0,0	216	99
453,378	9,6	280,200	0,0	232	99
3,0	197,191	1,0	91,63	298	99
4,9	79,94	0,0	33,29	624	99
3,3	266,232	0,0	124,101	135	99
2,4	233,218	4,0	115,71	165	99
46,16	231,194	21,15	144,97	214	99
173,160	0,0	70,49	3,1	102	99
17,20	241,207	8,4	152,105	264	99
18,27	161,185	23,14	135,98	730	99
536,472	0,0	396,254	0,1	384	99
64,60	121,147	34,34	73,40	215	99
1,2	14,18	1,0	11,3	172	99
52,45	12,4	19,23	0,0	110	99
24,19	197,212	0,1	37,30	297	99
0,5	2771,2619	1,1	1340,887	104	99
324,288	306,263	243,150	229,154	118	99
210,241	0,0	226,156	0,1	150	99
9,6	0,2	6,5	1,2	111	99
18,27	445,447	8,5	218,158	318	99
4,0	0,2	2,2	1,0	144	99
62,27	118,130	35,19	121,72	103	99
0,2	5,6	0,1	6,4	109	99
2,3	2,2	2,1	0,3	144	99
694,545	266,332	359,215	215,130	535	99
513,391	183,209	282,185	62,45	386	99
25,48	0,3	17,15	0,0	174	99
10,5	38,42	5,6	34,20	103	99
1,0	418,364	0,2	174,110	126	99
81,105	2482,2759	41,52	1770,1128	101	99
9,12	98,108	1,0	41,36	121	99
2,1	3,5	2,1	0,0	103	99
0,0	4,1	1,0	1,4	101	99
79,90	62,68	8,7	35,18	263	99
29,14	1,0	21,13	0,0	357	99
15,18	5,4	15,13	0,0	127	99
13,7	9,9	26,9	5,3	142	99
59,38	4,0	18,13	0,4	237	99
25,26	19426,17983	7,9	9265,8194	104	99
123,56	19426,17983	27,21	9265,8194	407	99
385,187	19426,17983	78,50	9265,8194	939	99
443,228	19426,17983	86,54	9265,8194	1334	99
123,56	25,26	27,21	7,9	402	99
385,187	25,26	78,50	7,9	934	99
443,228	25,26	86,54	7,9	1329	99
60,41	2,0	9,4	1,0	494	99
154,122	20274,18490	81,67	10656,7629	103	99
153,120	1,3	81,67	0,5	103	99
64,67	24,27	24,27	8,3	133	99
56,66	8699,8047	18,24	4394,2479	103	99
5,4	11,11	3,2	2,0	123	99
0,0	8,15	2,1	1,1	126	99
59,28	103,136	28,9	50,39	117	99
87,60	2,1	32,26	0,0	103	99
21,32	222,215	11,4	71,60	304	99
13,1	4,1	9,2	2,1	112	99
7,1	2,0	6,2	0,1	153	99
32,18	171,140	15,2	70,62	119	99
3883,3318	5,4	2706,1412	4,8	105	99
16,10	2234,2141	20,17	1507,832	427	99
11,2	391,255	3,1	207,113	111	99
75,49	182,94	29,23	104,55	129	99
1762,1407	0,0	1532,917	1,0	1104	99
509,494	8,5	246,141	6,4	136	99
422,391	265,266	225,164	148,79	240	99
53,11	256,152	9,6	122,53	378	99
35,27	1,3	5,6	0,1	141	99
276,350	15,19	140,87	5,2	279	99
2,2	130,123	3,4	56,34	390	99
248,178	0,2	93,70	0,0	629	99
66,108	4,4	37,23	1,0	136	99
62,77	4,4	43,22	1,0	157	99
20,19	24,50	13,10	7,11	120	99
18,12	571,549	17,17	265,190	105	99
12,1	71,62	0,2	31,21	264	99
77,95	12,17	54,33	4,3	113	99
8,13	174,219	4,2	147,76	103	99
15,21	5,6	13,9	1,0	207	99
53,27	74,38	41,39	62,34	466	99
22,5	420,441	12,5	261,143	361	99
0,3	2,0	1,2	0,0	125	99
245,256	0,1	65,41	0,1	243	99
79,91	3807,3572	42,25	2333,1532	103	99
7,5	1,3	0,0	1,0	235	99
79,69	1,3	12,9	1,0	320	99
77,65	5,1	12,9	0,0	184	99
35,32	3942,3836	28,14	2513,1717	258	99
376,327	0,1	244,158	0,0	333	99
56,27	109,150	53,18	60,37	589	99
5,2	260,218	0,0	165,78	103	99
111,120	0,0	60,42	6,5	121	99
133,162	2727,2524	57,38	1336,892	285	99
299,309	5,8	194,141	5,5	171	99
1,0	35,31	0,0	37,18	108	99
1,0	344,368	1,1	201,121	249	99
240,153	19,17	121,54	4,3	112	99
369,337	5,0	118,92	8,0	123	99
0,0	255,203	2,0	96,65	122	99
9,10	93,128	12,7	22,29	135	99
24,13	908,963	9,7	693,408	284	99
1,1	1068,984	2,3	584,421	437	99
11,3	809,509	5,8	334,168	156	99
5,8	59,37	9,4	16,4	139	99
1,0	264,258	5,1	168,88	104	99
245,250	35,49	133,79	26,18	114	99
7,15	3,3	9,1	4,1	121	99
170,94	270,191	46,42	141,71	1073	99
9,10	123,71	2,1	59,32	123	99
10,5	260,342	5,5	150,91	310	99
193,157	755,633	90,65	353,228	746	99
196,161	755,633	93,69	353,228	764	99
7,8	4,4	4,4	1,0	117	99
39,26	6,4	24,10	0,0	122	99
7,5	88,80	0,2	28,16	255	99
14,21	195,176	40,39	93,47	284	99
15,8	65,58	0,1	40,35	103	99
271,212	7,2	230,161	14,10	104	99
4,1	6,6	4,5	0,4	296	99
5,2	30,28	6,1	6,0	169	99
18,12	89,85	13,6	27,12	124	99
4,4	168,170	2,0	80,74	239	99
9,7	6,12	8,13	7,2	146	99
6,3	6,12	13,7	7,2	175	99
4,1	7,5	6,3	1,9	128	99
52,21	44,44	20,15	25,26	328	99
0,6	117,112	4,6	73,70	238	99
115,110	3,18	89,89	0,0	104	99
35,34	164,136	21,12	58,53	283	99
119,113	108,99	76,29	36,40	111	99
16,4	30,16	0,2	14,5	261	99
29,57	231,196	14,13	163,103	171	99
307,292	2,2	172,157	1,1	463	99
9,15	323,341	5,1	124,76	290	99
22,13	332,378	5,3	145,118	329	99
1292,990	189,265	868,431	149,94	203	99
1434,1380	48,48	765,419	25,19	102	99
737,564	1211,984	248,160	722,385	102	99
3600,3015	0,1	1832,1009	0,0	1268	99
6,17	133,72	5,2	56,23	249	99
25,46	191,228	8,10	100,62	228	99
2,5	256,221	0,0	112,58	107	99
2,0	8,0	1,2	6,5	111	99
1,5	183,153	1,3	79,60	104	99
1,5	3,0	1,1	0,0	104	99
162,108	2,0	90,63	0,0	272	99
6,10	5,5	4,0	0,2	209	99
5,7	2,2	0,0	1,0	153	99
3,5	5,5	5,0	0,2	155	99
141,122	227,199	150,77	75,28	114	99
1,4	4,1	0,1	0,4	120	99
5,2	1,0	0,1	1,8	110	99
33,21	223,201	7,6	62,36	313	99
29,19	223,201	8,13	62,36	302	99
50,30	150,83	20,17	74,47	257	99
16,14	5,3	9,1	1,2	183	99
3,2	2,0	1,3	0,0	103	99
553,480	3677,3253	430,343	2712,1723	738	99
0,2	120,83	0,1	63,23	162	99
10,4	122,67	6,3	15,17	245	99
119,146	5,1	39,34	0,0	404	99
156,132	149,139	64,51	74,55	360	99
11,3	112,64	11,2	20,27	267	99
7,0	112,64	11,2	20,27	271	99
34,22	224,182	16,11	91,59	117	99
123,125	3,9	113,41	6,1	539	99
4,7	71,50	6,0	23,24	258	99
10,6	1,3	1,2	2,2	382	99
45,24	113,140	21,9	67,53	208	99
6,8	0,0	21,5	1,0	174	99
83,109	79,71	82,47	51,35	164	99
115,100	8,4	67,40	4,0	162	99
22,13	151,148	10,11	53,63	347	99
93,86	66,66	25,12	35,25	103	99
2,2	326,263	0,1	214,153	117	99
4,3	221,239	3,5	124,102	159	99
156,122	2,1	81,76	3,2	219	99
799,643	31,27	559,354	7,2	385	99
32,5	1,1	11,1	0,1	243	99
37,28	18,11	21,12	10,7	102	99
12,19	409,396	4,6	183,145	238	99
44,29	7,0	6,6	0,0	105	99
10,6	2,0	3,1	0,0	288	99
22,7	26,23	7,9	10,6	234	99
23,11	9,12	10,9	8,9	265	99
27,27	9,12	13,6	8,9	130	99
9,15	235,205	14,6	216,109	102	99
1,3	0,1	2,0	0,0	103	99
4,8	6,0	0,0	2,4	103	99
93,89	160,162	57,37	110,58	194	99
395,352	160,162	211,133	110,58	487	99
379,335	77,72	194,125	40,29	392	99
4,3	353,298	13,2	158,85	144	99
3,2	59,54	4,12	20,11	131	99
137,167	10,11	49,59	9,9	123	99
9,15	1,0	2,6	0,0	123	99
94,83	1,0	57,23	0,2	141	99
2,0	39,37	0,0	19,10	171	99
3615,2878	0,1	1903,1193	1,0	1072	99
29,24	2,0	25,14	0,0	229	99
812,677	0,1	417,241	0,0	108	99
6,8	7111,8112	1,0	4147,2689	103	99
140,133	98,95	73,40	28,20	228	99
253,262	53,68	175,100	9,5	168	99
14,12	545,403	11,7	260,128	373	99
2920,2676	10,7	477,428	0,1	171	99
7,16	1085,894	13,3	585,316	104	99
373,322	0,2	183,97	0,0	156	99
0,0	153,129	0,1	103,77	103	99
300,217	5,5	187,84	9,1	102	99
1,1	105,86	1,1	76,34	103	99
5,4	126,77	7,3	35,18	255	99
32,28	0,4	13,11	0,0	224	99
156,129	17,18	62,55	2,3	459	99
93,69	0,0	28,36	3,2	256	99
25,3	134,111	5,1	53,33	412	99
0,1	490,449	0,0	202,134	287	99
435,330	502,333	235,125	207,138	858	99
14,13	83,51	4,3	54,30	120	99
100,120	1782,2119	48,40	696,689	292	99
40,28	291,330	23,19	134,116	381	99
1120,1049	1,1	645,414	4,0	673	99
124,118	18,12	77,53	1,0	120	99
0,3	1649,1521	3,0	903,483	103	99
25,34	17,14	12,7	0,0	112	99
25,16	2791,2743	18,5	1323,832	103	99
20,11	187,185	8,7	77,63	360	99
4,3	2,1	2,0	0,4	153	99
36,54	2,1	28,10	0,4	451	99
36,54	4,3	28,10	2,0	397	99
235,222	0,4	108,58	0,1	248	99
30,20	980,880	8,7	628,307	159	99
13,22	48,71	7,2	31,24	460	99
12,8	203,181	4,7	103,70	193	99
347,281	31,23	207,138	5,1	655	99
32,26	1,2	18,5	3,5	256	99
8,14	22,23	4,3	26,10	104	99
2,3	31,16	2,4	24,10	131	99
329,304	0,1	217,137	1,3	228	99
105,130	8,18	76,36	5,1	295	99
6,7	9,25	4,2	21,20	103	99
24,26	2,9	6,0	7,0	115	99
45,29	35,15	29,23	0,9	459	99
14,9	35,15	3,7	0,9	143	99
44,26	1865,1315	48,38	1136,520	485	99
98,124	114,93	70,35	134,83	103	99
12,16	128,90	5,6	65,31	257	99
2,0	115,83	0,0	42,28	103	99
380,456	23,11	302,199	33,28	101	99
1,1	1,0	0,0	2,0	104	99
1084,923	28,18	632,405	14,8	200	99
42,38	39,15	7,7	36,13	134	99
0,2	129,131	0,0	36,44	108	99
14,4	10,3	33,9	7,5	136	99
32,15	45,52	14,11	22,22	192	99
3,2	62,62	6,1	48,22	548	99
85,57	36,41	20,27	17,14	271	99
125,113	1411,840	37,11	358,203	121	99
169,109	175,163	94,58	111,57	362	99
639,451	19,14	383,192	9,3	781	99
33,51	295,290	16,22	137,67	1434	99
230,227	4,0	160,76	0,0	123	99
9,7	66,55	6,7	25,24	174	99
37,43	318,256	8,3	157,99	126	99
14,22	368,338	6,8	245,227	161	99
36,40	8,14	7,16	0,0	114	99
12,1	0,2	2,3	1,0	114	99
0,0	95,110	2,0	45,42	120	99
0,1	381,349	0,0	150,114	135	99
2,6	1,0	3,3	0,0	120	99
1083,1056	39,47	549,413	11,9	2238	99
31,43	12,6	15,9	6,3	299	99
116,109	9,1	115,96	0,0	332	99
211,117	3,0	87,48	4,0	211	99
411,360	0,1	137,94	0,1	197	99
44,23	111,77	55,17	52,19	183	99
303,253	1,5	107,93	0,0	241	99
17,18	194,159	8,3	53,57	168	99
7,6	129,87	0,3	80,33	104	99
2049,1719	2,0	921,632	0,0	102	99
190,155	18,16	103,74	1,2	105	99
38,31	1,0	25,7	0,0	103	99
501,394	0,0	290,190	1,0	102	99
169,129	148,137	47,43	111,76	134	99
17,10	11,11	2,1	13,4	104	99
0,1	23,18	0,0	12,5	104	99
5,6	589,581	7,4	393,229	102	99
6,2	104,123	4,0	71,48	105	99
184,165	574,624	65,75	241,206	238	99
29,28	72,37	33,12	14,16	208	99
26,20	101,123	6,14	63,35	403	99
0,1	742,660	0,0	367,214	103	99
2,8	531,593	6,4	292,222	287	99
50,58	0,1	30,23	0,0	116	99
84,66	3,6	45,19	0,1	102	99
7,11	233,222	2,5	141,89	120	99
19,18	965,668	39,27	338,235	123	99
52,47	0,1	21,7	0,0	346	99
23,46	2,4	29,2	0,0	353	99
15,27	0,0	7,18	0,2	120	99
346,214	0,0	163,128	0,2	252	99
335,195	4,8	157,110	1,0	231	99
2,3	136,106	0,0	57,58	153	99
494,385	132,114	20,10	324,163	105	99
534,449	0,0	238,197	2,0	385	99
266,167	7,0	153,82	0,0	107	99
1,1	171,101	1,0	70,41	171	99
326,291	1,0	164,106	0,3	279	99
2,0	0,4	1,0	0,0	105	99
105,77	0,0	42,21	1,0	273	99
13,4	28,23	1,4	4,7	318	99
0,0	35,55	4,0	36,13	313	99
4,3	87,58	5,8	29,39	111	99
579,558	9,9	544,259	3,2	111	99
2,4	61,42	1,0	19,16	133	99
934,1022	3,6	542,256	0,0	253	99
8,13	159,135	4,4	69,47	315	99
6,12	169,164	2,2	55,66	172	99
382,431	1042,774	204,134	493,276	554	99
56,54	31,40	45,28	18,10	111	99
3,3	15,5	0,0	1,0	103	99
5,5	27,9	1,1	9,8	101	99
23,26	204,206	4,9	92,64	110	99
6,8	58,76	7,10	33,32	123	99
115,99	0,0	72,75	3,2	246	99
21,19	106,95	26,9	70,66	270	99
728,594	39,45	357,213	32,8	394	99
1614,1554	175,141	1122,802	23,16	178	99
129,78	305,236	40,32	160,91	1152	99
6,9	2,13	2,2	0,0	426	99
23,12	5486,3970	17,7	3605,2058	102	99
1,2	2,0	0,2	0,0	128	99
7,2	0,0	38,3	0,1	454	99
326,362	21,15	154,116	3,6	132	99
122,122	22,38	37,55	12,15	209	99
105,96	187,176	13,8	157,85	105	99
74,80	32,28	47,29	23,15	632	99
36,11	81,83	12,11	45,17	822	99
46,43	142,156	68,45	54,59	161	99
11,14	313,264	12,7	229,149	263	99
152,148	21,18	59,64	2,2	187	99
18,11	163,115	9,4	59,41	257	99
120,102	248,278	35,28	102,53	111	99
5653,4266	15,6	3799,2504	3,6	102	99
53,51	8,7	29,40	5,3	263	99
5,6	86,75	0,5	43,29	154	99
0,1	6,1	4,0	7,1	309	99
24,40	72,113	51,26	130,109	346	99
39,11	0,3	44,33	0,1	436	99
28,13	80,26	33,9	85,40	156	99
26,25	1029,986	14,5	527,396	401	99
1,0	51,32	2,0	23,10	127	99
204,155	2,2	79,67	5,7	625	99
1,2	17,14	0,0	10,7	277	99
98,80	0,3	55,19	0,0	167	99
355,394	2,0	199,151	0,0	210	99
63,52	47,45	45,14	46,32	126	99
50,67	706,667	44,16	362,252	553	99
10,7	4,8	1,3	3,0	116	99
30,34	728,793	24,16	287,175	346	99
24,35	728,793	26,13	287,175	329	99
902,923	0,0	404,263	1,0	117	99
45,28	84,100	33,26	32,35	199	99
41,17	10,17	1,3	3,2	197	99
465,378	4,4	316,207	8,3	105	99
0,0	62,41	3,0	39,24	105	99
31,47	1,0	19,8	2,2	460	99
35,44	1,0	24,8	0,0	217	99
41,37	22,10	11,5	26,20	127	99
91,81	53,53	64,26	52,30	591	99
8,5	6,1	4,1	0,0	150	99
2712,2672	969,1174	1560,1217	334,256	530	99
791,600	0,0	296,171	0,1	120	99
339,239	6,1	140,76	1,0	120	99
345,236	1,1	168,74	1,0	120	99
280,186	4,6	118,62	1,0	120	99
346,236	4,6	132,75	1,0	141	99
300,206	4,6	120,69	1,0	183	99
66,50	0,0	15,13	1,0	120	99
20,20	0,0	3,7	1,0	162	99
8,9	48,33	1,0	12,6	141	99
300,203	1,0	120,69	0,0	162	99
555,414	1,0	207,106	0,0	183	99
289,229	1,0	94,40	0,0	120	99
644,409	0,0	184,90	0,1	141	99
0,3	2,10	0,1	0,0	118	99
670,502	4,10	293,270	2,2	1628	99
3,1	385,264	2,0	157,130	177	99
43,51	285,201	77,38	169,72	110	99
196,139	157,149	53,48	46,31	126	99
4,0	13,17	3,3	8,0	261	99
1,0	40,27	0,0	21,5	117	99
0,0	392,337	1,0	274,167	105	99
1,4	156,155	4,1	97,58	101	99
262,296	1,0	226,147	0,0	464	99
28,29	111,96	17,6	166,70	110	99
2,3	15,21	1,0	11,7	103	99
67,47	19,23	18,19	10,4	103	99
42,38	184,143	17,20	64,44	111	99
9,15	184,143	4,1	64,44	123	99
0,0	33,23	1,0	14,19	111	99
33,32	95,50	44,24	67,44	136	99
209,183	11,3	101,50	13,8	110	99
