ID	IJC_SAMPLE_1	SJC_SAMPLE_1	IJC_SAMPLE_2	SJC_SAMPLE_2	IncFormLen	SkipFormLen	PValue	FDR
0	46,40	26,65	29,11	40,20	182	99	1	1.0
1	38,32	0,2	40,12	1,0	243	99	1	1.0
2	9,14	112,154	6,3	141,59	128	99	1	1.0
3	454,458	48,46	548,191	43,10	108	99	1	1.0
4	518,739	17,43	586,299	44,12	105	99	1	1.0
6	169,239	0,6	139,68	0,0	105	99	1	1.0
7	70,90	0,0	67,29	1,1	102	99	1	1.0
8	168,218	1,0	136,64	0,0	109	99	1	1.0
10	1024,1309	4,1	805,348	1,0	103	99	1	1.0
11	57,44	12,14	28,14	4,0	132	99	0.225903767493	1.0
12	226,258	1,0	216,103	0,0	449	99	1	1.0
13	61,107	0,2	50,28	0,0	150	99	1	1.0
14	21,22	176,262	17,12	234,78	110	99	1	1.0
15	8,2	221,424	16,8	274,117	260	99	1	1.0
16	326,453	1,1	367,189	1,1	104	99	1	1.0
17	608,884	6,12	874,374	7,2	106	99	1	1.0
18	8,12	82,72	14,2	51,26	102	99	1	1.0
19	70,69	12,9	29,12	19,10	107	99	0.00352175741212	0.45719930085904004
21	253,340	8,10	261,120	10,0	117	99	1	1.0
22	144,257	6,4	198,97	3,1	102	99	1	1.0
23	7,6	11,1	0,2	6,0	111	99	0.451260655671	1.0
24	9,11	3,0	1,1	0,0	245	99	1	1.0
25	2618,3659	398,556	3984,1808	899,431	105	99	1	1.0
26	10,6	25,26	2,2	11,4	108	99	1	1.0
27	12,24	49,70	8,8	67,30	111	99	1	1.0
28	20,12	135,143	41,25	97,46	120	99	0.00960359421249	0.714507409409256
29	48,67	23,25	47,54	51,23	297	99	0.760006779129	1.0
30	51,71	101,167	50,56	76,52	309	99	1	1.0
31	26,29	101,167	54,25	76,52	111	99	0.0284469428185	1.0
32	1,0	0,2	2,0	1,1	102	99	1	1.0
33	8,9	127,186	0,6	151,65	282	99	1	1.0
34	38,34	45,60	29,11	31,15	106	99	1	1.0
35	210,302	0,0	243,126	1,0	265	99	1	1.0
37	120,214	7,8	105,71	14,4	102	99	1	1.0
38	4,13	70,79	36,6	155,47	136	99	1	1.0
39	138,200	2,5	139,71	1,2	102	99	1	1.0
40	26,35	26,25	33,2	24,9	119	99	0.817320653223	1.0
44	62,92	267,366	88,37	326,159	186	99	1	1.0
45	126,229	21,14	124,43	15,3	130	99	1	1.0
46	0,4	13,11	8,0	18,9	109	99	1	1.0
47	8,10	24,38	9,4	30,10	114	99	1	1.0
48	8,1	32,45	2,0	34,18	116	99	1	1.0
49	11,16	18,23	15,5	22,13	117	99	1	1.0
50	179,259	7,7	125,94	16,7	408	99	0.151282736258	1.0
51	136,151	7,7	62,47	16,7	449	99	0.00911997827803	0.7019238453987228
52	19,12	60,120	3,3	65,50	140	99	1	1.0
55	31,51	36,48	54,15	27,19	102	99	1	1.0
56	69,93	1,3	48,43	0,0	697	99	0.750109556138	1.0
57	9,21	1,0	12,7	4,0	193	99	0.641623973112	1.0
58	26,14	2,0	22,13	6,0	177	99	0.594059322881	1.0
59	6,2	22,25	20,3	18,6	102	99	0.019441316622	1.0
60	0,0	62,51	1,0	40,22	147	99	1	1.0
62	34,54	24,32	39,16	23,16	102	99	1	1.0
63	1169,1519	0,0	1778,636	3,2	104	99	1	1.0
64	1,22	3,9	9,6	5,1	247	99	0.70060801687	1.0
65	25,58	29,43	25,12	45,14	247	99	0.835790161946	1.0
66	0,0	3,0	0,1	1,0	105	99	1	1.0
69	89,190	5,6	103,80	1,2	114	99	1	1.0
71	192,288	42,53	245,119	19,14	102	99	1	1.0
72	29,68	0,5	27,13	7,1	160	99	0.504830849004	1.0
75	3,8	5,7	2,3	3,1	108	99	0.909201823572	1.0
76	0,2	0,4	1,1	2,1	108	99	1	1.0
77	17,31	6,3	17,5	1,0	102	99	0.603496888983	1.0
78	10,19	1,1	15,4	2,0	161	99	1	1.0
80	24,46	8,19	47,26	21,12	184	99	1	1.0
81	115,181	0,0	136,73	1,1	306	99	1	1.0
82	79,80	22,27	115,50	32,18	120	99	1	1.0
84	184,278	9,4	307,131	25,8	248	99	1	1.0
85	7,14	59,73	20,5	60,15	102	99	0.871349754315	1.0
86	9,2	149,177	7,5	124,49	115	99	1	1.0
87	323,414	76,143	285,144	84,46	102	99	1	1.0
88	316,421	97,139	301,136	120,40	102	99	1	1.0
90	159,248	28,55	147,93	36,26	114	99	1	1.0
91	29,49	1,1	29,17	0,0	114	99	1	1.0
92	2,2	64,146	4,8	86,62	267	99	1	1.0
93	5,3	2,2	5,3	5,0	132	99	0.884669259891	1.0
94	18,23	251,416	27,15	260,160	108	99	1	1.0
95	6,12	50,82	9,11	107,37	117	99	1	1.0
96	1492,1769	0,0	1885,642	1,0	103	99	1	1.0
97	184,252	578,1009	156,74	666,310	182	99	1	1.0
99	145,196	25,31	91,58	22,10	180	99	1	1.0
100	9,10	59,116	4,0	83,30	113	99	1	1.0
101	9,18	1,0	6,10	0,0	114	99	1	1.0
102	91,94	95,157	121,70	86,45	106	99	0.188633576383	1.0
103	272,354	5,4	271,111	1,2	238	99	1	1.0
104	4,2	228,389	3,1	283,135	132	99	1	1.0
105	551,746	16,22	682,272	20,10	111	99	1	1.0
107	193,190	1,7	167,67	2,1	122	99	1	1.0
108	50,124	3099,4536	89,34	4747,2133	108	99	1	1.0
109	97,108	1,0	79,44	0,0	234	99	1	1.0
110	17,12	1,5	9,5	2,0	114	99	0.690111376778	1.0
111	0,1	12,15	1,0	11,6	115	99	1	1.0
112	693,879	0,4	556,374	2,1	660	99	1	1.0
113	4,3	6,22	3,0	3,5	102	99	1	1.0
114	20,21	0,1	24,6	0,2	134	99	1	1.0
116	26,20	10,12	19,7	11,1	108	99	1	1.0
117	61,64	2,1	59,33	0,0	134	99	1	1.0
118	103,129	1,4	114,35	0,0	278	99	1	1.0
121	108,178	3,1	141,88	0,1	172	99	1	1.0
122	6,3	31,42	9,0	42,25	120	99	1	1.0
123	1,5	343,404	5,3	520,205	135	99	1	1.0
124	58412,75447	711,616	77733,35634	904,308	120	99	1	1.0
125	73,66	3,3	70,23	4,0	156	99	1	1.0
127	48,73	32,31	17,11	27,10	708	99	0.625080489387	1.0
128	96,117	32,31	65,38	27,10	751	99	1	1.0
130	84,116	22,33	105,67	39,22	303	99	1	1.0
131	101,123	25,61	89,72	53,34	361	99	1	1.0
132	25,29	4,1	25,14	0,1	116	99	1	1.0
133	39,41	621,792	49,13	755,316	280	99	1	1.0
135	262,390	9,24	261,124	26,14	434	99	0.48060970102	1.0
136	50,60	632,644	73,16	717,281	118	99	1	1.0
137	49,105	36,69	84,22	41,21	104	99	1	1.0
138	12,13	212,230	12,3	236,149	268	99	1	1.0
140	5,2	3,3	1,0	0,2	102	99	0.0453628616435	1.0
141	1074,1566	0,1	1230,631	4,0	127	99	1	1.0
143	1,0	15,40	0,1	23,9	111	99	1	1.0
144	42,81	166,249	36,33	177,112	271	99	1	1.0
146	50,70	3,7	51,17	1,5	102	99	1	1.0
147	4,7	170,230	7,1	157,50	147	99	1	1.0
148	302,508	89,137	353,196	101,65	159	99	1	1.0
149	4510,6692	3,7	7881,2534	4,1	168	99	1	1.0
150	175,235	20,17	123,48	20,5	121	99	1	1.0
151	18,23	2,2	8,3	3,2	108	99	0.375464817423	1.0
152	8,11	10,16	18,3	23,2	107	99	1	1.0
154	47,85	1,0	64,45	0,0	387	99	1	1.0
156	11,9	0,5	7,5	6,0	111	99	1	1.0
157	432,515	65,73	507,258	76,41	532	99	1	1.0
158	10,21	93,117	18,3	123,61	129	99	1	1.0
159	30,36	0,0	37,6	2,0	108	99	1	1.0
160	5,16	60,81	6,7	64,22	365	99	1	1.0
161	0,6	77,100	0,0	42,34	159	99	1	1.0
162	74,92	0,1	59,18	0,0	108	99	1	1.0
163	43,66	23,32	15,19	12,10	114	99	1	1.0
164	56,75	0,0	39,35	0,1	112	99	1	1.0
165	9,21	118,185	11,8	130,59	111	99	1	1.0
166	71,125	9,10	63,29	4,3	160	99	1	1.0
167	248,334	13,22	338,177	20,8	138	99	1	1.0
168	19,44	65,82	25,5	55,40	116	99	1	1.0
170	47,61	190,306	33,19	214,134	102	99	1	1.0
171	4,13	78,113	2,2	85,43	248	99	1	1.0
172	50,80	0,0	31,38	2,4	106	99	1	1.0
173	532,843	39,52	457,284	57,33	233	99	1	1.0
174	112,145	15,8	118,34	13,4	102	99	1	1.0
175	8,14	105,222	23,3	175,87	140	99	1	1.0
177	99,138	3,4	114,66	8,7	102	99	1	1.0
178	71,139	0,1	59,45	2,0	111	99	1	1.0
179	146,325	3,5	158,115	2,4	293	99	1	1.0
180	12,13	5,1	11,1	5,2	121	99	0.41480509603	1.0
181	836,1158	15,15	1070,402	10,6	102	99	1	1.0
184	262,396	54,82	265,139	59,25	114	99	1	1.0
185	225,291	0,1	262,113	0,0	106	99	1	1.0
186	14,19	34,88	5,8	31,16	159	99	1	1.0
187	337,506	0,0	468,228	2,0	102	99	1	1.0
189	34,58	0,0	82,17	1,0	102	99	1	1.0
190	9,4	1,6	6,4	2,0	105	99	0.193016674081	1.0
191	1,3	8,2	5,5	7,2	128	99	0.351983387073	1.0
192	237,241	4,1	220,109	4,2	105	99	1	1.0
193	9,3	91,131	4,6	108,52	126	99	1	1.0
194	27,82	86,86	22,25	82,44	109	99	1	1.0
195	7,23	113,181	16,7	135,77	132	99	1	1.0
196	479,561	38,28	525,235	39,20	111	99	1	1.0
198	61,92	26,40	66,27	26,16	113	99	1	1.0
199	5,17	89,117	8,3	131,44	118	99	1	1.0
200	82,138	353,441	82,53	364,166	290	99	1	1.0
202	81,118	25,57	109,62	25,9	152	99	0.329796820861	1.0
204	37,47	1,0	20,15	2,0	106	99	1	1.0
205	62,65	1,0	40,27	2,0	112	99	1	1.0
206	26,23	1,5	22,13	2,1	105	99	1	1.0
207	5,2	331,441	5,2	455,184	253	99	1	1.0
208	10,10	7,12	12,0	21,1	113	99	0.451972648132	1.0
209	5,13	46,62	2,0	34,14	102	99	0.762490811866	1.0
211	15,26	454,625	10,1	472,189	102	99	1	1.0
212	11,14	8,7	5,7	16,8	120	99	0.10182417291	1.0
213	51,69	57,90	54,15	103,36	102	99	0.66754516188	1.0
214	237,303	11,10	249,83	15,1	110	99	1	1.0
215	100,139	674,1057	229,104	665,347	102	99	0.298427939362	1.0
216	11,21	949,1320	25,12	1034,528	123	99	1	1.0
217	56,66	5,4	59,36	2,3	111	99	1	1.0
218	5,0	58,61	1,0	26,9	107	99	1	1.0
219	2,0	0,0	1,0	1,1	107	99	1	1.0
220	16,19	16,12	23,11	17,3	102	99	0.968343925421	1.0
221	12,18	342,472	21,6	392,183	249	99	1	1.0
222	22,23	69,87	50,17	133,46	102	99	1	1.0
223	152,191	120,171	203,66	219,84	102	99	1	1.0
224	36,93	3,0	37,17	0,0	102	99	1	1.0
225	15,17	324,430	8,9	339,153	102	99	1	1.0
226	6,11	385,512	8,8	384,170	130	99	1	1.0
227	3,5	23,30	5,1	26,9	102	99	1	1.0
228	25,38	107,151	21,10	100,54	153	99	1	1.0
229	54,95	107,151	36,26	100,54	174	99	1	1.0
230	31,60	2,3	15,16	0,0	120	99	1	1.0
231	59,80	15,31	48,21	15,7	102	99	1	1.0
232	15,10	3,1	13,13	0,0	264	99	0.307279032483	1.0
233	58,65	90,140	28,13	78,62	108	99	0.579705477058	1.0
237	90,121	40,44	84,44	26,28	102	99	1	1.0
238	100,81	0,4	84,41	0,0	286	99	1	1.0
239	11,21	5,3	4,4	3,3	127	99	0.302299478842	1.0
240	19,41	5,3	17,7	3,3	160	99	0.959742238452	1.0
241	15,25	7,5	14,5	1,2	132	99	0.487718446296	1.0
242	3,2	38,64	6,2	19,10	102	99	0.463125597929	1.0
243	73,87	4,0	64,33	0,0	144	99	1	1.0
244	543,781	0,0	752,289	1,0	106	99	1	1.0
245	9699,13602	163,277	11803,5514	320,124	105	99	1	1.0
246	772,1031	163,277	939,436	320,124	204	99	1	1.0
247	129,151	9056,12722	147,57	11011,5135	198	99	1	1.0
248	1,15	88,74	1,1	57,33	153	99	1	1.0
249	8,2	16,21	2,6	12,3	112	99	0.792889544208	1.0
250	83,110	6,6	54,32	5,1	132	99	1	1.0
251	2,1	2,2	5,7	0,0	144	99	0.00418682951032	0.47732375986207193
253	79,106	45,77	75,26	56,24	102	99	1	1.0
254	11,16	0,4	11,9	0,1	117	99	1	1.0
255	27,90	0,4	55,27	0,1	139	99	1	1.0
256	23,78	7,4	50,18	6,0	121	99	1	1.0
258	770,1249	17,19	795,496	9,4	409	99	1	1.0
259	20,25	76,151	13,16	85,42	139	99	1	1.0
260	14,30	408,493	30,28	1175,525	291	99	1	1.0
261	197,231	0,1	240,99	0,0	367	99	1	1.0
262	63,75	103,103	70,27	118,43	216	99	1	1.0
263	0,0	2,3	1,1	1,0	110	99	0.00368709113596	0.45719930085904004
264	126,194	10,17	212,91	18,8	102	99	1	1.0
265	20,48	7,12	37,13	8,7	115	99	1	1.0
266	147,237	114,169	204,77	112,46	102	99	1	1.0
267	311,380	18,14	323,148	21,8	111	99	1	1.0
268	197,288	14,18	163,92	14,5	136	99	1	1.0
269	89,113	14,18	70,47	14,5	148	99	1	1.0
270	22,36	130,211	11,9	104,54	111	99	1	1.0
271	5,2	68,76	1,0	52,32	105	99	1	1.0
272	116,191	3,5	98,59	3,2	287	99	1	1.0
273	6,9	4,1	1,0	0,0	111	99	1	1.0
274	0,0	12,15	3,0	13,10	171	99	1	1.0
275	24,41	4,3	14,12	0,0	459	99	0.0248179679911	1.0
276	0,1	5,5	0,3	2,0	102	99	0.474225608726	1.0
278	411,526	0,1	539,209	0,0	240	99	1	1.0
279	5,12	29,44	11,5	51,6	111	99	1	1.0
280	99,120	29,44	154,54	51,6	130	99	1	1.0
281	95,108	1,0	143,49	0,0	118	99	1	1.0
282	9,7	11,9	10,3	6,8	108	99	1	1.0
283	239,270	18,18	690,252	41,22	102	99	1	1.0
284	199,303	168,200	555,222	384,158	102	99	1	1.0
285	73,116	27,18	74,28	25,6	115	99	1	1.0
286	7,19	94,112	5,2	96,32	110	99	1	1.0
287	22,39	8,3	20,6	4,3	110	99	1	1.0
288	1439,1852	1,0	1541,607	0,1	257	99	1	1.0
290	15,22	1,0	21,7	1,2	159	99	1	1.0
291	26,39	86,185	8,13	165,71	113	99	0.913991149055	1.0
292	71,98	0,0	55,44	2,0	235	99	1	1.0
293	8,23	37,83	24,10	45,23	102	99	0.649203970066	1.0
294	0,1	49,62	1,1	42,22	104	99	1	1.0
295	81,95	20,22	92,61	15,7	118	99	1	1.0
296	35,46	7,9	49,21	12,10	112	99	1	1.0
297	956,1283	212,197	1132,534	174,67	1641	99	1	1.0
298	928,1246	212,197	1095,523	174,67	1628	99	1	1.0
299	3,6	120,132	2,6	171,124	241	99	1	1.0
300	146,176	8,6	112,41	4,0	108	99	1	1.0
301	23,15	2,4	27,4	1,0	102	99	1	1.0
302	3,0	1,2	2,2	0,0	113	99	0.0472977077017	1.0
303	32,51	0,1	29,9	0,0	118	99	1	1.0
304	613,833	518,672	845,396	757,332	162	99	1	1.0
305	0,4	10,6	5,1	9,5	112	99	0.924638628634	1.0
306	0,4	1,0	6,1	5,0	117	99	0.0546210601821	1.0
307	10,6	1,0	10,5	5,0	104	99	1	1.0
308	139,124	5,2	89,51	6,2	105	99	1	1.0
309	48,46	71,125	55,42	51,33	102	99	0.0735453555727	1.0
310	19,35	14,19	13,15	11,6	162	99	1	1.0
311	1241,1850	0,0	1760,880	0,5	292	99	1	1.0
313	53,45	49,79	32,14	55,22	228	99	1	1.0
315	52,84	500,608	63,30	632,267	453	99	1	1.0
316	1,5	137,133	8,0	80,50	123	99	1	1.0
317	2,1	104,104	2,4	98,38	118	99	1	1.0
318	20,40	3,4	16,2	5,6	105	99	0.0950317805325	1.0
320	14,10	36,77	14,2	39,25	276	99	1	1.0
322	925,1332	33,33	1184,626	19,11	120	99	1	1.0
323	24,24	364,551	21,12	506,244	144	99	1	1.0
326	85,91	0,0	51,42	1,0	108	99	1	1.0
327	136,187	0,0	115,44	4,0	106	99	1	1.0
328	30,52	11,7	39,21	26,4	102	99	0.806918541553	1.0
329	108,153	0,2	82,51	0,0	172	99	1	1.0
330	117,172	0,2	90,58	0,0	176	99	1	1.0
331	10,24	1,5	8,7	0,0	103	99	0.843857656288	1.0
332	178,317	17,29	168,99	5,0	176	99	0.458195878755	1.0
333	576,815	186,235	1159,482	162,51	119	99	0.0869084308795	1.0
334	35,39	0,2	30,18	0,0	129	99	1	1.0
335	25,53	674,1035	55,32	763,372	108	99	1	1.0
336	39,27	41,73	28,18	40,27	109	99	1	1.0
337	59,94	27,33	49,22	11,21	172	99	1	1.0
338	9,14	23,50	6,3	21,7	124	99	1	1.0
339	68,104	1,3	51,36	1,0	120	99	1	1.0
340	72,105	3,13	57,41	4,2	337	99	1	1.0
341	9,8	3,13	7,5	4,2	316	99	0.957715907588	1.0
342	1,1	21,15	1,0	11,2	118	99	1	1.0
343	2427,2334	1,0	1357,567	0,0	222	99	1	1.0
344	12,14	8,8	12,9	14,5	104	99	1	1.0
345	259,302	5,5	331,125	26,3	141	99	1	1.0
346	540,677	11,20	501,311	8,14	102	99	1	1.0
347	1499,1986	233,200	1787,978	225,96	272	99	1	1.0
348	121,145	0,0	129,50	1,0	102	99	1	1.0
349	22,25	3,3	31,15	7,3	230	99	0.937834121418	1.0
350	25,31	2192,3547	38,19	2413,1289	255	99	1	1.0
351	6,9	2192,3547	14,7	2413,1289	124	99	1	1.0
352	8,6	8,6	11,4	6,3	124	99	0.812771674898	1.0
353	59,62	39,46	55,28	35,17	104	99	1	1.0
354	24,51	0,0	38,14	3,0	136	99	1	1.0
355	196,336	0,1	224,128	0,0	212	99	1	1.0
356	287,495	1,6	344,176	1,0	212	99	1	1.0
357	689,1082	117,140	568,324	99,44	397	99	1	1.0
358	14,22	262,382	11,3	265,105	144	99	1	1.0
359	5,3	20,22	9,4	6,5	102	99	0.0148126016187	1.0
361	11,25	43,37	3,3	21,5	109	99	0.697429752837	1.0
362	204,289	3,8	178,104	2,4	110	99	1	1.0
363	132,171	66,93	165,93	70,30	175	99	1	1.0
364	251,187	36,73	237,74	40,15	495	99	1	1.0
365	10,5	1546,2225	11,7	2121,1017	364	99	1	1.0
366	80,70	4,9	64,40	4,1	174	99	1	1.0
367	26,24	356,500	24,6	464,176	110	99	1	1.0
368	427,633	4,1	408,198	0,1	114	99	1	1.0
369	19,35	24,38	16,8	12,5	116	99	0.749265738997	1.0
370	45,61	8,9	34,20	4,1	159	99	1	1.0
371	50,64	8,9	30,17	4,1	142	99	1	1.0
373	3,1	197,272	1,0	312,121	113	99	1	1.0
375	39,101	1,0	62,32	0,0	350	99	1	1.0
376	68,110	68,98	48,20	80,30	135	99	0.550609129527	1.0
377	161,188	0,1	133,49	1,0	145	99	1	1.0
379	28,29	417,524	20,11	504,185	378	99	1	1.0
380	0,0	20,26	3,0	20,5	112	99	1	1.0
381	2,7	8,8	2,3	13,6	102	99	0.665991794228	1.0
383	142,189	449,599	162,124	430,193	220	99	1	1.0
384	377,503	106,131	501,248	139,53	135	99	1	1.0
385	136,171	1,1	154,71	0,1	108	99	1	1.0
386	280,305	0,1	315,157	0,0	144	99	1	1.0
388	13,14	102,154	8,6	86,48	137	99	1	1.0
389	55,114	3,4	88,30	4,0	105	99	1	1.0
391	58,105	19,11	75,38	2,4	192	99	0.175802717443	1.0
392	483,478	114,105	723,177	182,69	102	99	1	1.0
393	161,141	3,8	191,78	10,1	225	99	1	1.0
396	159,225	3,21	148,69	9,5	102	99	1	1.0
397	50,45	456,532	45,22	553,179	112	99	1	1.0
399	22,44	1,1	17,7	1,0	273	99	1	1.0
400	29,40	229,347	18,9	200,111	577	99	1	1.0
401	10,1	396,444	5,0	624,161	102	99	1	1.0
402	6,8	268,336	18,10	368,157	239	99	1	1.0
403	53,61	123,171	16,4	168,75	102	99	0.000670113999245	0.13597222239225817
404	6,25	557,800	15,9	563,250	201	99	1	1.0
405	1,2	9,7	0,0	6,2	108	99	1	1.0
406	9,4	137,166	7,0	121,58	120	99	1	1.0
407	219,378	174,229	269,117	162,80	135	99	1	1.0
409	2,4	1,4	3,0	0,0	108	99	1	1.0
410	162,235	9,9	239,77	14,9	110	99	1	1.0
411	61,86	88,100	35,15	34,10	102	99	0.912570751456	1.0
413	69,113	2,0	60,31	3,0	108	99	1	1.0
414	101,146	8,6	65,32	2,0	108	99	1	1.0
415	96,110	1,5	129,31	1,1	104	99	1	1.0
416	63,75	0,1	39,32	0,1	123	99	1	1.0
418	6,8	153,230	16,4	357,150	119	99	1	1.0
420	50,87	82,105	87,47	200,94	108	99	0.935045754218	1.0
421	16,9	14,22	14,7	17,6	122	99	1	1.0
422	0,3	0,3	8,0	5,0	233	99	1	1.0
423	5,4	2,3	6,3	0,0	129	99	0.0430451165552	1.0
424	502,567	1,1	506,238	1,4	173	99	1	1.0
425	118,106	314,439	98,47	263,129	102	99	1	1.0
426	22,21	356,504	19,8	438,192	111	99	1	1.0
427	17,24	2,1	12,8	0,0	103	99	1	1.0
428	152,177	144,179	163,69	75,31	103	99	0.0375554356426	1.0
429	22,28	11,1	13,9	2,3	103	99	1	1.0
430	31,71	5,19	25,19	0,0	449	99	3.22932791619e-11	3.60392995446804e-08
432	780,954	741,796	803,479	645,193	555	99	1	1.0
433	3,2	13,22	3,5	6,5	102	99	0.111793907969	1.0
434	823,1160	574,829	1643,703	936,454	142	99	1	1.0
435	31,50	14,19	18,8	12,15	108	99	0.198089919045	1.0
436	2,5	39,46	4,3	52,34	120	99	1	1.0
437	21,15	108,159	7,6	72,54	102	99	1	1.0
438	3,1	90,133	3,1	76,42	141	99	1	1.0
439	7,7	48,74	4,1	42,16	102	99	1	1.0
440	9,10	50,46	0,1	41,13	111	99	1	1.0
441	9,18	191,296	67,16	160,82	114	99	0.0199772674487	1.0
443	13,5	50,44	26,1	63,16	107	99	1	1.0
444	3129,3759	51,62	3680,1587	56,24	102	99	1	1.0
445	12,10	19,17	20,0	7,2	114	99	1	1.0
446	3,0	17,33	0,0	25,10	102	99	1	1.0
448	111,140	1,1	73,38	0,0	105	99	1	1.0
449	28,32	35,43	21,9	32,14	102	99	1	1.0
450	4,5	98,171	3,6	143,109	117	99	1	1.0
451	8,13	43,48	4,3	61,34	133	99	1	1.0
452	93,146	7,8	118,60	5,4	594	99	1	1.0
453	23,35	1,4	26,7	0,3	334	99	1	1.0
454	25,28	3,5	26,13	6,4	160	99	0.922372238568	1.0
455	33,44	10,5	59,37	8,8	116	99	1	1.0
457	8,5	47,58	2,0	29,11	111	99	1	1.0
458	45,62	123,204	43,16	110,65	102	99	1	1.0
459	40,35	11,13	29,11	10,4	102	99	1	1.0
460	1,1	21,45	2,2	24,14	247	99	1	1.0
461	0,4	1,6	0,3	7,3	108	99	1	1.0
462	1,4	11,5	0,0	1,6	102	99	0.498783252534	1.0
465	280,301	11,13	377,151	7,7	141	99	1	1.0
466	21,26	83,113	33,15	107,50	102	99	1	1.0
467	10,18	38,55	2,5	26,15	102	99	0.923984105656	1.0
469	0,0	8,19	1,0	9,4	117	99	1	1.0
471	287,295	544,945	319,226	496,279	381	99	1	1.0
472	653,741	0,10	587,254	0,0	117	99	1	1.0
473	70,113	3,2	59,35	4,2	105	99	1	1.0
475	43,50	5,4	65,37	2,0	154	99	1	1.0
476	53,66	242,339	82,46	331,213	157	99	1	1.0
477	56,73	89,123	89,47	96,66	160	99	1	1.0
478	15,20	242,339	19,9	331,213	102	99	1	1.0
479	18,27	89,123	26,10	96,66	105	99	1	1.0
480	245,346	89,123	338,214	96,66	102	99	1	1.0
481	3,0	4,4	2,1	10,1	115	99	1	1.0
482	5,3	16,20	5,2	10,8	137	99	1	1.0
483	14,6	0,0	7,7	0,1	150	99	1	1.0
484	17,12	0,1	16,13	0,0	178	99	1	1.0
485	6,7	16,20	13,2	10,8	121	99	0.846391731631	1.0
486	15,10	0,0	15,7	0,1	134	99	1	1.0
487	18,16	0,1	24,13	0,0	162	99	1	1.0
488	25,23	0,0	12,13	0,1	112	99	1	1.0
489	28,29	0,1	21,19	0,0	140	99	1	1.0
490	3,6	0,1	9,7	0,0	127	99	1	1.0
491	48,52	0,1	38,19	3,0	118	99	1	1.0
492	6259,7723	54,79	9254,2726	93,22	118	99	1	1.0
493	6525,8103	30,41	9560,2859	43,18	128	99	1	1.0
494	320,459	30,41	399,155	43,18	109	99	1	1.0
495	32,42	4402,6415	25,14	5341,2196	102	99	1	1.0
496	502,788	11,7	518,288	13,5	139	99	1	1.0
497	145,178	2,1	120,53	2,2	103	99	1	1.0
498	4,9	28,68	6,3	37,18	121	99	1	1.0
499	7,8	41,48	13,6	68,29	109	99	1	1.0
500	55,70	0,0	33,26	2,0	158	99	1	1.0
501	28,31	8,18	25,7	9,6	104	99	1	1.0
502	86,127	8,18	60,41	9,6	163	99	1	1.0
503	83,120	25,24	53,39	18,5	158	99	1	1.0
504	18,26	938,1305	27,6	1102,505	251	99	1	1.0
505	5,5	38,60	2,1	83,30	116	99	1	1.0
506	15,26	98,164	19,7	125,64	138	99	1	1.0
507	306,442	794,1187	371,187	652,337	108	99	1	1.0
509	29,80	100,138	34,40	115,62	140	99	1	1.0
510	139,194	0,1	90,85	0,0	129	99	1	1.0
511	447,544	35,62	546,194	32,18	114	99	1	1.0
512	5,7	2,3	3,1	2,3	275	99	0.17360740743	1.0
514	142,149	1,0	130,46	0,1	129	99	1	1.0
515	25,22	35,34	19,11	20,7	102	99	0.753025946404	1.0
517	33,33	9,27	27,12	11,7	102	99	1	1.0
518	18,14	630,894	12,1	659,277	236	99	1	1.0
519	79,108	0,2	113,76	5,5	453	99	0.191384692054	1.0
520	30,35	23,37	15,28	35,24	110	99	0.944695348729	1.0
521	464,496	428,485	713,356	478,214	102	99	1	1.0
522	117,175	851,1038	258,113	991,456	114	99	1	1.0
523	59,72	62,63	43,17	58,25	112	99	1	1.0
524	3,0	1,2	0,0	0,4	118	99	1	1.0
526	27,24	10,11	31,11	14,2	130	99	1	1.0
527	0,5	0,1	0,1	0,0	105	99	1	1.0
529	3,3	113,164	4,2	147,65	118	99	1	1.0
531	46,59	2,2	50,25	4,0	145	99	1	1.0
532	101,171	18,23	152,60	12,14	113	99	1	1.0
533	124,194	21,36	206,91	21,15	109	99	1	1.0
536	84,141	13,9	67,62	5,0	126	99	1	1.0
538	0,2	47,82	0,0	50,22	168	99	1	1.0
540	89,144	49,55	98,54	47,19	121	99	1	1.0
542	4,5	86,135	2,2	95,44	102	99	1	1.0
543	18,19	2,8	9,8	0,1	102	99	0.201038638007	1.0
544	107,99	96,84	30,24	63,25	102	99	0.522443009265	1.0
545	21,37	15,26	34,16	16,10	361	99	1	1.0
546	29,38	97,88	42,24	103,40	617	99	1	1.0
547	408,535	2,6	321,127	4,4	114	99	1	1.0
548	430,583	10,19	266,120	5,5	105	99	1	1.0
550	286,282	3,9	252,127	4,0	213	99	1	1.0
551	423,518	0,0	441,202	1,0	703	99	1	1.0
553	72,83	892,1241	64,23	957,484	303	99	1	1.0
555	13,16	477,455	11,8	793,271	367	99	1	1.0
556	283,490	0,1	339,198	0,0	103	99	1	1.0
557	0,5	158,174	3,2	126,80	105	99	1	1.0
559	64,67	4,8	189,132	21,18	487	99	1	1.0
560	2,8	66,94	5,1	78,41	118	99	1	1.0
561	1183,1268	5,3	1356,549	2,1	105	99	1	1.0
562	105,138	8,19	155,74	20,12	108	99	1	1.0
563	148,181	3,0	320,107	12,3	182	99	1	1.0
564	368,505	172,236	647,265	210,100	1166	99	1	1.0
565	2,1	0,1	2,1	0,1	108	99	1	1.0
566	218,218	11,5	164,93	6,0	795	99	0.950591182402	1.0
567	75,91	7,4	75,34	10,1	205	99	1	1.0
569	217,272	72,149	178,111	111,64	225	99	1	1.0
570	146,231	14,32	139,63	10,16	105	99	1	1.0
572	46,54	12,13	18,10	12,1	105	99	1	1.0
573	72,97	12,13	46,21	12,1	108	99	1	1.0
574	65,77	39,34	41,19	13,8	102	99	1	1.0
575	0,0	7,3	1,0	1,1	121	99	1	1.0
577	3,8	2,1	1,0	0,1	111	99	0.0731499338243	1.0
579	164,188	2,2	178,86	6,0	514	99	1	1.0
582	2,0	6,5	0,3	5,2	141	99	1	1.0
583	13,26	1,4	10,11	3,5	232	99	0.219459590426	1.0
585	10,11	424,623	11,5	461,171	292	99	1	1.0
586	116,184	1,5	103,72	1,0	162	99	1	1.0
587	1,2	93,116	0,1	72,35	105	99	1	1.0
588	120,168	0,0	93,52	1,0	722	99	1	1.0
589	563,969	750,893	672,424	888,327	624	99	1	1.0
590	87,98	118,142	115,61	154,60	110	99	1	1.0
591	53,86	74,114	52,33	94,51	102	99	1	1.0
592	123,243	22,25	133,78	9,10	102	99	1	1.0
593	27,14	1,1	24,10	2,1	119	99	1	1.0
595	124,168	10,13	164,92	14,3	134	99	1	1.0
596	439,614	258,327	663,319	216,98	102	99	0.490537885171	1.0
597	19,17	10,2	21,10	1,2	174	99	0.214687129681	1.0
600	26,43	12,15	37,10	9,2	110	99	0.96067887322	1.0
602	43,22	9,4	41,13	7,1	112	99	1	1.0
603	49,34	1,4	49,20	4,8	271	99	0.300802334697	1.0
605	3,2	87,69	0,1	72,19	112	99	1	1.0
606	1,9	3,5	6,2	1,3	121	99	0.670254414636	1.0
607	15,27	98,201	3,1	91,37	113	99	1	1.0
608	34,42	6,4	38,21	14,5	102	99	0.64138504309	1.0
609	1,0	1,2	0,0	2,0	105	99	1	1.0
610	4,3	105,195	2,2	110,69	110	99	1	1.0
611	1,7	2,1	1,2	1,0	130	99	0.388035618857	1.0
613	69,75	6,9	55,23	8,6	379	99	0.764598216633	1.0
614	7,1	194,236	1,3	165,91	171	99	1	1.0
616	5,8	66,91	4,4	69,23	289	99	1	1.0
617	63,91	2,2	32,22	2,2	111	99	1	1.0
621	2,7	2,0	5,3	4,1	102	99	0.204228110196	1.0
622	2,1	24,13	3,0	28,15	111	99	1	1.0
623	3,1	32,45	8,5	37,37	115	99	1	1.0
624	7,5	2,0	0,1	0,0	150	99	1	1.0
625	2,2	115,134	3,2	73,35	123	99	1	1.0
626	8,10	25,27	1,0	15,17	145	99	0.0382500468307	1.0
628	15,24	43,52	17,6	60,46	324	99	1	1.0
630	136,205	55,102	137,110	52,45	102	99	1	1.0
631	2188,2533	47,37	2505,774	40,15	102	99	1	1.0
633	45,82	51,42	56,41	78,51	110	99	0.569536392567	1.0
634	21,31	4,7	24,15	4,1	105	99	1	1.0
635	69,73	107,115	49,23	126,69	102	99	0.600806735982	1.0
637	5,17	39,37	4,6	19,5	172	99	1	1.0
638	366,442	72,125	278,121	81,39	129	99	1	1.0
639	457,595	2,0	400,155	2,0	105	99	1	1.0
640	5,2	13,6	3,2	0,0	138	99	2.22044604925e-15	4.956035581926e-12
641	310,341	25,20	317,146	7,7	102	99	1	1.0
642	44,54	68,78	47,25	90,29	102	99	1	1.0
643	8,9	93,124	4,3	114,40	110	99	1	1.0
645	3,1	149,134	3,3	152,74	132	99	1	1.0
646	197,304	33,49	159,67	23,17	314	99	1	1.0
647	9,6	41,60	19,7	71,36	200	99	1	1.0
648	7,7	13,14	6,8	11,7	104	99	1	1.0
649	88,136	9,9	100,51	6,2	102	99	1	1.0
650	461,686	44,56	431,193	54,28	110	99	1	1.0
651	64,69	1,1	55,33	3,1	125	99	1	1.0
652	3726,4316	8,9	4835,1914	3,2	109	99	1	1.0
654	15,37	27,14	12,6	6,0	105	99	0.239011986216	1.0
655	118,210	15,24	133,70	4,6	111	99	1	1.0
656	39,38	97,153	22,9	65,40	102	99	1	1.0
657	19,25	0,3	20,6	0,0	137	99	1	1.0
658	12,19	0,1	11,3	0,0	137	99	1	1.0
659	62,68	36,47	54,22	37,17	123	99	1	1.0
660	22,15	137,185	16,8	129,60	112	99	1	1.0
661	59,62	50,79	30,22	77,28	115	99	0.529534867539	1.0
662	57,79	9,7	63,31	2,0	111	99	1	1.0
663	3066,3701	3,6	4017,1773	11,0	102	99	1	1.0
664	16,24	121,138	29,15	162,76	114	99	1	1.0
666	5767,8410	0,1	8165,3666	0,0	234	99	1	1.0
667	60,113	1464,2370	96,50	1832,877	119	99	1	1.0
669	26,26	6,1	16,14	0,1	102	99	1	1.0
670	5,7	0,0	2,3	1,0	102	99	1	1.0
671	14,27	145,276	10,5	99,72	105	99	1	1.0
672	166,332	11,20	119,65	6,4	105	99	1	1.0
673	632,1076	0,2	660,330	0,0	132	99	1	1.0
674	38,49	7,25	19,6	9,7	110	99	0.65269895669	1.0
675	14,13	5,7	21,1	8,2	105	99	1	1.0
676	11,8	5,7	5,3	8,2	108	99	0.615108459159	1.0
677	9,5	12,10	4,3	20,1	102	99	1	1.0
678	41,63	0,0	55,19	1,0	114	99	1	1.0
680	12,4	137,206	5,5	106,73	147	99	1	1.0
681	13,57	27,25	24,4	6,3	164	99	0.344589057745	1.0
682	66,92	15,17	91,43	32,11	107	99	1	1.0
683	14,8	2,2	11,2	4,6	109	99	0.121071480924	1.0
684	36,54	5,13	52,30	9,2	109	99	1	1.0
685	5,29	48,61	25,4	62,29	102	99	1	1.0
686	113,166	0,0	95,60	5,0	269	99	1	1.0
687	214,311	0,0	213,122	0,1	259	99	1	1.0
688	398,671	27,22	493,263	17,10	182	99	1	1.0
689	290,461	14,24	351,138	14,18	144	99	1	1.0
690	44,39	0,0	32,12	1,1	110	99	1	1.0
691	18,24	122,198	23,2	162,62	132	99	1	1.0
692	406,648	5,8	509,195	4,2	134	99	1	1.0
694	10,7	74,75	17,12	41,29	102	99	0.0866971135809	1.0
695	3,1	32,36	0,0	48,12	159	99	1	1.0
696	26,26	22,31	23,17	33,29	105	99	0.927233614945	1.0
697	5,10	19,30	8,4	22,10	131	99	1	1.0
698	100,80	0,2	107,28	3,0	105	99	1	1.0
700	47,56	1,5	52,38	5,0	107	99	1	1.0
701	278,416	1,5	330,225	5,0	129	99	1	1.0
702	254,398	23,38	301,216	23,29	121	99	1	1.0
703	35,62	940,1341	52,23	1022,600	260	99	1	1.0
704	189,270	578,903	156,95	579,355	880	99	1	1.0
705	44,54	1,1	18,14	3,0	118	99	1	1.0
707	765,896	238,253	826,359	310,158	836	99	1	1.0
708	110,131	238,253	101,86	310,158	113	99	1	1.0
709	281,367	238,253	263,171	310,158	362	99	1	1.0
710	254,342	83,106	235,149	73,64	348	99	1	1.0
711	738,871	83,106	798,337	73,64	822	99	1	1.0
712	531,625	47,96	623,234	60,46	573	99	1	1.0
713	116,125	194,251	152,67	225,91	102	99	1	1.0
714	64,61	235,284	70,40	317,131	130	99	1	1.0
715	18,22	121,119	23,8	143,46	105	99	1	1.0
716	941,1417	0,0	1207,431	1,0	103	99	1	1.0
717	20,32	77,106	38,18	116,46	185	99	1	1.0
718	22,31	593,852	50,31	506,296	290	99	1	1.0
719	413,571	0,0	279,144	1,0	465	99	1	1.0
720	9,13	284,369	2,8	251,140	303	99	1	1.0
721	138,195	83,113	175,65	76,33	102	99	1	1.0
722	3,6	31,47	6,0	23,9	119	99	1	1.0
723	41,46	430,500	22,6	399,152	290	99	1	1.0
724	18,22	3,2	9,7	0,4	102	99	1	1.0
725	3,1	2,9	3,2	8,10	119	99	1	1.0
726	474,426	24,24	2013,1103	96,57	136	99	1	1.0
727	6,6	135,149	1,1	117,63	102	99	1	1.0
728	14,23	9,16	26,15	9,1	378	99	0.183902034777	1.0
729	18,32	19,30	40,17	25,29	393	99	1	1.0
730	13,25	19,30	23,3	25,29	114	99	0.552371614248	1.0
731	10,13	21,22	6,13	37,9	194	99	1	1.0
732	0,1	5,17	1,0	10,1	105	99	1	1.0
733	68,106	14,6	107,52	3,2	138	99	1	1.0
734	2,3	83,83	1,0	137,37	102	99	1	1.0
735	8,5	5,6	11,4	10,12	102	99	0.694193154677	1.0
736	482,643	189,259	923,458	171,99	317	99	0.0253028283022	1.0
737	78,145	0,2	41,28	0,0	208	99	1	1.0
739	8,7	117,152	14,5	144,50	305	99	1	1.0
740	208,303	52,100	147,98	62,35	527	99	1	1.0
741	20,14	1844,1925	24,7	2832,751	153	99	1	1.0
742	125,131	42,50	110,39	23,21	110	99	1	1.0
743	53,92	135,204	57,33	167,81	301	99	1	1.0
744	1,3	75,66	2,0	67,37	102	99	1	1.0
745	73,122	2,14	92,44	17,3	106	99	1	1.0
746	9,1	274,348	3,4	208,124	327	99	1	1.0
748	3,16	71,128	1,3	76,37	162	99	1	1.0
749	6,14	739,850	6,7	969,367	126	99	1	1.0
750	9,13	0,0	19,8	0,1	102	99	1	1.0
751	27,41	1,6	27,8	4,1	116	99	1	1.0
752	181,209	12,10	177,80	15,4	114	99	1	1.0
753	2998,4353	0,1	3356,1587	0,0	587	99	1	1.0
754	10,11	0,0	9,8	1,0	103	99	1	1.0
758	44,49	7,4	113,66	8,7	1086	99	1	1.0
759	18,30	2,0	24,30	4,1	299	99	0.500577777215	1.0
761	262,420	0,2	297,152	0,0	103	99	1	1.0
762	46,58	11,9	40,15	16,5	163	99	0.537874863286	1.0
763	38,46	34,50	53,15	28,18	113	99	1	1.0
764	15,16	17,28	11,5	12,6	115	99	1	1.0
765	0,1	2,4	0,0	4,0	104	99	1	1.0
767	0,0	3,13	0,1	9,2	174	99	1	1.0
768	198,236	4,5	178,63	3,0	143	99	1	1.0
769	14,12	163,232	11,2	290,67	102	99	1	1.0
770	12,14	42,39	19,10	22,10	117	99	0.101211680553	1.0
771	34,54	0,1	58,23	0,0	331	99	1	1.0
772	12,8	3,0	5,0	2,0	128	99	1	1.0
773	12,12	4,4	5,0	9,1	142	99	0.0175162927572	1.0
774	3,4	4,4	2,0	9,1	113	99	0.0383621056166	1.0
775	8,8	58,74	1,11	38,16	123	99	1	1.0
776	2,0	2,5	0,0	7,0	117	99	1	1.0
777	202,281	0,2	173,138	0,0	165	99	1	1.0
779	109,140	0,2	109,72	0,0	440	99	1	1.0
782	0,0	11,14	1,0	0,2	174	99	1	1.0
783	74,67	0,0	83,21	1,0	107	99	1	1.0
784	52,78	3,1	35,21	1,1	112	99	1	1.0
785	203,224	3,1	181,80	0,0	509	99	1	1.0
786	14,11	57,72	2,1	69,10	216	99	1	1.0
788	151,278	0,1	110,47	0,0	800	99	1	1.0
789	147,219	48,51	141,87	36,15	102	99	1	1.0
790	9,9	4,1	9,5	5,1	119	99	1	1.0
792	174,205	0,0	156,98	0,1	106	99	1	1.0
793	2,0	1,0	3,1	2,0	159	99	1	1.0
794	3,2	0,3	3,1	0,1	173	99	0.53139901834	1.0
795	2,2	0,3	2,0	0,1	113	99	0.0670122492115	1.0
796	1,5	3,1	4,1	0,1	173	99	0.0327632689124	1.0
797	2,3	0,0	1,0	2,3	102	99	3.85671161951e-06	0.0028693934449154396
798	6,8	9,22	3,1	1,1	102	99	0.0872174917258	1.0
799	3,10	444,596	12,1	449,228	177	99	1	1.0
800	2,14	21,40	6,3	36,17	122	99	1	1.0
802	51,52	93,144	42,21	132,67	102	99	1	1.0
803	607,755	0,1	630,310	0,0	123	99	1	1.0
804	14,7	20,26	5,4	14,20	109	99	1	1.0
806	12,12	11,27	13,10	8,1	490	99	0.23887759799	1.0
808	358,392	0,1	284,130	2,0	112	99	1	1.0
809	4,11	33,54	15,4	32,12	102	99	0.453028845599	1.0
810	11,14	45,51	15,4	44,11	102	99	1	1.0
811	42,58	14,16	29,11	11,7	117	99	1	1.0
812	247,303	3,7	410,308	3,2	611	99	1	1.0
813	542,744	13,11	1148,303	10,3	141	99	1	1.0
814	1106,1451	1,1	2258,617	1,2	162	99	1	1.0
815	577,718	1,1	1120,317	1,2	120	99	1	1.0
816	475,646	1,3	997,252	1,1	141	99	1	1.0
817	1039,1353	2,2	2107,566	2,0	162	99	1	1.0
818	565,710	2,2	1111,315	2,0	120	99	1	1.0
819	755,961	642,743	1510,418	1070,267	120	99	1	1.0
820	12,23	55,109	15,3	22,10	105	99	0.481767819082	1.0
821	73,115	1,4	182,93	12,3	103	99	1	1.0
822	7,18	19,44	12,13	25,6	103	99	0.406220853257	1.0
823	43,91	0,5	85,34	0,0	102	99	1	1.0
827	242,319	15,16	184,102	11,9	102	99	1	1.0
829	212,243	53,76	224,74	119,42	129	99	0.232979200484	1.0
830	143,216	0,0	159,67	1,0	106	99	1	1.0
831	36,67	109,137	48,20	114,52	102	99	1	1.0
832	93,98	24,50	94,58	38,14	124	99	1	1.0
833	221,351	0,0	375,142	2,0	412	99	1	1.0
834	75,98	8,18	79,54	13,10	124	99	1	1.0
835	110,171	0,2	192,64	3,1	216	99	1	1.0
836	621,812	179,243	779,304	283,134	105	99	1	1.0
837	72,92	2,0	67,42	0,0	290	99	1	1.0
838	39,56	13,17	38,23	16,6	104	99	1	1.0
839	815,1159	181,232	849,397	178,82	102	99	1	1.0
840	16,20	2,0	38,14	0,2	163	99	1	1.0
841	3,5	96,149	6,0	82,51	141	99	1	1.0
842	134,166	9,16	145,80	6,6	127	99	1	1.0
843	2,0	62,56	0,0	70,21	117	99	1	1.0
844	24,50	27,27	55,17	12,30	145	99	1	1.0
845	3,9	290,326	10,9	302,130	103	99	1	1.0
846	3,4	17,21	5,3	12,7	103	99	0.741543279646	1.0
847	219,235	9,3	244,101	4,1	105	99	1	1.0
848	3,2	1,0	4,3	0,0	168	99	1	1.0
849	3,2	1,0	4,4	0,0	171	99	1	1.0
850	1,0	1,0	0,1	0,0	102	99	1	1.0
851	7,1	3,9	2,0	5,1	168	99	0.354672110282	1.0
852	13,5	16,21	3,6	14,11	182	99	1	1.0
854	9,13	16,21	6,7	14,11	113	99	1	1.0
857	13,10	284,352	11,4	304,162	126	99	1	1.0
858	3,6	240,394	4,1	290,146	102	99	1	1.0
859	121,130	14,27	143,62	18,12	139	99	1	1.0
860	0,3	0,2	0,0	0,2	141	99	1	1.0
861	77,115	73,141	77,46	60,53	102	99	1	1.0
862	23,21	6,4	20,3	7,0	111	99	1	1.0
863	7,2	21,30	4,5	19,7	103	99	0.950066583396	1.0
864	0,4	82,108	1,0	88,48	129	99	1	1.0
865	4,6	4,7	3,3	2,3	132	99	1	1.0
866	86,110	4,7	90,51	2,3	102	99	1	1.0
867	9,12	225,288	17,9	294,148	145	99	1	1.0
868	13,22	0,3	5,0	1,0	112	99	1	1.0
870	5,13	403,505	3,2	374,179	234	99	1	1.0
873	40,53	19,62	30,10	40,12	105	99	0.76001104144	1.0
874	72,98	4,11	78,42	2,2	311	99	0.609676890783	1.0
875	18,24	14,24	46,25	7,4	102	99	0.000396110355517	0.098235368168216
876	7,2	11,16	10,6	17,5	102	99	0.442489997477	1.0
877	136,192	9,11	134,75	18,11	136	99	1	1.0
878	146,221	4,3	168,97	1,7	338	99	1	1.0
879	15,21	30,64	22,7	39,24	130	99	1	1.0
881	27,28	214,296	22,9	315,105	111	99	1	1.0
882	66,91	98,156	50,39	140,60	384	99	1	1.0
884	18,10	143,194	14,6	147,57	102	99	1	1.0
886	62,62	64,82	60,22	85,36	102	99	1	1.0
888	140,202	6,12	183,78	9,10	113	99	1	1.0
889	0,1	21,33	2,1	8,9	137	99	1	1.0
890	8,6	190,227	17,7	303,178	111	99	1	1.0
891	243,320	7,5	270,111	13,1	102	99	1	1.0
892	72,83	2,0	59,36	0,0	276	99	1	1.0
894	130,198	2,1	146,91	2,1	109	99	1	1.0
897	314,366	2,0	338,135	0,0	108	99	1	1.0
898	26,50	50,40	26,18	23,17	417	99	1	1.0
900	36,75	429,680	31,10	726,303	102	99	1	1.0
901	210,287	2,1	321,155	3,6	111	99	1	1.0
902	18,8	2,4	9,6	1,0	135	99	0.281689244613	1.0
903	57,59	90,83	39,13	72,26	105	99	1	1.0
904	217,327	0,0	236,111	0,1	119	99	1	1.0
905	44,57	42,37	61,26	38,25	102	99	1	1.0
906	133,123	28,40	106,57	26,10	105	99	1	1.0
907	152,182	52,78	151,90	37,26	139	99	1	1.0
909	208,266	67,59	672,265	67,28	119	99	0.190982790642	1.0
910	94,137	254,359	142,60	829,348	102	99	0.305987101823	1.0
911	148,192	6,10	218,99	29,5	103	99	1	1.0
912	66,81	9,4	57,20	9,7	142	99	0.729556341665	1.0
913	6,16	112,170	8,6	131,96	110	99	1	1.0
914	27,28	8,6	10,11	4,6	111	99	0.807616823828	1.0
915	56,107	612,824	50,44	479,207	128	99	1	1.0
916	173,251	13,10	188,72	31,4	138	99	1	1.0
921	13,27	376,664	40,23	555,270	102	99	1	1.0
922	12,10	4,2	6,8	2,5	105	99	0.864515167491	1.0
923	18,17	0,0	8,3	0,1	105	99	1	1.0
924	26,30	4,8	10,2	1,1	102	99	0.0304496677723	1.0
925	39,52	0,4	45,25	0,0	298	99	1	1.0
926	7,18	81,134	11,4	65,40	108	99	1	1.0
927	2,0	22,45	2,0	31,26	111	99	1	1.0
928	145,163	17,15	184,116	5,2	754	99	0.00427709462242	0.47732375986207193
929	89,97	9,8	83,34	7,2	112	99	1	1.0
930	133,163	63,78	118,59	69,29	102	99	1	1.0
931	325,403	24,26	518,254	34,13	113	99	1	1.0
932	9,12	25,27	5,3	27,12	253	99	1	1.0
933	44,65	688,1024	46,19	817,325	340	99	1	1.0
935	6,20	0,0	6,2	0,1	106	99	1	1.0
937	6,16	25,21	2,6	14,6	108	99	1	1.0
938	86,114	20,34	72,32	28,9	111	99	1	1.0
939	1,1	2,0	4,2	0,0	269	99	0.537968375448	1.0
941	12,16	0,2	1,5	4,0	102	99	0.57835295579	1.0
943	6,4	121,142	1,0	104,65	138	99	1	1.0
944	70,110	43,72	53,32	67,47	105	99	0.0930870055944	1.0
945	156,246	47,59	178,70	72,47	102	99	0.539973071888	1.0
946	90,66	2,0	65,20	0,0	114	99	1	1.0
947	2,4	49,62	0,2	59,13	207	99	1	1.0
948	88,88	0,1	64,31	0,0	103	99	1	1.0
951	0,1	23,23	0,1	7,10	120	99	1	1.0
952	0,5	77,98	0,3	70,31	145	99	1	1.0
953	106,111	2,0	72,67	0,0	150	99	1	1.0
955	569,680	1,0	434,104	1,0	105	99	1	1.0
957	5,7	52,44	3,0	24,17	102	99	1	1.0
958	1,0	47,40	0,0	12,6	102	99	1	1.0
959	187,273	28,36	182,65	13,8	116	99	1	1.0
960	50,65	107,138	52,37	111,70	123	99	1	1.0
961	717,797	0,5	1021,494	7,2	103	99	1	1.0
962	15,5	46,51	17,4	58,13	117	99	1	1.0
963	580,899	319,424	833,347	193,75	102	99	0.0235179423931	1.0
966	273,391	0,1	533,271	0,0	775	99	1	1.0
967	2,2	104,138	2,0	94,63	113	99	1	1.0
969	43,86	90,145	62,50	82,49	111	99	0.86927216189	1.0
970	7,17	0,4	19,6	7,0	105	99	1	1.0
972	1077,1297	0,1	875,380	1,0	111	99	1	1.0
973	7,5	36,53	1,4	54,56	224	99	1	1.0
975	209,272	4,3	170,57	1,0	117	99	1	1.0
976	294,374	114,144	289,145	214,108	102	99	0.13504692025	1.0
977	24,26	525,575	19,14	541,222	108	99	1	1.0
978	421,575	0,0	565,229	2,0	103	99	1	1.0
979	18,21	33,61	14,8	32,18	102	99	1	1.0
981	55,108	104,145	76,26	142,48	248	99	1	1.0
982	779,1034	16,8	971,432	14,3	255	99	1	1.0
984	1100,1625	1,1	1666,883	0,0	160	99	1	1.0
987	73,112	4,12	86,53	5,0	104	99	1	1.0
988	65,77	9,10	73,43	3,3	122	99	1	1.0
989	25,27	71,105	20,17	78,31	110	99	1	1.0
990	13,23	16,40	22,17	9,6	142	99	0.00598523180624	0.5965113581675374
991	25,40	3,2	35,21	1,3	156	99	1	1.0
992	28,57	3,2	22,10	1,3	113	99	1	1.0
993	53,79	135,225	46,32	179,92	602	99	1	1.0
994	54,81	45,58	44,32	48,32	602	99	1	1.0
998	41,45	2,1	53,13	2,0	116	99	1	1.0
999	43,68	2,0	52,31	2,4	133	99	1	1.0
1000	136,223	0,0	145,66	3,0	116	99	1	1.0
1002	2,1	0,1	3,0	0,0	102	99	1	1.0
1003	183,329	40,72	170,60	46,17	194	99	1	1.0
1004	23,26	0,0	5,5	1,0	166	99	1	1.0
1006	610,792	0,0	767,272	1,0	150	99	1	1.0
1008	1,0	39,54	1,0	31,9	112	99	1	1.0
1010	22,30	14,8	15,6	2,3	110	99	0.672762961122	1.0
1011	44,68	11,13	24,20	7,2	110	99	1	1.0
1012	86,124	6,11	88,55	7,2	107	99	1	1.0
1014	16,27	17,26	23,13	17,8	112	99	0.988437839131	1.0
1015	31,45	16,19	30,12	10,14	154	99	1	1.0
1016	328,348	40,65	212,207	42,30	2617	99	1	1.0
1017	1293,1446	105,168	1012,799	89,44	903	99	1	1.0
1018	22,53	623,696	24,20	475,269	422	99	1	1.0
1019	0,0	0,8	2,0	1,0	129	99	1	1.0
1020	30,33	15,22	39,14	30,22	172	99	0.610100728881	1.0
1023	17,19	54,85	27,12	95,40	108	99	1	1.0
1024	228,346	63,139	194,95	92,54	108	99	1	1.0
1025	90,114	1,0	82,29	0,0	158	99	1	1.0
1026	0,2	15,31	2,0	13,14	120	99	1	1.0
1027	13,15	3,0	8,8	0,0	136	99	1	1.0
1028	14,13	83,96	10,4	77,43	120	99	1	1.0
1029	236,307	1,0	287,149	4,1	283	99	1	1.0
1030	82,122	1,2	94,36	2,0	109	99	1	1.0
1031	3,5	16,20	1,0	64,16	115	99	0.733932757345	1.0
1032	1066,1294	28,13	1018,360	18,9	111	99	1	1.0
1033	29,42	1072,1236	30,11	998,365	301	99	1	1.0
1034	55,73	33,59	50,28	38,24	103	99	1	1.0
1035	0,0	20,8	2,0	22,6	125	99	1	1.0
1036	189,229	2204,2478	210,176	2626,838	476	99	1	1.0
1037	11,28	0,1	13,8	0,0	321	99	1	1.0
1038	7,7	9,21	5,2	10,8	108	99	1	1.0
1039	24,28	24,76	51,19	32,20	104	99	0.272800992429	1.0
1040	65,117	2,1	77,41	6,0	108	99	1	1.0
1041	10,21	105,143	22,8	125,70	110	99	1	1.0
1042	174,250	95,164	221,90	158,62	156	99	1	1.0
1044	13,25	132,159	17,10	225,87	109	99	1	1.0
1045	405,583	4,5	460,182	11,5	109	99	1	1.0
1046	5,10	332,465	13,3	484,183	119	99	1	1.0
1047	3,2	45,66	5,0	45,22	102	99	1	1.0
1048	75,108	0,2	93,39	0,0	101	99	1	1.0
1049	9,17	111,232	7,5	181,83	280	99	1	1.0
1050	86,135	43,63	78,36	25,8	138	99	0.700150205892	1.0
1051	3,4	108,112	0,3	103,42	159	99	1	1.0
1052	99,134	1,1	100,26	0,0	115	99	1	1.0
1053	14,4	67,116	8,5	91,39	272	99	1	1.0
1054	5,13	163,218	3,2	197,83	117	99	1	1.0
1056	220,359	5,4	346,197	1,2	104	99	1	1.0
1057	265,415	0,4	148,97	0,0	101	99	1	1.0
1058	1225,1397	9,7	1469,522	12,5	102	99	1	1.0
1059	10,8	38,98	8,3	68,27	102	99	1	1.0
1060	11,21	425,600	8,9	330,157	111	99	1	1.0
1062	6,4	286,511	3,2	340,161	102	99	1	1.0
1063	198,309	186,326	144,94	307,161	102	99	0.0793054563019	1.0
1064	349,588	30,50	442,234	37,11	102	99	1	1.0
1065	10,10	0,0	15,4	4,0	102	99	1	1.0
1066	10,13	73,55	19,4	34,18	111	99	0.694412438579	1.0
1067	0,3	73,55	8,0	34,18	108	99	1	1.0
1068	205,259	262,343	274,133	301,150	102	99	1	1.0
1069	3,5	46,52	1,1	50,20	110	99	1	1.0
1070	146,165	0,0	122,50	1,4	107	99	1	1.0
1071	15,18	2,1	17,5	1,2	103	99	1	1.0
1072	81,126	10,23	86,54	14,8	102	99	1	1.0
1074	18,14	543,862	22,6	485,274	114	99	1	1.0
1075	54,63	49,105	27,13	58,37	105	99	0.437204804747	1.0
1076	35,62	8,9	41,24	11,1	129	99	1	1.0
1078	0,2	51,78	2,0	61,18	102	99	1	1.0
1079	24,18	236,353	26,7	237,109	117	99	1	1.0
1080	28,44	41,53	36,13	57,30	102	99	1	1.0
1081	192,246	4,5	183,73	12,9	103	99	1	1.0
1082	54,81	0,0	68,30	1,0	233	99	1	1.0
1083	6,17	35,52	14,3	44,17	114	99	1	1.0
1084	537,757	40,68	599,288	23,11	102	99	1	1.0
1085	239,422	2,1	328,246	0,2	282	99	1	1.0
1086	37,56	1,2	57,14	1,0	162	99	1	1.0
1087	7,7	3,10	4,2	12,4	102	99	0.234278938667	1.0
1088	61,70	13,23	46,26	31,19	102	99	0.091076757128	1.0
1089	138,210	1,0	113,70	4,0	188	99	1	1.0
1090	2,3	16,29	1,1	26,12	124	99	1	1.0
1091	3,8	67,91	7,1	44,41	127	99	1	1.0
1092	17,34	67,91	32,12	44,41	102	99	1	1.0
1093	20,26	1,2	23,5	0,0	102	99	1	1.0
1094	8,15	0,1	12,3	0,0	108	99	1	1.0
1095	12,14	0,0	17,1	2,0	110	99	1	1.0
1097	5,12	144,221	17,2	144,89	126	99	1	1.0
1098	32,41	23,6	66,26	6,6	396	99	0.341195645525	1.0
1102	5,4	3,0	1,5	0,0	102	99	1	1.0
1103	5,26	72,141	11,6	50,38	446	99	1	1.0
1104	25,40	1,1	28,19	1,2	110	99	1	1.0
1106	36,28	6,10	19,8	6,4	102	99	1	1.0
1107	41,55	5,19	65,28	16,3	355	99	1	1.0
1108	133,155	17,13	124,59	6,4	669	99	0.555437492611	1.0
1110	106,132	1415,2024	100,35	2021,795	117	99	1	1.0
1111	23,15	86,121	14,12	93,47	143	99	1	1.0
1112	0,0	6,6	2,0	5,0	129	99	1	1.0
1114	23,32	25,23	19,6	8,4	132	99	0.607779273995	1.0
1115	47,101	19,17	38,38	13,1	104	99	1	1.0
1116	128,195	0,1	130,59	0,0	103	99	1	1.0
1117	327,361	16,19	305,157	14,8	204	99	1	1.0
1118	8,7	20,26	17,4	16,10	106	99	0.45671389021	1.0
1120	5,1	29,40	3,1	25,17	114	99	1	1.0
1123	79,117	2,6	84,46	3,0	118	99	1	1.0
1124	7,10	100,75	4,8	72,39	102	99	1	1.0
1125	60,79	78,127	66,32	105,38	386	99	1	1.0
1126	481,526	381,552	431,235	391,158	235	99	1	1.0
1127	4,19	163,250	35,25	191,73	283	99	1	1.0
1128	5,0	50,32	2,0	47,22	102	99	1	1.0
1129	532,527	72,95	604,255	94,26	102	99	1	1.0
1130	247,298	2,2	291,135	3,1	106	99	1	1.0
1131	201,218	6,10	259,99	1,0	141	99	1	1.0
1132	180,220	857,1047	371,131	909,337	102	99	0.639003107318	1.0
1133	38,31	18,16	25,13	25,15	102	99	0.244925643595	1.0
1134	382,582	76,98	458,193	99,45	102	99	1	1.0
1135	180,239	0,3	259,109	0,0	134	99	1	1.0
1137	94,116	6,16	135,79	7,0	502	99	0.13284000214	1.0
1138	159,176	2,2	203,86	0,1	823	99	1	1.0
1139	7,5	36,40	11,5	36,18	115	99	1	1.0
1140	6,2	98,184	16,8	111,56	115	99	1	1.0
1142	97,145	0,1	119,29	10,1	108	99	1	1.0
1143	133,159	51,94	82,46	71,30	166	99	0.726154319742	1.0
1144	3,5	41,56	6,3	34,12	124	99	1	1.0
1145	118,198	1,6	109,62	1,3	111	99	1	1.0
1146	12,21	112,167	8,5	88,54	102	99	1	1.0
1147	225,309	11,9	177,79	6,2	177	99	1	1.0
1148	107,170	33,46	93,36	20,12	125	99	1	1.0
1149	2295,3113	50,98	3274,1402	98,25	102	99	1	1.0
1150	2367,3225	2,3	3346,1429	4,0	105	99	1	1.0
1151	2483,3372	20,26	3502,1480	27,5	108	99	1	1.0
1152	2809,3840	29,38	3962,1636	31,14	111	99	1	1.0
1153	122,210	2,3	170,52	4,0	102	99	1	1.0
1154	238,357	20,26	326,103	27,5	105	99	1	1.0
1155	564,825	29,38	786,259	31,14	108	99	1	1.0
1156	118,150	20,26	160,51	27,5	102	99	1	1.0
1157	444,618	29,38	620,207	31,14	105	99	1	1.0
1158	346,494	29,38	487,161	31,14	102	99	1	1.0
1159	92,168	19,16	109,52	7,5	141	99	1	1.0
1160	148,201	28,35	135,59	15,2	282	99	0.3273640854	1.0
1161	233,374	9,11	274,159	7,6	116	99	1	1.0
1162	318,372	22,19	271,153	25,8	111	99	1	1.0
1163	3,2	175,192	2,0	135,82	156	99	1	1.0
1164	366,390	15,30	407,153	41,11	105	99	1	1.0
1165	1,1	1,0	7,1	0,1	106	99	1	1.0
1166	30,90	0,2	30,27	0,0	102	99	1	1.0
1167	22,47	61,110	55,19	79,41	102	99	1	1.0
1168	8,10	76,93	4,1	56,19	105	99	1	1.0
1169	13,10	123,177	6,1	130,42	102	99	1	1.0
1170	10,14	38,38	13,10	28,10	102	99	0.604881575594	1.0
1171	17,45	1,1	38,15	2,2	116	99	1	1.0
1172	9,15	6,11	7,2	13,3	102	99	0.262667365891	1.0
1173	54,67	5,6	24,18	1,3	154	99	1	1.0
1174	16,43	4,5	14,11	1,0	154	99	0.283731880627	1.0
1175	97,188	4,5	59,29	1,0	436	99	1	1.0
1176	82,146	1,1	47,18	2,0	381	99	1	1.0
1177	19,22	58,61	20,6	35,16	304	99	1	1.0
1178	0,0	2,6	0,1	0,0	153	99	1	1.0
1179	22,43	14,25	15,7	13,4	133	99	1	1.0
1180	273,294	13,12	260,141	3,5	106	99	1	1.0
1181	1142,1499	23,35	1581,716	55,37	116	99	1	1.0
1182	18,16	0,0	16,5	0,1	102	99	1	1.0
1183	31,34	1,1	17,5	3,0	102	99	1	1.0
1184	17,17	374,432	18,5	362,143	263	99	1	1.0
1186	58,74	2,0	101,32	0,0	120	99	1	1.0
1187	1,8	24,48	3,1	13,9	102	99	1	1.0
1188	416,599	258,358	642,288	368,143	114	99	1	1.0
1189	100,94	5,8	105,38	6,10	117	99	1	1.0
1190	14,13	76,108	6,6	51,44	124	99	1	1.0
1191	18,28	27,44	11,17	13,8	102	99	0.419757525631	1.0
1192	8,11	45,63	15,5	36,23	102	99	1	1.0
1193	5,11	2,5	3,1	3,5	102	99	0.0724157757496	1.0
1194	49,59	57,91	65,24	175,47	436	99	1	1.0
1195	27,39	158,230	23,9	147,96	114	99	1	1.0
1196	5,0	162,238	2,0	233,119	138	99	1	1.0
1197	9,28	1,1	12,8	0,0	108	99	1	1.0
1198	1,3	9,7	2,2	1,0	108	99	0.00029483646958	0.098235368168216
1199	87,154	105,199	72,29	189,85	119	99	0.0722294161906	1.0
1200	9,9	62,102	3,3	70,30	351	99	1	1.0
1201	35,42	22,21	15,10	13,17	103	99	0.310899305615	1.0
1204	43,69	4,9	36,16	8,2	102	99	1	1.0
1205	70,88	4,9	33,31	6,12	105	99	0.426976142318	1.0
1207	4,6	104,99	4,5	128,54	114	99	1	1.0
1208	23,46	68,93	35,11	101,32	102	99	1	1.0
1209	157,215	0,1	245,132	1,0	172	99	1	1.0
1210	26,31	183,233	31,11	271,126	112	99	1	1.0
1213	0,3	45,81	0,0	49,17	117	99	1	1.0
1215	92,163	208,325	37,22	146,76	102	99	0.714055028912	1.0
1216	132,161	1,2	169,87	3,0	148	99	1	1.0
1218	77,68	0,2	70,28	0,0	102	99	1	1.0
1219	5,7	5,27	0,3	21,7	114	99	0.225561826879	1.0
1220	46,70	28,58	60,30	37,9	105	99	0.928618680146	1.0
1221	9,17	1233,2072	13,4	1102,497	135	99	1	1.0
1222	156,160	273,368	148,82	366,130	102	99	1	1.0
1223	152,189	0,5	117,43	2,1	102	99	1	1.0
1224	17,11	30,19	10,13	17,5	121	99	0.596309584638	1.0
1225	19,21	3,4	23,6	9,3	106	99	0.510861514135	1.0
1226	140,197	18,18	157,86	4,1	122	99	1	1.0
1227	92,122	9,9	79,51	8,2	126	99	1	1.0
1228	14,19	45,53	19,7	37,20	209	99	1	1.0
1229	4,1	4,2	2,2	2,5	127	99	1	1.0
1230	9,8	10,6	5,2	3,3	106	99	1	1.0
1231	16,6	5,7	16,2	3,2	115	99	0.664831748596	1.0
1233	4,2	1,2	0,1	0,0	198	99	1	1.0
1234	46,55	3,8	36,27	3,3	120	99	1	1.0
1235	3,5	248,329	1,2	255,164	141	99	1	1.0
1237	50,49	0,2	21,7	0,0	338	99	1	1.0
1238	48,43	0,2	18,6	0,0	318	99	1	1.0
1239	109,121	10,8	70,33	13,3	656	99	0.54486834292	1.0
1240	50,69	43,62	46,26	23,12	102	99	0.431623933204	1.0
1241	13,6	43,62	11,1	23,12	115	99	1	1.0
1242	10,4	47,67	8,0	43,25	112	99	1	1.0
1243	2,3	1,6	1,0	3,0	116	99	1	1.0
1244	8,6	29,34	0,1	44,17	116	99	0.370009417765	1.0
1245	99,198	105,194	139,67	162,82	144	99	1	1.0
1246	37,27	20,30	17,7	55,27	163	99	0.00598474908831	0.5965113581675374
1247	372,512	83,103	467,199	115,42	102	99	1	1.0
1248	7,7	221,329	5,3	173,156	132	99	1	1.0
1252	256,373	5,7	278,156	6,3	118	99	1	1.0
1253	540,712	9,7	633,261	13,5	162	99	1	1.0
1254	17,33	80,116	25,3	68,28	102	99	1	1.0
1255	50,61	93,116	47,15	97,35	111	99	1	1.0
1256	75,88	10,9	64,16	6,0	272	99	0.841064135048	1.0
1257	0,1	4,1	1,0	1,2	120	99	1	1.0
1259	37,39	12,8	42,27	9,7	103	99	1	1.0
1260	3,9	48,82	9,3	35,16	102	99	0.995380678148	1.0
1261	53,42	23,32	41,25	37,16	122	99	1	1.0
1262	35,56	377,595	27,21	443,214	348	99	1	1.0
1264	146,150	0,2	67,46	0,0	255	99	1	1.0
1265	233,245	0,2	113,63	0,0	282	99	1	1.0
1266	135,141	28,31	100,45	38,24	126	99	0.383033913892	1.0
1267	5,8	0,0	0,1	0,1	139	99	1	1.0
1268	0,8	0,3	1,0	0,0	107	99	1	1.0
1269	97,132	28,33	76,15	47,12	122	99	0.0687409150636	1.0
1270	334,545	2,0	438,238	0,0	106	99	1	1.0
1271	45,49	2,3	48,14	2,0	172	99	1	1.0
1272	39,32	4,0	45,10	5,0	172	99	1	1.0
1273	96,106	4,0	134,28	5,0	561	99	1	1.0
1274	62,76	5,2	97,19	8,1	488	99	1	1.0
1275	64,82	2183,2778	101,48	2943,1269	249	99	1	1.0
1276	0,0	43,82	1,4	57,36	120	99	1	1.0
1279	55,159	3,0	82,36	2,0	118	99	1	1.0
1280	78,119	19,36	65,47	13,8	105	99	1	1.0
1281	190,193	4,3	159,80	2,1	114	99	1	1.0
1282	149,205	99,117	95,43	141,60	102	99	0.00697485302194	0.64843902124758
1283	274,324	20,36	266,120	20,15	111	99	1	1.0
1285	9,15	40,53	17,4	22,6	104	99	0.134991437863	1.0
1286	182,256	1,0	207,78	0,0	247	99	1	1.0
1287	92,87	39,30	83,29	21,4	102	99	0.914655613691	1.0
1288	4,5	34,39	4,0	29,14	112	99	1	1.0
1289	8,9	102,110	8,1	96,39	112	99	1	1.0
1290	352,521	1,6	511,254	2,1	293	99	1	1.0
1292	20,42	802,1148	27,15	982,507	102	99	1	1.0
1293	212,285	4,10	167,90	4,1	103	99	1	1.0
1295	2,1	285,499	1,1	445,240	255	99	1	1.0
1296	735,1069	229,316	525,210	274,138	102	99	0.215579176388	1.0
1297	92,108	3,12	89,38	4,0	278	99	0.700670095581	1.0
1298	12,5	0,0	10,0	1,0	109	99	1	1.0
1299	23,16	85,87	11,11	92,43	407	99	1	1.0
1300	3,5	0,0	4,0	1,0	103	99	1	1.0
1301	117,193	17,19	124,56	26,9	103	99	1	1.0
1302	35,68	17,19	29,17	26,9	174	99	0.33364356825	1.0
1303	32,64	114,189	29,17	124,56	170	99	1	1.0
1304	55,88	1,13	69,39	6,4	117	99	1	1.0
1305	13,35	101,87	29,18	84,50	225	99	1	1.0
1306	25,34	0,3	26,6	6,1	702	99	0.0590161010726	1.0
1309	91,102	8,4	104,52	16,7	123	99	1	1.0
1310	7,13	77,76	7,8	68,23	119	99	1	1.0
1311	387,465	125,173	438,250	81,44	102	99	0.75855516057	1.0
1312	211,294	3,0	288,117	3,2	317	99	1	1.0
1313	343,345	2,0	377,137	0,0	297	99	1	1.0
1314	2577,3961	6,5	6109,2647	7,2	141	99	1	1.0
1315	442,767	3,13	1003,503	4,10	138	99	1	1.0
1316	1388,2564	3,13	2977,1575	4,10	147	99	1	1.0
1317	961,1808	15,11	1986,1080	12,8	108	99	1	1.0
1318	80,94	53,97	56,34	75,30	102	99	1	1.0
1319	51,54	12,6	72,21	7,2	160	99	1	1.0
1320	2,3	5,1	1,0	10,4	102	99	0.0491172559658	1.0
1321	304,330	2,0	224,125	0,0	543	99	1	1.0
1322	159,228	26,41	250,174	30,16	123	99	1	1.0
1323	34,26	952,1646	26,13	1218,644	354	99	1	1.0
1325	3,6	0,0	4,0	1,0	131	99	1	1.0
1326	3,4	0,0	7,1	1,0	172	99	1	1.0
1327	4,6	0,0	8,1	1,0	176	99	1	1.0
1328	1,1	1,3	3,1	0,0	140	99	0.000585376661335	0.130656070809972
1329	2,3	1,3	4,1	0,0	144	99	0.0277531747744	1.0
1331	80,82	16,26	132,51	13,11	276	99	0.55773555037	1.0
1332	9,8	115,164	25,8	109,34	117	99	0.681302909265	1.0
1333	2,0	3,4	1,0	14,9	151	99	1	1.0
1334	53,62	20,28	20,14	9,12	111	99	1	1.0
1335	101,152	0,0	123,49	1,0	109	99	1	1.0
1336	38,22	1101,1532	18,11	1054,614	387	99	1	1.0
1337	611,810	1397,2076	603,255	1685,930	102	99	1	1.0
1339	81,158	0,1	169,75	2,1	119	99	1	1.0
1340	83,137	22,39	122,58	44,14	105	99	1	1.0
1341	233,288	4,0	285,110	5,3	119	99	1	1.0
1342	181,204	116,172	182,100	170,69	173	99	1	1.0
1343	656,927	214,326	874,459	150,81	102	99	0.708407957454	1.0
1344	280,367	0,0	337,178	3,0	291	99	1	1.0
1345	15,32	7,15	19,2	0,2	232	99	0.149776179	1.0
1346	472,648	16,8	490,281	6,6	103	99	1	1.0
1347	6,8	171,218	12,0	150,77	126	99	1	1.0
1348	112,144	5,28	74,35	5,15	114	99	1	1.0
1349	19,48	9,14	41,17	11,8	811	99	1	1.0
1350	315,453	0,2	391,108	0,2	168	99	1	1.0
1351	2,1	97,147	2,4	99,57	132	99	1	1.0
1352	3,6	1,6	4,2	4,1	102	99	1	1.0
1353	2724,3696	1,0	2305,1119	0,0	102	99	1	1.0
1355	0,2	31,46	0,0	15,17	172	99	1	1.0
1356	92,112	61,92	85,34	53,11	102	99	1	1.0
1358	8,19	0,26	15,5	7,13	120	99	0.422363388469	1.0
1359	21,10	284,475	3,4	333,130	536	99	1	1.0
1360	172,197	2,0	131,43	0,0	111	99	1	1.0
1361	58,114	10,6	78,42	3,6	128	99	1	1.0
1362	197,233	6,3	256,109	2,4	107	99	1	1.0
1363	279,352	213,197	286,160	239,82	105	99	1	1.0
1364	4,6	10,15	9,4	21,5	105	99	1	1.0
1368	119,186	132,157	157,68	156,59	108	99	1	1.0
1369	4,3	36,27	3,0	60,6	105	99	1	1.0
1370	7,6	1,3	6,2	1,0	102	99	0.652725520617	1.0
1372	13,22	75,51	24,5	98,34	103	99	1	1.0
1373	1425,1698	124,176	1587,908	131,59	437	99	1	1.0
1374	14,38	242,420	7,3	335,161	117	99	1	1.0
1375	46,46	2,0	34,16	3,0	107	99	1	1.0
1378	16,19	58,62	9,3	65,21	136	99	1	1.0
1379	17,16	27,43	5,6	39,21	110	99	0.301484917934	1.0
1380	15,41	119,139	32,22	96,43	102	99	0.880958789892	1.0
1381	4,7	1,0	1,1	0,0	129	99	1	1.0
1385	50,52	0,0	14,6	1,0	105	99	1	1.0
1386	265,347	3,1	366,165	1,0	105	99	1	1.0
1388	160,249	1,8	181,89	6,6	165	99	1	1.0
1390	0,6	2,9	0,3	6,1	121	99	1	1.0
1391	4,4	28,36	4,2	18,11	114	99	1	1.0
1392	5,6	25,53	1,1	21,9	436	99	1	1.0
1393	126,163	14,7	135,68	5,1	106	99	1	1.0
1394	77,94	18,52	86,30	31,21	121	99	1	1.0
1396	59,61	10,8	36,24	4,6	102	99	1	1.0
1397	78,108	13,20	60,47	9,6	114	99	1	1.0
1398	117,165	26,35	61,66	25,4	105	99	1	1.0
1399	24,23	127,188	24,20	101,69	103	99	1	1.0
1400	0,3	0,5	1,0	10,3	232	99	1	1.0
1401	26,12	23,32	17,6	26,16	102	99	1	1.0
1402	222,319	0,2	209,88	0,0	119	99	1	1.0
1403	2363,2867	2,1	2170,858	0,0	108	99	1	1.0
1407	12,24	203,297	6,5	191,148	123	99	1	1.0
1409	81,104	912,1289	102,48	972,434	861	99	1	1.0
1411	10,18	0,7	7,1	1,3	108	99	0.694224217966	1.0
1412	0,6	65,89	1,1	54,24	102	99	1	1.0
1413	104,139	3,8	131,60	17,4	102	99	1	1.0
1414	46,70	41,58	53,39	35,12	447	99	0.91074023836	1.0
1415	107,122	88,115	203,62	67,34	102	99	0.0706018750335	1.0
1416	425,501	179,222	627,352	247,106	289	99	1	1.0
1418	7,18	3,8	20,8	3,3	129	99	0.530576325573	1.0
1419	3,9	13,14	5,4	26,16	171	99	1	1.0
1420	7,9	16,24	10,1	14,11	102	99	1	1.0
1421	120,155	8,17	95,45	0,5	284	99	0.589853297646	1.0
1422	970,1133	0,0	1277,515	0,2	168	99	1	1.0
1423	2,2	23,12	9,0	16,5	114	99	1	1.0
1424	24,49	10,10	32,15	8,9	105	99	1	1.0
1425	3355,5178	0,3	4721,2353	1,0	113	99	1	1.0
1426	51,80	6,16	19,12	1,3	102	99	1	1.0
1427	6,8	107,122	15,11	62,31	158	99	0.765599513328	1.0
1428	2,2	386,476	5,1	307,159	180	99	1	1.0
1429	304,502	450,674	400,146	594,239	118	99	1	1.0
1430	185,345	17,16	202,107	32,12	104	99	1	1.0
1431	74,106	0,0	73,37	0,2	836	99	1	1.0
1432	75,105	127,126	88,40	150,39	836	99	1	1.0
1433	127,183	127,126	109,55	150,39	1247	99	1	1.0
1434	64,96	11,15	39,23	17,7	510	99	0.150098924786	1.0
1435	1059,1331	7,10	1325,484	9,4	136	99	1	1.0
1436	81,115	5,2	76,41	5,2	210	99	1	1.0
1437	51,62	2,0	38,27	0,0	210	99	1	1.0
1438	96,118	0,0	102,64	0,1	215	99	1	1.0
1439	4,4	0,11	3,1	11,1	172	99	0.202519665727	1.0
1440	55,72	7,10	60,32	12,6	145	99	1	1.0
1441	761,992	1,2	803,361	0,0	261	99	1	1.0
1442	101,122	24,56	101,41	51,19	102	99	1	1.0
1443	230,305	252,391	159,121	173,86	1763	99	1	1.0
1444	6,2	71,94	9,6	74,26	115	99	1	1.0
1445	112,92	4,10	125,51	0,1	107	99	1	1.0
1446	3,8	97,108	2,3	97,34	165	99	1	1.0
1447	21,38	0,0	30,5	1,0	107	99	1	1.0
1449	401,474	27,53	418,241	46,22	257	99	1	1.0
1450	1889,2534	716,843	2297,1560	687,277	610	99	1	1.0
1451	1515,2113	716,843	1925,1341	687,277	452	99	0.823823100482	1.0
1452	1765,2429	3,0	2209,1510	4,3	452	99	1	1.0
1453	0,0	106,130	0,1	129,58	115	99	1	1.0
1454	521,694	8,8	577,266	1,0	117	99	1	1.0
1455	133,237	35,34	124,85	31,8	103	99	1	1.0
1457	11,23	59,89	50,33	104,43	913	99	1	1.0
1458	67,95	14,18	105,63	23,17	106	99	1	1.0
1459	120,157	8,9	168,94	9,4	105	99	1	1.0
1460	0,2	22,14	2,0	24,2	113	99	1	1.0
1461	16,22	65,96	24,12	65,29	102	99	1	1.0
1463	39,134	31,60	68,48	30,13	102	99	1	1.0
1464	138,240	0,0	129,78	1,0	227	99	1	1.0
1465	3,6	1169,1455	22,16	967,478	303	99	1	1.0
1466	18,28	16,31	21,12	4,9	123	99	0.223504053008	1.0
1467	81,132	36,56	60,56	17,8	116	99	0.407075496604	1.0
1468	7,6	40,71	1,2	60,31	116	99	1	1.0
1469	38,43	224,293	58,30	233,111	102	99	1	1.0
1470	0,0	31,49	1,0	26,9	144	99	1	1.0
1471	3,7	3,4	1,0	0,0	102	99	1	1.0
1473	6,14	2,3	1,6	3,1	111	99	0.682648208981	1.0
1475	82,103	42,106	73,40	50,30	102	99	1	1.0
1476	24,29	7,2	31,10	5,3	180	99	1	1.0
1477	4,3	1,6	3,2	5,2	102	99	0.868537338578	1.0
1478	79,77	0,0	51,11	1,0	130	99	1	1.0
1479	28,43	0,0	28,3	1,0	141	99	1	1.0
1480	1,10	52,44	8,1	31,9	110	99	1	1.0
1481	32,36	0,0	24,20	0,1	106	99	1	1.0
1482	10,21	148,188	8,4	158,55	379	99	1	1.0
1484	487,631	1,2	476,256	1,3	105	99	1	1.0
1485	5,16	406,529	8,10	367,231	123	99	1	1.0
1486	172,190	25,25	84,42	4,2	105	99	1	1.0
1487	3,14	135,199	11,4	168,74	114	99	1	1.0
1488	196,250	0,0	152,107	0,1	554	99	1	1.0
1489	116,134	69,120	115,39	107,48	117	99	1	1.0
1490	60,111	435,576	72,29	372,178	118	99	1	1.0
1491	333,422	21,18	305,159	17,7	102	99	1	1.0
1492	118,130	2,4	103,53	6,4	102	99	1	1.0
1493	30,25	40,36	34,11	34,12	151	99	1	1.0
1495	169,242	7,15	183,90	5,5	114	99	1	1.0
1496	111,84	3,4	127,42	5,4	130	99	1	1.0
1497	641,866	5,4	959,418	4,1	104	99	1	1.0
1498	100,132	2,12	62,29	1,0	119	99	1	1.0
1499	119,178	21,37	164,59	40,15	144	99	1	1.0
1501	15,11	28,22	19,13	21,6	113	99	0.236089102572	1.0
1502	153,189	0,1	144,64	0,0	286	99	1	1.0
1504	0,5	23,14	5,3	13,6	118	99	0.602483927834	1.0
1505	46,95	5,3	51,27	3,1	102	99	1	1.0
1506	3,3	2,1	10,1	1,0	110	99	1	1.0
1507	1,5	94,144	2,1	108,49	123	99	1	1.0
1508	186,166	3,0	183,69	3,0	102	99	1	1.0
1509	91,157	2,0	123,78	0,1	111	99	1	1.0
1510	101,209	27,49	117,55	37,27	120	99	1	1.0
1511	13,15	28,50	16,4	31,19	102	99	1	1.0
1512	91,178	1306,2012	90,82	1558,807	1660	99	1	1.0
1513	4,18	17,38	9,2	40,12	112	99	1	1.0
1514	240,262	5,9	407,149	11,4	120	99	1	1.0
1516	165,295	0,3	244,95	0,0	105	99	1	1.0
1517	0,0	37,40	1,2	15,1	585	99	1	1.0
1518	36,57	2,2	23,9	1,2	105	99	1	1.0
1519	239,336	4,2	367,168	0,1	171	99	1	1.0
1520	139,177	7,4	156,67	7,3	134	99	1	1.0
1521	33,26	871,1020	28,13	592,286	102	99	1	1.0
1522	79,120	214,290	79,34	254,98	117	99	1	1.0
1523	324,513	198,332	237,184	266,205	180	99	0.240362565001	1.0
1524	41,68	12,11	56,30	19,6	108	99	1	1.0
1526	39,42	15,20	110,56	17,12	102	99	0.296803326426	1.0
1527	0,0	0,2	4,0	0,0	135	99	1	1.0
1528	2,9	5,24	2,4	3,1	102	99	0.210686148023	1.0
1529	53,81	12,11	63,25	4,5	106	99	1	1.0
1530	68,78	8,21	52,34	8,5	105	99	1	1.0
1532	27,55	13,18	45,24	4,3	118	99	0.0569193851707	1.0
1533	57,86	4,1	64,36	0,0	131	99	1	1.0
1534	24,46	603,998	33,14	905,400	186	99	1	1.0
1535	7,7	3,14	16,2	6,3	102	99	0.718001231864	1.0
1536	134,171	2,9	132,71	4,3	105	99	1	1.0
1537	71,133	0,0	91,45	1,1	339	99	1	1.0
1538	2,18	140,185	4,0	99,56	122	99	1	1.0
1539	38,47	60,79	64,31	41,34	102	99	0.250734678005	1.0
1540	1,1	21,12	6,2	19,6	106	99	0.215034975609	1.0
1541	6,6	1,4	10,5	0,0	122	99	0.161116416125	1.0
1542	26,17	1,4	23,9	0,0	115	99	1	1.0
1545	2,0	8,16	0,1	8,3	108	99	1	1.0
1546	303,326	0,2	296,152	0,0	326	99	1	1.0
1547	309,350	11,13	312,131	8,1	119	99	1	1.0
1548	121,204	1597,2472	221,160	2326,1081	409	99	1	1.0
1549	2525,3915	1,1	3882,1905	4,1	305	99	1	1.0
1550	3,12	22,23	11,2	31,18	114	99	1	1.0
1551	340,367	90,66	130,64	44,31	102	99	0.966627176968	1.0
1552	29,46	0,1	11,7	0,0	106	99	1	1.0
1553	3,1	1,1	0,0	4,0	122	99	1	1.0
1556	4,11	14,32	2,2	12,10	119	99	1	1.0
1557	32,57	0,5	28,20	2,0	337	99	1	1.0
1559	113,147	0,2	101,36	0,0	387	99	1	1.0
1560	6,4	7,22	2,3	11,3	107	99	1	1.0
1561	16,15	6,15	9,3	21,9	116	99	0.0436893414003	1.0
1562	2,6	188,226	6,3	210,117	144	99	1	1.0
1563	22,26	115,145	39,28	89,60	115	99	0.266311569974	1.0
1564	132,187	0,0	172,77	1,0	157	99	1	1.0
1565	10,19	14,12	15,10	4,0	102	99	0.0108349496654	0.7801163759088001
1566	901,1187	13,22	979,490	21,10	172	99	1	1.0
1567	5,9	122,207	16,5	117,77	189	99	1	1.0
1568	377,342	278,362	499,169	183,67	102	99	0.00614684643273	0.5965113581675374
1569	162,215	21,41	126,67	24,19	105	99	1	1.0
1570	5,3	4,1	10,1	7,0	118	99	1	1.0
1571	4,3	0,0	0,1	0,1	105	99	1	1.0
1572	45,75	0,0	43,21	0,1	111	99	1	1.0
1573	42,72	1,0	43,20	0,0	105	99	1	1.0
1574	57,73	0,2	49,45	4,0	111	99	1	1.0
1575	1,6	30,54	11,2	34,6	102	99	0.334138125587	1.0
1576	0,2	17,58	0,1	26,19	111	99	1	1.0
1577	4,12	7,26	3,6	13,7	111	99	1	1.0
1578	15,19	169,198	11,8	203,69	103	99	1	1.0
1579	3755,4673	121,138	5688,2278	180,68	102	99	1	1.0
1580	23,26	576,843	30,13	744,313	547	99	1	1.0
1581	25,28	576,843	30,14	744,313	550	99	1	1.0
1582	3,2	1,0	0,1	0,0	102	99	1	1.0
1583	25,48	0,2	23,18	1,3	122	99	1	1.0
1584	5,5	125,221	11,2	190,79	280	99	1	1.0
1585	89,116	10,8	80,40	5,5	105	99	1	1.0
1586	46,71	0,1	40,29	0,4	472	99	1	1.0
1587	1,4	1,0	1,0	0,0	105	99	1	1.0
1589	107,114	57,53	58,43	39,26	136	99	1	1.0
1590	57,78	46,55	33,16	37,22	346	99	1	1.0
1591	1,0	5,2	2,0	5,1	112	99	1	1.0
1592	154,252	2,0	179,84	5,2	106	99	1	1.0
1593	6,11	15,23	15,4	12,5	111	99	0.267483299145	1.0
1594	10,15	15,23	12,6	12,5	117	99	0.814233814009	1.0
1595	10,14	6,10	7,6	10,4	105	99	0.86989943575	1.0
1596	237,253	69,74	277,98	59,23	116	99	1	1.0
1597	4,5	13,26	5,1	6,2	123	99	0.510801287859	1.0
1599	8,4	123,189	5,3	170,92	122	99	1	1.0
1600	112,167	0,0	176,81	2,1	235	99	1	1.0
1601	45,44	46,72	60,27	57,16	102	99	0.747755756437	1.0
1602	4,6	8,14	2,5	9,2	102	99	1	1.0
1604	42,88	73,133	115,38	172,62	126	99	1	1.0
1605	338,527	43,54	371,177	56,25	102	99	1	1.0
1606	0,1	5,1	4,1	0,0	102	99	6.26238383727e-06	0.00349441018119666
1607	482,683	55,93	449,291	64,27	114	99	1	1.0
1608	12,15	518,721	9,10	465,363	129	99	1	1.0
1609	50,73	16,25	77,36	17,9	140	99	1	1.0
1610	1,0	9,16	0,0	21,5	114	99	1	1.0
1612	902,1285	0,7	993,436	0,0	107	99	1	1.0
1615	16,38	4,18	33,19	12,8	103	99	1	1.0
1616	2,0	131,152	1,0	90,37	126	99	1	1.0
1617	4,8	49,50	2,6	47,34	105	99	1	1.0
1620	5,9	37,86	4,0	44,14	273	99	1	1.0
1621	33,59	172,219	42,9	124,74	117	99	1	1.0
1622	48,92	12,6	66,29	5,5	105	99	1	1.0
1623	29,33	1,0	25,10	0,0	249	99	1	1.0
1624	0,0	2,1	1,0	1,3	102	99	1	1.0
1625	24,26	1141,1344	51,21	1213,413	102	99	1	1.0
1626	336,617	68,139	374,180	88,54	110	99	1	1.0
1627	287,393	12,12	244,104	7,2	114	99	1	1.0
1628	2545,3286	0,2	3113,1330	0,0	102	99	1	1.0
1629	48,43	7,8	59,24	7,1	156	99	0.87074927114	1.0
1630	21,10	2,1	20,8	3,1	196	99	1	1.0
1632	289,385	0,0	173,116	3,0	696	99	1	1.0
1633	164,262	71,114	179,98	96,48	102	99	1	1.0
1634	31,35	269,443	14,14	305,123	105	99	1	1.0
1635	2,15	200,372	9,6	284,111	307	99	1	1.0
1636	253,304	815,987	200,80	583,238	124	99	1	1.0
1637	2437,2516	1,1	2072,665	0,0	109	99	1	1.0
1638	65,87	0,1	51,18	0,0	104	99	1	1.0
1639	10,21	3,2	20,9	2,0	108	99	1	1.0
1640	167,313	227,318	180,74	376,171	102	99	0.163822017283	1.0
1641	628,1027	0,9	630,377	1,0	199	99	1	1.0
1642	4,0	1,0	2,0	2,0	102	99	1	1.0
1643	67,91	6,7	28,15	0,1	132	99	1	1.0
1644	86,84	18,22	33,44	8,6	199	99	1	1.0
1645	7,6	26,44	2,0	15,6	110	99	0.976573973975	1.0
1646	45,62	60,105	34,16	81,27	105	99	1	1.0
1647	2,0	0,0	16,10	1,0	121	99	1	1.0
1648	4,4	0,3	2,0	0,1	111	99	1	1.0
1649	145,138	0,1	160,51	0,0	111	99	1	1.0
1650	27,28	286,434	15,4	318,161	250	99	1	1.0
1651	0,2	1,5	1,2	1,3	102	99	0.312738767668	1.0
1652	1,5	138,220	4,0	217,117	114	99	1	1.0
1654	6,12	0,2	6,2	0,0	128	99	1	1.0
1655	4,0	7,16	4,1	5,9	258	99	1	1.0
1656	10,12	2,4	10,3	5,0	287	99	1	1.0
1657	13,28	2,4	11,11	5,0	128	99	1	1.0
1658	1017,1289	68,56	1214,528	243,123	105	99	0.0363338442346	1.0
1659	1033,1333	9,4	1240,533	18,9	108	99	1	1.0
1660	84,100	9,4	269,128	18,9	102	99	1	1.0
1661	102,70	0,2	32,13	1,0	276	99	1	1.0
1662	5,4	47,58	0,0	34,20	111	99	1	1.0
1663	121,223	612,878	209,75	917,386	691	99	1	1.0
1665	210,259	1,0	175,95	0,0	104	99	1	1.0
1666	1,1	219,303	0,1	246,112	115	99	1	1.0
1667	4,7	94,151	8,0	134,60	129	99	1	1.0
1668	12,37	5,8	23,9	1,0	121	99	0.0148147013471	1.0
1669	8,9	40,36	4,1	18,17	109	99	1	1.0
1670	81,94	5,2	67,20	2,0	174	99	1	1.0
1671	669,963	27,36	873,401	75,28	105	99	1	1.0
1672	13,46	5,5	13,6	0,0	104	99	0.580303361148	1.0
1673	1,19	0,2	1,1	1,0	104	99	1	1.0
1674	6,25	7,15	0,4	3,1	104	99	0.534112808271	1.0
1675	27,23	1,0	26,3	6,2	117	99	0.159236007654	1.0
1676	42,51	2,0	39,20	2,0	189	99	1	1.0
1678	46,40	16,19	45,18	10,4	114	99	0.76019763989	1.0
1679	3,9	0,1	6,1	0,0	104	99	1	1.0
1680	37,48	17,16	32,12	7,5	119	99	1	1.0
1681	9,13	22,15	4,2	32,20	102	99	0.0238386728011	1.0
1682	7,15	36,41	21,10	32,14	114	99	0.279346239108	1.0
1683	10,18	599,795	9,9	619,265	132	99	1	1.0
1684	1396,1604	0,5	1583,672	0,1	260	99	1	1.0
1685	4038,5468	1,0	4662,2489	0,0	522	99	1	1.0
1686	37,76	2,1	66,22	5,1	148	99	1	1.0
1687	39,45	1,5	83,32	4,0	338	99	0.880069028121	1.0
1688	136,265	501,630	151,87	459,197	568	99	1	1.0
1689	14,21	0,3	53,25	6,1	128	99	1	1.0
1690	11,19	0,3	41,37	6,1	290	99	1	1.0
1691	5,13	8,15	26,24	38,12	261	99	1	1.0
1692	6,14	431,662	10,4	417,209	288	99	1	1.0
1693	8,16	109,173	12,24	50,43	102	99	0.06255435446	1.0
1694	29,61	176,287	26,5	97,82	102	99	1	1.0
1695	110,137	64,69	121,61	49,30	115	99	1	1.0
1696	7,19	125,183	7,4	123,68	152	99	1	1.0
1698	8,14	483,596	16,13	651,180	262	99	1	1.0
1699	18,38	0,0	30,19	2,0	104	99	1	1.0
1700	483,751	276,444	527,267	354,185	104	99	1	1.0
1701	1,6	12,8	2,0	7,2	105	99	0.412170459279	1.0
1702	7,5	1,0	9,0	0,0	244	99	1	1.0
1703	27,19	100,139	65,29	112,43	102	99	0.007991021762	0.64843902124758
1705	477,618	23,65	500,216	36,10	104	99	1	1.0
1706	409,691	22,24	505,300	20,9	105	99	1	1.0
1707	75,112	0,4	77,36	2,0	105	99	1	1.0
1708	69,123	12,27	89,39	21,14	103	99	1	1.0
1709	89,136	2,3	94,28	1,0	123	99	1	1.0
1711	6,14	175,220	7,0	226,97	102	99	1	1.0
1712	60,78	15,41	69,46	26,13	746	99	1	1.0
1713	165,253	18,41	177,69	10,10	183	99	1	1.0
1714	803,1075	35,35	680,346	14,11	680	99	1	1.0
1715	11,18	94,127	22,1	149,54	364	99	1	1.0
1716	68,112	194,164	149,42	259,94	103	99	1	1.0
1718	5,5	659,806	4,0	551,229	357	99	1	1.0
1719	123,160	0,2	117,53	4,0	109	99	1	1.0
1720	79,99	4,7	66,26	3,3	146	99	1	1.0
1721	53,66	1,3	56,31	0,2	111	99	1	1.0
1722	3,11	136,219	4,6	119,64	102	99	1	1.0
1724	172,312	33,41	227,112	17,7	119	99	1	1.0
1725	185,219	0,1	157,89	0,0	108	99	1	1.0
1726	161,304	7,4	204,101	1,5	105	99	1	1.0
1727	13,17	6,13	31,15	6,3	168	99	0.0857348067614	1.0
1728	43,49	96,172	43,18	114,65	115	99	1	1.0
1730	1033,1417	0,0	1326,593	3,0	101	99	1	1.0
1731	1543,2353	64,55	1813,942	70,38	102	99	1	1.0
1732	69,58	0,0	174,109	0,2	124	99	1	1.0
1733	75,68	0,0	197,80	2,0	123	99	1	1.0
1734	103,179	48,55	145,56	64,29	102	99	1	1.0
1735	1,8	14,36	5,0	11,18	144	99	1	1.0
1736	198,244	99,138	318,163	54,27	102	99	0.000343795502232	0.098235368168216
1738	18,45	18,34	16,6	8,4	103	99	1	1.0
1739	70,62	5,7	103,55	12,6	103	99	1	1.0
1740	73,69	1,0	70,20	0,0	125	99	1	1.0
1741	348,453	50,90	386,215	70,21	120	99	1	1.0
1742	34,24	3,4	28,14	1,0	189	99	0.488493352962	1.0
1743	31,46	2,4	35,18	2,0	489	99	0.203293373108	1.0
1744	41,74	2,4	38,25	2,0	541	99	0.344051005	1.0
1745	12,30	2,0	9,8	3,0	151	99	1	1.0
1747	49,29	48,83	58,31	73,27	248	99	1	1.0
1748	11,19	191,200	9,2	254,77	120	99	1	1.0
1749	41,63	448,667	62,17	645,301	442	99	1	1.0
1750	0,0	5,1	2,0	3,1	127	99	1	1.0
1751	0,1	9,3	3,1	7,2	109	99	0.506240770118	1.0
1752	2,9	0,1	2,4	3,0	102	99	1	1.0
1753	4,7	2,0	5,0	0,0	114	99	1	1.0
1754	29,48	200,351	45,18	195,93	102	99	1	1.0
1755	237,358	8,7	201,81	5,1	136	99	1	1.0
1756	10,12	208,296	5,12	295,164	117	99	1	1.0
1757	105,136	1255,2210	83,30	1164,589	298	99	1	1.0
1758	32,70	16,36	52,25	42,14	132	99	1	1.0
1759	58,61	2,0	64,25	1,3	102	99	1	1.0
1760	154,209	13,12	155,81	9,7	102	99	1	1.0
1761	14,25	11,13	33,12	14,0	171	99	0.204526789928	1.0
1762	24,29	0,4	24,9	1,0	162	99	1	1.0
1763	24,44	65,65	22,10	61,16	134	99	1	1.0
1764	23,36	0,1	35,12	3,0	123	99	1	1.0
1765	33,51	3,4	43,13	9,9	134	99	0.135621955035	1.0
1766	10,16	3,4	11,1	9,9	110	99	0.0169172384957	1.0
1767	1,3	1,2	1,0	0,2	112	99	0.0405551493338	1.0
1769	47,42	33,35	39,23	38,12	354	99	1	1.0
1770	71,68	74,91	86,35	68,25	580	99	1	1.0
1771	59,62	74,91	85,24	68,25	325	99	1	1.0
1772	9,5	51,87	4,1	69,40	102	99	1	1.0
1773	21,25	46,65	12,13	48,30	114	99	1	1.0
1774	8,12	186,283	20,8	180,57	127	99	1	1.0
1775	120,120	0,1	200,45	3,0	114	99	1	1.0
1777	22,21	146,204	37,18	149,113	102	99	1	1.0
1778	0,6	152,190	1,0	207,97	102	99	1	1.0
1779	42,42	0,2	32,21	1,0	592	99	1	1.0
1780	147,177	13,28	153,97	18,12	140	99	1	1.0
1781	126,203	11,4	126,97	15,6	166	99	1	1.0
1782	393,519	182,210	318,203	145,81	150	99	1	1.0
1783	351,411	238,324	297,169	271,124	206	99	1	1.0
1784	574,691	4,2	536,310	3,3	295	99	1	1.0
1785	123,213	41,42	120,78	26,14	342	99	1	1.0
1786	69,74	291,391	41,27	341,148	812	99	1	1.0
1787	67,68	67,55	24,19	61,41	102	99	0.0166868955834	1.0
1788	0,1	74,124	1,0	64,39	116	99	1	1.0
1789	12,7	0,4	9,5	0,0	357	99	0.384217545552	1.0
1791	20,32	2,10	14,6	2,0	160	99	0.142003789269	1.0
1792	3,0	70,116	2,1	118,38	102	99	1	1.0
1793	9,3	2,6	6,1	2,0	103	99	0.124418428943	1.0
1794	16,15	19,13	16,10	13,1	103	99	0.325226570091	1.0
1795	109,100	154,199	94,49	219,71	118	99	1	1.0
1796	15,15	2231,2913	13,8	3156,1757	145	99	1	1.0
1797	64,80	3,0	92,22	0,0	481	99	1	1.0
1798	414,510	2,1	496,193	0,0	104	99	1	1.0
1800	66,119	1,0	63,27	0,0	111	99	1	1.0
1801	248,422	147,233	250,152	119,65	116	99	1	1.0
1804	28,60	193,218	73,21	238,94	102	99	1	1.0
1805	9,3	218,294	8,6	211,104	119	99	1	1.0
1806	3,1	1,2	0,0	3,0	132	99	1	1.0
1807	240,270	0,0	227,108	1,0	103	99	1	1.0
1811	162,202	27,21	108,54	20,9	105	99	1	1.0
1814	107,151	33,78	89,66	37,14	117	99	1	1.0
1816	29,43	3,14	29,19	9,6	128	99	1	1.0
1817	38,47	32,59	57,25	39,23	121	99	1	1.0
1818	78,74	10,11	56,16	12,10	112	99	0.609098864828	1.0
1819	103,116	1,7	134,67	1,3	105	99	1	1.0
1820	5,7	0,1	2,3	0,1	103	99	1	1.0
1821	63,79	0,6	35,39	10,6	103	99	0.3346442728	1.0
1822	84,131	130,190	84,49	150,46	102	99	1	1.0
1824	7,4	329,506	4,3	299,171	135	99	1	1.0
1825	35,44	687,865	21,8	571,318	102	99	1	1.0
1826	4,6	74,113	7,3	82,49	106	99	1	1.0
1828	713,990	123,167	1015,431	131,79	106	99	1	1.0
1829	1096,1401	0,2	1792,791	0,0	120	99	1	1.0
1830	84,74	1,0	61,23	1,0	247	99	1	1.0
1831	15,32	0,0	18,12	0,1	131	99	1	1.0
1832	55,53	29,59	40,18	47,31	114	99	0.615314094572	1.0
1833	22,22	361,388	14,9	248,131	278	99	1	1.0
1834	27,44	17,20	33,31	5,7	108	99	0.124487172775	1.0
1835	0,1	0,0	1,1	1,0	103	99	1	1.0
1836	2,16	134,156	6,7	142,90	102	99	1	1.0
1837	1,5	2,7	0,3	9,3	126	99	0.380989691265	1.0
1838	0,8	0,2	1,0	0,0	106	99	1	1.0
1840	1,0	1,0	0,2	0,0	104	99	1	1.0
1841	161,180	0,2	166,65	2,0	123	99	1	1.0
1842	233,240	17,35	230,97	17,11	110	99	1	1.0
1843	2,5	110,181	2,3	157,42	108	99	1	1.0
1844	19,37	27,41	4,14	48,9	120	99	0.546256449682	1.0
1845	3,2	30,45	2,0	26,6	126	99	1	1.0
1846	27,45	234,340	21,11	255,151	104	99	1	1.0
1847	10,19	51,103	42,20	59,16	103	99	0.00107776572546	0.20046442493556002
1848	25,36	140,143	40,17	176,62	146	99	1	1.0
1849	125,120	12,10	127,56	10,2	164	99	1	1.0
1851	372,317	14,6	413,121	14,5	105	99	1	1.0
1852	4,1	169,228	1,0	127,85	126	99	1	1.0
1853	2687,3515	3,1	4762,1642	1,1	1384	99	1	1.0
1854	185,282	90,122	192,78	87,37	126	99	1	1.0
1855	211,223	2,0	207,98	3,5	234	99	1	1.0
1856	58,58	0,0	73,22	3,2	121	99	1	1.0
1857	1,2	27,32	0,1	32,20	128	99	1	1.0
1858	528,717	29,28	815,502	18,20	191	99	1	1.0
1859	58,56	118,207	73,73	124,28	126	99	0.10444089624	1.0
1860	341,417	7,21	282,161	13,4	102	99	1	1.0
1861	12,4	14,19	1,4	4,1	109	99	0.778089241377	1.0
1862	19,20	1,1	33,10	0,0	104	99	1	1.0
1864	1,0	18,18	0,0	13,16	112	99	1	1.0
1866	7,12	132,185	13,6	173,81	122	99	1	1.0
1867	366,470	2,5	415,202	2,4	179	99	1	1.0
1868	6,5	155,210	6,3	197,94	126	99	1	1.0
1869	12,9	212,249	12,6	306,151	258	99	1	1.0
1870	253,339	4,12	203,118	0,4	111	99	1	1.0
1871	13,9	23,23	3,7	8,1	104	99	0.424800836999	1.0
1872	7,0	45,55	7,1	113,39	363	99	1	1.0
1873	100,111	12,13	145,51	10,7	266	99	1	1.0
1874	6,5	22,26	6,1	15,2	102	99	0.844124419307	1.0
1875	5,8	19,24	1,3	35,10	135	99	0.587342679802	1.0
1877	103,199	82,117	75,62	85,56	119	99	0.884975515216	1.0
1878	418,485	27,23	540,219	35,13	147	99	1	1.0
1881	13,2	181,213	12,4	211,72	261	99	1	1.0
1882	7,19	0,1	5,3	1,0	400	99	1	1.0
1883	189,253	11,6	223,108	14,12	146	99	1	1.0
1884	530,693	1,3	694,397	1,2	114	99	1	1.0
1886	0,1	216,305	0,5	186,109	247	99	1	1.0
1888	420,731	314,481	561,263	192,97	102	99	0.0674516509799	1.0
1889	49,71	9,7	63,33	10,9	104	99	1	1.0
1890	42,51	2,9	27,11	6,4	165	99	0.691831197314	1.0
1891	51,62	24,35	35,12	20,9	188	99	1	1.0
1892	11,20	24,35	14,5	20,9	122	99	1	1.0
1893	8,11	77,80	5,2	33,25	421	99	1	1.0
1894	84,155	613,806	71,18	486,214	120	99	1	1.0
1895	237,323	6,23	279,210	19,5	331	99	1	1.0
1898	10,18	2,1	8,3	0,0	114	99	1	1.0
1900	266,389	80,170	249,147	128,70	108	99	1	1.0
1901	99,174	80,170	137,68	128,70	111	99	1	1.0
1902	77,143	244,358	123,54	235,133	102	99	1	1.0
1904	2214,3100	1,9	2852,1403	1,2	101	99	1	1.0
1905	247,265	218,248	313,117	245,80	110	99	1	1.0
1907	0,0	0,2	1,0	0,0	111	99	1	1.0
1908	0,1	9,10	1,1	0,6	133	99	1	1.0
1909	0,3	9,10	0,1	0,6	121	99	1	1.0
1910	158,204	50,27	126,69	39,13	352	99	1	1.0
1911	21,41	198,301	51,21	242,128	538	99	1	1.0
1912	2,9	70,137	7,1	74,47	160	99	1	1.0
1914	0,1	42,52	1,0	45,20	120	99	1	1.0
1917	774,1296	189,278	1714,817	305,117	121	99	1	1.0
1918	622,772	1,9	743,435	6,4	472	99	1	1.0
1919	74,80	0,2	48,19	0,0	121	99	1	1.0
1920	19,33	236,275	10,11	320,132	183	99	1	1.0
1921	21,24	3,4	12,5	0,0	101	99	0.639398376748	1.0
1923	128,116	205,221	99,28	247,86	102	99	1	1.0
1924	27,42	120,128	23,12	152,66	181	99	1	1.0
1925	142,137	142,211	98,55	179,88	106	99	1	1.0
1926	198,263	0,1	186,82	0,0	129	99	1	1.0
1927	500,648	9,1	643,321	7,2	205	99	1	1.0
1928	4,2	6,1	7,5	6,4	105	99	1	1.0
1929	4,5	130,133	6,4	108,39	114	99	1	1.0
1930	85,113	49,65	51,36	50,31	112	99	0.718026669752	1.0
1931	1061,1656	16,58	1155,595	61,24	168	99	1	1.0
1932	24,27	58,77	2,6	28,5	111	99	1	1.0
1933	3,15	2,3	6,7	1,0	112	99	0.416226905574	1.0
1935	95,109	2,0	97,41	0,0	156	99	1	1.0
1936	3,0	5,16	0,0	3,1	102	99	1	1.0
1937	86,115	79,82	85,32	86,41	119	99	1	1.0
1939	18,39	51,86	6,12	49,23	102	99	1	1.0
1940	1,0	2,2	2,1	4,1	104	99	0.495480037491	1.0
1941	12,17	17,12	6,4	6,1	104	99	0.83213221566	1.0
1942	787,1047	9,28	1049,382	29,8	105	99	1	1.0
1943	7,10	3,12	9,6	3,2	114	99	0.362746305941	1.0
1944	35,20	1,0	16,16	0,0	461	99	1	1.0
1945	49,93	11,20	62,22	18,2	115	99	1	1.0
1946	16,19	0,1	10,4	0,1	115	99	1	1.0
1947	22,27	0,2	10,8	0,0	115	99	1	1.0
1948	141,180	0,3	79,41	0,0	231	99	1	1.0
1949	91,96	27,11	74,38	7,2	110	99	0.964886780358	1.0
1950	587,665	1,0	828,332	0,0	101	99	1	1.0
1951	17,23	175,295	37,17	182,79	102	99	1	1.0
1952	4,5	3,2	2,0	0,0	102	99	1	1.0
1953	6,3	16,16	8,0	13,5	102	99	1	1.0
1954	22,13	0,0	36,6	2,2	146	99	1	1.0
1955	170,221	24,33	181,110	33,4	884	99	0.908829920406	1.0
1956	2,0	6,9	2,0	0,0	102	99	1	1.0
1957	7,3	0,5	1,4	14,6	102	99	0.0289318387334	1.0
1958	79,87	75,114	63,32	68,28	131	99	1	1.0
1959	4,11	5,2	12,1	14,0	114	99	1	1.0
1960	77,130	0,2	130,70	0,0	116	99	1	1.0
1961	26,45	133,249	71,22	119,54	120	99	0.0580881501987	1.0
1962	3,8	1,0	1,2	3,0	102	99	0.754805242079	1.0
1965	3,4	3,2	9,6	8,4	101	99	1	1.0
1967	19,40	47,69	15,3	13,11	114	99	1	1.0
1968	35,73	38,55	79,21	48,17	108	99	1	1.0
1969	28,46	64,71	34,13	103,24	102	99	1	1.0
1970	3,9	0,16	7,4	0,0	151	99	0.183247536361	1.0
1973	55,45	305,299	101,21	359,96	251	99	1	1.0
1974	51,99	332,393	56,45	453,160	430	99	1	1.0
1975	1,1	100,102	0,0	83,27	120	99	1	1.0
1976	404,567	3,8	432,213	2,3	106	99	1	1.0
1977	29,10	1,3	21,6	0,0	109	99	1	1.0
1978	9,17	1,0	3,1	0,0	127	99	1	1.0
1979	1,11	3,1	4,1	1,1	127	99	0.529532322014	1.0
1980	0,0	9,20	0,1	8,5	108	99	1	1.0
1981	0,4	22,34	4,1	29,5	102	99	1	1.0
1982	15,40	7,11	26,26	7,1	120	99	0.564272350565	1.0
1983	43,59	0,0	30,13	1,0	105	99	1	1.0
1984	12,39	1,1	13,6	0,1	183	99	1	1.0
1985	9,4	238,297	5,5	219,109	297	99	1	1.0
1986	23,13	3,10	19,2	2,1	170	99	0.345222199888	1.0
1987	27,47	351,519	47,26	323,155	420	99	1	1.0
1988	14,18	44,62	11,6	38,24	102	99	1	1.0
1989	1,0	1,0	3,1	5,0	110	99	1	1.0
1990	51,98	23,30	94,36	40,12	348	99	1	1.0
1991	64,105	25,25	97,26	21,8	348	99	1	1.0
1992	34,57	15,10	21,13	7,7	159	99	1	1.0
1993	10,12	35,68	9,2	37,32	112	99	1	1.0
1994	4,1	74,88	1,0	121,70	123	99	1	1.0
1996	38,56	26,42	31,11	19,11	202	99	1	1.0
1997	173,277	0,1	107,61	0,0	141	99	1	1.0
1998	1600,1901	39,59	1940,716	74,32	102	99	1	1.0
2000	24,24	11,6	13,4	10,4	105	99	0.35401740645	1.0
2002	181,256	0,1	316,104	0,1	143	99	1	1.0
2003	13,16	231,332	3,11	178,120	113	99	1	1.0
2004	1,4	17,21	1,1	26,9	147	99	1	1.0
2005	0,2	28,34	3,0	23,7	111	99	1	1.0
2006	66,97	6,19	36,48	9,11	129	99	1	1.0
2007	1,0	0,0	1,0	1,0	162	99	1	1.0
2008	6,3	0,0	0,2	1,0	252	99	0.483193451249	1.0
2009	5,3	0,0	0,2	1,0	189	99	1	1.0
2010	112,178	204,306	119,56	243,120	119	99	1	1.0
2011	8,9	234,236	15,4	203,77	103	99	1	1.0
2012	5,7	216,276	15,1	259,111	122	99	1	1.0
2014	7,27	17,13	6,5	15,11	162	99	0.55093632126	1.0
2018	0,3	0,2	0,0	3,0	120	99	1	1.0
2019	0,0	1,0	2,0	0,0	113	99	1	1.0
2020	157,158	13,27	169,66	15,5	110	99	1	1.0
2021	128,178	14,21	108,62	13,3	110	99	1	1.0
2022	387,544	0,0	532,249	1,0	132	99	1	1.0
2023	31,52	125,189	41,28	190,75	102	99	1	1.0
2024	482,552	8,7	614,222	12,12	102	99	1	1.0
2026	50,73	1,4	22,22	1,3	129	99	1	1.0
2027	5,8	45,36	1,1	21,21	119	99	1	1.0
2031	25,40	167,235	35,24	208,88	119	99	1	1.0
2032	93,123	167,235	193,130	208,88	331	99	0.587927624022	1.0
2033	83,103	15,20	173,112	15,6	311	99	0.131899067288	1.0
2034	25,37	28,21	19,15	28,7	102	99	1	1.0
2035	14,31	28,21	10,9	28,7	108	99	1	1.0
2036	9,17	20,23	3,5	12,11	105	99	0.742661718981	1.0
2037	194,229	0,1	243,79	0,0	108	99	1	1.0
2039	19,25	2,0	25,8	0,0	106	99	1	1.0
2040	15,8	14,19	4,2	14,11	132	99	0.263787724972	1.0
2041	4,9	42,55	5,7	76,42	123	99	1	1.0
2042	0,1	1,2	0,0	0,1	110	99	1	1.0
2043	137,191	3,10	149,50	2,4	164	99	1	1.0
2044	78,88	0,2	64,23	1,0	164	99	1	1.0
2045	406,547	0,2	374,189	1,0	855	99	1	1.0
2046	328,460	0,1	311,166	1,0	790	99	1	1.0
2048	8,7	258,310	6,1	430,204	129	99	1	1.0
2049	4,0	220,287	1,1	233,98	168	99	1	1.0
2050	248,349	0,6	308,98	1,1	102	99	1	1.0
2052	587,800	0,1	754,269	0,0	392	99	1	1.0
2053	52,61	394,498	50,27	564,171	411	99	1	1.0
2054	78,98	1,0	51,48	1,2	244	99	1	1.0
2055	2,12	3,5	9,5	0,0	122	99	0.00813453969307	0.64843902124758
2057	153,227	5,1	80,47	0,0	126	99	1	1.0
2058	20,39	61,99	20,22	46,33	229	99	1	1.0
2059	7,25	13,16	9,13	15,7	207	99	1	1.0
2060	622,756	112,114	662,368	84,48	111	99	1	1.0
2061	27,23	154,209	13,13	188,67	552	99	1	1.0
2062	389,514	47,60	390,207	41,50	116	99	1	1.0
2063	135,195	24,49	149,113	40,15	135	99	1	1.0
2064	477,649	24,49	498,270	40,15	152	99	1	1.0
2065	17,22	157,166	30,16	248,118	105	99	1	1.0
2066	1,5	17,27	4,0	21,7	293	99	1	1.0
2067	55,73	18,22	45,24	7,1	123	99	0.209313880165	1.0
2068	84,96	257,263	43,18	215,77	108	99	1	1.0
2069	280,423	3,1	276,176	5,5	105	99	1	1.0
2070	9,12	136,175	17,5	135,87	117	99	1	1.0
2071	188,226	11,32	200,86	15,1	105	99	1	1.0
2072	701,952	320,351	549,324	308,146	500	99	1	1.0
2075	370,417	100,126	346,129	76,29	111	99	1	1.0
2076	34,60	32,52	32,10	25,14	105	99	1	1.0
2077	100,216	1,0	76,42	0,2	118	99	1	1.0
2078	156,210	42,70	215,71	78,23	166	99	1	1.0
2080	7,8	18,19	8,6	16,6	102	99	0.875119522827	1.0
2081	18,12	3,3	4,2	1,0	113	99	0.645146818812	1.0
2082	1605,1996	326,408	2134,932	417,191	102	99	1	1.0
2084	31,27	139,194	29,16	211,97	286	99	1	1.0
2085	533,703	2,0	615,258	5,1	103	99	1	1.0
2086	0,0	44,67	0,1	41,20	117	99	1	1.0
2087	134,195	2,0	200,105	2,1	240	99	1	1.0
2088	3,3	33,28	0,6	13,13	276	99	1	1.0
2090	129,217	5,11	230,154	13,14	386	99	1	1.0
2092	2,3	4471,4553	0,1	1927,861	126	99	1	1.0
2096	102,105	8,4	77,23	12,1	102	99	1	1.0
2097	8,17	10,16	8,7	14,10	120	99	1	1.0
2098	1399,1591	195,246	1378,370	362,126	102	99	1	1.0
2099	214,317	0,0	241,105	2,0	108	99	1	1.0
2100	167,252	0,2	196,68	0,0	241	99	1	1.0
2101	360,430	0,0	449,172	0,1	245	99	1	1.0
2102	361,372	38,47	410,110	73,13	108	99	1	1.0
2103	100,171	13,10	101,57	8,5	136	99	1	1.0
2104	11,11	2,9	21,5	7,0	108	99	0.729664004581	1.0
2105	32,48	2,6	54,33	4,1	110	99	1	1.0
2106	2,4	46,21	4,0	20,12	126	99	1	1.0
2108	343,567	13,13	537,225	17,1	102	99	1	1.0
2109	5,4	79,92	5,4	86,33	110	99	1	1.0
2111	2,1	3,0	4,0	0,0	111	99	1	1.0
2112	86,186	10,30	111,58	14,8	104	99	1	1.0
2113	3,3	7,14	2,0	17,6	116	99	0.567170501191	1.0
2114	43,61	117,120	72,50	173,95	105	99	1	1.0
2116	809,1209	62,93	963,442	51,35	114	99	1	1.0
2117	33,47	21,29	29,7	29,22	102	99	0.165105286568	1.0
2118	9,5	11,28	6,3	6,3	150	99	0.483159000755	1.0
2119	4,21	337,447	14,4	331,158	399	99	1	1.0
2120	84,82	4,1	76,45	3,4	111	99	1	1.0
2121	2,1	0,2	1,0	0,0	143	99	1	1.0
2123	2,4	0,2	5,3	2,1	107	99	0.581515805813	1.0
2124	0,4	85,105	2,0	82,37	274	99	1	1.0
2125	767,1041	0,0	782,309	0,1	116	99	1	1.0
2126	30,36	0,3	39,13	9,0	162	99	0.742483619776	1.0
2127	14,20	102,157	19,7	119,50	102	99	1	1.0
2128	122,264	1,8	139,85	9,3	105	99	1	1.0
2131	2268,3202	5,6	4227,1601	6,8	126	99	1	1.0
2132	92,136	2,1	231,89	0,4	103	99	1	1.0
2134	479,624	62,76	599,228	65,29	105	99	1	1.0
2135	22,31	30,39	25,5	38,11	213	99	1	1.0
2137	4,3	24,31	2,1	9,4	108	99	1	1.0
2138	158,250	1,2	281,146	2,0	326	99	1	1.0
2141	0,5	0,5	1,2	4,3	105	99	1	1.0
2143	9,13	122,172	6,7	126,68	255	99	1	1.0
2144	13237,18724	4,7	15451,7714	5,2	102	99	1	1.0
2145	13878,19636	1,3	16266,8034	1,5	106	99	1	1.0
2146	645,919	1,3	820,322	1,5	103	99	1	1.0
2148	4,1	25,39	0,1	19,10	117	99	1	1.0
2149	15,19	383,428	9,4	249,130	115	99	1	1.0
2151	1,3	2,4	0,0	0,2	107	99	1	1.0
2152	7,8	2,4	10,4	0,2	211	99	0.138883492489	1.0
2153	6,8	0,3	10,4	0,0	203	99	1	1.0
2154	174,270	44,42	140,61	24,5	110	99	1	1.0
2155	315,358	7,16	281,118	11,4	158	99	1	1.0
2156	23,19	3,6	10,4	2,2	126	99	1	1.0
2157	2,2	60,69	0,4	100,39	264	99	1	1.0
2160	4,0	3,1	5,1	6,0	272	99	1	1.0
2161	1923,2639	0,1	2311,794	1,0	103	99	1	1.0
2162	0,2	9,3	1,2	2,1	112	99	0.277413511567	1.0
2164	608,570	1,5	658,177	3,0	108	99	1	1.0
2165	12,29	18,26	6,7	19,4	102	99	1	1.0
2166	658,676	5,1	697,323	2,1	108	99	1	1.0
2167	4,3	38,54	2,1	35,12	106	99	1	1.0
2168	90,105	2,1	60,31	3,1	154	99	1	1.0
2169	1,4	20,15	0,1	23,12	165	99	1	1.0
2170	1,2	86,78	4,1	163,57	122	99	1	1.0
2171	41,66	9,22	42,11	19,9	182	99	0.484363403613	1.0
2172	24,25	1641,2141	35,11	2100,832	461	99	1	1.0
2173	305,414	2,2	312,177	2,0	135	99	1	1.0
2174	243,226	0,1	218,84	0,0	353	99	1	1.0
2175	3,1	21,32	0,1	20,14	131	99	1	1.0
2176	28,42	109,132	55,16	167,99	114	99	1	1.0
2177	2,2	166,236	1,0	69,44	120	99	1	1.0
2178	585,909	14,22	828,382	24,5	108	99	1	1.0
2179	33,62	31,30	38,18	43,11	155	99	1	1.0
2182	618,803	0,0	726,347	1,0	265	99	1	1.0
2183	38,44	7,19	51,15	17,6	114	99	1	1.0
2184	132,103	21,22	120,40	23,11	101	99	1	1.0
2185	325,518	106,150	367,201	152,82	210	99	1	1.0
2186	205,359	29,21	325,142	11,5	654	99	0.164811125409	1.0
2187	47,65	73,90	59,50	65,45	102	99	1	1.0
2188	3,11	0,2	4,8	3,1	104	99	0.712764636934	1.0
2190	84,112	0,1	78,53	0,0	105	99	1	1.0
2191	66,95	249,378	108,62	283,129	102	99	1	1.0
2192	15,10	2,0	24,12	1,0	704	99	1	1.0
2193	31,52	4,3	34,13	3,5	119	99	1	1.0
2194	58,60	4,13	32,31	5,3	115	99	1	1.0
2195	19,23	103,163	5,8	38,33	102	99	1	1.0
2196	422,595	52,66	347,170	42,20	141	99	1	1.0
2198	124,145	2,14	145,64	3,3	142	99	1	1.0
2203	807,1184	0,0	768,301	0,2	103	99	1	1.0
2204	45,72	2717,3836	58,25	3510,1717	283	99	1	1.0
2205	0,3	107,183	0,0	141,54	135	99	1	1.0
2206	2,8	21,54	5,2	26,6	134	99	1	1.0
2207	10,3	184,169	30,6	358,154	118	99	1	1.0
2209	19,39	28,16	21,2	19,6	102	99	0.837563856567	1.0
2210	432,459	1,0	416,265	0,0	293	99	1	1.0
2211	33,57	133,183	41,20	162,125	115	99	1	1.0
2212	32,54	480,735	34,14	658,341	118	99	1	1.0
2213	14,13	3,5	11,11	4,3	111	99	1	1.0
2214	19,27	2,1	13,5	0,3	111	99	1	1.0
2215	2,14	3,4	13,7	1,1	120	99	0.131816354322	1.0
2216	57,91	3,4	77,40	1,1	141	99	1	1.0
2219	125,174	90,109	128,55	128,41	111	99	1	1.0
2220	132,207	133,183	120,59	214,76	102	99	0.483926361323	1.0
2221	10,4	249,273	10,6	332,94	129	99	1	1.0
2222	40,53	2,5	97,36	13,2	113	99	1	1.0
2224	11,10	566,727	2,3	438,179	116	99	1	1.0
2225	47,70	5,12	36,30	4,1	117	99	1	1.0
2227	32,15	183,234	46,25	391,162	198	99	1	1.0
2228	90,99	1859,2524	111,38	2008,892	910	99	1	1.0
2229	169,247	5,6	194,112	8,1	369	99	1	1.0
2230	19,24	21,19	18,17	22,8	145	99	1	1.0
2232	130,167	73,117	73,65	99,74	171	99	0.135975994836	1.0
2233	11,6	71,94	10,4	62,33	103	99	1	1.0
2234	294,459	50,91	599,283	73,51	178	99	1	1.0
2235	4,7	22,29	2,3	11,11	129	99	1	1.0
2236	18,13	6,3	12,6	0,1	102	99	0.0682837928758	1.0
2237	43,65	16,50	33,5	14,6	125	99	1	1.0
2238	23,49	729,1027	18,11	805,347	102	99	1	1.0
2239	65,53	13,14	45,22	7,9	104	99	1	1.0
2240	1,7	7,22	1,3	14,10	112	99	1	1.0
2241	7,5	253,362	3,0	312,125	147	99	1	1.0
2242	91,136	6,13	86,74	2,0	302	99	0.0504517587351	1.0
2243	39,55	33,34	25,18	29,13	105	99	1	1.0
2244	7,16	55,50	12,7	37,20	102	99	1	1.0
2245	338,482	218,359	403,168	306,153	317	99	1	1.0
2247	197,210	73,119	111,53	63,24	102	99	1	1.0
2248	227,297	244,331	123,62	288,121	105	99	0.0670890829387	1.0
2249	45,46	21,25	41,25	24,9	121	99	1	1.0
2250	2200,2475	5,11	2098,1038	12,5	143	99	1	1.0
2252	322,419	0,1	304,136	5,0	189	99	1	1.0
2253	201,235	1,0	198,85	1,0	189	99	1	1.0
2255	150,230	5,9	147,54	1,0	114	99	1	1.0
2256	1,5	21,35	7,1	29,6	110	99	1	1.0
2257	0,0	0,6	1,2	0,1	102	99	1	1.0
2258	4,5	1,13	7,2	0,1	113	99	0.00286338509624	0.426071702320512
2259	47,50	4,1	68,29	0,2	117	99	1	1.0
2262	352,484	2,0	466,225	0,0	925	99	1	1.0
2263	22,49	10,1	20,24	8,1	340	99	1	1.0
2264	111,164	429,633	97,71	608,228	754	99	1	1.0
2265	99,116	429,633	85,48	608,228	513	99	1	1.0
2266	1277,1418	6,4	1194,543	8,0	104	99	1	1.0
2267	39,34	1370,1597	36,14	1454,523	102	99	1	1.0
2268	4,10	221,394	6,0	312,104	102	99	1	1.0
2270	12,21	17,18	15,5	18,13	102	99	0.950262209958	1.0
2273	8,2	5,6	10,3	3,4	437	99	0.943209099574	1.0
2274	18,22	363,443	22,12	317,146	297	99	1	1.0
2275	558,731	3,1	493,231	1,2	267	99	1	1.0
2277	11,17	26,24	3,5	30,18	102	99	0.10175779723	1.0
2278	8,18	3,2	8,3	1,0	102	99	1	1.0
2279	8,12	6,8	1,1	6,2	130	99	0.00741100646334	0.64843902124758
2280	74,96	1,14	67,32	1,2	115	99	1	1.0
2281	708,811	5,8	637,345	9,3	634	99	1	1.0
2283	14,7	25,40	12,15	107,35	107	99	1	1.0
2285	2,0	32,46	1,0	22,12	120	99	1	1.0
2286	55,62	3,1	42,27	2,1	215	99	1	1.0
2287	111,123	13,16	68,31	6,8	104	99	1	1.0
2288	70,41	265,252	49,21	235,133	127	99	1	1.0
2289	673,885	0,2	633,266	0,0	274	99	1	1.0
2290	23,32	107,188	19,11	133,72	120	99	1	1.0
2292	256,355	24,23	234,112	21,4	104	99	1	1.0
2293	365,453	1,0	619,346	0,0	228	99	1	1.0
2294	1,2	61,113	1,0	40,34	138	99	1	1.0
2296	155,179	27,64	270,133	42,27	102	99	1	1.0
2297	15,13	79,105	6,7	77,37	102	99	1	1.0
2298	134,177	8,19	117,56	11,2	102	99	1	1.0
2299	135,154	0,0	168,61	2,0	104	99	1	1.0
2301	10,27	118,90	14,7	135,58	434	99	1	1.0
2303	9,55	3,2	38,12	1,0	105	99	1	1.0
2304	0,1	4,8	1,0	12,14	108	99	1	1.0
2305	699,1157	253,418	970,467	152,60	102	99	0.0388319302971	1.0
2306	54,93	2,0	66,22	0,0	103	99	1	1.0
2307	58,79	13,13	68,32	10,6	191	99	1	1.0
2308	19,29	66,104	23,10	63,42	102	99	1	1.0
2309	2,5	0,1	1,4	0,0	103	99	1	1.0
2310	42,30	0,2	50,30	4,0	128	99	1	1.0
2311	193,235	86,120	207,66	124,35	156	99	1	1.0
2312	5,2	4,8	1,2	1,0	117	99	0.00366147226378	0.45719930085904004
2314	21,19	76,75	47,15	94,32	107	99	0.722055346718	1.0
2315	31,55	90,83	36,16	131,47	277	99	1	1.0
2318	0,2	0,2	2,0	0,0	129	99	1	1.0
2320	249,312	9,4	317,155	10,1	103	99	1	1.0
2321	240,309	18,36	244,123	54,19	103	99	1	1.0
2322	158,194	105,140	214,104	159,36	102	99	1	1.0
2323	23,7	11,16	12,7	9,8	102	99	1	1.0
2324	3,14	81,113	9,6	45,30	112	99	1	1.0
2326	120,203	0,5	131,61	15,9	120	99	0.658301486966	1.0
2327	1,4	9,16	0,4	16,5	102	99	1	1.0
2328	36,20	9,11	12,9	2,5	124	99	1	1.0
2329	18,30	133,140	13,8	128,53	742	99	1	1.0
2331	6,11	65,81	14,3	60,26	125	99	1	1.0
2332	34,33	11,11	33,11	11,9	128	99	1	1.0
2333	78,99	1,0	114,51	0,2	111	99	1	1.0
2335	3,2	44,46	6,1	48,19	117	99	1	1.0
2336	13,11	116,126	25,2	119,45	102	99	1	1.0
2338	23,33	45,91	34,17	81,35	118	99	1	1.0
2339	22,69	10,25	62,27	26,11	102	99	1	1.0
2340	3,4	58,83	2,1	31,12	150	99	1	1.0
2342	39,36	247,374	57,17	324,124	114	99	1	1.0
2343	92,124	3,5	55,20	1,1	112	99	1	1.0
2344	98,148	1,1	104,62	10,2	224	99	0.771791874015	1.0
2346	124,254	95,132	165,78	120,58	102	99	1	1.0
2347	0,7	113,187	0,1	118,54	152	99	1	1.0
2348	54,76	11,13	84,48	10,6	115	99	1	1.0
2349	11,17	10,3	4,1	13,1	104	99	0.0326716566186	1.0
2350	338,428	50,66	355,163	65,18	102	99	1	1.0
2351	4,5	84,121	6,3	143,49	111	99	1	1.0
2353	56,79	39,50	69,23	34,14	102	99	1	1.0
2354	42,41	220,381	38,8	237,139	137	99	1	1.0
2356	30,55	1,5	20,15	0,0	120	99	1	1.0
2357	148,182	29,23	143,48	18,5	152	99	1	1.0
2358	101,107	29,23	79,30	18,5	175	99	1	1.0
2359	26,23	73,98	12,8	76,26	122	99	1	1.0
2360	327,503	296,454	322,205	281,170	128	99	1	1.0
2361	4,0	72,77	0,0	78,54	128	99	1	1.0
2362	90,84	19,21	69,49	14,12	102	99	1	1.0
2363	32,34	12,24	17,19	25,5	102	99	1	1.0
2365	4,1	1,0	2,0	7,4	102	99	1.39255886697e-05	0.00621638278215408
2367	30,57	25,36	23,13	6,1	118	99	0.0245543258738	1.0
2370	0,4	11,23	0,0	7,6	252	99	1	1.0
2372	2,0	19,14	0,0	10,8	156	99	1	1.0
2373	185,239	25,21	181,111	21,5	102	99	1	1.0
2374	1,4	5,4	2,0	17,2	110	99	0.300526782473	1.0
2375	2,2	36,51	8,5	29,12	113	99	0.14924514121	1.0
2377	81,129	155,239	77,38	146,63	150	99	1	1.0
2378	17,35	205,275	16,15	250,132	267	99	1	1.0
2379	10,12	29,30	10,4	13,11	102	99	1	1.0
2381	197,282	435,636	210,100	614,318	113	99	1	1.0
2382	350,435	0,1	413,186	0,0	114	99	1	1.0
2383	3,12	4,6	0,1	0,1	111	99	1	1.0
2384	213,340	5,17	250,108	5,4	135	99	1	1.0
2385	8,10	49,88	7,1	68,36	313	99	1	1.0
2386	23,43	16,20	24,14	14,9	115	99	1	1.0
2387	8,7	177,248	4,0	209,93	481	99	1	1.0
2388	11,9	2,8	1,5	2,0	105	99	0.145478803338	1.0
2390	41,84	0,2	87,68	0,0	332	99	1	1.0
2391	142,157	277,337	271,116	198,110	102	99	0.000378806756626	0.098235368168216
2392	181,239	15,26	161,84	34,1	177	99	1	1.0
2393	294,395	0,0	546,237	0,1	227	99	1	1.0
2395	135,143	0,0	67,40	0,1	117	99	1	1.0
2396	263,366	11,40	221,115	22,17	104	99	1	1.0
2398	33,60	15,11	70,23	18,4	107	99	1	1.0
2399	29,46	17,18	29,21	14,3	246	99	0.90114533971	1.0
2400	95,130	17,18	109,57	14,3	441	99	0.852202834939	1.0
2401	67,85	1,0	82,38	2,2	294	99	1	1.0
2402	9,3	37,53	3,1	49,6	114	99	1	1.0
2403	23,26	96,122	21,8	97,52	538	99	1	1.0
2404	112,108	10,11	90,47	12,4	143	99	1	1.0
2405	504,643	326,333	293,181	310,138	493	99	1	1.0
2406	1,3	39,59	1,2	62,21	115	99	1	1.0
2408	420,603	8,21	479,239	12,1	150	99	1	1.0
2409	34,43	181,330	27,23	200,116	383	99	1	1.0
2410	55,51	12,31	35,28	25,11	387	99	1	1.0
2411	187,267	2,2	185,111	0,0	440	99	1	1.0
2412	227,327	81,100	222,132	87,50	455	99	1	1.0
2413	202,338	12,31	208,121	25,11	103	99	1	1.0
2414	334,554	2,2	358,204	0,0	156	99	1	1.0
2415	374,614	81,100	395,225	87,50	171	99	1	1.0
2416	144,247	2,2	175,94	0,0	152	99	1	1.0
2417	184,307	81,100	212,115	87,50	167	99	1	1.0
2418	42,62	81,100	37,21	87,50	114	99	1	1.0
2419	269,313	7,8	343,105	12,7	116	99	1	1.0
2420	1069,1524	0,0	1189,483	1,0	103	99	1	1.0
2421	2,4	14,20	6,0	9,4	125	99	1	1.0
2423	28,34	208,263	28,18	289,116	128	99	1	1.0
2424	8,10	3,0	20,5	1,2	119	99	1	1.0
2425	0,2	58,63	4,0	55,21	114	99	1	1.0
2426	158,294	0,4	181,96	0,1	232	99	1	1.0
2427	2861,3837	3,5	2567,1106	7,2	133	99	1	1.0
2428	2190,2934	0,1	1856,891	0,0	161	99	1	1.0
2429	688,1021	8,22	701,330	16,4	102	99	1	1.0
2430	1,4	8,13	2,1	24,8	237	99	1	1.0
2431	199,317	128,143	186,108	167,74	105	99	1	1.0
2432	64,99	99,161	102,29	99,49	102	99	1	1.0
2433	103,112	0,1	106,39	0,0	105	99	1	1.0
2435	208,236	0,1	206,58	0,0	309	99	1	1.0
2436	1,1	14,23	2,1	26,10	126	99	1	1.0
2437	1,0	4,10	3,1	3,3	126	99	0.320929094059	1.0
2438	31,40	6,7	60,30	7,5	235	99	1	1.0
2439	262,422	2,0	271,130	0,0	227	99	1	1.0
2440	18,14	530,827	7,6	565,238	132	99	1	1.0
2441	1,2	24,43	0,0	41,26	137	99	1	1.0
2443	1,4	4,1	0,0	1,0	125	99	1	1.0
2445	30,43	4,7	21,13	0,0	220	99	0.0290495597058	1.0
2446	25,23	715,1032	3,9	614,258	287	99	1	1.0
2449	113,212	35,37	134,66	38,15	111	99	1	1.0
2450	22,16	2,10	5,2	2,4	117	99	0.416320599341	1.0
2451	0,0	890,1138	1,0	1301,510	141	99	1	1.0
2452	80,127	135,175	82,38	169,81	102	99	1	1.0
2453	29,36	160,206	37,27	210,107	602	99	1	1.0
2455	262,463	144,283	171,147	197,82	268	99	1	1.0
2456	344,450	11,21	380,140	13,3	129	99	1	1.0
2457	107,115	4,14	38,34	10,5	119	99	0.909702185108	1.0
2458	6,8	251,367	4,3	293,125	364	99	1	1.0
2459	140,183	0,0	157,76	0,1	213	99	1	1.0
2460	115,121	0,0	51,49	0,1	284	99	1	1.0
2462	146,139	153,169	213,92	103,34	102	99	0.0012532561975	0.20158349733936
2463	2,7	4,4	7,3	13,4	166	99	1	1.0
2464	3,2	1,6	1,1	0,1	112	99	0.00764535744635	0.64843902124758
2465	26,16	49,62	9,8	42,22	383	99	1	1.0
2466	50,90	4,5	45,28	0,1	156	99	1	1.0
2467	282,323	0,1	288,123	1,0	129	99	1	1.0
2468	130,156	0,4	118,52	2,0	103	99	1	1.0
2469	27,60	1,1	20,13	0,1	105	99	1	1.0
2470	67,75	21,18	54,28	37,17	102	99	0.130698775916	1.0
2472	61,86	148,177	52,15	169,65	111	99	1	1.0
2473	6,6	15,19	7,0	12,9	127	99	1	1.0
2474	8,5	1,0	9,3	0,0	123	99	1	1.0
2475	75,107	0,0	73,33	1,0	113	99	1	1.0
2477	3,7	110,247	6,5	209,83	114	99	1	1.0
2478	55,78	64,91	51,33	75,38	113	99	1	1.0
2479	349,544	0,0	272,231	2,0	155	99	1	1.0
2480	221,234	50,44	171,86	60,14	117	99	1	1.0
2481	113,148	135,189	70,25	203,65	102	99	0.0298912958002	1.0
2482	1175,1483	1,0	1208,720	0,0	476	99	1	1.0
2484	4,3	15,40	7,3	13,15	110	99	0.701242458883	1.0
2485	3,4	9,14	0,1	1,0	110	99	0.0477470400881	1.0
2487	19,11	13,11	20,6	6,5	179	99	0.675286619718	1.0
2488	12,6	25,30	15,15	38,11	342	99	1	1.0
2489	757,984	14,19	1392,736	23,10	587	99	1	1.0
2492	278,394	28,63	170,96	19,11	132	99	1	1.0
2493	33,27	0,1	31,17	0,0	107	99	1	1.0
2494	66,85	23,11	131,78	28,11	497	99	1	1.0
2495	46,39	23,11	61,38	28,11	524	99	1	1.0
2496	22,21	38,63	35,33	104,67	126	99	1	1.0
2497	20,23	1,4	6,5	4,3	103	99	0.113493624308	1.0
2498	58,103	26,44	83,34	29,10	134	99	1	1.0
2499	169,247	5,16	194,89	10,2	102	99	1	1.0
2500	233,317	0,5	280,108	4,2	180	99	1	1.0
2501	505,479	1,0	510,181	0,0	244	99	1	1.0
2502	47,95	10,17	57,26	4,5	116	99	1	1.0
2503	18,27	13,21	8,20	8,2	114	99	0.490798436052	1.0
2504	1,1	4,6	0,1	6,2	172	99	1	1.0
2505	30,43	7,6	29,14	1,0	111	99	0.321085457419	1.0
2506	21,21	31,33	62,25	48,18	121	99	0.258005664087	1.0
2507	2,5	11,5	1,1	9,3	118	99	0.254972379269	1.0
2508	85,141	0,1	75,34	0,0	123	99	1	1.0
2509	110,163	1,5	104,46	0,0	289	99	1	1.0
2510	6,6	0,1	11,6	0,0	135	99	1	1.0
2511	27,75	123,129	34,34	114,64	316	99	1	1.0
2512	10,14	178,292	9,1	243,133	374	99	1	1.0
2513	68,94	256,427	152,57	305,102	121	99	0.223058668309	1.0
2514	141,244	0,1	104,79	0,0	114	99	1	1.0
2515	286,425	1,1	231,126	0,0	331	99	1	1.0
2516	32,51	148,178	31,17	162,63	102	99	1	1.0
2517	87,137	53,84	137,61	60,31	102	99	1	1.0
2518	444,527	0,0	500,226	1,0	103	99	1	1.0
2519	0,1	15,31	2,2	13,4	165	99	1	1.0
2521	211,239	1,0	184,70	1,0	289	99	1	1.0
2522	604,688	1,0	575,238	1,0	421	99	1	1.0
2523	395,449	2,0	391,169	0,1	231	99	1	1.0
2524	5,3	6,10	3,1	2,1	104	99	0.418143213693	1.0
2525	17,20	8,11	13,6	11,4	104	99	1	1.0
2526	49,50	2,1	21,10	0,0	128	99	1	1.0
2527	2,2	1,8	2,0	4,1	102	99	0.405878485447	1.0
2528	1,0	0,0	3,0	1,0	163	99	1	1.0
2530	1163,1732	16,30	1331,689	19,15	217	99	1	1.0
2531	183,220	68,119	145,107	49,23	102	99	1	1.0
2532	101,133	0,1	68,47	0,0	101	99	1	1.0
2533	214,275	1,4	234,97	1,0	141	99	1	1.0
2534	7,2	174,244	5,1	202,89	123	99	1	1.0
2536	94,98	155,209	84,57	185,91	102	99	1	1.0
2537	5,5	83,90	3,2	83,37	104	99	1	1.0
2538	0,4	25,32	18,3	18,7	112	99	0.00126441261772	0.20158349733936
2539	9,7	78,88	10,1	57,29	136	99	1	1.0
2540	1,1	55,85	0,2	16,32	102	99	1	1.0
2541	39,76	1,6	41,36	0,0	269	99	1	1.0
2542	39,73	10,11	41,38	8,3	269	99	1	1.0
2543	2,7	261,341	5,2	290,126	258	99	1	1.0
2544	252,335	11,22	253,102	14,5	102	99	1	1.0
2546	10,16	0,1	18,1	0,0	281	99	1	1.0
2547	6,12	45,55	4,1	45,23	108	99	1	1.0
2548	43,101	0,4	77,42	1,0	144	99	1	1.0
2549	12,28	66,86	29,21	47,27	286	99	0.957512898102	1.0
2550	313,403	0,0	399,240	0,1	296	99	1	1.0
2551	19,36	5,7	32,14	8,2	128	99	1	1.0
2552	22,56	5,3	45,22	0,1	145	99	1	1.0
2553	8,27	5,3	21,10	0,1	116	99	0.246482908119	1.0
2554	726,1064	196,348	901,443	314,145	105	99	1	1.0
2555	29,22	2,7	17,9	0,0	102	99	0.709700455708	1.0
2556	10,17	2,1	8,11	0,1	174	99	1	1.0
2557	0,4	7,11	0,0	2,3	135	99	1	1.0
2559	202,235	0,2	163,101	0,0	486	99	1	1.0
2560	196,212	8,3	157,73	0,1	105	99	1	1.0
2561	26,24	227,377	15,16	199,95	104	99	1	1.0
2562	4,5	4,0	7,1	5,0	106	99	1	1.0
2563	1501,1951	2,9	1406,748	1,2	108	99	1	1.0
2564	83,51	5,8	81,65	0,2	116	99	1	1.0
2565	10,6	18,17	4,5	9,6	223	99	1	1.0
2567	9,17	23,26	14,10	47,22	226	99	1	1.0
2568	29,18	258,352	29,9	216,107	353	99	1	1.0
2569	46,49	6,13	24,20	7,3	487	99	1	1.0
2570	150,175	20,30	112,61	13,9	228	99	1	1.0
2571	44,55	86,123	49,18	99,58	102	99	1	1.0
2572	467,795	1,6	365,177	3,0	269	99	1	1.0
2573	1,6	1,0	4,3	2,0	102	99	1	1.0
2574	11,9	9,12	11,2	2,1	102	99	0.0341956613358	1.0
2575	406,606	1,7	402,245	3,1	102	99	1	1.0
2576	36,37	41,70	28,15	37,29	115	99	1	1.0
2577	35,46	437,698	12,18	429,218	534	99	1	1.0
2578	7,5	50,75	8,4	55,28	126	99	1	1.0
2580	9,16	175,244	20,2	169,65	104	99	1	1.0
2581	73,91	5,6	103,35	8,3	125	99	1	1.0
2582	63,90	0,1	56,12	0,0	104	99	1	1.0
2583	10,28	457,624	20,3	583,240	503	99	1	1.0
2584	31,60	11,13	36,27	5,6	133	99	1	1.0
2585	60,107	164,240	80,49	163,80	113	99	1	1.0
2590	11,23	0,0	13,2	1,0	115	99	1	1.0
2591	114,141	0,0	155,87	5,2	499	99	0.719514260118	1.0
2592	27,14	142,145	16,11	81,33	291	99	1	1.0
2593	89,139	1,4	106,33	6,0	103	99	1	1.0
2594	673,861	4,15	845,429	5,2	485	99	1	1.0
2595	590,793	2,5	681,287	1,1	415	99	1	1.0
2596	21,44	6,9	16,21	7,1	102	99	1	1.0
2597	38,80	159,222	107,29	252,94	110	99	1	1.0
2598	3,16	78,106	1,0	92,50	102	99	1	1.0
2599	177,208	81,107	107,39	70,24	250	99	1	1.0
2600	6,6	301,460	11,6	263,109	117	99	1	1.0
2601	17,21	152,203	16,11	147,94	135	99	1	1.0
2603	16,14	75,99	11,4	57,18	135	99	1	1.0
2605	20,23	139,169	10,9	104,67	129	99	1	1.0
2606	16,15	58,126	4,0	40,30	116	99	1	1.0
2607	51,71	29,56	46,41	41,16	114	99	1	1.0
2608	113,155	816,938	91,45	684,341	102	99	1	1.0
2609	9,1	46,48	5,2	37,13	110	99	1	1.0
2612	15,18	29,36	15,9	38,10	120	99	1	1.0
2613	95,69	1124,1411	102,35	1365,623	286	99	1	1.0
2614	361,472	32,46	514,196	57,37	105	99	1	1.0
2615	379,513	24,44	531,210	57,21	143	99	1	1.0
2616	645,804	1,4	643,380	1,0	629	99	1	1.0
2617	20,17	28,37	19,9	27,5	102	99	0.76025667545	1.0
2618	15,19	34,44	4,1	19,17	228	99	0.737008330585	1.0
2620	162,210	1,0	170,76	1,0	150	99	1	1.0
2622	31,34	58,102	23,24	70,45	429	99	1	1.0
2623	2,1	49,54	0,0	20,15	102	99	1	1.0
2624	137,204	0,0	237,123	1,0	183	99	1	1.0
2625	267,292	4,0	288,197	0,0	220	99	1	1.0
2626	10274,13315	0,5	11408,5866	0,0	971	99	1	1.0
2627	24,33	432,667	29,11	525,252	329	99	1	1.0
2628	24,32	39,68	22,15	50,22	115	99	1	1.0
2629	23,9	2,0	9,3	0,0	128	99	1	1.0
2630	15,26	46,57	12,8	37,21	102	99	1	1.0
2631	110,121	6,4	84,47	3,6	131	99	1	1.0
2638	184,226	0,1	189,124	1,2	120	99	1	1.0
2640	16,12	4,0	8,4	1,1	116	99	1	1.0
2641	46,44	22,42	46,16	26,15	113	99	1	1.0
2642	4,15	35,57	5,4	31,19	143	99	1	1.0
2644	1,5	49,71	3,2	60,18	121	99	1	1.0
2645	12,7	21,19	7,3	19,1	116	99	1	1.0
2647	1,4	27,25	1,0	39,14	126	99	1	1.0
2648	9,5	27,25	10,4	39,14	104	99	1	1.0
2650	302,403	4,2	250,157	4,2	248	99	1	1.0
2652	101,156	3,2	98,45	2,0	108	99	1	1.0
2653	2867,2384	2,6	1795,512	4,0	201	99	1	1.0
2654	4042,3404	1,0	2414,700	0,0	231	99	1	1.0
2655	4557,3773	0,0	2739,775	1,0	240	99	1	1.0
2656	215,162	1,1	148,28	0,0	120	99	1	1.0
2657	1177,1026	1,0	623,188	0,0	129	99	1	1.0
2658	1692,1395	0,0	948,263	1,0	138	99	1	1.0
2659	516,369	0,0	325,75	1,0	108	99	1	1.0
2660	738,576	65,53	517,136	27,14	120	99	1	1.0
2661	1179,1020	2,0	620,188	0,0	129	99	1	1.0
2662	2467,2047	0,0	1373,429	1,1	162	99	1	1.0
2663	1290,1027	0,0	753,241	1,1	132	99	1	1.0
2664	1729,1422	37,41	963,269	22,10	138	99	1	1.0
2665	1178,1022	203,210	625,188	104,37	129	99	1	1.0
2666	1693,1391	1,0	950,263	0,0	138	99	1	1.0
2667	718,579	1,0	429,112	0,0	108	99	1	1.0
2668	411,522	10,10	382,281	7,2	1706	99	0.912865269624	1.0
2669	8,8	21,13	8,5	3,12	123	99	0.689044296528	1.0
2670	9,5	94,99	7,1	48,18	108	99	1	1.0
2671	1166,1555	0,0	1589,626	1,0	102	99	1	1.0
2672	4,1	1,4	0,6	1,8	130	99	0.840493903882	1.0
2673	0,0	190,224	4,0	126,90	123	99	1	1.0
2674	44,105	7,27	65,24	22,13	105	99	0.935379394834	1.0
2675	4,11	88,129	12,8	97,46	102	99	1	1.0
2676	163,174	3,0	128,56	4,5	103	99	1	1.0
2677	6,8	126,160	5,1	137,67	183	99	1	1.0
2678	2,2	12,6	2,0	7,1	164	99	1	1.0
2680	4,0	12,17	3,4	9,0	273	99	0.252174489984	1.0
2681	17,13	73,95	16,23	57,26	102	99	0.304750700812	1.0
2683	88,125	0,2	88,49	0,0	114	99	1	1.0
2684	16,14	17,16	1,5	15,10	111	99	0.0532849639251	1.0
2685	253,212	1,0	284,92	0,0	108	99	1	1.0
2686	44,45	1,1	29,20	3,0	104	99	1	1.0
2687	16,23	17,21	16,5	18,7	104	99	1	1.0
2688	213,311	1,0	265,63	1,0	106	99	1	1.0
2689	7,3	148,202	1,1	141,51	119	99	1	1.0
2690	26,16	1,0	31,8	0,0	165	99	1	1.0
