Name	Chr	Start	End	Strand	Score	Cai	Parker	Sun	Wang
AT5G03830	5	1018641	1018655	+	0.0144569061448915			1	0.5
AT1G74810	1	28107927	28107935	+	0.0010496202730454	0.5473851859	0.6337098023		
AT1G20060	1	6952306	6952309	-	0.0023967240462932	0.5736600122		0.5837757371	
AT2G17500	2	7606823	7606870	+	4.19254454778305E-07	0.5075756794	0.382552092	0.4082309166	0.9111104701
AT1G64300	1	23863287	23863291	+	0.0004724216198764	0.5204485992		0.5647696931	
AT1G77890_and_AT1G77910	1	29293272	29293278	+	5.37795672549484E-06	0.4820953445	0.5090583448	0.6023291182	
AT3G27010	3	9957540	9957559	-	0.0003902057643558		0.2226096975	0.25	1
AT1G01020	1	8571	8594	-	2.16559788796171E-05	0.4831529104	0.3862512272	0.4822092587	
AT5G26940	5	9480770	9480786	+	0.0008562543500025	0.3333333333		0.5	0.5
AT1G65150	1	24205563	24205571	-	0.0004861723111214	0.2013980527			0.6764915441
AT3G20070	3	7006706	7006734	-	0.0003204195619597	0.3056338617	0.4398710964	0.5688706041	
AT3G63460	3	23434944	23434950	-	1.44276387389889E-06	0.3863730251	0.4354928643	0.4674456153	0.4488601144
AT3G03770	3	948736	948795	-	0.0137314058687206	0.1171060284			0.743824598
AT1G16780_and_AT1G16800	1	5744112	5744139	-	0.002129813268619	0.3841958062	0.4616165065		
AT2G06025	2	2350115	2350202	+	0.0066985623523094		0.4562005205	0.3865897383	
AT4G23910	4	12426711	12426729	+	3.29100388562983E-06	0.493785822	0.4258827612	0.5595152541	0.1983146136
AT5G11630_and_AT5G11640	5	3740877	3740942	+	1.22755132665861E-05	0.3762786177	0.4456841101	0.5123261937	0.3203829022
AT4G24230	4	12567132	12567144	-	0.020992828777027		0.2277452876	0.5868692666	
AT3G19460	3	6748904	6748909	+	0.0003092934606911	0.3446487625	0.3514172482	0.4881721406	
AT4G00450	4	202292	202396	+	0.0131640047454616			0.3620960373	0.4101658087
AT5G46740	5	18967803	18967823	-	0.0319277929807339	0.3995714807	0.3634940829		
AT3G05380	3	1539728	1539763	+	0.000145007181147	0.4686773711	0.3361061545	0.3361739129	
AT3G14150	3	4692927	4692931	-	0.0002836410655531	0.4034118993	0.3524326642	0.3698608169	
AT4G01600	4	693500	693515	+	0.0195244281696283	0.2831048257		0.4647021244	
AT3G21175	3	7423328	7423334	+	2.25744195897004E-06	0.2980766083	0.315106455	0.3246139548	0.4784205778
AT5G07980_and_AT5G01465	5	2554701	2554771	-	0.0282775061162718	0.2160567521		0.4918612096	
AT1G31550	1	11295991	11296000	-	1.17682142241758E-08	0.2245433127		0.5707094016	0.2646171037
AT2G43490	2	18058045	18058057	-	0.0055852407396799	0.3395493203	0.3494628573		
AT3G20070	3	7006635	7006734	-	0.0172174580990696		0.2834975659	0.4044618321	
AT2G48130	2	19683832	19684144	-	7.36283360766772E-05		0.297612908	0.2867249988	0.4412072687
AT1G73390	1	27594495	27594499	-	4.53182605702356E-06	0.3339742769	0.2764097798	0.3648607242	
AT1G04053_and_AT1G01760	1	276623	276706	-	0.0009313783538002		0.2063314629	0.4126122415	
AT3G09670	3	2966513	2966520	+	0.0146041687481044		0.2401208549	0.3716359084	
AT5G37690	5	14975878	14975902	-	0.0297124083045835		0.285827461	0.3200006806	
AT2G04790	2	1679886	1679909	+	5.16351769557162E-05	0.2532934905	0.3482693394	0.3048899475	
AT5G44750	5	18056573	18056585	+	0.0008014108278142	0.3925685282	0.1868430124	0.3142269972	
AT3G05640	3	1642849	1642890	-	0.0106274544597002		0.2683343373	0.3234512559	
AT3G07510	3	2394568	2394574	-	1.47337848723265E-06	0.3600233865	0.3350337997	0.1820349633	0.3041445068
AT1G59890	1	22046226	22046241	+	9.24298387623592E-07	0.2650869857	0.2369340264	0.3713942134	
AT2G41600	2	17345988	17345993	-	0.0053110942250627		0.1587173017		0.4204957839
AT3G05932_and_AT3G05935	3	1770911	1771533	-	0.0110104775849434	0.2552510283	0.2848956904		
AT1G55000	1	20516178	20516205	+	4.73516252567552E-07	0.1798662445	0.1208302311		0.5072187649
AT2G02960	2	863995	864020	-	0.0080757509557525		0.2121461759	0.3232561974	
AT5G01300	5	121483	121737	-	0.0146041687481044			-0.4743008638	1
AT2G17033	2	7401232	7401235	+	0.0073714680952697		0.2039172695		0.3185846695
AT4G35770	4	16945832	16945909	+	0.0252206019619718		0.0667287158	0.4548894771	
AT5G35330	5	13525621	13525642	-	0.0007101560446395	0.2350548509	0.2040284093	0.3282000384	
AT4G02600	4	1144052	1144137	+	0.0202954630467862		0.1098384853		0.4013433714
AT2G17033	2	7401232	7401248	+	0.0074245311230054		0.1519381383		0.3480218083
AT4G30900	4	15039550	15039566	+	0.0231524405118247		0.2344506022	0.2642143549	
AT5G26940	5	9480308	9480770	+	0.000847660563145	0.1529687235		0.2062736614	0.3879055993
AT2G17500	2	7606944	7606963	+	9.29336154486107E-05	0.234584255	0.171198362	0.3392106677	
AT5G37850	5	15065479	15065512	+	0.0007410725556092	0.310312935	0.2374597902	0.1964345788	
AT5G08440	5	2724389	2724392	+	0.0011054322512551	0.2742444422	0.1838796518	0.2853449743	
AT5G37850	5	15065479	15065605	+	0.0007449984589808	0.2302677105	0.2560975999	0.2515421858	
AT1G24793_and_AT1G24800	1	8768808	8768836	+	0.0029432167232765	0.2549810674	0.233788882		
AT1G18950	1	6550763	6550769	+	0.0025203365215752	0.2173972157	0.2691677022		
AT1G49340	1	18253848	18253869	+	5.7376955470873E-05		0.164039255		0.3195298603
AT3G14010	3	4638932	4638938	+	0.0002815693697208	0.168899849	0.2516638104	0.2776811819	
AT5G61300_and_AT5G61310	5	24654770	24654845	-	0.0268763767063255	0.2960916895		0.1677756179	
AT1G07700	1	2379729	2379798	+	1.4670396124141E-06	0.2406670585	0.1751925578	0.2773992903	
AT3G07565	3	2415061	2415064	+	0.0002366443657957	0.2481869686	0.1695474532	0.2633981937	
AT4G14965	4	8552747	8552769	+	5.92720479649467E-06	0.2321128071	0.1274960891	0.158995455	0.3589742291
AT5G10940	5	3452076	3452085	-	0.0011311385778708	0.1402023073	0.2633776229	0.2457419858	
AT5G60170	5	24229700	24229706	+	0.0352230301942097	0.2179275464	0.2133368552		
AT1G29040_and_AT1G29041	1	10134777	10134797	+	2.74610149855259E-10	0.1822884359	0.2382997508	0.2243280569	
AT1G13940	1	4766470	4766594	-	1.0490032271458E-05	0.1897475539	0.1393195346	0.310897153	
AT1G71240	1	26856087	26856090	+	0.0007498871561803		-0.1121921369		0.5273849587
AT1G55810	1	20860710	20860831	+	0.0002290340301528		0.1292009719	0.2849817156	
AT1G10570	1	3488329	3488332	+	7.37286537409237E-06	0.2660742377	0.1517793517	0.2031004593	
AT5G42940	5	17220362	17220386	-	7.35538323886989E-06	0.1521845392	0.1224710115	0.161096428	0.3887962315
AT3G06680	3	2114726	2114748	-	0.0126770289876908		-0.0839208204		0.4941598436
AT5G63460	5	25414413	25414448	-	0.0372733289948613	0.2133715025	0.1962599506		
AT1G49950	1	18497084	18497129	-	1.27659766847477E-07	0.2322028529	0.1889198263	0.1881236403	
AT5G61150	5	24604075	24604081	-	1.00928721784407E-05	0.2015948525	0.2029647834	0.2190847617	0.1880453645
AT1G02260	1	442620	442718	-	9.58680677755193E-06	0.2849267148	0.1479815008	0.173049738	
AT3G57050	3	21114162	21114207	-	1.17514019256486E-06	0.1886867571	0.2041625996	0.2228698548	0.18973497
AT3G62940	3	23264238	23264254	-	0.0002257627540113	0.1814441792	0.2078690201	0.2121183985	
AT5G18640	5	6213067	6213160	+	0.0012379019621164		0.1242845046	0.1539177215	0.3232091771
AT1G72640	1	27347658	27347661	-	6.12558837452538E-09	0.1999449646	0.1778187476	0.2377289225	0.1727673805
AT1G19650	1	6797268	6797311	-	0.0025832917290453	0.1860883609	0.2074016883		
AT4G18740	4	10303631	10303725	-	0.0003953577979931	0.2271677039	0.1658652369	0.1883554754	
AT4G33650	4	16164960	16164963	+	4.68103164612029E-06	0.1471153398	0.1878172837	0.141885612	0.2876714626
AT1G09060	1	2925688	2925712	-	0.0011323360850025	0.1857330901	0.1849451694		
AT4G24230	4	12567238	12567251	-	0.0210807923749307		0.1497834637	0.2181094171	
AT1G13460	1	4615978	4616059	+	0.0017455637933357	0.1872829852	0.171501415		
AT4G26630	4	13435596	13435652	-	3.70374585360217E-06	0.1117598104	0.1270019899	0.2160152702	0.2627470284
AT4G08320	4	5254613	5254616	+	0.0006086752910229	0.1861110229	0.1321439134	0.2154330431	
AT5G53760	5	21822629	21822720	+	0.0329003015822857	0.1928288576	0.1617011846		
AT1G72740	1	27381147	27381165	-	4.02008630525028E-06	0.1738768925	0.1883408038		0.1649165437
AT5G46390	5	18818500	18818592	+	0.0317135553725874		0.0717199524		0.2764125671
AT5G42870	5	17187282	17187297	-	0.0307579415437236		0.1079366263	0.239561674	
AT2G19880	2	8584261	8584264	+	0.0001000449892938	0.1470124365	0.124047948	0.2361979018	
AT3G05165	3	1462786	1462903	-	0.0101889152119318		-0.1180607192		0.4502841378
AT1G73170	1	27514351	27514355	-	0.0010094283188752	0.1905307742	0.1416413772		
AT5G18540	5	6155815	6155821	+	0.0417804428205376		0.1563093288	0.171578354	
AT3G53560_and_AT3G53570	3	19864153	19864363	-	0.0001824338990892		-0.126596949	-0.2397769232	0.8404942417
AT2G02560	2	690463	690469	+	8.42943022300659E-05	0.129881176	0.1584381794	0.1848669014	
AT1G28960	1	10109811	10109926	-	9.98100647967704E-08	0.2070255826	0.1061306395		
AT1G30890	1	10994243	10994473	+	8.0790546620254E-06			0.117157307	0.1947296867
AT2G26590	2	11314985	11315020	-	0.0035448513448709		0.1208779083	0.1899020031	
AT1G10590	1	3503370	3503374	-	7.55835955099853E-06	0.1526526001	0.1308295915	0.1811685258	
AT1G31420	1	11252756	11252759	+	7.41160448250585E-09	0.1534970119	0.1352433881	0.1705310797	
AT1G53650	1	20030944	20030962	-	0.000175444826488	0.1540440777	0.1520548239		
AT1G06890	1	2111602	2111605	-	0.0002791143744045	0.1808845272	0.1218654009		
AT5G53850	5	21863653	21863700	-	0.0330092095828955	0.1802042444	0.1200077237		
AT5G40500	5	16228022	16228049	+	0.0007489380698728	0.1650555218	0.1699479129	0.1115455306	
AT3G07300	3	2327406	2327424	-	0.0138750629028675	0.1789226213	0.1104452746		
AT1G06890	1	2111602	2111761	-	0.0002897213927011	0.1952106044	0.0939256801		
AT5G44290	5	17843415	17843433	-	0.0312871289794528	0.1606585688	0.1220427016		
AT5G63190	5	25345802	25345811	+	0.001025766668007	0.1625966672	0.1082638942	0.1506463932	
AT1G33470	1	12145684	12145687	+	1.75648466979858E-08	0.1472102501	0.1358857658	0.1303497318	
AT1G55840	1	20874058	20874086	+	0.000238655961888		0.085544137	0.1873108365	
AT3G07890	3	2518904	2518907	-	0.0143835449386607		0.0982381708	0.1745201862	
AT3G04910	3	1355275	1355277	+	0.0001410493413317	0.108459688	0.1465669148	0.1522383627	
AT1G50840	1	18841948	18841951	+	0.0001219101491807	0.1025663099	0.1677643822		
AT3G27770	3	10287280	10287397	-	0.000125934439873	0.1495236216	0.1155819144	0.1399646368	
AT2G32700	2	13870117	13870123	+	3.76843908399261E-05	0.1346315912	0.1289082523	0.1308144958	
AT2G18750	2	8125594	8125802	+	0.0077468054129626		0.0908269451	0.1710103356	
AT4G35770	4	16945513	16945604	+	0.0250291029557274		0.0800372147	0.1792940161	
AT3G11930	3	3776910	3776916	+	1.65055908092686E-06	0.1333430326	0.1317140641	0.0927791925	0.153831381
AT4G01040_and_AT4G01050	4	455151	455157	+	0.0261885186481545	0.1742208761	0.078622484		
AT2G25480	2	10844348	10844351	+	0.0033621905888243	0.1239746403	0.1287038732		
AT1G07820	1	2421783	2421903	-	1.53074090867449E-06	0.0737987303	0.0933756133	0.2056933368	
AT1G59750	1	21983072	21983081	+	0.0003457084136088	0.1555352994	0.0904268815		
AT5G62000	5	24914814	24914817	+	0.0010160833532142	0.1295023429	0.1186436611	0.1207051655	
AT5G61020	5	24559241	24559247	-	0.0009779531034375	0.1515165354	0.1224156576	0.0905761025	
AT5G42900	5	17198606	17198609	-	0.0308634369442518		0.1270271838	0.1139115784	
AT2G32700	2	13867037	13867040	+	0.0041612449506414		0.1263993854	0.1129258961	
AT2G33480	2	14181879	14181885	+	3.82313161094963E-05	0.1288378043	0.0934778733	0.1357355239	
AT2G29650	2	12675644	12675699	-	0.0038856028282641		0.106171024	0.1230776843	
AT4G22890	4	12007782	12007788	+	0.0206427356888217	0.0972551563	0.130372504		
AT4G28025	4	13937258	13937285	-	0.0004869744831136	0.1073016221	0.1002134677	0.1271793157	
AT1G55340	1	20652902	20652932	+	5.03707436234349E-07	0.1103597241	0.0829440116	0.1403361751	
AT3G23830	3	8607687	8607699	-	0.0183535375654287		0.1003033578		0.1209359107
AT3G29770	3	11649907	11649929	+	0.0094580294085144		-0.1246205545	0.3408579524	
AT2G23310	2	9918872	9918875	+	0.0089854718401909		0.0665267465	0.1486628424	
AT4G18740	4	10303631	10303725	-	0.0003953577979931	0.2271677039	-0.0929097613	0.1883554754	
AT3G02260	3	447200	447203	-	0.0154269710775181	0.3168136811	-0.1021415553		
AT2G15580	2	6798522	6798527	+	0.0071089389095161	0.0851428384	0.1259578571		
AT2G45740	2	18839852	18839855	+	6.46747370841044E-05	0.11646341	0.1192158484	0.0807127782	
AT5G61030	5	24560309	24560560	+	0.0186015167767233			0.1257026704	0.0834512168
AT3G11930	3	3776913	3776916	+	1.6674228938358E-06	0.1099562235	0.1090843944	0.0670308531	0.12933317
AT3G52560	3	19495266	19495269	-	0.000177822218699	0.0957855805	0.090847997	0.1247467104	
AT1G26850	1	9303845	9303909	-	6.34246188374105E-08	0.0747633111	0.1014520978	0.1622542076	0.0730955461
AT1G08110	1	2535570	2535585	+	0.0006344532358006	0.0950315163		0.1103773962	
AT1G62790	1	23253384	23253387	+	0.0004455085756418	0.1465491945	0.0583471145		
AT2G02390	2	629518	629539	+	8.06323400265932E-05		0.0828675277	0.1042322447	0.1202278201
AT1G51840	1	19250291	19250605	-	0.0001219101491807		-0.2368572255		0.4412683094
AT5G57110	5	23116898	23116914	-	0.0341076381657699		0.1041149124	0.0990359803	
AT3G61600	3	22797937	22798054	+	0.0002222106333857	0.0996209509	0.1170262711	0.0876530217	
AT2G42210	2	17590622	17590626	+	0.0054473231825423		0.0452461706		0.1564626742
AT3G23280	3	8323099	8323170	+	0.0003458225063926	0.1220376502	0.0858432734	0.0912495569	
AT2G21240_and_AT2G21250	2	9102501	9102591	-	0.0083549605330704		0.0421081692		0.15085747
AT5G66460_and_AT5G66470	5	26541752	26541925	-	0.0199510139995754			0.0783434143	0.1136389357
AT5G61530	5	24744051	24744078	+	0.0364694963393682		-0.0581698541		0.2478619315
AT5G25770	5	8971438	8971673	-	0.0433776594869064		-0.0927011959	0.2808741627	
AT1G53190	1	19837110	19837340	+	0.0001513154950595	0.1098302255	0.0771623754		
AT5G66240	5	26466274	26466364	+	0.0389057146014671		0.0715221027	0.1137716276	
AT2G36060	2	15143475	15143478	-	0.0045292572018968		0.0839858808	0.1002893416	
AT3G14230	3	4738451	4738454	-	0.0160390136807538		0.0694883045	0.1144319634	
AT5G14440	5	4656173	4656176	-	0.0011890727626977		0.0585977277	0.0799482073	0.1284871132
AT5G61410	5	24683852	24683858	-	1.01583569414057E-05	0.1087518456	0.0752445229	0.1024879293	0.0678873207
AT4G04340	4	2122895	2123117	+	0.0183535375654287	0.0721157988		0.1032061564	
AT5G65430	5	26148560	26148566	-	0.0010901949615962	0.0910924796	0.0563445558	0.1123425932	
AT2G25910	2	11049622	11049625	-	0.0035079391067469		0.0751202925	0.0968540845	
AT4G16660	4	9376834	9377179	+	0.0282775061162718	0.0639834269	0.1050493946		
AT4G30993_and_AT4G08425	4	15099410	15099504	+	0.0005019724869338	0.0611265106	0.0707306457	0.1193903776	
AT5G22800	5	7619877	7620278	-	0.0319277929807339	0.0523065543		0.1084197086	
AT1G70410	1	26536604	26537404	-	0.0008022874934619	0.0360968132	0.1172890073		
AT5G48880	5	19816923	19817121	-	0.0237081111807593	0.3611069734		-0.2144699675	
AT3G14660	3	4925556	4925653	+	0.0161938157231727		0.0353219403	0.1100767154	
AT3G13120	3	4220273	4220289	-	0.0002653553850311	0.0451936491	0.0744859753	0.0878268008	
AT4G35770	4	16945513	16945604	+	0.0250291029557274		0.0800372147	0.0529167736	
AT5G48880	5	19816923	19817029	-	0.0236150625956828	0.3087091101		-0.1852575437	
AT2G48070	2	19663657	19663669	+	0.0064978440387641	0.0710985996	0.0511516923		
AT5G56020	5	22686300	22686398	+	0.0250291029557274	-0.1930920018		0.3036229147	
AT1G69510	1	26126772	26126777	+	3.96403867733815E-09	0.0434289211	0.052115473	0.065219359	0.05709493
AT1G72640	1	27346664	27346746	-	0.0008935211589939	0.0565346624	0.0428730067		
AT5G07440	5	2356015	2356127	+	0.0346632167807948		0.0652712326	0.0319896119	
AT2G34860	2	14709808	14709812	+	0.0040419767980312	0.0657788317		0.0303217384	
AT4G18740	4	10303631	10303725	-	0.0003953577979931	0.2271677039	0.1658652369	-0.25	
AT1G02500	1	519033	519036	+	1.19482960022867E-05	0.0270994602	0.0467143102	0.0601761621	
AT5G60390	5	24288720	24288724	+	0.0353355005194431	0.0367282042	0.0463066653		
AT2G33830	2	14310083	14310089	-	0.0043229167964986		0.0316960861		0.0491914518
AT4G24470	4	12647524	12647548	+	0.015050274515422	0.269789022			-0.1959634928
AT3G11910	3	3769988	3769991	-	0.0148264123863436		-0.0685440957		0.1366195964
AT2G24270	2	10329607	10329618	-	2.64966936786245E-05	-0.0658498921	0.0593966382	0.1083168752	
AT4G38200	4	17916902	17916912	+	0.0126081859085896			-0.2042251946	0.2588711435
AT1G80490	1	30266508	30266540	-	0.0013527093585723		-0.0974101031	0.1414634171	
AT2G32150	2	13660100	13660184	+	0.0040419767980312		-0.0330561843	0.0756030646	
AT1G10740	1	3568316	3568324	-	1.63586557572392E-08	-0.3624001276	0.1870593615	-0.5	0.7598260836
AT4G26210	4	13282354	13282359	+	0.0109461836944822			-0.1387627703	0.1773527607
AT3G56150	3	20836851	20836874	-	0.01247104391203		-0.0577805687	0.0912909945	
AT3G02780	3	604235	604434	-	0.0166625148588671		-0.0497195516		0.0826235728
AT1G51840	1	19250199	19250211	-	1.40409942727877E-07		0.2094954943	0.4095572322	-0.57633882
AT3G01340	3	128880	128892	-	7.25539040061371E-07	0.0840491287	0.0849181851	0.1343739536	-0.2564196747
AT3G07770	3	2479544	2479549	+	0.0143103638621106	0.1397288604	-0.1165777685		
AT2G29200	2	12553277	12553711	-	0.0017717584284296			0.2473220209	-0.2261083744
AT3G04770_and_AT3G04780	3	1309855	1309933	-	0.010003717017403		-0.1983031701		0.2139388011
AT4G18740	4	10303631	10303725	-	0.0003953577979931	-0.3333333333	0.1658652369	0.1883554754	
AT5G62300	5	25022246	25022249	-	0.0276728788345145	-0.0423693027			0.0540454039
AT3G23590_and_AT3G23600	3	8474990	8474999	+	0.0094580294085144			-0.0535069068	0.0520586629
AT2G42190	2	17582855	17582997	+	0.005401725840765	0.0790388624	-0.0888548192		
AT5G46430_and_AT5G06825	5	18833415	18833419	+	0.0318205888495467	0.0240783272	-0.0443170808		
AT5G38520	5	15422477	15422513	+	0.0215232498613582	-0.0776264259			0.0564884281
AT5G28840	5	10864025	10864044	-	0.0007063524757217	-0.0495176527	-0.0449345768	0.0426759563	
AT1G30410	1	10741080	10741089	+	9.97328362967398E-06	0.1918839297		-0.234115611	
AT1G48830	1	18060963	18060978	-	7.25989609012733E-05	0.0505887095			-0.1024251801
AT3G60880	3	22495449	22495452	+	0.013446259110287		0.0911113508		-0.1559992163
AT2G24270	2	10327134	10327330	-	2.60682981442121E-05	0.0658776736	-0.0592386386	-0.1083168752	
AT2G35050	2	14768640	14769002	+	0.0044876115589274		0.0634893388		-0.1329943341
AT4G18740	4	10303631	10303725	-	0.0003953577979931	0.2271677039	-0.0929097613	-0.25	
AT3G12490	3	3960401	3960810	-	0.015050274515422		-0.0312178602		-0.047194947
AT3G58710	3	21715403	21715406	+	0.0130239632036239		0.1849154303		-0.2652039927
AT1G67350	1	25235813	25235820	+	0.0005727916040464		-0.0438545538	-0.043109351	
AT2G05990	2	2322847	2322850	+	0.0066481031752503		-0.043552966		-0.0570850395
AT2G19730	2	8511739	8511743	+	0.0079653618590344	-0.0569325909	-0.0454921719		
AT5G01410	5	172086	172561	-	0.0219701020043031	-0.0502683703		-0.0597702169	
AT1G22690	1	8028015	8028059	+	0.0027440276567262		-0.0763215991	-0.0337773527	
AT3G59060	3	21828302	21828308	-	0.0131640047454616	-0.0412739514	-0.0778861537		
AT5G16030	5	5239085	5239109	+	0.0302330326238867	-0.027461079		-0.0978506476	
AT1G62180	1	22977008	22977029	-	0.0003940372727956	-0.026768001		-0.1014060829	
AT4G19110	4	10455011	10455020	-	0.0199510139995754	-0.0705600537	-0.0577992766		
AT3G44310	3	15987551	15987742	+	0.0001490379708023	-0.1489890745	0.09840606	-0.1522411098	
AT3G04910	3	1355945	1356024	+	0.0101269992009134		-0.0566550418	-0.080642882	
AT1G16720	1	5725725	5725825	+	0.001960515899025	-0.0483399951			-0.0903362583
AT4G27960	4	13917240	13917343	-	0.0004840108935264	-0.0529474027	-0.0678563374	-0.0931884855	
AT5G21930	5	7248217	7248349	+	0.0428832185775522	-0.0640021203	-0.0804929159		
AT4G02920	4	1293227	1293230	+	0.0217908341814168	-0.0680786037	-0.0784579268		
AT5G41340	5	16539350	16539734	-	0.000764834047418	-0.0757907766	-0.0674568945	-0.0795171414	
AT3G59060	3	21829902	21829913	-	0.0132342970010102	-0.0782921575	-0.0729194341		
AT5G14060	5	4536067	4536073	+	0.0405709500941403	-0.0675067449	-0.0894429926		
AT2G47640	2	19537255	19537260	+	7.11097911007988E-05	-0.097561834	-0.0601715014	-0.0799542711	
AT4G18740	4	10303631	10303725	-	0.0003953577979931	-0.3333333333	-0.0929097613	0.1883554754	
AT3G44590	3	16163976	16163979	+	0.0001503978910157	-0.0880444563	-0.085262389	-0.0675452099	
AT5G59970	5	24146098	24146289	-	0.0009407789659435	-0.1088498337	-0.0844614853	-0.054372961	
AT3G30390	3	11978927	11979358	-	0.0095780079194245		-0.0948414205	-0.0737201703	
AT1G17130	1	5854865	5854886	+	1.40941277778532E-05	-0.0645296077	-0.1153353061	-0.0733617316	
AT2G22990	2	9789746	9789750	+	0.0088113008707207	-0.0834878241	-0.0899069698		
AT1G03090	1	741148	741207	+	0.0027114980557523		-0.0298536788	-0.1555550759	
AT5G58330	5	23582020	23582023	-	0.0009270827910217	-0.1023346944	-0.0931640403	-0.0826246494	
AT5G22875	5	7650681	7651266	+	0.0012880343897661	-0.0808455695	-0.1027268456	-0.1014514643	
AT5G48543_and_AT5G48545	5	19677034	19677545	+	0.0321427130113482		-0.086226949	-0.1040784816	
AT5G58190_and_AT5G58200	5	23549903	23550032	+	0.0345517620799723	-0.1171171398	-0.0748633879		
AT1G51160	1	18950007	18950014	+	9.56702093154467E-05		-0.0685551798		-0.1242790346
AT1G53310	1	19888229	19888305	-	2.95195755045175E-07	-0.0742824375	-0.1122773098	-0.1042542542	
AT1G24160	1	8556140	8556145	-	0.0028760566177139	-0.0711349716	-0.1238748097		
AT5G22875	5	7650681	7650710	+	0.0012823992550763	-0.1018075031	-0.0673865707	-0.1269088741	
AT1G10910	1	3643582	3643732	+	0.0015924472331134	-0.1193183699	-0.0793950986		
AT1G18730	1	6460896	6460899	+	0.0024273397958852	-0.0901391947	-0.1103356751		
AT4G34100	4	16333643	16333646	+	0.0249336143120401	-0.1122096463	-0.0930274024		
AT1G30690	1	10887827	10887850	+	1.01305170874963E-12	-0.0573009336	-0.1301533323	-0.1112566472	-0.1225820204
AT2G38040	2	15920848	15920856	+	4.52108400405181E-05	-0.1186994895	-0.1233343616	-0.0782901662	
AT2G32700	2	13867212	13867215	+	0.0038469829284793	-0.0950672278		-0.118941397	
AT5G16030	5	5238680	5238683	+	0.0011998119086455	-0.0849038176	-0.1299591831	-0.1066935918	
AT5G36170	5	14237721	14237724	-	0.0294020928536343	-0.1094697505	-0.1075934339		
AT3G19860	3	6903989	6904068	+	0.000315937876799	-0.1143602452	-0.1286182992	-0.0827787712	
AT1G77930	1	29302163	29302249	+	5.52846308080438E-06	-0.1208848867	-0.1199275562	-0.0872080107	
AT3G57530	3	21297375	21297470	-	0.0127460533877401	-0.1184417707	-0.1014816773		
AT3G54760	3	20270980	20271074	-	0.0089272305720248	-0.0757290825			-0.1445421724
AT3G53970	3	19986758	19986880	+	0.0119967658412245	-0.1265240109	-0.0939154197		
AT5G48543_and_AT5G48545	5	19677600	19677694	+	0.0322504288135654		-0.0999179443	-0.1206426369	
AT3G24120	3	8706335	8706344	-	0.0184360197605198		-0.0724095302	-0.148175811	
AT1G58180	1	21539300	21539394	-	0.0003115259688478		-0.0986594342	-0.122028508	
AT4G32760	4	15803159	15803162	+	0.0005392063310444	-0.07355538	-0.1184130978	-0.1452597818	
AT2G01930	2	428223	428706	-	0.0068000396025862		-0.1011202329	-0.1238114084	
AT2G27230	2	11650691	11650729	+	0.0037703117936539	-0.1157513954	-0.1098658246		
AT2G16370	2	7082470	7082545	-	0.0072658990799729	-0.1135654793	-0.1126078714		
AT1G14710	1	5064811	5064972	-	1.12033870689047E-05	-0.0978440828	-0.1285546474	-0.1163593443	
AT4G32660	4	15757019	15757112	+	0.0242700677517022	-0.1375341403	-0.0933812434		
AT2G44180	2	18271085	18271153	-	0.0057717551784126		-0.0789081751	-0.1523031017	
AT5G02810	5	640755	640889	-	0.0423914338308295		-0.1478443307	-0.0844218527	
AT4G03110	4	1377407	1377410	-	0.0224213426630778	-0.1147370337	-0.1176856716		
AT1G72640	1	27346899	27346919	-	5.8768662244971E-09	-0.086553894	-0.1446008392	-0.0734202423	-0.1630060715
AT4G20930	4	11200523	11200611	-	0.0144569061448915	0.1638871016			-0.3997437699
AT2G47160	2	19360450	19360526	-	0.0063492635487053		-0.0765827738	-0.1605050439	
AT5G16150	5	5272895	5272899	+	0.0012052053686839	-0.112374177	-0.0984764828	-0.1474056702	
AT1G73490	1	27634289	27634292	-	0.0009123523982404		-0.0806522351		-0.1602668839
AT3G62840	3	23236111	23236114	-	1.38296838615067E-06	-0.1410276404	-0.1385058751	-0.1165708218	-0.0858580264
AT3G15770	3	5340483	5340486	+	0.0163493335307276		-0.1042375934	-0.1407494937	
AT1G56720	1	21265565	21265570	-	0.0003005252745914	-0.146628929	-0.0990245143		
AT4G38420	4	17984705	17984806	+	0.0177811379797521	-0.1061474765		-0.1412502642	
AT1G72930	1	27439930	27439973	+	4.2708560665844E-06	-0.1258715668		-0.1060168621	-0.1393727738
AT5G66160	5	26446704	26446801	+	0.0387880246502569		-0.1166692419	-0.1330718403	
AT4G31180	4	15156073	15156078	+	0.0237081111807593	-0.1226656732	-0.1280565521		
AT4G26650	4	13445449	13445563	+	0.0002774560856497	-0.1195836072		-0.1147657731	-0.1470969429
AT4G10050	4	6286996	6287071	-	0.0268763767063255		-0.1052624774	-0.1501602974	
AT3G46830	3	17248518	17248615	-	0.0001587304984013	-0.0963203432	-0.1739192125	-0.1145636884	
AT2G22490	2	9554414	9554417	-	0.0001130596195505	-0.1267621988	-0.1242837415	-0.1342192724	
AT5G12210	5	3947671	3947674	+	0.021345739164022			-0.0763593777	-0.181470672
AT2G25670	2	10930719	10930828	-	2.73674704021275E-05	-0.1169959311	-0.0744841601	-0.1995248135	
AT3G06400	3	1944682	1944688	+	0.0001763023423717	-0.1152138573	-0.1287214101	-0.1479215253	
AT4G21150	4	11278631	11278644	+	0.0200368613771233		-0.0891985005	-0.173663129	
AT4G39100	4	18218733	18218753	-	5.02030732842795E-06	-0.1266086026	-0.1343209969	-0.1332703849	-0.1342794122
AT1G08570	1	2712985	2713010	+	3.32695747915251E-06	-0.1146871445	-0.1849336035	-0.0980943204	
AT1G67950	1	25479375	25479378	-	0.0006664574558407	-0.137122631		-0.1300993682	
AT2G37480	2	15739250	15739253	+	4.39932935823739E-05	-0.1276520154	-0.1515770126	-0.1270842436	
AT1G62250	1	22995919	22996058	-	1.12153824812687E-06	-0.113967474	-0.1465616673	-0.1512647617	
AT1G29850	1	10448846	10448849	+	9.26719581899434E-10	-0.1371837377	-0.1440204224	-0.1325236708	
AT1G13980	1	4789461	4789492	+	0.0018247259911128	-0.1348029116	-0.14296835		
AT4G18740	4	10303631	10303725	-	0.0003953577979931	-0.3333333333	0.1658652369	-0.25	
AT4G09150	4	5831044	5831047	+	0.0266789801322138	-0.1658737807	-0.1136187229		
AT2G22250	2	9460285	9460338	-	0.0042417028071759			-0.4446109218	0.1647668014
AT1G29040_and_AT1G29041	1	10134536	10134581	+	1.15856761586567E-10	-0.1507941228	-0.0824346053	-0.1958914035	
AT1G79110	1	29759999	29760008	+	0.0012181583831805	-0.0791778152		-0.2078417272	
AT1G10600	1	3504359	3504488	+	0.0014701609026127		-0.1033183336	-0.1856221039	
AT4G33625	4	16153345	16153716	-	0.0247431589882911		-0.1350328001	-0.1577315799	
AT3G04610	3	1254282	1254769	-	0.0098201690869187		-0.1412617934	-0.1542290304	
AT3G01150	3	52645	52746	+	0.0162714851810359	-0.1719973633	-0.126678824		
AT3G21430	3	7548863	7548875	-	0.0176191960790609	-0.1420523186	-0.1581469522		
AT1G79270	1	29816190	29816515	+	0.0012845617765292	-0.1302061216	-0.1710234825		
AT3G05420	3	1563412	1563415	+	0.0001463426399885	-0.1615565942	-0.1546959933	-0.1449407938	
AT3G54010	3	20001313	20001384	+	0.000185551968929	-0.1536180053	-0.1267434577	-0.1874892914	
AT4G32330	4	15609106	15609117	+	0.0005297324667967	-0.1456394291	-0.1957738196	-0.1331796852	
AT5G51410	5	20881386	20881393	-	0.0244587816461482	0.38715986			-0.7046137381
AT1G54030	1	20169029	20169100	+	3.40503677558686E-07	-0.1463482667	-0.1679463121	-0.1620554882	
AT3G01150	3	53911	53958	+	0.0164273607227985	-0.2143121574	-0.1034540254		
AT2G34900	2	14725545	14725584	-	4.10451590870972E-05	-0.2138195904	-0.087292538		-0.1810575091
AT4G32900	4	15879538	15879546	-	0.0005487915103004	-0.1274844	-0.2332118017	-0.1265997346	
AT3G24740	3	9032064	9032377	+	0.0187677236322147	-0.2150006628	-0.1140235893		
AT5G20950	5	7110797	7110819	-	0.0012711777687686	-0.1824578125	-0.196676555	-0.1147198088	
AT2G21370	2	9139585	9139589	-	0.0084113569341965	-0.1636349783	-0.166417354		
AT1G80940	1	30411603	30411680	+	0.0013991093946507	-0.1009765213		-0.2294796545	
AT5G60570	5	24348368	24348380	+	0.0009592472464422	-0.1465696533	-0.1691196072	-0.182976349	
AT3G14010	3	4637143	4637147	+	0.0002795077176628	-0.145812801	-0.2312020843	-0.1218199998	
AT4G01330	4	552731	552734	+	0.0006121230453212	-0.1620822683	-0.1464553735	-0.1910171218	
AT4G26300	4	13312266	13312270	-	0.0219701020043031	-0.1746351849	-0.1637112976		
AT5G08580	5	2780725	2780808	-	0.001115668042617	-0.1568150107	-0.151105828	-0.2037367327	
AT2G26600	2	11316613	11316793	+	2.96271536056719E-05	-0.1335525819	-0.106980487		-0.2721391879
AT1G13450	1	4613516	4613755	-	9.80755472921715E-06	-0.1634617446	-0.105715985	-0.2438712602	
AT2G19080	2	8264194	8264305	+	9.79776082182596E-05	-0.2110932433	-0.1710385803	-0.1324001505	
AT1G17110	1	5848200	5848212	-	1.3812926584398E-05	-0.1340927325	-0.1226002688		-0.2656201094
AT5G02040	5	402556	402566	+	0.0011415304296844	-0.1587844732	-0.1561147475	-0.2090901109	
AT1G27770	1	9675232	9675309	-	2.35942595696076E-05	-0.1828780283	-0.1581346308	-0.1831383769	
AT3G02260	3	448168	448198	-	0.015502848896288	-0.2373423071	-0.1169178825		
AT1G68910	1	25908565	25908569	-	2.62475166802109E-06	-0.1319917917	-0.1456700094		-0.2556868328
AT3G61160	3	22636515	22636536	+	0.0135172747620943		-0.1552783	-0.2011905822	
AT4G31350	4	15212726	15212741	+	0.02389473212702	-0.1779383016	-0.1803463996		
AT3G04630	3	1259567	1259570	+	7.16512225616148E-07	-0.1942741791	-0.2064178175	-0.1350814567	-0.1880608676
AT3G24530	3	8947208	8947286	-	2.61706934672891E-06	-0.21203655	-0.1622581144	-0.1908722308	-0.1588184437
AT3G58050	3	21493245	21493248	+	0.0002066839700996	-0.1983321575	-0.125619876	-0.2202499655	
AT3G01310	3	101356	101532	-	0.0001235248208045	-0.1901906867	-0.1630218712	-0.1931181949	
AT5G27710	5	9814342	9814369	+	0.0443744974743661		-0.1065138714		-0.2579718671
AT2G06025	2	2351548	2351672	+	7.70775391378084E-05	-0.2392210055	-0.143718511	-0.1647016077	
AT3G02740	3	590808	591041	+	0.0002984261542963	-0.1210536113	-0.2725682286	-0.1609519733	
AT3G44665_and_AT3G44670	3	16217057	16217237	+	0.0105642570051139	-0.1505960355	-0.2211135103		
AT2G21195	2	9083261	9083339	+	0.0001053396046427	-0.1842018596	-0.1806378603	-0.1936611219	
AT3G53560_and_AT3G53570	3	19864114	19864153	-	0.0118628934383579		-0.1187346132		-0.2561495126
AT2G04690	2	1646031	1646066	+	4.64505639673355E-05	-0.1680687544	-0.1689154978	-0.2256212149	
AT4G18070	4	10032595	10032598	+	0.0138750629028675	-0.1712407559		-0.2051868156	
AT5G56180	5	22740141	22740256	-	0.0008867850453674	-0.2740198275	-0.1075056885	-0.1878176221	
AT1G04230	1	1127434	1127437	+	1.68505000582209E-05	-0.2024766535		-0.1772871884	
AT5G13800	5	4454310	4454360	-	0.0295053596285642	-0.1513607984			-0.2305679206
AT3G14860	3	4999229	4999232	-	0.0080757509557525			-0.144959696	-0.2373128546
AT3G14010	3	4636597	4636611	+	0.0002774560856497	-0.1501135803	-0.1067034932	-0.3204947083	
AT4G27900	4	13890726	13890819	+	0.0160390136807538	0.1740568531			-0.5593840086
AT2G38280	2	16033727	16033742	-	4.58279174941305E-05	-0.1497590714	-0.2296554345	-0.2011850052	
AT1G35515_and_AT1G35516	1	13078915	13078929	+	2.94091279519384E-08	-0.2243494542	-0.1820588266	-0.1766520058	
AT1G30410	1	10739689	10739823	+	8.0790546620254E-06	-0.2402585923	-0.1494374979		
AT1G15280	1	5253546	5253549	+	2.81328836655972E-08	-0.1921149217	-0.2117187769	-0.2298942641	-0.1517016687
AT2G47640	2	19537860	19537863	+	7.19428447930521E-05	-0.1995876593	-0.2104619445	-0.1791041044	
AT1G54310	1	20274535	20274561	+	4.16799107976842E-07	-0.2243770189	-0.2195409163	-0.1460131659	
AT4G31170	4	15155467	15155576	-	0.0005141883551908	-0.2085885235	-0.1523244638	-0.2303371328	
AT1G23360	1	8296342	8296419	-	5.77905141496332E-08	-0.1848437046	-0.2354848745	-0.1843193051	-0.1862494428
AT5G48520	5	19663927	19663930	+	0.0008180309175278	-0.2127980463	-0.1796938234	-0.2038617765	
AT3G26690	3	9805408	9805473	-	0.0003700418872381	-0.2527426936	-0.1893476019	-0.1546228343	
AT1G19650	1	6798953	6799099	-	0.0026150563977841	-0.2111520047	-0.1873903149		
AT1G18840	1	6504071	6504081	-	1.6798101106771E-05	-0.1860495672	-0.2026668653		-0.2210178408
AT5G44290	5	17843433	17843493	-	0.0007972909332126	-0.2048853722	-0.1628847573	-0.2454512607	
AT2G27350	2	11699994	11699997	-	0.0038469829284793	-0.1861717412	-0.2257581469		
AT5G09860	5	3069216	3069219	+	0.0209050412602914			-0.23082183	-0.1835737381
AT4G24740	4	12755048	12755142	-	0.021345739164022	-0.2206855421	-0.1950418326		
AT3G13062_and_AT3G13065	3	4185358	4185382	+	0.0152004144358483	-0.2319520091	-0.1863109551		
AT4G11840	4	7125245	7125336	-	0.0196945320931034	-0.1647026861		-0.2550892903	
AT4G10970	4	6722029	6722138	-	0.0006401706392533	-0.2015279055	-0.1738739225	-0.2552351829	
AT2G41720	2	17403808	17403905	-	5.43656714027542E-05	-0.2278514462	-0.1137379416	-0.2896164066	
AT2G04690	2	1646066	1646155	+	4.77126625523278E-05	-0.3069972213	-0.1014139539	-0.2228665155	
AT2G02960	2	864020	864248	-	0.0081868801008235		-0.1524791134	-0.2693550475	
AT3G27260	3	10070619	10070646	+	0.0090438973200484	-0.1459636689	-0.2865197714		
AT2G05590	2	2068646	2068651	+	0.0065978303638378		-0.2571867514	-0.1847458374	
AT3G19770	3	6867839	6867843	+	0.0127460533877401	-0.1810823182			-0.2615690811
AT4G17150	4	9638820	9638824	+	0.0006987857483565	-0.2843816286	-0.1731334332	-0.2089331538	
AT1G02080	1	375122	375125	+	0.0016174841138637		-0.0965401517	-0.3504792465	
AT1G27630	1	9611876	9612429	+	0.0030111400386718		-0.208616439	-0.2384381675	
AT2G23980_and_AT2G23987	2	10204040	10204388	-	0.0032548760726518		-0.2257535639	-0.2224028765	
AT4G10100	4	6308816	6308849	+	0.0006330808240001	-0.2353720816	-0.1723385493	-0.2657636437	
AT4G18740	4	10303631	10303725	-	0.0003953577979931	-0.3333333333	-0.0929097613	-0.25	
AT5G40530	5	16235813	16235883	+	0.0303376718345647		-0.269926731	-0.1815352461	
AT3G52170	3	19349132	19349146	-	0.0001747911012525	-0.1570240591	-0.322028711		-0.2062469565
AT3G05600	3	1623752	1623820	-	0.0050878020974122			-0.249945568	-0.2070485
AT2G39730	2	16571180	16571191	-	1.80507241492431E-07	-0.251396423	-0.2517537881	-0.2397589348	-0.194432213
AT4G16990	4	9560115	9560992	+	0.0284804275440811		0.1780139676		-0.6473338768
AT4G22320	4	11793275	11793278	-	0.0004164158270723	-0.297701779	-0.2335054334	-0.1744162659	
AT4G39390	4	18315838	18315860	+	0.0005882579135903	-0.3253641741	-0.2281427391	-0.1530961058	
AT1G70610	1	26622786	26622797	+	3.21980110240858E-06	-0.222148023		-0.2477719115	-0.23687002
AT1G08060	1	2507815	2507818	-	0.0006032311489204	0.2616218744			-0.7335516595
AT4G23270	4	12173873	12173941	+	0.0004244998469861	-0.3558046509	-0.0954647423	-0.2798784068	
AT5G16280	5	5326521	5326524	-	0.0012106147833725	-0.2090374839	-0.2161332299	-0.3103349398	
AT5G26940	5	9480308	9480786	+	0.000851950305372	-0.1661657117		-0.2132719801	-0.3610313901
AT4G10100	4	6308832	6308849	+	0.0006366192116148	-0.2378428676	-0.2628594046	-0.2500546107	
AT3G01310	3	101514	101532	-	0.0001247257709316	-0.2275763141	-0.257441359	-0.2679206803	
AT2G23980_and_AT2G23987	2	10202911	10202981	-	2.48107848092866E-05	-0.2687256973	-0.1969029554	-0.2890804142	
AT4G31150	4	15144317	15144493	-	0.0005080561495645	-0.2549060977	-0.2172449608	-0.2838582934	
AT5G57860	5	23437920	23437925	+	0.0009135188219722	-0.253194622	-0.2851888239	-0.2262682517	
AT2G37510	2	15743353	15743429	-	4.45993069553193E-05	-0.2411138154	-0.1945594672	-0.3301222665	
AT1G67700	1	25375712	25375726	+	2.97852293320939E-09	-0.2757009132	-0.2870261118	-0.2568373866	-0.2069172612
AT1G68820	1	25866864	25866882	+	2.53332199470896E-06	-0.2839293888	-0.2158547953	-0.2750922913	
AT1G62290	1	23013416	23013601	-	0.0004193803234933		-0.1992698462	-0.3283764619	
AT5G50565	5	20580493	20580565	+	0.0323583150755911		-0.1734173323		-0.3555635986
AT1G18660	1	6421303	6421398	+	1.61698152864862E-05	-0.2123105394	-0.3172664871	-0.2720904471	
AT1G68910	1	25910492	25910538	-	0.0006664574558407		-0.1361061311		-0.4060748273
AT5G26240	5	9194101	9194106	+	0.0013107380608947	-0.3151649856	-0.3001602906	-0.1992381997	
AT1G13880	1	4749835	4749838	+	2.23089980873116E-08	-0.2564870458	-0.2581393271	-0.2841929189	-0.2905004079
AT1G61010	1	22474630	22474669	-	0.0003816603259389	-0.2811986271	-0.2704104251		
AT3G05165	3	1462783	1462786	-	0.0076386388649612	-0.3470392965			-0.2099352179
AT1G27900	1	9716339	9716538	-	2.3995255175755E-05	-0.2388069147	-0.3126824158	-0.2852917462	
AT3G48060	3	17748019	17748022	-	0.011139613010757	-0.3304434528	-0.2305478769		
AT3G07300	3	2326719	2326725	-	0.0002275528327801	-0.2752183953	-0.2831775715	-0.293703419	
AT2G16930	2	7341210	7341247	+	8.7112038311344E-05	-0.3201131551	-0.2701567333	-0.2696330688	
AT1G53200	1	19842634	19842651	-	0.000159161041328		-0.1704517946	-0.4120314196	
AT2G21385_and_AT2G21390	2	9149976	9150112	+	0.008524703821784	-0.2807941067	-0.3042020728		
AT4G08980	4	5758484	5758982	+	0.0265805414575246		-0.2893683001	-0.2987059489	
AT5G13360	5	4283694	4283699	+	0.0400918242217817		-0.2135107963	-0.3867910593	
AT2G04690	2	1646031	1646155	+	4.70788041063296E-05	-0.3295384823	-0.2554600037	-0.3295204691	
AT5G10710	5	3382197	3382327	+	0.0011208092854062	-0.2983582874	-0.2734506784	-0.356222681	
AT2G21385_and_AT2G21390	2	9149885	9150092	+	0.0084679380471118	-0.1217492304	-0.5034710435		
AT3G10250	3	3170842	3170892	-	0.0109461836944822	-0.2843929033		-0.3501834522	
AT1G52370	1	19506356	19506765	+	0.0001289648571461			-0.1801696358	-0.4545066838
AT1G29040_and_AT1G29041	1	10135051	10135058	+	5.36322001638E-10	-0.3150104097	-0.3709764101	-0.2727669858	
AT3G21215	3	7442975	7443073	-	0.0174579663858447		-0.1506193209	-0.5009097124	
AT5G60940	5	24523687	24523780	+	0.00097325428697	-0.3127346889	-0.3385247297	-0.3304304307	
AT4G26400	4	13346388	13346405	-	3.67304139031069E-06	-0.2878146618	-0.4412861039	-0.3317578726	-0.2535952647
AT4G35560	4	16884321	16884324	+	0.0176191960790609	-0.3568080697		-0.3006882632	
AT1G34065	1	12400965	12400986	-	2.8805437158037E-05	-0.2380164084			-0.4297440091
AT3G59360	3	21935804	21935812	-	0.0002169521865425	-0.3444619836	-0.3488328027	-0.3194626799	
AT2G46270	2	19002161	19002230	+	6.86491041453596E-05	-0.4039033062	-0.252250185	-0.3582432818	
AT2G01420	2	182005	182017	-	2.37313441084854E-07	-0.3571709625	-0.3495297986	-0.3836747273	-0.2750388337
AT5G61880	5	24850426	24850431	+	0.0010112643879266	-0.2875851957	-0.3334624486	-0.4089019774	
AT2G36680	2	15369361	15369449	-	4.27977273236916E-05	-0.4206063573	-0.3662212072	-0.2524451019	
AT2G32320	2	13729206	13729242	+	3.60748568409774E-05	-0.3407541667	-0.3950011113	-0.3198397675	
AT5G63700	5	25494407	25494578	-	0.0010453154680274	-0.2810953055	-0.4010391958	-0.382040501	
AT1G05400	1	1584581	1584588	+	2.24302378736222E-05		0.2814840039		-1
AT1G08040	1	2498480	2498484	-	1.87699023897802E-06	-0.2919159315	-0.3240991865	-0.4626234342	
AT2G22570	2	9589982	9590081	-	0.0001141921905219	-0.4511201153	-0.3319732445	-0.302950455	
AT1G03310	1	813581	813604	+	5.51185773633497E-08	-0.4507000005	-0.4403807361	-0.2713843653	-0.2958404251
AT2G27340	2	11697163	11697449	+	0.0038085525667708		-0.3037803086	-0.4312088786	
AT3G54500	3	20178804	20178941	-	0.0001902949779792	-0.1261480804	-0.3398923341	-0.6447358244	
AT1G78690	1	29597210	29597235	+	0.0012181583831805	-0.4261959545	-0.3256813586		
AT1G06960	1	2137146	2137264	+	0.0002897213927011		-0.2835139299		-0.4789525842
AT4G40050	4	18561989	18561993	-	5.13739412583025E-06	-0.3654910974	-0.4056264065	-0.4406550647	-0.3370854639
AT4G15090	4	8614273	8614344	+	0.0279744164216327	-0.4554960873	-0.3579223625		
AT2G33540	2	14208049	14208175	-	3.87834895447501E-05	-0.4069634929	-0.3624376558	-0.4518013374	
AT2G36680	2	15369366	15369449	-	4.33927752605394E-05	-0.338709427	-0.3874508032	-0.4956822599	
AT1G23080	1	8182206	8182218	-	5.6442688394824E-08	-0.4502530475	-0.4583543155	-0.4390448702	-0.3161140986
AT4G09980	4	6249105	6249116	-	0.000622543670356	-0.4145428306	-0.4144532977	-0.4379109177	
AT1G52370	1	19506356	19506765	+	0.0001289648571461			-0.395222261	-0.4545066838
AT3G22900	3	8115269	8115279	+	0.0092794403568183			-0.3392553455	-0.5202757251
AT3G19460	3	6748909	6748991	+	0.0003114978827108	-0.400566273	-0.493225665	-0.4437224226	
AT1G52370	1	19506356	19506765	+	0.0001289648571461			-0.1801696358	-0.7183079128
AT1G15490	1	5323153	5323158	-	0.0020442993551299		-0.4228459379	-0.496009323	
AT1G14970	1	5164532	5164537	-	1.14481506170103E-05	-0.3606305875	-0.4110862053	-0.6093034392	
AT2G02960	2	864020	864087	-	0.0001021411102942		-0.235009163	-0.2848364461	-0.869644878
AT4G26965	4	13539828	13539832	+	3.76573188670341E-06	-0.5302885976	-0.4855635692	-0.5282396035	-0.309819381
AT4G38380	4	17974505	17974519	-	0.0254127962670933		-0.4773913459	-0.4502592407	
AT1G49950	1	18496922	18497084	-	8.96052040229216E-05	-0.6600236531	-0.2715838921		
AT1G79270	1	29816510	29816515	+	0.0013070839063734	-0.5430984206	-0.4057881885		
AT5G06670	5	2055286	2055367	-	0.024175972251517	-0.4382775492		-0.5328790746	
AT3G23470_and_AT3G23480	3	8420426	8420496	+	0.000348195771634	-0.3937319194	-0.5730254929	-0.4959204178	
AT2G25740	2	10980344	10980621	+	2.82570601771343E-05	-0.4618883104	-0.5018931378	-0.5231658113	
AT5G18620	5	6196327	6196336	-	1.36950684877159E-05	-0.3593029906	-0.6212469963	-0.6797052897	-0.3406284889
AT4G17570	4	9785984	9785996	-	6.42417234816208E-06	-0.5635815132	-0.5120605804	-0.6084964585	-0.3234830366
AT2G02080	2	520977	520981	-	7.88416421059131E-05	-0.6120559816	-0.5127818722	-0.3961254819	
AT1G79190	1	29792210	29792228	+	5.99674567970072E-06	-0.4199774551	-0.6309078514	-0.6030391521	
AT5G53900	5	21882734	21882857	-	0.0333369541090955		-0.4319658203		-0.675858644
AT1G14970	1	5164347	5164537	-	0.0018514988170485	-0.3433615807		-0.769389184	
AT1G52370	1	19506356	19506765	+	0.0001289648571461			-0.395222261	-0.7183079128
AT4G38380	4	17974419	17974519	-	0.0253166122266417		-0.6357990934	-0.4825860993	
AT2G45830	2	18866503	18866607	+	0.0061537698001312	-0.6414262673	-0.5275709588		
AT3G63480	3	23442678	23442690	-	0.0140194418443682	-0.7631915639	-0.5217846077		
AT1G18950	1	6550669	6550681	+	1.71182409329829E-05	-0.6217520006	-0.5461762214	-0.7850327767	
AT3G19460	3	6747663	6747929	+	0.0003070993904763	-0.9131888344		-0.9727149167	
