ID	IJC_SAMPLE_1	SJC_SAMPLE_1	IJC_SAMPLE_2	SJC_SAMPLE_2	IncFormLen	SkipFormLen	PValue	FDR
0	15,37	28,37	22,31	38,30	182	99	1	1.0
1	24,21	0,0	42,27	3,0	243	99	1	1.0
2	4,11	87,114	11,14	114,128	128	99	1	1.0
3	353,402	28,33	363,368	31,27	108	99	1	1.0
4	441,646	22,40	461,567	33,29	105	99	1	1.0
8	100,119	1,0	170,120	3,0	109	99	1	1.0
10	551,903	0,1	529,732	1,5	103	99	1	1.0
11	24,47	5,6	20,42	7,11	132	99	0.848344596444	1.0
13	7,17	132,184	29,23	153,194	110	99	1	1.0
14	7,13	206,265	20,15	208,186	260	99	1	1.0
15	245,341	2,3	334,395	1,1	104	99	1	1.0
16	448,784	3,14	540,779	4,9	106	99	1	1.0
17	7,16	50,64	12,7	78,57	102	99	1	1.0
18	37,47	8,8	39,30	11,9	107	99	1	1.0
20	201,241	4,7	214,223	6,6	117	99	1	1.0
21	114,185	1,3	157,144	3,3	102	99	1	1.0
22	1,2	0,7	0,0	0,3	111	99	1	1.0
23	5,14	0,1	2,4	0,0	245	99	1	1.0
24	2058,3084	290,411	3259,3563	750,729	105	99	1	1.0
25	4,8	6,18	8,5	12,15	108	99	1	1.0
26	10,22	37,48	8,15	64,54	111	99	1	1.0
27	8,24	83,95	12,35	77,104	120	99	1	1.0
28	28,77	11,18	49,66	44,43	297	99	0.0576359486784	1.0
29	28,79	75,108	52,70	100,117	309	99	1	1.0
30	11,20	75,108	47,47	100,117	111	99	0.161098426879	1.0
32	5,10	91,110	13,6	165,138	282	99	1	1.0
33	26,57	29,55	24,23	33,37	106	99	1	1.0
35	82,141	4,7	79,117	5,16	102	99	1	1.0
36	14,16	62,88	21,36	56,106	136	99	1	1.0
37	88,158	7,7	104,138	3,3	102	99	1	1.0
38	13,25	17,16	11,18	16,10	119	99	1	1.0
42	64,69	181,296	96,90	227,284	186	99	1	1.0
43	127,192	9,8	116,84	14,8	130	99	1	1.0
44	2,2	10,8	4,2	23,5	109	99	1	1.0
45	12,9	18,33	9,15	30,25	114	99	1	1.0
46	0,1	19,46	2,1	31,35	116	99	1	1.0
47	13,15	9,17	9,15	33,28	117	99	0.140173242682	1.0
48	147,207	7,11	145,149	7,13	408	99	1	1.0
49	102,137	7,11	76,72	7,13	449	99	0.760309337767	1.0
50	11,13	54,80	6,7	72,83	140	99	1	1.0
53	16,26	24,37	48,30	16,31	102	99	0.197850271577	1.0
54	50,46	0,0	95,93	1,1	697	99	1	1.0
55	10,15	2,3	24,19	4,4	193	99	1	1.0
56	20,20	1,0	37,19	2,0	177	99	1	1.0
57	4,5	26,30	12,12	25,15	102	99	0.0594791732567	1.0
60	45,48	20,33	26,34	25,19	102	99	1	1.0
62	23,28	23,31	33,26	23,36	247	99	1	1.0
66	82,110	1,2	143,151	1,0	114	99	1	1.0
68	186,270	33,34	224,238	34,36	102	99	1	1.0
69	11,34	3,5	22,25	4,0	160	99	0.860027916701	1.0
72	3,1	1,4	2,0	1,4	108	99	0.297927027848	1.0
73	1,1	5,1	2,0	2,3	108	99	1	1.0
74	7,13	2,5	41,14	3,1	102	99	0.325221210904	1.0
75	11,15	0,4	14,22	3,2	161	99	1	1.0
77	19,34	12,16	43,48	12,15	184	99	0.573611280502	1.0
78	103,138	0,2	152,157	0,1	306	99	1	1.0
79	68,98	9,21	103,119	18,23	120	99	1	1.0
81	115,204	4,5	247,246	15,12	248	99	1	1.0
82	8,5	54,60	28,27	28,39	102	99	1.14787949632e-05	0.0063047281335376
83	3,4	90,131	12,7	110,122	115	99	1	1.0
84	259,249	86,81	269,265	53,73	102	99	1	1.0
85	206,317	94,98	271,335	81,73	102	99	1	1.0
87	121,170	15,20	124,170	37,31	114	99	1	1.0
88	5,4	53,86	4,0	54,88	267	99	1	1.0
89	0,6	1,5	1,6	3,11	132	99	1	1.0
90	22,13	209,269	28,20	267,257	108	99	1	1.0
91	2,10	38,78	18,11	69,79	117	99	1	1.0
92	1118,1639	2,1	1189,1409	1,1	103	99	1	1.0
93	112,190	490,664	138,143	509,590	182	99	1	1.0
95	58,157	20,29	95,84	12,18	180	99	1	1.0
96	1,3	34,59	1,8	88,79	113	99	1	1.0
97	9,10	0,0	37,20	1,0	114	99	1	1.0
98	41,101	72,115	86,110	81,95	106	99	0.933595049778	1.0
100	2,5	170,316	0,2	252,269	132	99	1	1.0
101	410,622	19,22	435,590	12,22	111	99	1	1.0
103	99,172	1,2	125,150	2,3	122	99	1	1.0
104	47,68	2518,3580	51,108	2838,3786	108	99	1	1.0
105	6,15	2,2	8,16	1,2	114	99	1	1.0
106	2,0	15,18	0,0	10,7	115	99	1	1.0
107	467,619	2,1	851,633	0,3	660	99	1	1.0
108	6,4	7,9	3,6	10,19	102	99	0.759620823581	1.0
109	10,14	0,1	7,15	0,0	134	99	1	1.0
111	18,23	10,9	17,14	15,16	108	99	0.299599820535	1.0
112	34,85	0,1	48,53	0,0	134	99	1	1.0
113	75,97	0,0	56,70	0,2	278	99	1	1.0
116	76,142	0,2	130,151	1,1	172	99	1	1.0
117	6,14	28,45	14,9	26,40	120	99	1	1.0
118	5,3	219,317	2,10	376,465	135	99	1	1.0
119	40018,47529	416,498	68417,71807	695,798	120	99	1	1.0
120	40,67	2,1	2,33	0,3	156	99	1	1.0
122	22,20	19,40	24,42	17,30	708	99	1	1.0
123	56,83	19,40	62,82	17,30	751	99	1	1.0
125	58,85	23,15	105,106	46,35	303	99	1	1.0
126	87,108	35,33	126,104	55,38	361	99	1	1.0
127	9,24	0,0	22,31	5,8	116	99	0.0493315701943	1.0
128	23,33	470,622	38,25	756,670	280	99	1	1.0
130	113,286	11,28	100,186	6,15	434	99	1	1.0
131	33,58	422,665	69,46	560,661	118	99	1	1.0
132	50,62	25,43	47,61	32,28	104	99	1	1.0
133	9,10	139,195	11,5	205,253	268	99	1	1.0
134	0,0	17,58	0,1	17,43	105	99	1	1.0
135	1,0	2,2	0,0	1,0	102	99	1	1.0
136	759,1175	0,0	1021,1169	1,0	127	99	1	1.0
138	3,1	21,21	1,0	22,9	111	99	1	1.0
139	31,50	116,175	38,33	147,138	271	99	1	1.0
141	50,43	4,2	39,49	4,7	102	99	1	1.0
142	2,3	125,212	0,5	221,163	147	99	1	1.0
143	259,379	62,100	275,297	60,72	159	99	1	1.0
144	3162,5322	2,1	6520,5967	3,7	168	99	1	1.0
145	90,142	15,24	97,103	11,14	121	99	1	1.0
146	4,9	5,6	14,10	7,2	108	99	0.410175894632	1.0
147	7,13	4,5	14,19	9,18	107	99	0.663745706094	1.0
149	44,53	0,0	63,54	2,0	387	99	1	1.0
151	5,5	0,1	6,15	3,0	111	99	1	1.0
152	1,0	0,0	0,0	1,0	137	99	1	1.0
153	273,467	43,76	492,516	61,65	532	99	1	1.0
154	11,21	76,92	14,10	110,153	129	99	1	1.0
155	26,31	0,0	30,28	0,1	108	99	1	1.0
156	2,3	31,47	7,5	57,39	365	99	1	1.0
157	1,1	68,72	3,1	51,70	159	99	1	1.0
159	30,44	16,21	18,31	19,19	114	99	0.889335029359	1.0
160	36,81	0,2	53,54	3,1	112	99	1	1.0
161	7,8	85,132	3,6	97,87	111	99	1	1.0
162	49,61	1,7	45,52	6,2	160	99	1	1.0
163	199,287	11,18	323,347	11,12	138	99	1	1.0
164	13,17	39,62	18,27	66,69	116	99	1	1.0
166	18,31	175,227	24,21	157,197	102	99	1	1.0
167	4,6	59,76	5,3	51,63	248	99	1	1.0
168	40,55	1,0	48,41	0,2	106	99	1	1.0
169	410,568	36,47	404,456	48,56	233	99	1	1.0
170	83,109	4,24	74,86	5,5	102	99	1	1.0
171	10,9	126,113	12,11	112,103	140	99	1	1.0
173	89,121	2,5	133,106	3,1	102	99	1	1.0
174	67,108	0,2	87,69	4,2	111	99	1	1.0
175	129,195	4,2	170,208	3,2	293	99	1	1.0
176	4,11	1,4	4,15	4,1	121	99	1	1.0
177	687,888	11,20	1035,981	13,17	102	99	1	1.0
180	157,272	25,70	213,287	54,34	114	99	1	1.0
181	118,237	0,2	208,238	0,0	106	99	1	1.0
182	7,11	35,47	19,10	41,45	159	99	1	1.0
183	219,289	1,0	320,370	0,1	102	99	1	1.0
185	4,7	2,2	6,4	0,0	105	99	0.493339493685	1.0
186	1,0	2,0	2,1	6,7	128	99	1	1.0
187	174,204	2,1	169,199	2,8	105	99	1	1.0
188	2,6	87,87	6,0	77,98	126	99	1	1.0
189	26,46	37,71	27,41	72,74	109	99	1	1.0
190	8,16	72,134	13,17	138,128	132	99	1	1.0
191	302,456	26,46	400,532	33,32	111	99	1	1.0
193	72,80	23,44	52,76	28,27	113	99	1	1.0
194	10,12	70,97	16,2	78,93	118	99	1	1.0
195	85,94	224,336	87,92	227,327	290	99	1	1.0
197	59,134	21,38	74,97	29,26	152	99	1	1.0
199	25,29	2,0	19,41	6,3	106	99	1	1.0
200	39,45	2,0	34,54	6,3	112	99	1	1.0
201	15,16	1,0	17,13	2,0	105	99	1	1.0
202	0,12	286,361	5,2	382,360	253	99	1	1.0
203	9,7	16,9	8,10	18,4	113	99	1	1.0
204	5,7	34,35	7,10	36,50	102	99	1	1.0
205	33,49	0,0	53,112	0,1	104	99	1	1.0
207	12,8	271,423	7,13	371,404	102	99	1	1.0
208	6,5	5,8	9,5	5,4	120	99	0.655500728991	1.0
209	33,56	62,87	29,20	79,114	102	99	0.156541661532	1.0
210	169,235	0,7	247,214	4,9	110	99	1	1.0
211	57,73	448,591	187,185	559,571	102	99	0.0877714695542	1.0
212	6,11	642,824	10,21	797,969	123	99	1	1.0
213	25,63	3,8	58,62	4,3	111	99	1	1.0
214	0,2	2,1	1,0	2,0	107	99	1	1.0
215	9,12	5,13	13,18	12,12	102	99	1	1.0
216	10,20	274,359	20,19	324,324	249	99	1	1.0
217	17,17	55,69	35,34	120,151	102	99	1	1.0
218	124,185	108,166	148,149	136,191	102	99	1	1.0
219	1,3	254,347	0,3	330,397	107	99	1	1.0
220	45,70	0,2	35,47	2,2	102	99	1	1.0
221	10,12	202,337	8,21	255,279	102	99	1	1.0
222	6,13	252,366	12,11	364,344	130	99	1	1.0
223	3,9	16,15	9,4	24,12	102	99	1	1.0
224	6,23	89,110	13,27	99,81	153	99	1	1.0
225	24,47	89,110	28,62	99,81	174	99	1	1.0
226	18,27	0,3	16,36	1,1	120	99	1	1.0
227	58,61	8,13	32,61	22,20	102	99	0.229931671199	1.0
228	31,47	54,83	42,27	83,84	108	99	1	1.0
232	52,71	30,41	70,83	36,37	102	99	1	1.0
233	65,80	3,3	61,66	0,0	286	99	1	1.0
234	4,20	2,7	9,16	6,2	127	99	1	1.0
235	10,27	2,7	19,28	6,2	160	99	1	1.0
236	6,13	0,6	12,14	2,2	132	99	1	1.0
237	4,2	25,29	2,4	36,50	102	99	1	1.0
239	450,628	1,3	522,593	0,1	106	99	1	1.0
240	7464,10827	159,229	7551,9472	242,256	105	99	1	1.0
241	639,930	159,229	683,722	242,256	204	99	1	1.0
242	98,151	6923,10048	116,94	6984,8844	198	99	1	1.0
243	1,2	51,80	1,0	50,50	153	99	1	1.0
244	1,1	16,13	5,4	8,9	112	99	0.0363810841287	1.0
245	60,72	4,6	72,63	8,3	132	99	1	1.0
246	2,4	0,0	5,3	2,1	144	99	0.551644930348	1.0
248	45,69	43,65	59,79	47,38	102	99	0.90920261177	1.0
249	6,24	1,1	13,10	0,2	117	99	1	1.0
250	31,71	1,1	34,65	0,2	139	99	1	1.0
251	28,47	3,0	27,57	6,2	121	99	1	1.0
253	671,862	12,19	821,808	11,22	409	99	1	1.0
254	15,7	40,84	22,24	50,76	139	99	1	1.0
255	23,28	312,487	53,46	989,1065	291	99	1	1.0
256	35,93	56,92	41,42	66,87	216	99	1	1.0
258	112,148	6,15	157,150	9,16	102	99	1	1.0
259	24,32	9,3	28,39	8,6	115	99	1	1.0
260	94,118	119,95	187,171	83,84	102	99	0.0688653230464	1.0
261	244,271	1,15	250,278	5,4	111	99	1	1.0
262	144,173	16,8	191,167	15,12	136	99	1	1.0
263	58,68	16,8	89,74	15,12	148	99	1	1.0
264	18,11	104,116	32,17	134,110	111	99	1	1.0
265	2,0	31,59	0,3	68,54	105	99	1	1.0
266	74,136	3,2	128,130	1,5	287	99	1	1.0
267	11,8	4,2	0,2	2,0	111	99	0.861308623026	1.0
269	14,20	0,2	8,37	1,0	459	99	1	1.0
270	1,0	2,0	0,0	0,1	102	99	1	1.0
273	1,9	17,41	11,11	18,44	111	99	0.716486755393	1.0
274	59,116	17,41	105,112	18,44	130	99	1	1.0
275	58,108	0,1	94,101	0,0	118	99	1	1.0
276	5,4	7,6	13,13	21,4	108	99	0.683699155559	1.0
277	146,257	8,19	320,471	12,24	102	99	1	1.0
278	130,213	98,176	249,424	150,249	102	99	1	1.0
279	62,62	13,36	64,55	27,25	115	99	1	1.0
280	7,3	83,118	6,2	80,73	110	99	1	1.0
281	16,26	1,1	17,16	1,3	110	99	1	1.0
282	898,1486	0,2	1113,1417	0,0	257	99	1	1.0
283	0,1	22,7	0,0	23,37	126	99	1	1.0
284	10,19	1,2	38,15	0,0	159	99	0.590193603984	1.0
285	102,164	0,1	150,159	0,0	106	99	1	1.0
286	21,26	87,132	14,11	147,152	113	99	1	1.0
287	43,63	0,0	67,50	1,0	235	99	1	1.0
288	12,15	42,42	24,24	39,46	102	99	0.739351619998	1.0
289	0,2	35,55	0,0	49,49	104	99	1	1.0
290	51,82	17,15	69,69	12,20	118	99	1	1.0
291	29,42	9,13	43,41	11,14	112	99	1	1.0
292	717,1191	170,172	1064,1027	119,153	1641	99	1	1.0
293	697,1162	170,172	1032,1000	119,153	1628	99	1	1.0
294	6,4	60,123	0,5	119,201	241	99	1	1.0
295	91,130	5,8	121,108	1,0	108	99	1	1.0
296	14,22	0,4	19,26	2,4	102	99	1	1.0
298	30,35	0,3	38,51	2,0	118	99	1	1.0
299	468,657	350,515	655,697	586,580	162	99	1	1.0
300	3,2	12,13	6,6	4,8	112	99	0.0500572920785	1.0
301	10,5	3,3	8,11	5,1	117	99	1	1.0
302	19,16	3,3	6,13	5,1	104	99	1	1.0
303	51,114	3,5	32,95	2,3	105	99	1	1.0
304	10,37	55,90	59,57	54,75	102	99	0.0166700025074	0.8517208257850651
305	25,12	7,13	17,22	10,11	162	99	1	1.0
307	22,56	37,65	24,43	43,42	228	99	1	1.0
309	30,43	407,450	55,64	499,559	453	99	1	1.0
310	1,0	94,129	2,2	109,81	123	99	1	1.0
311	0,3	78,88	0,1	40,72	118	99	1	1.0
312	27,20	3,8	14,12	1,4	105	99	1	1.0
314	19,27	22,47	7,7	44,29	276	99	0.374923124048	1.0
316	643,1035	7,25	903,1083	30,20	120	99	1	1.0
317	11,13	278,405	12,36	379,437	144	99	1	1.0
319	0,2	113,186	0,0	174,142	102	99	1	1.0
320	56,71	0,0	76,73	2,2	108	99	1	1.0
322	16,33	8,14	29,62	10,24	102	99	1	1.0
323	74,104	2,6	65,96	0,0	172	99	1	1.0
324	89,119	2,6	75,105	0,0	176	99	1	1.0
325	17,15	2,0	10,10	0,1	103	99	1	1.0
326	154,192	24,27	157,192	6,7	176	99	0.118821744402	1.0
327	475,707	152,206	607,865	102,118	119	99	0.507196864374	1.0
329	18,26	436,590	53,47	533,701	108	99	1	1.0
330	22,22	36,47	33,15	44,47	109	99	1	1.0
331	46,66	19,18	42,46	36,17	172	99	0.651371796435	1.0
332	4,8	32,38	4,3	7,13	124	99	1	1.0
333	49,61	0,0	73,65	3,0	120	99	1	1.0
334	54,62	4,2	79,69	2,1	337	99	1	1.0
335	5,2	4,2	11,5	2,1	316	99	0.0891523656545	1.0
336	1,1	8,5	0,1	7,13	118	99	1	1.0
338	10,15	5,8	9,16	10,17	104	99	0.392028110822	1.0
339	185,238	9,5	285,296	14,22	141	99	1	1.0
340	425,603	15,15	538,607	19,12	102	99	1	1.0
341	1256,1525	122,165	1668,2025	161,185	272	99	1	1.0
342	38,40	0,0	37,27	1,0	144	99	1	1.0
343	87,91	0,1	122,94	4,0	102	99	1	1.0
344	7,40	2,2	22,22	2,6	230	99	0.715632101333	1.0
345	9,48	1739,2609	25,37	1809,2532	255	99	1	1.0
346	4,10	1739,2609	5,21	1809,2532	124	99	1	1.0
347	5,14	4,11	4,17	9,6	124	99	1	1.0
348	31,42	23,53	38,37	28,44	104	99	1	1.0
349	18,28	1,0	33,24	0,0	136	99	1	1.0
350	221,322	2,2	373,322	4,2	212	99	1	1.0
351	637,883	74,100	537,500	102,101	397	99	0.458067341547	1.0
352	5,13	171,241	8,10	189,187	144	99	1	1.0
353	6,2	13,7	3,2	9,6	102	99	1	1.0
354	0,0	1108,1595	1,1	1706,2056	123	99	1	1.0
355	12,12	16,28	9,8	18,18	109	99	1	1.0
356	161,224	3,6	204,208	1,1	110	99	1	1.0
357	85,159	40,92	136,179	61,68	175	99	1	1.0
358	133,220	29,37	143,204	17,43	495	99	1	1.0
359	4,2	1150,1502	8,9	1391,1784	364	99	1	1.0
360	53,79	7,10	74,48	3,6	174	99	1	1.0
361	11,25	238,407	18,9	285,363	110	99	1	1.0
362	357,419	0,4	316,358	4,2	114	99	1	1.0
363	7,15	18,23	12,14	30,30	116	99	1	1.0
364	29,38	11,20	39,33	7,6	159	99	0.157123020934	1.0
365	40,46	11,20	57,49	7,6	142	99	0.132463157896	1.0
366	0,3	3,5	0,0	0,6	113	99	1	1.0
367	1,4	152,204	2,0	239,276	113	99	1	1.0
368	8,12	1,1	1,8	0,0	103	99	1	1.0
369	47,65	52,79	47,45	53,58	135	99	1	1.0
370	112,147	0,0	166,136	6,0	145	99	1	1.0
372	17,20	302,416	22,15	372,393	378	99	1	1.0
373	0,0	4,6	1,0	21,15	112	99	1	1.0
374	5,1	7,6	6,5	20,5	102	99	1	1.0
376	688,982	0,0	1067,1044	1,0	594	99	1	1.0
377	91,120	337,500	182,189	290,396	220	99	1	1.0
378	311,495	73,110	380,421	120,138	135	99	1	1.0
379	91,137	0,1	97,139	0,0	108	99	1	1.0
381	5,4	57,134	4,11	109,96	137	99	1	1.0
382	4,4	1,0	4,11	0,0	137	99	1	1.0
383	69,83	4,1	47,61	1,5	105	99	1	1.0
385	60,102	4,7	70,96	4,11	192	99	1	1.0
386	342,465	80,101	426,364	111,119	102	99	1	1.0
387	90,99	3,5	162,165	11,3	225	99	1	1.0
390	114,179	7,9	133,147	5,7	102	99	1	1.0
391	30,45	339,471	14,36	427,450	112	99	1	1.0
394	23,11	186,228	25,27	214,182	577	99	1	1.0
395	5,3	259,466	5,2	340,416	102	99	1	1.0
396	7,8	216,295	11,16	197,318	239	99	1	1.0
397	35,52	84,119	14,18	134,130	102	99	0.00989394077341	0.5874861588968046
398	13,13	437,582	7,17	400,561	201	99	1	1.0
400	5,3	112,139	2,3	91,106	120	99	1	1.0
401	164,231	134,169	201,227	189,142	135	99	1	1.0
403	4,5	1,4	1,0	0,0	108	99	1	1.0
404	121,171	9,6	157,161	4,12	110	99	1	1.0
405	42,32	49,47	39,36	25,10	102	99	0.0361030147778	1.0
408	74,131	7,3	46,45	2,2	108	99	1	1.0
409	71,77	2,5	90,61	11,5	104	99	1	1.0
410	43,64	1,2	45,53	1,0	123	99	1	1.0
413	64,81	67,129	43,81	67,128	108	99	1	1.0
414	12,15	12,10	9,15	19,19	122	99	0.48909292429	1.0
415	1,0	0,0	15,5	0,3	233	99	1	1.0
417	369,494	0,2	443,465	2,5	173	99	1	1.0
418	74,90	222,307	86,117	203,242	102	99	1	1.0
419	10,17	255,393	16,16	351,339	111	99	1	1.0
421	103,151	92,129	196,160	76,75	103	99	0.0721771298955	1.0
422	15,28	2,0	17,19	0,1	103	99	1	1.0
423	31,43	3,2	40,37	7,3	449	99	0.629421722565	1.0
425	550,822	427,579	788,829	433,524	555	99	1	1.0
426	2,2	4,10	5,5	1,8	102	99	0.104873221293	1.0
427	633,1032	484,628	1126,1259	706,845	142	99	1	1.0
428	25,29	13,12	17,20	14,19	108	99	0.449350492813	1.0
429	4,1	26,39	2,9	51,56	120	99	1	1.0
430	11,18	79,126	0,15	111,103	102	99	1	1.0
431	4,2	66,95	2,2	82,63	141	99	1	1.0
432	6,3	41,34	7,4	43,26	102	99	1	1.0
433	8,11	24,31	5,7	28,27	111	99	1	1.0
434	6,8	128,214	39,28	128,182	114	99	0.27027703786	1.0
435	188,336	0,2	265,318	0,0	384	99	1	1.0
436	257,478	0,1	438,362	0,0	148	99	1	1.0
437	5,10	31,49	10,13	30,39	107	99	1	1.0
438	2310,2910	30,53	2142,3226	30,44	102	99	1	1.0
439	2,3	8,15	3,9	4,12	114	99	0.161594314142	1.0
440	1,0	17,29	0,1	36,22	102	99	1	1.0
442	67,116	0,1	82,86	1,0	105	99	1	1.0
443	18,31	29,21	17,32	32,29	102	99	1	1.0
444	5,5	75,159	5,3	138,154	117	99	1	1.0
445	6,3	33,53	6,7	47,49	133	99	1	1.0
446	70,123	3,6	116,86	2,2	594	99	0.765991110481	1.0
447	20,32	3,2	27,14	4,2	334	99	0.798125664542	1.0
448	23,19	0,9	18,13	8,15	160	99	0.0808697528144	1.0
449	22,47	5,12	42,54	10,6	116	99	1	1.0
450	1,0	1,0	0,0	0,4	117	99	1	1.0
451	0,7	26,43	0,2	49,27	111	99	1	1.0
452	24,51	72,131	36,27	110,84	102	99	1	1.0
453	33,31	9,6	31,26	5,4	102	99	1	1.0
454	0,1	19,24	3,0	32,17	247	99	1	1.0
455	0,3	1,3	6,0	5,7	108	99	1	1.0
456	2,0	6,4	2,0	11,3	102	99	1	1.0
459	191,270	11,19	221,321	8,19	141	99	1	1.0
460	15,23	57,96	37,34	70,88	102	99	0.790147110218	1.0
461	2,3	40,39	4,4	57,34	102	99	1	1.0
465	181,295	449,664	353,320	509,492	381	99	1	1.0
466	465,590	4,1	464,540	0,1	117	99	1	1.0
467	44,67	4,9	40,45	1,5	105	99	1	1.0
469	28,38	4,1	38,58	4,2	154	99	1	1.0
470	35,47	195,218	50,67	247,269	157	99	1	1.0
471	39,51	62,93	51,73	95,95	160	99	1	1.0
472	11,10	195,218	16,11	247,269	102	99	1	1.0
473	15,14	62,93	17,17	95,95	105	99	1	1.0
474	199,222	62,93	248,275	95,95	102	99	1	1.0
475	1,6	4,5	0,1	5,4	115	99	0.0572306720788	1.0
476	4,6	9,10	2,6	7,9	137	99	1	1.0
477	6,11	2,0	8,11	0,0	150	99	1	1.0
479	7,5	9,10	7,9	7,9	121	99	0.832029128715	1.0
480	9,10	2,0	13,14	0,0	134	99	1	1.0
482	11,15	2,0	13,14	0,0	112	99	1	1.0
485	30,41	4,2	41,26	2,0	118	99	1	1.0
486	4160,6603	42,94	3952,5867	37,51	118	99	1	1.0
487	4330,6824	30,50	4106,6139	20,43	128	99	1	1.0
488	212,315	30,50	191,323	20,43	109	99	1	1.0
489	11,16	3008,4728	19,30	2784,4447	102	99	1	1.0
490	442,606	6,4	445,480	3,11	139	99	1	1.0
491	84,163	1,1	92,120	4,6	103	99	1	1.0
492	44,68	1,0	69,71	0,0	180	99	1	1.0
493	4,5	15,39	6,7	26,37	121	99	1	1.0
494	13,7	21,39	12,16	67,71	109	99	1	1.0
495	19,36	10,10	20,16	7,5	104	99	1	1.0
496	53,77	10,10	67,62	7,5	163	99	1	1.0
497	47,74	13,33	62,61	15,15	158	99	1	1.0
498	13,29	690,1052	26,23	752,882	251	99	1	1.0
499	0,0	26,74	3,4	30,68	116	99	1	1.0
500	10,11	82,110	7,10	106,89	138	99	1	1.0
501	203,291	564,729	290,324	539,591	108	99	1	1.0
503	37,63	77,137	56,69	111,93	140	99	1	1.0
504	75,148	0,0	149,103	0,2	129	99	1	1.0
505	251,407	26,56	352,370	32,46	114	99	1	1.0
506	6,8	2,0	4,4	0,0	107	99	1	1.0
507	6,2	3,2	2,3	1,0	275	99	0.00787119844721	0.5550109220444385
510	13,22	11,23	28,16	15,22	102	99	1	1.0
512	15,19	12,17	16,19	17,21	102	99	1	1.0
513	11,8	475,590	10,9	643,622	236	99	1	1.0
514	46,83	3,8	82,103	0,3	453	99	0.063331955575	1.0
515	17,26	36,61	21,19	32,42	110	99	1	1.0
516	326,458	259,396	465,584	283,365	102	99	1	1.0
517	95,148	568,797	155,211	585,891	114	99	1	1.0
518	39,29	41,48	32,40	35,43	112	99	1	1.0
520	2,0	1,0	0,0	0,1	140	99	1	1.0
521	14,13	11,1	26,26	14,12	130	99	0.944429588712	1.0
522	3,0	0,0	45,4	5,0	105	99	1	1.0
524	8,3	100,149	3,0	115,148	118	99	1	1.0
526	43,46	0,3	55,54	0,1	145	99	1	1.0
527	58,97	12,22	179,139	19,20	113	99	1	1.0
528	68,115	16,22	193,160	31,29	109	99	1	1.0
531	64,129	8,9	145,124	4,8	126	99	1	1.0
535	71,106	44,49	87,108	51,58	121	99	1	1.0
536	10,6	0,0	13,2	4,0	123	99	1	1.0
537	0,5	52,86	4,1	96,91	102	99	1	1.0
538	11,17	4,1	6,21	0,1	102	99	1	1.0
539	56,69	60,55	23,37	20,48	102	99	1	1.0
540	21,40	13,21	42,19	19,13	361	99	1	1.0
541	32,49	55,83	46,29	51,60	617	99	1	1.0
542	339,436	0,0	368,485	0,1	116	99	1	1.0
543	243,325	3,1	248,269	0,0	114	99	1	1.0
544	242,336	7,8	243,261	3,7	105	99	1	1.0
545	0,0	2,3	1,0	1,1	102	99	1	1.0
546	176,260	5,7	187,249	3,4	213	99	1	1.0
548	34,48	670,938	53,57	716,955	303	99	1	1.0
550	12,12	296,394	21,18	568,617	367	99	1	1.0
551	175,315	0,0	328,366	3,2	103	99	1	1.0
552	2,4	84,150	3,0	122,128	105	99	1	1.0
554	68,100	6,4	164,197	25,35	487	99	0.0764337334716	1.0
555	2,1	49,70	4,0	48,62	118	99	1	1.0
556	753,1246	1,1	982,1229	1,2	105	99	1	1.0
557	76,71	5,2	82,143	21,28	108	99	0.102307096304	1.0
558	113,175	3,0	199,212	9,6	182	99	1	1.0
559	321,458	135,197	519,600	104,199	1166	99	1	1.0
560	0,3	1,1	2,3	2,1	108	99	0.505991184432	1.0
561	128,214	3,3	143,175	9,2	795	99	1	1.0
562	44,92	8,8	61,77	3,11	205	99	1	1.0
564	147,223	77,89	171,201	113,92	225	99	1	1.0
565	112,141	10,16	120,147	12,17	105	99	1	1.0
567	30,21	5,21	26,25	5,9	105	99	1	1.0
568	53,66	5,21	67,61	5,9	108	99	1	1.0
569	47,63	24,18	56,52	15,16	102	99	1	1.0
570	0,0	4,1	0,3	5,0	121	99	0.719475122635	1.0
572	218,319	0,2	165,206	0,0	298	99	1	1.0
573	4,0	1,0	3,2	1,3	111	99	1	1.0
575	107,153	0,1	110,131	5,2	514	99	1	1.0
576	44,77	7,6	55,79	0,0	114	99	1	1.0
577	55,33	1,0	79,58	2,2	114	99	1	1.0
578	0,3	1,4	4,4	5,6	141	99	0.557161996347	1.0
579	9,18	0,1	20,29	11,5	232	99	0.000640893945812	0.10831107684222802
581	14,16	301,450	12,13	328,396	292	99	1	1.0
582	78,127	1,5	94,124	2,0	162	99	1	1.0
583	0,1	48,85	0,2	76,77	105	99	1	1.0
584	80,133	0,0	116,99	0,4	722	99	1	1.0
585	536,744	525,761	630,664	543,813	624	99	1	1.0
586	82,88	89,112	89,121	95,123	110	99	1	1.0
587	53,58	58,101	32,49	69,90	102	99	1	1.0
588	91,131	3,14	111,135	15,12	102	99	1	1.0
589	8,14	4,2	22,14	0,5	119	99	0.85313596595	1.0
591	71,109	1,18	145,183	18,11	134	99	1	1.0
592	329,468	183,248	443,526	164,133	102	99	0.515402858393	1.0
593	10,24	2,3	20,20	1,4	174	99	1	1.0
596	17,43	7,8	22,28	8,10	110	99	1	1.0
598	17,21	4,8	33,49	0,4	112	99	0.0702219306309	1.0
599	32,30	10,4	40,54	15,6	271	99	1	1.0
600	2,5	1,0	0,2	0,0	123	99	1	1.0
601	2,7	37,86	4,3	23,32	112	99	1	1.0
602	5,2	0,2	9,5	9,2	121	99	0.125593328351	1.0
603	5,13	58,111	3,10	43,65	113	99	1	1.0
604	20,34	0,5	51,33	9,3	102	99	1	1.0
605	1,0	1,0	0,3	0,0	105	99	1	1.0
606	0,2	98,109	3,1	83,133	110	99	1	1.0
607	1,4	0,0	1,2	2,0	130	99	1	1.0
608	113,192	0,0	226,206	2,0	195	99	1	1.0
609	41,66	8,7	43,40	8,0	379	99	0.655052660064	1.0
610	1,1	142,206	2,0	154,185	171	99	1	1.0
612	123,188	1,0	196,234	1,0	399	99	1	1.0
613	38,56	1,1	15,20	0,0	111	99	1	1.0
614	79,114	0,1	99,115	0,1	113	99	1	1.0
618	6,7	3,0	9,15	0,1	102	99	1	1.0
619	0,4	6,25	2,0	37,28	111	99	1	1.0
620	6,10	30,43	1,3	49,46	115	99	0.520493401849	1.0
621	4,1	0,0	0,1	1,1	150	99	0.000800093759249	0.12555757064786094
622	0,2	70,111	1,2	51,89	123	99	1	1.0
623	4,7	10,19	3,1	7,22	145	99	0.643690344234	1.0
624	1,3	0,0	0,1	0,1	106	99	1	1.0
626	11,22	17,46	14,11	77,66	324	99	1	1.0
628	106,125	35,76	158,172	74,67	102	99	1	1.0
629	1398,2016	20,29	1884,2147	24,31	102	99	1	1.0
631	46,79	43,37	38,57	76,89	110	99	0.0359007454842	1.0
632	14,25	5,2	23,14	9,5	105	99	0.642981619677	1.0
633	48,61	74,110	41,52	112,106	102	99	1	1.0
635	8,13	29,34	3,8	16,19	172	99	1	1.0
636	195,385	60,71	214,277	38,43	129	99	1	1.0
637	286,471	1,2	253,369	0,3	105	99	1	1.0
638	3,4	2,4	3,4	1,0	138	99	0.00208940758517	0.21859183164849952
639	241,280	15,21	275,269	5,7	102	99	1	1.0
640	26,53	33,71	29,44	67,79	102	99	0.968748805485	1.0
641	0,10	81,102	2,6	90,99	110	99	1	1.0
643	0,2	120,121	2,8	142,149	132	99	1	1.0
644	302,464	0,1	352,407	0,0	259	99	1	1.0
645	156,225	23,35	170,166	29,39	314	99	1	1.0
646	4,12	19,55	14,26	77,56	200	99	1	1.0
647	3,11	4,9	7,9	6,8	104	99	1	1.0
648	67,70	4,11	110,112	7,9	102	99	1	1.0
649	321,521	34,57	295,378	18,44	110	99	1	1.0
650	250,339	0,1	215,250	0,0	279	99	1	1.0
651	48,52	1,0	74,61	1,1	125	99	1	1.0
652	2699,3221	4,6	4003,3962	5,8	109	99	1	1.0
654	12,13	12,9	24,24	6,6	105	99	0.0707776226661	1.0
655	76,143	13,15	109,104	11,17	111	99	1	1.0
656	22,32	89,120	19,17	73,83	102	99	1	1.0
657	14,24	2,1	19,7	0,2	137	99	1	1.0
658	8,18	1,0	9,6	0,0	137	99	1	1.0
659	41,45	21,31	48,61	30,32	123	99	1	1.0
660	13,13	75,152	11,18	97,157	112	99	1	1.0
661	26,36	40,50	27,28	46,78	115	99	1	1.0
662	596,739	1,3	689,781	0,0	414	99	1	1.0
663	613,753	0,1	721,805	0,0	513	99	1	1.0
664	20,21	0,1	32,26	0,0	198	99	1	1.0
665	29,45	2,7	37,36	1,2	111	99	1	1.0
666	1906,2430	2,2	4163,3585	5,3	102	99	1	1.0
667	10,8	117,136	32,46	169,144	114	99	0.397430070967	1.0
668	14,14	0,2	4,9	0,1	302	99	1	1.0
669	9,18	2,0	21,16	0,0	102	99	1	1.0
670	50,70	1090,1637	78,60	1492,1742	119	99	1	1.0
671	0,12	0,0	5,12	1,0	111	99	1	1.0
672	11,22	3,2	39,26	3,3	102	99	1	1.0
673	2,9	0,1	4,2	1,0	102	99	1	1.0
674	15,22	134,198	16,7	156,144	105	99	1	1.0
675	160,211	13,23	165,157	11,8	105	99	1	1.0
676	472,775	0,2	383,645	0,0	132	99	1	1.0
677	35,29	26,22	25,32	16,11	110	99	0.836690813782	1.0
678	11,5	3,1	6,15	2,1	105	99	0.770222471129	1.0
679	10,11	3,1	2,5	2,1	108	99	1	1.0
680	9,10	10,4	0,3	4,13	102	99	0.00424627224881	0.35017889087688964
682	5,9	111,115	7,10	104,138	147	99	1	1.0
683	20,12	14,17	12,17	6,9	164	99	0.506644124524	1.0
684	42,77	15,16	81,78	16,10	107	99	1	1.0
685	18,41	10,3	45,36	3,13	109	99	1	1.0
686	5,19	37,47	15,23	45,63	102	99	1	1.0
687	69,125	1,3	90,90	0,0	269	99	1	1.0
688	356,522	8,13	396,535	25,24	182	99	1	1.0
689	193,333	11,8	256,267	11,18	144	99	1	1.0
691	10,23	116,172	16,22	119,126	132	99	1	1.0
692	326,475	0,0	392,425	1,5	134	99	1	1.0
693	1402,2119	0,0	2007,2669	0,2	101	99	1	1.0
694	5,17	44,49	19,18	44,42	102	99	0.783307687914	1.0
695	0,0	24,26	0,1	57,27	159	99	1	1.0
696	9,30	37,36	31,32	36,36	105	99	0.620719846347	1.0
697	2,4	16,24	3,2	12,12	131	99	1	1.0
698	44,66	0,0	54,86	0,2	105	99	1	1.0
700	25,47	2,2	60,63	1,2	107	99	1	1.0
701	210,337	2,2	414,455	1,2	129	99	1	1.0
702	200,317	15,27	385,421	31,29	121	99	1	1.0
703	34,60	693,1075	37,40	773,997	260	99	1	1.0
704	80,147	497,721	257,239	515,579	880	99	1	1.0
705	22,26	0,2	24,26	1,2	118	99	1	1.0
707	507,767	147,208	810,719	259,312	836	99	1	1.0
708	89,109	147,208	104,109	259,312	113	99	1	1.0
709	203,291	147,208	323,310	259,312	362	99	1	1.0
710	178,261	64,79	290,283	71,82	348	99	1	1.0
711	482,737	64,79	777,692	71,82	822	99	1	1.0
712	355,535	51,59	549,486	62,77	573	99	1	1.0
713	64,103	129,210	91,141	174,195	102	99	1	1.0
714	41,42	169,272	41,62	222,279	130	99	1	1.0
715	15,10	64,102	15,18	105,108	105	99	1	1.0
716	736,1118	1,0	934,1049	1,0	103	99	1	1.0
717	23,16	76,80	69,54	82,86	185	99	0.0525213708257	1.0
718	26,25	436,539	53,54	570,549	290	99	1	1.0
719	233,328	2,2	199,220	2,0	465	99	1	1.0
720	2,15	198,306	3,8	232,254	303	99	1	1.0
721	103,147	72,76	130,158	38,70	102	99	0.902440656384	1.0
722	0,6	15,32	6,4	22,36	119	99	1	1.0
723	29,34	297,430	19,20	336,333	290	99	1	1.0
724	13,19	0,2	5,3	6,8	102	99	5.55386690082e-06	0.00494614603656069
725	4,1	5,3	9,4	11,5	119	99	0.905182531413	1.0
726	263,394	14,23	1397,1944	66,122	136	99	1	1.0
727	1,5	102,143	7,0	110,124	102	99	1	1.0
728	14,25	3,7	26,25	6,0	378	99	0.274880258761	1.0
729	16,29	16,21	33,27	20,32	393	99	1	1.0
730	5,11	16,21	13,2	20,32	114	99	1	1.0
731	5,17	17,20	11,3	31,19	194	99	1	1.0
733	37,76	6,9	91,68	2,7	138	99	1	1.0
734	3,1	46,78	2,1	70,107	102	99	1	1.0
735	5,6	15,7	8,9	8,2	102	99	0.139990780457	1.0
736	370,529	125,207	672,790	136,205	317	99	0.652204632533	1.0
739	2,8	93,89	6,19	131,131	305	99	1	1.0
740	140,219	61,68	171,188	59,50	527	99	1	1.0
741	12,10	1109,1756	12,11	1540,1761	153	99	1	1.0
742	73,113	22,49	122,113	29,26	110	99	1	1.0
743	36,86	81,150	65,70	149,154	301	99	1	1.0
744	3,0	49,78	0,1	42,52	102	99	1	1.0
745	54,78	3,5	74,92	9,13	106	99	1	1.0
746	1,11	171,256	3,9	218,256	327	99	1	1.0
748	6,17	41,84	2,1	69,95	162	99	1	1.0
749	8,9	552,795	17,14	896,736	126	99	1	1.0
751	7,28	1,8	6,14	2,6	116	99	0.862373938297	1.0
752	117,192	11,20	154,176	7,11	114	99	1	1.0
753	2,11	1,0	2,4	0,0	262	99	1	1.0
754	0,1	0,0	0,0	1,0	114	99	1	1.0
757	38,34	2,7	106,77	7,9	1086	99	1	1.0
758	18,7	4,3	30,36	0,1	299	99	0.000928607932526	0.12750947673497637
759	10,5	5,5	27,30	2,8	299	99	0.0683398851933	1.0
761	178,244	1,3	211,278	1,0	103	99	1	1.0
762	36,33	11,6	57,42	26,15	163	99	0.731263617995	1.0
763	21,32	34,37	38,44	40,45	113	99	1	1.0
764	11,15	9,20	6,8	16,12	115	99	0.633321173269	1.0
765	0,0	4,1	1,0	2,11	104	99	1	1.0
767	0,2	12,3	0,1	11,4	174	99	1	1.0
768	126,179	1,6	178,157	3,7	143	99	1	1.0
769	9,6	136,176	15,12	180,189	102	99	1	1.0
770	6,17	27,41	25,8	16,27	117	99	0.603404712678	1.0
771	6,12	0,0	4,5	2,2	128	99	0.196959535576	1.0
772	7,12	1,5	4,6	4,3	142	99	0.453661201649	1.0
773	1,0	1,5	2,3	4,3	113	99	0.0881072002114	1.0
774	4,2	28,36	4,15	50,40	123	99	1	1.0
775	1,0	6,5	1,0	3,4	117	99	1	1.0
776	133,208	0,1	253,218	0,0	165	99	1	1.0
777	314,370	0,1	303,334	0,0	110	99	1	1.0
780	0,2	13,3	0,0	4,5	174	99	1	1.0
782	42,44	1,3	61,47	4,0	112	99	1	1.0
784	5,11	47,64	2,8	28,44	216	99	1	1.0
785	0,0	1,6	0,1	3,1	143	99	1	1.0
786	114,146	1,2	167,112	0,0	800	99	1	1.0
787	106,160	14,38	114,125	37,28	102	99	1	1.0
788	3,9	0,2	16,11	0,10	119	99	0.479555127235	1.0
789	11,13	0,0	19,19	2,0	171	99	1	1.0
790	88,177	2,1	142,168	0,4	106	99	1	1.0
791	2,1	0,3	5,4	2,3	159	99	0.918567974677	1.0
792	2,3	3,0	5,5	0,0	173	99	0.568765496381	1.0
793	0,5	3,0	2,4	0,0	113	99	0.487909900118	1.0
794	1,3	1,2	6,3	0,2	173	99	0.079496468006	1.0
795	0,0	0,5	1,4	3,7	102	99	1	1.0
796	2,1	10,13	1,2	4,0	102	99	0.17213591964	1.0
797	1,5	332,445	3,8	475,494	177	99	1	1.0
798	3,5	26,49	7,6	29,20	122	99	1	1.0
800	40,43	75,89	33,54	70,109	102	99	1	1.0
801	515,623	0,1	643,600	0,0	123	99	1	1.0
802	9,7	24,16	4,11	49,25	109	99	0.863080309831	1.0
804	4,7	8,17	12,16	4,4	490	99	0.00656904432205	0.49073297746804495
806	198,328	2,0	292,287	0,3	112	99	1	1.0
807	3,12	25,55	10,13	32,31	102	99	0.906169509177	1.0
808	11,21	22,28	16,22	48,21	102	99	1	1.0
809	21,48	5,8	27,29	9,14	117	99	0.50481571055	1.0
810	166,243	3,1	538,429	1,3	611	99	1	1.0
811	414,717	7,11	546,802	6,16	141	99	1	1.0
812	873,1393	4,5	1119,1536	1,2	162	99	1	1.0
813	466,687	4,5	579,750	1,2	120	99	1	1.0
814	369,606	3,3	490,693	0,1	141	99	1	1.0
815	828,1282	3,1	1063,1427	0,2	162	99	1	1.0
816	462,679	3,1	573,735	0,2	120	99	1	1.0
817	643,949	426,795	792,1021	537,958	120	99	1	1.0
818	8,16	46,93	4,7	4,9	105	99	0.0597709900795	1.0
819	55,101	6,6	136,183	6,2	103	99	1	1.0
820	10,17	21,37	10,9	27,27	103	99	1	1.0
821	33,45	0,0	56,85	0,6	102	99	1	1.0
826	187,284	4,17	167,206	20,17	102	99	1	1.0
828	146,214	32,62	215,183	94,88	129	99	0.536721149393	1.0
829	108,156	0,0	146,167	2,0	106	99	1	1.0
830	39,37	62,119	41,47	98,83	102	99	1	1.0
831	52,98	23,40	82,89	33,39	124	99	1	1.0
832	51,59	4,9	87,78	7,7	124	99	1	1.0
833	102,149	1,0	143,153	0,0	216	99	1	1.0
834	413,823	134,220	470,608	152,233	105	99	1	1.0
835	19,50	15,13	43,34	6,17	104	99	1	1.0
836	543,790	95,184	625,744	140,168	102	99	1	1.0
837	16,23	1,4	33,40	0,2	163	99	1	1.0
838	5,2	78,118	4,1	112,102	141	99	1	1.0
839	92,133	4,4	99,129	8,7	127	99	1	1.0
840	0,0	32,48	1,0	69,43	117	99	1	1.0
841	40,38	12,23	50,35	29,27	145	99	0.976767683877	1.0
842	5,5	260,268	7,3	226,279	103	99	1	1.0
843	4,4	17,24	4,3	15,26	103	99	1	1.0
844	136,118	2,4	168,250	10,4	105	99	1	1.0
845	0,4	2,1	0,2	0,0	168	99	1	1.0
846	0,4	0,2	0,2	0,0	171	99	1	1.0
848	2,5	4,4	4,1	9,3	168	99	0.846743920463	1.0
849	5,7	3,11	9,4	19,15	182	99	0.665039524229	1.0
851	7,6	3,11	14,6	19,15	113	99	0.78771614292	1.0
854	1,9	183,309	14,7	278,328	126	99	1	1.0
855	2,3	216,253	4,2	225,272	102	99	1	1.0
856	95,144	12,14	90,122	26,19	139	99	1	1.0
858	64,68	54,70	107,57	93,66	102	99	1	1.0
859	20,19	4,5	33,18	14,6	111	99	1	1.0
860	1,12	23,23	4,4	15,22	103	99	1	1.0
861	0,1	60,92	0,1	105,66	129	99	1	1.0
862	5,1	3,3	2,3	5,5	132	99	1	1.0
863	65,92	3,3	107,68	5,5	102	99	1	1.0
864	14,23	184,218	17,15	214,243	145	99	1	1.0
865	11,13	0,0	4,11	3,0	112	99	1	1.0
867	2,8	280,301	6,14	366,363	234	99	1	1.0
868	13,22	0,0	17,21	0,2	103	99	1	1.0
870	21,36	18,24	10,17	23,34	105	99	0.0341972078111	1.0
871	41,90	3,2	71,47	3,1	311	99	1	1.0
872	23,27	11,27	33,47	12,10	102	99	0.172360169966	1.0
873	3,6	4,6	19,18	17,20	102	99	1	1.0
874	112,146	5,15	99,158	10,9	136	99	1	1.0
875	122,173	1,6	119,185	8,9	338	99	0.84689445904	1.0
876	6,6	49,48	3,21	27,46	130	99	1	1.0
877	41,80	0,1	34,54	0,2	108	99	1	1.0
878	18,32	149,214	17,5	221,247	111	99	1	1.0
879	47,84	71,95	40,49	116,136	384	99	1	1.0
881	7,13	112,144	4,9	119,132	102	99	1	1.0
882	4,8	0,2	5,11	0,0	102	99	1	1.0
883	39,42	54,50	68,65	58,75	102	99	1	1.0
885	117,145	15,18	152,157	16,18	113	99	1	1.0
886	1,2	12,16	2,1	23,21	137	99	1	1.0
887	3,2	163,212	8,7	333,330	111	99	1	1.0
888	200,269	7,6	214,272	10,6	102	99	1	1.0
889	44,46	2,0	37,47	0,2	276	99	1	1.0
890	7,10	0,1	20,26	0,0	105	99	1	1.0
891	94,130	2,4	118,119	5,9	109	99	1	1.0
893	0,1	1,5	1,0	4,1	116	99	1	1.0
895	20,32	14,20	35,19	25,23	417	99	1	1.0
897	497,759	0,4	299,462	0,0	458	99	1	1.0
898	27,59	338,496	20,35	642,667	102	99	1	1.0
899	148,214	0,0	335,340	3,0	111	99	1	1.0
900	19,11	0,3	12,11	3,2	135	99	0.714276053764	1.0
901	26,48	47,58	45,53	73,71	105	99	1	1.0
902	38,54	39,37	62,56	43,32	102	99	1	1.0
903	74,141	20,29	87,117	33,16	105	99	1	1.0
904	124,174	50,56	112,138	46,38	139	99	1	1.0
906	35,53	0,2	48,43	0,0	104	99	1	1.0
907	389,499	0,1	1128,1310	0,0	354	99	1	1.0
908	170,205	48,58	515,608	43,49	119	99	0.0140423602458	0.7524650112200634
909	97,111	192,258	91,90	645,775	102	99	4.46730332694e-05	0.014020950584695973
910	115,168	8,6	193,186	22,15	103	99	1	1.0
911	35,52	3,7	37,52	12,9	142	99	0.800659285331	1.0
912	1,9	90,124	7,9	150,153	110	99	1	1.0
913	6,18	3,5	17,4	6,15	111	99	0.263850417262	1.0
914	38,58	404,562	62,39	465,489	128	99	1	1.0
915	148,129	15,9	193,92	16,15	138	99	1	1.0
920	10,17	323,480	44,49	526,508	102	99	1	1.0
921	7,11	4,3	6,11	3,2	105	99	1	1.0
922	8,21	0,2	7,15	1,2	105	99	1	1.0
923	15,22	7,6	17,9	2,2	102	99	0.539403987773	1.0
924	8,14	63,83	8,12	70,76	108	99	1	1.0
925	1,1	26,40	3,2	47,40	111	99	1	1.0
926	189,202	4,7	301,221	12,10	754	99	1	1.0
927	73,81	1,11	84,65	5,12	112	99	1	1.0
928	94,157	41,47	137,146	47,74	102	99	1	1.0
929	253,350	12,27	328,425	16,25	113	99	1	1.0
930	6,9	19,15	13,5	16,30	253	99	1	1.0
931	41,46	482,743	40,43	473,678	340	99	1	1.0
933	8,7	1,2	11,15	0,0	106	99	0.797344536318	1.0
935	3,4	6,25	2,7	7,10	108	99	0.691665925427	1.0
936	58,85	17,36	45,70	23,20	111	99	1	1.0
938	5,8	0,0	9,5	5,0	102	99	0.650243546044	1.0
940	2,1	66,109	1,0	81,131	138	99	1	1.0
941	66,81	35,37	81,56	66,71	105	99	0.170237454759	1.0
942	127,181	15,35	154,181	34,54	102	99	1	1.0
943	68,67	2,3	69,72	0,0	114	99	1	1.0
944	1,3	29,64	1,0	65,56	207	99	1	1.0
945	34,58	0,0	16,52	1,0	123	99	1	1.0
946	30,42	0,0	32,24	0,3	147	99	1	1.0
947	3,3	10,21	2,0	28,26	120	99	1	1.0
948	4,4	56,78	0,0	54,100	145	99	1	1.0
949	62,74	1,0	91,100	1,2	150	99	1	1.0
951	442,435	1,0	483,361	1,0	105	99	1	1.0
953	3,7	27,33	8,5	27,17	102	99	1	1.0
954	2,0	14,19	0,0	32,25	102	99	1	1.0
955	119,193	8,23	161,201	31,13	116	99	1	1.0
956	37,43	78,116	46,67	137,171	123	99	1	1.0
957	443,667	0,0	599,984	2,2	103	99	1	1.0
958	4,12	34,70	2,5	46,39	117	99	1	1.0
959	432,638	213,309	709,795	191,179	102	99	0.186724028163	1.0
962	235,301	0,1	410,487	0,0	775	99	1	1.0
963	1,2	89,100	2,1	157,94	113	99	1	1.0
965	22,40	79,124	74,33	104,89	111	99	0.847185524059	1.0
966	8,19	0,1	45,13	12,7	105	99	0.00312345179049	0.28592598265443875
968	682,951	0,1	1034,899	0,0	111	99	1	1.0
969	1,3	29,51	1,5	51,54	224	99	1	1.0
971	169,154	2,3	247,138	2,1	117	99	1	1.0
972	213,304	75,135	261,216	194,177	102	99	0.111159131824	1.0
973	25,17	317,511	13,17	290,399	108	99	1	1.0
974	328,427	0,0	497,470	0,3	103	99	1	1.0
975	3,12	29,70	17,21	34,40	102	99	0.0452652743943	1.0
977	62,55	106,137	68,50	143,152	248	99	1	1.0
978	590,724	6,12	782,898	10,18	255	99	1	1.0
979	0,0	2,2	1,2	1,1	113	99	0.107255442143	1.0
980	868,1408	0,1	1345,1540	0,0	160	99	1	1.0
981	12,13	0,1	9,9	4,0	123	99	1	1.0
983	55,79	6,10	79,87	0,6	104	99	1	1.0
984	48,56	12,11	62,63	7,3	122	99	0.567008462493	1.0
985	18,22	46,59	24,41	65,74	110	99	1	1.0
986	6,13	17,17	19,45	5,12	142	99	0.0001432795295	0.03147851263115
987	14,24	4,0	31,53	8,10	156	99	0.534392408761	1.0
988	25,28	4,0	17,20	8,10	113	99	0.00891171903116	0.5758543150428976
989	54,66	103,165	67,57	166,137	602	99	1	1.0
990	52,66	32,43	70,58	47,58	602	99	1	1.0
993	21,46	3,5	54,31	8,3	116	99	1	1.0
994	25,44	1,0	73,45	1,0	133	99	1	1.0
995	134,183	0,0	149,104	1,0	116	99	1	1.0
996	0,0	6,13	0,1	22,11	123	99	1	1.0
997	6,1	5,4	0,2	0,0	102	99	1	1.0
998	152,281	29,60	166,172	26,37	194	99	1	1.0
1001	387,651	2,1	389,553	0,0	150	99	1	1.0
1002	1,1	0,0	5,5	1,0	102	99	1	1.0
1003	1,1	30,44	2,2	28,43	112	99	1	1.0
1005	19,18	9,7	19,19	2,6	110	99	0.551619285197	1.0
1006	35,46	6,6	45,35	11,12	110	99	0.969945416063	1.0
1007	56,85	10,10	123,92	13,8	107	99	1	1.0
1009	14,19	13,13	18,18	14,14	112	99	1	1.0
1010	27,33	10,20	41,30	17,27	154	99	1	1.0
1011	215,237	30,43	326,289	58,57	2617	99	1	1.0
1012	942,1234	92,89	1550,1567	79,105	903	99	1	1.0
1013	35,63	344,595	39,60	484,542	422	99	1	1.0
1015	12,29	21,26	33,29	26,31	172	99	1	1.0
1018	11,14	49,46	19,21	91,78	108	99	1	1.0
1019	138,207	65,80	162,167	86,120	108	99	1	1.0
1020	56,105	1,0	83,87	0,0	158	99	1	1.0
1022	6,7	0,2	9,5	0,0	136	99	1	1.0
1023	9,8	47,62	2,6	45,82	120	99	1	1.0
1024	184,236	0,3	216,234	2,2	283	99	1	1.0
1026	1,3	17,22	0,1	37,68	115	99	1	1.0
1027	634,911	7,6	748,866	11,12	111	99	1	1.0
1028	26,37	696,851	35,39	696,868	301	99	1	1.0
1029	38,71	24,34	46,42	26,35	103	99	1	1.0
1031	117,151	1738,2265	240,269	2023,1902	476	99	1	1.0
1032	2,10	6,10	5,6	15,19	108	99	0.681603962066	1.0
1033	20,13	21,44	37,34	21,23	104	99	0.0662404340804	1.0
1034	54,73	1,3	63,67	8,8	108	99	1	1.0
1035	10,15	77,90	7,14	118,138	110	99	1	1.0
1036	104,151	75,119	156,244	91,96	156	99	0.703736130898	1.0
1038	10,15	103,144	12,27	147,165	109	99	1	1.0
1039	350,464	5,12	339,409	9,13	109	99	1	1.0
1040	8,14	293,371	7,6	346,355	119	99	1	1.0
1041	56,95	2,0	73,92	0,0	338	99	1	1.0
1042	0,2	33,49	0,2	43,33	102	99	1	1.0
1043	59,86	0,0	53,88	0,1	101	99	1	1.0
1044	11,5	92,133	6,1	131,106	280	99	1	1.0
1045	79,89	23,35	123,73	40,39	138	99	1	1.0
1046	2,0	0,0	1,4	2,2	134	99	1	1.0
1047	2,0	70,104	4,3	125,81	159	99	1	1.0
1048	7,9	50,90	11,14	95,100	272	99	1	1.0
1049	4,3	109,172	1,4	113,140	117	99	1	1.0
1052	165,264	1,0	291,305	2,0	104	99	1	1.0
1053	194,275	6,8	196,193	0,3	101	99	1	1.0
1054	812,1039	5,5	1334,1160	2,3	102	99	1	1.0
1055	4,10	34,61	7,8	61,51	102	99	1	1.0
1056	10,15	328,452	10,12	315,287	111	99	1	1.0
1057	32,112	0,1	63,80	0,0	295	99	1	1.0
1059	7,8	178,289	9,12	268,276	102	99	1	1.0
1060	163,234	149,247	109,145	197,308	102	99	0.054757584225	1.0
1061	271,423	13,46	295,394	37,33	102	99	1	1.0
1062	4,9	2,1	13,20	3,4	102	99	1	1.0
1063	5,10	24,36	13,23	24,47	111	99	0.571895792584	1.0
1064	3,2	24,36	3,7	24,47	108	99	1	1.0
1065	182,218	204,237	260,226	323,265	102	99	1	1.0
1066	4,4	20,32	2,1	33,45	110	99	1	1.0
1068	5,12	1,3	12,15	2,0	103	99	0.776075383289	1.0
1069	789,1051	0,0	909,963	0,1	113	99	1	1.0
1070	57,73	14,14	80,81	20,22	102	99	1	1.0
1072	14,12	407,651	16,9	495,545	114	99	1	1.0
1073	41,52	52,59	43,27	106,83	105	99	0.0845890092353	1.0
1074	26,30	8,5	34,52	3,2	129	99	0.307308983702	1.0
1075	1,1	0,0	1,1	1,1	120	99	0.419578061324	1.0
1076	0,0	22,56	1,0	43,44	102	99	1	1.0
1077	21,19	185,259	9,17	200,235	117	99	1	1.0
1078	21,28	26,38	23,31	58,48	102	99	1	1.0
1079	127,192	9,10	135,149	11,16	103	99	1	1.0
1080	3,13	18,25	18,11	23,33	114	99	1	1.0
1081	373,616	26,34	573,627	26,23	102	99	1	1.0
1082	170,322	0,1	227,461	1,0	282	99	1	1.0
1083	36,35	1,0	38,33	3,5	162	99	0.730910870599	1.0
1084	2,7	4,0	2,8	8,10	102	99	0.129605727863	1.0
1085	44,61	20,20	50,47	34,29	102	99	0.716474482096	1.0
1086	103,120	2,3	141,141	0,1	188	99	1	1.0
1087	0,4	10,25	4,0	25,7	124	99	1	1.0
1088	1,6	36,81	5,1	47,67	127	99	1	1.0
1089	11,27	36,81	26,8	47,67	102	99	1	1.0
1090	13,8	0,0	16,11	1,0	102	99	1	1.0
1091	318,412	0,0	318,389	0,1	239	99	1	1.0
1092	11,16	0,1	16,4	0,0	108	99	1	1.0
1093	2,11	0,0	17,4	1,0	110	99	1	1.0
1094	0,0	1,7	2,5	5,0	114	99	0.0104905020458	0.6065166577532263
1095	4,18	86,162	10,8	92,106	126	99	1	1.0
1096	28,69	6,7	66,50	7,8	396	99	1	1.0
1098	43,58	6,23	53,69	20,12	177	99	1	1.0
1099	281,307	0,1	249,294	0,0	180	99	1	1.0
1100	0,1	70,210	0,0	14,87	119	99	1	1.0
1102	12,19	48,98	4,8	62,60	446	99	1	1.0
1103	12,21	0,0	50,24	1,2	110	99	1	1.0
1105	8,20	6,8	14,27	8,6	102	99	1	1.0
1106	39,49	9,13	71,41	10,20	355	99	1	1.0
1107	33,50	13,19	71,36	9,2	355	99	0.0125179263634	0.7051765184715334
1108	88,150	13,19	151,114	9,2	669	99	0.0357804890759	1.0
1109	56,101	0,1	84,79	1,0	413	99	1	1.0
1111	57,67	1022,1289	69,121	1340,1686	117	99	1	1.0
1112	5,28	45,116	19,28	86,126	143	99	1	1.0
1115	10,17	8,7	32,8	7,4	132	99	0.592031210264	1.0
1116	57,53	3,7	57,40	9,12	104	99	1	1.0
1117	4,1	0,0	1,4	1,0	103	99	1	1.0
1118	210,328	6,13	254,280	12,13	204	99	1	1.0
1119	8,4	9,25	6,8	14,20	106	99	1	1.0
1121	7,5	16,27	0,4	37,25	114	99	0.41591155011	1.0
1124	60,97	2,7	72,70	0,3	118	99	1	1.0
1125	9,7	78,86	9,12	92,79	102	99	1	1.0
1126	51,74	58,100	52,67	76,94	386	99	1	1.0
1127	295,469	313,383	420,410	364,341	235	99	1	1.0
1128	5,8	121,194	31,43	134,154	283	99	1	1.0
1129	6,4	20,34	4,0	51,40	102	99	0.874121349009	1.0
1130	390,504	66,82	356,471	55,103	102	99	1	1.0
1131	104,154	0,0	117,118	0,1	140	99	1	1.0
1132	206,271	1,4	231,257	0,3	106	99	1	1.0
1133	122,166	4,4	215,215	0,3	141	99	1	1.0
1134	140,205	611,833	212,289	531,711	102	99	1	1.0
1135	32,23	12,12	26,13	30,21	102	99	0.031004749071	1.0
1136	223,430	54,83	272,374	66,87	102	99	1	1.0
1137	150,186	0,1	251,260	0,0	134	99	1	1.0
1139	76,82	4,5	118,119	4,6	502	99	1	1.0
1140	105,131	1,1	180,163	1,1	823	99	1	1.0
1141	5,7	23,32	5,9	36,34	115	99	1	1.0
1142	3,6	92,92	10,15	102,129	115	99	1	1.0
1144	45,97	0,3	75,69	3,2	108	99	1	1.0
1145	77,139	41,76	90,104	75,72	166	99	1	1.0
1146	7,1	30,27	6,4	28,32	124	99	1	1.0
1147	111,128	4,6	120,89	4,3	111	99	1	1.0
1148	7,11	76,101	11,7	97,86	102	99	1	1.0
1149	127,186	8,15	145,163	5,4	177	99	1	1.0
1150	79,120	24,36	87,71	43,23	125	99	1	1.0
1151	18,34	0,2	23,14	1,0	125	99	1	1.0
1152	1826,2348	58,85	2741,2680	48,76	102	99	1	1.0
1153	1880,2424	5,1	2821,2798	3,1	105	99	1	1.0
1154	1947,2521	9,17	2942,2988	23,23	108	99	1	1.0
1155	2155,2879	22,27	3304,3514	25,50	111	99	1	1.0
1156	112,161	5,1	128,194	3,1	102	99	1	1.0
1157	179,258	9,17	249,384	23,23	105	99	1	1.0
1158	387,616	22,27	611,910	25,50	108	99	1	1.0
1159	72,98	9,17	124,191	23,23	102	99	1	1.0
1160	280,456	22,27	486,717	25,50	105	99	1	1.0
1161	217,375	22,27	385,549	25,50	102	99	1	1.0
1162	38,29	0,1	22,60	0,0	102	99	1	1.0
1163	76,102	12,14	89,66	12,8	141	99	1	1.0
1164	92,146	16,7	136,130	9,15	282	99	1	1.0
1165	158,279	5,10	268,272	13,13	116	99	1	1.0
1166	179,268	20,10	284,276	17,26	111	99	1	1.0
1167	1,0	106,162	2,4	127,129	156	99	1	1.0
1168	262,361	13,27	343,313	20,29	105	99	1	1.0
1169	0,4	0,0	2,1	4,0	106	99	1	1.0
1170	44,53	1,0	25,52	1,0	102	99	1	1.0
1171	19,45	42,71	45,47	70,54	102	99	1	1.0
1172	2,4	36,52	7,8	41,43	105	99	1	1.0
1173	11,7	92,120	5,9	108,126	102	99	1	1.0
1174	4,11	25,34	11,18	22,23	102	99	0.223548584235	1.0
1175	12,29	0,0	38,32	0,3	116	99	1	1.0
1176	1,0	5,4	6,3	3,13	102	99	0.0379209465735	1.0
1177	34,61	14,12	27,32	3,4	154	99	0.448819023028	1.0
1178	76,152	2,3	69,64	0,3	436	99	1	1.0
1179	8,27	39,48	12,30	19,26	304	99	0.773130881804	1.0
1180	0,0	1,0	0,1	3,2	153	99	1	1.0
1181	25,28	12,11	28,16	6,5	133	99	0.769250234906	1.0
1182	190,263	1,11	173,251	8,7	106	99	1	1.0
1183	831,1297	13,36	1278,1587	46,58	116	99	1	1.0
1184	8,17	0,1	6,18	0,0	102	99	1	1.0
1185	15,18	0,0	16,17	0,4	102	99	1	1.0
1186	17,20	297,316	16,21	342,317	263	99	1	1.0
1188	42,46	1,4	97,85	0,0	120	99	1	1.0
1189	2,6	20,23	1,5	19,14	102	99	1	1.0
1190	300,473	181,272	459,599	209,267	114	99	1	1.0
1191	62,119	1,11	78,123	9,7	117	99	1	1.0
1192	11,16	57,75	5,3	57,52	124	99	1	1.0
1193	14,34	21,11	31,30	19,27	102	99	1	1.0
1194	12,4	36,48	8,17	24,51	102	99	0.908861125166	1.0
1195	4,6	5,5	2,3	6,0	102	99	0.733101083218	1.0
1196	34,61	67,93	78,75	111,155	436	99	1	1.0
1197	19,26	104,142	23,26	99,156	114	99	1	1.0
1198	3,0	113,203	9,0	158,195	138	99	1	1.0
1199	17,5	0,1	18,8	0,3	108	99	1	1.0
1200	8,20	38,69	13,16	5,5	144	99	1.72624306982e-06	0.00379255602439454
1201	0,1	5,4	2,4	6,4	108	99	0.0752131019567	1.0
1202	70,103	86,128	86,80	117,156	119	99	1	1.0
1203	9,11	51,60	4,8	29,76	351	99	1	1.0
1204	26,44	8,17	26,8	27,19	103	99	0.00929357546055	0.5833710081950957
1207	15,44	4,5	34,24	3,1	102	99	1	1.0
1208	36,46	1,3	53,45	7,11	105	99	0.647078188415	1.0
1210	11,14	79,74	10,4	92,106	114	99	1	1.0
1211	31,33	61,81	37,28	89,80	102	99	1	1.0
1212	114,206	2,0	221,243	0,0	172	99	1	1.0
1213	11,34	109,227	4,34	98,232	112	99	1	1.0
1216	2,0	32,39	2,7	56,57	117	99	1	1.0
1218	79,111	123,215	69,66	114,123	102	99	1	1.0
1219	98,116	0,0	183,153	3,1	148	99	1	1.0
1220	599,741	1,1	845,858	1,0	132	99	1	1.0
1221	58,74	0,1	51,59	0,0	102	99	1	1.0
1222	3,0	6,11	4,1	18,14	114	99	1	1.0
1223	54,59	40,45	50,57	32,25	105	99	1	1.0
1224	9,15	1223,1493	6,5	889,940	135	99	1	1.0
1225	99,141	215,265	137,173	268,358	102	99	1	1.0
1226	74,142	3,0	74,97	0,0	102	99	1	1.0
1227	7,12	15,21	15,11	15,6	121	99	0.24948344112	1.0
1228	18,29	9,5	14,17	8,5	106	99	1	1.0
1229	77,125	11,16	100,163	7,5	122	99	1	1.0
1230	42,101	3,22	53,80	6,6	126	99	1	1.0
1231	4,17	30,52	13,18	29,39	209	99	1	1.0
1232	1,1	1,2	6,2	6,1	127	99	0.303592849252	1.0
1233	3,6	3,13	10,5	12,11	106	99	1	1.0
1234	6,19	0,4	10,22	0,1	115	99	1	1.0
1236	3,6	2,0	2,5	0,0	198	99	1	1.0
1237	39,64	1,4	30,56	7,4	120	99	1	1.0
1238	0,2	169,242	2,5	244,253	141	99	1	1.0
1239	3,7	4,1	8,1	4,0	119	99	0.929293365521	1.0
1242	91,82	0,14	68,61	6,5	656	99	0.761427381554	1.0
1243	39,58	26,56	50,57	38,41	102	99	1	1.0
1244	4,7	26,56	8,18	38,41	115	99	0.771268244417	1.0
1245	4,6	39,57	7,12	49,51	112	99	1	1.0
1246	3,5	3,4	3,6	0,0	116	99	0.00161462256071	0.18670135609894054
1247	6,8	25,39	6,4	31,43	116	99	1	1.0
1248	81,141	74,120	134,152	169,138	144	99	1	1.0
1249	13,24	15,20	33,22	31,46	163	99	1	1.0
1250	278,442	44,95	310,367	76,101	102	99	1	1.0
1251	7,6	165,232	9,8	208,207	132	99	1	1.0
1255	187,285	3,3	205,274	6,10	118	99	1	1.0
1256	454,480	5,9	457,514	13,7	162	99	1	1.0
1257	13,14	51,63	9,17	47,39	102	99	1	1.0
1258	37,66	67,90	24,30	65,107	111	99	0.2661866835	1.0
1259	42,82	5,14	29,43	2,3	272	99	0.549393759799	1.0
1260	1,2	1,0	2,0	2,0	120	99	1	1.0
1262	13,27	4,4	38,38	4,3	103	99	1	1.0
1263	4,6	26,28	6,11	14,23	102	99	0.427718519584	1.0
1264	39,39	12,14	30,26	23,23	122	99	0.103368281038	1.0
1265	36,55	310,423	45,37	398,445	348	99	1	1.0
1266	10,23	0,1	19,16	1,0	103	99	1	1.0
1267	75,125	24,35	77,123	34,37	126	99	1	1.0
1268	2,3	0,1	6,0	0,0	139	99	1	1.0
1269	3,0	0,0	4,1	1,0	107	99	1	1.0
1270	48,88	25,29	74,88	17,33	122	99	1	1.0
1271	297,398	0,1	340,413	0,1	106	99	1	1.0
1272	22,45	1,4	25,27	5,4	172	99	0.705884555734	1.0
1273	13,37	2,0	20,22	7,4	172	99	0.017790870501	0.85959169633805
1274	51,89	2,0	71,53	7,4	561	99	0.00960417637822	0.5861215417485928
1275	38,57	0,5	52,35	1,4	488	99	1	1.0
1276	50,71	1534,2066	82,92	2726,2463	249	99	1	1.0
1277	0,2	52,57	2,0	54,42	120	99	1	1.0
1279	1,2	0,3	0,0	3,0	169	99	1	1.0
1280	65,73	2,0	60,58	1,0	118	99	1	1.0
1281	39,67	11,14	58,67	13,13	105	99	1	1.0
1282	134,189	4,4	171,181	3,6	114	99	1	1.0
1283	96,102	73,88	128,95	119,120	102	99	1	1.0
1284	180,219	22,20	293,234	21,24	111	99	1	1.0
1286	7,13	38,41	6,12	22,4	104	99	0.324863728315	1.0
1287	71,89	11,19	59,74	17,13	102	99	1	1.0
1288	4,8	21,27	1,5	45,19	112	99	0.88574883893	1.0
1289	6,4	67,76	3,5	57,67	112	99	1	1.0
1291	16,33	605,965	31,30	763,961	102	99	1	1.0
1292	147,209	2,3	150,192	2,2	103	99	1	1.0
1294	2,1	256,386	3,1	369,404	255	99	1	1.0
1295	556,827	168,293	458,531	284,285	102	99	0.468872879732	1.0
1296	53,94	6,10	56,53	4,4	278	99	1	1.0
1298	8,22	52,92	13,25	64,99	407	99	1	1.0
1299	70,119	10,11	120,123	19,14	103	99	1	1.0
1300	34,36	10,11	26,35	19,14	174	99	0.572670698603	1.0
1301	32,32	68,115	22,32	116,120	170	99	1	1.0
1302	56,71	0,2	74,48	0,7	117	99	1	1.0
1303	9,13	36,62	27,57	69,91	225	99	1	1.0
1304	9,20	4,1	17,18	4,3	702	99	1	1.0
1307	52,101	5,8	53,72	23,11	123	99	0.311390989543	1.0
1308	11,7	54,93	6,7	66,93	119	99	1	1.0
1309	229,324	97,111	420,386	47,73	102	99	0.0587265519446	1.0
1310	154,171	0,0	293,307	4,2	317	99	1	1.0
1311	2563,4115	3,4	2950,4531	4,5	141	99	1	1.0
1312	431,712	5,11	509,793	6,19	138	99	1	1.0
1313	1461,2323	5,11	1652,2586	6,19	147	99	1	1.0
1314	1043,1619	13,8	1148,1801	5,8	108	99	1	1.0
1315	33,65	38,110	71,63	44,36	102	99	0.0265996241207	1.0
1316	29,39	5,7	49,28	12,6	160	99	1	1.0
1317	2,2	9,0	0,0	7,11	102	99	0.114944115008	1.0
1318	146,204	28,38	209,251	18,13	123	99	0.629873777748	1.0
1319	26,23	821,1135	30,50	890,1138	354	99	1	1.0
1321	2,1	0,4	0,1	0,0	131	99	1	1.0
1322	1,0	0,4	3,2	0,0	172	99	0.00670095098955	0.49073297746804495
1323	1,1	0,4	3,2	0,0	176	99	0.0580781457845	1.0
1324	0,0	1,1	3,2	0,1	140	99	3.54430745223e-05	0.013369970717101916
1325	0,1	1,1	3,2	0,1	144	99	0.00090277152861	0.12750947673497637
1327	37,98	14,17	61,127	14,18	276	99	1	1.0
1328	5,12	80,165	4,9	75,98	117	99	1	1.0
1329	1,0	2,3	1,0	9,13	151	99	1	1.0
1330	37,65	14,12	18,22	10,16	111	99	0.207934767278	1.0
1331	15,15	845,1280	36,21	1113,1226	387	99	1	1.0
1332	423,610	1122,1636	531,644	1491,1678	102	99	1	1.0
1333	0,1	1,0	4,0	0,0	104	99	1	1.0
1334	98,98	0,2	166,148	1,0	119	99	1	1.0
1335	92,112	21,27	124,125	36,28	105	99	1	1.0
1336	147,222	2,8	229,285	0,3	119	99	1	1.0
1337	105,173	102,147	146,151	111,166	173	99	1	1.0
1338	453,687	128,197	847,873	151,154	102	99	1	1.0
1339	8,28	8,14	13,15	1,2	232	99	0.00863239570123	0.5747082835031003
1340	331,368	3,5	428,513	11,11	103	99	1	1.0
1341	4,4	114,146	4,7	131,157	126	99	1	1.0
1342	61,95	13,13	90,96	16,13	114	99	1	1.0
1343	14,30	7,23	30,57	20,10	811	99	1	1.0
1344	205,357	3,0	290,340	1,0	168	99	1	1.0
1345	1,5	2,1	4,8	2,0	102	99	0.506847739865	1.0
1346	1707,2431	2,0	2117,2410	0,1	102	99	1	1.0
1348	2,4	29,33	0,0	32,27	172	99	1	1.0
1349	50,65	42,66	115,87	70,60	102	99	1	1.0
1351	9,15	3,12	16,7	3,7	120	99	1	1.0
1352	3,8	239,279	25,7	254,305	536	99	1	1.0
1353	115,107	1,0	141,151	0,0	111	99	1	1.0
1354	68,70	5,9	66,70	8,3	128	99	1	1.0
1355	101,205	5,2	247,241	2,2	107	99	1	1.0
1356	219,239	136,162	264,241	176,177	105	99	1	1.0
1357	5,12	2,10	4,9	4,12	105	99	0.701640186889	1.0
1361	88,130	89,120	109,120	115,121	108	99	1	1.0
1362	2,5	23,15	4,1	59,22	105	99	1	1.0
1363	4,8	0,2	0,5	3,0	102	99	0.512619956983	1.0
1364	0,1	0,1	0,0	0,2	132	99	1	1.0
1365	10,13	67,75	5,17	50,70	103	99	1	1.0
1366	1033,1502	72,165	1575,1762	55,116	437	99	0.890390112441	1.0
1367	5,14	181,274	12,19	258,295	117	99	1	1.0
1370	4,12	37,77	10,14	43,45	136	99	1	1.0
1371	9,4	27,37	11,14	35,53	110	99	1	1.0
1372	26,30	70,162	31,18	74,94	102	99	1	1.0
1373	2,3	0,0	6,7	1,1	129	99	0.45624593776	1.0
1377	24,22	0,1	19,14	0,1	105	99	1	1.0
1378	220,380	0,0	205,290	2,0	105	99	1	1.0
1380	118,180	4,6	136,183	4,4	165	99	1	1.0
1382	2,4	2,2	14,1	6,7	121	99	0.690546125315	1.0
1383	1,2	10,29	3,0	10,24	114	99	1	1.0
1384	3,6	18,14	4,7	36,15	436	99	1	1.0
1385	24,26	0,0	35,27	0,1	741	99	1	1.0
1386	63,133	7,12	101,140	9,8	106	99	1	1.0
1387	51,66	38,24	72,70	19,32	121	99	1	1.0
1388	0,0	40,55	0,4	49,63	138	99	1	1.0
1389	48,41	16,17	60,44	20,14	102	99	1	1.0
1390	52,72	11,16	62,97	7,4	114	99	0.482883135372	1.0
1391	77,86	15,26	78,103	10,7	105	99	0.591793477556	1.0
1392	27,23	108,128	22,25	117,111	103	99	1	1.0
1393	0,0	1,0	1,0	0,0	232	99	1	1.0
1394	14,9	22,22	20,14	34,30	102	99	1	1.0
1395	1474,2173	4,2	1443,1964	0,0	108	99	1	1.0
1397	1,3	0,0	0,0	5,0	380	99	1	1.0
1399	6,14	179,196	12,15	186,206	123	99	1	1.0
1401	58,98	628,870	81,94	750,897	861	99	1	1.0
1402	0,4	0,0	5,0	2,0	108	99	1	1.0
1403	11,12	1,1	23,9	1,4	108	99	1	1.0
1404	0,0	36,56	3,2	56,47	102	99	1	1.0
1405	97,137	5,3	95,110	4,1	102	99	1	1.0
1406	33,68	49,34	74,68	47,45	447	99	1	1.0
1407	57,90	54,73	132,129	56,45	102	99	0.0491386222634	1.0
1408	289,438	99,194	447,534	177,270	289	99	1	1.0
1409	196,290	0,0	307,388	1,1	289	99	1	1.0
1410	10,13	7,5	12,11	3,10	129	99	1	1.0
1411	1,6	9,12	13,3	40,28	171	99	1	1.0
1412	5,17	8,14	10,6	20,24	102	99	0.218651494487	1.0
1413	67,124	6,7	105,109	6,2	284	99	1	1.0
1415	2,4	9,13	4,6	7,15	114	99	0.933944591828	1.0
1416	7,10	0,2	27,6	0,0	233	99	1	1.0
1417	19,29	16,14	25,19	13,8	105	99	1	1.0
1418	2873,4630	0,1	2914,4238	0,0	113	99	1	1.0
1419	32,32	7,2	39,47	4,3	102	99	1	1.0
1420	6,9	59,121	28,15	62,52	158	99	0.193284841174	1.0
1421	1,5	239,328	3,3	306,303	180	99	1	1.0
1422	58,67	1,0	95,112	0,0	290	99	1	1.0
1423	172,326	388,513	287,394	437,499	118	99	1	1.0
1424	150,216	13,27	140,204	24,18	104	99	1	1.0
1425	41,89	88,118	84,93	119,123	836	99	1	1.0
1426	84,141	88,118	101,115	119,123	1247	99	1	1.0
1427	54,66	6,13	29,49	10,22	510	99	0.110217363107	1.0
1428	2866,3841	0,1	3011,3207	0,0	425	99	1	1.0
1429	768,1020	7,4	1050,1102	6,6	136	99	1	1.0
1430	49,80	1,4	64,63	1,1	210	99	1	1.0
1431	33,56	0,1	43,48	0,0	210	99	1	1.0
1432	2,2	7,6	4,4	6,7	172	99	0.803355718274	1.0
1433	47,64	6,7	40,63	8,8	145	99	1	1.0
1434	489,794	1,1	603,690	2,1	261	99	1	1.0
1435	66,112	26,25	75,104	39,28	102	99	1	1.0
1436	123,240	201,230	219,168	144,193	1763	99	1	1.0
1437	2,0	39,51	1,9	57,72	115	99	1	1.0
1438	48,91	3,1	106,103	3,3	107	99	1	1.0
1439	3,4	54,85	13,6	102,95	165	99	1	1.0
1440	14,17	0,1	21,22	0,2	107	99	1	1.0
1442	347,456	26,27	475,566	23,31	257	99	1	1.0
1443	1598,2205	471,604	2392,2586	533,618	610	99	1	1.0
1444	1277,1776	471,604	1940,2051	533,618	452	99	1	1.0
1445	1524,2104	0,2	2218,2351	0,0	452	99	1	1.0
1446	0,1	67,111	3,3	134,120	115	99	1	1.0
1447	424,527	6,2	474,508	0,1	117	99	1	1.0
1448	119,182	33,26	120,137	20,41	103	99	1	1.0
1450	6,16	31,63	59,63	75,80	913	99	1	1.0
1451	54,100	15,24	95,79	11,31	106	99	1	1.0
1452	83,134	2,6	126,145	8,15	105	99	1	1.0
1453	2,4	18,15	0,3	24,19	113	99	1	1.0
1454	12,16	43,51	18,12	55,62	102	99	1	1.0
1456	48,89	37,45	57,78	31,23	102	99	1	1.0
1457	3,2	772,930	18,22	1194,928	303	99	1	1.0
1458	22,29	10,9	28,23	12,11	123	99	1	1.0
1459	6,9	0,2	7,3	0,0	127	99	1	1.0
1460	60,85	26,41	81,83	21,25	116	99	0.917380575171	1.0
1461	3,6	18,43	8,6	33,37	116	99	1	1.0
1462	308,409	1,0	328,391	0,0	121	99	1	1.0
1463	17,36	193,257	41,55	194,221	102	99	1	1.0
1464	1,0	24,20	1,1	38,31	144	99	1	1.0
1466	6,7	2,3	5,3	1,3	111	99	1	1.0
1468	76,71	43,54	51,67	60,54	102	99	1	1.0
1469	34,38	6,2	22,13	0,1	180	99	0.571091131422	1.0
1470	1,3	6,8	8,4	2,4	102	99	0.0179978234099	0.85959169633805
1471	3,6	32,18	9,2	27,45	110	99	1	1.0
1472	5,18	95,138	18,14	119,132	379	99	1	1.0
1474	453,513	0,1	674,458	1,5	105	99	1	1.0
1475	8,8	349,416	18,14	486,434	123	99	1	1.0
1476	87,121	11,12	50,75	9,6	105	99	1	1.0
1477	4,11	104,146	5,17	134,164	114	99	1	1.0
1478	116,209	1,3	166,199	0,0	554	99	1	1.0
1479	73,106	66,82	84,98	73,70	117	99	1	1.0
1480	58,75	288,356	47,71	336,398	118	99	1	1.0
1481	251,349	15,14	288,338	26,21	102	99	1	1.0
1482	78,116	8,9	93,103	6,1	102	99	1	1.0
1483	21,33	24,31	20,32	41,42	151	99	0.966995113777	1.0
1484	96,143	1,0	158,157	0,0	133	99	1	1.0
1485	149,196	6,11	170,184	9,6	114	99	1	1.0
1486	79,109	1,2	78,79	4,5	130	99	1	1.0
1487	560,597	3,6	695,811	8,12	104	99	1	1.0
1488	48,91	4,3	51,55	0,0	119	99	1	1.0
1489	67,73	15,14	110,148	20,35	144	99	1	1.0
1491	4,13	20,23	26,23	25,10	113	99	0.0311392951654	1.0
1492	308,635	2,0	539,547	0,0	786	99	1	1.0
1493	379,756	0,0	726,765	0,1	848	99	1	1.0
1494	99,152	0,3	104,101	0,0	286	99	1	1.0
1496	1,2	15,14	3,3	37,6	118	99	1	1.0
1497	50,61	1,4	30,41	4,2	102	99	1	1.0
1498	6,7	0,0	5,20	1,5	110	99	0.493802354579	1.0
1499	1,4	71,99	3,0	112,97	123	99	1	1.0
1500	120,139	3,1	212,195	3,0	102	99	1	1.0
1502	86,99	21,24	137,133	40,49	120	99	1	1.0
1503	13,8	30,35	7,8	38,42	102	99	1	1.0
1504	79,84	938,1245	187,136	1311,1419	1660	99	1	1.0
1505	9,7	24,20	7,12	30,25	112	99	1	1.0
1506	157,191	2,11	188,236	17,13	120	99	1	1.0
1508	0,0	20,19	4,2	8,10	585	99	1	1.0
1509	12,24	1,1	34,36	2,3	105	99	1	1.0
1510	154,245	0,2	256,266	5,2	171	99	1	1.0
1511	105,182	5,4	102,140	5,1	134	99	1	1.0
1512	19,32	643,746	30,32	544,607	102	99	1	1.0
1513	57,76	144,219	80,48	160,180	117	99	1	1.0
1514	347,477	194,241	402,308	432,344	180	99	0.0137106022266	0.7524650112200634
1515	26,48	9,19	34,52	24,16	108	99	1	1.0
1517	12,25	11,11	79,79	18,25	102	99	0.447251783497	1.0
1518	0,1	0,0	0,0	0,3	135	99	1	1.0
1519	6,4	8,13	2,2	9,15	102	99	0.422314388686	1.0
1520	38,54	3,9	58,44	12,4	106	99	1	1.0
1521	35,55	9,12	78,62	13,5	105	99	1	1.0
1523	18,47	2,7	37,49	5,22	118	99	0.812491443086	1.0
1524	36,63	1,0	73,54	1,8	131	99	1	1.0
1525	16,25	548,672	41,36	594,690	186	99	1	1.0
1526	7,2	4,1	10,6	12,4	102	99	0.667887673633	1.0
1527	95,117	1,4	131,132	4,5	105	99	1	1.0
1528	212,363	1,1	287,335	1,0	1543	99	1	1.0
1529	49,100	1,2	82,86	0,0	339	99	1	1.0
1530	6,11	114,146	0,5	118,97	122	99	1	1.0
1531	27,37	50,67	34,38	54,84	102	99	1	1.0
1532	2,10	6,13	1,1	10,10	106	99	0.0370393663803	1.0
1535	3,1	98,153	1,3	124,126	113	99	1	1.0
1537	0,0	8,7	4,0	15,12	108	99	1	1.0
1538	184,287	1,0	285,297	2,0	326	99	1	1.0
1539	242,311	4,13	309,304	13,7	119	99	1	1.0
1540	138,217	1361,2112	189,210	1297,2026	409	99	1	1.0
1541	2355,3630	0,4	2208,3590	2,3	305	99	1	1.0
1542	10,5	16,29	9,3	22,22	114	99	1	1.0
1543	192,297	36,61	101,140	46,50	102	99	0.515187708839	1.0
1544	23,21	0,0	20,18	0,3	106	99	1	1.0
1545	0,1	2,5	1,1	3,3	122	99	0.449852291747	1.0
1546	0,1	8,13	0,0	7,9	117	99	1	1.0
1548	0,0	18,11	2,1	14,13	119	99	1	1.0
1549	30,28	0,4	37,28	1,1	337	99	1	1.0
1550	2826,3901	0,0	3566,4149	0,1	129	99	1	1.0
1551	3,7	5,7	3,2	12,15	107	99	0.099056968409	1.0
1552	9,12	12,12	9,4	24,13	116	99	0.266261503349	1.0
1553	2,3	105,203	1,3	139,219	144	99	1	1.0
1554	24,36	75,109	33,46	65,77	115	99	0.905123693529	1.0
1555	107,144	3,3	159,204	0,0	157	99	1	1.0
1556	7,18	5,9	12,33	2,12	102	99	0.77737429033	1.0
1557	622,971	16,34	692,831	19,22	172	99	1	1.0
1558	10,10	128,147	10,4	90,125	189	99	1	1.0
1559	272,263	208,284	296,416	115,146	102	99	0.00173792570756	0.190911138975466
1560	125,154	18,27	106,131	31,20	105	99	1	1.0
1561	1,2	2,1	2,7	2,7	118	99	1	1.0
1562	2,0	0,1	2,3	0,0	105	99	1	1.0
1563	38,40	0,1	33,26	0,0	111	99	1	1.0
1564	36,40	0,0	32,23	1,0	105	99	1	1.0
1566	2,2	29,28	7,4	36,30	102	99	1	1.0
1567	0,1	28,32	0,2	34,29	111	99	1	1.0
1568	2,4	7,17	3,4	8,7	111	99	1	1.0
1569	12,20	121,161	13,17	141,189	103	99	1	1.0
1570	2681,3711	125,120	4453,5042	143,134	102	99	1	1.0
1571	4380,5086	1,1	5771,7473	0,2	103	99	1	1.0
1572	19,43	419,653	41,34	574,662	547	99	1	1.0
1573	18,43	419,653	43,35	574,662	550	99	1	1.0
1574	0,2	1,2	2,2	0,1	102	99	0.0196533108735	0.9186877444485
1575	18,26	0,0	26,23	1,0	122	99	1	1.0
1576	5,4	144,133	8,6	151,129	280	99	1	1.0
1577	42,87	6,6	71,56	7,11	105	99	1	1.0
1578	5,3	0,0	5,6	2,3	105	99	0.162601377045	1.0
1579	0,1	2,1	2,2	7,4	102	99	0.584664990765	1.0
1580	48,84	33,53	77,58	29,27	136	99	0.833805687168	1.0
1581	19,31	39,43	22,38	47,66	346	99	1	1.0
1582	0,0	4,6	0,2	1,4	112	99	1	1.0
1583	116,169	1,1	190,163	6,9	106	99	1	1.0
1584	6,5	7,8	14,11	8,12	111	99	0.714078736034	1.0
1585	15,11	7,8	11,15	8,12	117	99	1	1.0
1586	13,10	4,4	8,11	11,7	105	99	0.217538995549	1.0
1587	173,235	52,58	233,200	41,62	116	99	1	1.0
1588	4,9	14,26	6,6	10,8	123	99	0.65989307518	1.0
1590	5,5	82,154	5,5	151,161	122	99	1	1.0
1591	96,155	1,0	114,140	0,1	235	99	1	1.0
1592	30,32	34,46	47,34	33,31	102	99	0.710275118319	1.0
1593	6,4	8,7	7,9	11,11	102	99	1	1.0
1594	0,1	17,34	0,0	20,17	111	99	1	1.0
1595	50,54	88,133	77,66	160,153	126	99	1	1.0
1596	207,477	19,61	285,341	38,65	102	99	1	1.0
1597	0,4	1,1	7,3	3,2	102	99	0.716833431031	1.0
1598	295,506	32,61	548,563	58,72	114	99	1	1.0
1599	7,10	345,459	10,19	530,585	129	99	1	1.0
1600	47,65	11,24	55,47	18,13	140	99	1	1.0
1601	0,0	20,19	0,2	20,16	114	99	1	1.0
1604	0,1	0,0	0,0	1,0	131	99	1	1.0
1605	66,110	0,0	63,82	0,1	107	99	1	1.0
1606	25,19	14,19	27,33	8,21	103	99	0.867948491836	1.0
1607	2,1	84,96	2,1	111,116	126	99	1	1.0
1608	2,4	41,50	11,11	49,66	105	99	1	1.0
1611	6,0	33,47	4,4	45,38	273	99	1	1.0
1612	34,52	113,159	48,42	116,166	117	99	1	1.0
1613	37,71	3,11	78,60	12,6	105	99	1	1.0
1615	22,23	748,1275	37,28	698,911	102	99	1	1.0
1616	251,434	66,119	245,308	56,57	110	99	1	1.0
1617	209,265	12,13	301,252	6,10	114	99	1	1.0
1618	43,57	4,2	47,35	11,11	156	99	0.044974904916	1.0
1619	6,9	4,0	10,10	4,4	196	99	0.525082722427	1.0
1621	174,216	51,98	177,170	89,103	102	99	1	1.0
1622	22,24	241,326	25,17	271,308	105	99	1	1.0
1623	3,8	178,250	6,5	202,231	307	99	1	1.0
1624	129,168	477,678	144,166	383,383	124	99	1	1.0
1626	36,39	1,0	65,58	1,2	104	99	1	1.0
1627	7,16	0,0	27,21	0,1	108	99	1	1.0
1628	173,238	184,295	158,127	290,294	102	99	0.274518935815	1.0
1629	425,654	2,0	541,665	0,0	199	99	1	1.0
1630	0,2	0,1	12,0	1,1	102	99	1	1.0
1631	7,21	0,0	35,43	1,3	132	99	1	1.0
1632	36,72	3,4	24,34	1,0	132	99	1	1.0
1633	68,127	11,19	80,59	17,27	199	99	0.443390667818	1.0
1634	4,5	7,12	5,6	34,17	110	99	0.852861421086	1.0
1635	29,42	46,59	63,25	58,68	105	99	1	1.0
1636	0,0	7,2	0,2	2,3	111	99	1	1.0
1638	9,20	224,314	14,13	270,339	250	99	1	1.0
1639	6,12	2,1	12,17	0,0	460	99	0.155139972963	1.0
1640	0,1	1,1	4,5	2,0	102	99	0.0025270107351	0.25235648113703185
1641	3,0	81,88	0,0	146,157	114	99	1	1.0
1643	0,3	14,6	1,0	10,11	258	99	1	1.0
1644	7,11	2,0	9,5	4,3	287	99	0.0354270217757	1.0
1645	21,14	2,0	18,16	4,3	128	99	0.282637896808	1.0
1646	686,978	36,62	736,999	163,159	105	99	0.598323161707	1.0
1647	699,1000	7,10	744,1025	24,30	108	99	1	1.0
1648	49,84	7,10	171,185	24,30	102	99	1	1.0
1650	1,5	34,41	5,1	22,44	111	99	1	1.0
1651	102,160	430,554	194,120	562,747	691	99	1	1.0
1653	1,0	165,189	0,0	217,216	115	99	1	1.0
1654	3,6	58,122	1,7	97,93	129	99	1	1.0
1655	10,26	1,4	20,16	4,1	121	99	1	1.0
1656	7,10	24,17	8,7	22,10	109	99	1	1.0
1657	42,57	1,3	62,56	5,2	174	99	1	1.0
1658	509,799	22,29	799,843	63,52	105	99	1	1.0
1659	13,32	0,5	14,16	0,1	104	99	1	1.0
1660	3,12	4,4	9,13	6,8	104	99	1	1.0
1661	1,9	0,0	7,5	1,0	104	99	1	1.0
1662	19,12	1,1	30,17	0,0	117	99	1	1.0
1663	29,44	2,2	36,32	2,0	189	99	1	1.0
1665	24,37	11,28	41,26	5,3	114	99	0.00331006150826	0.2908882053458888
1666	1,12	1,2	0,9	1,0	104	99	1	1.0
1667	24,45	8,27	31,40	7,21	119	99	1	1.0
1668	13,11	13,19	11,3	24,22	102	99	0.26128294245	1.0
1669	6,12	12,20	20,13	37,16	114	99	1	1.0
1670	11,8	412,541	7,12	474,531	132	99	1	1.0
1671	935,1484	1,4	1265,1534	6,5	260	99	1	1.0
1673	40,62	1,3	44,41	3,4	148	99	1	1.0
1674	37,54	0,5	49,53	0,0	338	99	1	1.0
1675	159,181	372,480	153,137	362,463	568	99	1	1.0
1676	10,15	2,1	26,31	2,2	128	99	1	1.0
1677	9,6	2,1	35,52	2,2	290	99	0.562343863292	1.0
1678	7,5	8,14	27,34	18,13	261	99	0.0453917817934	1.0
1679	5,7	281,469	15,12	390,357	288	99	1	1.0
1680	7,6	80,129	21,14	91,60	102	99	0.401241461952	1.0
1681	30,17	134,146	39,47	182,125	102	99	1	1.0
1682	90,129	42,71	108,103	46,39	115	99	1	1.0
1683	12,8	88,116	12,11	108,115	152	99	1	1.0
1684	12,8	36,55	14,10	23,25	152	99	0.753722445788	1.0
1686	17,9	357,452	19,15	472,522	262	99	1	1.0
1687	46,52	0,0	24,39	0,2	104	99	1	1.0
1688	428,633	221,338	410,532	248,287	104	99	1	1.0
1689	2,0	2,5	0,0	5,11	105	99	1	1.0
1690	2,8	0,0	4,7	0,2	244	99	1	1.0
1691	14,20	74,97	36,50	65,82	102	99	0.0202821335966	0.9283301564943791
1693	322,417	24,44	372,449	30,37	104	99	1	1.0
1694	317,441	12,28	369,487	22,27	105	99	1	1.0
1695	58,81	0,3	77,81	1,2	105	99	1	1.0
1696	54,88	3,15	83,69	24,19	103	99	0.682704486392	1.0
1697	55,89	0,2	59,60	0,0	123	99	1	1.0
1699	5,9	124,202	5,4	170,189	102	99	1	1.0
1700	39,84	13,19	105,58	18,25	746	99	1	1.0
1701	119,198	21,21	151,166	22,13	183	99	1	1.0
1702	447,1117	11,41	358,580	6,14	680	99	1	1.0
1703	8,7	62,122	7,9	53,144	364	99	1	1.0
1704	74,94	119,123	92,105	194,172	103	99	1	1.0
1706	10,4	417,589	10,6	599,603	357	99	1	1.0
1707	81,115	4,3	101,120	2,1	109	99	1	1.0
1708	57,80	0,5	65,90	5,1	146	99	1	1.0
1709	59,74	0,0	39,73	2,0	111	99	1	1.0
1710	2,4	90,135	2,5	148,128	102	99	1	1.0
1711	87,117	1,2	84,62	0,0	114	99	1	1.0
1712	164,247	19,25	248,236	20,14	119	99	1	1.0
1713	115,167	0,0	137,193	2,0	108	99	1	1.0
1714	176,220	4,8	175,180	4,13	105	99	1	1.0
1715	9,23	3,7	16,26	3,4	168	99	0.731683304907	1.0
1716	29,46	85,108	52,56	122,86	115	99	1	1.0
1719	1190,1720	46,63	1392,1734	58,45	102	99	1	1.0
1720	37,67	1,0	126,164	0,0	124	99	1	1.0
1722	78,117	34,31	90,96	41,77	102	99	0.553742215938	1.0
1723	0,1	10,14	4,0	18,26	144	99	1	1.0
1724	126,196	84,108	221,219	39,44	102	99	0.000284339201606	0.05679029326621655
1725	31,33	0,0	44,47	0,1	145	99	1	1.0
1726	14,15	16,11	9,11	6,14	103	99	1	1.0
1727	30,77	6,6	101,89	13,4	103	99	1	1.0
1728	114,162	2,0	118,111	0,0	320	99	1	1.0
1729	265,336	44,58	381,376	64,77	120	99	1	1.0
1730	13,17	2,12	22,40	7,10	189	99	1	1.0
1731	26,34	2,0	36,31	0,0	489	99	1	1.0
1732	32,46	2,0	47,46	0,0	541	99	1	1.0
1733	11,14	2,0	16,16	1,0	151	99	1	1.0
1735	33,38	33,38	31,50	54,49	248	99	1	1.0
1736	7,9	150,199	4,13	145,192	120	99	1	1.0
1737	31,44	354,537	49,50	528,640	442	99	1	1.0
1738	0,2	9,6	3,0	4,6	127	99	1	1.0
1739	1,2	4,7	5,2	0,1	109	99	3.65133474295e-05	0.013369970717101916
1740	4,4	0,2	3,1	0,0	114	99	1	1.0
1741	20,39	131,260	29,40	149,185	102	99	1	1.0
1742	180,296	5,9	172,229	6,14	136	99	1	1.0
1743	6,15	167,287	12,23	208,302	117	99	1	1.0
1744	90,155	1128,1531	88,84	1012,1283	298	99	1	1.0
1745	34,57	11,33	46,56	31,24	132	99	1	1.0
1746	18,31	1,4	19,16	0,0	132	99	1	1.0
1747	28,51	0,0	44,36	2,1	102	99	1	1.0
1748	109,173	4,17	117,211	8,17	102	99	1	1.0
1749	15,20	5,17	33,34	14,16	171	99	1	1.0
1750	10,30	1,3	23,17	7,4	162	99	0.334950231642	1.0
1751	28,23	41,77	25,35	37,67	134	99	1	1.0
1752	21,15	3,1	27,31	4,0	123	99	1	1.0
1753	31,24	5,7	35,41	16,7	134	99	1	1.0
1754	13,10	5,7	12,10	16,7	110	99	0.515629829031	1.0
1757	24,59	24,27	27,39	30,24	354	99	1	1.0
1758	35,80	65,51	53,68	68,60	580	99	1	1.0
1759	35,51	65,51	57,54	68,60	325	99	1	1.0
1760	5,1	43,75	1,1	53,48	102	99	1	1.0
1761	15,14	32,46	14,8	36,37	114	99	1	1.0
1762	164,228	0,1	168,200	0,0	319	99	1	1.0
1763	7,22	114,160	19,17	171,129	127	99	1	1.0
1764	93,129	0,1	136,139	0,3	114	99	1	1.0
1766	28,15	114,149	25,46	138,157	102	99	1	1.0
1768	80,155	7,25	170,218	16,17	140	99	1	1.0
1769	102,145	10,12	128,142	21,23	166	99	1	1.0
1770	102,145	30,36	127,146	42,51	166	99	1	1.0
1771	322,433	144,149	344,425	193,224	150	99	1	1.0
1772	229,307	183,236	328,295	212,268	206	99	1	1.0
1773	374,492	4,4	536,576	2,7	295	99	1	1.0
1774	125,144	11,26	98,128	17,26	342	99	1	1.0
1775	38,55	209,255	54,44	244,314	812	99	1	1.0
1776	31,54	35,53	33,16	92,68	102	99	0.00309053041227	0.28592598265443875
1777	0,1	45,98	2,1	82,62	116	99	1	1.0
1778	3,3	0,1	9,7	0,0	357	99	1	1.0
1780	9,16	4,4	14,14	7,4	160	99	1	1.0
1781	2,2	75,86	1,3	126,96	102	99	1	1.0
1782	4,5	1,1	5,2	2,0	103	99	0.435024887832	1.0
1783	16,8	6,6	15,15	11,11	103	99	1	1.0
1784	73,116	125,156	67,106	135,141	118	99	1	1.0
1785	6,9	1425,1819	5,13	2617,3091	145	99	1	1.0
1786	38,69	1,1	58,57	4,1	481	99	1	1.0
1787	329,406	1,0	428,335	1,2	104	99	1	1.0
1790	202,327	106,174	198,196	99,106	116	99	1	1.0
1793	25,46	151,205	61,69	192,149	102	99	0.739803241038	1.0
1794	7,4	139,167	5,7	196,196	119	99	1	1.0
1795	0,1	2,4	0,0	1,0	132	99	1	1.0
1796	150,210	0,0	185,240	2,0	103	99	1	1.0
1797	0,0	1,4	2,0	26,2	102	99	1	1.0
1800	101,156	16,29	164,97	22,22	105	99	1	1.0
1803	95,134	38,42	101,113	45,19	117	99	1	1.0
1805	17,34	9,11	30,36	12,10	128	99	1	1.0
1806	34,27	39,43	66,41	50,44	121	99	0.942699144361	1.0
1807	56,50	15,10	33,47	12,9	112	99	1	1.0
1808	79,129	3,2	81,119	1,1	105	99	1	1.0
1809	34,45	0,2	36,59	1,0	103	99	1	1.0
1810	72,105	102,118	92,72	106,138	102	99	1	1.0
1812	5,6	277,340	5,2	366,328	135	99	1	1.0
1813	19,27	486,792	16,27	479,583	102	99	1	1.0
1814	2,5	52,73	4,2	80,85	106	99	1	1.0
1815	32,37	0,1	34,45	0,0	129	99	1	1.0
1816	568,775	99,124	804,895	111,145	106	99	1	1.0
1818	61,78	4,1	63,46	0,1	247	99	1	1.0
1819	43,56	26,35	38,45	32,32	114	99	1	1.0
1820	12,25	192,317	26,10	179,215	278	99	1	1.0
1821	16,30	16,19	36,57	13,10	108	99	0.0607108732029	1.0
1823	1,5	89,133	10,6	140,160	102	99	1	1.0
1824	0,4	8,1	10,4	12,5	126	99	0.52134730305	1.0
1827	0,1	0,0	0,3	0,1	104	99	1	1.0
1828	95,174	0,0	126,137	0,1	123	99	1	1.0
1829	154,185	14,31	193,201	15,20	110	99	1	1.0
1830	5,5	77,97	4,0	148,152	108	99	1	1.0
1831	10,12	23,39	14,13	33,11	120	99	0.773116433052	1.0
1832	1,3	22,20	4,0	23,19	126	99	1	1.0
1833	15,29	158,217	25,27	268,262	104	99	1	1.0
1834	23,9	37,40	40,41	54,55	103	99	0.537405387284	1.0
1835	28,30	107,104	30,41	124,135	146	99	1	1.0
1836	71,91	5,11	89,119	8,6	164	99	1	1.0
1838	222,292	3,8	297,284	8,8	105	99	1	1.0
1839	0,2	125,146	3,2	163,141	126	99	1	1.0
1840	2079,3211	0,0	3807,3600	2,3	1384	99	1	1.0
1841	26,58	1,0	40,60	2,0	330	99	1	1.0
1842	110,150	92,103	124,146	76,87	126	99	1	1.0
1843	132,200	0,2	196,170	0,4	234	99	1	1.0
1844	44,46	0,0	66,63	1,1	121	99	1	1.0
1845	2,1	7,23	8,3	29,37	128	99	1	1.0
1846	449,659	10,17	883,991	42,41	191	99	1	1.0
1847	34,64	110,170	115,101	91,119	126	99	0.00161000929031	0.18670135609894054
1848	253,400	11,12	246,267	7,4	102	99	1	1.0
1849	4,1	9,13	5,8	10,8	109	99	0.198922858087	1.0
1850	20,20	1,0	24,25	0,0	104	99	1	1.0
1852	0,3	16,19	2,5	11,43	112	99	1	1.0
1854	1,6	94,118	8,9	192,127	122	99	1	1.0
1855	287,390	1,1	315,315	5,8	179	99	1	1.0
1856	4,6	118,166	4,9	136,149	126	99	1	1.0
1857	6,7	156,191	17,11	253,300	258	99	1	1.0
1858	181,258	6,10	253,206	2,1	111	99	1	1.0
1859	10,16	14,11	11,8	8,9	104	99	1	1.0
1860	5,8	57,53	9,2	119,78	363	99	1	1.0
1861	82,86	4,8	105,117	4,5	266	99	1	1.0
1862	1,6	17,14	5,7	22,12	102	99	0.931568433843	1.0
1863	5,7	7,22	8,6	9,22	135	99	1	1.0
1865	92,126	74,93	120,89	89,96	119	99	1	1.0
1866	324,380	26,27	427,491	28,23	147	99	1	1.0
1868	14,9	110,131	11,14	128,145	261	99	1	1.0
1869	3,4	7,2	5,6	2,0	400	99	0.071105656941	1.0
1870	144,210	7,8	211,220	13,9	146	99	1	1.0
1871	386,587	0,3	584,716	4,2	114	99	1	1.0
1873	0,10	134,238	7,2	202,156	247	99	1	1.0
1874	65,81	0,3	98,103	1,3	113	99	1	1.0
1875	356,489	243,363	541,534	194,217	102	99	0.145118950985	1.0
1876	34,48	11,16	59,41	17,13	104	99	1	1.0
1877	39,45	3,11	23,29	3,7	165	99	1	1.0
1878	47,61	14,19	27,38	22,13	188	99	0.649332022839	1.0
1879	11,27	14,19	7,16	22,13	122	99	0.738047687676	1.0
1880	2,4	60,52	1,5	45,56	421	99	1	1.0
1881	72,128	368,582	53,48	431,503	120	99	1	1.0
1882	175,258	9,16	242,250	7,9	331	99	1	1.0
1883	0,1	45,71	0,0	53,78	121	99	1	1.0
1887	153,267	62,87	217,250	108,138	108	99	1	1.0
1888	83,131	62,87	109,153	108,138	111	99	1	1.0
1889	65,105	135,241	88,124	196,221	102	99	1	1.0
1891	1703,2300	1,2	2702,2846	4,2	101	99	1	1.0
1892	155,248	156,236	198,255	158,204	110	99	1	1.0
1895	1,0	2,1	0,0	4,5	133	99	1	1.0
1896	1,1	2,1	0,0	4,5	121	99	0.548067403043	1.0
1897	156,159	24,24	110,123	19,25	352	99	1	1.0
1898	17,24	134,216	35,34	211,173	538	99	1	1.0
1899	72,122	0,0	117,110	2,0	234	99	1	1.0
1902	0,0	24,38	1,0	16,24	141	99	1	1.0
1903	0,1	1,0	2,0	0,1	138	99	0.54256094731	1.0
1904	667,967	146,212	1196,1482	169,266	121	99	1	1.0
1905	340,594	1,3	677,779	10,2	472	99	1	1.0
1906	26,52	2,0	61,35	0,1	121	99	1	1.0
1907	19,18	191,248	10,19	239,301	183	99	1	1.0
1908	13,12	4,1	35,15	4,4	101	99	1	1.0
1909	349,549	0,0	802,574	1,0	108	99	1	1.0
1910	80,79	165,187	93,86	233,166	102	99	1	1.0
1911	16,40	97,141	24,28	111,125	181	99	1	1.0
1912	75,139	114,151	61,98	112,152	106	99	1	1.0
1913	151,207	0,0	199,208	1,0	129	99	1	1.0
1914	396,579	1,5	456,579	3,3	205	99	1	1.0
1915	4,6	1,2	6,8	9,10	105	99	0.0407487525221	1.0
1916	8,2	101,121	2,1	91,107	114	99	1	1.0
1917	60,82	27,56	42,57	41,47	112	99	0.867808191174	1.0
1918	763,1215	20,37	828,1055	40,46	168	99	1	1.0
1919	14,25	55,74	7,8	27,24	111	99	1	1.0
1920	9,3	1,1	7,1	2,2	112	99	0.226514801416	1.0
1921	2,0	2,0	1,0	0,0	123	99	1	1.0
1922	58,67	0,1	79,85	0,2	156	99	1	1.0
1923	0,0	6,8	2,0	8,3	102	99	1	1.0
1924	42,82	44,83	83,71	74,75	119	99	1	1.0
1926	11,16	41,74	11,9	44,49	102	99	1	1.0
1927	1,0	0,2	0,1	0,3	104	99	1	1.0
1928	8,20	13,13	10,6	9,10	104	99	1	1.0
1929	0,6	0,0	4,2	1,0	104	99	1	1.0
1930	564,834	18,15	707,849	19,14	105	99	1	1.0
1931	7,5	6,8	3,6	6,3	114	99	1	1.0
1932	42,79	6,14	51,55	16,9	115	99	1	1.0
1933	17,27	0,1	8,14	0,1	115	99	1	1.0
1934	47,97	10,16	17,57	0,3	110	99	0.236367895654	1.0
1935	328,486	1,0	570,605	1,0	101	99	1	1.0
1936	7,23	143,175	28,37	150,152	102	99	1	1.0
1937	0,4	0,1	2,6	0,0	102	99	1	1.0
1938	1,2	5,5	4,6	11,4	102	99	0.365283762669	1.0
1940	138,156	16,30	221,244	3,20	884	99	0.0399710674911	1.0
1941	3,6	1,7	2,3	3,4	102	99	0.769749542943	1.0
1942	5,14	0,3	8,8	16,16	102	99	7.86035940331e-05	0.019188010676746747
1943	44,66	45,82	47,57	63,57	131	99	1	1.0
1944	7,11	2,1	3,0	9,6	114	99	6.75395453331e-06	0.00494614603656069
1945	76,57	1,0	37,145	0,1	116	99	1	1.0
1946	16,38	130,156	48,52	112,128	120	99	0.468591795106	1.0
1950	2,3	4,6	8,8	12,9	101	99	0.963240144468	1.0
1952	29,30	30,37	19,6	34,22	114	99	0.361612530846	1.0
1953	32,60	50,65	49,37	37,28	108	99	0.61615033043	1.0
1954	16,47	72,95	21,18	72,49	102	99	1	1.0
1955	1,2	0,0	1,3	0,4	151	99	0.337884494092	1.0
1957	57,74	1,0	63,66	0,0	141	99	1	1.0
1958	34,47	204,297	119,102	263,267	251	99	1	1.0
1959	242,310	0,0	376,345	0,2	503	99	1	1.0
1960	61,55	229,355	72,58	254,355	430	99	1	1.0
1961	4,1	70,71	2,2	54,51	120	99	1	1.0
1962	348,432	3,3	349,395	2,5	106	99	1	1.0
1963	12,13	4,0	13,15	1,1	109	99	1	1.0
1964	0,1	9,9	4,1	10,8	108	99	0.652198991857	1.0
1965	1,3	12,27	5,7	24,31	102	99	1	1.0
1966	22,36	9,3	28,30	13,13	120	99	0.461664259143	1.0
1969	4,15	164,195	13,8	190,253	297	99	1	1.0
1970	11,16	1,1	12,15	3,0	170	99	1	1.0
1971	38,33	240,370	37,41	338,311	420	99	1	1.0
1972	7,6	40,38	15,9	55,58	102	99	1	1.0
1973	1,0	0,0	3,0	2,0	110	99	1	1.0
1974	176,309	1,0	282,347	0,0	292	99	1	1.0
1975	55,97	8,17	109,99	9,10	348	99	0.715221250048	1.0
1976	57,90	24,30	113,102	15,20	348	99	0.107495371627	1.0
1977	28,44	8,12	14,25	11,9	159	99	0.61703058002	1.0
1978	8,4	22,41	5,5	44,37	112	99	1	1.0
1979	1,2	47,77	10,7	99,121	123	99	1	1.0
1981	30,34	15,28	44,37	15,11	202	99	0.288451712003	1.0
1982	100,185	0,1	120,132	2,0	141	99	1	1.0
1983	1021,1403	39,47	1676,1705	57,49	102	99	1	1.0
1985	20,14	7,2	30,8	11,16	105	99	0.214927900061	1.0
1987	158,218	2,4	147,157	1,0	143	99	1	1.0
1988	6,5	167,223	7,2	155,172	113	99	1	1.0
1989	0,0	19,14	5,0	23,29	147	99	1	1.0
1990	5,2	27,26	2,1	38,27	111	99	1	1.0
1991	105,132	0,3	192,154	0,0	694	99	1	1.0
1992	38,79	18,12	41,55	24,18	129	99	0.924715336703	1.0
1993	0,0	0,1	1,0	2,0	162	99	1	1.0
1994	0,0	0,1	2,1	2,0	252	99	1	1.0
1996	84,131	147,204	99,104	195,200	119	99	1	1.0
1997	7,15	128,140	13,10	197,197	103	99	1	1.0
1999	5,14	8,11	11,15	14,19	162	99	1	1.0
2003	3,1	0,0	2,0	7,0	120	99	1	1.0
2004	98,127	13,12	127,121	21,13	110	99	1	1.0
2005	85,120	20,13	81,107	11,14	110	99	1	1.0
2006	287,380	1,0	417,518	0,0	132	99	1	1.0
2007	21,39	111,121	36,53	185,160	102	99	1	1.0
2008	341,474	2,12	454,473	11,8	102	99	1	1.0
2010	32,59	1,0	40,44	3,3	129	99	1	1.0
2011	5,1	33,40	5,7	20,15	119	99	0.383016632045	1.0
2015	7,5	3,5	23,18	5,8	119	99	0.632681157491	1.0
2016	15,20	105,196	35,32	114,171	119	99	1	1.0
2017	59,123	105,196	222,172	114,171	331	99	0.258862920222	1.0
2018	53,118	9,15	199,154	12,14	311	99	0.753696991918	1.0
2019	12,15	19,14	17,24	24,15	102	99	1	1.0
2020	15,11	19,14	13,14	24,15	108	99	1	1.0
2021	13,10	10,14	12,8	16,18	105	99	0.809325496016	1.0
2024	4,11	6,14	7,7	15,17	132	99	0.895359630837	1.0
2025	1,4	34,45	5,2	57,36	123	99	1	1.0
2027	94,136	2,3	102,85	0,2	164	99	1	1.0
2029	1,4	169,251	1,10	326,401	129	99	1	1.0
2030	0,6	148,230	5,3	250,276	168	99	1	1.0
2031	188,244	1,0	255,254	1,0	103	99	1	1.0
2032	167,280	0,0	227,242	0,2	102	99	1	1.0
2034	453,700	0,1	551,583	0,0	392	99	1	1.0
2035	47,57	331,507	39,46	371,406	411	99	1	1.0
2036	42,73	0,1	77,78	0,3	244	99	1	1.0
2037	6,11	0,0	10,6	1,3	122	99	0.614486527844	1.0
2039	102,157	2,3	89,104	0,1	126	99	1	1.0
2040	26,25	39,87	26,29	68,37	229	99	1	1.0
2041	4,20	10,12	9,11	10,8	207	99	1	1.0
2042	442,534	78,96	549,616	77,89	111	99	1	1.0
2043	21,29	141,145	35,23	147,121	552	99	1	1.0
2044	330,431	33,57	378,348	67,72	116	99	1	1.0
2045	127,184	27,47	209,192	38,47	135	99	1	1.0
2046	424,558	27,47	520,468	38,47	152	99	1	1.0
2047	11,15	116,180	34,25	161,231	105	99	1	1.0
2048	2,2	12,16	4,3	33,24	293	99	1	1.0
2049	45,36	9,20	34,44	9,14	123	99	1	1.0
2050	41,53	183,187	48,63	164,220	108	99	1	1.0
2051	170,276	1,6	333,258	4,6	105	99	1	1.0
2052	23,17	96,143	18,7	111,126	117	99	1	1.0
2053	114,164	14,12	128,142	7,4	105	99	1	1.0
2054	621,787	214,300	603,611	264,262	500	99	1	1.0
2056	246,396	42,76	275,278	62,72	111	99	1	1.0
2057	23,33	36,30	48,29	31,21	105	99	0.566311353689	1.0
2058	1,0	88,127	0,1	134,131	115	99	1	1.0
2059	86,152	0,0	73,70	0,4	118	99	1	1.0
2060	119,139	31,55	140,142	46,46	166	99	1	1.0
2061	10,52	0,0	61,63	0,1	559	99	1	1.0
2062	2,6	0,0	0,0	5,0	105	99	1	1.0
2063	9,2	11,23	17,5	11,13	102	99	0.392654682209	1.0
2064	8,4	0,1	16,4	2,0	113	99	1	1.0
2065	1264,1504	213,265	1968,1812	366,332	102	99	1	1.0
2067	24,22	115,170	39,45	147,140	286	99	1	1.0
2068	355,520	2,2	577,574	2,2	103	99	1	1.0
2069	0,1	45,37	0,1	39,22	117	99	1	1.0
2070	91,174	0,0	206,223	2,0	240	99	1	1.0
2071	1,3	18,29	0,3	28,13	276	99	1	1.0
2072	468,607	2,0	532,522	0,0	168	99	1	1.0
2073	94,165	3,8	183,231	9,11	386	99	1	1.0
2075	1,3	2217,3091	2,1	1833,1870	126	99	1	1.0
2078	81,97	0,7	62,67	11,5	102	99	1	1.0
2079	8,10	3,16	13,10	8,5	120	99	0.869380471238	1.0
2080	1084,922	177,144	1413,1227	401,312	102	99	1	1.0
2082	289,352	38,35	272,242	41,50	108	99	1	1.0
2083	80,84	7,12	119,102	10,15	136	99	1	1.0
2084	3,6	2,7	15,21	4,3	108	99	0.0601147837865	1.0
2085	23,38	4,3	28,45	4,4	110	99	1	1.0
2086	4,2	17,18	5,4	27,31	126	99	1	1.0
2088	230,349	15,19	432,469	15,31	102	99	1	1.0
2089	0,2	48,64	2,8	57,74	110	99	1	1.0
2091	1,6	0,6	4,0	1,3	111	99	0.446964498925	1.0
2092	76,101	19,18	109,100	20,19	104	99	1	1.0
2093	40,53	77,99	32,52	129,175	105	99	0.501387988135	1.0
2095	592,739	47,78	707,788	52,57	114	99	1	1.0
2096	25,28	24,20	19,21	41,44	102	99	0.0648278865944	1.0
2097	7,5	14,20	11,8	12,11	150	99	0.417721306116	1.0
2098	8,6	261,384	6,4	304,285	399	99	1	1.0
2099	49,66	7,8	90,81	2,9	111	99	1	1.0
2102	1,3	1,0	3,3	0,1	107	99	1	1.0
2103	2,4	49,94	0,2	51,103	274	99	1	1.0
2104	481,765	5,0	656,723	0,3	116	99	1	1.0
2105	24,25	0,3	33,18	0,2	162	99	1	1.0
2106	14,5	79,118	11,13	89,105	102	99	1	1.0
2107	128,172	6,1	161,125	5,8	105	99	1	1.0
2110	1556,3026	2,1	2424,3084	2,4	126	99	1	1.0
2111	71,112	3,4	106,176	1,4	103	99	1	1.0
2113	355,449	36,68	381,445	39,51	105	99	1	1.0
2114	18,14	17,43	26,18	23,30	213	99	1	1.0
2116	55,54	1,2	90,81	0,0	422	99	1	1.0
2117	5,7	6,12	3,0	15,5	108	99	0.0533257202998	1.0
2118	136,170	0,0	310,330	1,0	326	99	1	1.0
2121	0,4	3,7	2,2	9,6	105	99	1	1.0
2123	3,8	78,118	8,14	86,143	255	99	1	1.0
2124	9231,13088	3,3	12352,13870	5,6	102	99	1	1.0
2125	9622,13720	2,0	12957,14600	1,3	106	99	1	1.0
2126	394,635	2,0	610,736	1,3	103	99	1	1.0
2128	0,2	22,25	5,1	29,18	117	99	1	1.0
2129	10,16	313,407	5,14	163,237	115	99	1	1.0
2130	226,335	1,0	187,218	0,0	453	99	1	1.0
2131	1,1	0,1	0,0	1,0	107	99	1	1.0
2132	16,4	0,1	4,3	1,0	211	99	1	1.0
2133	15,4	0,1	4,3	0,0	203	99	1	1.0
2134	154,204	22,22	110,119	12,11	110	99	1	1.0
2135	209,222	5,8	196,227	3,0	158	99	1	1.0
2136	6,13	7,7	9,18	7,4	126	99	0.700654403817	1.0
2137	1,3	29,60	2,0	73,92	264	99	1	1.0
2140	4,4	0,4	2,5	1,1	272	99	1	1.0
2141	1395,2005	0,2	1570,2046	0,2	103	99	1	1.0
2142	0,2	1,2	0,3	5,4	112	99	1	1.0
2144	318,482	2,3	487,465	5,2	108	99	1	1.0
2145	8,14	9,19	20,17	22,11	102	99	1	1.0
2146	385,518	1,4	496,687	2,1	108	99	1	1.0
2147	0,2	22,40	4,0	29,35	106	99	1	1.0
2148	41,101	1,3	20,72	0,1	154	99	1	1.0
2149	1,2	11,7	0,1	15,29	165	99	1	1.0
2150	0,3	70,90	0,2	106,100	122	99	1	1.0
2151	34,43	14,15	38,29	12,14	182	99	1	1.0
2152	8,27	1094,1454	52,36	1818,1830	461	99	1	1.0
2153	218,309	4,5	350,318	4,1	135	99	1	1.0
2154	159,216	0,0	174,173	0,1	353	99	1	1.0
2155	2,1	11,25	3,3	32,24	131	99	1	1.0
2156	20,37	88,140	49,39	107,129	114	99	1	1.0
2157	3,5	86,119	0,0	91,72	120	99	1	1.0
2158	396,613	5,12	654,721	16,36	108	99	1	1.0
2159	25,51	25,36	26,42	17,30	155	99	1	1.0
2162	435,623	0,1	444,527	0,3	265	99	1	1.0
2163	35,49	11,12	26,34	19,18	114	99	0.25955942915	1.0
2164	72,96	19,18	97,87	16,15	101	99	1	1.0
2165	225,330	61,108	254,350	87,116	210	99	1	1.0
2166	168,301	9,28	388,402	10,15	654	99	0.244883305184	1.0
2167	46,45	48,75	57,59	72,61	102	99	1	1.0
2168	4,2	10,5	6,9	7,1	104	99	0.0519958102979	1.0
2169	4,0	1,0	0,2	0,0	104	99	1	1.0
2170	0,1	1,4	0,0	0,3	107	99	1	1.0
2171	58,135	1,2	88,156	0,2	105	99	1	1.0
2172	65,73	200,285	91,105	293,275	102	99	1	1.0
2173	6,18	0,2	27,8	2,2	704	99	0.361839289239	1.0
2174	20,44	4,1	27,40	3,6	119	99	1	1.0
2175	43,71	6,9	50,46	4,7	115	99	1	1.0
2176	11,12	55,71	14,10	74,46	102	99	1	1.0
2177	282,385	22,34	346,340	53,38	141	99	1	1.0
2179	96,155	6,10	121,111	3,4	142	99	1	1.0
2181	70,135	2,0	74,80	0,0	364	99	1	1.0
2182	1,0	6,2	0,0	1,6	115	99	1	1.0
2184	527,776	0,1	824,684	0,0	103	99	1	1.0
2185	46,54	2193,2968	43,59	2370,3174	283	99	1	1.0
2187	3,5	14,28	2,2	17,21	134	99	1	1.0
2188	5,3	115,169	11,18	239,305	118	99	1	1.0
2190	17,35	10,25	12,22	12,21	102	99	0.99167945407	1.0
2191	29,41	94,129	49,68	118,186	115	99	1	1.0
2192	14,21	398,551	32,34	620,583	118	99	1	1.0
2193	6,11	1,0	14,11	3,3	111	99	0.415400823005	1.0
2195	17,13	2,8	7,5	1,3	120	99	1	1.0
2196	52,83	2,8	50,46	1,3	141	99	1	1.0
2199	83,138	72,79	100,124	87,69	111	99	1	1.0
2200	128,161	91,148	95,89	130,126	102	99	0.426064045654	1.0
2201	7,10	157,221	6,8	240,265	129	99	1	1.0
2202	26,33	0,9	43,70	6,1	113	99	1	1.0
2204	8,8	347,527	6,8	355,392	116	99	1	1.0
2205	35,58	1,8	28,35	3,5	117	99	1	1.0
2207	21,14	144,202	53,54	282,326	198	99	1	1.0
2208	83,76	1225,1774	85,123	1548,1756	910	99	1	1.0
2209	121,189	0,2	185,188	2,2	369	99	1	1.0
2210	12,27	27,29	34,28	29,25	145	99	0.706694228889	1.0
2212	104,135	55,77	64,67	89,111	171	99	0.00109890846163	0.14201775824712412
2213	4,8	64,92	10,17	69,52	103	99	0.863745010671	1.0
2214	294,324	45,63	374,436	78,74	178	99	1	1.0
2215	4,1	11,10	1,2	13,12	129	99	1	1.0
2216	8,16	4,5	7,12	1,4	102	99	1	1.0
2217	30,59	16,27	15,20	24,18	125	99	0.115058310516	1.0
2218	10,24	510,709	21,26	625,758	102	99	1	1.0
2219	26,46	8,11	51,46	41,21	104	99	0.208540563122	1.0
2220	5,5	11,19	0,5	23,12	112	99	0.828538015585	1.0
2221	1,4	193,286	4,1	235,263	147	99	1	1.0
2222	74,106	3,9	92,106	2,8	302	99	1	1.0
2223	17,36	19,18	38,43	20,27	105	99	1	1.0
2224	4,20	27,37	5,21	35,36	102	99	1	1.0
2225	285,396	162,294	307,348	218,357	317	99	1	1.0
2227	93,189	61,64	98,102	57,52	102	99	1	1.0
2228	157,255	158,217	89,89	212,244	105	99	5.59278837281e-05	0.015359195068829462
2229	40,44	20,14	42,44	17,24	121	99	1	1.0
2230	1435,1807	5,1	1821,1940	7,13	143	99	1	1.0
2232	273,302	1,0	278,340	1,1	189	99	1	1.0
2234	91,132	0,0	169,173	3,2	114	99	1	1.0
2235	0,2	21,32	3,2	16,16	110	99	1	1.0
2236	1,0	0,1	0,0	1,2	102	99	1	1.0
2237	3,4	0,2	9,8	2,4	113	99	0.331249095501	1.0
2238	19,52	2,4	18,55	4,2	117	99	1	1.0
2240	0,0	5,11	2,0	7,6	118	99	1	1.0
2241	29,33	3,1	23,29	2,3	340	99	0.981532514036	1.0
2242	98,156	331,534	96,123	374,493	754	99	1	1.0
2243	72,124	331,534	75,97	374,493	513	99	1	1.0
2244	854,1238	3,3	767,1067	0,2	104	99	1	1.0
2245	36,53	878,1303	19,40	816,1189	102	99	1	1.0
2246	1,5	165,174	0,10	189,242	102	99	1	1.0
2248	1,12	5,25	3,4	12,12	102	99	1	1.0
2251	6,3	1,6	9,5	1,3	437	99	0.576179894202	1.0
2252	24,34	236,345	21,22	272,261	297	99	1	1.0
2253	405,490	7,0	509,430	0,0	267	99	1	1.0
2255	6,11	11,21	20,8	23,20	102	99	1	1.0
2256	9,22	1,3	11,3	1,6	102	99	0.493348993087	1.0
2257	6,15	6,8	13,1	7,8	130	99	0.516448289414	1.0
2258	46,91	1,5	42,79	2,3	115	99	1	1.0
2259	464,721	4,5	581,599	3,15	634	99	1	1.0
2260	5,2	1,0	1,6	0,0	119	99	1	1.0
2261	14,14	22,24	7,18	37,54	107	99	0.374072503946	1.0
2262	15,19	1,0	21,17	0,0	221	99	1	1.0
2263	2,2	22,22	0,1	27,24	120	99	1	1.0
2264	36,63	1,1	53,46	3,1	215	99	1	1.0
2265	69,76	7,16	91,82	10,13	104	99	1	1.0
2266	55,44	217,229	56,51	212,235	127	99	1	1.0
2268	21,33	87,125	17,11	110,146	120	99	1	1.0
2269	1,0	3,4	1,5	1,1	118	99	0.000555949709726	0.10178512602233518
2270	173,264	19,26	130,211	6,12	104	99	1	1.0
2271	2,1	51,71	3,2	69,72	138	99	1	1.0
2273	85,142	18,28	184,255	48,60	102	99	1	1.0
2274	6,15	62,76	6,12	47,68	102	99	1	1.0
2275	95,138	5,7	123,119	9,8	102	99	1	1.0
2276	101,110	1,0	112,107	0,1	104	99	1	1.0
2278	23,11	72,86	15,11	108,121	434	99	1	1.0
2280	16,37	0,3	17,13	0,0	105	99	1	1.0
2281	0,0	10,12	3,1	21,9	108	99	1	1.0
2282	572,761	174,297	769,914	117,99	102	99	0.0176624186012	0.85959169633805
2283	34,47	0,3	33,58	0,0	103	99	1	1.0
2284	35,77	8,10	88,71	22,10	191	99	1	1.0
2285	13,23	39,62	13,17	71,71	102	99	1	1.0
2286	0,1	0,2	3,2	0,0	103	99	1	1.0
2287	19,36	0,1	51,43	0,0	128	99	1	1.0
2288	129,199	38,71	148,172	56,83	156	99	1	1.0
2289	4,6	4,4	6,6	7,4	117	99	1	1.0
2291	17,25	52,64	30,33	56,46	107	99	0.773245444564	1.0
2292	27,41	59,73	32,22	91,85	277	99	1	1.0
2297	43,90	0,1	87,85	0,0	103	99	1	1.0
2298	168,254	3,5	277,308	1,6	103	99	1	1.0
2299	162,215	16,29	262,254	37,37	103	99	1	1.0
2300	139,172	44,111	117,205	70,122	102	99	1	1.0
2301	5,9	6,8	10,14	10,6	102	99	0.88515152164	1.0
2302	1,6	51,73	8,16	16,39	112	99	0.00571812217288	0.4486683719220486
2304	108,139	2,6	90,141	9,3	120	99	1	1.0
2305	3,0	3,10	4,4	20,10	102	99	0.214060784179	1.0
2306	97,190	0,0	185,121	1,0	233	99	1	1.0
2307	17,13	6,6	21,16	6,9	124	99	1	1.0
2308	13,19	88,124	19,19	95,78	742	99	1	1.0
2310	16,10	34,58	14,18	73,73	125	99	1	1.0
2311	19,31	11,11	32,34	14,14	128	99	1	1.0
2312	56,58	1,0	74,143	1,0	111	99	1	1.0
2313	24,23	1,0	11,13	0,0	108	99	1	1.0
2314	2,2	24,30	2,2	40,37	117	99	1	1.0
2315	18,8	77,110	8,15	82,89	102	99	1	1.0
2317	21,23	70,84	18,24	78,48	118	99	1	1.0
2318	21,38	17,26	41,37	11,16	102	99	0.306539449541	1.0
2319	4,13	48,52	2,9	34,34	150	99	1	1.0
2321	30,42	193,232	41,36	203,241	114	99	1	1.0
2322	57,83	1,3	45,82	1,4	112	99	1	1.0
2323	76,130	1,2	77,74	7,4	224	99	1	1.0
2325	132,152	70,87	124,140	88,133	102	99	1	1.0
2326	2,1	107,167	2,3	142,160	152	99	1	1.0
2327	44,65	5,11	62,58	6,12	115	99	1	1.0
2328	5,8	5,13	10,7	3,14	104	99	0.87752499891	1.0
2329	199,339	45,63	292,302	36,46	102	99	1	1.0
2330	2,2	57,87	8,12	117,107	111	99	1	1.0
2332	50,84	28,32	58,72	26,31	102	99	1	1.0
2333	29,24	196,299	31,40	219,244	137	99	1	1.0
2335	11,30	1,1	10,19	0,1	120	99	1	1.0
2336	50,75	2,0	55,54	0,1	165	99	1	1.0
2337	45,58	0,0	57,44	2,4	165	99	1	1.0
2338	101,187	6,25	100,133	11,11	152	99	1	1.0
2339	62,132	6,25	69,92	11,11	175	99	1	1.0
2340	20,33	59,88	20,26	51,67	122	99	1	1.0
2341	245,344	206,281	325,340	297,278	128	99	1	1.0
2342	0,1	50,83	3,0	59,91	128	99	1	1.0
2343	58,83	18,20	77,81	14,25	102	99	1	1.0
2344	16,25	7,10	10,24	17,21	102	99	0.109828954783	1.0
2346	1,2	1,2	3,0	12,10	102	99	0.24053427576	1.0
2347	1,5	2,3	2,0	2,0	102	99	1	1.0
2348	13,27	15,24	19,12	3,8	118	99	0.171288287557	1.0
2351	2,3	16,27	1,3	18,17	252	99	1	1.0
2354	155,160	10,11	161,176	8,4	102	99	1	1.0
2355	0,2	4,1	3,3	9,5	110	99	0.154593685993	1.0
2356	1,1	22,34	3,17	29,37	113	99	0.0971794969275	1.0
2358	58,68	118,158	66,61	155,140	150	99	1	1.0
2359	15,16	141,247	17,28	222,223	267	99	1	1.0
2360	5,8	20,24	17,13	16,19	102	99	0.1007973913	1.0
2362	179,208	363,445	160,165	457,494	113	99	1	1.0
2363	244,350	0,1	328,415	0,0	114	99	1	1.0
2364	1,3	1,4	2,9	0,1	111	99	1	1.0
2365	151,178	7,8	157,181	7,8	135	99	1	1.0
2366	4,10	37,51	4,7	54,83	313	99	1	1.0
2367	22,17	7,24	33,35	10,18	115	99	0.781650834344	1.0
2368	0,10	154,221	4,10	207,155	481	99	1	1.0
2369	4,3	1,4	7,3	0,4	105	99	0.64956566101	1.0
2370	1137,1453	0,3	1805,1950	0,0	569	99	1	1.0
2372	24,72	0,0	73,51	0,1	332	99	1	1.0
2373	101,108	175,276	185,226	137,228	102	99	0.00430351845866	0.35017889087688964
2374	170,171	18,8	145,141	14,11	177	99	1	1.0
2376	70,80	0,1	92,79	0,0	117	99	1	1.0
2377	146,264	6,20	95,205	13,12	104	99	1	1.0
2379	18,39	10,13	34,44	10,8	107	99	0.88538398043	1.0
2380	37,42	5,19	35,42	15,17	246	99	0.939327883831	1.0
2381	79,117	5,19	117,112	15,17	441	99	1	1.0
2382	42,75	0,0	88,72	4,2	294	99	1	1.0
2383	1,4	24,38	3,9	32,22	114	99	1	1.0
2384	12,10	58,91	16,14	48,88	538	99	1	1.0
2385	74,79	9,6	106,116	8,11	143	99	1	1.0
2386	347,515	221,261	297,302	239,257	493	99	1	1.0
2387	7,3	35,38	5,7	40,29	115	99	1	1.0
2389	357,469	7,10	495,439	8,13	150	99	1	1.0
2390	38,42	167,215	51,50	155,172	383	99	1	1.0
2391	42,48	21,12	60,58	22,9	387	99	1	1.0
2392	158,207	0,0	165,197	2,0	440	99	1	1.0
2393	200,255	57,68	216,250	50,61	455	99	1	1.0
2394	171,221	21,12	164,180	22,9	103	99	1	1.0
2395	287,380	0,0	269,319	2,0	156	99	1	1.0
2396	329,428	57,68	320,372	50,61	171	99	1	1.0
2397	137,171	0,0	127,148	2,0	152	99	1	1.0
2398	179,219	57,68	178,201	50,61	167	99	1	1.0
2399	42,48	57,68	53,53	50,61	114	99	1	1.0
2400	207,258	2,12	309,234	9,7	116	99	1	1.0
2401	738,1065	0,0	1019,1068	2,0	103	99	1	1.0
2402	3,7	7,11	2,5	4,16	125	99	1	1.0
2403	24,20	170,212	32,22	191,210	128	99	1	1.0
2404	13,19	2,1	12,13	5,0	119	99	1	1.0
2405	0,3	36,59	2,0	43,62	114	99	1	1.0
2406	99,197	0,2	148,165	1,0	232	99	1	1.0
2407	2094,3001	5,6	1341,1858	3,0	133	99	1	1.0
2408	1721,2497	0,0	987,1645	0,2	161	99	1	1.0
2409	512,705	3,19	440,581	11,9	102	99	1	1.0
2410	4,5	18,10	11,6	29,24	237	99	1	1.0
2411	197,257	93,120	205,224	191,175	105	99	0.213351814765	1.0
2412	71,106	70,131	57,79	79,73	102	99	1	1.0
2414	58,82	0,1	77,80	0,0	108	99	1	1.0
2415	0,2	4,4	0,1	8,7	126	99	1	1.0
2416	24,31	3,4	82,80	12,7	235	99	1	1.0
2417	12,15	390,545	11,21	510,460	132	99	1	1.0
2418	0,2	29,57	0,0	48,43	137	99	1	1.0
2420	6,5	2,0	24,18	2,0	108	99	1	1.0
2421	3,1	1,1	0,1	0,0	125	99	1	1.0
2423	7,31	4,6	31,26	0,3	220	99	0.0476486746012	1.0
2424	14,14	455,796	13,19	454,498	287	99	1	1.0
2427	111,130	17,36	142,149	12,31	111	99	1	1.0
2428	13,7	6,3	13,3	1,2	117	99	0.348956969371	1.0
2429	0,0	642,919	1,1	933,899	141	99	1	1.0
2430	53,91	65,145	74,54	146,152	102	99	0.822446830222	1.0
2431	16,40	132,216	28,47	134,220	602	99	1	1.0
2433	257,353	112,178	230,212	156,197	268	99	0.503692732866	1.0
2434	246,334	8,14	269,350	3,13	129	99	1	1.0
2435	71,76	9,16	63,48	11,4	119	99	1	1.0
2436	2,7	217,259	7,13	258,271	364	99	1	1.0
2437	73,121	0,1	58,66	2,1	284	99	1	1.0
2438	35,38	0,1	35,37	5,0	102	99	1	1.0
2439	91,130	108,145	174,196	107,112	102	99	0.104211977994	1.0
2440	4,2	3,5	10,15	12,7	166	99	0.621264833957	1.0
2441	3,3	0,1	3,3	0,2	112	99	1	1.0
2442	7,20	42,66	11,11	55,44	383	99	1	1.0
2443	39,73	5,9	39,44	1,1	156	99	0.313593161036	1.0
2444	160,257	0,1	192,278	0,0	129	99	1	1.0
2445	59,94	1,2	68,110	1,1	103	99	1	1.0
2446	84,127	0,2	112,125	0,0	291	99	1	1.0
2447	29,39	0,0	55,26	1,0	105	99	1	1.0
2448	56,65	18,28	54,50	40,28	102	99	0.670801672922	1.0
2450	26,51	116,109	55,44	192,149	111	99	1	1.0
2451	24,42	3,0	27,21	0,0	102	99	1	1.0
2452	3,3	12,15	4,6	26,15	127	99	1	1.0
2453	2,3	0,4	9,6	0,0	123	99	0.461369505506	1.0
2454	57,68	2,0	48,54	0,1	113	99	1	1.0
2456	8,6	106,147	7,9	181,191	114	99	1	1.0
2457	23,52	32,56	71,58	82,47	113	99	1	1.0
2458	126,215	25,39	145,132	50,35	117	99	1	1.0
2459	70,94	112,155	39,46	157,165	102	99	0.051695702956	1.0
2461	4,2	12,15	7,6	16,13	110	99	0.648610880687	1.0
2462	0,1	1,10	3,2	3,1	110	99	0.0153087769197	0.8007948307757357
2464	9,15	2,2	24,11	10,5	179	99	0.232828545077	1.0
2465	4,2	16,36	8,23	23,32	342	99	1	1.0
2466	626,766	11,12	1089,1212	12,19	587	99	1	1.0
2469	211,308	22,38	176,239	28,16	132	99	1	1.0
2471	74,87	10,32	102,114	34,16	497	99	1	1.0
2472	29,33	10,32	60,77	34,16	524	99	0.80016032194	1.0
2473	14,12	57,64	44,57	81,85	126	99	0.0495310618086	1.0
2474	18,19	7,4	10,9	3,3	103	99	1	1.0
2475	38,77	22,26	54,75	15,30	134	99	1	1.0
2476	108,235	3,3	107,161	7,3	102	99	1	1.0
2477	156,271	1,1	130,227	9,6	180	99	1	1.0
2478	243,464	1,4	277,368	0,2	244	99	1	1.0
2479	61,68	9,13	38,57	10,6	116	99	1	1.0
2480	20,15	4,11	10,16	17,7	114	99	0.52041495126	1.0
2481	0,0	2,8	1,2	11,13	172	99	1	1.0
2482	25,23	2,6	21,19	4,0	111	99	1	1.0
2483	8,8	21,22	39,34	28,27	121	99	0.00808390965199	0.5550109220444385
2484	2,0	3,10	0,2	0,7	118	99	1	1.0
2486	66,116	1,0	60,79	0,1	289	99	1	1.0
2487	8,14	0,0	19,14	1,0	135	99	1	1.0
2488	28,50	75,111	49,46	79,75	316	99	1	1.0
2489	4,8	143,229	3,9	186,191	374	99	1	1.0
2490	41,82	254,306	160,138	353,203	121	99	0.0429957841481	1.0
2491	130,180	1,0	142,119	2,0	114	99	1	1.0
2492	22,34	114,186	38,35	161,156	102	99	1	1.0
2493	79,105	40,59	110,120	62,65	102	99	1	1.0
2494	0,4	14,19	4,3	14,11	165	99	0.839651729372	1.0
2496	378,540	0,0	487,514	3,0	421	99	1	1.0
2497	2,0	6,7	0,3	2,0	104	99	0.430890775431	1.0
2498	10,13	7,9	7,6	2,8	104	99	1	1.0
2499	37,45	0,0	28,51	3,0	128	99	1	1.0
2500	2,2	4,2	2,1	2,6	102	99	0.747364515128	1.0
2503	892,1180	15,14	1140,1227	14,12	217	99	1	1.0
2504	116,182	55,57	160,151	39,49	102	99	1	1.0
2505	159,209	2,0	198,170	2,2	141	99	1	1.0
2506	1,4	112,182	1,1	158,172	123	99	1	1.0
2508	59,70	130,147	103,95	149,151	102	99	1	1.0
2509	5,11	58,82	2,6	66,80	104	99	1	1.0
2510	1,9	9,17	5,7	20,14	112	99	1	1.0
2511	7,5	78,63	4,7	47,38	136	99	1	1.0
2512	2,0	52,54	4,0	63,24	102	99	1	1.0
2513	36,38	3,0	61,36	0,0	269	99	1	1.0
2514	36,38	9,7	61,38	18,12	269	99	1	1.0
2515	3,12	186,278	27,11	322,307	258	99	1	1.0
2516	181,244	10,15	222,247	6,7	102	99	1	1.0
2518	6,18	0,0	11,7	3,0	281	99	1	1.0
2519	7,6	25,50	4,8	35,65	108	99	1	1.0
2520	40,52	0,4	67,80	0,3	144	99	1	1.0
2521	18,19	75,51	32,22	73,58	286	99	1	1.0
2522	216,301	0,0	319,416	2,0	296	99	1	1.0
2523	20,21	1,3	30,23	6,3	128	99	1	1.0
2524	29,30	3,2	45,30	4,2	145	99	1	1.0
2525	10,12	3,2	21,10	4,2	116	99	1	1.0
2526	604,851	182,290	539,817	188,292	105	99	1	1.0
2527	15,26	0,0	16,11	4,0	102	99	1	1.0
2528	7,14	0,2	3,14	0,0	174	99	1	1.0
2529	0,2	1,2	0,0	1,2	135	99	1	1.0
2531	140,194	0,0	154,168	0,1	486	99	1	1.0
2532	101,178	7,3	120,142	3,4	105	99	1	1.0
2533	19,19	153,236	28,23	213,204	104	99	1	1.0
2534	2,1	1,4	1,3	5,3	106	99	1	1.0
2535	1029,1576	3,3	1283,1532	1,5	108	99	1	1.0
2536	25,73	4,8	58,111	0,7	116	99	1	1.0
2537	3,8	7,12	3,6	21,11	223	99	1	1.0
2538	44,55	0,1	36,37	2,0	235	99	1	1.0
2540	12,10	10,24	27,28	38,37	226	99	1	1.0
2541	15,29	169,239	10,25	172,222	353	99	1	1.0
2542	30,39	0,0	38,50	0,1	228	99	1	1.0
2543	23,37	5,10	47,28	8,7	487	99	1	1.0
2544	109,209	16,33	105,155	23,12	228	99	1	1.0
2545	54,56	60,97	39,47	128,99	102	99	0.443037565674	1.0
2546	416,670	0,1	605,349	0,0	269	99	1	1.0
2547	2,1	0,2	2,5	2,0	102	99	1	1.0
2548	6,15	5,11	14,12	0,7	102	99	0.151319935838	1.0
2549	356,426	3,2	300,359	1,2	102	99	1	1.0
2550	16,41	34,68	27,26	38,26	115	99	0.954801403601	1.0
2551	10,32	303,389	27,31	288,422	534	99	1	1.0
2552	2,13	46,38	3,5	48,53	126	99	1	1.0
2554	9,15	131,201	14,25	158,142	104	99	1	1.0
2555	47,74	4,2	71,76	10,6	125	99	1	1.0
2556	18,25	313,504	12,11	380,449	503	99	1	1.0
2557	29,48	10,11	39,38	5,8	133	99	1	1.0
2558	51,74	124,152	62,79	121,170	113	99	1	1.0
2564	72,118	0,1	189,193	3,0	499	99	1	1.0
2565	24,22	108,165	11,26	75,68	291	99	1	1.0
2566	94,94	1,1	65,75	1,3	103	99	1	1.0
2567	464,713	7,12	806,779	2,2	485	99	1	1.0
2568	367,610	1,3	455,557	2,0	415	99	1	1.0
2569	13,30	15,10	37,27	8,11	102	99	0.601137267214	1.0
2570	50,59	107,164	62,66	199,189	110	99	1	1.0
2571	0,2	0,1	4,1	0,0	102	99	1	1.0
2572	5,10	72,62	6,1	91,70	102	99	1	1.0
2573	123,159	66,84	129,81	59,37	250	99	1	1.0
2574	6,8	205,280	5,4	192,207	117	99	1	1.0
2575	13,16	115,180	17,29	142,148	135	99	1	1.0
2577	8,19	41,72	7,14	43,51	135	99	1	1.0
2579	5,18	92,113	15,13	128,121	129	99	1	1.0
2580	6,12	61,91	6,3	62,60	116	99	1	1.0
2581	25,49	22,48	48,46	26,26	114	99	0.586466588363	1.0
2582	81,120	531,637	74,98	546,601	102	99	1	1.0
2583	2,6	37,45	7,8	33,47	110	99	1	1.0
2586	12,22	24,29	14,28	19,33	120	99	1	1.0
2587	59,69	825,1253	78,89	898,1256	286	99	1	1.0
2588	198,288	23,27	359,408	31,52	105	99	1	1.0
2589	318,392	26,52	397,416	40,39	143	99	1	1.0
2590	391,615	2,2	743,709	1,0	629	99	1	1.0
2591	7,8	24,24	8,6	17,18	102	99	1	1.0
2592	16,16	23,20	6,12	52,26	228	99	0.305959892555	1.0
2594	142,181	0,2	133,150	0,1	150	99	1	1.0
2596	27,44	34,54	42,31	69,74	429	99	1	1.0
2598	103,170	0,0	162,164	0,1	183	99	1	1.0
2599	166,284	1,5	253,332	0,0	220	99	1	1.0
2600	6797,9969	0,1	7479,11182	0,1	971	99	1	1.0
2601	21,45	324,520	32,34	432,447	329	99	1	1.0
2602	28,30	36,38	17,18	27,44	115	99	0.894604133691	1.0
2603	6,18	0,1	9,6	0,0	128	99	1	1.0
2604	8,12	46,59	7,20	56,58	102	99	1	1.0
2605	66,122	5,2	76,89	2,2	131	99	1	1.0
2609	38,37	1,0	22,38	0,0	102	99	1	1.0
2612	132,171	0,0	161,179	1,0	120	99	1	1.0
2614	14,23	0,0	13,9	0,1	116	99	1	1.0
2615	57,43	13,28	45,51	23,14	113	99	1	1.0
2616	9,22	21,41	3,5	15,15	143	99	0.905039855767	1.0
2618	1,1	33,63	10,3	64,71	121	99	1	1.0
2619	0,4	15,24	3,7	22,13	116	99	0.598523201585	1.0
2620	0,0	2,8	0,1	2,2	121	99	1	1.0
2621	1,1	18,12	1,1	13,18	126	99	1	1.0
2622	3,9	18,12	3,2	13,18	104	99	0.619876984959	1.0
2623	0,0	7,8	1,0	2,16	125	99	1	1.0
2624	212,309	4,3	231,253	4,8	248	99	1	1.0
2625	34,43	0,0	37,39	0,1	281	99	1	1.0
2627	92,107	1,2	93,105	1,0	108	99	1	1.0
2628	1541,2257	2,3	1046,1495	0,0	201	99	1	1.0
2629	2084,3103	0,0	1420,2097	0,1	231	99	1	1.0
2630	2712,4154	0,0	1901,2707	1,2	264	99	1	1.0
2631	116,188	9,2	68,91	1,2	120	99	1	1.0
2632	545,849	0,0	374,602	0,1	129	99	1	1.0
2633	1173,1900	0,0	855,1212	1,2	162	99	1	1.0
2634	628,1051	0,0	481,611	1,2	132	99	1	1.0
2635	421,563	15,42	257,336	21,31	120	99	1	1.0
2636	819,1284	22,35	563,857	14,21	138	99	1	1.0
2637	1182,1933	2,0	871,1236	0,0	162	99	1	1.0
2638	385,684	2,0	322,400	0,0	123	99	1	1.0
2639	1176,1897	189,326	855,1212	127,213	162	99	1	1.0
2640	722,1218	2,0	551,752	0,0	132	99	1	1.0
2641	262,437	4,6	478,554	3,3	1706	99	0.950417420009	1.0
2642	8,8	17,26	19,17	14,16	123	99	0.0429629450842	1.0
2643	2,5	24,55	2,2	29,54	108	99	1	1.0
2644	1,4	4,7	2,3	5,12	130	99	1	1.0
2645	1,0	123,150	4,1	123,125	123	99	1	1.0
2646	43,75	13,31	56,48	18,21	105	99	1	1.0
2647	6,1	72,100	7,11	95,111	102	99	1	1.0
2648	127,156	1,2	111,142	2,2	103	99	1	1.0
2649	3,6	84,130	7,6	92,130	183	99	1	1.0
2650	0,3	6,15	0,0	2,7	164	99	1	1.0
2652	4,5	7,8	2,2	10,5	273	99	1	1.0
2653	9,14	55,78	13,28	79,70	102	99	1	1.0
2655	79,99	0,1	73,67	0,1	114	99	1	1.0
2656	4,4	7,23	3,3	12,12	111	99	1	1.0
2658	29,35	1,4	37,19	3,4	104	99	1	1.0
2659	16,11	5,21	10,10	14,19	104	99	0.60925396631	1.0
2660	160,224	0,1	171,209	0,1	106	99	1	1.0
2661	2,5	109,148	5,5	92,158	119	99	1	1.0
2662	7,12	0,0	24,11	2,1	165	99	1	1.0
