IJC_SAMPLE_1	SJC_SAMPLE_1	IJC_SAMPLE_2	SJC_SAMPLE_2	IncFormLen	SkipFormLen
2273,2417	1,4	1582,828	2,0	188	99
24,24	0,1	16,10	0,0	165	99
279,247	2,0	250,114	1,0	296	99
4319,4878	1,0	4213,2120	0,0	177	99
116,106	0,0	84,35	2,0	140	99
86,157	0,1	70,48	0,0	188	99
620,572	1,0	477,257	0,0	160	99
551,587	0,0	449,217	0,1	179	99
3,0	29,29	0,1	13,10	120	99
975,1288	0,1	596,283	0,0	163	99
134,158	74,64	38,22	55,39	157	99
752,749	8,0	522,236	4,0	219	99
10,7	5,0	20,4	3,9	229	99
1967,2405	2,0	1312,821	0,0	2955	99
402,379	1,6	271,128	0,1	212	99
1,0	4,10	0,0	3,0	229	99
192,192	4,1	152,85	2,0	169	99
32,37	0,0	19,7	2,0	235	99
308,293	0,1	160,98	0,0	202	99
73,57	1,0	41,14	0,2	152	99
77,69	1,0	63,21	0,2	155	99
11,15	4,1	2,1	0,0	161	99
9,6	0,0	1,1	1,1	363	99
7,4	0,0	4,2	1,1	147	99
40,67	1,1	25,8	0,0	136	99
6834,7861	1,0	5144,2474	0,0	173	99
477,597	0,1	422,220	0,0	145	99
106,113	0,1	54,42	0,0	186	99
204,198	1,1	125,67	0,0	188	99
3413,3496	2,0	2223,1210	0,0	142	99
5,4	63,56	6,3	41,23	128	99
7,8	63,56	9,8	41,23	132	99
139,151	0,0	115,60	2,0	197	99
497,539	1,5	320,196	0,1	167	99
258,275	1,5	147,108	0,1	173	99
490,381	0,1	356,147	0,0	170	99
92,98	0,0	88,36	0,2	174	99
259,202	1,0	66,28	0,0	216	99
656,635	0,0	484,189	1,0	117	99
5432,7640	16,21	4460,2249	14,8	166	99
8,13	276,314	5,0	240,79	245	99
396,353	1,0	234,114	0,0	199	99
7,6	2451,2777	5,2	1422,735	164	99
1158,1235	0,0	610,302	1,0	313	99
921,908	0,1	903,453	1,0	231	99
200,222	54,44	132,77	36,14	442	99
53,53	144,127	36,27	84,42	157	99
53,54	144,127	50,20	84,42	160	99
998,891	0,1	917,408	0,0	174	99
202,200	0,1	161,71	0,0	172	99
23,18	6,4	6,12	4,1	249	99
20,15	2,1	8,12	0,0	249	99
74,77	0,0	44,22	1,0	237	99
2947,3179	0,1	2804,1515	0,0	208	99
15,32	0,1	15,8	0,0	233	99
62,82	0,1	52,21	0,0	212	99
82,80	1,6	67,26	4,1	212	99
12,12	1,6	6,5	4,1	169	99
24,35	32,22	10,9	24,10	169	99
674,797	0,0	543,252	1,0	150	99
33,25	5,6	26,9	4,1	147	99
299,289	0,2	299,149	2,1	334	99
8,10	1,1	4,4	0,1	161	99
73,108	0,0	74,37	0,1	139	99
7,12	2,0	8,4	0,0	185	99
1,5	2,0	6,4	0,0	178	99
67,90	1,0	45,36	0,0	263	99
248,227	4,3	192,81	16,4	155	99
2400,2449	0,0	1876,901	1,0	128	99
307,337	0,1	197,107	0,0	159	99
197,223	0,0	155,78	0,1	189	99
54,32	9,11	47,11	6,8	146	99
67,36	11,16	41,18	6,2	146	99
16,11	11,16	15,9	6,2	144	99
12,10	20,13	27,2	11,10	144	99
372,345	0,2	255,127	0,0	309	99
487,480	0,2	342,169	0,0	318	99
21051,28278	0,2	15118,7206	1,0	3668	99
0,0	24,16	1,0	10,6	241	99
93,104	0,2	134,80	0,2	279	99
428,421	1,0	177,110	0,0	197	99
13,20	0,0	9,5	1,1	206	99
256,244	0,1	177,101	0,0	168	99
847,826	32,25	1107,654	9,4	195	99
3,3	3,0	1,0	1,1	188	99
78,91	20,13	73,63	4,6	160	99
93,70	0,0	48,24	1,0	156	99
3,3	3,19	7,4	4,4	176	99
145,139	2,0	143,51	0,0	141	99
263,310	0,1	211,120	0,0	184	99
15166,17891	1,2	16443,8197	0,1	381	99
65,75	0,0	61,26	2,0	140	99
8,8	53,33	8,5	23,15	180	99
59,32	4,12	27,12	8,5	180	99
289,329	0,2	255,101	1,1	141	99
323,312	0,0	190,119	2,0	230	99
265,367	2,3	185,100	1,2	146	99
158,214	0,0	163,89	3,0	160	99
8020,9074	1,0	7265,3979	0,0	204	99
6,2	1,6	3,4	0,1	162	99
114,158	0,1	84,37	0,0	153	99
44,72	2,0	38,17	0,0	238	99
12,19	0,2	18,4	0,0	155	99
9,24	2,5	11,4	1,0	164	99
286,240	0,1	171,100	0,0	179	99
236,230	21,30	197,85	18,13	140	99
106,102	0,0	73,39	0,1	267	99
127,128	0,4	69,32	0,0	182	99
114,87	1,0	78,36	0,0	151	99
115,86	2,0	74,44	0,0	172	99
5,4	0,2	0,2	1,0	292	99
89,86	7,2	51,33	0,2	213	99
283,319	0,0	221,94	1,0	241	99
301,326	7,6	256,141	0,0	317	99
0,1	2339,2669	0,0	1901,886	144	99
170,144	1,0	76,44	0,0	154	99
25,19	17,18	10,13	14,7	170	99
24,20	27,21	7,12	20,8	170	99
43,32	17,18	32,24	14,7	142	99
29,25	27,21	10,13	20,8	142	99
189,205	0,2	97,63	0,0	202	99
1050,1079	1,0	791,411	0,0	198	99
546,593	1,0	399,210	0,0	379	99
308,430	3,0	253,178	0,0	218	99
217,292	9,13	156,72	10,11	145	99
1,0	27,21	0,1	13,6	252	99
72,65	0,1	16,6	0,0	245	99
40,42	0,3	13,17	1,0	205	99
119,128	3,1	76,51	2,1	190	99
355,354	5,1	473,200	0,0	158	99
2,2	136,162	0,0	93,49	218	99
5037,5886	0,0	3645,1963	0,1	222	99
4084,4885	3,0	3373,1889	0,0	156	99
50,45	2889,3447	27,25	2329,1336	172	99
7,14	133,157	6,5	106,81	193	99
131,99	1,0	80,51	1,0	166	99
3373,3290	2,1	3033,1546	1,0	183	99
45,32	0,0	5,8	1,0	182	99
294,265	1,0	133,83	0,0	199	99
83,54	3,0	58,18	0,0	158	99
4,8	1,0	0,0	3,0	240	99
187,183	42,46	225,89	35,27	306	99
411,394	2,0	405,215	0,0	592	99
93,108	2,0	90,64	0,0	159	99
0,0	3,0	0,1	0,0	180	99
1353,1585	1,1	1148,571	2,0	171	99
105,123	1,1	80,51	0,0	270	99
144,162	2,0	114,72	0,1	161	99
135,168	12,2	98,60	5,3	213	99
379,393	2,0	344,174	0,0	416	99
4,0	166,163	3,1	144,63	148	99
387,358	0,0	299,156	0,1	230	99
12,31	18,24	16,5	37,16	123	99
12,12	3,0	10,3	0,0	206	99
78,69	0,0	57,24	0,1	173	99
91,73	1,3	50,41	1,3	160	99
68,106	33,36	73,39	36,22	135	99
81,71	0,1	47,14	0,0	182	99
865,857	15,3	501,233	7,3	194	99
316,447	0,2	279,149	0,0	179	99
20,20	95,78	8,4	62,35	181	99
1233,1516	3,0	1036,535	0,0	718	99
1489,1827	3,0	1228,625	0,0	760	99
147,110	22,13	101,43	10,1	187	99
1287,1305	1,3	1199,598	2,2	197	99
313,336	2,0	328,179	0,0	161	99
15,16	31,68	13,8	46,22	179	99
111,103	1,0	86,71	1,1	129	99
828,726	0,0	550,252	0,1	151	99
30,38	2,3	23,9	0,0	218	99
678,641	0,0	401,226	0,1	179	99
8,22	1,0	21,4	1,0	239	99
33,21	1,0	38,38	0,0	140	99
159,208	0,3	163,42	0,0	134	99
933,988	0,3	725,393	0,0	179	99
889,931	11,9	449,234	2,0	192	99
409,502	11,9	267,123	2,0	185	99
190,182	0,1	121,56	0,0	134	99
75,74	191,220	40,12	172,62	105	99
119,124	6,0	154,69	3,1	161	99
254,304	3,0	246,140	0,0	187	99
599,714	0,0	1090,576	1,0	181	99
258,314	0,0	442,263	1,0	185	99
7,8	0,0	9,6	0,1	162	99
211,268	0,1	183,66	0,0	144	99
309,371	1,0	250,114	0,0	207	99
286,406	1,4	268,126	10,2	176	99
83,65	5,1	62,35	0,2	188	99
182,198	5,1	144,77	0,2	197	99
306,350	1,0	177,107	0,0	169	99
703,749	1,0	417,224	0,0	166	99
215,172	1,0	93,74	0,0	194	99
145,170	1,9	74,47	0,0	158	99
176,184	1,1	106,64	1,1	332	99
212,198	1,0	168,67	0,0	155	99
3,1	1,1	4,1	0,0	159	99
87,99	0,0	41,26	0,1	209	99
52,51	0,0	24,17	0,1	195	99
4,6	431,383	7,3	444,260	226	99
2135,2063	0,0	1686,847	0,1	153	99
17,12	0,1	4,0	0,0	191	99
145,124	0,0	96,44	1,0	147	99
63,50	1,0	46,24	0,0	147	99
46,46	1,0	40,16	0,0	146	99
131,125	0,1	90,35	0,0	146	99
52,31	0,1	24,16	0,0	141	99
313,336	0,1	227,141	0,0	134	99
47,29	2,0	15,5	0,0	179	99
127,149	0,1	69,50	0,1	277	99
514,462	0,2	360,163	0,0	161	99
136,122	1,0	415,220	3,0	179	99
150,166	1,0	76,55	0,2	225	99
281,267	0,1	227,85	0,1	141	99
319,300	0,2	269,108	0,0	149	99
391,412	31,32	302,153	30,12	140	99
195,215	0,0	98,51	0,2	156	99
307,420	1,0	287,137	0,0	128	99
189,207	1,0	112,61	0,0	183	99
39,59	1,0	35,17	0,0	483	99
103,103	1,0	46,28	0,0	196	99
450,405	464,436	281,140	273,119	524	99
6,10	0,0	6,7	2,1	210	99
47,51	0,2	27,24	0,0	328	99
0,1	132,119	0,0	1,1	171	99
175,165	1,0	5,1	0,0	141	99
466,448	0,3	254,120	1,0	122	99
39,52	0,0	46,11	1,1	144	99
20,14	0,1	11,3	0,0	165	99
15,11	9,14	10,5	16,6	165	99
84,74	1,0	82,60	0,1	170	99
16,13	1,0	15,11	0,1	129	99
157,172	3,0	137,46	0,0	182	99
83,86	3,0	75,25	0,0	179	99
457,495	0,1	961,511	0,0	180	99
255,215	0,1	205,98	3,0	155	99
169,181	1,1	141,66	0,0	175	99
20,12	75,68	13,5	69,31	101	99
165,192	1,0	181,83	0,0	137	99
682,720	11,11	456,283	2,3	159	99
843,896	1,0	609,320	0,0	200	99
15,17	97,75	0,1	67,22	217	99
17,23	97,75	2,1	67,22	229	99
351,481	3,1	286,156	0,0	137	99
243,219	0,0	164,71	3,1	143	99
53,41	0,0	33,12	0,1	191	99
2,0	1423,1336	0,0	1173,527	198	99
962,890	1,5	747,343	0,1	117	99
1423,1394	0,0	1118,499	0,1	166	99
1590,1670	0,1	1647,772	0,0	225	99
77,83	1,0	40,33	0,0	204	99
436,500	0,1	301,210	0,0	132	99
1415,2025	0,8	810,329	0,0	430	99
149,146	43,53	154,84	20,17	197	99
114,144	9,6	115,50	13,2	200	99
115,144	3,0	76,49	0,0	216	99
1049,1068	1,0	863,366	0,0	162	99
248,292	0,1	180,105	0,0	117	99
308,354	2,2	267,109	0,0	174	99
470,533	0,0	321,199	0,2	602	99
1110,1167	0,1	1144,500	0,0	118	99
1545,1651	2,0	1309,659	0,0	164	99
28,23	54,77	5,5	40,43	254	99
28,25	54,77	4,4	40,43	240	99
979,1111	0,2	807,495	0,0	198	99
671,775	1,0	643,324	0,0	140	99
326,418	3,5	261,140	1,0	183	99
377,436	3,3	542,383	1,2	233	99
108,120	0,3	93,53	0,0	159	99
1596,1950	0,0	1773,977	0,3	225	99
1074,1374	0,1	731,411	0,0	202	99
14,27	460,384	7,1	318,181	189	99
938,1006	0,0	849,466	1,0	174	99
1048,1079	3,9	906,446	2,4	174	99
371,367	0,2	335,198	2,5	133	99
51,53	1,1	44,31	5,4	175	99
433,412	0,0	381,169	1,0	199	99
2055,2406	1,0	1776,823	0,0	207	99
1778,2013	0,0	1693,847	1,0	174	99
1136,1315	0,0	873,477	1,0	182	99
76,94	74,84	72,29	67,22	191	99
243,317	74,84	190,80	67,22	172	99
86,81	74,84	87,34	67,22	115	99
2990,3493	0,3	1951,1010	0,0	195	99
246,277	0,0	173,110	1,0	312	99
64,56	0,0	23,19	1,0	151	99
576,641	8,0	448,210	2,1	209	99
61,62	4,10	58,29	3,2	120	99
16,28	4,10	11,8	3,2	158	99
7,7	1,1	3,1	1,0	164	99
445,490	1,0	368,198	0,0	206	99
921,905	1,0	711,401	0,0	209	99
370,358	81,93	185,127	69,30	286	99
352,348	81,93	190,124	69,30	265	99
100,64	81,93	37,26	69,30	136	99
354,358	2,3	173,98	4,1	122	99
359,401	1,1	223,127	1,0	172	99
650,674	3,0	448,223	0,0	183	99
1,0	215,221	0,0	153,67	171	99
2,0	5,3	0,0	3,1	145	99
39,46	15,12	27,8	16,7	141	99
114,124	216,251	85,28	127,78	151	99
303,287	216,251	215,109	127,78	164	99
192,159	20,17	128,74	2,2	164	99
4725,5055	1,0	3434,1757	0,0	189	99
52,84	1,0	54,23	1,0	132	99
643,800	0,0	509,313	1,0	153	99
270,274	0,1	233,143	0,0	195	99
205,241	5,3	169,83	4,0	135	99
561,578	0,1	514,296	0,0	168	99
10,23	6,7	2,4	9,6	168	99
4,5	344,407	2,2	235,115	168	99
44,37	0,2	42,12	0,0	160	99
348,365	13,8	269,156	5,0	214	99
798,711	11,5	536,341	2,4	356	99
2166,2289	1,1	1393,770	1,1	147	99
1,0	11,16	1,1	14,6	147	99
24,33	2,0	14,9	0,0	216	99
67,61	3,1	48,24	1,0	209	99
232,201	0,2	161,87	0,0	262	99
242,242	0,0	232,100	2,0	195	99
163,166	0,0	172,81	1,0	152	99
28,31	190,237	9,3	139,76	277	99
17,26	190,237	5,3	139,76	353	99
266,305	0,3	189,113	2,1	167	99
50,47	0,4	35,10	0,0	210	99
2,0	5,4	0,0	3,4	128	99
10,5	21,12	8,3	3,9	339	99
738,991	0,0	472,242	1,0	225	99
875,846	8,3	716,384	0,2	139	99
766,937	0,1	650,383	1,0	133	99
461,474	0,0	451,201	0,1	193	99
200,204	2,2	142,77	7,1	158	99
192,152	2,0	115,67	0,0	180	99
154,163	1,0	89,64	0,0	180	99
123,132	2,1	58,46	0,1	180	99
203,216	0,1	138,82	0,0	193	99
31,24	251,269	8,7	209,105	160	99
345,362	0,1	266,132	0,0	134	99
137,183	0,0	86,48	0,1	165	99
1704,1868	0,0	1421,694	1,0	248	99
199,202	196,199	172,48	165,74	182	99
81,86	196,199	58,26	165,74	221	99
247,260	0,0	180,99	2,1	197	99
65,71	79,39	53,33	59,40	173	99
259,216	0,2	66,25	0,0	200	99
245,225	0,2	65,23	0,0	197	99
14,8	41,54	16,17	40,19	148	99
15,8	27,25	11,16	8,2	148	99
574,646	1,1	444,239	0,0	161	99
1925,2103	0,1	1483,749	0,0	188	99
794,1031	1,1	963,510	1,0	184	99
459,594	1,0	599,308	0,0	184	99
58,65	354,472	40,32	407,198	159	99
1081,1352	1,3	1057,546	2,0	243	99
385,450	1,0	253,150	0,0	228	99
312,388	0,3	209,110	0,0	202	99
121,99	0,0	55,30	0,1	152	99
15,10	19,14	10,3	15,3	163	99
60,66	2,7	21,13	2,0	227	99
1,0	16,16	6,3	18,8	134	99
50,49	49,50	38,27	77,38	178	99
11623,12733	0,0	9263,4820	0,1	714	99
6,5	8,11	7,3	7,3	146	99
94,122	0,0	68,13	0,1	177	99
914,1025	1,0	720,313	0,0	167	99
671,716	0,1	529,239	0,0	166	99
290,261	1,0	67,40	0,0	181	99
902,799	14,13	755,280	8,0	117	99
145,165	2,0	102,56	0,0	154	99
229,215	1,0	130,71	0,0	160	99
65,63	486,515	25,31	292,166	166	99
550,599	584,516	460,293	284,128	356	99
94,84	0,0	51,24	1,0	225	99
32,34	52,52	26,24	24,20	156	99
209,217	0,6	125,50	0,0	179	99
439,468	1,1	354,182	0,0	214	99
128,126	53,37	134,45	27,15	148	99
382,364	47,38	246,114	32,17	289	99
263,336	0,0	253,128	0,1	182	99
195,253	2,0	174,97	0,0	167	99
88,144	2,0	101,48	0,0	206	99
213,196	0,0	139,78	0,1	144	99
70,70	10,10	43,39	4,3	216	99
154,158	10,10	97,72	4,3	174	99
1671,1821	1,0	1225,672	0,0	169	99
41,51	0,0	48,31	3,0	137	99
35,50	1,0	29,17	0,0	138	99
135,143	10,15	113,76	10,12	156	99
218,176	1,0	102,54	1,0	181	99
1059,1184	0,2	979,496	0,0	148	99
603,795	0,0	525,237	2,0	148	99
2,0	0,1	1,0	7,0	123	99
115,137	0,2	110,55	1,0	235	99
245,306	0,0	216,130	1,0	561	99
49,41	10,5	35,19	1,2	238	99
52,59	10,5	19,17	1,2	543	99
86,65	10,5	72,39	1,2	204	99
61,44	10,5	41,31	1,2	261	99
89,83	10,5	56,37	1,2	509	99
12,10	4,3	4,4	2,3	249	99
63,94	0,0	38,33	1,0	204	99
37,43	0,0	19,25	1,0	689	99
146,86	1,1	59,34	0,0	159	99
30,23	0,0	22,9	1,0	299	99
46,57	1,0	22,23	0,0	163	99
79,78	2,0	35,23	0,0	224	99
33,54	1,0	28,16	0,0	288	99
0,2	507,632	2,0	331,186	141	99
301,370	0,1	304,125	0,0	200	99
207,294	0,2	192,100	0,0	172	99
420,572	0,1	317,180	0,0	222	99
1,0	1,1	10,4	0,0	236	99
92,99	1,0	67,37	1,0	250	99
72,70	2,6	62,42	4,4	188	99
1828,2451	2,1	1614,898	0,1	217	99
216,254	0,0	179,116	0,2	161	99
41,34	0,0	24,32	0,2	158	99
16,9	47,28	10,9	28,10	350	99
117,78	0,0	63,25	2,0	186	99
9,7	19,6	3,6	11,2	178	99
170,160	1,0	88,58	0,0	197	99
261,307	1,0	209,101	0,0	179	99
548,607	6,3	346,202	0,0	177	99
3158,3283	0,0	2369,1160	2,0	160	99
55,65	0,0	49,24	0,1	264	99
14,19	4,2	12,1	0,2	181	99
9,17	4,2	7,1	0,2	188	99
97,113	1,0	65,36	1,1	124	99
0,0	202,236	1,0	132,85	204	99
0,0	202,236	1,0	132,85	208	99
518,653	0,1	358,203	0,0	389	99
183,257	1,0	109,86	1,0	196	99
236,327	0,2	142,72	0,0	203	99
82,119	473,479	104,76	424,257	276	99
4038,4778	0,0	4119,2420	1,0	1201	99
4044,4785	0,0	4127,2409	1,0	1190	99
4321,5044	0,0	4381,2534	1,0	920	99
641,785	0,0	652,346	0,1	208	99
1504,1572	0,0	1516,834	1,0	203	99
1819,1958	0,1	2010,1163	0,0	272	99
1792,1940	0,1	1911,1076	0,0	269	99
433,501	1,0	539,341	0,0	432	99
1407,1554	0,1	1986,1109	0,0	1177	99
129,125	4,1	65,34	0,0	159	99
420,592	0,3	344,148	0,0	306	99
158,184	0,2	131,80	1,1	221	99
90,115	0,0	59,36	0,1	151	99
42,41	102,109	28,12	71,36	181	99
36,31	71,53	31,11	55,38	181	99
119,162	1,2	124,70	1,1	269	99
1,2	0,0	2,1	4,0	157	99
483,644	0,1	410,213	3,0	225	99
258,259	1,0	135,65	0,0	162	99
580,649	1,2	438,254	0,0	156	99
4,4	41,35	2,1	34,29	195	99
427,372	2,0	360,186	0,0	186	99
183,182	1,1	122,66	0,0	175	99
2954,3585	0,5	2265,1123	0,0	145	99
2046,2545	0,5	1578,738	0,0	148	99
21,24	0,1	13,7	0,0	162	99
14,18	8,17	10,4	17,7	209	99
15,14	76,56	11,5	52,26	209	99
25,26	76,56	14,14	52,26	402	99
16,25	76,56	21,9	52,26	140	99
10,17	3,5	7,4	4,3	140	99
256,196	3,7	146,90	2,0	127	99
219,238	0,1	136,63	1,0	140	99
586,600	0,1	437,166	0,0	207	99
32,30	1,2	9,7	1,0	218	99
367,451	0,0	234,116	1,0	279	99
244,231	8,0	236,98	5,0	109	99
106,102	7,3	99,38	1,0	163	99
263,224	0,1	242,118	0,0	137	99
578,544	0,2	463,209	0,0	204	99
583,653	0,0	651,255	2,0	169	99
2591,2661	35,31	2191,1086	18,10	2230	99
359,336	2,0	267,123	0,0	156	99
313,286	142,155	312,156	135,66	910	99
275,306	7,11	243,125	7,2	240	99
182,172	32,34	163,102	30,25	170	99
86,64	2,2	68,33	0,0	290	99
123,117	2,2	108,54	0,0	396	99
712,715	1,0	634,358	0,0	230	99
310,322	0,0	408,222	0,1	176	99
227,229	0,1	170,88	0,0	162	99
143,136	3,2	91,61	1,0	184	99
35,40	1,1	20,7	0,0	178	99
8,6	0,0	7,5	2,0	224	99
2,2	2,0	1,0	1,0	177	99
83,89	0,2	69,22	0,0	197	99
8,5	2,3	3,4	4,4	148	99
159,153	2,3	110,49	4,4	168	99
8970,9896	3,1	12833,6915	0,0	123	99
1,0	5663,6714	0,1	8454,4892	154	99
123,172	1,1	155,79	0,0	154	99
166,174	0,0	163,63	2,1	150	99
584,589	2,0	534,261	0,0	201	99
566,609	3,4	328,198	3,1	140	99
593,506	1,0	295,159	0,0	246	99
229,264	0,0	135,74	2,0	375	99
69,58	0,0	38,18	1,0	208	99
134,132	0,0	76,38	1,0	202	99
131,107	1,0	119,72	0,0	166	99
37,46	79,95	52,27	70,34	173	99
180,186	0,1	99,64	0,0	168	99
401,436	642,589	299,223	455,198	425	99
176,150	54,40	125,68	68,30	223	99
312,278	194,176	233,102	102,41	223	99
251,247	194,176	225,102	102,41	234	99
76,77	3,1	41,25	5,0	157	99
388,397	0,1	216,95	0,0	162	99
579,665	1,5	538,259	0,0	189	99
206,183	1,0	168,79	0,0	165	99
8,3	8,11	5,1	8,3	258	99
11,3	23,18	7,2	13,15	258	99
29,36	87,97	20,6	87,38	141	99
82,68	0,0	76,35	0,1	191	99
321,315	3,1	616,321	3,0	162	99
233,232	3,2	308,171	2,2	189	99
950,800	14,8	677,380	12,2	173	99
24,25	1,0	17,10	0,0	195	99
25,35	3,5	10,15	3,4	221	99
4,0	0,1	0,0	0,1	149	99
364,456	1,0	282,179	4,1	153	99
302,373	1,0	229,147	4,1	184	99
441,503	0,1	360,136	0,0	180	99
37,44	4,0	17,5	1,0	249	99
13,12	1,0	8,0	0,0	173	99
1105,1188	0,1	859,420	0,0	231	99
155,106	1,0	83,47	0,0	193	99
532,555	0,3	436,261	0,0	214	99
1631,1878	1,1	1211,632	0,0	247	99
2938,3550	0,0	2149,1270	1,0	2924	99
215,257	2,0	130,99	0,1	321	99
233,280	1,0	235,145	0,0	169	99
103,105	5,0	77,61	5,1	121	99
60,35	0,1	28,7	0,0	137	99
25,26	10,19	15,5	9,7	249	99
1,5	0,0	2,1	0,1	154	99
541,563	0,0	406,232	1,0	183	99
1124,1303	2,0	873,411	1,0	294	99
52,101	1,0	66,52	1,0	210	99
79,122	0,0	105,73	1,0	201	99
30,34	1,0	56,38	0,0	275	99
229,312	0,1	336,211	0,0	631	99
221,300	0,1	290,192	0,0	856	99
5,12	22,32	5,3	48,24	173	99
8,5	0,0	7,10	1,0	222	99
1575,1630	0,1	1174,568	0,0	155	99
2501,2264	0,1	1991,961	1,1	224	99
241,168	1,8	139,53	1,0	174	99
725,874	0,1	621,273	1,0	148	99
68,68	0,0	76,38	1,0	182	99
59,43	1,0	23,17	1,1	153	99
211,232	1,0	129,86	1,1	276	99
102,118	1,0	42,24	0,0	162	99
11,3	912,870	2,2	686,347	160	99
142,158	0,0	135,56	1,0	150	99
57,55	0,0	86,31	1,0	167	99
1475,1646	0,1	930,449	1,0	203	99
193,209	0,1	187,68	0,0	161	99
331,335	35,30	145,76	11,7	223	99
82,92	0,1	95,30	0,2	187	99
286,299	0,1	187,97	0,0	972	99
181,169	1,3	136,54	0,0	219	99
217,312	2,0	146,96	0,1	181	99
276,340	3,3	181,114	1,0	223	99
41,27	285,351	26,10	243,116	235	99
628,683	1,2	517,278	0,0	185	99
68,47	0,0	56,28	2,0	181	99
202,183	1,0	135,95	1,0	587	99
226,227	2,2	168,86	3,2	187	99
269,288	0,3	164,98	0,1	283	99
86,61	1,0	55,39	0,0	221	99
53,57	1,0	29,30	0,0	215	99
1705,1841	0,0	1167,532	1,0	252	99
47,57	2,13	19,27	1,0	165	99
375,317	0,1	280,127	0,0	152	99
366,336	6,4	316,228	1,2	243	99
240,201	6,4	197,120	1,2	466	99
2150,2415	2,1	1386,819	0,1	2432	99
5746,6985	9,23	4594,2613	5,11	157	99
6945,7730	0,1	6115,3331	0,0	159	99
1182,1166	7,5	1115,578	2,2	146	99
217,254	0,0	208,109	1,1	168	99
183,205	0,0	156,77	1,0	147	99
4,1	61,62	0,1	47,30	160	99
229,244	2,2	148,89	0,0	165	99
4,4	0,5	8,2	1,0	197	99
121,123	1,3	129,96	1,1	119	99
18,21	0,2	12,4	0,3	119	99
69,57	0,2	83,50	0,3	152	99
181,160	3,6	206,144	5,0	152	99
1838,2367	0,0	1655,834	1,0	153	99
130,113	2,0	73,47	0,0	258	99
24,19	1,0	13,10	0,1	175	99
30,21	2,1	6,6	0,0	175	99
6,5	0,1	6,2	0,0	175	99
241,354	0,1	151,112	0,1	158	99
142,176	1,0	135,81	0,0	180	99
943,1113	0,1	852,449	0,0	138	99
321,329	0,3	213,134	0,0	175	99
319,365	0,3	178,141	1,0	197	99
160,171	0,0	109,76	0,1	284	99
30,37	2,1	32,12	2,0	151	99
347,340	1,1	323,182	1,0	240	99
192,240	1,1	185,110	1,1	170	99
33,28	0,4	34,19	2,0	159	99
20,19	4,0	10,2	1,0	249	99
138,177	51,36	86,52	18,6	165	99
50,57	51,36	32,13	18,6	138	99
1500,1799	1,1	1356,679	0,0	140	99
134,137	0,0	68,25	1,0	208	99
85,117	5,3	85,56	1,2	152	99
624,733	0,2	520,317	0,0	110	99
117,127	1,1	75,53	0,0	559	99
474,580	1,1	312,228	0,0	125	99
232,239	0,1	181,87	0,0	177	99
23,29	1,2	24,9	0,0	182	99
23,25	39,33	46,17	76,34	141	99
120,145	0,0	97,48	1,0	167	99
9,7	0,1	9,3	6,0	121	99
9,9	0,1	8,7	6,0	207	99
136,131	1,0	123,59	0,0	213	99
78,85	2,1	76,34	2,0	213	99
42,41	0,1	29,21	0,0	168	99
33,31	2,1	33,10	2,0	158	99
1293,1635	1,0	1067,617	0,0	300	99
2155,2661	1,0	1768,1005	0,0	312	99
601,674	0,2	503,195	1,0	154	99
159,185	0,2	137,59	1,0	177	99
397,505	1,0	229,128	0,0	285	99
295,398	0,2	545,421	0,0	253	99
91,71	16,17	47,29	4,6	172	99
169,248	4,0	180,111	1,0	137	99
4398,4586	0,0	3566,1816	1,0	199	99
11,5	1705,1780	1,4	1337,681	201	99
593,657	9,12	391,200	4,2	191	99
152,155	0,0	108,52	1,0	172	99
177,181	3,0	128,55	2,0	154	99
244,292	0,1	159,92	0,0	158	99
295,394	0,3	189,125	1,0	180	99
278,277	0,1	161,90	0,0	156	99
400,395	31,12	264,159	17,8	178	99
402,352	0,2	315,154	0,0	235	99
275,317	2,0	201,118	1,0	200	99
161,165	2,0	107,59	1,0	370	99
6,6	126,161	3,0	98,60	158	99
138,162	0,0	88,54	1,0	220	99
37,22	0,0	26,14	2,0	275	99
56,26	0,0	28,12	2,0	180	99
1326,1359	0,0	1522,730	1,2	219	99
358,353	1,0	167,84	0,0	207	99
174,190	1,0	179,99	0,0	214	99
50,51	1,5	51,18	2,1	148	99
12,9	63,57	7,2	59,36	171	99
149,144	3,4	73,48	0,0	187	99
72,61	1121,718	37,23	315,151	238	99
58,60	1,0	52,19	0,0	206	99
54,133	0,2	30,20	0,0	146	99
809,996	1,0	643,342	0,0	214	99
7,9	111,103	11,2	89,33	173	99
476,481	0,0	332,190	1,0	577	99
1345,1392	0,0	934,469	1,0	147	99
11,20	0,4	23,18	0,1	177	99
16,30	81,96	38,21	61,43	177	99
3,5	81,96	3,3	61,43	145	99
4,6	6,15	8,6	21,7	145	99
77,82	98,131	61,43	99,59	169	99
52,84	1,0	42,17	0,0	203	99
1180,1326	0,0	755,355	0,1	189	99
94,124	13,10	78,40	4,1	153	99
6,11	13,10	7,5	4,1	117	99
1844,2100	0,6	1104,653	2,0	857	99
1859,2104	0,6	1105,657	2,0	852	99
178,177	0,2	212,113	0,1	167	99
3161,3541	0,1	2420,1393	0,0	173	99
3189,3508	0,1	2319,1312	0,0	509	99
16,10	6,4	16,15	3,4	150	99
21,9	112,170	17,11	99,51	279	99
826,800	1,0	586,273	0,0	221	99
83,67	0,0	75,25	1,0	161	99
251,266	0,2	206,152	0,0	195	99
119,127	1,0	72,38	0,0	192	99
26,21	1,2	16,15	5,0	161	99
37,25	4,0	15,10	4,0	199	99
690,682	0,1	378,200	0,0	277	99
77,97	0,6	50,28	1,0	177	99
1656,1942	0,3	1064,545	0,0	2819	99
1651,1931	0,3	1067,545	0,0	2835	99
257,250	0,0	203,101	1,0	165	99
253,282	1,0	184,86	0,0	159	99
115,138	1,2	83,24	0,0	153	99
22,22	0,1	20,8	0,0	203	99
8055,8987	0,1	6694,3243	0,0	203	99
835,889	0,1	524,216	0,0	136	99
14352,14746	0,0	10795,6061	0,1	403	99
36,62	0,1	17,12	0,0	174	99
43,31	0,3	23,8	0,0	163	99
74,74	0,1	38,31	0,0	162	99
135,136	1,6	93,52	1,2	151	99
1093,1292	3,2	649,326	1,0	238	99
1666,1998	3,2	974,506	1,0	257	99
41,63	0,0	54,18	1,2	200	99
24,34	0,1	11,13	0,0	175	99
2,0	11,29	0,0	6,4	135	99
153,216	1,0	139,61	0,0	192	99
4,5	3,1	5,2	2,0	138	99
17,16	97,97	7,6	59,32	148	99
692,802	9,13	695,323	4,3	138	99
35,43	0,3	11,5	0,0	182	99
77,88	0,0	59,29	0,1	187	99
113,109	0,0	45,34	0,1	202	99
1,0	1,0	1,2	0,0	109	99
3011,3197	6,5	1961,828	2,0	141	99
93,82	0,0	47,19	1,0	198	99
147,111	2,6	99,73	0,2	326	99
268,242	1,0	265,225	0,0	717	99
48,50	1,0	33,35	0,0	205	99
4,2	0,0	1,2	1,0	223	99
510,619	1,0	385,147	0,0	266	99
49,35	1,0	27,10	0,0	191	99
726,573	2,4	596,250	3,0	156	99
496,512	1,0	436,193	0,0	192	99
93,85	888,1041	86,59	720,405	210	99
214,201	0,0	202,104	1,0	231	99
1350,1369	0,0	1281,586	1,0	150	99
1467,1620	3,5	1305,734	5,1	229	99
6,12	11,32	2,3	13,9	154	99
6,5	11,32	10,9	13,9	159	99
31,48	0,3	22,9	0,0	159	99
28,43	106,97	9,10	69,37	135	99
156,168	0,1	111,76	0,0	146	99
20,41	1,1	15,15	0,0	129	99
461,430	0,1	239,127	0,0	208	99
1683,1753	1,0	1193,557	0,0	1035	99
135,133	1,0	122,69	0,1	137	99
79,112	0,0	70,35	2,0	222	99
153,216	0,0	124,78	0,1	154	99
347,347	0,3	312,142	0,0	192	99
541,701	0,0	314,194	1,1	171	99
950,1096	0,2	777,391	0,0	200	99
1479,1697	0,2	1144,595	0,0	203	99
2647,3292	0,1	2581,1289	1,0	294	99
0,1	0,1	0,1	0,0	166	99
147,177	1,2	111,58	0,0	185	99
436,416	0,1	340,197	0,0	124	99
154,190	0,1	159,82	0,0	180	99
389,399	0,0	301,136	5,3	178	99
38,66	4,3	41,21	0,0	222	99
36,40	4,3	24,16	0,0	193	99
65,68	0,1	62,32	1,0	193	99
1005,1230	2,1	1168,589	1,0	195	99
570,650	0,2	369,218	1,0	276	99
0,0	2,2	0,1	2,1	136	99
9381,12296	0,1	9100,3364	0,0	291	99
773,770	5,8	575,317	7,3	150	99
561,523	15,6	432,212	6,1	108	99
91,90	9,6	52,35	1,0	231	99
34,26	9,6	12,10	1,0	194	99
247,265	1,3	169,92	1,5	245	99
115,129	1,3	105,56	1,5	208	99
11,7	1,0	4,0	0,0	135	99
273,272	1,0	176,69	0,0	232	99
99,106	0,0	42,12	1,1	219	99
302,311	1,0	234,145	0,0	131	99
947,1000	0,2	615,341	0,0	287	99
119,131	1,1	61,30	0,1	307	99
152,153	1,1	73,32	0,1	327	99
115,130	1,1	72,34	0,1	352	99
37,44	2,1	25,13	3,1	250	99
2,4	0,1	3,1	0,0	140	99
3,6	30,23	5,0	12,5	140	99
206,213	0,1	125,70	0,0	155	99
313,308	1,0	292,123	0,0	153	99
320,326	12,13	253,133	4,3	166	99
51,67	87,108	23,18	107,31	226	99
3,4	0,0	7,1	2,0	137	99
18,9	37,21	6,4	21,10	143	99
6701,10231	0,1	5339,2882	0,0	240	99
491,595	1,0	341,228	0,0	279	99
21,16	2,0	15,5	0,0	137	99
509,536	1,4	416,255	2,2	209	99
3330,3177	11,6	2340,1224	1,1	260	99
72,78	1,0	35,33	0,0	189	99
155,172	2,2	97,53	2,2	242	99
819,881	1,0	478,264	0,0	198	99
57,47	1,0	34,30	0,0	273	99
42,59	3,4	36,11	4,0	195	99
236,332	1,0	172,91	0,0	170	99
82,141	0,0	116,40	1,0	230	99
48,86	0,0	73,24	1,0	233	99
163,166	0,1	120,91	0,0	251	99
171,149	1,0	118,64	0,0	223	99
385,371	4,2	287,175	2,0	176	99
0,0	1090,1084	0,1	959,469	201	99
5,5	1,0	3,4	0,0	174	99
9739,12699	1,3	9312,3991	1,1	398	99
3,9	263,311	5,4	270,169	145	99
449,517	1,0	452,248	0,0	156	99
188,149	0,1	121,50	0,0	144	99
1399,1856	0,2	1400,634	0,0	313	99
28,18	7,4	9,10	2,0	242	99
10,7	7,4	4,3	2,0	166	99
455,517	0,0	351,189	1,0	179	99
40,54	4,0	55,24	0,4	175	99
93,80	1,0	41,21	0,0	203	99
1366,1433	0,0	1052,597	2,0	144	99
68,78	0,2	73,35	1,0	143	99
26,39	7,9	28,12	2,5	143	99
74,78	7,9	56,22	2,5	216	99
118,117	0,1	102,47	0,1	216	99
1985,2461	1,1	1535,790	2,0	2872	99
66,99	1,0	53,21	0,0	237	99
29,51	0,1	25,8	0,0	168	99
45,27	1,0	16,13	0,0	367	99
77,54	1,0	35,23	0,0	153	99
99,138	0,0	81,43	1,0	153	99
2107,2519	1,0	1540,784	0,0	248	99
608,632	0,1	1213,582	0,0	177	99
7,6	1,0	6,7	0,1	146	99
116,110	0,1	125,58	3,2	126	99
15837,21283	1,0	12388,6125	0,0	422	99
950,1055	0,0	843,462	2,0	180	99
78,94	1,0	64,30	0,0	197	99
19,19	59,52	4,3	45,14	141	99
74,43	9,4	60,25	7,0	164	99
169,141	9,4	145,77	7,0	153	99
158,137	1,0	73,44	0,0	161	99
1290,1437	0,0	977,640	1,1	189	99
89,109	2,1	56,51	0,0	178	99
11,11	752,831	4,2	551,283	198	99
153,105	0,1	77,56	0,0	603	99
1407,1744	2,0	1217,704	0,0	148	99
357,422	2,1	334,155	0,0	139	99
132,177	0,3	168,81	0,0	145	99
11,14	58,52	8,5	48,24	185	99
198,180	0,0	154,88	2,0	183	99
194,260	0,1	173,103	0,0	170	99
78,85	4,0	80,24	0,0	133	99
376,347	1,0	280,135	4,2	193	99
69,52	1,0	40,14	0,0	166	99
103,114	819,829	79,47	638,361	156	99
111,103	1,0	57,36	0,0	238	99
349,383	3,4	222,144	5,2	170	99
22,26	13,21	7,7	6,12	237	99
574,654	4,1	455,219	0,1	176	99
64,58	0,2	38,17	0,0	208	99
6,8	22,22	22,12	15,8	156	99
28,25	30,24	16,9	44,12	208	99
225,259	1,0	184,109	0,0	190	99
41673,36623	66,45	19354,10161	25,15	571	99
48192,43222	66,45	22324,11876	25,15	567	99
504,615	0,1	620,280	0,0	183	99
169,212	55,50	133,74	38,24	145	99
767,595	0,0	495,185	0,1	138	99
138,147	0,0	122,59	2,0	178	99
887,1076	1,0	554,295	0,0	191	99
29,56	0,1	22,13	0,0	224	99
991,901	2,0	766,365	1,0	194	99
1895,2330	0,0	1088,473	1,0	222	99
4,3	0,7	0,1	2,0	199	99
0,0	0,1	1,0	0,0	212	99
0,1	834,1125	0,0	595,353	130	99
308,421	0,2	261,143	2,0	192	99
483,559	1,0	323,147	0,0	213	99
259,288	1,0	151,64	0,0	231	99
1434,1726	2,0	1644,984	0,0	174	99
239,237	1,1	181,132	1,0	180	99
441,519	0,1	438,218	0,0	178	99
2,0	131,132	0,1	94,59	219	99
989,1037	1,4	1120,656	3,0	137	99
1267,1322	49,26	1406,929	11,8	186	99
230,301	0,1	271,150	0,0	389	99
416,518	14,29	428,238	5,5	163	99
42,40	0,2	17,18	0,1	220	99
9,9	3,4	5,7	2,1	136	99
36,55	0,0	22,22	0,1	251	99
125,197	0,0	113,65	3,0	200	99
317,277	5,2	191,125	3,3	145	99
187,169	4,6	149,88	5,0	138	99
247,226	1,0	187,114	0,2	117	99
654,745	1,0	627,367	0,0	180	99
19,20	19,23	8,10	2,2	171	99
19,24	79,86	9,11	38,21	171	99
22,16	13,27	8,10	18,5	171	99
19,18	5,16	8,10	3,2	171	99
9536,11440	0,1	7017,3461	1,0	219	99
418,431	4,1	282,145	3,0	121	99
649,604	0,0	487,236	1,0	134	99
508,550	0,0	376,179	0,1	147	99
80,69	0,1	42,23	0,0	146	99
1504,1636	2,0	1386,682	3,1	193	99
741,1166	0,0	521,214	0,1	108	99
28,35	130,142	33,28	113,60	206	99
37,46	130,142	28,22	113,60	163	99
21,30	130,142	7,6	113,60	189	99
46,50	130,142	30,19	113,60	605	99
4,2	4,0	4,1	4,0	149	99
21,14	130,142	21,17	113,60	149	99
169,240	0,0	189,98	1,0	160	99
131,162	0,1	124,45	0,0	230	99
652,700	0,1	407,262	3,0	179	99
98,108	4,1	72,40	0,1	176	99
479,619	1,0	307,188	0,0	150	99
16,15	1,1	17,9	0,1	316	99
49,44	1,0	33,34	1,0	209	99
125,153	1,1	92,41	0,2	173	99
161,151	0,1	86,35	0,0	209	99
288,298	0,1	182,77	0,0	226	99
246,237	1,0	140,65	0,0	166	99
1,1	26,36	0,1	22,13	138	99
3,0	26,36	3,1	22,13	141	99
14,18	37,46	6,6	21,15	145	99
47,51	37,46	44,17	21,15	125	99
147,164	2,2	93,39	2,1	244	99
215,257	2,2	139,50	2,1	218	99
69,83	2,2	52,25	2,1	123	99
152,123	2,0	127,61	0,1	229	99
276,314	4,2	158,106	0,0	151	99
22,39	2,0	22,7	0,0	151	99
112,111	0,2	59,28	0,0	161	99
15,18	1,2	6,1	4,1	103	99
970,1124	1,0	800,528	0,0	328	99
161,178	0,1	147,69	1,0	258	99
6,10	0,0	6,5	0,2	187	99
2912,2925	1,1	2042,1034	0,0	276	99
13,25	388,462	15,5	380,187	244	99
602,734	0,3	582,307	4,0	240	99
33,42	33,41	47,34	44,22	228	99
27,27	1,0	22,16	0,0	143	99
466,537	0,2	218,102	0,0	436	99
288,379	0,0	266,180	1,1	187	99
157,221	0,1	115,82	0,0	218	99
115,156	0,0	88,58	1,0	197	99
1651,1721	1,0	983,509	0,0	226	99
835,882	1,0	530,250	0,0	214	99
0,1	747,806	0,0	486,232	126	99
133,143	1,0	72,23	0,0	215	99
263,318	1,0	170,110	0,1	210	99
1084,1204	1,0	966,445	0,0	205	99
148,171	1,3	127,53	0,0	183	99
140,124	4,3	118,50	0,0	185	99
139,149	0,1	82,40	0,0	200	99
136,206	3,1	142,54	0,0	211	99
1720,2156	0,0	1621,759	1,0	272	99
482,669	0,2	367,216	3,2	150	99
93,98	203,242	87,44	136,58	181	99
20,32	3,6	12,11	0,0	270	99
10,17	3,6	7,5	0,0	184	99
293,340	0,0	213,105	3,0	132	99
250,323	0,1	175,87	0,0	206	99
243,303	1,0	159,95	0,0	172	99
40,48	0,1	36,10	0,0	226	99
11,10	100,127	6,1	85,35	120	99
3125,4297	17,10	2780,1421	7,5	366	99
4822,6582	0,1	4445,2480	0,0	369	99
570,578	0,1	477,229	0,0	145	99
556,596	1,0	479,195	0,0	194	99
2,6	0,0	4,2	0,1	205	99
12,29	1,0	21,9	0,0	251	99
308,368	10,7	191,101	11,12	128	99
11,5	2,5	6,4	4,1	185	99
6,3	2,5	3,2	4,1	186	99
4,12	1,3	8,2	2,0	151	99
7,9	1,0	7,3	0,0	151	99
254,215	1,0	173,114	0,0	161	99
4,0	85,76	0,4	66,25	173	99
242,203	2,2	205,84	0,0	189	99
138,129	4,11	113,72	7,4	127	99
192,178	1,0	168,70	0,0	189	99
48,61	3,2	18,13	3,0	156	99
30,51	3,2	30,10	3,0	152	99
484,523	31,56	337,172	58,34	164	99
888,860	1,0	651,340	0,0	129	99
76,72	2,2	48,31	0,0	137	99
5,9	2,2	2,4	0,0	205	99
171,161	4,4	111,47	1,0	163	99
254,265	1,1	367,178	0,0	304	99
340,353	1,1	491,230	1,1	304	99
9,17	1,1	10,13	1,1	249	99
14,23	92,95	18,23	132,62	249	99
202,199	1,0	281,103	0,0	143	99
108,94	0,0	91,44	1,0	218	99
75,56	2,4	74,38	2,1	150	99
12,19	117,152	20,23	138,54	573	99
107,126	3,3	110,36	1,3	217	99
581,588	5,5	400,219	0,1	204	99
368,636	0,2	426,251	0,0	226	99
44,41	3,1	29,14	3,3	165	99
9,8	55,36	11,9	45,17	207	99
1994,2146	5,0	1514,747	1,1	184	99
19,25	17,26	14,6	5,5	562	99
375,475	0,0	309,126	1,1	184	99
540,454	0,0	465,210	1,0	301	99
26,61	1,0	25,16	0,0	157	99
27,61	0,1	10,15	1,0	193	99
43,81	0,1	25,24	1,0	214	99
87,81	0,2	54,22	0,0	168	99
39,44	7,5	65,44	19,12	141	99
87,97	1,0	36,39	0,0	150	99
1,3	100,91	0,0	60,33	186	99
10,14	2,0	17,5	0,0	233	99
46,61	3,0	27,12	0,0	139	99
471,778	1,0	522,348	0,0	225	99
35,39	0,1	30,7	0,0	202	99
2652,2779	12,33	2132,1235	24,7	132	99
445,449	0,0	196,102	1,0	148	99
75,72	0,3	22,12	0,4	162	99
172,168	0,2	101,62	1,0	187	99
2,3	0,0	8,3	0,1	160	99
384,449	10,8	320,160	2,0	697	99
5382,4958	1,0	4752,2211	0,0	237	99
234,228	1,0	140,52	0,0	127	99
366,331	6,1	236,135	0,0	202	99
372,399	0,0	336,195	2,0	210	99
1,2	3,4	1,0	2,0	168	99
19,16	3,6	11,7	1,1	186	99
59,44	0,0	37,14	1,0	145	99
53,66	43,50	77,45	19,8	165	99
72,88	1,4	143,67	1,0	204	99
36,48	1,4	75,29	1,0	177	99
125,134	0,0	161,85	1,1	167	99
7,7	1,0	2,1	1,0	144	99
14,8	23,17	4,2	9,7	174	99
11,6	32,30	4,5	11,12	178	99
4,2	0,1	0,0	0,2	153	99
3,14	0,0	1,0	0,1	158	99
12,5	8,13	3,8	4,2	144	99
6,5	3,2	1,6	1,0	144	99
56,73	19,7	43,23	8,4	458	99
60,82	43,42	50,31	39,16	458	99
18,33	19,7	12,5	8,4	221	99
22,42	43,42	19,13	39,16	221	99
17,21	0,0	10,6	1,0	221	99
21,30	0,1	17,14	2,0	221	99
10,9	43,42	5,3	39,16	147	99
9,7	0,1	4,4	2,0	147	99
17,19	1,0	9,7	0,0	199	99
158,166	0,0	116,76	0,1	154	99
1747,1709	0,1	1389,583	0,0	158	99
20,23	71,74	19,11	65,31	198	99
659,535	0,1	454,194	0,0	157	99
868,997	0,1	640,321	0,0	288	99
579,610	14,13	405,219	12,8	177	99
3,4	1,0	7,6	0,0	185	99
794,849	0,0	498,309	0,1	422	99
191,240	15,34	165,84	10,9	180	99
208,215	0,0	154,71	1,0	155	99
56,60	0,0	34,32	0,1	189	99
194,196	1,0	120,67	0,0	131	99
60,51	0,0	26,20	1,0	190	99
28,22	0,0	12,8	1,0	195	99
64,32	1,0	49,26	0,0	273	99
108,70	1,0	81,50	0,0	477	99
65,58	0,0	54,34	2,0	223	99
97,154	0,1	72,38	0,0	154	99
0,1	0,0	1,0	2,0	144	99
0,0	329,440	2,0	243,137	195	99
116,110	1,0	83,24	0,0	190	99
896,1027	0,0	748,402	1,0	171	99
6066,6530	0,0	4042,1839	1,0	129	99
16,34	1,1	10,7	1,0	212	99
74,71	0,0	43,18	2,0	178	99
114,133	0,1	105,28	0,0	284	99
153,118	0,1	78,52	1,0	249	99
71,89	0,0	63,33	1,0	164	99
5,5	71,89	7,0	59,20	132	99
700,675	0,0	422,223	1,0	200	99
309,337	1,0	206,119	1,0	158	99
448,487	1,0	306,165	0,0	261	99
236,256	1,0	132,72	0,0	155	99
317,385	1,1	245,152	0,1	163	99
242,190	0,0	210,101	0,2	266	99
786,764	0,0	543,259	0,2	176	99
438,476	7,6	309,179	3,3	392	99
438,470	0,1	379,250	0,0	2243	99
513,638	0,4	521,196	0,0	153	99
92,79	0,0	50,28	1,0	205	99
64,63	0,8	44,18	1,0	205	99
89,77	0,8	57,22	1,0	492	99
92,80	0,8	57,21	1,0	495	99
0,0	0,8	0,1	1,0	122	99
16,7	14,9	3,5	8,3	122	99
1,0	0,8	1,0	1,0	125	99
40,22	14,9	12,10	8,3	125	99
2804,3065	0,0	2897,1572	2,0	186	99
145,157	0,1	104,41	0,1	172	99
877,874	0,0	724,358	0,1	199	99
26,28	0,0	25,8	1,0	168	99
80,108	1,0	68,30	1,0	162	99
54,83	0,0	44,23	0,1	162	99
155,200	1,0	81,47	1,0	188	99
106,100	0,0	50,15	0,1	167	99
132,126	1,0	72,24	0,0	167	99
52,53	3,0	33,13	0,0	365	99
2,7	285,297	5,0	296,139	279	99
190,243	2,5	118,66	1,0	254	99
110,139	2,5	71,38	1,0	212	99
297,339	1,0	253,131	0,0	177	99
281,301	0,1	237,138	0,0	159	99
406,352	2,1	283,94	1,1	758	99
330,293	0,0	216,106	1,0	139	99
625,719	1,0	474,257	1,0	196	99
505,557	1,0	187,128	0,0	155	99
159,160	0,0	150,57	0,1	152	99
853,920	0,2	505,269	0,0	217	99
32,35	3,0	33,10	9,1	151	99
18,13	115,103	11,2	65,24	154	99
49,34	1,0	24,7	0,1	157	99
40,47	0,5	17,7	1,0	256	99
50,51	0,1	19,7	0,0	256	99
2,2	498,540	0,0	305,133	297	99
1050,1175	7,1	698,307	2,1	162	99
4,5	1,0	6,0	0,0	146	99
52,43	0,0	29,16	0,1	151	99
4845,6174	0,1	3384,2428	0,0	138	99
122,122	0,3	111,74	2,0	155	99
180,272	1,0	104,57	0,0	188	99
333,264	12,0	206,101	2,2	174	99
20,25	0,4	13,4	1,0	151	99
119,151	1,0	58,42	2,0	167	99
126,112	0,0	63,47	0,1	213	99
133,165	10,13	104,50	9,4	180	99
555,680	0,0	504,324	0,1	179	99
170,245	0,2	178,100	0,0	145	99
102,85	0,1	44,22	0,0	274	99
904,991	1,0	670,327	2,0	247	99
532,624	0,0	383,238	0,2	153	99
84,80	1,3	63,19	0,0	145	99
35,41	18,27	32,11	5,2	190	99
478,547	1,0	347,202	0,1	203	99
12,8	35,41	10,2	25,7	186	99
46,71	51,55	16,19	24,14	149	99
68,55	0,1	37,27	2,1	132	99
119,116	2,0	91,45	0,1	183	99
8489,11046	3,10	8186,4908	0,1	226	99
83,83	1,1	69,43	4,0	236	99
109,100	0,0	90,45	0,1	165	99
181,166	1,0	152,78	0,0	164	99
37,31	2,8	30,18	5,1	165	99
55,48	1,0	47,21	0,0	191	99
66,38	2,0	5,3	0,0	148	99
17,25	0,0	12,3	1,0	182	99
230,240	0,1	109,54	0,0	169	99
16,8	29,19	6,0	26,7	130	99
0,0	175,205	0,2	111,73	190	99
99,101	0,1	73,49	0,0	145	99
368,407	0,1	275,154	0,0	170	99
22,36	50,56	16,5	34,15	324	99
33,52	50,56	19,8	34,15	309	99
120,103	0,2	59,31	2,0	196	99
27,45	124,115	21,17	60,26	135	99
3,0	15,8	1,3	5,5	177	99
857,880	0,1	630,321	0,0	167	99
55,68	1,0	16,10	0,0	165	99
282,330	1,0	186,105	0,0	421	99
189,178	2,0	149,83	0,0	188	99
61,76	7,7	56,16	5,2	575	99
61,73	7,7	54,15	5,2	555	99
35,46	7,7	33,12	5,2	336	99
68,100	0,1	50,26	0,0	213	99
0,2	35,21	0,0	15,9	172	99
3021,3106	0,3	3141,1577	0,0	165	99
5,17	0,0	5,6	4,0	133	99
29,28	1,1	42,28	0,0	167	99
174,161	33,26	137,67	24,9	274	99
143,176	1,0	61,28	0,0	124	99
52,45	7,6	24,10	4,0	124	99
25,14	7,6	11,6	4,0	151	99
61,68	7,6	57,21	4,0	112	99
19,25	7,6	18,10	4,0	139	99
209,190	0,3	127,62	0,0	216	99
286,286	1,1	156,114	0,0	184	99
84,105	2,2	47,41	0,1	162	99
258,269	0,3	161,90	0,0	159	99
105,87	0,0	55,33	0,1	170	99
181,227	0,2	160,52	1,1	178	99
200,276	1,1	167,81	0,0	262	99
87,105	0,0	69,23	0,1	119	99
11,12	378,400	5,6	286,143	265	99
33,25	17,26	55,16	19,7	139	99
76,94	1,4	36,15	0,0	162	99
83,73	1,1	84,31	1,0	164	99
146,136	1,1	120,40	1,0	191	99
19,43	0,1	14,3	0,0	155	99
127,106	1,0	111,42	0,0	133	99
19,31	4,0	19,6	3,0	137	99
28,39	0,2	31,8	0,0	137	99
1387,1386	1,1	1256,630	5,0	192	99
43,53	1,0	23,20	0,0	161	99
1089,1008	0,1	781,409	0,0	154	99
5179,5041	1,0	4235,1837	0,0	265	99
554,395	1,0	379,185	0,0	180	99
1203,1242	1,0	813,485	0,0	127	99
988,906	2,4	763,460	5,1	150	99
433,455	0,0	364,174	0,1	262	99
63,108	0,1	40,16	2,0	143	99
65,96	0,1	44,20	2,0	146	99
2669,3027	0,1	1408,749	0,0	186	99
2314,2742	4,2	1758,881	0,0	213	99
258,254	213,207	182,92	150,88	115	99
494,586	2,5	367,199	1,1	197	99
5,17	290,208	11,5	235,93	142	99
182,190	1,2	178,132	2,1	182	99
971,1070	1,1	687,355	0,0	159	99
130,180	0,3	114,61	0,0	153	99
232,211	7,2	191,109	5,4	347	99
59,61	3,6	41,16	3,0	137	99
5299,5433	3908,3811	3173,1671	1860,1017	215	99
0,2	4,1	2,0	2,1	147	99
262,240	1,8	155,78	0,0	205	99
86,108	6,7	46,43	1,2	223	99
1357,1325	0,1	831,433	0,0	213	99
1076,1078	0,0	613,312	1,0	180	99
1309,1280	2,1	991,491	2,2	277	99
1085,1071	2,1	761,354	2,2	274	99
3,0	600,551	6,1	510,205	166	99
214,285	0,0	214,125	1,2	229	99
64,55	33,35	26,7	16,6	261	99
61,53	33,35	28,6	16,6	274	99
143,135	1,0	123,54	0,0	165	99
152,162	2,0	155,69	0,0	116	99
2559,2827	2,0	3354,1803	0,0	158	99
201,207	43,28	139,84	43,17	157	99
173,170	2,0	131,83	0,0	193	99
599,670	3,0	514,229	0,0	310	99
809,916	0,0	588,353	0,5	141	99
294,282	26,15	237,122	15,7	104	99
145,176	0,0	111,44	1,0	297	99
1,2	263,290	1,1	201,95	201	99
39,17	1003,1089	10,4	627,293	277	99
271,319	0,4	162,63	6,0	178	99
306,356	1,0	309,129	0,0	174	99
4,10	4370,5239	3,0	4142,2326	225	99
10,5	873,1073	2,2	665,439	240	99
107,148	0,0	82,41	0,1	278	99
327,401	8,13	281,150	1,1	126	99
990,1186	0,0	718,449	0,1	246	99
1773,2023	2,3	1477,895	0,0	222	99
930,1040	2,3	744,496	0,0	453	99
934,1042	2,3	747,498	0,0	539	99
143,135	9,5	83,54	3,4	188	99
159,138	8,2	88,62	2,0	301	99
18,39	349,306	9,2	249,122	309	99
12,30	349,306	6,1	249,122	176	99
23,31	0,0	17,11	1,0	225	99
10,8	9,11	7,6	7,8	145	99
16,15	4,12	14,9	6,0	140	99
1255,1185	1,1	884,447	1,1	186	99
202,258	1,0	147,76	0,0	351	99
100,130	0,4	63,28	0,0	176	99
1533,1520	0,0	1657,928	0,1	165	99
3,5	7,14	6,0	27,8	214	99
53,59	0,1	41,19	0,0	158	99
272,311	1,0	165,75	0,0	211	99
488,580	0,1	252,129	0,0	212	99
0,1	0,0	0,0	2,0	269	99
216,187	0,0	158,81	1,0	151	99
220,249	0,0	213,117	1,0	180	99
88,92	0,0	92,54	1,0	172	99
714,673	1,1	531,264	0,0	233	99
785,770	1,1	603,328	0,0	239	99
4,3	377,477	0,0	260,115	268	99
689,793	0,1	521,259	0,0	162	99
435,385	1,0	323,154	5,0	155	99
137,165	0,0	80,34	0,1	184	99
232,200	3,0	163,66	0,0	220	99
168,181	10,7	153,70	12,3	178	99
5,1	0,2	4,3	0,0	133	99
58,67	0,0	65,25	2,0	208	99
225,291	5,7	224,88	0,0	186	99
220,270	19,22	206,78	9,4	186	99
243,220	0,0	213,92	1,0	195	99
4,5	69,92	1,1	32,24	132	99
318,422	0,2	333,204	0,0	255	99
264,331	1,0	190,100	0,0	180	99
127,110	1,1	86,42	0,0	159	99
206,244	1,0	155,76	0,0	158	99
390,416	1,0	306,107	0,0	181	99
416,371	1,0	274,117	0,0	135	99
247,340	5,16	228,109	4,1	228	99
121,174	0,1	78,43	0,0	160	99
44,49	0,0	23,5	1,0	186	99
83,82	0,0	37,16	1,0	149	99
28,37	1,2	29,16	1,0	174	99
211,247	3,0	127,60	0,0	156	99
713,753	3,7	572,287	6,0	231	99
453,563	130,169	380,163	92,57	239	99
3075,3254	0,1	2179,1174	0,0	147	99
128,83	0,0	33,14	1,0	256	99
1495,1604	0,1	867,458	0,0	258	99
827,1084	6,4	622,341	3,0	170	99
15,33	61,83	17,4	39,29	139	99
75,111	1,0	40,34	0,0	230	99
82,56	0,1	58,18	0,0	176	99
233,215	2,0	190,74	0,0	153	99
5,1	2578,2659	0,1	2013,1009	343	99
2,6	23,37	3,2	24,3	346	99
2,6	23,37	2,3	24,3	343	99
194,192	1,0	89,36	0,0	186	99
352,402	2,0	268,139	0,0	135	99
1490,1555	0,1	1521,783	0,0	219	99
264,349	3,4	187,85	1,2	202	99
56,56	106,109	58,33	83,37	201	99
104,128	0,4	104,57	2,0	162	99
1755,1927	1,0	1521,787	0,0	448	99
315,362	2,6	272,171	2,2	188	99
249,287	1,0	202,97	0,0	193	99
7,6	141,129	0,2	78,54	149	99
53,28	2,5	17,5	1,2	206	99
48,35	2,5	23,6	1,2	211	99
0,5	14,11	0,0	22,7	153	99
59,41	47,39	34,25	21,8	318	99
51,32	47,39	22,16	21,8	297	99
14,13	47,39	10,9	21,8	309	99
550,615	2,7	444,281	4,1	251	99
51,65	185,198	62,42	112,85	134	99
341,385	3,1	179,63	3,0	1077	99
17,12	1,0	9,4	0,0	145	99
12,21	0,0	28,17	1,0	172	99
180,157	0,1	110,46	1,0	265	99
64,71	0,1	27,19	1,0	218	99
308,288	0,1	172,118	0,0	169	99
260,295	0,4	159,91	0,0	203	99
21,18	0,1	11,8	0,0	190	99
2826,2751	0,0	1541,624	1,0	157	99
333,312	0,3	223,135	0,0	162	99
121,115	5,10	52,30	2,4	153	99
66,55	5,10	39,17	2,4	184	99
0,1	143,151	0,0	95,56	159	99
15,13	1,3	34,26	7,1	133	99
237,307	1,3	229,128	7,1	162	99
290,392	0,2	333,169	0,0	162	99
313,394	2,1	353,161	4,3	152	99
143,103	3,0	87,31	0,0	355	99
7,10	1647,1930	0,1	1156,569	163	99
59,76	1647,1930	45,23	1156,569	255	99
77,93	1647,1930	73,33	1156,569	252	99
2,7	0,2	4,7	0,0	155	99
49,49	14,21	23,20	10,8	345	99
88,72	1,4	60,16	0,1	179	99
198,188	0,1	155,94	0,0	192	99
55,55	0,2	49,40	1,0	177	99
909,891	1,0	704,339	3,0	147	99
3,4	28,40	1,1	17,8	146	99
794,753	105,83	712,255	53,39	285	99
765,673	105,83	675,245	53,39	587	99
1512,1688	1,3	869,497	1,1	2103	99
245,351	1,0	212,113	0,0	230	99
1248,1516	20,10	951,512	6,0	169	99
294,305	19,5	242,141	9,7	160	99
110,87	4,1	88,50	0,0	147	99
242,268	1,0	195,104	0,0	151	99
217,196	2,5	109,83	3,1	202	99
296,309	1,2	156,112	0,1	197	99
255,210	2,0	162,89	0,0	210	99
35,35	154,261	24,3	103,61	195	99
58,77	0,0	71,18	1,0	237	99
131,144	0,0	120,37	1,0	171	99
69,67	0,0	44,19	0,1	196	99
287,361	0,1	146,106	0,0	119	99
487,477	17,42	458,282	25,16	179	99
287,278	0,2	325,191	1,1	179	99
240,229	636,548	245,139	387,186	179	99
47,40	2,1	17,17	0,1	196	99
260,314	2,4	221,127	0,0	156	99
195,249	0,0	130,63	2,0	232	99
34,35	0,2	34,7	0,1	723	99
272,319	1,1	233,103	1,0	825	99
272,318	0,3	231,104	5,2	825	99
248,294	2,0	151,110	1,0	204	99
1070,1074	9,3	857,479	14,12	197	99
1111,1283	0,0	1019,592	2,0	154	99
107,115	3,3	60,33	1,0	118	99
3,5	23,17	5,5	9,3	620	99
120,183	2,0	99,70	1,0	155	99
3497,2975	1,0	1690,790	0,0	127	99
3,8	193,180	3,2	93,57	151	99
143,160	0,0	110,59	1,0	172	99
93,144	2,7	88,40	4,0	162	99
133,173	3,1	108,64	0,0	162	99
242,289	0,0	256,130	1,0	192	99
220,216	0,0	148,64	1,0	200	99
210,216	2,0	124,61	0,0	216	99
0,4	19,19	1,0	11,7	237	99
0,5	27,9	1,0	7,2	237	99
49,51	17,12	4,11	8,3	144	99
351,417	0,0	394,201	1,0	139	99
803,891	1,0	458,249	0,0	118	99
112,89	289,353	52,20	140,83	206	99
290,354	7,7	139,84	4,3	159	99
1389,1813	0,5	997,598	2,1	323	99
526,660	0,0	321,186	1,0	137	99
2,0	0,0	1,0	1,0	277	99
3,0	0,0	1,0	1,0	209	99
1,0	0,1	1,0	0,0	273	99
310,334	0,0	124,70	1,0	158	99
105,106	1,0	68,47	0,0	149	99
11,14	6,5	16,7	2,0	160	99
732,704	0,0	493,255	0,1	224	99
102,81	0,3	81,54	1,0	182	99
8,2	0,1	1,0	0,0	176	99
57,50	0,0	19,10	0,1	374	99
730,678	1,1	383,207	0,0	196	99
95,136	0,1	59,30	0,0	199	99
120,148	1,1	58,26	0,2	177	99
229,256	1,1	116,49	0,2	183	99
40,25	0,0	23,21	1,0	175	99
426,403	5,0	295,179	0,0	1408	99
315,331	0,0	252,148	1,0	248	99
722,871	0,0	843,401	2,0	237	99
767,865	1,0	682,378	0,0	183	99
692,778	434,503	633,323	306,146	245	99
867,871	1,0	846,429	0,0	155	99
194,233	0,0	242,136	0,1	184	99
416,449	0,1	504,265	0,0	345	99
425,451	1,0	583,290	0,0	354	99
25,19	1,2	18,6	0,0	145	99
234,285	0,0	153,69	0,1	163	99
161,148	0,0	100,62	1,0	146	99
202,187	0,0	176,99	1,1	159	99
98,122	2,4	62,38	1,0	173	99
125,116	1,1	78,32	1,1	145	99
195,205	0,1	192,98	0,0	180	99
511,451	2,1	377,182	0,0	184	99
285,262	60,52	180,71	93,39	162	99
155,131	3,0	83,38	0,1	162	99
253,250	3,0	246,125	0,1	159	99
336,332	6,5	257,119	1,0	159	99
39,22	0,1	25,18	0,0	153	99
137,101	1,3	122,42	0,1	241	99
0,2	216,259	0,0	199,90	207	99
485,462	1,0	338,170	0,0	227	99
42,42	1,0	15,2	0,0	156	99
36,60	5,2	31,27	2,1	181	99
347,399	1,0	281,104	0,0	540	99
105,127	55,65	92,44	69,52	180	99
66,66	2133,2145	91,28	1517,832	263	99
518,603	0,1	493,247	0,0	271	99
122,118	0,0	98,56	2,2	141	99
151,142	0,0	139,80	2,0	217	99
160,129	3,0	125,55	0,0	168	99
1451,1489	0,0	1249,587	1,0	153	99
579,656	5,1	409,200	0,3	217	99
67,67	3,2	54,25	4,0	194	99
209,178	0,1	154,67	0,0	301	99
1205,1318	1,0	1519,901	1,0	114	99
2127,2366	1,1	2855,1531	3,4	162	99
233,280	0,0	167,88	1,0	173	99
698,835	1,4	472,280	1,2	161	99
94,64	2,0	74,35	0,0	270	99
183,188	0,0	196,118	3,3	138	99
74,84	0,0	86,47	3,3	162	99
573,593	0,0	428,218	1,0	226	99
0,1	27,49	0,0	47,39	181	99
13,14	0,0	20,14	0,1	125	99
242,226	1,0	197,92	0,0	249	99
412,528	0,1	362,192	1,0	164	99
958,1066	0,2	633,373	0,0	220	99
1011,890	0,0	680,276	2,0	157	99
148,181	1,0	98,61	0,0	289	99
95,108	0,0	69,35	0,1	261	99
475,526	14,8	282,158	0,2	366	99
689,739	1,0	452,224	0,0	239	99
336,399	0,0	268,141	1,0	241	99
19,19	3,1	22,11	0,0	213	99
29,22	0,0	28,15	0,1	206	99
17,31	1,0	5,7	0,0	159	99
16,31	1,0	6,7	0,0	159	99
102,117	0,2	84,61	0,0	165	99
218,247	0,0	174,80	1,0	127	99
325,342	0,1	248,132	0,0	191	99
153,167	1,1	113,61	0,0	191	99
3964,4592	0,0	3870,2083	4,1	211	99
1007,1063	0,0	830,427	2,0	147	99
57,67	7,5	55,30	0,1	180	99
119,105	0,1	107,53	0,0	215	99
41,33	0,0	10,5	0,1	299	99
20,26	79,82	10,6	91,42	133	99
22,23	40,53	10,5	40,15	138	99
65,71	0,0	56,23	2,0	131	99
3222,3965	35,43	2612,1413	6,4	159	99
4015,4638	9,5	3296,1668	2,1	192	99
12838,14368	0,1	9845,5059	0,0	1818	99
10,16	0,0	5,7	0,1	218	99
77,77	1,0	46,26	0,0	346	99
34,33	0,3	12,18	2,0	281	99
38,48	0,3	16,22	2,0	261	99
36,25	2,0	39,32	0,0	248	99
39,28	0,2	15,9	1,0	140	99
80,74	0,2	40,21	1,0	193	99
122,130	2,1	84,33	1,0	255	99
133,174	1,0	127,74	0,0	330	99
37,41	0,0	34,26	1,0	260	99
60,67	0,0	47,34	1,0	251	99
224,252	0,0	152,69	1,0	179	99
47,33	1,0	31,19	0,0	155	99
37,41	1,0	28,15	0,0	186	99
27,24	1,2	16,4	0,0	184	99
67,59	0,1	25,13	0,0	197	99
463,460	2,0	354,195	0,0	153	99
33,34	2,0	9,18	0,0	206	99
73,68	2,0	47,38	0,0	298	99
183,204	2,0	161,114	1,0	136	99
293,340	4,3	279,152	1,0	240	99
192,218	4,3	204,101	1,0	330	99
497,481	0,2	299,174	1,0	155	99
670,626	2,0	451,278	0,0	470	99
3,1	36,39	0,0	21,6	224	99
28,24	2,4	13,3	0,1	159	99
113,161	1,0	133,55	0,0	144	99
321,301	0,4	247,139	0,0	209	99
136,105	0,1	78,42	0,0	225	99
2211,2558	6,7	1762,841	6,4	1729	99
189,205	1,0	240,115	0,0	176	99
37,51	0,1	33,24	0,2	411	99
102,108	0,0	75,36	0,1	223	99
258,268	0,2	169,84	0,0	107	99
4405,4481	0,1	3120,1415	1,0	1796	99
4421,4484	0,1	3138,1426	1,0	1799	99
4456,4526	0,1	3154,1437	1,0	1836	99
44,42	0,0	30,13	0,1	204	99
873,1228	0,1	472,209	0,0	289	99
1178,1348	4,0	919,549	0,0	259	99
8,3	184,166	3,1	149,62	167	99
1,0	11,5	2,0	2,0	156	99
210,199	0,0	144,81	0,1	160	99
276,274	1,0	238,112	0,0	179	99
124,166	0,2	79,46	0,0	157	99
15369,16204	0,1	10299,4983	0,0	2165	99
71,63	3,1	75,35	2,0	212	99
193,179	3,0	218,117	1,1	225	99
384,495	0,12	324,221	2,3	310	99
309,326	0,1	290,131	0,0	236	99
120,99	0,1	79,39	0,0	195	99
3,8	2,0	3,5	1,1	155	99
17,14	30,45	5,10	28,4	155	99
345,434	0,1	263,165	0,0	273	99
2764,3532	0,2	2296,1129	0,0	421	99
1669,2139	0,2	1405,717	0,0	612	99
233,286	0,0	180,81	1,0	133	99
17,12	0,0	18,9	0,1	157	99
274,312	1,0	184,89	0,0	153	99
8379,7108	2,2	7389,3040	0,0	201	99
318,310	1,0	270,121	0,0	177	99
45,31	0,0	18,17	1,0	146	99
72,48	0,0	45,38	1,0	173	99
36,27	5,5	49,27	0,0	149	99
33,32	1,0	34,15	0,0	166	99
14248,17024	7,5	17209,9440	1,2	165	99
76,89	0,0	95,55	1,0	139	99
90,96	1,0	77,38	0,0	216	99
17,23	0,1	21,11	0,0	141	99
312,356	5,3	210,91	1,0	216	99
16,15	9,12	8,5	5,4	150	99
550,533	0,1	473,294	0,0	144	99
0,5	13,10	1,1	10,5	172	99
0,5	13,10	5,3	10,5	146	99
155,168	0,1	104,54	0,0	216	99
12,8	17,36	21,9	28,16	180	99
104,117	6,5	106,49	0,1	169	99
268,291	0,1	190,95	0,0	168	99
45,38	0,0	24,11	1,0	156	99
394,339	2,0	289,135	0,0	240	99
193,206	0,0	109,74	2,0	141	99
201,222	0,0	192,105	1,0	132	99
112,96	0,2	110,32	0,0	168	99
356,382	14,7	174,100	7,6	161	99
104,109	209,214	95,41	147,61	200	99
0,0	4,0	1,2	1,0	163	99
265,313	0,4	212,99	0,1	278	99
169,171	2,0	81,55	1,0	160	99
244,246	9,10	217,110	0,2	170	99
74,69	1,0	47,23	0,0	152	99
213,255	2,0	105,48	0,0	195	99
2297,2644	13,19	1870,1051	4,11	126	99
242,214	0,1	170,92	0,0	219	99
1611,1757	0,0	1577,907	0,2	176	99
57,68	0,2	34,16	0,0	165	99
57,71	4,1	47,29	0,1	205	99
11,4	0,1	8,0	0,0	163	99
223,239	1,1	146,63	0,0	185	99
777,963	1,0	697,393	0,0	172	99
441,488	0,1	429,177	0,0	162	99
26,25	0,0	9,12	1,0	190	99
2,2	1,0	3,1	0,0	141	99
4,5	902,1097	2,1	805,491	165	99
299,276	0,0	160,120	1,0	174	99
4,12	1,0	11,5	0,0	140	99
33,27	1,0	25,8	0,0	158	99
473,507	1,0	209,77	0,0	222	99
268,228	2,0	200,90	0,0	258	99
53,46	0,1	22,7	0,0	145	99
192,217	0,2	140,77	0,3	331	99
120,106	10,6	105,82	12,2	162	99
801,761	0,0	600,230	1,0	204	99
570,569	0,1	407,165	0,1	153	99
206,214	1,0	121,79	0,0	188	99
175,166	1,1	133,62	1,1	227	99
52,38	4,5	29,23	0,0	164	99
44,48	7,4	73,21	8,1	311	99
1251,1274	1,1	690,353	0,0	190	99
309,214	0,0	237,98	2,0	198	99
2,1	14,11	1,4	15,9	155	99
317,237	0,1	125,75	0,0	192	99
227,209	0,1	125,77	0,0	180	99
439,464	0,2	281,143	0,0	294	99
472,484	1,2	389,198	0,0	397	99
472,484	0,1	391,198	1,0	397	99
300,360	1,2	240,147	0,0	192	99
500,547	0,1	414,205	1,0	192	99
715,775	1,2	542,318	0,0	222	99
919,964	0,1	718,376	1,0	222	99
309,315	3,1	220,101	1,1	208	99
39,33	2,6	13,11	0,0	171	99
237,177	0,1	189,94	0,2	161	99
1049,1091	0,1	587,329	0,0	195	99
23,44	0,2	11,9	1,0	157	99
34,12	0,1	10,6	0,0	149	99
402,395	1,9	428,221	2,0	197	99
4,2	1,0	2,0	0,0	330	99
124,219	2,0	174,99	0,0	165	99
37,48	1,0	15,14	0,0	165	99
843,1049	1,2	867,475	5,1	206	99
607,541	0,0	436,209	3,2	165	99
140,144	2,0	104,47	0,0	179	99
41,29	16,25	27,21	20,7	160	99
926,1094	13,27	501,357	3,7	221	99
512,510	2,0	344,195	0,0	172	99
439,407	1,0	292,133	1,0	205	99
37,42	0,2	11,10	0,0	201	99
0,1	0,2	7,7	0,0	174	99
5,6	1,1	2,1	0,1	117	99
8,9	57,77	7,5	58,30	118	99
398,345	0,0	376,205	0,1	207	99
314,308	0,0	300,172	0,1	211	99
441,531	0,3	385,174	0,1	358	99
308,375	0,3	266,129	0,1	468	99
17,27	5,2	16,13	3,1	123	99
69,57	105,161	24,9	89,46	232	99
534,507	2,0	384,190	0,0	189	99
42,35	48,62	29,13	17,18	208	99
129,134	1,0	101,62	0,1	172	99
315,354	3,2	96,51	1,0	235	99
111,111	0,3	109,39	0,0	159	99
7,16	2,4	5,1	0,0	210	99
298,327	4,1	282,108	2,0	206	99
41,38	7,15	23,19	13,4	155	99
15,10	7,15	9,9	13,4	141	99
5,14	99,116	4,4	85,49	148	99
340,377	0,1	316,159	0,1	221	99
1093,1040	1,1	836,395	0,0	132	99
5,3	131,162	2,1	126,77	191	99
0,3	250,243	3,1	184,101	139	99
9,13	1,0	7,10	0,0	152	99
1191,1255	1,0	996,528	0,0	168	99
23,34	0,0	16,5	1,0	178	99
101,100	0,1	71,31	0,1	140	99
165,191	0,0	173,87	1,0	184	99
160,174	1,0	69,43	0,0	192	99
37,53	0,0	25,15	4,1	145	99
30,20	130,143	22,10	79,53	236	99
31,19	161,151	21,8	93,31	236	99
45,33	130,143	23,8	79,53	266	99
360,354	0,0	254,159	0,1	207	99
3,2	5,4	11,3	6,2	157	99
391,408	1,0	243,124	0,0	138	99
883,883	0,2	583,306	0,1	301	99
486,399	4,3	345,167	4,0	215	99
42,35	1,0	29,21	0,0	224	99
109,104	1,0	64,35	0,0	220	99
327,386	0,2	212,111	0,0	170	99
232,203	0,0	84,33	1,0	140	99
196,291	1,0	151,86	0,0	138	99
230,248	4,0	162,68	0,0	182	99
259,316	0,4	131,83	6,6	164	99
629,731	1,0	616,338	2,0	132	99
63,61	1,1	60,25	0,0	168	99
1279,1928	2,0	837,497	0,0	121	99
106,73	1,3	63,30	0,2	194	99
82,45	1,3	47,23	0,2	161	99
160,180	0,0	151,62	1,0	230	99
5,10	1,4	10,2	3,1	129	99
6,3	48,44	11,5	38,13	129	99
0,0	233,282	0,2	181,83	231	99
59,41	75,61	29,20	53,16	410	99
37,32	75,61	24,7	53,16	155	99
139,186	1,0	99,61	0,0	213	99
216,234	0,2	179,90	1,0	162	99
2264,2451	1,0	1430,737	0,0	344	99
64,56	1,0	36,15	0,0	138	99
3,4	141,166	1,2	76,54	272	99
62,56	0,1	78,24	0,0	162	99
0,1	452,590	0,0	346,184	145	99
0,1	452,590	0,0	346,184	171	99
118,107	2,0	63,28	0,0	210	99
7,8	0,2	0,4	0,0	245	99
513,517	5,1	311,207	2,3	284	99
396,477	5,1	305,184	2,3	177	99
94,123	30,26	51,54	15,7	195	99
1105,927	0,1	758,324	0,0	236	99
55,53	1,0	51,11	0,0	278	99
58,49	1,0	53,12	0,0	282	99
600,625	0,3	467,231	0,1	197	99
167,237	0,1	155,120	0,0	194	99
119,110	3,0	67,37	0,0	182	99
1316,1448	0,0	1064,445	2,0	198	99
3694,4117	1,0	3162,1585	0,0	1351	99
4139,4598	1,0	3515,1785	0,0	906	99
45,47	62,73	28,10	47,21	188	99
73,58	62,73	28,19	47,21	185	99
309,318	0,1	178,94	1,0	130	99
1612,1610	4,8	1044,459	1,3	184	99
2285,2353	4,8	1656,747	1,3	179	99
2330,2275	0,1	1564,787	0,0	160	99
195,224	2,0	146,55	0,2	167	99
146,148	1,0	133,73	0,0	148	99
856,836	0,1	565,266	3,0	129	99
15,8	1,1	8,4	4,0	200	99
23,21	3,0	8,6	0,0	171	99
2,2	3,0	3,1	0,0	431	99
1177,1261	1,0	914,509	0,2	156	99
50,34	16,25	31,14	9,9	114	99
451,638	0,2	328,179	0,1	283	99
1646,1899	0,4	1127,630	3,0	141	99
3254,3311	3,2	2508,1211	2,1	166	99
124,105	1,0	58,42	0,0	157	99
1046,1157	1,0	825,433	1,0	162	99
12,9	1,1	5,2	0,1	151	99
323,356	1,0	245,123	0,0	165	99
500,601	0,6	413,172	3,1	161	99
812,1014	0,0	652,340	1,0	175	99
157,269	2,0	146,88	0,0	219	99
162,216	0,4	180,91	0,1	157	99
344,321	0,0	254,145	1,3	200	99
135,128	0,1	97,46	0,0	176	99
20,34	521,551	26,6	484,289	253	99
618,646	1,2	548,246	2,0	183	99
906,1020	2,1	811,401	0,1	156	99
66,52	1,0	31,11	0,0	137	99
521,589	1,1	479,258	0,0	241	99
315,344	0,4	283,147	0,0	241	99
145,168	0,4	130,48	0,0	167	99
349,410	4,2	322,154	0,0	167	99
103,94	0,2	62,39	0,0	131	99
131,118	0,0	96,38	1,0	213	99
198,217	0,1	77,38	0,0	224	99
505,650	1,1	419,242	0,0	163	99
0,2	825,801	0,0	592,291	222	99
0,1	204,195	1,0	75,69	149	99
106,139	0,1	84,52	0,0	175	99
40,47	1,1	39,12	0,0	183	99
34,18	3,0	20,18	0,2	181	99
44,50	3,4	28,19	0,0	346	99
8,8	21,15	10,7	11,4	185	99
26,30	8,1	31,23	1,0	1177	99
18,28	8,1	25,20	1,0	1150	99
7,14	8,1	9,8	1,0	181	99
27,22	8,1	18,7	1,0	145	99
173,218	0,2	127,67	0,0	183	99
492,443	0,0	380,195	0,1	249	99
82,57	42,32	57,17	33,14	286	99
842,742	4,4	856,383	4,2	227	99
0,2	2,0	2,1	0,0	180	99
336,381	0,0	291,139	0,2	150	99
208,217	1,0	172,68	0,0	185	99
178,188	2,0	143,58	0,0	213	99
627,581	1,0	601,256	0,1	166	99
2171,2718	0,0	1319,660	0,2	231	99
163,216	2,1	120,64	0,0	147	99
36,27	135,197	17,10	136,83	233	99
1558,1757	0,2	1356,824	2,0	147	99
330,322	0,0	181,79	1,0	178	99
105,96	0,2	91,69	0,0	188	99
2396,2374	1,1	2389,1058	2,0	1154	99
2550,2546	1,1	2553,1121	2,0	1202	99
106,133	0,1	100,35	0,0	212	99
168,172	0,0	109,63	0,4	142	99
27,18	137,121	14,4	153,44	209	99
79,73	1,1	30,15	0,0	127	99
454,533	0,1	314,126	0,0	124	99
614,504	0,2	383,168	0,0	183	99
1005,1121	1,5	846,361	2,2	165	99
46,38	33,49	43,26	29,8	628	99
1310,1490	0,2	1181,641	0,0	158	99
364,569	0,0	357,205	2,0	151	99
555,418	67,77	687,409	48,13	520	99
329,340	0,0	184,100	0,1	152	99
1334,1466	0,0	1294,637	5,0	166	99
63,101	6,3	32,41	0,3	193	99
65,91	0,1	54,27	0,0	172	99
136,141	1,1	81,49	0,0	185	99
4748,5199	1,0	3355,1763	0,0	461	99
134,118	8,8	140,58	2,5	159	99
382,335	0,0	269,140	2,1	187	99
202,205	0,1	94,71	0,0	201	99
368,406	5,10	323,124	0,0	214	99
103,92	2,4	63,37	0,0	170	99
976,1136	0,0	822,415	0,1	524	99
37,38	303,454	9,8	224,141	189	99
101,61	0,0	91,51	1,0	201	99
121,109	0,1	95,51	0,0	182	99
43,38	0,0	48,18	3,0	196	99
5,3	165,132	1,1	99,50	135	99
54,56	0,0	28,14	3,0	179	99
17,13	0,1	4,8	0,0	150	99
66,96	0,0	34,25	0,2	145	99
4223,3893	1,0	3230,1790	0,0	1275	99
394,354	12,6	297,189	4,4	158	99
49,38	2,1	30,8	0,1	162	99
215,186	18,15	145,81	10,5	239	99
1728,1657	1,0	1471,738	0,0	334	99
492,494	1,0	365,197	1,0	202	99
91,118	0,1	50,31	0,0	161	99
42,49	0,1	23,14	0,0	165	99
32,52	0,1	14,12	0,0	156	99
140,145	1,4	80,65	3,2	133	99
124,176	0,1	123,59	0,0	187	99
22,15	6,1	15,6	1,0	176	99
474,467	0,0	260,162	1,0	154	99
91,89	1,2	51,25	1,0	166	99
12,9	151,197	12,14	126,93	223	99
104,136	1,0	101,43	0,0	159	99
510,516	0,0	372,197	1,0	200	99
165,175	1,0	74,33	0,0	167	99
62,38	0,0	39,17	0,1	214	99
1218,1292	0,0	968,553	1,0	143	99
1325,1515	0,0	1158,630	1,0	141	99
485,557	2,6	485,260	4,3	234	99
383,438	4,0	245,141	1,0	136	99
5,18	6,18	11,7	4,2	176	99
33,42	143,138	28,14	95,30	176	99
155,170	6,6	111,60	2,6	130	99
288,222	0,0	208,93	2,0	185	99
99,125	0,1	49,22	0,0	405	99
6,3	0,0	6,0	1,0	230	99
385,397	0,1	260,117	0,0	188	99
13,16	0,0	13,8	1,3	175	99
562,618	3,0	514,233	0,0	219	99
206,225	0,2	123,53	0,0	184	99
137,135	1,0	77,29	0,0	184	99
183,158	0,1	98,51	0,0	124	99
326,278	0,0	226,104	1,0	222	99
69,50	0,0	62,23	1,0	180	99
206,134	2,4	100,57	1,0	183	99
143,110	1,0	75,31	0,0	135	99
34,29	1,0	25,8	0,0	150	99
155,190	10,15	112,62	17,1	194	99
247,281	2,0	151,92	2,0	257	99
212,259	0,2	127,76	0,0	257	99
116,147	0,1	94,53	0,0	197	99
21,18	4,3	8,5	1,1	321	99
3,2	4,3	0,1	1,1	142	99
1,2	4,3	1,1	1,1	147	99
22,45	4,4	16,4	8,4	159	99
13,26	1,0	10,6	0,0	165	99
3,4	56,57	2,0	24,16	138	99
116,142	0,2	65,30	3,0	165	99
24,28	101,105	9,8	49,46	192	99
384,379	1,2	245,134	0,0	209	99
1461,1643	0,3	1585,1030	2,0	751	99
9,4	46,30	5,1	25,17	155	99
46,41	1,0	49,26	2,0	137	99
44,35	15,18	35,33	18,5	230	99
80,91	24,20	101,55	8,3	493	99
84,96	12,22	103,55	9,5	493	99
88,102	24,20	123,59	8,3	564	99
135,134	24,20	151,72	8,3	745	99
131,135	12,22	159,74	9,5	745	99
482,466	1,0	403,184	0,0	207	99
268,254	1,0	206,98	0,0	318	99
96,61	0,0	34,22	0,1	154	99
393,324	0,1	261,143	0,0	180	99
23832,25655	1,0	24712,13300	0,0	276	99
339,376	8,5	316,134	1,0	287	99
101,112	8,5	103,43	1,0	200	99
2,2	3,2	1,0	6,2	141	99
3,1	3,1	1,1	5,2	155	99
161,194	3,1	101,59	1,2	180	99
338,315	0,1	245,163	0,0	221	99
2326,2204	2,1	2318,1252	0,0	161	99
21,13	230,253	9,8	152,112	159	99
68,57	0,1	39,17	0,0	160	99
432,526	0,1	348,166	0,0	260	99
12,9	7,17	6,4	7,3	131	99
197,187	1,0	121,62	0,0	197	99
237,228	1,0	173,97	0,0	197	99
22,27	298,193	44,10	130,68	144	99
257,217	1,0	213,96	1,0	396	99
529,386	1,0	287,151	1,0	245	99
48,75	242,261	74,21	212,109	182	99
216,197	2,0	144,96	0,1	106	99
192,197	1,0	148,94	0,0	124	99
5,6	1,0	4,0	0,0	142	99
666,703	1,2	291,116	0,0	239	99
413,367	0,0	244,95	1,0	226	99
31,18	0,0	8,7	0,1	195	99
406,465	1,6	260,148	3,2	145	99
82,97	3,3	36,14	4,3	176	99
15902,18537	0,2	9178,4068	0,0	180	99
301,359	3,1	234,187	1,2	161	99
132,166	0,0	78,53	1,0	252	99
75,35	19,18	58,26	14,8	164	99
72,46	25,18	52,23	5,5	164	99
44,41	25,18	42,21	5,5	140	99
57,45	34,34	59,27	24,9	140	99
2,0	24,26	0,1	27,7	161	99
84,55	6,1	44,20	7,4	200	99
112,110	6,1	74,39	7,4	252	99
125,116	6,1	73,39	7,4	348	99
128,114	6,1	76,40	7,4	355	99
10,23	2,0	5,6	2,1	157	99
553,542	0,1	487,262	0,0	150	99
89,103	0,2	71,29	0,0	161	99
2,1	14,24	1,0	5,6	249	99
1559,1448	1,0	997,508	1,0	194	99
175,141	0,2	192,80	1,1	203	99
48,72	2,0	52,20	0,0	134	99
140,173	0,2	83,74	0,1	172	99
72,104	1,3	80,42	2,1	212	99
65,93	2,4	64,33	2,1	193	99
972,1230	1,4	781,423	2,1	257	99
87,85	4,1	82,30	0,0	210	99
18,32	77,87	21,14	52,34	171	99
12,15	77,87	12,5	52,34	148	99
1,1	0,0	1,0	0,1	265	99
1,0	0,0	0,0	0,1	175	99
0,1	152,137	1,0	95,57	222	99
24,87	0,0	56,24	2,0	165	99
172,163	1,0	153,77	0,0	169	99
87,88	0,3	40,17	0,0	358	99
29,29	0,0	25,5	1,0	146	99
606,587	0,0	425,245	1,0	245	99
64,97	16,13	72,19	8,3	179	99
156,158	83,107	129,53	39,33	179	99
284,289	0,1	184,85	0,0	198	99
97,120	0,1	99,42	0,0	186	99
113,127	0,1	89,50	0,0	142	99
67,81	0,1	56,37	0,0	159	99
315,370	0,0	263,163	1,0	171	99
206,250	5,2	124,57	0,1	198	99
28,13	0,1	25,9	1,0	175	99
14,10	4,1	20,3	0,1	143	99
155,214	0,2	83,62	0,0	210	99
4537,4610	1,0	2800,1441	0,0	2504	99
844,859	1,0	671,329	0,0	231	99
10892,12015	0,1	7814,4133	1,1	371	99
1994,1686	1,1	1584,840	1,1	142	99
177,202	1,0	92,49	0,0	162	99
293,293	0,0	271,128	1,0	210	99
64,54	0,5	35,23	0,0	138	99
1,3	35,49	0,0	30,13	171	99
0,1	35,49	0,0	30,13	145	99
268,289	0,1	185,86	0,0	463	99
320,358	0,1	211,99	0,0	463	99
293,338	3,3	190,119	1,2	187	99
91,133	0,0	60,36	2,0	171	99
54,84	0,1	82,35	0,0	155	99
2502,2579	2,4	2272,1136	2,2	135	99
1832,2038	1,0	1491,821	0,0	171	99
27,38	185,224	17,7	196,86	155	99
35,18	1,0	20,8	0,0	137	99
147,105	4,1	156,60	3,1	149	99
75,90	2,9	27,31	3,1	180	99
41,28	3,1	12,6	1,1	176	99
5,2	0,0	2,1	2,0	280	99
149,193	0,0	41,19	1,0	199	99
41,52	1,0	47,20	0,0	243	99
23,20	1,4	36,26	9,1	669	99
10,13	0,0	3,1	1,0	171	99
175,163	0,0	112,56	0,1	225	99
3,8	124,95	5,2	72,50	163	99
409,375	0,0	215,134	2,0	3438	99
43,64	0,1	56,29	0,0	162	99
55,60	1,3	50,13	2,2	172	99
1065,1108	0,1	812,406	0,0	150	99
11,15	207,221	17,2	196,94	199	99
255,298	0,1	148,70	0,0	199	99
15807,14789	1,0	11082,5502	1,0	558	99
262,309	2,1	169,93	0,0	179	99
54,71	0,0	26,15	1,0	133	99
480,547	0,0	300,125	1,0	153	99
103,161	0,1	112,69	0,0	141	99
410,407	2,0	312,183	0,0	141	99
561,659	8,5	431,253	8,3	223	99
358,407	3,1	291,170	0,0	164	99
12,12	23,33	7,13	22,8	176	99
142,141	1,4	98,57	2,0	255	99
223,247	1,4	164,105	2,0	237	99
127,132	1,4	89,48	2,0	231	99
109,100	9,2	43,37	3,4	139	99
2,4	9,2	3,3	3,4	127	99
27,32	1,1	6,6	1,0	170	99
78,127	0,0	55,29	4,0	170	99
272,253	4,4	268,156	0,0	129	99
773,816	1,0	574,314	0,0	152	99
299,294	1,0	241,110	0,0	168	99
118,93	2,2	73,33	2,3	173	99
85,114	0,4	124,59	0,0	181	99
0,0	40,43	1,0	34,14	201	99
1452,1335	0,0	974,519	1,0	390	99
7,5	10,8	4,2	3,2	161	99
80,89	1,0	69,46	0,0	149	99
98,136	1,7	83,51	2,13	289	99
102,85	1,0	75,32	0,0	191	99
283,266	0,0	230,98	1,0	483	99
576,728	0,1	486,281	0,0	243	99
26,20	0,3	19,9	0,0	246	99
3273,3547	0,1	2396,1112	1,0	183	99
4313,4943	0,2	3319,1636	1,2	252	99
2009,2226	0,2	1395,834	1,0	165	99
278,337	0,1	164,90	0,0	177	99
2159,2049	79,59	1995,837	31,12	117	99
277,322	1,3	285,117	3,0	117	99
115,142	0,1	70,37	0,0	105	99
393,353	0,0	278,141	0,1	156	99
23,19	1,0	5,0	0,0	165	99
26,20	1,0	11,1	0,0	174	99
53,62	1,1	50,12	2,0	235	99
82,88	1,1	82,36	2,0	246	99
12,11	9,8	8,6	8,7	144	99
54,57	0,2	41,21	0,2	233	99
1078,1157	1,3	899,502	2,1	208	99
3,12	0,1	9,1	0,0	195	99
7,20	15,32	16,4	18,12	195	99
15,11	93,70	3,4	52,21	263	99
221,216	0,1	111,80	2,0	160	99
464,650	1,0	343,187	0,0	170	99
19,36	19,18	19,5	9,4	155	99
12,15	19,18	11,6	9,4	206	99
560,688	0,0	402,204	1,0	222	99
736,863	2,2	558,261	0,2	260	99
190,169	2,1	131,104	2,2	178	99
259,253	0,0	171,98	0,4	233	99
108,102	3,3	93,50	0,3	171	99
111,130	6,7	134,68	7,4	117	99
722,814	0,0	484,283	0,2	104	99
78,51	0,1	62,41	1,0	158	99
6827,8962	0,0	5392,2929	1,2	3157	99
226,221	176,217	94,60	166,83	147	99
2997,3235	1,1	2396,1092	0,1	175	99
43,30	0,0	33,18	0,1	144	99
6,0	332,299	6,2	240,129	189	99
5,5	3,1	15,1	1,0	122	99
23,27	3,1	16,11	1,0	197	99
63,56	0,2	24,20	0,0	153	99
91,111	0,0	53,31	1,0	176	99
90,109	3,4	54,27	1,0	137	99
103,162	4,2	70,51	2,0	224	99
60,89	1,3	44,26	0,0	224	99
138,187	1,1	92,36	0,0	137	99
255,289	0,1	159,54	0,0	186	99
3174,3784	12,13	3547,1970	7,0	219	99
1316,1591	12,13	1464,919	7,0	192	99
1819,2026	0,3	1892,1110	0,0	137	99
2429,2859	0,0	2670,1598	0,1	201	99
1998,2390	0,1	2175,1438	0,0	145	99
671,859	0,1	835,527	0,0	149	99
257,203	0,0	299,128	1,0	144	99
1141,1298	5,3	831,485	2,3	173	99
505,529	0,0	332,171	1,0	405	99
927,988	1,0	571,321	0,0	855	99
8,7	34,60	22,9	15,15	180	99
8,9	34,60	6,4	15,15	137	99
17,36	1,0	19,18	0,0	165	99
200,209	0,1	129,65	1,0	197	99
679,813	1,0	659,388	0,1	234	99
205,176	1,0	127,71	1,0	160	99
78,79	1,0	57,32	1,0	316	99
10463,12014	0,0	10083,5569	0,1	217	99
78,52	0,0	47,29	0,1	222	99
111,73	0,0	51,34	0,1	525	99
209,163	0,0	94,48	0,1	1057	99
237,190	0,0	110,48	0,1	1452	99
21844,25779	3,2	21570,11486	5,1	249	99
45,52	54,55	18,19	28,23	161	99
24,21	54,55	9,6	28,23	127	99
46,33	0,0	38,27	0,1	345	99
659,773	1,0	574,325	0,0	181	99
53,43	0,2	21,9	0,0	352	99
39,28	0,2	19,7	0,0	367	99
1,2	1,0	5,1	0,0	145	99
1295,1243	1,0	936,502	0,0	365	99
2382,2360	2,2	1851,841	1,0	126	99
776,632	1,0	517,197	0,0	167	99
336,270	1,0	218,77	0,0	158	99
202,243	0,0	199,102	1,0	172	99
117,112	2,3	84,50	1,1	162	99
79,68	0,0	38,29	0,1	186	99
90,93	2,2	66,20	0,0	158	99
152,167	1,1	152,74	0,0	231	99
6278,5778	1,1	4992,2382	0,0	258	99
3823,3586	1,1	3060,1456	0,0	252	99
327,399	4,5	299,140	3,1	200	99
255,230	0,0	144,85	0,1	155	99
203,191	0,1	130,68	0,0	198	99
37,46	0,1	35,17	0,0	427	99
169,189	0,2	107,45	0,0	145	99
268,281	1,2	185,82	0,0	201	99
291,305	0,0	148,69	0,1	185	99
31,40	4,2	10,4	0,0	175	99
7,5	98,98	3,3	95,31	297	99
310,351	3,4	218,97	0,0	284	99
137,143	0,2	81,50	0,0	294	99
122,122	0,2	68,45	0,0	279	99
757,897	0,1	622,327	0,0	202	99
20,39	13,13	27,9	8,3	129	99
71,106	13,13	68,28	8,3	166	99
56,90	13,13	67,28	8,3	187	99
7,2	1,0	10,1	0,0	161	99
5,3	1,0	7,5	0,0	161	99
103,141	0,2	90,79	0,0	212	99
215,192	0,2	138,59	0,0	272	99
507,574	0,1	408,241	0,0	173	99
41,36	1,0	33,15	0,0	118	99
0,1	179,249	0,0	131,58	192	99
174,185	2,3	141,72	1,0	192	99
1493,1651	0,0	1165,561	0,2	174	99
94,101	0,0	87,41	0,1	172	99
118,110	2,1	85,48	0,0	155	99
24,28	0,1	7,5	1,1	139	99
195,180	0,0	113,61	0,1	213	99
833,875	0,1	672,332	1,1	144	99
729,828	2,1	498,278	0,0	180	99
338,373	0,1	254,141	2,0	305	99
412,409	0,1	313,200	0,0	241	99
283,263	0,0	277,138	1,0	227	99
161,156	0,0	109,56	1,0	119	99
266,357	1,0	173,68	0,2	175	99
156,145	13,10	133,50	2,3	113	99
39,35	3,7	29,11	1,1	186	99
98,93	1,0	69,43	2,0	163	99
133,127	0,0	103,59	1,0	236	99
188,203	3,2	123,94	1,0	269	99
24,32	2,0	13,4	2,0	150	99
2047,995	6,2	1138,521	0,0	416	99
1555,761	6,2	871,375	0,0	337	99
1208,608	1,1	645,263	0,0	178	99
1309,702	0,3	711,285	2,0	186	99
17,15	0,2	12,15	0,3	203	99
152,144	0,2	97,63	0,0	152	99
312,313	1,0	291,143	0,0	343	99
1,0	125,133	3,0	111,83	240	99
369,389	2,0	252,167	0,0	216	99
1,1	156,157	0,1	114,55	252	99
56,92	51,46	39,26	44,18	315	99
197,172	1,0	132,67	1,1	152	99
126,147	0,1	152,83	0,0	145	99
2254,2225	2,0	2325,1027	0,0	192	99
87,96	0,0	45,26	1,0	210	99
76,35	0,1	41,23	1,0	152	99
5572,6123	0,0	4679,2518	0,3	236	99
204,202	1,1	102,54	1,0	191	99
127,163	2,2	62,43	0,0	191	99
229,219	1,1	152,66	1,0	188	99
151,179	2,2	110,55	0,0	188	99
58,70	5,0	44,14	2,1	179	99
436,538	2,0	362,214	0,0	209	99
568,687	1,0	458,230	0,0	188	99
9,20	0,0	13,7	0,2	225	99
11,5	178,228	7,3	122,66	154	99
275,292	0,2	204,111	0,1	207	99
496,530	1,0	363,203	0,0	131	99
77,89	1,0	22,12	0,0	150	99
11,10	1164,1362	7,6	728,327	224	99
143,144	2,0	83,47	0,0	171	99
233,205	1,1	177,117	0,0	214	99
63,96	1,0	50,10	0,0	184	99
413,455	9,9	285,138	6,0	180	99
183,194	7,10	191,72	0,0	164	99
230,232	9,5	147,67	1,1	162	99
35,45	2,9	42,24	1,0	434	99
12,14	23,21	11,3	22,6	145	99
428,530	0,1	342,198	0,0	220	99
1,0	5,3	1,1	1,3	149	99
899,1045	0,0	581,346	0,1	266	99
4090,4098	1,0	3372,1796	0,0	188	99
351,319	0,0	174,104	1,0	168	99
642,678	0,0	480,254	1,1	184	99
510,444	4,7	268,168	1,2	344	99
95,135	1,0	72,47	1,1	342	99
204,252	1,0	125,99	1,1	202	99
135,208	1,0	99,45	0,0	187	99
25,34	0,0	38,19	1,0	229	99
52,58	1,1	27,16	0,0	131	99
263,245	2,2	211,142	1,1	178	99
57,24	0,0	37,12	2,0	324	99
241,286	0,0	180,87	1,0	176	99
1379,1688	0,1	1087,537	0,1	242	99
1729,1965	0,1	1381,679	0,1	239	99
3,6	14,5	2,0	3,3	161	99
1683,1594	0,1	1015,540	0,0	641	99
2269,2175	0,1	1393,728	0,0	816	99
1519,2091	1,6	885,456	0,0	153	99
241,204	0,5	179,111	1,2	155	99
182,175	1,1	97,52	2,0	142	99
277,322	0,0	193,127	2,0	146	99
305,367	0,0	312,197	2,0	139	99
241,232	2,2	197,104	11,6	152	99
78,80	0,1	65,35	1,0	190	99
19,34	155,171	37,20	132,67	227	99
5,10	155,171	11,14	132,67	161	99
71,64	0,1	32,8	0,0	162	99
77,72	10,12	55,27	9,3	193	99
179,177	4,2	170,87	4,0	158	99
121,115	4,2	110,64	4,0	151	99
83,107	1,0	59,28	0,0	133	99
8,7	1,0	16,12	1,1	249	99
257,243	0,1	179,83	0,0	137	99
72,52	4,0	52,12	0,2	154	99
8,10	91,55	3,4	53,33	168	99
45,70	0,0	41,20	1,0	106	99
8805,8511	2,1	8875,4956	2,0	395	99
7031,6658	2,1	7233,4018	2,0	1034	99
127,116	1,1	56,24	0,0	169	99
88,128	1,0	99,43	2,0	145	99
497,499	21,27	359,210	20,9	103	99
815,1015	1,4	590,332	0,0	201	99
732,752	0,0	562,259	1,0	154	99
16,22	1,0	11,3	0,0	144	99
498,727	1,3	309,174	0,1	143	99
92,162	0,2	87,47	0,0	169	99
14,13	0,0	21,8	1,0	144	99
9,10	61,57	5,5	52,27	277	99
341,411	0,0	210,129	0,1	168	99
63,48	0,0	53,20	1,0	245	99
58,30	3,1	43,21	0,0	159	99
748,801	2,3	613,283	1,0	180	99
40,45	0,0	37,19	1,0	161	99
9,15	102,90	3,0	69,37	111	99
10,22	124,175	15,5	80,39	161	99
5,6	2,0	17,6	1,0	158	99
90,62	0,2	52,32	0,0	246	99
94,73	0,2	54,35	0,0	275	99
20,16	0,2	18,7	0,0	212	99
264,208	88,79	302,172	77,20	530	99
927,1151	0,1	800,403	1,1	154	99
49,54	1,0	26,10	0,0	127	99
237,231	0,1	208,98	0,0	154	99
16,12	62,61	4,3	63,25	149	99
335,252	1,0	182,99	0,0	230	99
45,46	1,0	42,21	0,0	182	99
95,119	3,5	49,22	10,0	154	99
34,36	3,5	20,12	10,0	141	99
105,136	1,1	70,55	1,2	145	99
226,193	0,2	171,66	1,0	145	99
1435,1789	0,1	866,561	0,0	1800	99
192,206	2,0	134,116	1,0	159	99
328,272	13,19	267,133	14,2	244	99
125,125	7,3	141,87	1,1	231	99
67,86	243,303	29,37	192,90	261	99
63,72	243,303	27,32	192,90	258	99
41,32	0,0	39,13	0,1	159	99
1,0	3,5	2,0	3,3	138	99
381,365	6,7	299,163	1,0	171	99
264,272	2,6	228,163	2,0	196	99
8,2	3,2	2,0	1,0	161	99
213,219	1,0	115,45	0,0	186	99
33,21	166,157	33,10	92,51	145	99
249,279	7,2	136,101	1,2	142	99
119,153	0,3	106,74	0,0	282	99
548,600	1,1	517,303	0,0	153	99
803,816	2,1	751,455	0,0	160	99
2,0	33,34	2,0	22,9	225	99
44,51	1,1	34,21	0,0	170	99
32,17	1,1	14,13	0,0	184	99
22,30	0,1	11,10	0,0	168	99
1,0	2,0	3,2	0,0	197	99
75,97	1,0	58,41	0,0	163	99
1236,1624	0,0	1054,580	2,0	477	99
226,199	0,1	194,111	0,0	228	99
282,282	3,1	179,114	11,7	163	99
281,241	0,1	178,79	0,0	288	99
282,310	2,1	175,86	0,0	232	99
199,219	2,1	131,60	0,0	246	99
294,259	0,0	161,72	0,1	141	99
352,317	0,0	207,73	0,1	161	99
14,13	54,44	5,1	16,14	214	99
11,2	2,1	6,0	0,0	251	99
250,253	19,33	192,115	22,11	147	99
396,526	0,2	282,160	0,0	224	99
2,0	11,11	0,0	2,8	120	99
31,45	138,152	13,17	139,69	240	99
599,520	3,0	496,239	0,0	180	99
242,265	0,1	182,107	0,0	151	99
1,0	348,341	1,0	222,129	142	99
94,83	8,7	85,45	3,0	140	99
1366,1558	0,0	1431,772	2,0	1561	99
5,9	58,68	3,4	54,29	265	99
148,107	0,2	131,66	1,1	134	99
334,421	2,0	217,127	0,0	205	99
393,423	0,0	473,249	0,1	162	99
69,80	1,0	68,17	2,0	180	99
203,116	0,1	60,35	0,0	186	99
44,31	2,2	23,18	1,0	235	99
11,17	3,1	16,8	1,0	135	99
68,68	1,0	42,22	0,0	179	99
28,16	17,10	15,6	8,1	178	99
100,73	17,10	50,31	8,1	373	99
51,35	1,0	22,22	0,2	170	99
151,135	0,1	71,28	0,0	244	99
124,145	6,4	93,42	2,0	238	99
52,53	129,154	76,42	93,60	154	99
6801,10508	0,0	2986,1296	0,2	363	99
276,264	240,214	140,94	173,88	323	99
243,239	240,214	116,78	173,88	344	99
540,578	0,1	402,219	2,0	157	99
338,414	0,2	254,129	0,0	203	99
498,601	0,1	353,210	0,0	184	99
93,96	9,2	47,46	3,3	224	99
418,371	1,0	256,141	0,0	206	99
232,214	1,0	171,76	0,0	136	99
1,0	0,2	1,1	0,1	183	99
484,411	0,1	490,280	0,0	328	99
160,234	0,2	128,67	4,1	159	99
2255,2886	0,2	1742,956	0,0	150	99
604,798	0,0	503,271	0,1	147	99
13,9	0,1	9,9	3,1	288	99
109,123	0,1	138,46	3,1	194	99
208,231	0,1	237,88	3,1	213	99
8,22	2,0	8,3	2,5	123	99
1031,1255	0,1	703,334	0,0	155	99
71,100	6,10	25,18	1,0	141	99
263,318	0,4	222,131	1,0	222	99
138,104	0,1	92,32	0,0	225	99
45,39	5,0	10,2	0,0	133	99
347,373	0,2	299,133	0,0	186	99
202,266	2,0	152,75	2,1	146	99
89,107	6,5	77,26	4,3	169	99
206,259	1,1	183,84	4,3	162	99
111,141	2,13	100,42	3,1	191	99
38,41	2,1	20,10	0,0	161	99
126,137	0,1	119,66	0,0	153	99
422,599	1,0	387,204	0,0	136	99
484,532	0,1	386,193	0,0	149	99
916,1063	1,0	670,390	0,0	155	99
885,1165	2,1	737,409	1,0	183	99
34,61	10,9	36,23	3,5	319	99
53,75	10,9	42,32	3,5	246	99
17,36	10,9	23,12	3,5	198	99
954,941	0,0	518,261	0,1	176	99
87,68	9,6	47,25	3,6	215	99
1,0	173,205	1,0	118,81	110	99
130,84	0,1	126,83	5,4	140	99
144,178	1,0	83,38	1,0	171	99
196,230	2,0	97,74	0,0	202	99
152,90	2,0	98,47	0,0	212	99
0,2	68,72	0,1	74,24	116	99
44,87	2,4	38,11	0,4	380	99
264,287	1,0	203,107	0,0	187	99
91,150	2,0	129,57	0,0	135	99
342,471	2,0	362,177	0,0	137	99
98,95	0,0	50,26	1,2	152	99
384,400	0,4	338,154	0,0	163	99
2,1	226,249	0,1	206,86	265	99
39,57	1,0	22,15	0,0	150	99
63,74	1,0	55,25	0,1	153	99
33,25	2,0	15,7	0,1	198	99
389,407	13,29	359,192	8,4	136	99
110,156	0,1	72,52	0,0	156	99
59,30	3,1	43,18	1,0	754	99
14,13	3,1	9,4	1,0	137	99
72,46	3,1	50,23	1,0	460	99
3,2	40,42	4,1	28,16	159	99
62,58	1,0	62,24	0,0	223	99
58,52	1,0	56,24	0,0	215	99
178,164	0,1	129,71	0,0	136	99
347,350	2,1	315,116	0,0	214	99
1589,1618	0,5	1022,590	1,0	2443	99
389,410	0,0	314,172	0,1	169	99
64,50	17,13	54,46	12,7	197	99
26,31	1,0	22,24	0,0	149	99
55,30	112,107	18,15	71,35	242	99
354,332	112,107	242,137	71,35	924	99
98,102	14,10	82,35	9,5	192	99
119,138	112,107	95,42	71,35	192	99
117,122	9,9	85,39	3,3	192	99
97,101	0,0	78,35	0,2	192	99
585,675	0,1	576,353	0,0	187	99
659,889	1,0	380,199	0,0	152	99
199,251	0,0	157,93	0,1	207	99
579,654	0,2	385,210	0,0	245	99
1105,1214	0,0	933,500	0,1	205	99
41,56	74,126	52,20	53,31	191	99
19,24	74,126	27,5	53,31	266	99
367,534	1,0	181,74	0,0	304	99
106,114	1,0	50,29	0,0	229	99
217,265	1,0	184,70	0,0	170	99
312,272	1,0	216,95	0,0	199	99
72,72	52,52	64,39	34,16	212	99
236,266	52,52	268,179	34,16	150	99
200,160	0,0	52,44	2,0	153	99
0,3	9,5	2,0	4,0	152	99
240,249	2,0	199,97	0,0	170	99
116,118	2,0	95,52	0,0	377	99
34,34	23,24	40,11	19,6	227	99
306,373	2,2	285,128	0,0	212	99
88,96	2,1	83,33	1,1	165	99
561,620	9,11	444,238	17,6	217	99
830,851	0,0	739,453	1,0	195	99
796,852	18,31	472,246	10,6	157	99
522,540	12,11	370,195	2,8	141	99
1699,1808	1,2	1466,818	0,0	186	99
744,933	1,0	559,299	0,0	179	99
9,10	21,11	5,0	15,11	167	99
52,63	15,9	72,58	16,8	145	99
18,35	15,9	51,32	16,8	172	99
86,97	2,1	69,46	0,0	191	99
20,16	0,1	50,33	0,0	186	99
264,329	0,1	244,92	0,0	258	99
72,69	0,0	43,23	1,0	139	99
272,291	0,0	192,107	1,0	207	99
119,116	0,1	83,50	0,0	216	99
67,69	0,1	44,30	0,0	210	99
47,54	0,0	34,29	1,1	194	99
113,101	0,0	50,29	1,0	192	99
646,573	2,0	453,212	0,0	169	99
267,334	0,0	230,132	1,0	177	99
4,3	67,70	0,0	46,32	256	99
2,0	67,70	0,0	46,32	155	99
512,569	0,0	484,232	2,0	191	99
230,186	0,1	174,75	0,0	160	99
80,99	0,2	60,35	0,0	135	99
25,19	0,2	15,5	0,0	204	99
21,18	1,0	9,2	0,0	192	99
148,123	1,0	82,57	0,0	184	99
73,78	0,0	73,46	1,0	895	99
323,370	2,0	295,131	0,0	188	99
153,115	0,1	113,57	0,0	168	99
35,27	128,109	19,10	127,55	145	99
25,27	0,0	11,8	2,0	127	99
1637,1704	1,0	1040,541	0,0	146	99
458,452	0,0	313,142	0,1	151	99
491,571	1,1	391,196	0,0	224	99
316,335	28,34	251,114	25,12	160	99
26,28	44,46	7,4	32,17	173	99
7,12	44,46	2,2	32,17	141	99
3,4	30,23	6,4	33,12	174	99
94,90	0,0	60,27	0,1	151	99
58,50	0,2	47,21	0,0	166	99
5,9	2,0	9,5	0,0	137	99
121,193	13,3	108,45	3,0	385	99
139,231	13,3	124,56	3,0	374	99
42,24	733,692	21,2	685,332	259	99
4,11	30,14	2,0	16,0	177	99
547,590	0,1	448,256	0,0	230	99
570,618	1,0	458,198	0,0	166	99
213,251	0,0	134,73	1,2	173	99
668,922	0,0	562,325	1,0	805	99
222,252	0,2	180,97	0,0	362	99
14,12	44,55	6,6	19,16	169	99
85,97	1,1	45,25	1,0	429	99
367,398	1,1	349,128	1,0	153	99
324,395	0,4	238,145	0,0	195	99
13,19	0,0	14,4	1,0	201	99
10,18	0,0	15,4	1,0	194	99
2036,2341	0,0	1782,910	1,0	147	99
942,1237	2,2	829,378	2,0	168	99
956,1100	0,0	857,425	3,0	168	99
3,2	2,0	2,0	1,0	147	99
546,621	0,0	424,222	1,0	147	99
908,1138	0,0	815,415	3,0	165	99
2319,2879	0,0	2164,979	1,0	165	99
121,145	3,3	103,31	5,3	148	99
157,181	0,0	91,38	0,1	137	99
404,493	0,1	338,181	0,0	163	99
13,13	23,16	15,15	31,17	153	99
3900,3786	0,1	2436,1391	0,0	549	99
4823,4426	3,5	2864,1506	5,1	561	99
22,33	12,8	20,9	6,2	152	99
768,991	0,4	424,222	0,0	172	99
3094,3345	1,0	4141,2528	0,0	146	99
2498,2573	3,5	3197,1804	0,0	199	99
5589,5473	21,20	7067,3463	20,12	230	99
14,9	11,10	2,3	9,2	205	99
61,57	0,0	44,31	1,0	181	99
185,207	0,0	159,85	2,0	207	99
811,847	0,2	884,490	1,0	180	99
241,280	2,0	233,105	0,0	127	99
827,590	0,0	378,108	0,1	187	99
398,313	4,3	346,183	3,2	377	99
20,23	8,12	42,28	3,3	388	99
203,252	493,604	249,140	559,315	237	99
3390,3631	0,0	3621,2270	0,1	174	99
362,370	2,0	262,119	0,1	258	99
16636,17370	0,0	17092,8488	0,1	219	99
12,17	0,2	9,7	1,0	168	99
18,24	0,2	13,3	1,0	165	99
7,10	0,2	5,3	1,0	149	99
95,102	0,0	93,65	2,2	147	99
45,45	0,0	53,22	2,2	318	99
3,25	649,672	19,12	457,203	411	99
65,58	5,13	44,18	3,2	114	99
325,345	5,13	246,131	3,2	388	99
385,406	5,13	269,145	3,2	409	99
71,92	0,1	43,23	0,0	118	99
450,539	2,4	438,253	0,1	156	99
813,896	0,0	867,398	1,0	234	99
14,5	0,0	12,1	1,0	155	99
303,378	0,2	306,148	0,0	159	99
330,317	0,1	186,124	0,0	148	99
0,2	0,0	6,0	0,1	149	99
2,1	0,0	19,4	0,1	318	99
274,299	1,1	180,121	0,1	166	99
13,2	69,62	7,5	29,14	649	99
826,872	5,4	620,258	0,0	328	99
455,530	0,3	388,235	0,0	182	99
2,4	38,28	2,0	24,12	356	99
170,236	4,6	127,65	11,1	407	99
8,1	2,6	3,3	1,0	172	99
18849,16241	1,0	13447,6111	0,0	413	99
175,218	0,1	103,70	0,0	198	99
184,187	0,0	118,57	2,0	156	99
485,621	191,243	379,197	200,106	171	99
52,47	6,8	27,14	0,0	153	99
34,33	6,8	21,15	0,0	174	99
1782,1427	2,0	1314,623	0,0	174	99
891,913	0,0	555,304	0,1	254	99
69,55	1,1	28,17	0,0	215	99
332,336	2,2	225,117	2,0	202	99
233,189	1,9	72,25	2,0	195	99
5,2	14,3	17,1	0,2	165	99
4,1	1,0	19,1	0,0	165	99
1426,1847	0,1	1115,612	1,0	170	99
812,829	0,0	453,277	1,0	164	99
73,77	0,0	51,40	2,0	275	99
341,456	1,4	279,147	1,0	317	99
52,56	2,0	15,23	0,0	438	99
54,61	2,0	18,23	0,0	445	99
25,37	2,0	9,18	0,0	373	99
32,31	45,72	19,20	36,30	287	99
213,229	0,1	199,101	1,0	153	99
132,107	1,2	115,57	1,1	159	99
30,42	3,0	34,22	0,0	159	99
8064,8862	3,0	6664,3931	0,0	1031	99
7830,8544	2,4	6331,3662	0,0	721	99
7695,8452	3,0	6232,3616	0,0	721	99
289,257	0,1	194,127	0,0	156	99
27,35	1,0	19,10	1,0	181	99
425,519	0,1	296,168	0,0	165	99
10,10	368,555	10,0	307,120	187	99
407,446	3,4	265,135	0,0	194	99
413,502	1,0	198,107	0,0	192	99
116,92	1,0	43,21	0,0	167	99
608,623	0,0	410,178	1,0	243	99
1155,1242	0,0	770,363	1,0	261	99
90,106	1,0	75,43	0,0	219	99
1608,1810	0,2	1426,559	0,0	152	99
168,162	1,1	141,88	2,0	196	99
23,12	5,2	7,5	2,0	261	99
109,48	0,0	35,16	0,1	190	99
102,55	1,0	35,18	0,0	189	99
1053,1035	4,6	764,412	8,2	179	99
403,391	0,1	221,147	0,0	183	99
158,116	0,0	72,46	1,0	192	99
169,148	7,5	114,44	2,4	164	99
165,157	3,12	95,61	1,2	226	99
6,6	2,0	7,3	1,2	173	99
24,42	2,0	23,6	1,2	291	99
151,128	3,2	78,32	2,0	244	99
0,0	1,0	1,0	0,0	205	99
49,73	42,32	24,20	32,20	160	99
26,46	42,32	16,8	32,20	204	99
1455,1792	0,1	1165,598	0,0	165	99
152,142	2,1	156,69	0,0	336	99
637,701	2,1	544,245	1,1	173	99
14,21	0,0	19,7	1,0	177	99
35,32	0,0	29,6	1,0	160	99
7,3	2,0	3,3	0,0	158	99
494,655	567,790	586,255	317,177	210	99
212,214	2,2	127,90	0,0	208	99
166,141	1,0	66,40	0,0	165	99
297,334	6,7	277,187	1,2	1534	99
297,336	6,7	277,186	1,2	1515	99
31,31	17,44	10,17	19,12	245	99
116,94	0,0	83,45	2,0	243	99
0,0	103,142	0,2	64,41	116	99
214,240	4,7	124,82	13,11	175	99
50,70	4,3	34,23	0,0	210	99
29,47	0,0	24,14	1,0	210	99
2,3	0,0	0,0	1,0	158	99
21,21	0,0	8,5	1,0	158	99
488,646	2,0	388,211	0,0	235	99
335,237	1,0	155,81	0,0	168	99
11,14	17,14	10,8	14,7	212	99
115,130	0,1	98,86	0,0	178	99
122,106	1,2	55,39	3,2	137	99
371,384	16,32	263,150	5,1	162	99
40,57	1,0	29,9	1,0	251	99
1,2	16,20	3,0	15,5	322	99
91,89	0,1	58,18	0,0	136	99
1,2	47,42	2,1	24,21	154	99
54,103	1,0	54,28	1,0	181	99
415,355	1,0	246,141	0,0	167	99
79,69	5,8	66,18	5,2	172	99
13,30	2,0	18,11	1,0	129	99
34,60	33,27	29,29	43,22	182	99
23,37	33,27	32,11	43,22	143	99
87,106	3,0	147,75	0,0	145	99
71,62	3,0	74,34	0,0	156	99
359,283	0,1	264,100	0,0	187	99
80,120	1,0	83,47	0,0	156	99
125,132	5,3	82,36	8,3	174	99
315,322	5,3	208,81	8,3	181	99
137,211	0,1	172,89	0,0	135	99
15,30	24,30	13,5	18,4	166	99
2321,3067	0,1	2172,1202	4,1	148	99
2510,3193	0,1	1955,1210	0,0	157	99
