IJC_SAMPLE_1	SJC_SAMPLE_1	IJC_SAMPLE_2	SJC_SAMPLE_2	IncFormLen	SkipFormLen
25,25	186,162	13,20,18,43	163,178,181,204	218	252
8,7	186,162	7,12,7,15	163,178,181,204	215	252
10,11	205,158	8,6,7,7	183,179,209,265	222	247
10,11	1,0	8,6,7,7	0,0,0,0	222	286
0,0	39,27	1,0,0,0	18,22,33,32	283	298
17,25	2,3	10,9,22,12	1,5,3,4	262	219
2,3	35,25	3,0,6,0	15,21,33,32	262	298
2,3	39,27	3,0,6,0	18,22,33,32	262	298
18,11	65,77	22,15,16,12	93,68,66,88	230	230
18,25	114,77	37,23,33,49	125,139,156,161	187	277
239,261	239,213	283,306,345,405	227,244,236,374	244	298
210,167	136,157	148,98,102,155	106,67,64,111	254	298
351,338	56,49	440,431,419,536	71,58,56,35	216	167
564,566	117,120	669,624,656,816	143,147,95,82	224	298
567,564	157,211	669,626,656,817	248,278,177,206	224	216
82,103	262,291	106,97,78,111	236,329,271,314	185	224
10,9	26,20	2,5,4,13	17,22,25,34	198	266
3,3	29,17	3,2,7,6	25,36,24,35	266	259
120,158	70,78	178,198,186,201	74,68,94,95	199	183
15,24	35,33	18,13,11,18	28,27,27,31	230	230
13,9	28,26	20,13,2,16	32,20,32,33	230	230
0,0	3011,3265	0,0,0,1	3186,3099,2596,3161	298	251
30,35	22,30	107,76,89,121	77,94,83,96	226	201
41,52	64,70	49,66,73,71	91,86,80,76	225	244
12,12	12,7	14,17,9,11	6,4,6,3	251	260
138,113	184,218	184,167,163,139	272,289,219,259	198	225
224,288	50,61	259,258,284,449	59,73,79,91	298	175
571,574	268,340	574,601,530,585	314,308,281,264	182	196
15,19	22,19	32,33,33,42	27,33,22,46	197	218
20,19	20,12	15,19,33,27	16,14,21,26	169	202
98,96	52,47	92,79,100,124	37,51,77,76	247	225
27,39	74,81	32,31,25,36	79,104,72,101	220	290
56,58	138,137	28,43,41,34	129,126,105,118	218	263
55,76	34,31	43,48,36,34	24,30,14,25	208	218
2039,2309	2294,2509	2250,2181,2030,2461	2702,2647,2270,2578	298	250
247,222	127,130	151,198,173,141	109,114,81,143	257	241
19,15	16,19	48,44,39,48	51,60,39,45	298	298
153,143	0,1	211,258,186,252	1,1,2,0	232	158
26,30	11,8	3,13,28,26	1,0,0,0	223	185
29,19	40,58	22,33,20,35	48,42,24,47	238	298
44,41	56,57	32,27,44,55	54,63,55,73	273	298
5,3	22,26	5,0,4,6	19,27,16,14	193	266
425,411	173,145	381,386,429,567	152,174,138,198	230	193
120,140	228,193	89,107,90,120	193,178,173,201	198	243
4,8	10,7	3,7,2,1	5,2,2,5	185	202
200,214	103,116	196,175,192,236	107,89,81,114	229	209
1,0	190,154	3,2,2,5	145,143,187,226	175	268
1,0	52,35	3,2,2,5	31,29,86,73	175	173
20,35	0,1	25,12,34,33	0,0,0,0	209	209
21,35	58,57	26,12,34,30	55,59,51,84	209	209
34,36	51,45	28,21,33,54	39,29,67,81	186	235
950,1006	1148,1185	898,935,756,1036	1276,1231,889,1147	298	298
146,112	891,959	86,110,117,172	795,767,760,926	192	275
7,7	8,7	10,14,3,12	6,6,6,4	194	201
5,8	8,7	11,18,4,13	6,6,6,4	298	201
10,5	22,30	11,19,15,37	37,37,47,69	177	232
607,606	1002,1188	629,614,475,581	1172,1147,904,1169	232	272
336,337	13,19	302,283,288,453	13,4,7,13	298	298
5,3	5,3	2,5,4,1	3,8,8,2	242	242
115,138	184,171	110,130,138,186	155,155,212,267	221	221
31,26	16,17	24,20,22,16	19,9,13,24	231	191
11,10	35,52	4,6,4,11	28,31,61,63	217	238
488,563	79,89	630,647,595,853	91,87,101,109	267	166
99,117	211,225	47,75,91,127	115,125,159,166	209	215
32,46	21,17	27,23,34,33	28,18,22,50	273	247
10,4	108,90	10,10,9,8	56,72,72,137	183	278
146,96	108,90	106,93,108,165	55,75,72,139	183	278
129,166	165,161	156,170,222,321	193,171,200,309	220	206
13,5	122,104	8,16,14,25	97,98,102,173	251	212
3,8	127,117	23,18,22,34	89,107,108,122	183	212
40,50	78,79	56,40,52,45	56,58,65,78	252	247
0,2	4,13	1,0,2,0	8,7,19,8	298	298
61,43	37,36	50,52,57,67	35,47,58,64	298	298
43,51	24,26	25,43,32,34	25,24,24,41	212	209
51,60	35,43	35,30,40,53	36,21,28,42	298	298
0,1	1,2	2,0,5,2	0,3,2,3	209	209
52,58	176,152	79,72,83,118	161,150,183,209	209	242
53,68	31,46	66,97,119,115	64,48,42,91	298	298
8,16	17,11	13,10,13,29	18,21,22,33	209	196
21,21	13,16	13,20,21,33	11,8,11,12	298	157
22,15	13,16	33,13,33,34	11,8,11,12	298	157
23,32	13,16	27,28,33,45	11,8,11,12	298	157
99,107	102,119	89,102,87,136	101,114,98,121	214	222
4,0	11,11	0,2,0,0	6,16,7,16	216	222
1454,1510	2038,2070	1562,1501,1459,1964	2380,2244,2125,2467	298	298
67,60	223,211	53,42,53,61	173,220,208,229	178	239
0,0	44,39	0,0,1,0	57,66,50,84	212	259
88,96	94,85	52,66,84,113	82,75,133,194	217	291
27,23	41,69	23,15,23,25	47,39,46,68	243	298
201,213	88,103	198,201,239,239	120,105,111,128	281	198
19,11	131,128	20,24,12,25	148,115,136,173	179	212
108,154	233,239	127,121,83,113	202,219,176,183	252	298
108,154	235,235	127,121,83,113	202,219,176,183	252	298
68,89	213,232	73,93,88,145	172,181,181,241	192	220
33,18	52,61	25,19,39,52	49,31,99,67	188	284
11,7	27,15	10,7,5,15	4,7,5,11	185	233
50,52	12,15	54,53,56,73	15,21,27,15	230	187
1696,1777	2137,2232	2569,2500,2888,3892	3117,3043,3303,4282	298	298
35,22	29,34	20,36,30,43	31,18,37,29	230	188
136,133	270,261	109,109,118,172	240,273,280,349	177	236
50,62	76,77	52,53,49,64	88,109,118,151	190	214
8,6	6,2	12,12,4,13	5,5,4,6	298	298
78,93	343,358	76,79,73,103	376,360,337,494	228	298
33,28	237,259	22,21,29,32	250,304,256,235	194	206
98,104	65,49	84,90,69,162	70,51,63,60	202	178
15,10	11,14	6,6,16,28	17,32,28,32	274	263
132,124	64,71	149,134,97,137	80,85,85,105	206	196
0,0	2,1	2,0,0,3	0,2,10,0	298	298
584,644	308,291	578,512,509,574	300,266,257,334	181	183
385,398	136,168	440,426,456,543	155,185,227,266	239	216
0,1	39,61	6,6,8,15	53,65,57,71	195	288
30,44	24,46	67,54,50,49	21,13,10,24	189	196
3,0	11,12	4,3,0,0	14,17,23,14	220	228
4600,4817	921,892	4800,4466,3151,3839	1206,1138,597,679	255	298
23,16	81,93	4,12,9,11	101,80,94,126	292	242
96,78	98,74	62,66,53,76	105,99,102,98	266	244
1,0	98,74	2,6,0,4	105,99,102,98	260	244
31,19	68,71	33,14,20,40	85,75,62,95	194	248
144,173	266,225	171,128,119,174	201,236,199,216	201	264
7,10	14,16	25,12,19,9	17,20,26,29	202	212
49,70	248,247	56,51,61,58	225,200,175,200	206	284
59,71	16,11	34,34,39,62	9,15,5,11	263	298
0,1	18,14	0,0,0,0	12,14,20,11	208	260
