ID	IJC_SAMPLE_1	SJC_SAMPLE_1	IJC_SAMPLE_2	SJC_SAMPLE_2	IncFormLen	SkipFormLen	PValue
0	39,40	40,65	22,11	41,20	182	99	1
1	32,28	0,2	34,10	0,0	198	99	1
2	11,14	145,154	8,3	105,59	128	99	1
3	499,458	40,46	418,191	16,10	108	99	1
4	717,739	20,43	512,299	31,12	105	99	1
6	233,239	0,6	150,68	0,0	105	99	1
7	88,90	0,0	48,29	0,1	102	99	1
8	201,218	0,0	127,64	2,0	109	99	1
10	1005,1309	2,1	704,348	2,0	103	99	1
11	59,44	7,14	27,14	2,0	132	99	0.0741033057456
12	97,107	0,2	51,28	0,0	150	99	1
13	35,22	214,262	15,12	166,78	110	99	1
14	11,1	339,424	9,4	187,117	198	99	1
15	473,453	3,1	382,189	3,1	104	99	1
17	781,884	4,12	709,374	5,2	106	99	1
18	21,12	99,72	6,2	50,26	102	99	1
19	109,69	12,9	38,12	5,10	107	99	0.653122550187
21	344,340	10,10	218,120	10,0	117	99	1
22	214,257	2,4	137,97	3,1	102	99	1
23	6,6	8,1	2,2	0,0	111	99	0.0344886876656
25	3140,3659	424,556	3490,1808	835,431	105	99	1
26	24,6	17,26	8,2	7,4	108	99	1
27	18,24	70,70	15,8	62,30	111	99	1
28	24,12	127,143	26,25	76,46	120	99	0.135529090796
29	37,39	26,25	37,39	34,23	198	99	1
30	38,43	154,167	37,41	84,52	198	99	0.734716741971
31	27,29	154,167	34,25	84,52	111	99	0.253935413202
33	9,9	181,186	2,4	130,65	198	99	1
34	52,34	38,60	20,11	32,15	106	99	1
36	154,214	11,8	114,71	7,4	102	99	1
37	14,13	75,79	25,6	106,47	136	99	1
38	174,200	4,5	126,71	2,2	102	99	1
39	32,35	26,25	18,2	10,9	119	99	0.770590977214
43	78,92	336,366	74,37	236,159	186	99	1
44	206,229	13,14	86,43	15,3	130	99	1
45	5,4	16,11	3,0	13,9	109	99	0.500984696483
46	13,10	26,38	9,4	17,10	114	99	1
47	3,1	45,45	0,0	29,18	116	99	1
48	16,16	36,23	10,5	25,13	117	99	1
49	129,168	7,7	84,70	6,7	198	99	1
50	52,48	7,7	24,20	6,7	198	99	0.560109949168
51	20,12	78,120	10,3	60,50	140	99	1
52	100,79	0,0	59,29	5,0	102	99	1
54	233,170	1,0	198,79	0,0	198	99	1
55	33,51	34,48	54,15	33,19	102	99	1
56	25,26	2,3	12,7	0,0	198	99	0.569976338459
57	24,21	4,0	7,7	4,0	193	99	0.911133740256
58	28,14	1,0	19,13	1,0	177	99	1
59	10,2	23,25	11,3	5,6	102	99	0.092024384471
62	59,54	15,32	35,16	26,16	102	99	0.381948307394
63	1757,1519	0,0	1361,636	3,2	104	99	1
64	10,19	2,9	8,4	5,1	198	99	1
65	37,55	41,43	26,10	38,14	198	99	1
69	147,190	3,6	90,80	1,2	114	99	1
71	280,288	53,53	188,119	24,14	102	99	1
72	60,68	4,5	21,13	1,1	160	99	1
75	2,8	11,7	3,3	4,1	108	99	0.513980163277
76	7,2	5,4	0,1	3,1	108	99	0.00664921552932
77	20,31	2,3	25,5	1,0	102	99	1
78	17,19	3,1	11,4	1,0	161	99	1
80	20,46	10,19	58,26	25,12	184	99	1
81	127,163	1,0	108,54	0,1	198	99	1
82	119,80	22,27	116,50	16,18	120	99	1
84	267,266	5,4	246,121	29,8	198	99	0.227693919612
85	15,14	73,73	15,5	34,15	102	99	0.790254436407
86	6,2	142,177	8,5	94,49	115	99	1
87	408,414	124,143	265,144	67,46	102	99	1
88	459,421	106,139	309,136	76,40	102	99	1
90	256,248	40,55	157,93	33,26	114	99	1
91	68,49	0,1	31,17	0,0	114	99	1
92	2,0	111,146	7,4	93,62	198	99	1
93	1,3	3,2	6,3	10,0	132	99	0.442771750309
94	26,23	331,416	17,15	241,160	108	99	1
95	2,12	62,82	3,11	68,37	117	99	1
96	1734,1769	6,0	1417,642	0,0	103	99	1
97	257,252	742,1009	116,74	538,310	182	99	1
99	135,196	23,31	85,58	16,10	180	99	1
100	9,10	80,116	4,0	106,30	113	99	1
102	91,94	117,157	113,70	97,45	106	99	0.157215528465
103	331,352	0,4	278,108	1,2	198	99	1
104	0,2	318,389	3,1	276,135	132	99	1
105	735,746	32,22	558,272	14,10	111	99	1
107	213,190	5,7	99,67	1,1	122	99	1
108	100,124	4301,4536	102,34	4114,2133	108	99	1
109	5947,6887	1,0	5417,2963	0,0	198	99	1
110	19,12	6,5	14,5	3,0	114	99	0.333379620741
111	0,1	19,15	0,0	13,6	115	99	1
112	127,155	1,4	135,66	0,1	198	99	1
113	11,3	12,22	0,0	7,5	102	99	0.0575526583603
114	32,21	0,1	15,6	1,2	134	99	1
116	30,20	9,12	20,7	16,1	108	99	1
117	77,64	0,1	48,33	2,0	134	99	1
118	127,127	0,4	63,33	0,0	198	99	1
121	211,178	5,1	121,88	1,1	172	99	1
122	5,3	65,42	4,0	28,25	120	99	1
123	6,5	377,404	0,3	401,205	135	99	1
124	64969,75447	652,616	67094,35634	674,308	120	99	1
125	97,66	2,3	20,23	6,0	156	99	1
127	6,10	26,31	3,4	20,10	198	99	1
128	53,52	26,31	48,30	20,10	198	99	1
130	64,67	30,33	73,35	50,22	198	99	1
131	61,53	42,61	36,39	57,34	198	99	1
132	27,29	2,1	28,14	4,1	116	99	1
133	17,32	769,792	15,10	608,316	198	99	1
135	249,354	9,24	189,111	13,14	198	99	1
136	97,60	728,644	63,16	624,281	118	99	1
137	86,105	58,69	40,22	33,21	104	99	1
138	6,9	224,230	1,3	219,149	198	99	1
140	3,2	9,3	1,0	3,2	102	99	0.244316440183
141	1292,1566	1,1	1167,631	0,0	127	99	1
142	5,0	0,0	3,0	1,0	104	99	1
143	1,0	30,40	0,1	19,9	111	99	1
144	38,48	192,249	34,24	173,112	198	99	1
146	51,70	8,7	65,17	1,5	102	99	1
147	4,7	268,230	3,1	158,50	147	99	1
148	403,507	105,137	341,196	66,65	159	99	1
149	4909,6328	5,7	5347,2366	8,1	168	99	1
150	225,235	15,17	84,48	15,5	121	99	1
151	17,23	2,2	17,3	6,2	108	99	0.283130434586
152	15,11	17,16	10,3	19,2	107	99	1
154	17,22	1,0	14,7	0,0	198	99	1
156	10,9	1,5	9,5	1,0	111	99	0.281982819634
157	208,231	70,73	238,105	53,41	198	99	1
158	19,21	118,117	8,3	97,61	129	99	1
159	39,36	0,0	18,6	1,0	108	99	1
160	6,1	73,81	5,1	50,22	198	99	1
161	0,6	71,100	0,0	38,34	159	99	1
162	104,92	0,1	39,18	0,0	108	99	1
163	39,66	32,32	24,19	14,10	114	99	1
164	81,75	0,0	70,35	1,1	112	99	1
165	10,21	118,185	10,8	104,59	111	99	1
166	86,125	7,10	50,29	8,3	160	99	1
167	304,334	13,22	312,177	18,8	138	99	1
168	32,44	63,82	35,5	75,40	116	99	0.886205558875
170	50,61	311,306	30,19	182,134	102	99	1
171	5,12	119,113	2,2	73,43	198	99	1
172	33,80	1,0	48,38	0,4	106	99	1
173	538,728	49,52	364,241	53,33	198	99	1
174	136,145	12,8	90,34	8,4	102	99	1
175	13,14	122,222	13,3	122,87	140	99	1
177	149,138	4,4	128,66	6,7	102	99	1
178	120,139	0,1	98,45	0,0	111	99	1
179	233,247	12,5	168,96	2,4	198	99	1
180	20,13	2,1	6,1	2,2	121	99	0.221822589746
181	1436,1158	37,15	1013,402	8,6	102	99	1
184	349,396	73,82	251,139	64,25	114	99	1
185	264,291	0,1	212,113	0,0	106	99	1
186	13,19	80,88	7,8	46,16	159	99	1
187	383,506	0,0	460,228	1,0	102	99	1
189	41,55	1,0	37,14	0,0	102	99	1
190	7,4	0,6	7,4	2,0	105	99	0.472314838022
191	6,3	1,2	10,5	6,2	128	99	0.590321955183
192	299,241	2,1	209,109	5,2	105	99	1
193	10,3	153,131	10,6	104,52	126	99	1
194	53,82	78,86	41,25	84,44	109	99	0.892936497783
195	18,23	153,181	8,7	112,77	132	99	1
196	598,561	25,28	493,235	32,20	111	99	1
198	95,92	48,40	76,27	16,16	113	99	1
199	14,17	122,117	9,3	109,44	118	99	1
200	87,109	444,441	54,44	327,166	198	99	1
202	107,118	47,57	96,62	24,9	152	99	0.132579383103
204	49,47	0,0	20,15	8,0	106	99	0.723988243656
205	77,65	0,0	52,27	8,0	112	99	1
206	30,23	2,5	35,13	3,1	105	99	1
207	4,2	476,441	5,2	323,184	198	99	1
208	12,10	31,12	8,0	17,1	113	99	0.963383518341
209	4,13	66,62	3,0	37,14	102	99	1
212	12,26	595,625	10,1	376,189	102	99	1
213	18,14	11,7	5,7	7,8	120	99	0.333432189209
214	92,69	80,90	18,15	84,36	102	99	0.00423063870304
215	299,303	6,10	209,83	5,1	110	99	1
216	116,139	947,1057	167,104	615,347	102	99	0.765555668245
217	24,21	1320,1320	21,12	1007,528	123	99	1
218	71,66	6,4	44,36	2,3	111	99	1
220	26,19	9,12	22,11	10,3	102	99	1
221	19,13	487,472	6,6	401,183	198	99	1
222	25,23	92,87	61,17	151,46	102	99	1
223	209,191	146,171	128,66	146,84	102	99	0.948967057894
225	10,17	383,430	16,9	300,153	102	99	1
226	8,11	533,512	9,8	324,170	130	99	1
227	6,5	35,30	3,1	28,9	102	99	1
228	21,38	135,151	17,10	85,54	153	99	1
229	59,95	135,151	52,26	85,54	174	99	1
230	40,60	2,3	38,16	2,0	120	99	1
231	79,80	32,31	58,21	18,7	102	99	1
232	69,65	112,140	34,13	113,62	108	99	0.376788251154
235	9,11	1,0	7,6	0,0	126	99	1
236	101,121	45,44	73,44	52,28	102	99	0.673470262818
237	49,35	2,4	11,18	1,0	198	99	1
238	12,21	7,3	15,4	7,3	127	99	0.877834849454
239	26,41	7,3	22,7	7,3	160	99	0.571274808467
240	17,25	3,5	7,5	0,2	132	99	0.403008512063
241	2,1	177,192	1,2	128,54	103	99	1
242	2,2	60,64	0,2	34,10	102	99	1
244	755,781	2,0	631,289	1,0	106	99	1
245	12563,13602	258,277	10330,5514	283,124	105	99	1
246	1142,1028	258,277	896,435	283,124	198	99	1
247	162,151	11581,12722	158,57	9587,5135	198	99	1
248	5,15	94,74	2,1	71,33	153	99	1
249	3,2	16,21	5,6	4,3	112	99	0.0017634831715
250	103,110	9,6	57,32	9,1	132	99	1
251	3,1	0,2	3,7	0,0	144	99	1
253	75,106	90,77	59,26	35,24	102	99	1
254	13,16	0,4	27,9	7,1	117	99	0.922179659034
255	50,90	0,4	62,27	7,1	139	99	1
256	42,78	5,4	39,18	4,0	121	99	1
258	357,452	25,19	270,172	17,4	198	99	1
259	18,25	110,151	23,16	76,42	139	99	1
260	11,21	478,493	28,22	1111,525	198	99	1
261	206,215	1,1	143,87	0,0	198	99	1
262	75,68	111,103	41,26	89,43	198	99	1
263	0,0	3,3	0,1	1,0	110	99	1
264	193,194	11,17	134,91	5,8	102	99	1
265	42,48	15,12	35,13	6,7	115	99	1
266	216,237	167,169	172,77	83,46	102	99	1
267	433,380	23,14	268,148	14,8	111	99	1
268	275,288	34,18	175,92	8,5	136	99	1
269	108,113	34,18	79,47	8,5	148	99	0.567618971898
270	22,36	189,211	17,9	113,54	111	99	1
271	4,2	83,76	4,0	55,32	105	99	1
272	114,148	4,5	101,38	3,2	198	99	1
273	6,9	1,1	2,0	0,0	111	99	1
275	6,14	0,3	1,4	1,0	198	99	1
276	1,1	3,5	2,3	2,0	102	99	0.00935140966901
278	383,442	0,1	335,178	1,0	198	99	1
279	13,12	42,44	27,5	32,6	111	99	0.0805418007341
280	92,120	42,44	119,54	32,6	130	99	0.450404290681
282	11,7	17,9	8,3	6,8	108	99	1
283	241,270	15,18	469,252	28,22	102	99	1
284	203,303	158,200	376,222	233,158	102	99	1
285	95,116	34,18	58,28	16,6	115	99	1
286	19,19	134,112	6,2	70,32	110	99	1
287	37,39	3,3	10,6	0,3	110	99	1
288	1690,1716	0,0	1243,558	0,1	198	99	1
290	24,22	3,0	18,7	4,2	159	99	0.363624998956
291	37,39	170,185	21,13	133,71	113	99	1
292	13,23	64,83	19,10	52,23	102	99	1
293	2,1	48,62	1,1	37,22	104	99	1
294	110,95	22,22	69,61	11,7	118	99	1
295	39,46	19,9	28,21	17,10	112	99	0.820473153055
296	111,114	280,197	80,59	144,67	198	99	1
297	97,85	280,197	72,50	144,67	198	99	1
298	5,6	120,132	9,3	196,124	198	99	1
299	221,176	5,6	87,41	1,0	108	99	1
300	28,15	11,4	27,4	6,0	102	99	0.688584239047
301	5,0	2,2	2,2	0,0	113	99	0.0311367244165
302	44,51	0,1	33,9	0,0	118	99	1
303	806,832	637,672	655,396	555,332	162	99	1
304	533,614	0,0	433,224	1,0	103	99	1
305	8,4	10,6	5,1	20,5	112	99	0.219047364474
306	8,4	2,0	6,1	1,0	117	99	1
307	10,6	2,0	21,5	1,0	104	99	1
308	139,124	1,2	69,51	3,2	105	99	1
309	41,46	134,125	60,42	42,33	102	99	6.85681527957e-06
310	29,35	18,19	26,15	14,6	162	99	1
311	1085,1277	0,0	1070,604	0,5	198	99	1
313	44,38	56,79	45,11	45,22	198	99	1
315	20,40	657,608	20,14	460,267	198	99	1
316	5,5	171,133	2,0	97,50	123	99	1
317	0,1	97,104	3,4	77,38	118	99	1
318	28,40	6,4	15,2	4,6	105	99	0.186311637222
320	12,8	85,77	2,1	46,25	198	99	1
322	927,1003	0,0	854,428	1,0	198	99	1
323	1151,1332	16,33	1067,626	18,11	120	99	1
324	8,24	490,551	26,12	429,244	144	99	1
326	0,0	237,235	1,0	135,80	102	99	1
327	79,91	0,0	79,42	3,0	108	99	1
329	41,52	16,7	25,21	15,4	102	99	1
330	120,153	3,2	72,51	0,0	172	99	1
331	131,172	3,2	81,58	0,0	176	99	1
332	12,24	1,5	9,7	0,0	103	99	0.873754249525
333	242,317	18,29	180,99	4,0	176	99	0.677857931354
334	697,815	229,235	809,482	148,51	119	99	0.385448034514
335	45,39	0,2	43,18	0,0	129	99	1
336	45,53	804,1035	55,32	814,372	108	99	1
337	32,27	54,73	13,18	44,27	109	99	1
338	92,93	29,33	31,22	22,21	172	99	0.067069504363
339	5,14	49,50	0,3	10,7	124	99	1
340	83,104	6,3	75,36	0,0	120	99	1
341	86,99	4,13	75,38	3,2	198	99	1
342	12,3	4,13	1,2	3,2	198	99	0.654488483687
343	4,1	30,15	0,0	7,2	118	99	1
345	10,14	9,8	7,9	3,5	104	99	1
346	289,302	12,5	283,125	18,3	141	99	1
347	717,677	26,20	508,311	11,14	102	99	1
348	1430,1535	289,200	1291,764	170,96	198	99	1
349	160,145	0,0	90,50	1,0	102	99	1
350	18,17	3,3	12,10	9,3	198	99	0.177396826075
351	23,16	2532,3547	17,11	2369,1289	198	99	1
352	8,9	2532,3547	17,7	2369,1289	124	99	1
353	7,6	14,6	10,4	7,3	124	99	0.414908312688
354	49,62	52,46	61,28	26,17	104	99	0.461047363899
356	231,287	0,1	201,118	0,0	198	99	1
357	392,446	2,6	331,166	3,0	198	99	1
358	525,539	117,140	247,170	90,44	198	99	1
359	13,22	344,382	1,3	200,105	144	99	1
360	11,3	28,22	6,4	8,5	102	99	0.315583934351
361	0,0	2028,1975	1,0	2021,952	123	99	1
362	21,25	14,37	10,3	16,5	109	99	0.903482744987
363	264,289	6,8	177,104	1,4	110	99	1
364	185,171	90,93	158,93	68,30	175	99	1
365	78,73	62,73	80,24	36,15	198	99	0.459985162982
366	1,4	1895,2225	9,1	1944,1017	198	99	1
367	99,70	5,9	54,40	2,1	174	99	1
368	20,24	505,500	20,6	398,176	110	99	1
369	526,633	4,1	430,198	1,1	114	99	1
370	39,35	32,38	9,8	33,5	116	99	0.670419006904
371	59,61	12,9	42,20	3,1	159	99	0.445573878544
372	52,64	12,9	66,17	3,1	142	99	0.255108144183
374	0,1	252,272	1,0	278,121	113	99	1
375	23,34	1,3	2,0	0,0	103	99	1
376	8,21	5,0	1,0	0,0	103	99	1
377	62,89	1,0	48,31	1,0	198	99	1
378	84,110	104,98	38,20	75,30	135	99	0.608622820299
379	208,188	9,1	143,49	0,0	145	99	1
381	9,10	586,524	11,4	457,185	198	99	1
382	1,0	28,26	0,0	17,5	112	99	1
383	4,7	11,8	1,3	10,6	102	99	0.412590159169
385	127,159	532,599	163,102	348,193	198	99	1
386	479,503	125,131	401,248	116,53	135	99	1
387	187,171	0,1	110,71	0,1	108	99	1
388	403,305	0,1	248,157	0,0	144	99	1
389	64,66	1,1	57,29	0,0	108	99	1
391	16,14	109,154	11,6	91,48	137	99	1
392	115,114	7,4	52,30	2,0	105	99	1
394	97,105	10,11	80,38	11,4	192	99	1
395	610,478	112,105	392,177	131,69	102	99	1
396	253,102	11,8	130,67	11,1	198	99	1
399	218,225	17,21	125,69	10,5	102	99	1
400	46,45	598,532	41,22	456,179	112	99	1
402	36,26	0,1	11,4	0,0	198	99	1
403	15,11	293,347	0,4	218,111	198	99	1
404	3,1	490,444	4,0	451,161	102	99	1
405	5,7	302,336	7,7	269,157	198	99	1
406	36,61	141,171	16,4	128,75	102	99	0.116776881596
407	10,25	710,800	12,9	489,250	198	99	1
408	1,2	9,7	0,0	6,2	108	99	1
409	7,4	148,166	6,0	102,58	120	99	1
410	325,378	218,229	209,117	139,80	135	99	1
412	6,4	7,4	0,0	1,0	108	99	1
413	206,235	17,9	174,77	15,9	110	99	1
414	136,86	106,100	26,15	20,10	102	99	1
417	124,146	5,6	60,32	3,0	108	99	1
418	126,110	10,5	76,31	8,1	104	99	1
419	88,75	4,1	64,32	2,1	123	99	1
422	69,87	149,105	73,47	143,94	108	99	1
423	14,9	15,22	11,7	21,6	122	99	1
424	6,3	0,3	2,0	0,0	198	99	1
425	11,4	0,3	5,3	0,0	129	99	1
426	519,567	4,1	478,238	5,4	173	99	1
427	122,106	374,439	84,47	255,129	102	99	1
428	12,21	429,504	16,8	378,192	111	99	1
429	13,24	0,1	19,8	0,0	103	99	1
430	216,177	176,179	168,69	79,31	103	99	0.121465311549
431	16,28	5,1	20,9	2,3	103	99	1
432	14,24	8,19	16,6	2,0	198	99	0.00120018122748
433	30,43	1,0	43,23	0,0	106	99	1
435	282,287	862,796	258,112	439,193	198	99	1
436	2,2	12,22	3,5	5,5	102	99	0.0530390053261
437	1194,1160	839,829	1350,703	857,454	142	99	1
438	51,50	20,19	17,8	6,15	108	99	0.566011156273
439	6,5	44,46	2,3	44,34	120	99	1
440	23,15	120,159	8,6	97,54	102	99	1
441	1,1	130,133	1,1	78,42	141	99	1
442	2,7	60,74	2,1	22,16	102	99	1
443	20,10	38,46	3,1	32,13	111	99	0.14103434174
444	25,18	216,296	21,16	139,82	114	99	1
446	4,5	51,44	10,1	31,16	107	99	1
447	3523,3759	65,62	3024,1587	50,24	102	99	1
448	10,10	11,17	6,0	8,2	114	99	0.772348468596
449	0,0	38,33	1,0	15,10	102	99	1
451	159,140	0,1	65,38	0,0	105	99	1
452	52,32	34,43	28,9	30,14	102	99	1
453	11,5	157,171	8,6	143,109	117	99	1
454	11,13	64,48	3,3	62,34	133	99	1
455	76,62	18,8	67,38	2,4	198	99	0.1747720893
456	13,15	4,4	5,4	2,3	198	99	0.665939573793
457	31,28	19,5	25,13	13,4	160	99	1
458	40,44	12,5	48,37	9,8	116	99	1
460	9,5	70,58	4,0	38,11	111	99	1
461	53,62	139,204	27,16	100,65	102	99	1
462	42,35	15,13	35,11	16,4	102	99	1
463	1,1	39,45	0,1	28,14	198	99	1
464	3,4	6,6	0,3	3,3	108	99	0.557693349423
465	0,4	6,5	0,0	2,6	102	99	1
468	340,301	23,13	324,151	11,7	141	99	1
469	21,26	113,113	41,15	86,50	102	99	0.777829957619
470	8,18	74,55	6,5	30,15	102	99	1
475	258,217	757,945	259,153	512,279	198	99	1
476	794,741	1,10	516,254	3,0	117	99	1
477	103,113	6,2	44,35	3,2	105	99	1
479	61,50	8,4	48,37	4,0	154	99	0.928265108364
480	75,66	313,339	58,46	262,213	157	99	1
481	79,73	109,123	65,47	84,66	160	99	1
482	22,20	313,339	14,9	262,213	102	99	1
483	26,27	109,123	21,10	84,66	105	99	1
484	317,346	109,123	269,214	84,66	102	99	1
485	4,0	8,4	0,1	5,1	115	99	1
486	10,3	12,20	9,2	7,8	137	99	1
487	16,6	1,0	13,7	0,1	150	99	1
488	27,12	0,1	17,13	2,0	178	99	1
489	14,7	12,20	14,2	7,8	121	99	1
490	20,10	1,0	18,7	0,1	134	99	1
491	31,16	0,1	22,13	2,0	162	99	1
492	18,23	1,0	11,13	0,1	112	99	1
493	29,29	0,1	15,19	2,0	140	99	1
494	12,6	0,1	4,7	2,0	127	99	1
495	46,52	4,1	44,19	2,0	118	99	1
496	6931,7723	69,79	5804,2726	63,22	118	99	1
497	7231,8103	44,41	6050,2859	34,18	128	99	1
498	369,459	44,41	309,155	34,18	109	99	1
499	32,42	5166,6415	25,14	4259,2196	102	99	1
500	683,788	16,7	487,288	11,5	139	99	1
501	176,178	2,1	107,53	0,2	103	99	1
502	7,9	45,68	1,3	38,18	121	99	1
503	13,8	63,48	4,6	69,29	109	99	1
504	47,31	13,18	12,7	8,6	104	99	0.693564918231
505	107,126	13,18	56,41	8,6	163	99	1
506	103,119	43,24	52,39	8,5	158	99	0.464283042652
507	25,23	1276,1305	11,6	868,505	198	99	1
508	3,5	64,60	1,1	64,30	116	99	1
509	7,26	159,164	8,7	132,64	138	99	1
510	428,442	1014,1187	320,187	659,337	108	99	1
512	65,80	134,138	49,40	114,62	140	99	1
513	215,194	0,1	82,85	0,0	129	99	1
514	576,544	53,62	408,194	22,18	114	99	1
515	17,7	4,3	11,1	0,3	198	99	0.598788037539
517	178,149	0,0	93,46	0,1	129	99	1
518	23,22	51,34	19,11	15,7	102	99	0.109826527766
520	18,33	23,27	21,12	20,7	102	99	1
521	8,8	872,894	15,0	523,277	198	99	1
522	67,100	5,2	92,68	3,5	198	99	1
523	28,35	43,37	20,28	37,24	110	99	1
524	472,496	436,485	554,356	390,214	102	99	1
525	151,175	840,1038	211,113	867,456	114	99	1
526	56,72	84,63	31,17	25,25	112	99	1
527	3,0	3,2	0,0	0,4	118	99	1
529	49,24	22,11	27,11	7,2	130	99	0.514452348347
530	2,5	1,1	1,1	0,0	105	99	1
532	6,3	169,164	1,2	139,65	118	99	1
534	65,59	5,2	46,25	0,0	145	99	1
535	120,171	23,23	129,60	16,14	113	99	1
536	174,194	32,36	149,91	21,15	109	99	1
537	20,26	1,0	12,7	0,0	106	99	1
539	99,141	3,9	112,62	16,0	126	99	1
541	0,2	61,82	0,0	24,22	168	99	1
543	113,144	65,55	86,54	43,19	121	99	1
544	10,7	2,0	6,2	2,0	123	99	1
545	4,5	100,135	7,2	85,44	102	99	1
546	107,99	62,84	43,24	49,25	102	99	0.835404767579
547	16,23	15,26	10,10	24,10	198	99	0.8962420766
548	14,13	127,88	9,8	78,40	198	99	1
549	501,535	2,6	266,127	3,4	114	99	1
550	421,583	14,19	244,120	10,5	105	99	1
552	387,272	3,9	220,126	5,0	198	99	1
554	42,60	1123,1241	46,16	859,484	198	99	1
556	13,10	544,455	19,5	597,271	198	99	1
557	411,490	0,1	318,198	3,0	103	99	1
558	1,5	180,174	3,2	128,80	105	99	1
560	20,17	15,8	65,34	23,18	198	99	1
561	6,8	57,94	4,1	69,41	118	99	1
562	1016,1268	3,3	1260,549	6,1	105	99	1
563	119,138	19,19	131,74	27,12	108	99	1
564	230,181	5,0	256,107	7,3	182	99	1
565	57,51	227,236	75,40	180,100	198	99	1
566	0,1	2,1	0,1	1,1	108	99	1
567	15,17	3,5	11,8	2,0	198	99	0.11664632977
568	58,89	4,4	65,34	6,1	198	99	1
570	240,252	90,149	148,99	125,64	198	99	0.747155274021
571	169,231	24,32	143,63	15,16	105	99	1
573	56,54	12,13	29,10	8,1	105	99	1
574	87,97	12,13	55,21	8,1	108	99	1
575	77,77	46,34	44,19	18,8	102	99	1
577	6,6	1,0	1,2	3,0	120	99	0.632379262823
578	1,8	2,1	0,0	0,1	111	99	1
580	155,146	3,2	108,60	1,0	198	99	1
581	70,92	3,0	50,29	0,0	114	99	1
582	79,69	1,0	56,27	0,0	114	99	1
583	0,0	11,5	5,3	5,2	141	99	0.00472428443194
584	16,25	4,4	15,11	4,5	198	99	0.762781210159
586	7,11	520,623	12,5	358,171	198	99	1
587	150,184	1,5	91,72	2,0	162	99	1
588	0,2	97,116	1,1	56,35	105	99	1
589	101,122	1,0	58,40	1,0	198	99	1
590	180,210	973,893	154,106	663,327	198	99	1
591	101,98	183,142	103,61	111,60	110	99	0.834565725435
592	110,86	107,114	39,33	100,51	102	99	0.419799348455
593	167,243	24,25	141,78	14,10	102	99	1
594	32,14	7,1	19,10	1,1	119	99	1
596	116,168	27,13	147,92	12,3	134	99	1
597	533,614	279,327	538,319	191,98	102	99	1
598	23,17	5,2	11,10	1,2	174	99	1
601	50,43	10,15	19,10	8,2	110	99	1
603	46,22	4,4	33,13	0,1	112	99	1
604	44,26	5,4	31,16	3,8	198	99	1
606	4,2	67,69	8,1	31,19	112	99	1
607	3,9	4,5	12,2	7,3	121	99	1
608	12,27	132,201	8,1	67,37	113	99	1
609	62,42	4,4	33,21	8,5	102	99	0.690673676306
610	1,0	0,2	2,0	0,0	105	99	1
611	1,3	153,195	1,2	135,69	110	99	1
612	5,7	2,1	4,2	1,0	130	99	0.841940517959
614	39,52	7,9	26,15	6,6	198	99	0.916934425617
615	3,1	248,236	1,3	172,91	171	99	1
617	1,5	114,91	2,3	63,23	198	99	1
618	71,91	1,2	17,22	0,2	111	99	1
619	122,110	0,0	114,41	1,0	113	99	1
623	9,7	1,0	8,3	0,1	102	99	1
624	1,1	32,13	6,0	33,15	111	99	1
625	4,1	51,45	2,5	27,37	115	99	1
626	4,5	8,0	0,1	0,0	150	99	1
627	2,2	110,134	3,2	68,35	123	99	1
628	7,10	41,27	7,0	8,17	145	99	1
629	0,0	0,1	4,2	0,1	106	99	1
631	20,13	38,52	6,5	68,46	198	99	0.822340893796
633	166,205	74,102	164,110	75,45	102	99	1
634	3007,2533	40,37	2116,774	35,15	102	99	1
636	84,82	50,42	44,41	57,51	110	99	0.0434650656769
637	30,31	4,7	22,15	4,1	105	99	1
638	66,73	120,115	48,23	130,69	102	99	0.807334347956
641	20,17	68,37	12,6	16,5	172	99	0.511307152913
642	376,442	122,125	252,121	52,39	129	99	1
643	544,595	2,0	315,155	1,0	105	99	1
644	13,2	12,6	6,2	6,0	138	99	0.418279460857
645	320,341	28,20	279,146	23,7	102	99	1
646	60,54	72,78	45,25	80,29	102	99	1
647	2,9	131,124	3,3	103,40	110	99	1
649	0,1	158,134	6,3	150,74	132	99	1
650	239,228	56,49	97,48	18,17	198	99	1
651	10,6	77,60	22,7	73,36	198	99	1
652	11,7	10,14	4,8	3,7	104	99	0.76944084378
653	138,136	9,9	114,51	3,2	102	99	1
654	531,686	75,56	342,193	30,28	110	99	1
655	86,69	2,1	59,33	4,1	125	99	1
656	4140,4316	10,9	4055,1914	4,2	109	99	1
658	22,37	6,14	22,6	5,0	105	99	0.552362380578
659	167,210	15,24	121,70	4,6	111	99	1
660	36,38	122,153	13,9	68,40	102	99	1
661	19,25	0,3	8,6	1,0	137	99	1
662	11,19	0,1	4,3	0,0	137	99	1
663	66,68	41,47	48,22	33,17	123	99	1
664	9,15	154,185	17,8	114,60	112	99	1
665	67,62	79,79	48,22	72,28	115	99	1
666	364,307	1,0	172,113	0,0	198	99	1
667	93,79	8,7	69,31	9,0	111	99	1
668	3433,3701	8,6	3625,1773	2,0	102	99	1
669	18,24	204,138	31,15	133,76	114	99	1
671	7657,8296	0,1	6816,3608	0,0	198	99	1
672	24,22	1,0	21,3	0,0	102	99	1
673	90,113	1907,2370	76,50	1690,877	119	99	1
674	99,87	0,0	67,37	1,0	198	99	1
675	2006,2457	0,0	1757,914	1,0	198	99	1
676	8,18	2,0	10,5	0,0	111	99	1
677	31,26	3,1	16,14	1,1	102	99	1
678	8,7	0,0	7,3	1,0	102	99	1
679	18,27	196,276	8,5	157,72	105	99	1
680	198,332	17,20	179,65	10,4	105	99	1
681	799,1076	0,2	584,330	2,0	132	99	1
682	52,49	18,25	20,6	7,7	110	99	1
683	15,13	11,7	11,1	9,2	105	99	0.967735137082
684	14,8	11,7	8,3	9,2	108	99	1
685	8,5	9,10	8,3	11,1	102	99	0.875078794885
687	5,4	160,206	8,5	112,73	147	99	1
688	41,57	19,25	20,4	6,3	164	99	1
689	85,92	32,17	96,43	17,11	107	99	1
690	37,54	3,13	45,30	19,2	109	99	1
691	28,29	41,61	11,4	51,29	102	99	0.0575008820139
692	260,296	0,0	172,118	0,1	198	99	1
693	565,671	28,22	447,263	40,10	182	99	1
694	372,461	11,24	241,138	11,18	144	99	1
695	44,39	2,0	40,12	1,1	110	99	1
696	17,24	201,198	34,2	142,62	132	99	1
697	548,648	9,8	458,195	2,2	134	99	1
699	15,7	62,75	11,12	46,29	102	99	1
700	1,1	43,36	0,0	34,12	159	99	1
701	30,26	40,31	27,17	32,29	105	99	1
702	9,10	30,30	8,4	15,10	131	99	1
703	92,80	1,2	59,28	0,0	105	99	1
705	53,56	2,5	57,38	3,0	107	99	1
706	391,416	2,5	344,225	3,0	129	99	1
707	365,398	27,38	323,216	36,29	121	99	1
708	42,58	1186,1341	33,19	911,600	198	99	1
709	34,45	718,903	26,13	508,355	198	99	1
710	39,54	0,1	31,14	1,0	118	99	1
712	383,322	253,253	231,140	319,158	198	99	0.358640035804
713	115,131	253,253	108,86	319,158	113	99	1
714	230,219	253,253	152,103	319,158	198	99	1
715	207,209	80,106	141,86	78,64	198	99	1
716	360,312	80,106	220,123	78,64	198	99	0.955699226913
717	272,239	93,96	180,95	76,46	198	99	1
718	106,125	235,251	141,67	171,91	102	99	0.616644797443
719	54,61	257,284	37,40	274,131	130	99	1
720	17,22	126,119	21,8	90,46	105	99	1
721	1197,1417	1,0	1003,431	0,0	103	99	1
722	24,32	109,106	23,18	94,46	185	99	1
723	15,22	3,1	16,8	2,0	185	99	1
724	20,25	725,852	45,24	531,296	198	99	1
725	245,287	1,0	122,82	0,0	198	99	1
726	4,8	325,369	7,7	248,140	198	99	1
727	151,195	97,113	174,65	74,33	102	99	1
728	8,6	35,47	4,0	37,9	119	99	1
729	31,36	561,500	15,5	357,152	198	99	1
730	17,22	6,2	8,7	0,4	102	99	1
731	1,1	5,9	2,2	7,10	119	99	1
732	548,426	21,24	1884,1103	107,57	136	99	1
733	7,6	148,149	2,1	94,63	102	99	1
734	6,12	6,16	22,3	9,1	198	99	0.113963809896
735	8,21	33,30	26,5	19,29	198	99	1
736	9,25	33,30	18,3	19,29	114	99	1
737	17,13	41,22	9,13	13,9	194	99	0.676602733004
738	0,1	15,17	0,0	15,1	105	99	1
739	110,106	6,6	68,52	1,2	138	99	1
740	0,3	123,83	4,0	128,37	102	99	1
741	14,5	9,6	10,4	11,12	102	99	0.481093950842
742	387,348	222,259	398,251	193,99	198	99	1
743	57,145	0,2	25,25	0,0	198	99	1
745	4,7	169,152	2,5	132,50	198	99	1
746	67,68	76,100	40,30	62,35	198	99	1
747	11,14	1879,1925	15,7	1949,751	153	99	1
748	121,131	61,50	103,39	35,21	110	99	1
749	69,76	168,204	38,21	129,81	198	99	1
750	6,3	62,66	4,0	61,37	102	99	1
751	96,122	9,14	77,44	10,3	106	99	1
752	6,1	357,348	0,1	221,124	198	99	1
753	135,172	2,0	102,66	0,0	135	99	1
754	8,16	105,128	1,3	66,37	162	99	1
755	5,14	1008,850	14,7	846,367	126	99	1
756	18,13	1,0	9,8	0,1	102	99	1
757	20,41	3,6	18,8	3,1	116	99	1
758	230,209	15,10	196,80	12,4	114	99	1
759	672,828	0,1	457,305	0,0	198	99	1
760	13,11	2,0	20,8	0,0	103	99	1
764	25,18	10,4	15,17	6,7	198	99	1
765	12,16	4,0	12,17	3,1	198	99	1
767	324,420	0,2	267,152	4,0	103	99	1
768	60,58	24,9	35,15	11,5	163	99	1
769	51,46	64,50	35,15	32,18	113	99	1
770	7,16	17,28	22,5	17,6	115	99	0.286566388639
771	5,1	1,4	6,0	3,0	104	99	1
773	0,0	13,13	0,1	3,2	174	99	1
774	228,236	7,5	179,63	0,0	143	99	1
775	11,12	236,232	12,2	221,67	102	99	1
776	17,14	33,39	18,10	35,10	117	99	1
777	33,42	0,1	20,14	0,0	198	99	1
778	6,8	0,0	4,0	1,0	128	99	1
779	7,12	6,4	4,0	12,1	142	99	0.0173729913344
780	1,4	6,4	1,0	12,1	113	99	0.291747612167
781	10,8	70,74	4,11	22,16	123	99	0.653877305854
783	304,280	0,2	188,137	0,0	165	99	1
784	550,527	3,0	314,153	2,0	110	99	1
785	96,105	0,2	59,42	0,0	198	99	1
788	1,0	2,14	0,0	0,2	174	99	1
789	80,78	7,1	54,21	7,1	112	99	1
790	69,89	0,1	58,33	0,0	198	99	1
791	11,11	74,72	11,1	61,10	198	99	1
793	27,39	0,1	23,4	0,0	198	99	1
794	201,219	51,51	122,87	21,15	102	99	1
795	19,9	2,1	9,5	2,1	119	99	1
797	242,205	0,0	124,98	0,1	106	99	1
799	8,2	3,3	1,1	2,1	173	99	0.160148932612
800	0,2	3,3	0,0	2,1	113	99	1
801	4,5	0,1	0,1	0,1	173	99	1
802	0,3	3,0	0,0	2,3	102	99	0.529834132106
803	2,8	6,22	0,1	3,1	102	99	0.0352698277957
804	2,10	569,596	7,1	450,228	177	99	1
805	5,14	49,40	4,3	20,17	122	99	1
807	62,52	120,144	45,21	100,67	102	99	1
808	729,755	0,1	567,310	0,0	123	99	1
809	15,7	45,26	2,4	23,20	109	99	0.703119180465
811	16,6	10,27	6,1	7,1	198	99	1
813	362,392	3,1	293,130	1,0	112	99	1
814	20,11	62,54	11,4	31,12	102	99	1
815	30,14	47,51	20,4	26,11	102	99	1
816	51,58	8,16	20,11	11,7	117	99	0.223401977679
817	111,96	4,7	121,94	0,2	198	99	1
818	840,744	12,11	712,303	14,3	141	99	1
819	1631,1446	5,1	1575,615	6,2	162	99	1
820	805,718	5,1	877,317	6,2	120	99	1
821	696,646	1,3	630,252	2,1	141	99	1
822	1487,1348	1,2	1493,564	4,0	162	99	1
823	794,710	1,2	865,315	4,0	120	99	1
824	1074,961	787,743	1123,418	733,267	120	99	1
825	11,23	60,109	8,3	16,10	105	99	0.937054591251
826	131,115	4,4	142,93	3,3	103	99	1
827	18,18	33,44	14,13	18,6	103	99	0.224281407238
828	59,91	2,5	68,34	1,0	102	99	1
829	140,143	2,0	133,68	0,0	108	99	1
831	352,319	19,16	186,102	22,9	102	99	1
833	272,243	78,76	164,74	81,42	129	99	0.551521809422
834	164,216	0,0	151,67	1,0	106	99	1
835	54,67	120,137	37,20	93,52	102	99	1
836	127,98	36,50	88,58	41,14	124	99	1
837	82,98	8,18	69,54	12,10	124	99	1
838	147,165	1,2	152,64	0,1	198	99	1
839	809,812	190,243	590,304	252,134	105	99	1
840	54,56	16,17	33,23	12,6	104	99	1
841	1008,1159	209,232	701,397	158,82	102	99	1
842	27,20	1,0	24,14	1,2	163	99	1
843	6,5	173,149	1,0	125,51	141	99	1
844	144,166	6,16	119,80	2,6	127	99	1
846	74,50	33,27	50,17	28,30	145	99	0.452037425802
847	6,9	377,326	2,9	297,130	103	99	1
848	5,4	34,21	1,3	17,7	103	99	1
849	277,235	7,3	205,101	5,1	105	99	1
850	2,2	2,0	3,3	2,0	168	99	1
853	2,1	5,9	0,0	3,1	168	99	1
854	9,5	27,21	0,6	10,11	182	99	1
856	12,13	27,21	3,7	10,11	113	99	1
859	13,10	341,352	14,4	300,162	126	99	1
860	4,6	386,394	5,1	262,146	102	99	1
861	129,130	15,27	124,62	11,12	139	99	1
862	2,3	1,2	0,0	0,2	141	99	1
863	125,115	141,141	91,46	71,53	102	99	1
864	37,21	14,4	19,3	11,0	111	99	1
865	3,2	37,30	2,5	17,7	103	99	0.692528563538
866	0,4	99,108	0,0	95,48	129	99	1
867	3,6	3,7	1,3	5,3	132	99	0.477711749625
868	102,110	3,7	96,51	5,3	102	99	1
869	12,12	281,288	21,9	270,148	145	99	1
870	7,22	0,3	5,0	0,0	112	99	1
872	3,12	509,505	8,2	369,179	198	99	1
873	20,32	1,0	24,17	0,0	103	99	1
875	61,53	22,62	11,10	32,12	105	99	0.13030628447
876	62,58	12,11	24,17	1,2	198	99	0.190185034283
877	38,24	18,24	36,25	8,4	102	99	0.0479727140531
878	4,2	17,16	4,6	8,5	102	99	0.132695958212
879	203,192	15,11	131,75	24,11	136	99	0.914996217562
880	129,127	3,3	99,63	1,7	198	99	1
881	28,21	59,64	9,7	28,24	130	99	1
883	20,28	272,296	23,9	244,105	111	99	1
884	9,31	133,156	23,18	155,60	198	99	1
886	27,10	145,194	4,6	125,57	102	99	1
887	14,9	1,0	1,3	0,0	102	99	1
888	74,62	91,82	40,22	68,36	102	99	1
890	193,202	15,12	148,78	14,10	113	99	1
891	3,1	20,33	0,1	19,9	137	99	1
892	5,6	256,227	3,7	308,178	111	99	1
893	309,320	11,5	252,111	10,1	102	99	1
894	76,77	1,0	29,31	0,0	198	99	1
896	194,198	5,1	115,91	2,1	109	99	1
898	0,0	5,4	1,0	2,1	116	99	1
900	23,32	39,40	3,9	22,17	198	99	0.479553841488
901	382,495	1,0	340,174	0,0	198	99	1
903	77,75	633,680	28,10	573,303	102	99	1
904	300,287	0,1	258,155	3,6	111	99	1
905	14,8	3,4	5,6	4,0	135	99	0.907671085692
906	44,59	73,83	37,13	67,26	105	99	1
907	242,327	0,0	238,111	0,1	119	99	1
908	78,57	59,37	60,26	39,25	102	99	1
909	140,123	24,40	106,57	16,10	105	99	1
910	207,182	71,78	146,90	40,26	139	99	1
911	3,3	1,0	1,0	0,0	104	99	1
912	68,45	0,0	40,20	3,0	104	99	1
913	283,266	73,59	621,265	42,28	119	99	0.122957159592
914	110,137	295,359	110,60	757,348	102	99	0.114675503045
915	219,192	14,10	221,99	22,5	103	99	1
916	71,81	6,4	49,20	12,7	142	99	0.0934479195722
917	14,16	184,170	6,6	156,96	110	99	1
918	21,28	10,6	15,11	4,6	111	99	1
919	104,107	792,824	63,44	432,207	128	99	1
920	260,251	23,10	130,72	8,4	138	99	1
923	22,10	1,0	13,5	0,0	129	99	1
925	7,27	523,664	40,23	466,270	102	99	1
926	17,10	2,2	13,8	9,5	105	99	0.0531879765211
927	16,17	1,0	5,3	3,1	105	99	0.261148420337
928	22,30	6,8	13,2	2,1	102	99	0.0702035373467
929	51,37	0,4	25,20	0,0	198	99	1
930	10,18	123,134	14,4	57,40	108	99	1
931	4,0	12,18	1,0	28,9	111	99	1
932	2,0	36,45	0,0	36,26	111	99	1
933	32,22	14,15	40,22	8,2	198	99	0.0432559375602
934	110,97	10,8	72,34	10,2	112	99	1
935	159,163	68,78	139,59	41,29	102	99	1
936	349,403	35,26	450,254	20,13	113	99	1
937	8,10	16,27	0,2	20,12	198	99	0.14371531749
938	33,53	853,1024	27,13	635,325	198	99	1
940	11,20	2,0	5,2	0,1	106	99	1
942	9,16	8,21	1,6	7,6	108	99	0.644934472393
943	114,114	26,34	73,32	31,9	111	99	1
945	9,16	0,2	6,5	2,0	102	99	1
947	3,4	157,142	3,0	100,65	138	99	1
948	91,110	40,72	58,32	74,47	105	99	0.0215913319511
949	211,246	54,59	170,70	64,47	102	99	0.492798440224
950	108,66	1,0	56,20	0,0	114	99	1
951	3,4	78,62	0,2	34,13	198	99	1
952	107,88	0,1	59,31	0,0	103	99	1
955	1,1	32,23	1,1	30,10	120	99	1
956	0,5	107,98	1,3	56,31	145	99	1
959	681,680	1,0	344,104	0,0	105	99	1
961	4,7	52,44	3,0	27,17	102	99	1
963	272,273	28,36	148,65	17,8	116	99	1
964	60,65	110,138	51,37	142,70	123	99	1
965	686,797	3,5	912,494	6,2	103	99	1
966	17,5	55,51	7,4	40,13	117	99	1
967	954,899	385,424	775,347	183,75	102	99	0.380594024579
970	104,110	0,1	151,74	0,0	198	99	1
971	1,2	134,138	0,0	103,63	113	99	1
973	47,86	120,145	50,50	63,49	111	99	0.431252543173
974	33,17	6,4	12,6	4,0	105	99	1
976	1301,1297	1,1	800,380	1,0	111	99	1
977	0,5	43,53	3,2	49,56	198	99	1
979	333,272	1,3	148,57	1,0	117	99	1
980	338,374	120,144	254,145	227,108	102	99	0.00979785721366
981	33,26	567,575	20,14	440,222	108	99	1
982	20,21	57,61	15,8	35,18	102	99	1
984	60,79	168,145	52,22	135,48	198	99	1
985	809,875	11,8	620,372	17,3	198	99	1
986	1,0	3,3	0,0	3,0	113	99	1
987	1523,1625	0,1	1417,883	0,0	160	99	1
988	9,10	0,0	22,2	1,0	123	99	1
990	103,112	7,12	74,53	0,0	104	99	1
991	82,77	28,10	75,43	3,3	122	99	0.131290783616
992	17,27	96,105	24,17	87,31	110	99	1
993	22,23	28,40	25,17	14,6	142	99	0.0286867044993
994	30,40	10,2	35,21	11,3	156	99	1
995	36,57	10,2	24,10	11,3	113	99	0.290198451882
996	24,14	189,225	16,7	183,92	198	99	1
997	18,16	51,58	14,7	48,32	198	99	1
1000	56,45	7,1	40,13	1,0	116	99	1
1001	58,68	2,0	51,31	1,4	133	99	1
1002	193,223	0,0	151,66	3,0	116	99	1
1003	2,0	12,11	0,0	14,4	123	99	1
1004	6,1	3,1	5,0	0,0	102	99	1
1005	268,329	56,72	173,60	34,17	194	99	1
1008	7,8	1,0	6,4	0,0	102	99	1
1011	23,30	8,8	25,6	5,3	110	99	1
1012	49,68	6,13	44,20	16,2	110	99	1
1013	112,124	18,11	97,55	4,2	107	99	1
1015	25,27	11,26	28,13	8,8	112	99	0.73598052056
1016	41,45	35,19	28,12	11,14	154	99	1
1017	14,9	75,65	13,0	51,30	198	99	1
1018	363,296	150,168	309,203	60,44	198	99	0.00772886937091
1019	18,19	577,696	21,12	548,269	198	99	1
1021	41,33	25,22	26,14	31,22	172	99	0.250470692442
1022	2,0	0,0	4,4	1,0	103	99	1
1024	26,19	82,85	20,12	90,40	108	99	1
1025	303,346	123,139	190,95	81,54	108	99	1
1027	0,2	32,31	0,0	15,14	120	99	1
1028	36,28	1,0	16,20	0,0	198	99	1
1029	9,15	0,0	9,8	1,0	136	99	1
1030	6,13	103,96	13,4	80,43	120	99	1
1031	230,297	0,0	211,145	1,1	198	99	1
1032	88,122	0,2	80,36	1,0	109	99	1
1033	3,5	23,20	1,0	54,16	115	99	0.944719852871
1034	1237,1294	22,13	749,360	12,9	111	99	1
1035	23,26	1123,1236	11,7	732,365	198	99	1
1036	62,73	56,59	48,28	33,24	103	99	1
1037	3,0	16,8	0,0	12,6	125	99	1
1038	91,104	2391,2478	102,65	2335,838	198	99	1
1039	17,28	0,1	6,7	0,0	198	99	1
1040	3,7	14,21	3,2	9,8	108	99	1
1041	37,28	56,76	40,19	40,20	104	99	0.327693369289
1042	83,117	3,1	53,41	10,0	108	99	1
1043	10,21	153,143	16,8	134,70	110	99	1
1044	170,250	130,164	177,90	110,62	156	99	1
1046	28,25	233,159	20,10	154,87	109	99	1
1047	504,583	7,5	427,182	11,5	109	99	1
1048	14,10	426,465	6,3	413,183	119	99	1
1049	100,85	2,0	55,41	0,0	198	99	1
1050	2,2	73,66	0,0	42,22	102	99	1
1051	86,108	0,2	62,39	3,0	101	99	1
1052	268,228	2,0	183,112	0,0	198	99	1
1053	5,14	158,232	8,5	133,83	198	99	1
1054	141,135	41,63	100,36	16,8	138	99	0.338973978624
1055	1,4	115,112	0,3	110,42	159	99	1
1056	95,134	0,1	66,26	0,0	115	99	1
1057	3,4	122,116	1,4	93,39	198	99	1
1058	5,13	194,218	3,2	146,83	117	99	1
1061	313,359	1,4	302,197	2,2	104	99	1
1062	371,415	5,4	146,97	5,0	101	99	1
1063	1509,1397	13,7	1166,522	6,5	102	99	1
1064	15,8	55,98	5,3	56,27	102	99	1
1065	12,21	569,600	15,9	309,157	111	99	1
1066	80,64	0,0	50,25	1,0	198	99	1
1068	5,4	387,511	6,2	301,161	102	99	1
1069	249,309	286,326	137,94	282,161	102	99	0.34393370131
1070	439,588	28,50	369,234	38,11	102	99	1
1071	19,10	4,0	20,4	3,0	102	99	1
1072	21,13	59,55	21,4	44,18	111	99	1
1073	6,3	59,55	4,0	44,18	108	99	1
1074	336,259	335,343	217,133	276,150	102	99	1
1075	1,5	49,52	3,1	30,20	110	99	1
1076	122,165	0,0	104,50	1,4	107	99	1
1077	19,18	3,1	17,5	0,2	103	99	1
1078	112,126	17,23	69,54	26,8	102	99	1
1080	27,14	805,862	11,6	460,274	114	99	1
1081	61,63	63,105	24,13	70,37	105	99	0.193680958485
1082	41,62	5,9	58,24	9,1	129	99	1
1084	1,2	85,78	0,0	44,18	102	99	1
1085	33,18	273,353	28,7	201,109	117	99	1
1086	67,44	82,53	37,13	45,30	102	99	1
1087	209,246	6,5	140,73	9,9	103	99	1
1088	68,80	3,0	29,29	0,0	198	99	1
1089	5,17	29,52	5,3	33,17	114	99	1
1090	756,757	49,68	631,288	19,11	102	99	1
1091	160,239	5,1	217,157	1,2	198	99	1
1092	133,184	1,0	190,140	1,0	198	99	1
1093	52,56	2,2	34,14	0,0	162	99	1
1094	4,7	8,10	3,2	4,4	102	99	1
1095	68,70	24,23	34,26	24,19	102	99	0.283573354506
1097	1,3	25,29	1,1	20,12	124	99	1
1098	4,8	79,91	7,1	64,41	127	99	1
1099	28,34	79,91	26,12	64,41	102	99	1
1100	13,26	1,2	6,5	0,0	102	99	1
1101	8,15	0,1	14,3	0,0	108	99	1
1102	12,14	1,0	7,1	0,0	110	99	1
1103	1,0	1,0	2,0	2,0	114	99	1
1104	13,12	164,221	12,2	143,89	126	99	1
1105	23,24	15,6	53,13	10,6	198	99	0.830216548807
1109	2,4	2,0	3,5	0,0	102	99	1
1110	5,13	90,141	0,0	49,38	198	99	1
1111	46,40	0,1	35,19	0,2	110	99	1
1113	13,28	4,10	15,8	13,4	102	99	0.485368600429
1114	26,21	12,19	23,10	6,3	198	99	0.241444183468
1115	12,17	26,13	21,7	9,4	198	99	0.172528503749
1116	20,33	26,13	20,7	9,4	198	99	1
1117	27,55	0,0	25,9	1,0	198	99	1
1119	146,132	2103,2024	85,35	1649,795	117	99	1
1120	18,15	117,121	14,12	100,47	143	99	1
1123	39,32	24,23	28,6	8,4	132	99	0.593901026429
1124	61,101	16,17	31,38	15,1	104	99	1
1125	165,195	0,1	109,59	0,0	103	99	1
1126	366,336	17,19	226,143	14,8	198	99	1
1127	15,7	33,26	10,4	21,10	106	99	1
1129	6,1	29,40	1,1	26,17	114	99	1
1132	99,117	11,6	63,46	2,0	118	99	1
1133	10,10	104,75	14,8	82,39	102	99	1
1134	44,32	109,127	37,13	89,38	198	99	1
1135	549,447	554,552	349,199	293,158	198	99	1
1136	6,7	191,250	13,11	156,73	198	99	1
1137	1,0	57,32	5,0	39,22	102	99	1
1138	636,527	91,95	430,255	80,26	102	99	1
1139	364,298	3,2	227,135	1,1	106	99	1
1140	250,218	6,10	237,99	3,0	141	99	1
1141	219,220	1132,1047	246,131	697,337	102	99	1
1142	42,31	14,16	28,13	24,15	102	99	0.185795199478
1143	473,582	106,98	385,193	77,45	102	99	1
1144	315,239	0,3	180,109	1,0	134	99	1
1146	28,40	4,16	48,36	2,0	198	99	0.000804487453762
1147	12,21	1,2	19,20	2,1	198	99	1
1148	7,5	63,40	8,5	37,18	115	99	1
1149	10,2	136,184	12,8	93,56	115	99	1
1151	82,145	2,1	71,29	1,1	108	99	1
1152	143,159	74,94	144,46	79,30	166	99	1
1153	5,5	81,56	2,3	40,12	124	99	1
1154	177,198	3,6	98,62	3,3	111	99	1
1155	17,21	157,167	5,5	99,54	102	99	1
1156	223,309	15,9	147,79	16,2	177	99	1
1157	150,170	42,46	68,36	36,12	125	99	1
1158	3324,3113	97,98	2814,1402	89,25	102	99	1
1159	3423,3225	2,3	2894,1429	4,0	105	99	1
1160	3558,3372	17,26	3006,1480	10,5	108	99	1
1161	3942,3840	39,38	3345,1636	20,14	111	99	1
1162	196,210	2,3	169,52	4,0	102	99	1
1163	331,357	17,26	281,103	10,5	105	99	1
1164	715,825	39,38	620,259	20,14	108	99	1
1165	137,150	17,26	116,51	10,5	102	99	1
1166	521,618	39,38	455,207	20,14	105	99	1
1167	401,494	39,38	349,161	20,14	102	99	1
1168	124,168	14,16	72,52	4,5	141	99	1
1169	141,133	16,35	65,43	11,2	198	99	1
1170	338,374	6,11	236,159	17,6	116	99	1
1171	345,372	16,19	267,153	33,8	111	99	1
1172	4,2	158,192	5,0	153,82	156	99	1
1173	444,390	15,30	353,153	19,11	105	99	1
1174	4,1	1,0	6,1	0,1	106	99	1
1175	66,90	0,2	23,27	0,0	102	99	1
1176	45,47	101,110	36,19	67,41	102	99	1
1177	6,10	74,93	6,1	36,19	105	99	1
1178	7,10	169,177	8,1	100,42	102	99	1
1179	13,14	60,38	16,10	22,10	102	99	0.0945323448021
1180	46,45	3,1	32,15	3,2	116	99	1
1181	15,15	18,11	6,2	13,3	102	99	0.476552141668
1182	68,67	9,6	30,18	6,3	154	99	1
1183	38,43	1,5	10,11	1,0	154	99	1
1184	100,113	1,5	44,21	1,0	198	99	1
1185	85,92	0,1	44,12	0,0	198	99	1
1186	13,11	93,61	5,3	25,16	198	99	1
1187	0,0	1,6	0,1	0,0	153	99	1
1188	19,43	20,25	18,7	10,4	133	99	1
1189	323,294	9,12	221,141	11,5	106	99	1
1190	1524,1499	33,35	1432,716	88,37	116	99	1
1191	11,16	0,0	5,5	0,1	102	99	1
1192	32,34	0,1	18,5	0,0	102	99	1
1193	32,17	551,432	18,5	290,143	198	99	1
1196	2,8	24,48	5,1	28,9	102	99	1
1197	514,599	295,358	556,288	300,143	114	99	1
1198	122,94	1,8	54,38	6,10	117	99	0.634393010944
1199	5,13	84,108	8,6	59,44	124	99	1
1200	42,28	22,44	29,17	22,8	102	99	1
1201	14,11	50,63	12,5	41,23	102	99	1
1202	10,11	6,5	14,1	6,5	102	99	0.629863620603
1203	26,15	124,91	17,8	114,47	198	99	1
1204	33,39	182,230	30,9	123,96	114	99	1
1205	0,0	204,238	3,0	171,119	138	99	1
1206	23,28	1,1	4,8	0,0	108	99	1
1207	12,13	96,81	9,8	7,1	144	99	0.00100893739681
1208	2,3	9,7	4,2	6,0	108	99	0.167682029513
1209	107,154	149,199	72,29	96,85	119	99	1
1210	4,6	110,102	5,3	59,30	198	99	1
1211	73,42	21,21	11,10	19,17	103	99	0.00100424963609
1214	47,69	8,9	27,16	6,2	102	99	1
1215	77,88	0,9	45,31	7,12	105	99	0.269335130237
1216	1464,1803	1,0	1120,589	0,0	107	99	1
1217	17,6	112,99	7,5	94,54	114	99	1
1218	32,46	121,93	32,11	84,32	102	99	1
1219	267,215	5,1	245,132	3,0	172	99	1
1220	20,31	156,233	15,11	161,126	112	99	1
1221	68,52	1,0	71,37	0,0	105	99	1
1223	1,3	54,81	2,0	44,17	117	99	1
1225	99,163	234,325	47,22	136,76	102	99	1
1226	170,161	0,2	146,87	3,0	148	99	1
1227	1132,994	2,0	791,338	3,0	132	99	1
1228	96,68	0,2	59,28	0,0	102	99	1
1229	2,7	18,27	2,3	11,7	114	99	1
1230	83,70	62,58	60,30	24,9	105	99	0.150175282374
1231	9,17	1680,2072	11,4	1000,497	135	99	1
1232	157,160	335,368	170,82	251,130	102	99	1
1233	178,189	0,5	96,43	1,1	102	99	1
1234	21,11	24,19	13,13	9,5	121	99	0.191613543558
1235	14,21	5,4	14,6	0,3	106	99	0.788302399805
1236	150,197	21,18	115,86	4,1	122	99	1
1237	75,122	14,9	86,51	4,2	126	99	1
1238	10,18	39,53	17,7	45,20	198	99	1
1239	8,1	1,2	3,2	4,5	127	99	0.192772142333
1240	18,8	9,6	1,2	5,3	106	99	0.046896697662
1241	13,6	10,7	16,2	2,2	115	99	0.164774800896
1243	1,2	0,2	14,1	0,0	198	99	1
1244	48,55	12,8	44,27	3,3	120	99	1
1245	4,5	297,329	9,2	232,164	141	99	1
1246	2,6	2,0	3,1	1,0	119	99	1
1247	28,21	0,2	11,4	1,0	198	99	1
1248	29,21	0,2	12,4	1,0	198	99	1
1249	13,16	11,8	2,6	5,3	198	99	0.757954009585
1250	59,69	77,62	51,26	20,12	102	99	0.0340481926021
1251	16,6	77,62	8,1	20,12	115	99	1
1252	14,4	57,67	5,0	48,25	112	99	1
1254	8,6	54,34	3,1	26,17	116	99	1
1255	140,198	185,194	146,67	144,82	144	99	1
1256	27,27	28,30	18,7	35,27	163	99	0.242446024542
1257	496,512	83,103	376,199	93,42	102	99	1
1258	10,7	259,329	7,3	208,156	132	99	1
1262	405,373	3,7	294,156	4,3	118	99	1
1263	655,711	10,7	495,260	11,5	162	99	1
1264	19,33	64,116	14,3	35,28	102	99	1
1265	72,61	98,116	34,15	101,35	111	99	0.745794074388
1266	71,73	12,9	46,14	6,0	198	99	0.844336198269
1267	5,1	11,1	0,0	1,2	120	99	0.1804187177
1269	33,39	9,8	39,27	1,7	103	99	0.830906499149
1270	15,9	42,82	3,3	24,16	102	99	1
1271	66,42	21,32	35,25	19,16	122	99	1
1272	25,34	590,595	19,15	456,214	198	99	1
1273	22,23	0,0	14,3	1,0	103	99	1
1274	101,106	1,2	59,39	2,0	198	99	1
1275	184,181	1,2	79,56	2,0	198	99	1
1276	170,141	45,31	98,45	43,24	126	99	0.414758237226
1277	3,8	0,0	0,1	1,1	139	99	0.00100212862087
1278	174,145	1,0	167,61	0,0	198	99	1
1279	5,8	0,3	3,0	0,0	107	99	1
1280	116,132	47,33	87,15	40,12	122	99	0.823154774328
1281	403,545	1,0	346,238	2,0	106	99	1
1282	36,49	3,3	44,14	4,0	172	99	1
1283	21,32	5,0	25,10	7,0	172	99	1
1284	65,89	5,0	65,21	7,0	198	99	1
1285	50,66	0,2	52,17	0,1	198	99	1
1286	97,70	3262,2778	94,40	2642,1269	198	99	1
1287	2,0	88,82	0,4	46,36	120	99	1
1289	0,3	0,4	0,0	4,0	169	99	1
1290	88,159	1,0	44,36	0,0	118	99	1
1291	72,119	9,36	60,47	14,8	105	99	1
1292	194,193	3,3	179,80	1,1	114	99	1
1293	192,205	132,117	78,43	111,60	102	99	0.0176383583345
1294	350,324	30,36	226,120	25,15	111	99	1
1295	26,29	0,0	33,9	1,0	105	99	1
1296	4,15	65,53	17,4	19,6	104	99	0.00914112981797
1297	97,87	18,30	64,29	9,4	102	99	1
1298	6,5	55,39	3,0	18,14	112	99	1
1299	15,9	136,110	1,1	102,39	112	99	1
1300	390,481	3,6	372,221	2,1	198	99	1
1302	51,42	1118,1148	42,15	937,507	102	99	1
1303	273,285	5,10	174,90	1,1	103	99	1
1305	0,1	403,499	0,1	358,240	198	99	1
1306	860,1069	274,316	483,210	263,138	102	99	0.169084699117
1307	73,98	7,12	63,33	6,0	198	99	0.826522710547
1309	2,6	114,87	10,3	88,43	198	99	1
1310	127,193	21,19	116,56	21,9	103	99	1
1311	48,68	21,19	36,17	21,9	174	99	0.768409617404
1312	44,64	123,189	34,17	114,56	170	99	1
1313	83,88	6,13	47,39	6,4	117	99	1
1314	17,30	94,87	17,16	67,50	198	99	1
1315	23,33	5,3	17,6	2,1	198	99	1
1316	5,8	0,1	4,5	0,0	103	99	1
1317	142,126	1,0	84,42	0,0	103	99	1
1320	116,102	14,4	87,52	18,7	123	99	1
1321	21,13	82,76	7,8	62,23	119	99	1
1322	471,465	142,173	426,250	82,44	102	99	1
1323	132,218	0,0	124,81	2,2	198	99	1
1324	3588,3961	3,5	4852,2647	2,2	141	99	1
1325	628,765	4,13	808,503	5,10	138	99	1
1326	2061,2561	4,13	2553,1575	5,10	147	99	1
1327	1440,1808	6,11	1762,1080	16,8	108	99	1
1328	60,94	89,97	62,34	59,30	102	99	1
1329	58,54	13,6	51,21	11,2	160	99	1
1330	2,3	7,1	2,0	7,4	102	99	0.119201740121
1331	203,192	1,0	106,84	0,0	198	99	1
1332	242,228	59,41	264,174	20,16	123	99	0.517009707094
1333	38,16	1314,1646	18,8	1034,644	198	99	1
1338	1,1	1,3	0,1	1,0	140	99	1
1339	3,3	1,3	2,1	1,0	144	99	0.0550924901719
1341	56,72	20,26	61,34	19,11	198	99	1
1342	10,8	174,164	9,8	108,34	117	99	1
1344	57,62	23,28	17,14	7,12	111	99	1
1345	18,14	1338,1532	18,8	1147,614	198	99	1
1346	682,810	1734,2076	539,255	1536,930	102	99	1
1348	140,158	4,1	120,75	2,1	119	99	1
1349	146,137	34,39	91,58	43,14	105	99	1
1350	343,288	3,0	229,110	7,3	119	99	1
1351	180,204	144,172	158,100	162,69	173	99	1
1352	806,927	269,326	867,459	149,81	102	99	0.64332642134
1353	11,30	10,15	10,2	5,2	198	99	1
1354	623,648	15,8	432,281	8,6	103	99	1
1355	13,8	163,218	5,0	123,77	126	99	1
1356	95,144	21,28	74,35	19,15	114	99	1
1357	20,14	11,14	14,7	14,8	198	99	1
1358	482,453	3,2	311,108	0,2	168	99	1
1359	7,1	140,147	1,4	80,57	132	99	1
1360	3,6	4,6	3,2	1,1	102	99	0.319346196358
1362	2,2	44,46	0,0	29,17	172	99	1
1363	119,112	99,92	72,34	49,11	102	99	0.816651459975
1365	8,19	20,26	12,5	18,13	120	99	1
1366	9,7	406,475	4,1	297,130	198	99	1
1367	186,197	0,0	167,43	3,0	111	99	1
1368	99,114	8,6	74,42	7,6	128	99	1
1370	192,233	3,3	179,109	4,4	107	99	1
1371	211,238	0,0	186,114	1,0	198	99	1
1372	378,352	267,197	263,160	175,82	105	99	1
1373	9,6	12,15	12,4	8,5	105	99	0.438354184024
1375	7,2	1,0	5,1	0,0	114	99	1
1377	210,186	146,157	136,68	121,59	108	99	1
1378	7,3	46,27	5,0	45,6	105	99	1
1379	3,6	0,3	1,2	0,0	102	99	1
1381	16,22	37,51	22,5	61,34	103	99	1
1382	799,818	142,176	794,436	96,59	198	99	1
1383	14,38	316,420	10,3	257,161	117	99	1
1384	54,46	1,0	21,16	0,0	107	99	1
1387	170,215	0,0	85,36	1,0	137	99	1
1388	14,12	0,0	11,2	1,0	198	99	1
1389	23,19	88,62	9,3	36,21	136	99	1
1390	25,16	59,43	20,6	45,21	110	99	1
1391	14,41	118,139	27,22	73,43	102	99	0.609655739502
1392	12,7	1,0	5,1	0,0	129	99	1
1395	151,197	0,0	143,73	2,0	135	99	1
1396	60,52	1,0	16,6	0,0	105	99	1
1397	269,347	0,1	288,165	1,0	105	99	1
1400	206,249	4,8	144,89	3,6	165	99	1
1402	5,6	8,9	1,3	2,1	121	99	0.786108065512
1403	220,204	2,0	163,62	0,0	198	99	1
1404	1,4	9,36	1,2	16,11	114	99	1
1405	0,1	39,53	1,0	28,9	198	99	1
1406	151,163	4,7	125,68	9,1	106	99	1
1407	97,94	40,52	72,30	40,21	121	99	1
1409	78,61	13,8	44,24	8,6	102	99	1
1410	123,108	19,20	71,47	12,6	114	99	1
1411	148,165	21,35	85,66	17,4	105	99	1
1412	42,23	148,188	26,20	98,69	103	99	1
1413	7,0	3,5	0,0	2,3	198	99	0.677736501011
1414	27,12	37,32	18,6	32,16	102	99	1
1415	261,319	0,2	156,88	0,0	119	99	1
1416	2732,2867	3,1	1756,858	0,0	108	99	1
1420	16,24	225,297	5,5	210,148	123	99	1
1422	65,65	1306,1289	43,25	843,434	198	99	1
1424	27,18	1,7	11,1	1,3	108	99	0.820798526353
1425	1,6	76,89	0,1	39,24	102	99	1
1426	154,139	5,8	142,60	1,4	102	99	1
1427	33,43	73,58	29,16	33,12	198	99	0.909705568315
1428	109,122	141,115	88,62	37,34	102	99	0.0265729630636
1429	260,313	173,222	371,253	181,106	198	99	0.943043553928
1430	138,186	1,0	192,134	0,0	198	99	1
1431	22,18	4,8	11,8	3,3	129	99	1
1432	0,9	16,14	2,4	24,16	171	99	1
1433	11,9	14,24	3,1	7,11	102	99	0.299873923899
1434	144,147	8,17	76,43	5,5	198	99	1
1435	1175,1133	0,0	1109,515	0,2	168	99	1
1436	2,2	12,12	4,0	10,5	114	99	1
1437	40,49	9,10	29,15	7,9	105	99	1
1438	4646,5178	1,3	3783,2353	0,0	113	99	1
1439	60,80	10,16	33,12	7,3	102	99	1
1440	6,8	98,122	18,11	67,31	158	99	0.596040294107
1441	1,2	434,476	0,1	308,159	180	99	1
1442	389,502	709,674	300,146	448,239	118	99	1
1443	239,345	12,16	169,107	22,12	104	99	1
1444	49,36	0,0	26,9	0,2	198	99	1
1445	41,35	150,126	32,12	128,39	198	99	1
1446	39,53	150,126	35,10	128,39	198	99	1
1447	25,49	15,15	23,14	9,7	198	99	1
1448	1333,1331	5,10	1051,484	6,4	136	99	1
1449	99,109	2,2	62,39	1,2	198	99	1
1450	125,117	0,0	92,63	0,1	198	99	1
1451	9,4	23,11	4,1	8,1	172	99	1
1452	51,72	9,10	57,32	17,6	145	99	1
1453	669,697	1,2	579,262	3,0	198	99	1
1454	80,122	27,56	85,41	23,19	102	99	1
1455	48,55	255,391	32,13	176,86	198	99	1
1456	5,2	86,94	6,6	50,26	115	99	1
1457	135,92	2,10	117,51	3,1	107	99	1
1458	7,8	109,108	9,3	84,34	165	99	1
1459	21,38	1,0	27,5	0,0	107	99	1
1461	433,454	25,53	438,229	49,22	198	99	1
1462	899,985	945,843	913,596	574,277	198	99	0.265355825427
1463	512,616	945,843	550,398	574,277	198	99	0.357015386318
1464	846,932	0,0	808,567	2,3	198	99	1
1465	1,0	167,130	0,1	114,58	115	99	1
1466	736,694	4,8	457,266	0,0	117	99	1
1467	198,237	44,34	145,85	23,8	103	99	1
1469	9,8	65,89	17,9	90,43	198	99	1
1470	88,95	25,18	96,63	26,17	106	99	1
1471	145,157	6,9	148,94	6,4	105	99	1
1472	2,2	21,14	2,0	16,2	113	99	1
1473	31,22	99,96	19,12	57,29	102	99	1
1474	49,54	0,0	43,9	1,0	169	99	1
1475	6,10	2,0	1,1	1,0	198	99	1
1476	71,134	53,60	66,48	24,13	102	99	0.655890415887
1477	1,5	1489,1455	5,7	967,478	198	99	1
1478	27,28	17,31	19,12	11,9	123	99	1
1479	120,132	25,56	92,56	28,8	116	99	1
1480	13,6	53,71	4,2	32,31	116	99	1
1481	37,43	305,293	53,30	222,111	102	99	1
1482	0,0	51,49	1,0	24,9	144	99	1
1485	12,14	4,3	2,6	5,1	111	99	0.652722398138
1487	136,103	72,106	81,40	43,30	102	99	1
1488	42,29	3,2	18,10	3,3	180	99	0.594239767733
1489	3,3	4,6	4,2	3,2	102	99	0.594510489649
1490	90,77	1,0	38,11	0,0	130	99	1
1491	38,43	1,0	20,3	0,0	141	99	1
1492	4,10	56,44	6,1	24,9	110	99	1
1493	31,36	1,0	30,20	0,1	106	99	1
1494	10,13	182,188	8,2	142,55	198	99	1
1496	632,631	1,2	572,256	4,3	105	99	1
1497	8,16	526,529	10,10	385,231	123	99	1
1498	163,190	18,25	94,42	7,2	105	99	1
1499	23,14	181,199	11,4	133,74	114	99	1
1500	73,89	0,0	69,40	0,1	198	99	1
1501	187,134	118,120	95,39	79,48	117	99	1
1502	98,111	516,576	46,29	322,178	118	99	1
1503	382,422	18,18	302,159	17,7	102	99	1
1504	130,130	2,4	96,53	6,4	102	99	1
1505	35,25	46,36	18,11	23,12	151	99	1
1506	204,191	1,0	154,70	2,0	133	99	1
1507	237,242	7,15	175,90	6,5	114	99	1
1508	115,84	9,4	79,42	1,4	130	99	1
1509	909,866	8,4	836,418	9,1	104	99	1
1510	119,132	4,12	58,29	4,0	119	99	1
1511	156,178	29,37	141,59	35,15	144	99	1
1513	49,63	4,0	47,15	0,0	115	99	1
1514	13,11	50,22	21,13	17,6	113	99	0.00696362019363
1515	153,113	1,1	88,37	1,0	198	99	1
1517	6,5	31,14	5,3	12,6	118	99	0.888778543142
1518	67,95	2,3	52,27	0,1	102	99	1
1519	10,3	2,1	8,1	0,0	110	99	0.531231814882
1520	4,5	124,144	1,1	93,49	123	99	1
1521	255,166	1,0	169,69	1,0	102	99	1
1522	131,157	0,0	129,78	1,1	111	99	1
1523	151,209	51,49	107,55	34,27	120	99	1
1524	12,15	57,50	19,4	21,19	102	99	0.809809126561
1525	23,33	1745,2012	17,9	1311,807	198	99	1
1526	16,18	26,38	7,2	29,12	112	99	0.293603288048
1527	246,262	9,9	276,149	10,4	120	99	1
1529	223,295	0,3	202,95	1,0	105	99	1
1530	2,0	50,40	0,0	9,1	198	99	1
1531	47,57	4,2	25,9	5,2	105	99	0.91500131119
1532	259,336	5,2	303,168	3,1	171	99	1
1533	188,177	11,4	147,67	1,3	134	99	1
1534	22,26	875,1020	42,13	583,286	102	99	1
1535	116,120	235,290	68,34	168,98	117	99	1
1536	444,513	295,332	271,184	305,205	180	99	0.367297339384
1537	56,68	26,11	43,30	17,6	108	99	1
1539	32,42	15,20	88,56	13,12	102	99	0.164755267703
1541	9,9	27,24	5,4	7,1	102	99	0.21278822659
1542	45,81	19,11	52,25	7,5	106	99	1
1543	96,78	14,21	50,34	11,5	105	99	1
1545	78,55	9,18	37,24	10,3	118	99	1
1546	69,86	3,1	43,36	3,0	131	99	1
1547	41,46	892,998	30,14	789,400	186	99	1
1548	20,7	4,14	9,2	6,3	102	99	1
1549	168,171	5,9	94,71	11,3	105	99	1
1550	61,68	0,0	44,28	0,1	198	99	1
1551	7,18	151,185	6,0	79,56	122	99	1
1552	65,47	55,79	36,31	63,34	102	99	1
1553	8,1	15,12	3,2	15,6	106	99	1
1554	10,6	2,4	6,5	2,0	122	99	0.208519065472
1555	17,17	2,4	18,9	2,0	115	99	0.846965049627
1556	0,0	161,167	1,0	127,58	113	99	1
1558	0,0	16,16	1,1	10,3	108	99	1
1559	273,323	4,2	224,138	0,0	198	99	1
1560	338,350	12,13	259,131	11,1	119	99	1
1561	69,91	2042,2472	76,57	1882,1081	198	99	1
1562	2477,2966	1,1	2443,1442	4,1	198	99	1
1563	11,12	26,23	5,2	22,18	114	99	0.304055517685
1564	393,367	80,66	151,64	39,31	102	99	1
1565	32,46	0,1	18,7	0,0	106	99	1
1566	0,1	7,1	7,0	3,0	122	99	1
1569	9,11	18,32	0,2	7,10	119	99	0.0528081147236
1570	27,35	0,5	10,12	2,0	198	99	1
1572	51,91	2,2	50,17	1,0	198	99	1
1573	0,4	22,22	3,3	26,3	107	99	0.943340521158
1574	9,15	18,15	12,3	11,9	116	99	1
1575	6,6	218,226	3,3	141,117	144	99	1
1576	22,26	153,145	43,28	121,60	115	99	0.349649027354
1577	166,181	0,0	159,75	4,0	157	99	1
1578	18,19	15,12	17,10	2,0	102	99	0.000236347572104
1579	1038,1187	30,22	805,490	24,10	172	99	1
1580	6,9	156,207	4,5	120,77	189	99	1
1581	436,342	404,362	346,169	95,67	102	99	1.49896123602e-06
1582	186,215	48,41	117,67	12,19	105	99	1
1583	3,3	3,1	5,1	3,0	118	99	0.654953333449
1584	3,3	0,0	5,1	0,1	105	99	1
1585	72,75	0,0	41,21	0,1	111	99	1
1587	100,73	1,2	58,45	0,0	111	99	1
1588	2,6	45,54	9,2	23,6	102	99	0.212526506982
1589	2,2	49,58	0,1	34,19	111	99	1
1590	13,12	22,26	3,6	10,7	111	99	1
1591	26,19	208,198	18,8	187,69	103	99	1
1592	5119,4673	172,138	4880,2278	152,68	102	99	1
1593	7277,7582	1,0	8035,4372	0,0	103	99	1
1594	13,13	774,843	7,4	704,313	198	99	1
1595	11,15	774,843	5,4	704,313	198	99	1
1596	1,2	2,0	0,1	2,0	102	99	0.0385202522376
1597	55,48	0,2	33,18	0,3	122	99	1
1598	5,2	365,221	2,0	163,79	198	99	1
1599	82,116	14,8	62,40	7,5	105	99	1
1600	17,17	0,1	14,7	0,4	198	99	0.668194753623
1602	3,3	3,0	7,0	2,0	102	99	1
1603	104,114	52,53	61,43	41,26	136	99	1
1604	15,35	75,55	16,3	61,22	198	99	1
1605	1,0	5,2	0,0	2,1	112	99	1
1606	252,252	4,0	167,84	1,2	106	99	1
1607	16,11	19,23	4,4	11,5	111	99	1
1608	24,15	19,23	17,6	11,5	117	99	0.953038237606
1609	23,14	15,10	16,6	3,4	105	99	0.440481062283
1610	312,253	74,74	192,98	69,23	116	99	1
1611	0,5	15,26	10,1	5,2	123	99	0.0161612032851
1613	4,4	188,189	2,3	161,92	122	99	1
1614	180,167	0,0	154,81	0,1	198	99	1
1615	66,44	70,72	56,27	32,16	102	99	0.101560043
1616	6,6	15,14	3,5	16,2	102	99	1
1617	1,0	33,32	0,0	22,8	111	99	1
1618	71,88	135,133	83,38	163,62	126	99	1
1619	386,527	75,54	340,177	62,25	102	99	1
1620	1,1	5,1	0,1	1,0	102	99	1
1621	7,4	18,14	3,7	8,11	113	99	1
1622	558,683	81,93	497,291	62,27	114	99	1
1623	9,15	620,721	6,10	484,363	129	99	1
1624	85,73	18,25	53,36	11,9	140	99	1
1627	1117,1285	0,7	705,436	0,0	107	99	1
1630	36,38	21,18	28,19	20,8	103	99	1
1631	1,0	119,152	0,0	94,37	126	99	1
1632	4,8	64,50	9,6	77,34	105	99	1
1635	4,8	56,86	3,0	32,14	198	99	1
1636	45,59	193,219	29,9	126,74	117	99	1
1637	80,92	8,6	53,29	9,5	105	99	1
1639	33,26	1248,1344	31,21	762,413	102	99	1
1640	482,617	119,139	288,180	73,54	110	99	1
1641	414,393	10,12	267,104	5,2	114	99	1
1642	12,7	0,0	4,6	1,0	110	99	1
1643	3144,3286	0,2	2545,1330	0,0	102	99	1
1644	76,43	10,8	43,24	13,1	156	99	1
1645	19,10	5,1	6,8	1,1	196	99	1
1647	150,190	1,0	110,73	0,0	198	99	1
1648	224,262	86,114	155,98	77,48	102	99	1
1649	22,35	395,443	23,14	285,123	105	99	1
1650	0,11	294,372	4,2	181,111	198	99	1
1651	269,304	1028,987	139,80	441,238	124	99	1
1652	2755,2516	3,1	1483,665	0,0	109	99	1
1653	71,87	0,1	43,18	0,0	104	99	1
1654	10,21	0,2	10,9	1,0	108	99	1
1655	254,313	293,318	163,74	267,171	102	99	0.317436440631
1656	839,1021	0,9	575,374	0,0	198	99	1
1657	5,0	1,0	2,0	4,0	102	99	1
1658	70,91	1,7	28,15	0,1	132	99	1
1659	108,81	23,22	76,44	15,6	198	99	1
1660	19,6	29,44	4,0	24,6	110	99	0.480694125928
1661	74,62	86,105	53,16	78,27	105	99	1
1662	0,4	2,3	1,0	1,1	111	99	0.53924878115
1663	142,138	0,1	75,51	0,0	111	99	1
1664	14,24	366,434	10,3	315,161	198	99	1
1665	3,2	2,5	7,2	0,3	102	99	0.151592721135
1666	5,5	145,220	4,0	222,117	114	99	1
1668	6,12	1,2	6,2	1,0	128	99	0.574842562569
1669	0,0	20,16	2,0	12,9	198	99	1
1670	5,12	3,4	8,2	3,0	198	99	0.589784178957
1671	25,28	3,4	18,11	3,0	128	99	1
1672	1305,1289	88,56	1070,528	216,123	105	99	0.0396901128267
1673	1327,1333	8,4	1092,533	29,9	108	99	1
1674	110,100	8,4	238,128	29,9	102	99	1
1675	70,66	0,2	40,13	0,0	198	99	1
1676	3,4	64,58	1,0	22,20	111	99	1
1677	48,25	1013,878	49,14	707,386	198	99	1
1678	1,0	0,0	0,0	2,3	111	99	1
1679	214,259	0,0	201,95	1,0	104	99	1
1680	1,1	318,303	1,1	231,112	115	99	1
1681	6,7	114,151	6,0	115,60	129	99	1
1682	38,37	13,8	9,9	7,0	121	99	1
1683	4,9	28,36	14,1	25,17	109	99	1
1684	75,94	1,2	62,20	6,0	174	99	1
1685	1014,963	36,36	830,401	48,28	105	99	1
1686	22,46	2,5	15,6	0,0	104	99	1
1687	5,19	0,2	4,1	2,0	104	99	1
1688	21,25	12,15	12,4	4,1	104	99	0.55421046924
1689	36,23	0,0	22,3	1,2	117	99	1
1690	49,51	4,0	32,20	1,0	189	99	1
1692	71,40	23,19	37,18	9,4	114	99	1
1693	8,9	1,1	0,1	0,0	104	99	1
1694	51,48	14,16	30,12	7,5	119	99	1
1695	12,13	26,15	9,2	24,20	102	99	0.286164441259
1696	14,15	33,41	27,10	27,14	114	99	0.24550664056
1697	19,18	753,795	15,9	499,265	132	99	1
1698	883,848	2,5	973,415	3,1	198	99	1
1700	44,76	7,1	57,22	5,1	148	99	1
1701	50,39	4,5	29,30	0,0	198	99	0.532094167756
1702	64,52	687,630	29,22	436,197	198	99	1
1703	9,6	2,0	20,15	0,0	128	99	1
1704	27,21	1,3	37,25	7,1	128	99	1
1705	10,11	1,3	30,25	7,1	198	99	1
1706	3,11	20,15	13,20	18,12	198	99	0.258889407164
1707	5,14	553,662	7,4	367,209	198	99	1
1708	22,16	145,173	13,24	74,43	102	99	0.575412162045
1709	28,61	220,287	33,5	145,82	102	99	1
1710	123,137	91,69	86,61	28,30	115	99	0.954297344065
1711	18,19	129,183	17,4	106,68	152	99	1
1713	9,12	581,596	16,13	539,180	198	99	1
1714	62,38	2,0	35,19	1,0	104	99	1
1715	718,751	374,444	525,267	258,185	104	99	1
1716	1,6	10,8	2,0	3,2	105	99	0.424929288393
1717	7,3	0,0	2,0	1,0	198	99	1
1718	18,19	90,139	56,29	63,43	102	99	9.9594877816e-06
1720	537,618	64,65	442,216	28,10	104	99	1
1721	623,691	19,24	440,300	19,9	105	99	1
1722	71,112	0,4	86,36	2,0	105	99	1
1723	61,123	14,27	53,39	39,14	103	99	0.23056353743
1724	135,136	4,3	85,28	2,0	123	99	1
1726	8,14	245,220	9,0	151,97	102	99	1
1727	44,43	32,41	32,23	29,13	198	99	1
1728	245,253	11,41	187,69	17,10	183	99	1
1729	585,726	25,35	350,239	3,11	198	99	1
1730	10,15	148,127	9,0	109,54	198	99	1
1731	83,112	224,164	94,42	201,94	103	99	1
1733	1,1	1059,806	2,0	506,229	198	99	1
1734	137,160	4,2	102,53	4,0	109	99	1
1735	102,99	1,7	57,26	11,3	146	99	0.41334484466
1736	88,66	6,3	52,31	3,2	111	99	1
1737	5,11	172,219	1,6	110,64	102	99	1
1738	117,120	1,0	95,48	0,0	114	99	1
1739	329,312	24,41	268,112	22,7	119	99	1
1740	238,219	1,1	169,89	0,0	108	99	1
1741	265,304	11,4	175,101	4,5	105	99	1
1742	25,17	9,13	27,15	6,3	168	99	0.248575112171
1743	42,49	130,172	36,18	98,65	115	99	1
1745	1285,1417	0,0	1080,593	1,0	101	99	1
1746	1933,2353	70,55	1645,942	53,38	102	99	1
1747	71,58	0,0	148,109	2,2	124	99	1
1749	152,179	38,55	98,56	55,29	102	99	0.40519930655
1750	1,8	16,36	0,0	24,18	144	99	1
1751	242,244	132,138	298,163	39,27	102	99	4.34286899131e-06
1753	15,45	28,34	14,6	3,4	103	99	0.131072806641
1754	68,62	6,7	73,55	12,6	103	99	1
1755	80,69	2,0	41,20	0,0	125	99	1
1756	499,453	106,90	375,215	72,21	120	99	1
1757	33,24	17,4	22,14	12,0	189	99	0.781164581184
1758	15,11	1,4	13,0	2,0	198	99	1
1759	20,22	1,4	16,1	2,0	198	99	1
1760	23,30	2,0	9,8	1,0	151	99	1
1762	55,28	119,83	39,29	51,27	198	99	0.43736548418
1763	15,19	247,200	14,2	161,77	120	99	1
1764	18,20	608,667	10,7	597,301	198	99	1
1765	1,0	3,1	1,0	6,1	127	99	1
1766	2,1	5,3	5,1	3,2	109	99	0.411552475913
1767	8,9	0,1	7,4	0,0	102	99	1
1769	33,48	285,351	40,18	167,93	102	99	1
1770	393,358	12,7	187,81	7,1	136	99	1
1771	213,248	4,0	130,69	0,0	198	99	1
1772	7,12	241,296	19,12	279,164	117	99	1
1773	102,95	1446,2210	36,19	987,589	198	99	1
1774	82,70	36,36	48,25	27,14	132	99	1
1775	46,22	4,0	24,11	0,0	132	99	1
1776	79,61	2,0	45,25	0,3	102	99	1
1777	215,209	13,12	154,81	10,7	102	99	1
1778	29,25	16,13	25,12	10,0	171	99	0.231473864271
1779	34,29	4,4	10,9	1,0	162	99	0.496936526997
1780	41,44	70,65	25,10	61,16	134	99	1
1781	31,36	0,1	27,12	2,0	123	99	1
1782	46,51	9,4	34,13	16,9	134	99	0.0242919079018
1783	15,16	9,4	9,1	16,9	110	99	0.00555908669012
1784	0,3	0,2	1,0	0,2	112	99	1
1786	23,20	37,35	16,14	21,12	198	99	1
1787	35,21	107,91	18,15	76,25	198	99	1
1788	55,42	107,91	27,15	76,25	198	99	1
1789	5,5	78,87	0,1	76,40	102	99	1
1790	27,25	82,65	12,13	28,30	114	99	1
1791	22,12	214,283	7,8	127,57	127	99	1
1792	151,120	2,1	155,45	0,0	114	99	1
1794	30,21	161,204	28,18	147,113	102	99	1
1795	0,6	193,190	0,0	212,97	102	99	1
1796	20,20	0,2	16,12	0,0	198	99	1
1797	161,177	23,28	166,97	27,12	140	99	1
1798	162,203	15,4	99,97	19,6	166	99	1
1799	489,519	241,210	348,203	176,81	150	99	1
1800	432,393	219,324	259,160	220,124	198	99	1
1801	403,495	9,2	364,219	5,3	198	99	1
1802	122,139	37,42	64,55	19,14	198	99	1
1803	394,440	1,0	285,137	0,0	104	99	1
1804	10,11	416,391	14,4	288,148	198	99	1
1805	96,68	78,55	22,19	60,41	102	99	0.0022698007409
1806	0,1	110,124	3,0	68,39	116	99	1
1807	5,1	5,4	1,2	0,0	198	99	1.85152464582e-07
1809	22,32	3,10	13,6	6,0	160	99	1
1810	2,0	125,116	1,1	104,38	102	99	1
1811	8,3	4,6	2,1	0,0	103	99	0.00110617723017
1812	21,15	18,13	15,10	13,1	103	99	0.527334716996
1813	154,100	236,199	110,49	149,71	118	99	1
1814	12,15	2697,2913	12,8	3075,1757	145	99	1
1815	67,75	3,0	60,18	0,0	198	99	1
1816	547,510	1,1	335,193	1,0	104	99	1
1819	341,422	190,233	218,152	102,65	116	99	1
1822	76,60	250,218	77,21	161,94	102	99	1
1823	4,3	229,294	2,6	206,104	119	99	1
1824	2,1	4,2	2,0	0,0	132	99	1
1825	2,0	4,7	2,0	0,2	102	99	1
1828	119,202	22,21	117,54	12,9	105	99	1
1831	106,151	43,78	123,66	38,14	117	99	0.733363446054
1832	0,1	0,5	0,0	2,0	130	99	1
1833	41,43	17,14	33,19	8,6	128	99	1
1834	49,47	58,59	54,25	68,23	121	99	1
1835	87,74	7,11	50,16	11,10	112	99	0.356119239837
1836	158,116	3,7	120,67	7,3	105	99	1
1837	66,79	0,6	45,39	2,6	103	99	1
1838	94,131	166,190	78,49	126,46	102	99	1
1840	4,4	438,506	2,3	321,171	135	99	1
1841	30,44	704,865	16,8	554,318	102	99	1
1842	1,6	74,113	4,3	59,49	106	99	1
1844	957,990	161,167	854,431	159,79	106	99	1
1845	1222,1401	1,2	1614,791	0,0	120	99	1
1846	96,67	1,0	31,22	0,0	198	99	1
1847	33,32	0,0	22,12	0,1	131	99	1
1848	67,53	50,59	25,18	36,31	114	99	0.575590380128
1849	13,16	394,388	14,8	240,131	198	99	1
1850	33,44	18,20	21,31	9,7	108	99	0.86606009447
1852	16,16	162,156	7,7	123,90	102	99	1
1853	4,5	10,7	1,3	14,3	126	99	0.668255630197
1854	4,8	1,2	1,0	0,0	106	99	1
1857	141,180	3,2	130,65	0,0	123	99	1
1858	229,240	22,35	201,97	20,11	110	99	1
1859	3,5	156,181	0,3	112,42	108	99	1
1860	15,37	46,41	15,14	30,9	120	99	1
1861	4,2	39,45	2,0	21,6	126	99	1
1862	35,45	265,340	32,11	233,151	104	99	1
1863	34,19	78,103	42,20	76,16	103	99	0.177666653113
1864	63,36	207,143	45,17	139,62	146	99	1
1865	134,120	10,10	103,56	5,2	164	99	1
1867	362,317	15,6	349,121	15,5	105	99	1
1868	3,1	198,228	0,0	160,85	126	99	1
1869	117,168	1,1	165,66	2,1	198	99	1
1870	237,282	140,122	168,78	81,37	126	99	1
1871	219,207	0,0	152,91	0,5	198	99	1
1872	69,58	1,0	55,22	0,2	121	99	1
1873	3,2	32,32	5,1	20,20	128	99	1
1874	670,717	37,28	869,501	34,20	191	99	1
1875	42,56	167,207	100,73	108,28	126	99	0.000290614939326
1876	420,417	13,21	332,161	8,4	102	99	1
1877	2,4	19,19	4,4	0,1	109	99	1.03219444525e-06
1878	27,20	0,1	24,10	1,0	104	99	1
1882	9,12	170,185	10,6	157,81	122	99	1
1883	442,470	6,5	374,202	4,4	179	99	1
1884	8,5	219,210	6,3	153,94	126	99	1
1885	13,6	241,249	4,4	268,151	198	99	1
1886	305,339	7,12	208,118	4,4	111	99	1
1887	15,9	29,23	13,7	3,1	104	99	4.99656993633e-05
1888	5,0	81,55	1,1	88,39	198	99	1
1889	134,110	12,13	121,49	5,7	198	99	1
1890	8,5	29,26	3,1	15,2	102	99	1
1891	14,8	29,24	2,3	23,10	135	99	0.378386273202
1893	205,199	96,117	102,62	84,56	119	99	0.63448656363
1894	518,485	34,23	463,219	26,13	147	99	1
1896	9,2	199,213	10,4	111,72	198	99	1
1897	4,8	2,1	0,2	0,0	198	99	1
1898	203,253	13,6	196,108	19,12	146	99	1
1899	556,693	0,3	662,397	3,2	114	99	1
1901	3,1	287,305	0,4	216,109	198	99	1
1902	77,112	0,0	74,29	1,0	113	99	1
1903	623,731	415,481	491,263	194,97	102	99	0.426117215145
1904	81,71	16,7	39,33	16,9	104	99	0.607788363
1905	59,51	10,9	25,11	7,4	165	99	0.894009537337
1906	76,62	25,35	31,12	13,9	188	99	1
1907	27,20	25,35	13,5	13,9	122	99	1
1908	10,4	69,80	3,1	49,25	198	99	1
1909	143,155	814,806	53,18	448,214	120	99	1
1910	173,180	13,23	177,118	19,5	198	99	1
1911	5,10	0,0	20,19	2,0	117	99	1
1912	1,0	93,96	0,0	75,41	121	99	1
1914	12,18	0,1	10,3	0,0	114	99	1
1916	433,389	146,170	265,147	140,70	108	99	1
1917	164,174	146,170	158,68	140,70	111	99	1
1918	128,143	397,358	125,54	232,133	102	99	1
1920	3099,3100	1,9	2787,1403	0,2	101	99	1
1921	236,265	301,248	269,117	206,80	110	99	0.984618570587
1924	0,1	5,10	0,1	2,6	133	99	1
1925	1,3	5,10	0,1	2,6	121	99	0.806841387045
1926	102,103	39,27	62,31	30,13	198	99	1
1927	17,15	223,301	11,11	199,128	198	99	1
1928	163,163	1,0	82,33	0,0	198	99	1
1930	0,1	79,52	0,0	36,20	120	99	1
1932	1,0	3,0	1,0	1,0	138	99	1
1933	1138,1296	248,278	1489,817	235,117	121	99	1
1934	394,459	2,9	475,218	5,4	198	99	1
1935	78,80	0,2	53,19	0,0	121	99	1
1936	14,33	329,275	13,11	324,132	183	99	1
1937	26,24	2,4	29,5	2,0	101	99	1
1938	847,695	1,0	589,256	0,0	108	99	1
1939	4,8	0,0	1,0	1,0	198	99	1
1940	135,116	252,221	77,28	223,86	102	99	1
1941	35,42	122,128	22,12	129,66	181	99	1
1942	147,137	180,211	77,55	145,88	106	99	1
1943	252,263	0,1	196,82	0,0	129	99	1
1944	655,639	5,1	573,318	3,2	198	99	1
1945	12,2	8,1	9,5	10,4	105	99	0.820899789979
1946	8,5	167,133	6,4	70,39	114	99	1
1947	119,113	61,65	52,36	34,31	112	99	1
1948	1308,1656	42,58	1018,595	30,24	168	99	1
1949	31,27	91,77	13,6	29,5	111	99	0.884171709382
1950	12,15	6,3	6,7	4,0	112	99	0.955545648006
1952	113,109	1,0	80,41	0,0	156	99	1
1954	76,115	96,82	85,32	71,41	119	99	1
1956	31,39	70,86	12,12	46,23	102	99	1
1957	1,0	5,2	2,1	1,1	104	99	0.0919988003229
1958	12,17	21,12	4,4	9,1	104	99	1
1959	945,1047	24,28	828,382	15,8	105	99	1
1960	12,10	4,12	10,6	5,2	114	99	0.889388325113
1961	17,15	1,0	10,9	0,0	198	99	1
1962	92,93	18,20	44,22	9,2	115	99	1
1963	21,19	0,1	14,4	0,1	115	99	1
1964	21,27	1,2	14,8	0,0	115	99	1
1965	158,162	0,3	88,40	3,0	198	99	1
1966	110,96	19,11	58,38	7,2	110	99	1
1968	14,23	216,295	21,17	158,79	102	99	1
1969	2,5	1,2	3,0	0,0	102	99	1
1970	6,3	17,16	3,0	9,5	102	99	0.808239920661
1971	13,13	0,0	17,6	0,2	146	99	1
1972	43,51	42,33	54,32	17,4	198	99	0.0172291687155
1973	1,0	6,9	2,0	3,0	102	99	1
1974	8,3	12,5	2,4	13,6	102	99	0.526238151343
1975	75,87	88,114	60,32	63,28	131	99	1
1976	19,11	7,2	7,1	3,0	114	99	0.929512747858
1977	99,130	0,2	135,70	0,0	116	99	1
1978	58,45	199,249	44,22	112,54	120	99	1
1982	6,4	10,2	14,6	2,4	101	99	0.189660459431
1984	49,40	53,69	19,3	22,11	114	99	1
1985	92,73	66,55	52,21	30,17	108	99	1
1986	43,46	97,71	20,13	55,24	102	99	1
1987	10,9	4,16	10,4	2,0	151	99	0.00842278839166
1989	80,82	0,0	63,26	1,0	141	99	1
1990	40,39	443,299	72,17	210,96	198	99	1
1991	228,164	1,0	151,72	1,0	198	99	1
1992	52,66	379,393	72,24	322,160	198	99	1
1993	4,1	116,102	2,0	49,27	120	99	1
1994	583,567	3,8	387,213	8,3	106	99	1
1995	41,10	0,3	17,6	0,0	109	99	1
1996	8,17	1,0	9,1	1,0	127	99	1
1997	1,0	12,20	0,1	8,5	108	99	1
1998	5,4	41,34	2,1	15,5	102	99	1
1999	57,40	10,11	23,26	3,1	120	99	0.442100433603
2001	18,39	1,1	23,6	0,1	183	99	1
2002	17,4	303,297	5,5	191,109	198	99	1
2003	20,13	1,10	16,2	2,1	170	99	0.704506195307
2004	33,29	446,519	16,16	310,155	198	99	1
2005	17,18	55,62	9,6	53,24	102	99	1
2006	2,0	1,0	4,1	0,0	110	99	1
2007	56,49	40,30	55,24	18,12	198	99	0.591374093421
2008	68,56	38,25	46,14	6,8	198	99	0.561764287913
2009	37,57	9,10	9,13	7,7	159	99	0.105296372437
2010	4,12	66,68	15,2	41,32	112	99	1
2011	0,1	109,88	3,0	100,70	123	99	1
2013	56,55	27,42	31,11	32,11	198	99	0.734004558733
2014	227,277	2,1	116,61	1,0	141	99	1
2015	2249,1901	79,59	1736,716	55,32	102	99	1
2017	38,24	14,6	21,4	4,4	105	99	1
2019	206,256	0,1	230,104	0,1	143	99	1
2020	22,16	234,332	2,11	144,120	113	99	1
2021	0,4	56,21	1,1	20,9	147	99	1
2022	1,2	36,34	5,0	27,7	111	99	1
2023	61,97	13,19	77,48	13,11	129	99	1
2025	2,1	1,0	0,2	0,0	198	99	1
2027	168,178	215,306	122,56	210,120	119	99	1
2028	12,9	233,236	14,4	169,77	103	99	1
2030	19,27	15,13	9,5	21,11	162	99	0.0225316200119
2035	168,158	10,27	120,66	25,5	110	99	1
2036	143,178	27,21	87,62	12,3	110	99	1
2038	88,52	157,189	44,28	174,75	102	99	1
2039	616,552	18,7	510,222	5,12	102	99	1
2040	110,122	2,0	63,37	0,0	138	99	1
2041	40,73	2,4	31,22	2,3	129	99	1
2042	3,8	31,36	5,1	19,21	119	99	1
2046	23,40	202,235	32,24	209,88	119	99	1
2047	44,61	202,235	50,53	209,88	198	99	1
2048	38,46	11,20	42,38	13,6	198	99	0.902791330898
2049	24,37	38,21	20,15	26,7	102	99	1
2050	8,31	38,21	10,9	26,7	108	99	1
2051	6,17	22,23	5,5	15,11	105	99	1
2052	236,229	0,1	221,79	0,0	108	99	1
2054	2,8	17,19	7,2	20,11	132	99	1
2055	6,9	84,55	3,7	46,42	123	99	1
2056	0,1	1,2	1,0	0,1	110	99	1
2057	162,191	3,10	106,50	1,4	164	99	1
2058	83,88	0,2	58,23	0,0	164	99	1
2059	198,200	0,2	136,69	0,0	198	99	1
2060	125,124	0,1	85,52	0,0	198	99	1
2062	6,7	285,310	8,1	379,204	129	99	1
2063	4,0	308,287	8,1	213,98	168	99	1
2064	298,349	0,6	238,98	1,1	102	99	1
2066	518,471	2,1	363,170	1,0	198	99	1
2067	29,15	556,498	24,5	459,171	198	99	1
2068	66,69	3,0	61,36	0,2	198	99	1
2069	23,12	4,5	3,5	0,0	122	99	0.103673669767
2071	180,227	0,1	116,47	0,0	126	99	1
2072	27,37	73,99	30,20	61,33	198	99	1
2073	15,22	8,16	2,11	9,7	198	99	0.450423886316
2074	715,756	111,114	638,368	81,48	111	99	1
2075	9,4	238,209	3,3	132,67	198	99	1
2076	396,514	41,60	305,207	43,50	116	99	1
2077	148,195	48,49	156,113	45,15	135	99	1
2078	503,649	48,49	418,270	45,15	152	99	1
2079	14,22	172,166	30,16	208,118	105	99	1
2080	3,2	25,27	2,0	21,7	198	99	1
2081	71,73	19,22	48,24	18,1	123	99	1
2082	101,96	307,263	67,18	201,77	108	99	1
2083	382,423	5,1	300,176	3,5	105	99	1
2084	19,12	143,175	12,5	111,87	117	99	1
2085	196,226	20,32	155,86	9,1	105	99	1
2086	623,614	400,351	331,199	291,146	198	99	1
2087	68,103	0,0	41,31	4,0	198	99	1
2089	375,417	107,126	257,129	57,29	111	99	1
2090	71,60	42,52	27,10	24,14	105	99	0.936489317749
2091	52,48	0,0	37,12	0,1	198	99	1
2092	137,216	1,0	83,42	1,2	118	99	1
2093	194,210	52,70	192,70	68,23	166	99	1
2095	13,8	41,19	8,6	14,6	102	99	0.615669671857
2096	14,12	5,3	7,2	2,0	113	99	0.257924990184
2097	2515,1996	489,408	1900,932	349,191	102	99	1
2099	20,14	192,194	12,9	168,97	198	99	1
2100	662,703	4,0	447,258	3,1	103	99	1
2101	1,0	52,67	0,1	31,20	117	99	1
2102	115,116	0,0	115,76	1,1	198	99	1
2103	1,3	34,28	3,3	24,13	198	99	1
2105	37,34	2,11	63,44	5,14	198	99	1
2107	2,3	4167,4553	3,1	1858,861	126	99	1
2109	3562,3997	1,0	2513,1350	0,0	164	99	1
2111	120,105	3,4	56,23	6,1	102	99	1
2112	18,17	22,16	18,7	10,10	120	99	1
2113	2104,1591	316,246	925,370	246,126	102	99	1
2115	197,251	0,2	133,65	0,0	198	99	1
2116	421,423	0,0	323,169	0,1	198	99	1
2117	402,372	46,47	262,110	61,13	108	99	1
2118	146,171	12,10	100,57	10,5	136	99	1
2119	19,11	12,9	10,5	2,0	108	99	0.00688367137875
2120	44,48	2,6	43,33	3,1	110	99	1
2121	5,4	32,21	3,0	19,12	126	99	1
2122	3,0	2,0	0,0	1,0	146	99	1
2123	570,567	28,13	445,225	23,1	102	99	1
2124	13,4	110,92	6,4	73,33	110	99	1
2126	6,1	2,0	3,0	0,0	111	99	1
2127	142,186	18,30	82,58	13,8	104	99	1
2128	3,3	8,14	2,0	11,6	116	99	0.56996202149
2129	67,61	118,120	66,50	141,95	105	99	1
2131	999,1209	74,93	717,442	53,35	114	99	1
2132	34,47	23,29	18,7	26,22	102	99	0.0338516344819
2133	7,5	16,28	1,3	11,3	150	99	1
2134	9,7	441,447	3,1	304,158	198	99	1
2135	88,82	7,1	66,45	7,4	111	99	1
2138	6,4	1,2	4,3	2,1	107	99	0.801859151295
2139	2,4	90,105	0,0	75,37	198	99	1
2140	837,1041	0,0	585,309	0,1	116	99	1
2141	66,36	7,3	22,13	1,0	162	99	1
2142	19,20	130,157	4,7	106,50	102	99	1
2143	186,264	9,8	152,85	6,3	105	99	1
2146	2784,3202	3,6	3147,1601	4,8	126	99	1
2147	111,136	3,1	175,89	4,4	103	99	1
2149	708,624	52,76	384,228	58,29	105	99	1
2150	25,30	47,39	17,5	25,11	198	99	1
2152	9,3	9,31	3,1	13,4	108	99	1
2153	199,204	0,2	194,108	1,0	198	99	1
2156	2,5	7,5	1,2	8,3	105	99	0.499946857589
2158	1,7	189,172	3,7	116,68	198	99	1
2159	16028,18724	5,7	14970,7714	4,2	102	99	1
2160	16758,19636	3,3	15731,8034	5,5	106	99	1
2161	735,919	3,3	765,322	5,5	103	99	1
2163	5,1	35,39	2,1	17,10	117	99	1
2164	31,19	513,428	9,4	222,130	115	99	1
2166	5,3	3,4	3,0	5,2	107	99	0.198267199382
2167	9,8	3,4	9,4	5,2	198	99	1
2168	8,8	4,3	8,4	2,0	198	99	0.0815149035213
2169	230,270	45,42	123,61	9,5	110	99	1
2170	396,358	8,16	263,118	2,4	158	99	1
2171	21,19	2,6	13,4	8,2	126	99	0.23960054158
2172	1,2	64,69	4,4	66,39	198	99	1
2175	1,0	4,1	0,1	0,0	198	99	1
2176	2294,2639	0,1	1732,794	0,0	103	99	1
2177	0,2	5,3	2,2	3,1	112	99	0.116137200036
2179	667,570	1,5	458,177	4,0	108	99	1
2180	12,29	27,26	17,7	15,4	102	99	0.705516590215
2181	682,676	3,1	614,323	6,1	108	99	1
2182	1,3	48,54	1,1	32,12	106	99	1
2183	80,105	5,1	56,31	0,1	154	99	1
2184	2,4	16,15	2,1	19,12	165	99	1
2185	2,2	100,78	1,1	104,57	122	99	1
2186	57,66	28,22	43,11	12,9	182	99	1
2187	20,15	2316,2141	18,2	1788,832	198	99	1
2188	348,414	6,2	323,177	2,0	135	99	1
2189	249,151	0,1	120,73	0,0	198	99	1
2190	0,1	29,32	2,1	35,14	131	99	1
2191	38,42	109,132	44,16	162,99	114	99	1
2192	3,2	217,236	1,0	81,44	120	99	1
2193	691,909	16,22	698,382	21,5	108	99	1
2194	36,62	32,30	46,18	13,11	155	99	0.768580390434
2197	50,44	21,19	23,15	9,6	114	99	1
2198	133,103	37,22	84,40	9,11	101	99	1
2199	347,467	86,150	307,181	121,82	198	99	1
2200	122,189	20,21	142,53	12,5	198	99	1
2201	60,65	82,90	63,50	59,45	102	99	0.981141084272
2202	11,11	7,2	3,8	7,1	104	99	0.979313979142
2203	11,6	1,0	0,1	0,0	104	99	1
2204	1,0	1,0	0,0	0,1	107	99	1
2205	73,112	1,1	94,53	0,0	105	99	1
2206	81,95	352,378	85,62	300,129	102	99	1
2207	8,2	2,0	2,1	1,0	198	99	1
2208	28,52	2,3	32,13	5,5	119	99	0.591666518525
2209	60,60	8,13	41,31	9,3	115	99	1
2210	13,23	91,163	9,8	62,33	102	99	1
2211	486,595	62,66	323,170	45,20	141	99	1
2213	218,145	9,14	151,64	3,3	142	99	1
2216	2,0	0,6	2,0	2,0	115	99	1
2218	1029,1184	0,0	789,301	0,2	103	99	1
2219	80,71	3542,3836	82,25	3163,1717	198	99	1
2220	0,3	177,183	0,0	139,54	135	99	1
2221	5,8	20,54	5,2	13,6	134	99	1
2222	6,3	218,169	17,6	279,154	118	99	1
2224	37,39	23,16	11,2	11,6	102	99	0.207309662954
2225	384,328	1,0	269,182	0,0	198	99	1
2226	78,57	161,183	40,20	166,125	115	99	0.894859326652
2227	55,54	746,735	29,14	640,341	118	99	1
2228	13,13	2,5	10,11	1,3	111	99	1
2229	28,27	0,1	12,5	0,3	111	99	1
2230	18,14	4,4	6,7	1,1	120	99	1
2231	108,91	4,4	30,40	1,1	141	99	1
2232	91,77	1,0	24,33	0,0	120	99	1
2234	173,174	120,109	121,55	90,41	111	99	1
2235	202,207	121,183	135,59	143,76	102	99	0.813260178017
2236	5,4	258,273	5,6	265,94	129	99	1
2237	70,53	6,5	70,36	11,2	113	99	1
2238	1,0	6,13	0,0	4,2	102	99	1
2239	8,10	589,727	6,3	373,179	116	99	1
2240	63,70	7,12	33,30	1,1	117	99	0.47377316616
2242	31,15	271,234	55,25	327,162	198	99	1
2243	60,62	2478,2524	28,19	1632,892	198	99	1
2244	141,139	4,6	91,64	1,1	198	99	1
2245	17,24	31,19	14,17	28,8	145	99	1
2247	148,167	98,117	67,65	106,74	171	99	0.130553773998
2248	12,6	82,94	15,4	58,33	103	99	1
2249	887,459	174,91	497,282	85,51	178	99	1
2250	4,7	18,29	3,3	11,11	129	99	1
2251	21,13	6,3	16,6	5,1	102	99	1
2252	62,65	39,50	37,5	15,6	125	99	1
2253	24,49	986,1027	15,11	722,347	102	99	1
2254	56,53	13,14	46,22	27,9	104	99	0.435516921059
2255	3,7	16,22	4,3	5,10	112	99	1
2256	3,5	335,362	1,0	272,125	147	99	1
2257	65,84	8,13	57,43	7,0	198	99	0.748831029018
2258	61,55	41,34	38,18	23,13	105	99	1
2259	19,16	62,50	13,7	33,20	102	99	1
2260	252,297	334,359	214,105	329,153	198	99	1
2262	196,210	91,119	130,53	60,24	102	99	1
2263	303,297	313,331	141,62	279,121	105	99	0.18452156733
2264	45,46	21,25	41,25	28,9	121	99	1
2265	2771,2475	10,11	1815,1038	2,5	143	99	1
2267	455,419	0,1	296,136	0,0	189	99	1
2269	269,230	8,9	156,54	2,0	114	99	1
2270	1,5	50,35	1,1	14,6	110	99	1
2271	0,0	6,6	0,2	0,1	102	99	1
2272	7,5	1,13	7,2	4,1	113	99	1
2273	39,50	2,1	45,29	2,2	117	99	1
2276	26,27	10,1	8,9	6,1	198	99	0.73679518218
2277	26,25	610,633	28,12	473,228	198	99	1
2278	36,26	610,633	34,13	473,228	198	99	1
2279	1472,1418	3,4	953,543	1,0	104	99	1
2280	53,34	1611,1597	24,14	1043,523	102	99	1
2281	12,10	346,394	5,0	196,104	102	99	1
2283	24,21	25,18	3,5	13,13	102	99	0.0408270529961
2284	14,14	2,0	3,3	1,0	135	99	1
2286	3,1	6,6	0,0	1,4	198	99	1
2287	24,11	424,443	23,12	318,146	198	99	1
2288	569,505	5,1	317,155	3,2	198	99	1
2290	14,17	38,24	4,5	23,18	102	99	0.416895167474
2291	16,18	6,2	1,3	0,0	102	99	0.384566622516
2292	10,12	12,8	3,1	0,2	130	99	0.259750182378
2293	67,96	2,14	58,32	5,2	115	99	1
2294	289,251	7,8	172,92	1,3	198	99	1
2296	20,7	44,40	10,15	64,35	107	99	1
2297	36,42	1,0	25,8	1,0	198	99	1
2298	1,0	42,46	1,0	26,12	120	99	1
2299	52,61	2,1	34,26	0,1	198	99	1
2300	129,123	14,16	82,31	12,8	104	99	1
2301	49,41	330,252	46,21	241,133	127	99	1
2302	643,677	0,2	435,204	3,0	198	99	1
2303	24,32	163,188	16,11	164,72	120	99	1
2305	328,355	18,23	192,112	9,4	104	99	1
2306	411,431	0,0	534,315	2,0	198	99	1
2307	5,2	88,113	0,0	74,34	138	99	1
2309	118,179	19,64	238,133	44,27	102	99	1
2310	16,13	99,105	5,7	60,37	102	99	1
2311	166,177	12,19	124,56	10,2	102	99	1
2312	166,154	1,0	100,61	1,0	104	99	1
2314	12,20	99,90	7,4	106,58	198	99	1
2316	21,55	1,2	23,12	0,0	105	99	1
2317	0,1	6,8	0,0	16,14	108	99	1
2318	1002,1157	386,418	782,467	118,60	102	99	0.0112464139267
2319	89,79	15,13	61,31	12,6	191	99	1
2320	22,29	78,104	25,10	99,42	102	99	1
2321	4,5	0,1	3,4	0,0	103	99	1
2322	49,30	2,2	45,30	1,0	128	99	1
2323	228,235	98,120	136,66	65,35	156	99	1
2324	5,2	3,8	2,2	9,0	117	99	0.746942731628
2326	25,19	81,75	46,15	51,32	107	99	0.173956202108
2327	29,29	129,83	13,11	90,47	198	99	1
2328	3,0	0,0	0,0	0,1	102	99	1
2332	355,312	2,4	320,155	2,1	103	99	1
2333	265,309	22,36	228,123	38,19	103	99	1
2334	205,194	126,140	164,104	122,36	102	99	1
2335	12,7	6,16	22,7	8,8	102	99	0.701953922081
2336	15,14	109,113	5,6	32,30	112	99	1
2338	127,203	1,5	124,61	4,9	120	99	1
2339	5,4	18,16	11,4	14,5	102	99	0.181341794586
2340	21,20	10,11	18,9	18,5	124	99	0.823425236393
2341	21,21	159,140	7,3	107,53	198	99	1
2343	8,11	79,81	14,3	54,26	125	99	1
2344	32,33	20,11	32,11	25,9	128	99	0.689130377586
2345	93,99	0,0	128,51	0,2	111	99	1
2347	7,2	54,46	0,1	37,19	117	99	1
2348	13,11	133,126	7,2	91,45	102	99	1
2350	45,33	81,91	33,17	59,35	118	99	1
2351	30,69	17,25	51,27	26,11	102	99	1
2352	5,4	67,83	2,1	26,12	150	99	1
2354	47,36	336,374	32,17	238,124	114	99	1
2355	94,124	1,5	44,20	2,1	112	99	1
2356	126,145	1,1	90,60	6,2	198	99	1
2358	215,254	112,132	147,78	106,58	102	99	1
2359	3,7	169,187	4,1	140,54	152	99	1
2360	77,76	8,13	60,48	8,6	115	99	1
2361	12,17	9,3	5,1	7,1	104	99	0.207961774708
2362	489,537	1,0	328,164	0,0	198	99	1
2363	386,428	61,66	311,163	32,18	102	99	1
2364	9,5	133,121	9,3	108,49	111	99	1
2366	94,79	43,50	78,23	20,14	102	99	1
2367	38,41	280,381	41,8	197,139	137	99	1
2369	24,55	3,5	16,15	0,0	120	99	1
2370	71,90	1,0	46,24	0,0	165	99	1
2371	90,111	1,0	72,29	0,0	165	99	1
2372	86,100	1,0	64,32	1,0	165	99	1
2373	183,182	17,23	132,47	18,5	152	99	1
2374	126,107	17,23	80,29	18,5	175	99	1
2375	41,23	98,98	18,8	70,26	122	99	1
2376	373,503	299,454	280,205	267,170	128	99	1
2378	100,84	30,21	66,49	19,12	102	99	1
2379	36,34	13,24	13,19	29,5	102	99	0.940033667667
2381	1,1	9,0	1,0	9,4	102	99	1
2382	7,3	9,8	0,0	1,0	102	99	1
2383	19,57	33,36	13,13	1,1	118	99	8.73772424934e-05
2386	0,4	23,23	1,0	13,6	198	99	1
2389	273,239	22,21	204,111	14,5	102	99	1
2390	1,4	4,4	3,0	9,2	110	99	0.515873207844
2391	6,2	26,51	8,5	33,12	113	99	0.799761858661
2392	4,7	3,0	1,4	0,0	103	99	1
2393	95,129	233,239	56,38	127,63	150	99	1
2394	23,28	278,275	17,12	253,132	198	99	1
2395	16,12	33,30	10,4	13,11	102	99	1
2397	224,282	618,636	140,100	573,318	113	99	1
2398	449,435	8,1	372,186	0,0	114	99	1
2399	7,12	13,6	11,1	2,1	111	99	0.125622898292
2400	283,340	16,17	176,108	6,4	135	99	1
2401	2,10	78,88	5,1	75,36	198	99	1
2402	36,43	28,20	23,14	16,9	115	99	1
2403	2,1	249,248	1,0	203,93	198	99	1
2404	9,9	1,8	4,5	1,0	105	99	0.0922202927494
2406	25,45	0,2	29,39	0,0	198	99	1
2407	198,157	390,337	221,116	192,110	102	99	0.00425481741076
2408	201,238	27,26	131,84	13,1	177	99	1
2409	365,392	0,0	459,231	0,1	198	99	1
2411	167,143	3,0	79,40	1,1	117	99	1
2412	271,366	28,40	199,115	18,17	104	99	1
2414	53,60	22,11	32,23	14,4	107	99	1
2415	27,39	23,18	29,18	13,3	198	99	0.495284909277
2416	68,71	23,18	49,32	13,3	198	99	0.93789207562
2417	77,53	1,0	37,26	0,2	198	99	1
2418	10,3	50,53	3,1	26,6	114	99	1
2419	6,16	114,122	3,4	88,52	198	99	1
2420	110,108	8,11	92,47	9,4	143	99	1
2421	324,282	376,333	120,76	273,138	198	99	0.821551063079
2422	9,3	38,59	0,2	43,21	115	99	1
2424	677,603	10,21	422,239	12,1	150	99	1
2425	22,28	318,330	15,11	200,116	198	99	1
2426	36,36	20,31	23,15	21,11	198	99	1
2427	243,248	1,2	140,96	0,0	198	99	1
2428	302,304	119,100	184,117	98,50	198	99	1
2429	332,338	20,31	208,121	21,11	103	99	1
2430	543,554	1,2	332,204	0,0	156	99	1
2431	606,614	119,100	377,225	98,50	171	99	1
2432	231,247	1,2	145,94	0,0	152	99	1
2433	294,307	119,100	190,115	98,50	167	99	1
2434	64,62	119,100	45,21	98,50	114	99	1
2435	273,313	12,8	231,105	9,7	116	99	1
2436	6,4	5,20	2,0	7,4	125	99	0.180348569117
2438	37,34	331,263	18,18	240,116	128	99	1
2439	39,10	1,0	18,5	2,2	119	99	1
2440	1,2	68,63	0,0	43,21	114	99	1
2441	182,284	0,4	166,94	7,1	198	99	1
2442	3454,3837	8,5	2062,1106	2,2	133	99	1
2443	3013,2934	1,1	1696,889	0,0	161	99	1
2444	886,1021	17,22	673,330	19,4	102	99	1
2445	3,4	40,13	9,1	11,8	198	99	1
2446	364,317	161,143	147,108	226,74	105	99	0.0975013534177
2447	90,99	148,161	71,29	118,49	102	99	1
2448	145,112	2,1	91,39	0,0	105	99	1
2449	114,113	2,0	105,31	1,0	108	99	1
2450	228,220	0,1	109,54	0,0	198	99	1
2451	2,1	16,23	0,1	15,10	126	99	1
2452	1,0	10,10	0,1	9,3	126	99	1
2453	27,35	8,7	48,17	6,5	198	99	1
2454	18,14	664,827	18,6	486,238	132	99	1
2455	1,2	56,43	1,0	37,26	137	99	1
2457	0,4	1,1	0,0	5,0	125	99	1
2459	25,43	4,7	20,12	1,0	198	99	1
2460	13,21	756,1032	11,7	566,258	198	99	1
2461	116,112	1,0	45,28	0,0	108	99	1
2463	199,212	45,37	105,66	42,15	111	99	1
2464	29,16	6,10	4,2	4,4	117	99	0.139355676269
2465	0,0	1112,1138	1,0	961,510	141	99	1
2466	88,127	130,175	61,38	139,81	102	99	0.949412718149
2467	19,22	218,206	12,9	228,107	198	99	1
2469	266,351	174,283	160,112	190,82	198	99	1
2470	458,450	24,21	334,140	5,3	129	99	1
2471	101,115	9,14	55,34	13,5	119	99	1
2472	8,5	330,367	1,0	275,125	198	99	1
2473	169,151	2,0	138,64	0,1	198	99	1
2474	103,97	2,0	58,39	0,1	198	99	1
2475	41,61	3,0	37,21	0,0	102	99	1
2476	168,139	153,169	155,92	115,34	102	99	0.286299092617
2477	15,7	7,4	13,3	18,4	166	99	0.183971691275
2478	1,2	2,6	3,1	0,1	112	99	0.00125085948337
2480	3,10	55,62	12,4	40,22	198	99	1
2481	72,90	9,5	55,28	4,1	156	99	1
2482	318,323	0,1	231,123	0,0	129	99	1
2483	105,156	3,4	104,52	0,0	103	99	1
2484	74,60	0,1	22,13	0,1	105	99	1
2485	74,75	36,18	59,28	31,17	102	99	0.932464284357
2487	86,86	245,177	31,15	148,65	111	99	0.782944671216
2488	6,6	15,19	2,0	12,9	127	99	0.125478765067
2489	7,5	0,0	5,3	1,0	123	99	1
2492	9,7	173,247	3,5	181,83	114	99	1
2493	94,78	84,91	70,33	65,38	113	99	1
2494	209,234	47,44	192,86	45,14	117	99	1
2495	145,148	184,189	50,25	156,65	102	99	0.0283513669961
2497	7,3	39,40	1,3	12,15	110	99	1
2498	7,4	5,14	1,1	0,0	110	99	1.22342173325e-06
2500	15,11	3,11	23,6	8,5	179	99	1
2501	21,4	34,30	8,9	27,11	198	99	1
2502	517,526	15,19	476,273	21,10	198	99	1
2505	339,394	38,63	209,96	23,11	132	99	1
2506	34,27	0,1	16,17	0,0	107	99	1
2507	63,69	20,11	89,68	27,11	198	99	1
2508	19,23	20,11	42,28	27,11	198	99	1
2509	17,21	56,63	43,33	81,67	126	99	1
2510	21,23	3,4	13,5	3,3	103	99	1
2511	99,103	38,44	66,34	30,10	134	99	1
2512	232,247	11,16	180,89	7,2	102	99	1
2513	287,317	7,5	231,107	4,2	180	99	1
2514	433,397	0,0	364,150	1,0	198	99	1
2515	120,95	19,17	46,26	11,5	116	99	1
2516	29,27	16,21	29,20	12,2	114	99	0.224331085845
2517	2,1	22,6	1,1	7,2	172	99	1
2518	53,43	9,6	19,14	2,0	111	99	0.512712409164
2519	15,21	26,33	40,25	24,18	121	99	0.069843400523
2520	2,5	7,5	3,1	2,3	118	99	1
2521	91,141	0,1	65,34	0,0	123	99	1
2522	123,142	0,5	73,40	0,0	198	99	1
2523	19,6	1,1	14,6	0,0	135	99	1
2524	27,32	126,129	17,16	118,64	198	99	1
2525	7,13	278,292	3,1	225,133	198	99	1
2526	105,94	432,427	131,57	274,102	121	99	0.23159445564
2527	197,244	0,1	116,79	2,0	114	99	1
2528	250,253	0,1	153,68	0,0	198	99	1
2529	39,51	168,178	41,17	147,63	102	99	1
2530	130,137	57,84	108,61	55,31	102	99	1
2531	0,1	27,31	4,2	13,4	165	99	0.873911352064
2533	437,447	0,0	293,165	0,1	198	99	1
2534	1,3	6,10	0,1	0,1	104	99	1
2535	27,20	5,11	8,6	6,4	104	99	0.54741272475
2536	42,50	1,1	23,10	0,0	128	99	1
2537	7,2	8,8	0,0	3,1	102	99	0.0256521396652
2540	1328,1537	28,30	1034,615	15,15	198	99	1
2541	187,220	102,119	149,107	38,23	102	99	0.0713233769027
2542	132,133	0,1	72,47	0,0	101	99	1
2543	234,274	2,4	187,97	4,0	141	99	1
2544	3,2	212,244	2,1	118,89	123	99	1
2546	87,98	224,209	72,57	138,91	102	99	1
2547	5,5	149,90	7,2	69,37	104	99	1
2548	7,4	30,32	3,3	14,7	112	99	1
2549	6,7	85,88	4,1	77,29	136	99	1
2550	0,1	55,85	2,2	40,32	102	99	1
2551	36,48	2,6	27,18	2,0	198	99	0.767710981756
2552	30,45	19,11	26,20	15,3	198	99	1
2553	14,5	396,341	5,2	274,126	198	99	1
2554	359,335	16,22	217,102	4,5	102	99	1
2556	7,10	0,1	8,0	0,0	198	99	1
2557	11,12	38,55	2,1	39,23	108	99	0.168751762027
2558	115,101	5,4	78,42	5,0	144	99	1
2559	24,18	156,86	16,15	47,27	198	99	1
2560	395,359	0,0	333,215	0,1	198	99	1
2561	25,36	1,7	27,14	3,2	128	99	1
2562	45,56	7,3	40,22	2,1	145	99	1
2563	21,27	7,3	16,10	2,1	116	99	1
2564	1,3	320,326	9,1	222,97	158	99	1
2565	946,1064	277,348	769,443	261,145	105	99	1
2566	44,22	0,7	25,9	1,0	102	99	1
2567	27,17	0,1	13,11	0,1	174	99	1
2568	0,4	2,11	0,0	0,3	135	99	1
2570	14,24	0,2	11,2	0,0	198	99	1
2571	208,212	3,3	110,73	5,1	105	99	1
2572	21,24	281,377	26,16	214,95	104	99	1
2573	6,5	1,0	1,1	2,0	106	99	1
2574	1850,1951	2,9	1573,748	1,2	108	99	1
2575	64,51	5,8	118,65	1,2	116	99	1
2576	14,6	23,17	1,3	5,6	198	99	1
2578	11,17	32,26	13,10	44,22	198	99	1
2579	22,13	287,352	5,3	208,107	198	99	1
2580	28,40	16,13	29,15	11,3	198	99	1
2581	149,141	16,30	106,54	20,9	198	99	1
2582	78,55	142,123	43,18	85,58	102	99	1
2583	542,774	0,6	244,171	0,0	198	99	1
2584	17,9	7,12	9,2	2,1	102	99	0.196110024124
2585	555,606	4,7	384,245	0,1	102	99	1
2586	29,37	64,70	20,15	44,29	115	99	1
2587	20,33	478,698	18,9	395,218	198	99	1
2588	12,5	65,75	5,4	53,28	126	99	1
2590	21,16	213,244	16,2	144,65	104	99	1
2591	139,91	13,6	89,35	8,3	125	99	1
2592	40,90	0,1	36,12	0,0	104	99	1
2593	4,10	528,624	5,1	400,240	198	99	1
2594	60,60	25,13	27,27	11,6	133	99	1
2595	100,107	199,240	72,49	170,80	113	99	1
2601	104,117	0,0	114,68	2,2	198	99	1
2602	19,9	190,145	12,8	108,33	198	99	1
2603	156,139	1,4	131,33	1,0	103	99	1
2604	459,402	8,15	360,213	5,2	198	99	1
2605	542,635	2,5	492,257	0,1	198	99	1
2606	22,44	6,9	30,21	0,1	102	99	0.109630595753
2607	64,80	183,222	66,29	184,94	110	99	1
2608	8,16	126,106	8,0	99,50	102	99	1
2609	160,155	115,107	49,32	41,24	198	99	1
2610	2,6	335,460	5,6	216,109	117	99	1
2611	30,21	170,203	10,11	143,94	135	99	1
2613	18,14	107,99	14,4	48,18	135	99	1
2615	21,23	183,169	17,9	132,67	129	99	1
2616	8,15	97,126	4,0	60,30	116	99	1
2617	56,71	37,56	68,41	30,16	114	99	0.547039583272
2618	144,155	875,938	98,45	638,341	102	99	1
2619	9,1	36,48	10,2	44,13	110	99	1
2622	16,18	43,36	13,9	17,10	120	99	0.619544372521
2623	40,28	1514,1411	28,14	1214,623	198	99	1
2624	521,472	52,46	364,196	39,37	105	99	1
2625	484,513	35,44	429,210	39,21	143	99	1
2626	238,308	1,4	189,107	1,0	198	99	1
2627	16,17	40,37	10,9	13,5	102	99	0.256606858007
2628	24,17	32,44	8,0	30,17	198	99	0.3041336227
2630	216,210	6,0	163,76	1,0	150	99	1
2632	24,19	68,102	11,7	62,45	198	99	1
2633	0,1	50,54	0,0	17,15	102	99	1
2634	140,132	1,0	118,84	0,0	104	99	1
2636	234,239	5,0	242,154	0,0	198	99	1
2637	2102,2190	2,5	1810,975	0,0	198	99	1
2638	21,19	524,667	21,7	475,252	198	99	1
2639	37,32	46,68	33,15	44,22	115	99	1
2641	19,26	75,57	18,8	21,21	102	99	0.843641164652
2642	120,121	6,4	88,47	2,6	131	99	1
2649	193,226	4,1	178,124	0,2	120	99	1
2651	22,12	0,0	9,4	2,1	116	99	0.350464477128
2652	87,44	50,42	60,16	28,15	113	99	1
2653	14,15	52,57	7,4	18,19	143	99	1
2655	3,5	62,71	5,2	36,18	121	99	1
2656	2,7	32,19	5,3	23,1	116	99	0.633208463518
2657	1,0	7,1	0,0	1,4	121	99	1
2658	1,4	29,25	2,0	19,14	126	99	1
2659	7,5	29,25	3,4	19,14	104	99	1
2661	228,284	6,2	183,101	4,2	198	99	1
2662	177,129	1,0	78,35	0,0	198	99	1
2663	166,156	1,2	84,45	1,0	108	99	1
2664	3252,2356	6,6	1595,510	6,0	198	99	1
2665	225,162	4,1	112,28	1,0	120	99	1
2666	849,576	52,53	384,136	26,14	120	99	1
2667	2821,2046	1,0	1319,429	1,1	162	99	1
2668	1934,1422	51,41	930,269	20,10	138	99	1
2669	1285,1022	282,210	625,188	116,37	129	99	1
2670	47,53	10,10	22,23	2,2	198	99	0.456031074903
2671	15,8	21,13	11,5	12,12	123	99	1
2672	8,5	92,99	11,1	37,18	108	99	1
2673	5,1	5,4	2,6	4,8	130	99	1
2675	88,105	19,27	57,24	22,13	105	99	0.822348560622
2676	5,11	131,129	10,8	78,46	102	99	1
2677	220,174	1,0	145,56	2,5	103	99	1
2678	7,8	128,160	4,1	133,67	183	99	1
2679	0,2	12,6	0,0	7,1	164	99	1
2680	38,51	1,0	45,25	0,0	107	99	1
2681	2,0	14,17	3,3	5,0	198	99	0.0660861266747
2682	16,13	111,95	20,23	61,26	102	99	0.0748080874098
2684	124,125	1,2	106,49	0,0	114	99	1
2685	21,14	30,16	2,5	18,10	111	99	0.122592827786
2687	43,45	2,1	40,20	1,0	104	99	1
2688	18,23	19,21	3,5	24,7	104	99	0.0705641953865
2689	289,311	1,0	182,63	1,0	106	99	1
2690	7,3	161,202	4,1	83,51	119	99	1
