IJC_SAMPLE_1	SJC_SAMPLE_1	IJC_SAMPLE_2	SJC_SAMPLE_2	IncFormLen	SkipFormLen
32,16	12,9	17,16,13,27	16,29,20,53	232	149
42,36	0,0	19,32,32,44	2,2,1,2	293	149
18,12	110,116	10,10,17,6	118,114,95,113	178	149
242,277	21,12	233,241,233,310	17,17,7,25	158	149
200,243	8,11	184,161,163,209	11,3,2,5	155	149
15,31	0,1	21,22,19,52	0,0,0,0	152	149
128,134	0,1	100,98,127,152	0,1,0,1	159	149
178,189	1,0	145,193,227,214	0,1,0,0	153	149
29,29	1,2	16,25,10,18	5,3,0,0	182	149
20,22	92,114	8,13,8,13	93,84,105,120	160	149
2,1	55,70	1,6,2,6	38,38,66,88	310	149
363,377	0,2	438,395,317,474	3,3,4,1	154	149
231,316	3,1	313,305,268,346	3,6,0,4	156	149
8,11	31,35	4,15,11,3	51,47,29,76	152	149
71,97	14,12	84,99,55,119	14,23,15,13	157	149
133,110	8,14	117,146,118,148	2,1,7,5	167	149
82,87	1,3	98,84,94,131	1,2,1,4	152	149
5,5	2,5	0,2,1,2	1,1,7,6	161	149
12,17	1,7	5,4,0,4	0,2,2,0	295	149
2982,3139	409,454	2746,2817,2611,3087	776,698,671,763	155	149
12,9	24,23	7,4,7,4	8,12,6,10	158	149
11,9	52,50	18,7,16,11	62,90,58,83	161	149
7,7	38,37	3,13,9,11	43,48,39,40	170	149
28,16	11,13	9,15,11,40	20,30,38,65	347	149
29,20	93,92	12,19,15,45	72,55,78,82	359	149
12,17	93,92	23,34,42,70	72,55,78,82	161	149
0,3	102,89	2,2,2,6	95,103,124,116	332	149
24,25	19,29	21,36,41,32	39,42,33,49	156	149
63,49	6,3	41,53,93,90	4,5,6,4	152	149
8,6	19,16	16,6,6,14	43,37,33,35	186	149
54,71	4,0	65,80,67,74	1,2,2,0	152	149
10,6	1,8	7,4,1,5	1,1,8,8	169	149
33,51	294,276	40,64,49,73	296,332,265,262	236	149
97,103	7,8	40,50,36,47	10,4,9,7	180	149
1,0	5,6	0,1,0,1	10,20,19,7	159	149
4,2	31,23	3,4,4,6	35,25,29,62	164	149
0,0	13,12	0,0,1,0	15,6,14,18	166	149
6,12	19,18	8,4,6,6	24,39,27,12	167	149
32,59	4,1	27,31,41,62	6,2,5,1	458	149
17,35	4,1	9,15,14,50	6,2,5,1	499	149
3,1	15,25	1,1,3,12	19,17,27,20	190	149
12,13	0,0	10,9,22,37	0,0,1,0	152	149
6,16	8,14	11,10,10,13	4,6,7,19	152	149
33,29	2,2	28,35,41,38	0,1,0,0	747	149
8,5	0,0	6,6,10,9	0,4,0,0	243	149
8,6	0,0	4,19,5,9	1,0,1,0	227	149
4,11	12,32	12,16,14,10	12,17,13,31	152	149
34,22	12,10	23,14,3,12	7,11,19,8	152	149
1177,1287	0,1	1183,1212,1293,1602	1,1,1,3	154	149
5,1	4,2	0,1,1,4	3,1,0,0	297	149
11,9	15,22	2,1,10,7	9,9,16,12	297	149
117,105	0,3	121,106,89,116	4,1,3,1	164	149
176,206	31,23	190,182,230,285	36,22,24,64	152	149
14,17	0,2	10,18,14,25	0,1,0,6	210	149
63,86	0,0	93,122,39,61	0,0,0,1	397	149
4,8	8,7	1,2,7,3	3,6,16,15	158	149
1,4	1,0	0,2,3,2	1,0,3,1	158	149
11,23	2,3	26,39,31,19	4,3,1,6	152	149
0,5	3,0	4,5,3,5	2,2,0,2	211	149
4,7	0,1	15,18,7,24	0,3,0,1	170	149
6,9	1,2	2,6,7,4	9,3,8,3	234	149
110,116	2,5	127,130,113,174	0,0,0,4	356	149
18,22	4,1	28,38,39,42	3,3,1,10	170	149
197,216	6,5	221,262,195,268	21,22,28,19	298	149
9,6	34,47	14,11,17,22	18,28,28,31	152	149
4,5	55,75	9,6,0,11	61,68,76,71	165	149
220,239	57,62	202,194,239,239	27,22,26,47	152	149
228,205	113,101	208,200,167,189	85,66,64,68	152	149
64,65	4,10	65,70,68,101	10,6,4,7	164	149
2,2	147,151	1,1,3,2	40,59,105,123	317	149
0,7	1,4	2,4,2,0	7,1,0,0	182	149
6,13	40,45	6,7,4,11	44,39,31,86	158	149
5,4	44,35	7,6,0,5	34,27,34,34	167	149
450,430	0,2	387,407,464,535	0,0,0,0	153	149
99,98	301,319	74,57,101,95	237,260,325,363	232	149
44,29	10,2	42,33,40,77	6,0,2,1	230	149
9,18	90,112	6,7,2,7	104,139,120,149	163	149
24,14	2,0	27,33,39,36	0,3,2,0	164	149
54,60	31,38	29,28,78,65	28,32,32,40	156	149
129,163	4,0	198,156,147,247	2,0,1,4	288	149
6,3	137,140	2,2,1,0	147,162,134,193	182	149
170,182	12,5	127,157,166,248	9,8,7,6	161	149
142,161	1,2	125,108,110,151	0,0,8,1	172	149
28,50	2660,2647	30,25,47,49	2616,2536,2698,3605	158	149
1,8	2,0	2,0,4,13	1,0,2,0	164	149
10,0	4,5	0,0,1,0	8,8,26,20	165	149
251,324	1,0	273,314,336,489	0,0,5,0	710	149
3,6	13,15	6,7,4,10	22,19,19,26	152	149
13,18	0,0	13,13,11,19	3,1,0,0	184	149
11,10	12,5	9,10,6,14	12,8,12,12	158	149
43,46	0,0	38,30,59,61	0,0,1,0	184	149
73,39	1,0	43,51,67,57	1,0,0,0	328	149
77,49	0,0	82,56,60,70	1,0,0,0	161	149
6,9	0,0	0,11,9,12	1,0,0,0	181	149
66,81	2,2	53,61,95,83	1,0,0,2	222	149
5,5	34,46	10,12,8,9	47,51,45,86	170	149
14,3	502,484	13,15,4,9	516,580,457,602	185	149
54072,55954	96,142	56289,51809,42691,52957	131,100,71,110	170	149
1,6	0,0	1,1,10,7	0,0,4,0	206	149
10,5	2,11	7,5,5,13	15,10,6,7	758	149
19,17	2,11	18,16,5,29	15,10,6,7	801	149
21,28	12,16	21,30,30,31	18,20,18,26	353	149
33,35	34,46	52,50,49,57	16,30,38,39	411	149
5,5	0,1	8,12,1,5	1,3,2,4	166	149
20,20	458,530	9,10,12,25	435,511,566,614	330	149
13,20	2,0	33,25,67,51	1,1,6,2	484	149
55,39	426,496	46,35,36,45	454,391,408,548	168	149
6,3	0,1	7,6,3,5	0,0,0,0	195	149
28,49	11,12	47,39,49,64	24,27,37,38	154	149
2,0	66,63	0,4,4,2	60,51,51,72	318	149
0,0	2,5	10,8,3,8	1,0,2,6	152	149
382,386	0,1	365,347,390,508	0,0,0,1	177	149
4,3	0,1	1,5,12,8	0,3,0,0	154	149
1,0	27,30	0,2,0,4	19,31,25,34	161	149
19,8	138,185	16,9,7,8	173,133,161,188	321	149
20,19	3,1	16,23,34,33	6,5,3,0	152	149
6,0	186,175	2,0,2,4	176,179,160,231	197	149
63,67	38,36	95,110,87,106	67,36,53,56	209	149
1965,2137	2,0	1936,1996,2505,3041	9,5,0,4	218	149
166,152	17,13	99,90,86,139	12,10,14,6	171	149
9,20	0,0	18,39,28,39	1,0,0,0	163	149
14,18	9,6	19,37,22,32	4,13,4,6	158	149
26,15	10,11	30,35,24,36	19,24,24,33	157	149
30,23	0,0	11,34,37,33	0,1,0,0	437	149
3,5	1,0	4,2,0,9	0,0,0,3	161	149
90,121	24,51	88,71,121,140	38,25,19,26	582	149
8,5	62,63	10,9,2,3	51,52,54,51	179	149
16,22	0,1	18,8,16,13	0,1,0,0	158	149
3,1	48,67	0,2,0,6	77,76,76,88	415	149
0,3	0,0	1,0,0,1	0,2,0,0	179	149
2,3	1,3	5,1,6,7	1,1,1,1	164	149
3,11	0,0	6,0,7,6	1,0,0,0	162	149
4,2	47,61	8,8,4,7	46,53,46,62	161	149
28,21	3,0	17,21,21,55	2,2,0,6	210	149
237,253	12,12	337,338,390,459	12,17,14,21	188	149
2,5	36,37	7,11,8,7	21,29,32,40	166	149
36,34	162,174	21,22,26,33	111,107,141,150	152	149
5,0	30,30	0,3,0,0	23,43,33,37	298	149
23,46	1,0	31,27,30,33	0,0,1,0	156	149
113,126	15,19	67,90,137,171	8,9,16,24	283	149
87,80	10,5	77,70,87,65	3,0,2,9	152	149
5,4	47,37	3,6,7,10	71,37,45,77	190	149
20,17	1,1	21,12,29,19	0,3,0,0	152	149
22,44	0,0	26,31,31,35	1,0,1,0	161	149
74,44	2,4	48,46,70,101	1,3,2,2	343	149
4,6	2,1	7,9,6,6	5,1,3,2	171	149
1142,1299	26,26	1033,1014,1054,1442	17,18,26,32	152	149
131,155	47,35	139,154,137,186	49,35,31,47	164	149
5,12	31,12	6,3,20,7	16,20,11,27	209	149
580,653	0,0	561,536,455,535	2,0,0,0	152	149
54,66	0,0	60,59,74,66	2,0,0,2	152	149
7,1	6,0	2,5,12,10	0,0,0,0	155	149
1,0	0,1	0,5,0,0	2,3,2,1	178	149
0,6	0,0	3,9,4,8	0,1,1,0	179	149
30,46	1,0	25,34,35,40	0,0,0,0	155	149
2,1	28,34	2,3,0,1	29,26,39,55	176	149
8,10	29,13	6,4,13,10	23,11,30,26	159	149
1,0	25,25	1,0,4,4	29,27,46,30	182	149
213,237	2,1	144,150,162,211	14,19,5,10	161	149
93,56	27,27	85,60,49,55	19,12,14,15	163	149
13,9	103,97	9,3,3,4	101,69,81,84	168	149
17,23	188,206	29,30,27,44	132,151,219,285	340	149
41,42	0,4	32,24,30,42	5,8,0,8	202	149
4,3	1,2	7,2,2,11	0,0,0,0	152	149
7,12	1,0	11,11,10,23	2,0,0,4	155	149
10,1	405,390	8,4,7,10	402,354,324,475	303	149
16,4	9,16	11,17,5,5	11,14,14,24	163	149
10,14	20,35	6,1,4,11	30,24,21,59	152	149
16,16	298,329	17,10,9,1	259,247,331,369	152	149
7,8	6,8	16,9,3,15	12,19,4,13	170	149
43,34	42,66	25,19,19,34	87,59,65,80	152	149
91,82	3,2	90,86,123,96	5,6,6,2	160	149
15,24	163,182	76,81,115,147	210,241,327,468	152	149
8,4	190,226	7,15,12,21	299,354,525,655	173	149
28,18	0,4	30,29,29,46	0,2,2,3	161	149
5,2	14,4	6,13,9,9	2,5,0,1	152	149
7,6	208,197	1,6,7,4	181,188,255,283	299	149
33,52	84,92	41,68,54,70	154,135,163,165	152	149
203,195	126,142	173,165,176,182	181,154,135,182	152	149
24,27	1,0	26,24,27,30	0,0,1,3	152	149
5,5	143,151	11,3,7,12	158,170,173,153	152	149
14,9	1,1	3,2,2,0	0,0,0,0	318	149
7,6	305,307	7,4,6,10	271,306,256,319	180	149
1,1	8,12	6,5,3,3	18,11,11,22	152	149
5,0	27,42	0,0,0,1	29,34,39,55	203	149
3,1	27,42	1,0,0,1	29,34,39,55	224	149
2,1	4,0	1,0,0,0	0,0,0,0	170	149
16,15	6,9	17,10,20,15	4,8,6,11	152	149
9,15	0,2	11,9,15,3	0,0,0,1	314	149
24,16	39,38	19,15,18,21	68,32,48,75	158	149
13,11	0,4	17,25,14,21	0,1,0,0	176	149
25,23	15,21	23,22,38,50	21,17,32,26	152	149
37,36	2,2	42,43,45,47	3,3,3,3	336	149
7,11	2,1	12,10,8,7	1,3,2,5	177	149
11,17	2,1	12,11,13,13	1,3,2,5	210	149
5,10	1,4	3,2,6,6	3,1,1,0	182	149
0,1	77,72	0,0,0,1	54,63,57,68	153	149
1,2	30,34	3,3,9,4	23,36,26,66	152	149
660,629	2,2	673,646,790,1004	0,0,0,0	156	149
3207,3360	22,31	3384,3252,2755,3580	62,66,51,57	155	149
206,200	22,31	184,183,144,170	62,66,51,57	254	149
84,79	3085,3239	71,69,56,71	3271,3138,2667,3481	248	149
2,1	29,46	0,0,1,1	30,31,27,44	203	149
2,1	3,1	6,1,1,5	3,2,3,2	162	149
95,104	13,9	74,84,89,112	14,4,10,14	182	149
6,4	3,6	18,26,14,20	1,3,1,0	194	149
34,28	41,57	32,46,51,42	33,22,29,20	152	149
3,3	0,1	3,9,10,8	1,0,0,0	167	149
9,9	0,1	18,18,23,33	1,0,0,0	189	149
9,6	3,0	16,10,14,27	1,1,1,2	171	149
42,34	0,0	67,96,65,69	1,0,0,0	684	149
301,281	5,3	230,276,288,451	2,3,4,8	459	149
18,36	116,154	23,18,15,18	148,139,118,190	189	149
13,22	762,890	15,12,16,25	1417,1317,1238,1420	341	149
137,131	2,1	137,121,164,170	0,0,0,0	417	149
21,27	93,80	20,20,45,40	80,71,79,105	266	149
0,1	6,2	0,0,3,1	1,0,2,1	160	149
123,106	12,7	90,102,99,103	6,6,15,10	152	149
28,32	9,2	36,27,24,32	14,16,9,8	165	149
92,104	86,124	125,101,129,159	46,63,49,70	152	149
141,133	1,1	90,111,145,174	8,5,2,3	161	149
96,114	8,9	60,83,99,187	8,3,3,9	186	149
48,43	8,9	23,40,31,60	8,3,3,9	198	149
20,19	68,90	14,16,5,18	51,59,73,145	161	149
0,1	44,38	0,0,0,0	32,31,41,60	155	149
30,27	1,9	31,29,75,74	3,0,3,3	337	149
138,193	0,0	189,167,162,246	0,2,1,1	290	149
2,8	6,6	4,3,4,5	10,17,18,31	161	149
56,74	6,6	27,34,76,63	10,17,18,31	180	149
54,66	0,0	23,33,72,58	0,2,0,0	168	149
3,4	7,8	10,2,16,12	6,5,13,4	158	149
11,10	0,0	28,28,40,34	1,1,2,4	152	149
6,5	3,11	16,23,15,31	10,17,22,21	152	149
32,23	3,10	21,45,33,38	14,7,4,4	165	149
1,4	34,36	3,0,3,14	29,36,46,32	160	149
25,19	0,3	18,16,12,13	1,1,1,0	160	149
832,816	0,2	972,921,860,1133	0,0,0,0	447	149
790,791	3,0	963,953,827,1086	0,2,0,1	307	149
226,233	3,2	195,173,167,222	0,0,0,0	447	149
13,9	0,0	8,2,17,6	0,0,3,0	209	149
80,90	0,1	80,81,93,124	0,0,0,0	156	149
11,17	58,61	6,8,10,9	54,53,55,90	163	149
9,12	22,27	25,16,26,28	36,35,36,27	152	149
1,0	19,21	1,3,0,0	18,26,18,36	154	149
29,41	1,6	39,33,34,37	3,8,4,3	168	149
301,292	1,0	274,333,235,330	0,0,0,0	478	149
12,12	2,5	10,22,26,23	4,2,2,5	162	149
251,326	278,253	273,312,297,396	275,232,280,371	1691	149
241,319	278,253	267,292,273,378	275,232,280,371	1678	149
0,0	18,23	1,0,0,4	41,47,62,76	291	149
188,197	3,4	246,294,253,369	3,4,7,3	158	149
2,11	0,0	13,6,9,13	0,4,2,5	152	149
15,31	0,0	22,15,13,37	1,0,0,0	168	149
549,537	781,801	447,524,471,576	703,783,702,910	212	149
549,599	0,0	582,567,551,790	4,0,0,0	153	149
1,1	5,2	1,1,1,4	8,10,6,4	162	149
1,2	1,0	1,1,2,4	1,3,0,1	167	149
5,3	1,0	8,10,7,4	1,3,0,1	154	149
55,59	1,3	117,130,61,71	9,10,3,5	155	149
10,17	47,52	40,22,40,54	31,28,35,44	152	149
6,13	5,11	9,8,20,20	12,14,6,16	212	149
17,15	14,38	7,13,17,19	16,29,24,47	278	149
28,36	575,615	42,44,27,44	705,730,601,693	503	149
0,7	89,124	2,0,0,1	111,71,85,112	173	149
0,1	43,59	0,2,0,1	65,57,99,114	168	149
9,9	2,0	9,13,3,8	2,2,3,2	155	149
6,7	66,48	8,6,4,7	77,56,66,88	326	149
551,541	0,0	574,591,565,596	0,1,0,0	336	149
268,319	9,7	274,300,310,358	10,4,11,7	170	149
25,30	295,345	25,27,30,28	298,266,233,285	194	149
112,108	1,1	173,195,183,236	2,0,0,0	156	149
22,39	1,11	24,26,28,16	7,7,5,5	152	149
34,39	0,4	32,23,45,44	0,0,2,1	226	149
71,76	5,8	59,43,78,82	3,6,2,9	226	149
245,264	79,104	329,277,383,398	49,53,67,73	169	149
866,993	2,0	1048,1014,1091,1272	0,0,0,0	276	149
23,33	0,1	18,17,19,29	0,0,0,0	179	149
11,12	218,266	26,22,9,12	205,235,205,312	158	149
7,1	11,14	5,3,5,11	8,6,12,28	159	149
20,34	10,7	32,30,32,41	8,10,13,20	222	149
0,0	5,10	6,1,6,5	21,7,14,11	174	149
110,127	5,1	75,75,141,132	0,5,0,2	170	149
111,129	12,13	72,76,144,131	4,3,3,7	387	149
6,4	12,13	1,8,4,3	4,3,3,7	366	149
1,4	2,5	2,1,1,2	12,19,3,16	168	149
9,11	6,5	15,8,5,16	6,8,4,2	154	149
652,596	16,15	666,636,537,722	16,28,25,31	191	149
195,182	4,9	229,209,249,248	12,5,9,9	152	149
365,407	276,232	436,358,438,496	274,268,242,276	322	149
11,6	2,0	5,8,8,9	0,0,3,4	280	149
15,7	2355,2361	7,9,8,12	1182,1161,1693,2088	305	149
6,1	2355,2361	2,1,3,7	1182,1161,1693,2088	174	149
6,3	5,4	2,2,4,4	2,3,12,5	174	149
4,4	3,2	10,4,11,13	4,10,6,18	154	149
304,271	3,2	342,357,443,565	4,11,5,6	262	149
260,304	143,153	214,276,252,282	164,144,129,203	447	149
1,0	147,167	1,3,1,0	140,149,130,183	194	149
5,4	15,12	4,7,11,9	3,11,8,11	152	149
0,0	1638,1586	0,0,0,1	1761,1719,1541,1933	173	149
3,1	3,2	0,0,0,3	3,5,3,6	159	149
122,126	2,3	93,105,122,158	3,0,2,2	160	149
107,76	54,52	128,95,117,153	70,60,52,71	225	149
117,111	28,29	92,116,61,135	34,28,44,45	545	149
3,4	1318,1207	0,5,2,2	1321,1234,1241,1591	414	149
61,75	13,9	50,73,75,108	15,9,3,21	224	149
3,5	300,348	0,6,1,3	282,316,312,326	160	149
185,201	2,2	194,164,156,222	0,1,0,2	164	149
14,7	9,21	2,0,6,11	16,7,11,24	166	149
18,10	4,0	4,7,7,15	3,2,3,6	209	149
13,24	4,0	18,14,12,28	3,2,3,6	192	149
2,3	9,16	2,0,0,0	2,1,1,3	163	149
2,3	242,308	4,2,0,2	321,273,297,391	163	149
40,37	0,1	41,36,39,38	0,0,2,2	400	149
21,12	15,18	14,17,13,14	19,25,12,23	185	149
122,169	0,1	201,183,183,215	2,0,2,2	195	149
4,4	322,366	7,12,5,8	401,368,299,465	428	149
0,0	10,3	0,0,3,0	21,19,22,18	162	149
1,5	17,11	2,1,11,0	19,26,14,30	152	149
37,46	165,187	53,83,57,82	136,106,123,166	270	149
100,131	34,30	112,137,110,154	45,44,34,68	185	149
40,48	2,2	52,38,47,40	0,0,1,0	158	149
54,80	0,0	75,68,78,70	0,0,0,2	194	149
0,2	0,1	1,1,2,0	0,1,0,0	187	149
51,39	1,1	52,55,68,78	0,0,1,1	155	149
23,28	10,3	29,25,21,22	0,4,4,7	242	149
234,247	35,30	234,230,227,314	44,55,60,71	152	149
6,8	4,0	10,14,44,60	1,0,2,3	275	149
72,46	3,2	46,57,74,62	6,3,2,2	152	149
24,33	417,436	12,11,37,27	338,351,327,397	162	149
7,9	0,0	2,1,8,13	0,0,0,2	323	149
4,7	71,64	4,11,5,9	72,50,95,115	627	149
0,0	106,150	2,0,1,2	126,94,146,131	152	149
3,3	81,89	4,3,5,4	98,98,98,119	289	149
23,46	71,68	18,14,20,18	55,82,97,77	152	149
1,2	68,119	0,3,0,0	99,79,69,112	251	149
0,0	9,6	0,0,0,1	4,3,13,10	158	149
6,2	63,43	1,4,3,7	58,37,40,83	170	149
87,96	61,63	96,94,126,142	65,70,90,102	185	149
2,4	0,0	1,0,5,2	1,1,0,2	158	149
14,8	0,0	4,6,4,4	1,0,0,0	184	149
90,131	9,4	124,159,122,159	11,2,6,8	160	149
80,89	78,71	31,37,38,45	47,31,32,57	152	149
3,5	1,2	5,13,10,25	0,0,1,5	298	149
65,54	2,2	31,30,36,60	0,2,2,0	158	149
71,75	1,1	88,87,66,117	5,7,5,5	154	149
56,88	5,0	61,64,49,77	0,2,0,7	173	149
17,29	0,0	22,31,32,31	0,3,0,0	176	149
3,0	1,2	3,2,3,6	2,6,2,2	158	149
21,10	24,21	22,21,9,9	17,21,19,25	172	149
0,0	0,1	7,2,9,0	0,0,0,0	283	149
4,1	0,0	0,1,6,6	0,0,1,1	179	149
216,200	2,4	230,228,182,272	1,4,6,2	223	149
44,64	116,141	54,42,68,62	103,119,162,185	152	149
7,12	253,228	6,3,4,6	271,300,314,344	161	149
12,8	0,0	5,8,6,16	0,0,1,0	153	149
84,75	66,91	89,66,98,144	38,36,45,66	153	149
13,8	2,0	4,7,6,15	0,1,0,1	153	149
13,7	1,0	1,4,3,7	0,0,0,0	499	149
43,45	0,1	57,42,68,82	0,0,3,0	156	149
128,144	222,202	139,138,196,191	180,183,235,316	605	149
1,0	1,1	0,2,1,3	1,3,2,1	152	149
1230,1156	856,894	1383,1143,1093,1264	907,851,746,909	192	149
6,16	11,6	8,11,11,14	1,4,2,6	158	149
0,0	93,116	1,0,2,0	137,83,87,113	170	149
3,3	21,22	0,1,1,2	14,16,18,42	152	149
0,0	17,30	1,0,1,2	26,21,21,44	191	149
11,2	29,42	9,7,3,6	42,48,56,67	152	149
7,12	29,46	4,3,8,4	38,36,57,88	161	149
8,21	111,91	25,24,17,45	102,89,70,106	164	149
204,202	0,0	254,247,243,281	2,0,0,0	198	149
9,18	124,144	6,10,16,14	117,77,128,212	157	149
1192,1125	79,53	1178,1034,1219,1732	78,72,66,84	152	149
0,4	1,3	1,0,5,5	9,3,2,9	164	149
1,0	20,24	4,0,0,2	20,17,29,20	152	149
59,69	0,1	63,80,53,101	0,4,0,1	155	149
15,21	25,21	14,23,28,39	21,30,15,32	152	149
0,2	116,128	4,2,0,1	170,164,104,166	167	149
4,1	19,18	6,13,10,16	26,42,36,25	183	149
35,38	12,13	57,60,71,57	1,8,4,0	644	149
11,8	2,9	15,14,10,9	5,10,0,5	384	149
3,2	6,12	10,12,3,12	22,13,16,10	210	149
13,9	1,0	4,12,18,15	2,0,4,4	166	149
0,0	1,3	0,0,2,1	11,10,7,22	167	149
2,1	30,31	2,0,1,1	36,34,25,46	161	149
6,15	36,19	10,12,6,17	12,26,35,20	152	149
22,31	12,11	51,52,44,57	21,22,35,14	152	149
0,0	20,22	3,0,2,2	21,40,52,64	297	149
3,2	6,8	5,2,4,4	9,6,10,2	158	149
250,243	10,13	265,316,267,308	17,21,16,10	191	149
11,3	35,32	20,23,18,16	33,28,36,55	152	149
4,1	20,33	2,5,2,4	17,24,26,41	152	149
3,10	0,0	2,7,1,3	0,0,0,1	183	149
102,139	208,224	150,150,213,151	173,179,203,214	431	149
265,274	4,2	202,200,238,286	0,0,0,2	167	149
82,57	2,8	51,52,74,125	1,5,2,4	155	149
6,9	2,1	10,7,15,8	0,3,3,4	204	149
6,9	86,95	10,8,15,8	110,109,106,119	207	149
7,9	19,13	10,9,18,8	23,39,24,34	210	149
2,1	86,95	0,4,3,4	110,109,106,119	152	149
3,1	19,13	0,5,6,4	23,39,24,34	155	149
87,95	19,13	110,110,109,119	23,39,24,34	152	149
1,0	9,2	0,0,1,0	2,3,8,6	165	149
3,1	3,3	0,3,1,0	4,5,8,7	187	149
11,3	3,3	2,6,8,6	4,5,8,7	171	149
28,31	0,0	22,32,12,18	1,0,0,0	168	149
1517,1702	32,11	1779,1744,1419,1816	11,7,11,16	168	149
1573,1775	0,2	1857,1820,1474,1863	8,6,2,6	178	149
88,84	0,2	89,83,66,63	8,6,2,6	159	149
22,31	1874,1908	28,26,19,27	2222,2047,1504,2159	152	149
175,159	7,4	158,150,193,203	1,8,3,4	189	149
127,125	2,1	74,72,71,105	2,0,0,0	153	149
3,0	19,9	7,0,0,2	6,20,14,22	171	149
24,54	56,64	36,30,51,50	101,83,108,99	159	149
17,5	0,0	17,15,20,26	0,0,3,0	208	149
15,21	11,10	7,18,16,33	1,1,9,4	154	149
46,27	11,10	37,49,43,63	1,1,9,4	213	149
43,26	12,20	36,47,42,55	6,16,15,25	208	149
10,9	411,400	8,11,10,16	382,388,412,470	301	149
1,0	28,20	2,0,0,0	64,50,37,41	166	149
2,2	73,77	5,9,4,4	64,54,56,82	188	149
153,174	285,369	137,159,179,249	290,232,292,333	158	149
16,12	20,21	11,21,16,27	14,24,19,39	190	149
86,79	0,0	62,66,47,76	0,2,0,0	179	149
171,210	16,20	184,224,255,236	15,21,10,25	164	149
2,1	2,2	1,0,2,8	2,2,2,0	325	149
8,15	21,9	13,11,7,13	8,14,9,16	152	149
8,12	14,6	5,3,17,13	0,7,4,7	152	149
4,7	579,605	1,1,1,5	569,537,613,786	286	149
19,24	0,0	12,12,20,29	1,0,1,0	503	149
14,4	8,9	6,13,2,6	11,9,14,10	160	149
292,288	253,258	323,388,361,449	230,223,260,270	152	149
54,70	346,349	87,63,77,77	379,403,359,450	164	149
20,16	11,20	18,13,15,14	29,13,43,37	162	149
0,0	0,1	0,0,1,2	0,0,0,0	168	149
0,0	2,9	0,0,1,1	10,5,9,12	190	149
19,14	3,9	23,15,29,24	14,6,9,13	180	149
2,0	0,0	8,2,239,286	0,0,39,60	155	149
3,2	78,94	2,6,4,9	71,80,66,90	168	149
17,20	2,0	19,13,14,39	1,1,1,1	195	149
232,258	1,1	196,235,239,258	7,7,3,12	163	149
211,213	19,11	197,207,238,241	5,12,4,17	159	149
15,18	0,0	6,6,34,18	0,0,0,1	156	149
2,2	1,0	2,3,10,10	2,2,0,6	176	149
62,71	16,21	38,42,49,47	15,5,17,26	171	149
0,3	79,97	1,2,4,3	69,67,91,95	152	149
46,42	2,2	39,29,36,55	7,0,2,10	152	149
5,4	4,2	11,13,25,7	7,1,2,5	411	149
8,19	34,38	17,17,27,11	53,35,57,47	667	149
143,155	0,1	171,167,223,300	3,3,0,0	164	149
75,67	4,6	100,79,91,154	3,1,1,4	155	149
121,114	0,5	93,121,136,146	2,0,4,1	263	149
1,7	0,0	6,2,2,4	0,0,2,0	169	149
33,26	269,244	27,17,6,16	209,210,199,354	353	149
3,9	546,575	11,12,18,10	772,720,639,935	417	149
315,384	0,2	293,333,330,411	1,0,2,1	153	149
5,4	193,179	1,1,3,0	204,162,158,159	155	149
18,21	8,16	55,48,34,44	20,8,7,13	537	149
4,1	16,24	4,6,4,7	21,31,31,37	168	149
669,779	2,0	410,422,656,808	0,0,5,2	155	149
167,122	18,13	156,179,160,218	38,21,41,58	158	149
196,236	0,1	207,229,280,354	6,6,3,12	232	149
140,156	86,88	145,133,118,210	109,98,135,108	1216	149
2,0	1,2	6,0,1,11	0,1,2,7	158	149
87,74	24,8	92,97,117,86	5,2,8,2	845	149
41,38	4,4	54,56,72,36	10,1,3,5	255	149
155,137	39,39	142,144,107,172	40,42,68,69	275	149
74,69	4,4	67,79,71,101	3,3,7,7	155	149
6,6	0,4	4,3,2,4	0,1,0,2	155	149
22,9	0,4	7,10,15,19	0,1,0,2	158	149
22,9	6,6	7,10,15,19	4,3,2,4	152	149
2,0	6,5	0,0,0,0	7,9,5,5	171	149
9,6	1,0	4,11,4,2	0,0,0,0	170	149
3,2	2,0	2,0,0,2	0,0,1,0	161	149
123,160	12,4	162,153,129,154	1,5,7,9	564	149
18,19	0,0	19,11,12,34	1,0,2,2	164	149
92,99	0,2	97,104,100,141	0,3,0,0	164	149
0,0	4,1	1,4,0,2	3,2,0,6	191	149
13,10	4,2	7,21,8,17	7,4,6,4	282	149
70,74	0,0	78,76,70,66	0,1,1,1	157	149
2,2	208,166	5,1,9,5	173,216,205,341	342	149
316,360	0,1	349,304,264,503	0,0,0,0	285	149
35,37	0,4	34,28,39,35	0,0,1,1	212	149
0,4	49,70	3,3,2,1	40,44,53,38	155	149
58,78	0,0	52,54,62,43	2,1,0,1	772	149
119,173	415,400	161,173,169,239	342,315,400,515	674	149
3,14	2,13	9,9,13,7	8,12,11,25	160	149
35,58	46,43	27,35,24,28	49,55,53,73	152	149
36,28	2,5	26,28,39,34	4,2,5,2	152	149
9,5	1,2	7,7,9,14	1,2,4,5	169	149
38,25	4,2	51,43,36,54	9,14,7,6	184	149
121,164	45,60	140,134,156,215	33,34,51,58	152	149
7,6	0,0	4,10,18,11	2,4,0,0	224	149
21,36	6,11	29,19,22,24	1,3,7,2	160	149
39,31	2,8	41,32,45,45	12,3,6,4	162	149
23,33	0,1	53,57,24,37	6,4,7,8	321	149
4,1	50,30	3,1,1,4	32,31,31,49	162	149
2,7	1,2	13,9,11,24	3,8,2,3	171	149
5,9	85,56	7,4,5,8	52,43,56,88	163	149
23,56	6,2	27,42,47,59	7,5,3,10	152	149
1,0	0,0	0,1,0,0	2,0,0,0	155	149
1,1	108,112	4,6,1,1	142,148,114,181	160	149
3,0	0,0	1,0,3,0	0,0,0,1	180	149
111,130	0,0	124,142,132,163	0,0,0,4	245	149
21,29	9,5	20,18,27,29	7,5,0,7	429	149
0,0	89,81	0,1,0,2	77,48,79,92	221	149
119,72	0,2	148,109,127,141	1,0,0,2	449	149
20,16	5,0	10,25,27,36	0,0,0,1	161	149
86,81	2,0	45,66,70,108	0,0,0,0	163	149
0,2	0,4	1,0,0,2	0,0,0,1	232	149
9,13	0,5	23,21,19,17	1,0,8,1	152	149
0,1	15,23	0,2,0,0	13,13,22,24	161	149
2,4	44,43	5,1,4,0	46,36,32,39	165	149
2,7	4,0	0,0,1,0	1,0,0,0	200	149
8,10	2,0	4,1,4,3	0,0,0,0	466	149
11,4	2,0	5,1,3,3	0,0,0,0	415	149
1,0	39,37	1,2,1,0	33,28,23,41	173	149
4,11	4,9	5,3,1,4	2,11,7,7	195	149
8,12	30,12	3,9,3,7	16,20,36,36	374	149
78,83	34,41	100,88,93,110	33,36,39,64	152	149
1049,1094	37,24	1019,910,941,1149	26,31,21,36	152	149
13,15	10,4	18,7,15,11	9,26,20,18	160	149
17,15	3,4	14,16,17,26	2,4,8,10	155	149
42,57	54,61	37,49,45,74	60,62,82,100	152	149
58,50	0,1	40,37,52,54	0,0,0,0	272	149
11,8	75,64	9,14,11,3	71,69,64,70	222	149
283,308	73,60	205,194,235,275	50,60,64,83	179	149
290,249	1,2	211,187,215,274	0,1,0,6	155	149
4,1	3,8	2,0,2,8	1,0,2,4	188	149
145,130	7,19	102,138,140,158	3,2,3,13	152	149
6,13	21,20	9,12,10,19	7,18,30,19	152	149
3,7	94,69	11,8,4,1	64,74,86,87	160	149
1,0	163,164	0,1,0,1	148,130,151,159	182	149
57,54	19,18	50,42,47,58	28,21,23,37	364	149
16,6	85,87	14,12,18,21	132,104,125,133	250	149
5,11	8,4	10,7,6,14	10,14,9,10	154	149
66,74	6,7	73,69,67,98	8,3,7,7	152	149
137,167	22,14	135,119,153,237	19,23,25,24	160	149
102,97	0,1	127,126,136,191	5,3,1,3	175	149
4944,5311	0,2	5816,5569,4865,6154	9,7,7,3	159	149
16,17	4,10	14,11,15,20	6,4,2,12	155	149
98,89	10,13	102,95,74,95	4,5,1,9	161	149
18,26	42,35	10,10,19,14	30,50,41,39	152	149
2,6	0,0	3,3,15,11	0,2,0,4	187	149
14,31	16,11	40,16,27,34	24,28,21,19	173	149
11,17	80,64	8,24,4,14	78,77,70,104	162	149
22,14	14,19	4,14,11,4	8,12,18,23	165	149
512,625	1,1	580,537,621,965	0,0,0,0	464	149
360,449	0,0	432,452,450,570	0,3,0,0	248	149
38,42	0,2	51,43,54,52	3,2,0,1	161	149
3548,3966	3,5	3870,3946,3463,4987	4,5,1,0	152	149
47,50	107,171	48,64,56,65	158,192,161,191	164	149
2981,3017	0,0	2630,2747,2998,3583	0,1,0,0	284	149
1934,1925	0,0	1998,2003,1888,2140	0,0,0,2	266	149
9,14	508,617	11,18,18,29	527,486,635,667	169	149
2,13	0,0	0,6,14,7	0,0,1,0	161	149
9,11	0,1	10,11,2,7	1,0,2,0	152	149
6,6	42,43	5,5,11,10	47,30,71,65	155	149
46,71	8,12	46,76,65,89	4,3,6,11	155	149
15,17	8,3	11,7,15,9	7,7,0,4	160	149
7,2	0,1	0,1,1,1	1,0,0,0	155	149
0,1	0,1	0,1,0,2	1,0,0,0	158	149
0,1	7,2	0,1,0,2	0,1,1,1	152	149
2,0	31,22	1,0,2,1	32,16,40,55	197	149
19,29	9,10	23,23,10,28	14,20,14,19	214	149
47,31	8,13	30,52,45,50	14,15,13,12	157	149
25,30	2,3	32,32,28,27	2,2,2,3	159	149
6,1	5,18	1,6,3,14	5,11,7,16	152	149
145,142	9,6	153,181,180,230	16,11,13,21	232	149
87,114	5,2	85,120,107,138	1,0,2,6	194	149
0,10	76,67	17,13,7,14	83,64,83,80	182	149
163,120	0,1	126,133,108,193	3,4,2,1	184	149
5,7	22,47	2,7,15,14	9,15,19,34	152	149
0,0	35,23	0,2,0,0	27,23,26,34	209	149
5,4	13,6	6,11,14,20	7,3,17,14	155	149
1,8	48,27	9,5,7,1	34,26,32,23	181	149
16,20	0,0	19,5,24,26	0,0,0,1	155	149
23,9	0,1	17,21,22,34	0,0,1,1	157	149
122,128	0,1	163,190,184,223	0,0,1,1	179	149
112,123	13,4	155,177,169,206	9,8,7,17	171	149
0,2	295,368	1,0,0,0	301,351,284,382	310	149
16,7	90,83	20,7,16,30	99,98,110,136	930	149
575,571	117,66	591,598,529,644	129,159,141,166	886	149
46,45	117,66	50,66,52,69	129,159,141,166	163	149
90,121	117,66	145,173,128,176	129,159,141,166	412	149
82,112	38,36	130,154,120,161	35,47,44,54	398	149
567,562	38,36	576,579,521,629	35,47,44,54	872	149
513,496	28,46	476,462,451,522	30,37,50,54	623	149
43,46	97,101	61,77,65,95	105,92,112,133	152	149
32,58	147,165	23,48,35,40	202,190,197,277	180	149
10,14	148,116	14,6,6,20	107,139,110,149	155	149
501,532	0,0	522,435,604,740	0,0,1,0	153	149
17,18	152,155	15,17,27,45	139,138,114,130	235	149
531,545	0,1	683,678,677,784	0,0,0,4	297	149
21,20	462,502	34,25,22,24	397,437,486,733	340	149
80,66	1,1	72,57,98,81	0,0,1,0	515	149
6,0	246,335	4,1,2,7	244,246,240,327	353	149
65,62	39,38	53,61,55,77	22,23,29,45	152	149
8,8	40,33	8,4,1,6	39,36,28,34	169	149
3,13	336,362	9,0,8,3	250,268,287,292	340	149
50,44	2,0	54,59,58,62	0,0,1,0	390	149
66,73	1,4	185,246,321,433	7,9,9,8	186	149
2,1	26,40	0,2,1,1	33,49,49,51	152	149
2,3	5,7	2,2,10,8	1,1,0,1	428	149
3,6	17,18	3,2,10,11	4,6,12,23	443	149
6,10	17,18	2,1,0,4	4,6,12,23	164	149
5,9	8,25	19,16,22,30	24,21,28,27	244	149
1,0	13,15	0,1,0,1	16,5,11,11	155	149
34,48	7,3	33,24,38,65	3,0,2,5	188	149
3,7	137,160	10,9,11,9	209,188,239,278	152	149
14,19	5,10	6,13,5,15	8,3,3,4	152	149
229,219	101,85	322,398,380,366	103,123,112,120	367	149
42,69	1,1	23,15,38,45	0,0,0,1	162	149
5,0	45,40	1,6,5,8	73,55,74,110	355	149
72,112	30,57	60,73,55,87	53,47,57,80	577	149
2,2	501,598	3,2,1,6	622,608,730,840	203	149
113,116	47,30	67,62,56,67	13,8,20,30	160	149
27,17	23,22	12,11,29,29	20,15,29,24	351	149
2,1	44,61	2,0,1,1	40,74,51,64	152	149
46,73	3,11	56,61,48,65	5,12,0,7	156	149
1,2	90,108	2,0,1,3	100,102,110,154	377	149
111,105	2,0	108,134,114,176	0,2,2,0	185	149
0,5	47,57	0,1,0,4	36,43,47,72	212	149
2,1	706,667	7,4,7,6	624,621,730,806	176	149
22,22	0,1	10,17,21,27	0,1,1,0	152	149
15,14	3,2	7,7,19,4	2,2,8,7	166	149
62,65	1,7	52,51,52,75	2,5,4,3	164	149
4,4	0,0	6,8,8,10	0,0,1,0	312	149
36,21	2,3	65,84,57,67	5,9,2,9	1136	149
4,7	5,0	15,11,9,18	1,0,0,0	349	149
58,60	20,15	63,66,57,95	28,20,38,43	213	149
23,35	52,28	42,27,33,59	41,57,25,50	163	149
13,7	11,10	12,9,13,11	14,7,16,24	165	149
1,4	7,3	8,2,0,1	7,17,8,7	154	149
134,163	8,4	116,96,136,171	4,4,2,6	193	149
6,6	131,123	4,13,9,9	110,125,108,206	152	149
13,8	8,18	8,10,11,7	16,20,10,25	167	149
37,19	0,0	37,52,26,38	1,0,1,0	381	149
3,2	1,2	0,3,1,4	2,3,4,0	178	149
3,3	11,2	1,3,2,4	6,3,1,6	192	149
1,3	11,2	3,3,5,0	6,3,1,6	163	149
0,1	31,19	0,0,0,0	13,14,26,28	173	149
3,0	4,3	3,3,1,1	9,12,6,17	167	149
310,336	2,0	334,304,324,461	0,0,0,0	160	149
0,0	2,2	1,0,0,0	0,1,0,2	224	149
12,21	2,0	15,11,34,34	0,0,1,1	162	149
4,2	12,22	1,1,0,4	14,17,14,24	266	149
0,0	7,14	0,0,1,0	13,13,20,9	193	149
222,225	1,4	70,74,45,81	0,0,0,0	850	149
66,92	32,10	55,76,97,105	16,28,26,33	152	149
1,5	2,0	0,0,1,1	1,0,0,3	169	149
129,122	1,0	140,156,119,181	0,0,1,2	156	149
0,4	1,1	2,4,3,4	2,2,0,6	209	149
0,4	4,1	2,4,4,4	3,2,2,7	223	149
1,1	4,1	2,2,1,6	3,2,2,7	163	149
0,6	3,1	0,2,2,10	2,2,2,9	223	149
1,0	1,3	0,0,0,0	1,0,0,1	152	149
0,2	151,169	0,1,5,3	159,144,179,260	227	149
7,6	25,36	5,0,1,1	29,32,53,22	172	149
11,14	14,23	13,11,16,8	23,30,32,47	152	149
168,156	0,0	131,125,164,246	0,1,0,0	173	149
6,7	22,18	16,5,12,6	29,28,30,37	159	149
5,10	7,4	8,6,6,10	1,3,5,9	540	149
325,377	1,2	359,395,368,386	3,2,0,1	162	149
7,14	49,43	18,20,16,13	37,42,62,42	152	149
35,40	46,53	20,16,24,44	53,56,58,68	152	149
41,49	4,20	48,37,45,61	22,22,17,23	167	149
66,101	6,2	207,192,238,267	1,1,3,1	661	149
390,388	3,11	271,274,406,492	6,3,8,8	191	149
642,667	1,1	438,455,656,751	1,3,0,10	212	149
255,290	1,1	173,184,258,267	1,3,0,10	170	149
322,332	4,1	224,215,357,395	3,2,3,10	191	149
574,611	3,1	391,396,607,654	1,1,1,5	212	149
256,280	3,1	170,183,253,269	1,1,1,5	170	149
356,373	237,237	237,231,342,368	178,166,211,228	170	149
10,11	19,17	4,4,7,14	1,1,2,6	155	149
36,48	0,1	68,62,66,102	4,3,4,7	153	149
4,2	10,5	2,5,8,7	4,5,2,14	153	149
5,9	0,0	13,6,13,19	0,1,0,1	152	149
112,119	6,9	88,80,99,131	16,11,6,10	152	149
307,239	70,51	238,257,184,292	102,118,106,134	179	149
33,55	0,0	34,43,56,50	0,2,0,0	156	149
34,40	79,120	25,23,40,49	96,79,116,140	152	149
51,67	18,17	50,56,76,110	10,27,34,33	174	149
32,36	5,3	39,40,42,48	2,5,5,6	174	149
41,47	0,2	51,31,49,86	0,1,8,1	266	149
386,433	137,134	252,258,317,386	137,118,106,136	155	149
13,15	9,8	15,11,21,17	2,2,4,12	154	149
350,379	65,87	366,306,318,424	85,56,91,101	152	149
10,18	2,4	17,11,6,19	0,4,1,4	213	149
0,0	46,60	1,0,1,0	33,37,54,67	191	149
74,82	3,4	62,105,96,112	10,4,3,9	177	149
14,10	3,1	6,5,8,3	3,4,8,2	195	149
629,644	0,0	616,590,753,852	0,0,2,0	1402	149
618,635	0,0	613,589,753,851	0,0,2,0	1356	149
9,6	200,224	9,4,7,10	231,176,214,265	153	149
8,4	20,4	7,4,7,7	13,10,6,11	153	149
482,551	24,28	533,551,515,652	17,23,22,33	155	149
0,0	1,0	0,0,0,1	1,0,1,0	221	149
0,0	1,0	0,0,0,2	1,0,1,0	152	149
1,1	2,3	0,0,0,0	1,2,2,1	218	149
1,3	4,11	0,0,0,0	8,7,4,6	232	149
2,5	4,11	1,2,2,1	8,7,4,6	163	149
1,0	121,149	0,2,0,2	79,86,112,172	176	149
5,4	240,251	3,7,3,2	277,224,307,322	152	149
70,70	9,1	88,86,52,111	17,11,6,11	189	149
0,0	0,2	1,1,2,0	0,1,0,5	191	149
34,31	24,33	41,33,23,53	12,23,16,34	152	149
80,82	24,16	133,129,171,242	17,29,30,50	161	149
4,2	6,5	3,1,2,0	12,7,7,23	153	149
0,0	51,69	0,1,1,0	58,39,54,68	179	149
1,0	5,3	3,1,2,0	1,1,2,3	182	149
52,69	5,3	61,39,55,68	1,1,2,3	152	149
5,7	124,148	10,2,5,11	146,128,127,159	195	149
4,4	161,202	6,1,4,1	146,156,169,230	284	149
287,271	0,0	387,461,343,477	1,0,0,0	465	149
8,5	6,6	6,12,11,13	20,26,33,27	155	149
12,18	5,3	16,17,14,14	4,2,8,1	361	149
45,54	18,25	56,31,37,37	5,18,15,15	152	149
2,8	19,16	19,15,15,14	31,12,26,28	152	149
188,218	4,7	109,124,115,165	8,3,9,3	186	149
160,174	6,10	96,108,88,138	1,3,1,10	388	149
21,9	56,50	13,18,10,13	49,55,55,43	180	149
12,34	0,0	30,40,40,39	0,0,0,2	158	149
23,14	193,226	11,27,26,19	226,254,256,277	161	149
18,29	21,12	26,19,27,30	25,18,20,21	434	149
87,131	0,0	82,76,66,80	2,0,0,0	420	149
2,1	151,157	2,0,0,0	219,209,177,270	152	149
8,8	2,0	3,5,16,12	0,0,0,0	152	149
27,29	49,46	26,37,42,51	55,60,79,100	152	149
0,1	15,6	0,0,1,0	13,5,4,12	164	149
82,75	7,4	83,83,91,133	4,8,8,13	163	149
0,0	20,18	0,7,0,0	23,17,11,20	187	149
2,6	60,96	3,2,10,7	108,112,130,198	161	149
143,159	8,6	122,90,116,163	5,4,2,2	152	149
103,108	2,0	110,111,97,133	0,0,0,2	359	149
12,22	0,0	19,20,15,35	0,1,0,0	326	149
11,6	0,0	8,2,8,13	0,1,0,0	155	149
135,164	0,0	158,217,148,179	1,2,0,1	159	149
1,0	9,10	0,1,1,2	10,21,10,17	166	149
307,295	1,0	334,285,228,357	0,0,0,0	158	149
6,18	9,10	23,27,23,32	24,16,13,31	467	149
166,147	1,0	124,150,139,134	0,0,0,0	301	149
101,138	0,0	115,125,107,152	0,1,0,0	508	149
32,34	249,295	13,14,11,20	373,385,428,482	152	149
337,318	5,1	317,349,295,401	5,5,4,1	161	149
15,22	5,3	19,25,20,33	6,5,2,3	185	149
246,249	1,0	197,200,193,257	0,0,0,0	153	149
58,67	73,92	55,64,53,70	81,94,109,102	155	149
23,19	17,22	14,15,10,22	19,17,22,14	152	149
134,137	24,14	130,132,118,155	31,20,15,19	155	149
96,90	90,103	95,96,108,153	85,67,67,81	189	149
181,211	3,1	212,241,234,229	4,0,2,0	154	149
155,150	37,39	411,356,331,402	76,53,55,47	169	149
105,99	171,161	118,96,88,130	461,484,455,609	152	149
173,176	6,9	184,198,164,189	19,9,16,14	153	149
26,43	0,6	32,50,46,51	22,13,6,6	192	149
4,3	33,40	7,2,2,1	56,33,49,54	160	149
5,12	1,5	4,0,7,12	3,2,3,1	161	149
252,279	0,1	262,261,293,357	0,1,0,0	296	149
126,104	591,701	99,111,114,155	496,524,562,717	178	149
3,5	154,153	14,24,10,18	219,180,212,253	152	149
17,22	6,2	9,12,6,14	0,0,2,2	155	149
8,10	1,4	3,7,16,11	1,1,3,0	152	149
5,18	75,72	7,14,8,22	34,32,43,61	158	149
1,3	6,6	5,3,8,5	8,10,17,23	161	149
4,5	15,26	5,3,6,6	35,27,40,33	161	149
8,22	0,5	24,29,25,30	4,2,1,0	804	149
128,127	12,5	118,110,106,87	5,4,7,8	162	149
91,71	30,19	54,76,69,82	13,34,22,28	152	149
44,38	4,4	66,70,52,99	0,0,1,4	163	149
0,2	3,6	4,3,8,7	5,8,6,5	303	149
18,10	453,522	16,22,31,26	819,783,506,657	390	149
0,2	0,0	1,0,3,2	0,0,0,1	156	149
9,9	19,14	0,5,1,9	6,12,18,24	158	149
51,56	11,13	51,46,46,50	19,16,8,12	161	149
3,7	0,0	6,10,5,4	1,1,2,0	152	149
1,2	134,140	0,0,1,0	86,106,113,162	188	149
23,42	14,27	26,22,23,45	13,23,49,26	155	149
97,120	22,17	102,64,65,98	19,23,41,38	152	149
42,40	0,1	41,56,58,78	0,0,2,0	164	149
4,2	45,33	0,1,0,3	33,46,54,67	257	149
60,72	0,0	79,87,70,88	0,0,0,1	153	149
0,0	7,5	0,0,0,1	7,2,4,7	170	149
1,0	16,17	2,0,0,1	26,12,27,32	195	149
71,74	0,2	57,76,110,103	0,1,0,5	200	149
190,239	0,0	153,153,346,383	0,0,3,0	155	149
0,0	3,3	1,0,1,1	5,2,11,8	152	149
137,127	23,29	121,139,119,164	10,13,18,28	166	149
37,23	42,43	32,31,46,52	54,54,64,62	173	149
573,563	4,5	750,649,626,650	5,1,1,2	153	149
2,8	23,45	7,4,3,1	26,26,30,31	167	149
762,772	279,340	769,788,784,1026	157,175,174,191	152	149
1,0	0,1	0,1,0,0	0,0,0,0	152	149
105,85	0,0	122,143,162,241	0,1,0,1	825	149
0,0	40,55	1,0,0,0	48,51,56,91	163	149
11,15	21,38	18,10,14,43	20,17,15,27	161	149
10,16	1,0	45,38,46,40	13,10,6,22	155	149
1024,1119	0,1	779,757,865,1045	0,0,0,0	161	149
1,1	16,21	8,3,1,5	49,46,23,18	274	149
62,58	1,0	57,82,56,62	0,0,0,0	338	149
473,487	1,2	590,676,555,659	4,6,0,4	167	149
77,112	27,30	93,103,95,101	85,92,92,115	152	149
16,7	180,194	6,2,9,4	152,143,148,200	158	149
228,289	0,0	302,267,278,366	3,0,0,0	153	149
11,3	25,18	5,6,11,14	17,10,22,24	152	149
38,52	157,159	84,54,34,68	178,170,140,177	298	149
630,673	7,2	527,581,612,768	6,2,2,6	305	149
0,2	5,9	4,0,3,2	6,5,5,17	163	149
432,480	0,1	643,634,584,630	0,0,0,0	210	149
74,67	5,9	152,198,123,181	7,1,0,3	173	149
15,28	3,4	37,26,36,43	1,0,1,2	154	149
27,27	2,6	25,25,40,52	1,2,2,4	172	149
5,5	26,38	21,16,11,13	45,33,30,48	160	149
5,8	1,2	3,8,6,9	0,0,4,3	192	149
8,11	5,3	7,9,7,16	0,1,1,1	206	149
4,5	5,3	4,1,5,10	0,1,1,1	163	149
8,10	27,33	16,7,9,16	42,21,29,66	652	149
33,29	1,3	18,29,54,56	0,5,2,8	166	149
39,58	0,0	51,30,62,77	0,1,3,0	183	149
93,93	0,0	95,101,96,126	0,4,2,0	166	149
0,0	11,12	0,1,0,0	28,30,20,21	173	149
169,141	30,23	131,132,155,195	17,18,55,42	244	149
34,23	2,0	38,23,28,46	0,0,0,0	324	149
2,13	2,0	5,1,1,5	1,0,1,2	152	149
1,2	16,15	0,0,2,3	10,7,20,29	162	149
3,4	2,1	0,0,3,2	0,0,0,0	160	149
8,2	1,0	0,4,9,8	3,0,5,0	160	149
156,152	5,5	199,165,160,193	7,3,6,17	157	149
7,7	3,1	11,5,3,15	2,9,5,2	162	149
6,4	5,3	6,1,8,11	4,2,6,7	204	149
46,49	35,26	73,79,81,67	45,37,33,54	2667	149
44,47	0,1	75,78,80,67	3,1,0,0	2667	149
1355,1537	0,4	977,991,771,923	0,0,0,0	370	149
229,244	32,46	280,341,407,552	19,27,38,47	953	149
171,199	0,0	262,304,181,170	1,0,1,1	191	149
0,2	71,92	1,2,2,9	48,82,87,150	472	149
10,3	7,12	4,3,12,2	11,5,13,5	222	149
11,8	29,25	17,11,16,6	49,29,46,61	158	149
146,131	21,30	78,95,106,104	33,59,56,65	158	149
105,123	0,1	84,99,91,129	1,0,0,1	208	149
7,7	0,0	4,1,4,11	1,3,0,0	186	149
0,0	72,84	1,1,0,0	73,54,65,69	170	149
188,237	3,3	99,123,122,159	3,0,0,1	333	149
64,70	1,0	49,59,69,114	0,0,0,0	159	149
2,0	7,8	0,0,4,2	12,9,15,13	165	149
699,624	4,5	444,459,591,662	7,1,13,13	161	149
15,20	496,526	19,10,16,20	355,370,443,530	351	149
43,34	31,12	32,23,33,44	28,30,38,36	153	149
0,1	52,39	0,0,0,3	3,5,16,24	175	149
56,49	931,988	59,41,69,87	770,871,1194,1535	526	149
4,5	2,7	5,6,6,4	9,7,14,3	158	149
11,14	7,16	27,26,34,22	30,37,12,19	154	149
42,30	0,0	45,26,47,63	0,2,0,3	158	149
6,10	89,61	10,4,5,13	71,76,91,82	160	149
106,148	137,165	123,102,104,121	209,174,150,195	206	149
14,13	118,96	18,6,11,11	82,103,63,98	159	149
130,149	0,1	94,82,120,153	1,0,0,0	159	149
0,3	1,1	0,1,0,3	3,5,6,1	169	149
9,10	204,222	11,1,7,6	136,184,152,202	169	149
24,26	0,0	32,30,11,30	0,2,1,0	551	149
222,214	0,1	212,222,199,240	0,0,0,0	290	149
2,2	76,79	2,2,3,3	79,65,111,117	330	149
105,120	45,40	37,71,68,81	17,32,30,35	188	149
1,2	54,38	0,0,0,1	42,39,42,61	209	149
3,3	63,67	6,1,0,1	47,43,81,78	322	149
0,0	55,76	1,0,1,2	66,54,78,69	167	149
38,44	0,1	30,60,48,74	0,0,0,2	167	149
114,103	1,0	122,169,149,208	1,7,1,0	154	149
221,282	1,0	105,110,91,150	2,0,4,2	151	149
1408,1398	7,14	1365,1403,1316,1647	10,13,15,5	152	149
16,8	31,47	7,4,4,5	69,52,52,54	152	149
2,11	324,351	3,5,2,7	207,208,273,310	161	149
0,1	76,67	0,3,1,1	130,125,86,141	152	149
59,103	79,71	53,45,38,50	104,92,68,115	152	149
126,129	13,10	130,110,99,149	8,13,4,12	152	149
33,20	1,3	35,28,32,29	2,5,5,6	152	149
34,20	107,93	36,30,33,31	49,44,54,87	161	149
2,3	107,93	3,7,6,8	49,44,54,87	158	149
115,148	117,108	101,109,124,128	115,137,120,173	152	149
2504,2530	4,0	2826,2447,2613,3195	0,0,0,0	480	149
1,6	21,8	1,2,2,1	16,11,21,27	160	149
67,59	0,0	74,56,73,110	0,1,0,0	157	149
2,4	0,0	1,4,4,8	0,0,2,0	153	149
22,29	3,13	22,47,24,42	2,6,12,16	152	149
12,17	541,538	15,6,11,16	387,353,422,497	164	149
29,34	22,15	10,20,20,24	21,45,27,53	155	149
13,16	1,2	16,20,43,24	4,1,2,1	179	149
0,2	37,29	0,0,0,1	46,40,49,63	152	149
17,12	150,161	16,11,18,30	146,155,175,247	167	149
33,31	43,45	17,18,24,33	55,53,49,73	152	149
84,95	0,5	93,57,99,109	1,0,2,3	153	149
18,19	0,0	17,22,31,32	1,0,0,0	283	149
0,4	12,14	1,6,2,11	18,19,26,17	164	149
384,426	22,38	384,386,455,596	12,11,16,22	152	149
43,36	2,3	22,33,42,41	0,1,2,4	332	149
45,44	4,0	27,37,42,56	0,0,5,0	212	149
0,4	10,7	4,4,2,13	9,7,18,3	152	149
48,46	26,30	33,43,24,38	24,34,22,24	152	149
31,36	0,0	31,27,39,41	1,0,0,0	238	149
0,1	20,4	0,0,2,5	6,4,2,17	174	149
0,1	47,23	0,0,3,8	37,33,41,42	177	149
20,4	47,23	6,4,3,20	37,33,41,42	152	149
22,24	0,3	19,24,35,28	1,0,3,0	152	149
7,8	0,0	21,29,28,28	6,3,0,2	158	149
5,9	1,1	9,15,15,11	0,0,0,0	160	149
0,0	1,0	0,0,0,1	4,3,2,0	164	149
2,4	85,59	11,5,4,2	78,83,79,100	176	149
11,15	0,0	12,23,23,22	1,6,1,8	446	149
44,37	0,3	38,33,28,29	5,1,5,0	227	149
0,0	3,7	0,0,0,1	6,19,44,39	169	149
8,5	0,0	2,4,14,11	0,0,1,1	152	149
1,0	36,29	0,5,0,5	20,27,25,51	496	149
10,7	1,4	8,9,9,13	4,7,13,3	152	149
25,22	13,12	15,25,29,28	16,3,5,11	405	149
21,22	15,34	16,25,27,27	4,1,1,5	405	149
41,50	15,34	49,68,55,85	4,1,1,5	719	149
20,30	0,2	35,43,28,60	1,0,0,0	463	149
65,64	835,888	81,78,76,85	864,929,887,1370	167	149
11,15	64,57	13,14,16,17	51,67,60,59	193	149
12,10	0,1	4,4,3,4	0,0,0,0	175	149
26,23	4,14	10,19,20,29	8,14,7,8	182	149
13,11	2,2	17,14,10,37	6,2,9,3	154	149
214,186	16,8	152,157,178,162	12,15,11,11	254	149
6,3	10,7	10,1,9,5	7,11,8,8	156	149
323,389	2,0	381,393,373,396	0,0,0,0	321	149
6,3	12,18	2,1,1,4	11,15,18,22	164	149
42,44	3,2	28,27,30,40	3,0,0,3	168	149
7,13	30,42	4,2,8,6	32,52,52,59	152	149
26,30	90,103	12,20,24,31	51,75,84,105	436	149
260,232	377,371	155,203,194,280	286,324,340,460	285	149
3,1	123,161	15,7,10,11	154,162,129,166	333	149
0,3	22,24	3,1,0,1	27,20,36,41	152	149
270,346	60,52	340,217,301,407	40,49,49,58	152	149
198,238	1,0	160,166,202,208	1,3,4,2	156	149
219,248	11,9	235,198,184,258	3,6,0,0	191	149
125,129	615,532	178,231,207,267	479,397,434,569	152	149
34,39	15,24	23,29,22,28	27,21,27,23	152	149
95,100	16,14	99,104,145,145	34,22,26,42	152	149
363,430	0,0	434,430,373,515	0,0,0,3	184	149
22,23	12,4	46,53,43,36	8,8,3,6	552	149
29,33	1,0	70,56,48,40	0,1,0,1	873	149
8,7	36,28	6,5,7,13	33,37,43,52	165	149
0,2	77,78	13,3,14,13	73,97,79,101	165	149
7,1	2,2	6,13,12,16	0,5,0,0	158	149
48,29	15,20	31,36,33,48	14,10,29,29	216	149
0,1	24,26	1,2,0,1	27,20,18,22	174	149
142,145	3,5	196,188,139,168	8,5,0,4	161	149
5,8	46,57	2,3,2,7	38,36,61,66	152	149
89,121	5,10	78,61,126,135	4,6,13,13	227	149
76,105	9,26	55,64,107,100	8,11,29,31	175	149
898,1070	64,86	869,816,1046,1422	76,63,65,100	152	149
948,1122	24,20	923,862,1105,1493	19,12,20,37	155	149
973,1177	16,14	962,897,1147,1541	13,18,15,14	158	149
1114,1324	8,8	1098,1023,1293,1754	8,7,12,16	161	149
114,138	24,20	130,109,124,171	19,12,20,37	152	149
139,193	16,14	169,144,166,219	13,18,15,14	155	149
280,340	8,8	305,270,312,432	8,7,12,16	158	149
49,75	16,14	58,47,62,85	13,18,15,14	152	149
190,222	8,8	194,173,208,298	8,7,12,16	155	149
157,161	8,8	149,144,161,227	8,7,12,16	152	149
40,25	3,11	32,25,37,56	7,7,1,4	191	149
116,146	37,46	112,113,112,153	62,37,42,65	332	149
104,113	8,7	95,124,100,123	1,7,8,8	166	149
94,97	3,8	79,70,103,99	6,7,11,8	161	149
1,1	51,68	0,0,0,1	56,44,60,90	206	149
246,268	6,6	192,222,219,331	9,6,5,6	155	149
23,1	0,0	10,11,25,31	0,1,0,0	153	149
1,0	0,0	0,2,1,0	3,2,0,0	156	149
18,16	48,25	24,24,30,46	45,39,32,47	152	149
0,3	22,30	6,6,9,5	26,32,25,47	155	149
2,3	53,98	10,2,1,0	45,67,81,72	152	149
19,27	50,45	20,28,25,28	46,27,49,34	152	149
19,12	13,12	8,5,5,4	11,4,8,6	152	149
21,16	11,11	11,26,24,13	9,8,6,6	204	149
57,45	3,1	33,43,66,38	0,1,0,5	486	149
11,8	22,36	15,14,4,4	19,12,37,20	354	149
188,257	0,0	206,253,194,234	0,0,1,2	314	149
11,10	8,12	9,13,17,17	17,10,23,17	183	149
217,269	1,8	198,212,219,278	8,3,7,7	156	149
103,92	1,0	83,65,72,95	0,0,2,0	166	149
1533,1584	13,22	1475,1433,1230,1635	27,20,26,21	166	149
6,10	1,0	10,22,14,17	0,0,0,2	152	149
30,27	5,3	21,20,32,33	0,0,0,0	152	149
13,7	437,480	16,17,15,9	403,405,512,587	313	149
80,83	0,1	117,125,96,124	0,0,1,0	170	149
0,0	8,12	4,0,7,0	3,6,3,14	152	149
108,122	46,53	117,99,138,159	27,30,37,44	164	149
20,25	4,2	20,34,17,24	1,2,0,5	167	149
12,7	75,61	21,2,9,17	44,37,62,91	174	149
4,4	6,12	4,8,21,11	1,4,13,10	152	149
7,7	16,17	6,4,9,7	8,7,7,25	152	149
1,3	4,3	3,2,2,3	4,6,0,2	152	149
17,22	137,140	29,37,33,43	156,134,203,187	486	149
14,15	125,151	29,11,19,9	120,104,119,156	164	149
2,0	87,112	0,2,0,0	111,100,116,144	188	149
9,17	0,2	11,10,9,8	1,0,0,1	158	149
0,7	41,30	4,2,11,4	0,0,0,1	194	149
0,0	10,2	2,0,3,1	3,1,1,3	158	149
31,38	60,71	44,46,43,67	91,89,118,119	169	149
546,552	1,0	610,579,457,492	0,0,0,0	309	149
0,0	28,26	0,9,2,0	21,18,5,28	401	149
45,51	11,9	35,31,21,36	11,10,10,17	153	149
16,12	2,7	10,14,9,23	0,0,0,0	152	149
22,13	1,1	5,14,17,29	2,4,0,4	155	149
7,8	63,70	9,7,11,3	64,65,52,77	164	149
21,31	45,40	21,14,34,28	48,45,69,60	152	149
183,214	2,1	158,170,127,186	1,1,1,2	222	149
15,10	56,61	10,6,1,3	56,61,65,79	162	149
30,45	0,0	30,26,41,63	1,0,0,1	155	149
3,4	66,66	1,2,3,4	68,50,64,60	167	149
155,160	287,305	60,68,84,121	165,180,193,310	152	149
263,221	0,1	246,238,214,299	1,0,1,0	198	149
893,845	3,0	867,902,863,992	1,0,0,1	298	149
846,897	1,1	783,829,870,1164	3,0,3,3	182	149
44,61	0,1	41,72,46,62	0,0,0,0	1163	149
0,0	9,12	3,2,1,7	8,4,8,23	164	149
64,50	16,16	31,46,48,56	9,7,4,9	155	149
1,0	501,581	1,0,0,2	243,246,226,314	185	149
91,75	121,167	97,104,72,148	151,165,185,231	152	149
77,74	0,2	52,61,75,73	2,0,0,0	152	149
6,7	10,16	17,7,3,4	7,10,9,16	171	149
59,49	4,7	68,65,75,61	10,4,5,4	172	149
8,11	0,3	13,19,24,28	2,1,2,2	176	149
5,4	12,19	7,4,6,9	34,37,29,20	259	149
4,12	0,6	6,9,12,6	10,7,4,6	156	149
6,21	7,3	16,17,15,20	3,4,3,2	165	149
22,15	5,1	6,15,14,25	5,3,1,1	170	149
7,5	145,164	4,4,7,2	133,119,142,197	191	149
3,0	0,0	2,0,3,0	2,0,0,0	169	149
11,15	1,0	18,11,16,14	0,0,0,0	388	149
8,15	1,0	18,11,13,14	0,0,0,0	368	149
22,30	5,7	42,22,32,30	3,8,2,6	706	149
24,47	25,22	35,39,35,45	11,22,31,35	152	149
2,6	25,22	1,17,5,8	11,22,31,35	165	149
2,6	24,47	1,16,5,8	35,38,35,45	162	149
1,0	5,1	3,0,3,3	3,0,0,0	166	149
7,8	43,47	14,7,4,11	48,33,33,47	166	149
23,13	33,28	33,37,35,53	42,37,57,68	194	149
42,41	52,49	31,31,27,50	70,37,29,42	213	149
467,460	79,85	451,447,463,553	95,86,105,124	152	149
0,1	102,122	3,1,0,5	123,137,121,182	182	149
107,102	8,2	105,116,93,158	9,2,2,1	168	149
414,487	12,10	369,420,423,573	18,12,25,17	212	149
2,3	22,6	2,4,6,1	20,23,4,24	152	149
32,25	54,70	17,25,31,27	73,63,90,64	161	149
39,29	19,19	23,32,38,43	11,14,9,15	322	149
1,1	0,3	0,0,0,0	7,4,4,8	170	149
46,57	6,12	43,49,37,71	10,10,8,12	153	149
4,4	13,32	5,4,5,11	17,22,25,45	152	149
46,28	13,6	34,18,44,37	25,17,28,17	172	149
33,11	384,370	10,13,16,15	359,375,373,371	398	149
4,11	0,1	13,7,10,15	0,0,1,1	153	149
55,65	6,8	50,61,28,59	0,0,0,1	305	149
81,91	6,8	63,70,37,67	0,0,0,1	332	149
37,53	6,15	39,36,35,54	22,21,21,29	176	149
2,0	0,0	2,2,4,0	2,0,0,0	189	149
0,1	1,0	0,2,1,2	0,0,0,0	297	149
1,1	0,2	1,1,1,2	0,0,0,1	157	149
79,69	34,26	41,41,52,69	29,26,17,38	172	149
148,166	0,0	260,255,160,240	0,0,0,3	156	149
15,10	2,2	12,11,18,25	6,1,0,6	222	149
10,3	2,0	8,5,14,16	2,1,3,0	222	149
28,20	2,0	19,17,22,41	2,1,3,0	611	149
18,17	0,0	12,12,8,25	1,0,0,0	538	149
20,35	4371,4783	32,38,32,50	4695,4711,4686,5977	299	149
0,2	67,95	0,1,1,1	61,58,93,94	170	149
0,0	3,4	0,0,0,2	0,6,1,3	219	149
36,35	1,0	64,65,46,87	1,0,0,0	168	149
31,24	8,1	32,18,30,45	6,4,9,8	155	149
76,94	0,0	84,80,104,102	4,0,1,1	164	149
153,181	94,92	102,97,115,111	85,142,146,150	152	149
130,176	8,5	153,137,159,208	15,14,16,13	161	149
5,8	37,46	16,10,18,11	16,22,20,31	154	149
11,9	6,1	20,19,12,11	5,3,5,2	152	149
3,6	19,26	3,4,1,9	32,44,17,44	162	149
3,7	45,61	8,9,7,6	54,68,57,85	162	149
146,177	4,1	210,202,205,226	1,1,0,1	343	149
5,10	2158,2342	7,5,3,1	1184,1182,1189,1423	152	149
107,118	3,2	89,90,100,123	1,0,0,3	153	149
522,630	121,171	470,483,573,735	238,182,285,386	152	149
11,3	0,1	23,5,8,9	0,0,0,2	462	149
20,24	4,0	14,26,30,24	0,4,2,4	328	149
20,19	0,1	16,33,24,17	0,0,0,0	581	149
13,16	93,78	7,5,21,11	95,82,79,104	457	149
64,64	5,16	100,69,105,107	11,18,10,17	153	149
27,24	5,16	26,8,26,25	11,18,10,17	224	149
25,24	62,64	24,8,26,25	98,69,105,107	220	149
44,50	2,3	25,30,35,52	0,1,1,2	167	149
15,6	54,57	25,19,18,12	83,80,90,123	275	149
7,4	3,3	6,12,15,18	3,0,0,5	752	149
46,55	1,1	25,20,34,33	8,12,8,11	173	149
1,4	64,82	7,5,4,5	79,68,49,110	169	149
789,832	268,273	740,675,635,861	145,117,107,142	152	149
53,62	4,6	92,75,84,111	12,18,7,21	367	149
22,26	2,0	15,9,27,26	0,0,0,0	158	149
29,26	31,39	17,30,13,35	13,23,21,17	152	149
53,54	10,8	49,60,60,65	15,9,23,18	210	149
2,0	7,3	1,0,0,7	4,6,1,6	152	149
42,47	4,6	37,36,57,59	5,1,4,4	173	149
44,26	722,815	30,6,20,25	775,800,839,1191	404	149
0,1	0,2	0,2,1,0	1,0,1,6	190	149
0,1	0,2	0,0,1,0	1,0,1,6	194	149
26,18	10,13	23,28,40,29	16,15,11,19	326	149
4,10	162,160	2,5,7,9	112,116,139,172	167	149
19,22	5,9	5,10,12,14	0,7,8,2	161	149
10,8	318,347	6,7,9,17	223,246,423,519	437	149
189,191	333,416	150,147,172,211	332,365,412,463	152	149
0,4	0,1	3,2,2,8	2,0,0,0	154	149
78,80	1,2	128,121,111,104	2,0,2,1	169	149
148,147	13,18	144,172,133,172	30,37,42,62	155	149
179,148	1,2	225,199,170,193	0,1,1,0	169	149
62,84	122,80	46,44,71,95	82,97,75,144	223	149
585,630	178,200	624,626,716,851	109,138,104,170	152	149
177,180	1,2	204,206,205,240	0,0,0,0	341	149
15,5	6,4	10,17,13,10	0,0,2,0	282	149
374,399	5,5	406,424,333,452	3,0,4,3	153	149
15,25	121,121	14,5,11,11	86,96,99,119	176	149
33,43	4,3	23,25,40,45	4,4,10,7	164	149
15,11	16,13	4,18,7,11	3,10,8,17	861	149
137,164	1,1	135,169,190,211	2,2,0,0	218	149
0,0	0,1	1,4,1,5	0,0,2,0	152	149
4554,4903	1,1	4133,3734,3468,4732	2,2,0,0	152	149
71,73	55,49	109,101,97,111	46,52,55,88	152	149
1,0	16,22	1,0,0,0	21,20,12,41	179	149
9,7	2,7	2,3,7,0	8,1,1,2	170	149
9,9	96,121	6,6,6,7	114,108,108,183	586	149
50,67	5,7	94,80,68,76	1,6,2,6	178	149
169,162	3,2	225,246,189,249	4,7,6,6	157	149
186,186	0,1	269,301,231,302	0,0,1,0	403	149
58,84	122,138	53,68,104,103	106,82,126,164	155	149
3,8	8,6	6,6,15,14	2,7,5,4	155	149
84,78	61,76	72,64,60,86	57,37,72,80	158	149
5,5	19,9	0,1,4,3	26,23,33,23	155	149
28,42	102,120	25,24,29,29	132,118,67,102	153	149
489,534	136,118	582,747,728,674	119,127,109,143	487	149
3,5	129,132	7,10,10,2	140,142,190,207	167	149
1,12	3,1	7,4,6,7	0,1,0,0	521	149
1,9	18,21	4,1,3,6	19,27,18,20	186	149
19,12	31,27	7,8,6,11	22,24,29,43	160	149
6,10	59,39	6,10,11,19	42,35,28,38	152	149
51,51	0,1	58,51,59,100	1,0,0,0	185	149
29,29	0,0	15,22,13,33	1,2,0,2	155	149
81,65	0,4	140,152,139,146	0,2,0,0	155	149
11,9	2,2	7,12,22,21	0,3,1,0	215	149
7,11	2,3	3,0,3,8	7,2,5,14	171	149
1,4	6,2	0,0,0,2	9,8,5,10	164	149
0,1	23,13	1,2,0,7	36,27,14,57	486	149
32,30	0,0	49,79,70,84	0,1,0,0	791	149
105,76	5,5	68,78,77,85	4,2,9,8	156	149
55,71	13,15	51,37,54,57	7,12,21,26	171	149
15,19	1,9	13,11,35,16	3,2,6,3	152	149
31,41	5,0	24,42,31,60	1,4,3,7	164	149
79,76	9,22	79,87,110,92	9,5,8,9	155	149
26,24	125,120	6,13,9,16	121,121,136,126	153	149
0,1	0,0	0,0,0,0	0,0,1,7	282	149
19,14	35,28	30,25,20,26	20,34,25,25	152	149
861,877	0,1	960,938,1031,1427	0,0,0,2	158	149
7,0	45,46	0,2,2,2	50,54,74,90	173	149
22,15	447,464	39,59,23,55	413,454,487,689	911	149
3,1	0,0	4,4,2,5	0,2,0,2	158	149
7,10	0,3	18,11,10,12	1,2,4,1	158	149
135,140	16,12	155,131,148,162	7,17,9,9	152	149
35,60	88,53	52,57,52,60	43,57,46,83	497	149
98,96	80,75	159,181,158,213	72,66,53,85	152	149
147,160	140,164	271,236,262,248	180,179,142,162	339	149
15,15	3,1	3,7,14,9	2,4,3,6	179	149
3,10	42,40	9,11,10,9	82,80,97,160	221	149
6,6	19,10	3,3,3,12	7,12,10,10	152	149
43,26	4,3	38,32,54,64	0,0,1,0	334	149
4,8	24,50	6,5,3,4	11,16,24,19	164	149
8,4	7,1	7,12,4,7	0,3,4,2	155	149
7,12	2,1	11,5,5,16	0,2,0,1	152	149
8,4	67,61	15,10,8,16	36,47,57,49	208	149
1,0	406,432	2,2,4,2	496,407,396,508	230	149
70,81	0,1	95,64,135,151	0,0,0,0	340	149
97,132	166,179	94,101,107,169	178,136,166,206	168	149
137,136	12,8	82,72,78,133	12,10,13,19	154	149
19,8	53,54	19,32,19,62	38,35,39,63	886	149
22,19	53,54	34,46,50,76	38,35,39,63	1297	149
11,14	7,3	24,23,34,21	7,5,3,7	560	149
1181,1271	0,0	1263,1264,1250,1850	2,0,2,1	475	149
682,776	2,4	795,781,834,877	3,4,10,6	186	149
30,56	0,0	20,29,74,61	2,2,2,3	260	149
2,3	10,8	4,0,2,11	11,12,16,25	222	149
27,25	1,6	7,13,25,28	4,0,0,12	195	149
177,223	1,1	105,159,161,193	0,0,0,0	401	149
273,262	4,1	329,301,367,476	0,0,0,0	311	149
52,68	10,8	72,97,45,72	40,30,20,17	152	149
70,74	75,89	65,38,60,39	45,50,33,59	1813	149
5,2	40,40	2,0,9,8	50,34,50,54	165	149
30,38	1,2	48,30,39,42	0,0,0,5	157	149
4,7	77,53	11,8,5,1	57,67,76,77	215	149
3,6	0,2	6,5,12,22	0,0,0,0	157	149
142,109	25,34	163,180,187,234	9,10,9,14	307	149
392,339	685,661	418,446,452,576	670,715,668,762	660	149
275,264	685,661	264,276,274,356	670,715,668,762	502	149
348,318	1,4	351,382,415,518	5,10,2,1	502	149
3,3	145,166	1,1,0,2	114,121,138,191	165	149
331,326	0,0	285,321,391,416	1,0,0,0	167	149
51,60	4,12	85,74,68,68	8,12,17,19	153	149
5,6	29,47	10,10,10,22	28,36,50,60	963	149
35,47	3,10	30,34,43,66	5,7,8,12	156	149
103,126	4,4	84,105,129,132	9,4,12,4	155	149
1,2	15,39	0,10,2,7	34,35,35,28	163	149
13,25	62,53	25,21,23,35	61,59,81,73	152	149
7,3	0,0	6,15,18,14	0,0,1,0	219	149
8,14	2,1	3,4,0,7	1,7,2,0	346	149
14,19	27,12	9,21,34,32	8,8,11,17	152	149
31,29	0,4	12,28,38,49	0,0,0,0	277	149
1,4	1431,1544	25,16,8,12	1271,1404,1440,1985	353	149
82,102	0,0	31,50,55,63	0,0,0,1	399	149
11,11	7,14	5,16,4,12	5,4,2,7	173	149
27,38	5,5	8,19,28,39	4,5,7,17	166	149
2,0	29,25	2,1,3,1	16,24,41,30	166	149
14,19	136,147	12,21,43,46	100,78,103,154	152	149
0,0	41,55	2,1,4,0	70,58,84,73	194	149
2,3	2,2	0,3,1,2	2,0,0,1	152	149
1,2	0,0	1,3,2,4	1,1,0,1	161	149
35,50	22,26	18,45,52,43	22,17,25,34	152	149
12,8	3,0	13,31,32,36	0,8,1,4	230	149
1,1	4,4	3,3,1,3	4,4,1,2	152	149
38,50	0,0	44,48,40,52	2,0,0,0	180	149
9,18	0,0	21,21,16,27	2,0,0,0	191	149
3,2	32,34	8,6,4,6	31,33,28,31	160	149
10,12	0,1	11,7,6,8	0,0,0,0	156	149
2,3	68,83	0,1,0,0	63,47,88,109	429	149
627,622	8,2	586,555,582,715	2,2,2,3	155	149
5,4	230,296	3,2,7,8	255,261,318,355	173	149
28,29	4,1	19,31,48,63	0,1,7,9	155	149
11,8	109,102	4,9,12,8	139,154,119,170	164	149
25,36	56,51	32,27,24,27	30,26,31,63	167	149
40,24	289,228	19,19,28,24	211,213,207,231	168	149
237,298	9,14	186,212,381,400	21,7,21,21	152	149
43,58	2,5	41,36,51,76	1,3,4,3	152	149
37,22	50,44	31,15,31,27	45,52,87,67	201	149
78,82	0,0	110,94,73,99	0,0,0,1	183	149
104,95	3,1	76,117,109,138	5,5,1,0	164	149
15,18	1,0	18,12,23,31	1,0,2,1	180	149
255,269	1,0	324,305,310,388	1,0,1,3	154	149
9,26	0,1	16,28,21,42	0,0,0,1	169	149
127,123	17,23	38,35,51,73	12,8,8,11	194	149
30,27	1,2	33,27,24,32	0,0,0,0	165	149
12,9	21,26	13,19,12,16	8,20,29,25	163	149
131,150	0,0	135,210,153,106	0,1,0,0	344	149
115,103	0,0	99,109,102,104	0,0,1,1	336	149
0,1	16,7	1,7,2,10	20,28,33,30	168	149
22,28	0,0	26,30,33,59	0,0,0,4	152	149
20,3	0,0	4,11,8,6	0,0,4,1	160	149
208,229	3,4	141,172,158,164	1,2,0,1	152	149
140,130	41,42	123,93,126,135	41,41,27,46	170	149
4,6	39,54	13,14,22,11	44,25,34,49	152	149
43,53	623,635	39,48,34,51	492,482,551,817	1710	149
0,4	12,6	0,5,0,4	10,13,16,20	162	149
68,75	0,2	72,74,106,117	0,2,3,7	170	149
14,18	0,0	37,10,48,63	0,0,0,1	155	149
6,4	30,36	2,1,5,3	15,17,60,55	635	149
34,38	1,1	23,19,20,28	2,1,2,2	155	149
82,99	1,1	96,107,130,157	2,0,0,0	221	149
162,128	2,7	96,117,124,163	2,1,0,6	184	149
10,15	306,318	16,33,20,27	230,249,369,395	152	149
41,29	107,117	36,40,34,44	124,96,126,139	167	149
218,205	178,180	27,37,45,57	53,46,75,74	230	149
18,18	2,7	27,29,31,40	9,18,17,11	158	149
3,1	0,0	7,6,8,7	1,2,0,0	152	149
21,12	38,25	5,7,8,13	20,36,23,35	152	149
35,65	7,22	23,39,52,53	12,6,2,19	156	149
45,49	9,5	37,38,31,45	10,6,8,15	155	149
21,20	8,9	22,20,28,45	8,4,15,6	168	149
33,18	1,3	19,23,17,33	1,1,0,1	181	149
9,13	327,334	12,14,18,19	448,491,438,540	236	149
7,6	7,5	16,15,13,12	9,12,7,8	152	149
45,41	1,1	39,41,66,84	2,1,1,5	155	149
168,162	1,0	139,114,135,211	1,0,1,0	1593	149
55,59	1,8	50,48,25,66	6,2,0,4	389	149
1,2	14,14	0,1,1,5	11,12,13,23	172	149
68,49	78,60	82,58,82,60	70,79,45,73	152	149
9,6	10,12	1,9,2,4	15,13,9,13	156	149
10,7	0,0	1,11,4,7	0,1,0,0	172	149
11,13	0,0	15,15,11,16	0,1,0,0	165	149
447,466	1,3	263,333,291,422	0,0,0,5	376	149
400,434	14,12	257,282,231,332	5,13,11,34	169	149
6,10	191,244	3,4,12,10	96,98,147,176	459	149
243,296	7,2	110,135,111,200	0,0,1,0	355	149
2,2	8,3	4,7,2,2	19,9,23,23	164	149
159,168	36,40	105,110,140,141	30,40,58,63	152	149
6,4	1,0	3,3,10,12	0,0,0,0	156	149
0,1	2,1	0,1,0,3	2,3,0,1	172	149
23,24	0,0	14,22,17,36	6,0,5,10	387	149
6,1	29,46	3,2,3,15	43,46,54,62	169	149
52,70	2,3	57,68,71,97	1,0,1,3	387	149
37,55	0,0	23,27,30,34	2,0,3,0	437	149
2,0	5,9	3,2,1,2	2,8,5,9	157	149
6,10	12,13	7,6,5,3	19,20,10,15	166	149
2,3	113,108	5,6,3,1	122,142,112,150	194	149
4,6	31,40	5,4,11,18	31,24,19,44	165	149
4,6	6,2	4,14,17,29	0,2,3,3	152	149
382,456	8,12	368,377,369,509	14,5,7,13	222	149
2,0	45,56	0,2,1,3	48,36,61,78	239	149
79,73	59,55	116,107,118,126	22,18,36,71	152	149
116,104	14,22	92,102,126,154	14,26,32,19	155	149
1,0	0,0	2,0,2,2	0,2,0,0	168	149
10,18	0,4	17,13,15,25	2,0,2,0	155	149
17,25	0,0	21,13,14,32	0,0,0,2	161	149
1,1	8,8	5,9,0,11	12,14,15,13	152	149
2,6	17,9	3,14,13,6	8,7,29,16	161	149
6,2	95,86	7,11,2,15	93,86,90,116	153	149
4542,4635	70,44	5188,5368,5097,6929	58,55,59,87	152	149
14,26	1246,1160	14,33,22,14	1475,1536,1271,1733	597	149
12,26	1246,1160	14,33,21,14	1475,1536,1271,1733	600	149
0,1	2,1	0,0,0,0	0,0,1,0	152	149
6,5	173,205	3,7,5,6	167,176,188,204	330	149
67,65	9,4	73,56,65,94	4,6,11,6	155	149
3,1	0,0	3,6,3,6	0,0,0,2	155	149
5,6	0,3	2,0,1,3	2,3,0,5	152	149
34,41	21,15	32,37,45,56	33,13,33,34	186	149
11,7	22,19	6,21,11,9	16,14,40,27	396	149
33,34	0,1	35,36,59,49	0,0,0,0	318	149
1,0	6,7	0,2,0,2	4,8,10,8	162	149
349,330	2,2	362,351,299,341	7,14,7,4	156	149
7,5	2,3	1,7,6,2	2,6,8,6	161	149
5,6	2,3	8,17,9,9	2,6,8,6	167	149
5,5	7,4	8,12,8,8	1,2,5,1	155	149
141,152	23,59	156,151,124,163	39,24,37,34	166	149
1,2	10,9	5,1,1,3	2,3,4,11	173	149
2,3	40,50	5,4,8,3	37,37,49,43	172	149
64,63	0,0	52,52,77,60	2,0,1,0	285	149
16,38	21,21	12,23,33,23	12,18,7,17	152	149
3,2	4,3	5,1,1,2	1,9,8,5	152	149
8,24	32,25	32,45,24,15	35,36,23,55	176	149
74,96	13,20	81,91,71,128	21,15,21,32	152	149
0,2	2,1	6,2,0,1	3,3,0,2	152	149
2,1	2,3	0,0,0,0	0,0,4,3	163	149
147,172	10,19	162,177,189,264	13,17,23,25	164	149
1,5	163,177	0,1,0,3	166,224,197,246	179	149
22,29	8,3	29,14,26,35	1,11,5,6	190	149
0,0	10,9	0,1,0,0	11,8,15,22	164	149
17,34	16,6	33,15,10,41	7,9,12,9	153	149
0,1	43,52	0,0,0,0	55,45,66,99	176	149
0,2	13,11	0,2,4,4	11,12,24,28	155	149
1,2	20,18	0,4,3,12	13,16,21,38	323	149
14,10	50,39	7,15,13,18	53,53,61,104	167	149
20,19	5,5	20,15,16,23	0,1,0,0	155	149
15,19	0,0	7,12,8,7	0,0,0,1	299	149
15,3	239,233	7,10,4,8	192,186,205,194	152	149
77,73	9,24	53,85,81,116	10,11,10,23	160	149
86,67	7,8	52,54,60,108	2,8,19,13	164	149
9,23	0,0	12,17,15,20	0,0,0,1	160	149
33,33	1,0	28,39,29,38	2,3,2,0	206	149
33,39	2,6	22,14,16,13	4,0,6,4	246	149
53,66	23,28	77,63,46,87	23,22,24,28	152	149
11,13	105,122	5,6,17,5	134,114,130,152	155	149
0,0	80,129	0,4,0,0	118,105,117,99	357	149
93,128	261,277	158,140,212,262	249,310,314,494	174	149
1130,1264	6,3	1253,1331,1555,1943	0,0,0,2	159	149
1,2	0,0	1,6,6,3	1,0,1,2	158	149
307,297	229,313	242,237,231,279	399,452,354,532	152	149
200,208	1,0	178,180,182,256	0,0,0,0	249	149
3,2	1,3	1,1,1,6	2,6,3,1	152	149
6,1	0,0	14,21,25,25	1,0,0,0	182	149
26,21	3,3	12,13,10,21	1,1,1,0	182	149
14,26	3,2	9,7,13,38	1,4,3,3	249	149
1532,1615	0,0	1449,1310,1578,2046	0,0,0,1	156	149
0,2	9,10	0,0,2,3	10,2,8,9	160	149
41,44	43,55	25,25,34,61	42,50,29,72	155	149
0,0	2,5	3,1,1,3	2,9,5,4	161	149
8,7	339,330	4,13,4,6	324,306,261,391	300	149
0,0	1,2	0,5,1,0	0,0,0,0	152	149
0,1	45,45	5,3,7,2	153,174,155,232	164	149
0,4	3,3	2,0,3,2	5,2,17,13	308	149
4,11	0,1	4,1,6,9	0,1,1,1	337	149
7,10	0,1	7,3,20,20	0,1,1,1	178	149
1342,1377	52,47	1366,1361,1352,1897	197,157,167,221	155	149
1349,1390	5,6	1386,1378,1372,1910	19,28,19,26	158	149
59,60	5,6	217,174,187,234	19,28,19,26	152	149
2,1	24,17	1,0,7,1	19,41,34,33	161	149
33,25	228,269	22,46,26,62	313,364,403,450	741	149
110,153	2,0	106,108,148,201	0,0,0,0	154	149
0,3	51,57	2,1,0,1	50,44,62,75	179	149
2,8	1,1	5,15,7,15	1,2,4,3	171	149
3,6	15,8	2,8,2,5	9,11,12,9	159	149
47,32	2,1	43,43,11,39	0,0,1,0	224	149
21,22	0,0	20,23,28,32	0,0,0,1	271	149
375,378	9,22	355,430,458,585	22,39,39,23	155	149
7,7	2,0	6,8,3,9	0,0,2,1	154	149
0,0	0,2	1,1,0,3	0,2,1,4	154	149
2,7	3,6	4,3,4,12	1,3,8,5	154	149
34,31	2,2	28,37,38,37	0,0,0,1	167	149
51,48	2,3	39,29,44,52	1,5,1,1	239	149
29,25	7,8	21,35,35,32	5,1,9,9	164	149
4,1	0,0	4,2,1,1	0,1,0,0	154	149
12,23	1,3	34,22,23,26	6,11,8,13	169	149
17,16	10,17	4,10,13,10	21,30,10,37	152	149
13,12	27,20	23,23,15,23	36,20,45,56	164	149
11,9	382,428	14,11,20,15	377,368,408,456	182	149
627,696	3,4	512,588,621,721	0,1,7,2	310	149
29,20	0,0	25,17,23,16	2,0,1,1	198	149
18,23	0,1	21,23,24,35	0,3,0,1	388	149
138,171	2895,2847	95,84,82,115	1418,1347,1376,1700	618	149
8,11	2,3	31,18,26,30	3,3,0,0	178	149
5,1	2,3	14,12,13,11	3,3,0,0	340	149
3,1	6,11	7,8,8,8	24,14,21,27	311	149
2,6	257,253	4,6,1,2	175,209,217,306	338	149
1,2	15,19	3,1,12,23	9,6,21,15	152	149
4,10	39,32	7,10,12,22	46,38,50,90	152	149
48,56	14,27	47,39,37,37	19,17,21,23	165	149
3,2	11,16	0,0,1,1	18,22,27,53	202	149
226,194	0,0	236,197,206,270	0,1,0,0	151	149
2,4	230,278	1,5,5,9	236,236,269,314	312	149
2,1	0,0	2,4,2,3	0,0,1,0	154	149
110,133	66,91	123,133,124,164	68,109,73,127	154	149
3,0	6,3	0,2,4,0	2,3,10,5	155	149
188,202	0,1	83,84,94,136	0,0,0,0	316	149
3,0	0,2	4,8,6,4	0,0,2,2	294	149
3,3	17,26	12,20,15,25	30,24,25,37	152	149
211,263	1,7	255,219,230,303	13,6,2,10	154	149
196,222	4,5	275,226,199,291	5,3,10,4	155	149
26,23	5,2	28,28,19,42	7,8,15,11	153	149
56,53	0,2	55,53,65,80	0,0,1,0	173	149
3,4	255,247	5,3,0,3	227,248,203,263	152	149
45,60	35,37	66,37,38,45	21,20,30,38	796	149
84,72	5,3	67,84,61,94	12,4,9,3	233	149
140,137	1,9	115,104,115,149	3,5,3,6	730	149
8,19	74,52	12,19,19,6	73,98,58,97	414	149
128,103	365,357	157,134,125,148	417,424,374,401	153	149
6,6	1268,1379	4,4,5,6	1228,1172,1129,1560	407	149
53,42	2,0	50,60,63,83	5,0,1,2	159	149
51,37	0,0	40,35,65,74	4,0,1,7	196	149
16,32	0,0	20,27,47,33	0,1,9,1	161	149
1,3	52,77	1,4,2,3	102,106,128,140	152	149
39,47	0,2	56,69,65,76	0,2,0,0	164	149
107,112	9,6	84,100,143,126	5,6,6,7	169	149
59,65	0,0	51,53,76,116	0,1,0,3	158	149
67,71	3,4	59,71,69,122	1,1,2,3	155	149
8,6	6,6	6,10,3,4	4,1,16,8	218	149
46,44	105,110	24,40,24,58	77,69,99,137	165	149
1164,1147	5,3	1119,1132,1045,1361	9,8,4,11	152	149
213,260	0,0	210,175,166,191	0,0,1,0	174	149
88,87	32,32	58,53,71,74	25,29,32,48	152	149
0,0	3,4	1,2,2,0	4,6,2,8	194	149
116,131	48,33	202,264,216,212	34,36,15,29	152	149
5,2	8,3	3,6,11,3	2,5,2,2	153	149
11,24	3,0	24,24,25,38	2,3,16,2	153	149
39,40	0,0	41,54,54,48	2,0,1,1	175	149
192,180	33,29	187,158,156,231	31,23,33,25	170	149
17,21	1,7	18,24,8,20	5,3,8,3	239	149
12,18	5,7	23,27,5,21	0,2,1,4	539	149
19,29	5,7	33,35,15,27	0,2,1,4	591	149
8,15	1,3	17,11,10,7	2,0,0,1	201	149
24,34	118,95	34,29,27,43	140,149,138,170	298	149
15,18	97,68	7,2,4,8	81,75,87,131	170	149
18,9	289,367	16,19,29,20	449,414,347,428	492	149
0,0	2,2	0,0,1,0	0,2,0,0	177	149
5,6	0,0	2,1,1,4	1,0,0,0	152	149
6,12	70,66	17,14,19,24	52,32,47,61	152	149
85,101	1,1	82,78,71,75	12,7,4,14	186	149
3,3	71,81	3,1,0,2	64,63,119,144	167	149
32,10	371,351	18,8,13,28	308,299,383,533	348	149
29,19	13,9	18,22,12,26	14,24,23,28	182	149
20,13	2,0	5,8,7,12	0,0,2,0	182	149
21,16	0,0	16,29,10,29	0,0,2,0	152	149
62,68	4,5	72,82,72,121	5,8,4,4	152	149
5,9	18,16	10,5,4,9	10,18,15,7	221	149
14,10	0,2	9,2,19,8	1,2,7,0	212	149
28,40	28,28	29,26,18,45	43,23,19,44	184	149
19,35	2,0	24,22,19,31	5,0,1,5	173	149
28,47	4,0	32,31,27,45	10,10,5,9	184	149
11,12	4,0	13,9,9,19	10,10,5,9	160	149
2,1	0,0	0,1,1,3	0,0,0,4	162	149
21,23	40,47	26,27,25,29	38,64,26,32	404	149
41,48	79,96	39,42,28,39	111,110,106,137	630	149
60,72	79,96	53,81,33,42	111,110,106,137	375	149
3,7	77,61	2,0,1,5	66,65,94,103	152	149
32,26	49,68	12,23,27,33	45,52,80,73	164	149
191,218	0,0	195,235,199,244	0,1,0,0	369	149
11,12	106,96	5,7,5,20	71,84,117,129	177	149
22,34	0,1	30,34,24,26	1,0,0,0	164	149
18,20	77,85	17,14,22,26	97,87,92,141	152	149
0,0	130,163	0,0,0,1	159,130,170,174	152	149
38,38	0,0	60,40,71,61	0,2,0,0	381	149
27,17	0,0	31,30,53,47	1,0,1,0	642	149
61,61	15,10	138,152,112,152	24,41,27,19	190	149
25,17	10,0	27,28,37,35	7,11,9,13	216	149
63,60	44,43	44,47,62,90	61,61,75,103	200	149
74,69	202,236	113,102,110,107	185,200,185,232	256	149
294,373	3,10	374,392,352,447	5,6,6,13	345	149
82,87	18,18	55,63,45,73	7,4,8,15	392	149
67,70	504,548	40,43,31,10	279,306,471,512	862	149
27,38	34,18	17,16,24,28	35,42,32,54	152	149
0,3	25,26	0,2,0,2	27,25,23,46	166	149
2,10	0,3	8,7,8,3	1,5,3,5	210	149
0,3	87,116	1,1,2,1	84,97,100,111	152	149
3,2	0,1	1,1,0,0	0,0,0,0	153	149
7,9	5,4	6,5,2,18	5,4,7,5	153	149
25,34	32,42	17,17,23,33	36,25,40,68	168	149
1,2	3618,3992	1,2,1,4	4043,4087,3583,4603	195	149
0,1	17,31	0,4,1,2	31,27,29,46	181	149
52,67	0,1	58,62,76,88	0,0,0,0	531	149
294,334	0,2	311,322,368,361	2,2,5,2	154	149
74,79	0,0	63,68,74,82	2,2,0,2	161	149
31,71	0,0	44,78,35,48	0,0,0,2	379	149
313,331	108,121	274,205,208,342	107,103,107,107	166	149
46,49	133,163	63,78,77,73	116,100,120,134	152	149
5,2	194,162	0,3,1,5	134,149,172,271	169	149
1,1	2,0	1,0,0,3	1,2,0,0	182	149
231,235	0,0	219,208,184,241	1,0,0,0	153	149
60,77	7,5	37,46,86,126	5,9,8,12	155	149
42,25	9,5	13,9,13,23	7,6,6,6	167	149
27,36	19,22	52,45,40,41	19,30,15,21	178	149
33,51	35,23	28,42,61,59	33,29,31,35	171	149
100,72	5,5	49,43,62,66	10,11,9,8	162	149
8,12	0,2	20,26,11,39	1,1,0,0	155	149
39,39	2,3	36,44,34,70	1,2,4,0	153	149
29,34	46,49	32,23,41,44	30,48,38,51	152	149
1,0	58,83	1,0,0,1	69,65,54,150	185	149
4,1	95,121	4,3,2,1	69,80,84,109	152	149
0,1	43,51	2,3,0,2	30,39,38,61	156	149
296,292	30,44	285,312,311,477	53,44,36,57	156	149
796,818	0,0	781,869,736,855	1,0,0,0	170	149
63,43	1,5	53,66,50,78	4,7,0,7	297	149
43,27	19,25	27,33,33,54	26,37,25,41	164	149
9,9	218,249	6,8,13,21	140,104,92,147	328	149
66,72	0,2	48,45,76,60	0,0,0,0	325	149
18,18	8,4	9,20,14,23	4,0,6,7	158	149
3,4	64,48	6,13,6,6	51,38,55,74	152	149
4,4	2,0	2,2,0,1	2,1,2,6	176	149
1,2	1,0	0,0,1,2	1,0,0,1	154	149
88,86	0,0	81,106,91,115	1,0,0,0	173	149
47,72	3,5	37,48,64,99	3,0,2,6	160	149
4,4	107,110	2,5,2,3	103,111,132,128	158	149
9,6	18,12	6,4,5,11	17,15,11,39	170	149
3,13	80,110	9,15,1,4	102,69,78,116	176	149
8,10	102,95	18,20,17,40	120,134,139,179	154	149
22,11	48,57	32,40,63,75	52,60,65,88	153	149
22,20	170,203	16,18,21,25	190,182,187,228	196	149
67,70	11,9	69,51,59,94	5,5,9,13	214	149
179,167	1,2	152,150,205,229	10,13,5,1	155	149
4,1	114,114	1,1,3,5	69,78,116,139	176	149
853,998	1,0	978,964,1111,1422	0,3,0,0	1434	149
456,504	0,1	443,435,464,655	0,0,0,0	187	149
100,87	55,60	94,100,100,128	67,72,58,78	176	149
145,168	8,11	155,163,161,178	13,3,3,7	284	149
49,51	4,0	67,51,64,70	5,0,0,0	171	149
0,0	10,11	0,0,1,0	9,25,18,20	178	149
120,85	2,0	85,102,132,167	3,2,2,7	241	149
13,10	32,57	13,15,19,10	30,41,49,68	176	149
82,70	1,0	134,125,116,129	5,3,6,3	152	149
1,2	17,26	0,1,2,0	9,4,7,6	159	149
0,0	10,21	0,0,0,1	5,8,11,13	162	149
8,24	182,225	19,12,3,9	281,289,197,264	172	149
215,236	2,5	159,232,209,251	1,7,4,4	229	149
17,27	146,153	10,20,20,18	92,150,142,147	176	149
3,2	129,135	1,1,1,9	230,258,247,339	308	149
194,199	3,3	109,111,161,177	2,1,1,1	161	149
5,5	25,16	14,18,18,14	11,9,18,8	154	149
4,5	110,138	6,6,7,3	92,82,105,145	413	149
87,82	8,7	76,72,103,93	8,1,10,13	316	149
8,11	24,22	17,12,14,21	28,36,23,26	152	149
8,11	31,17	3,2,8,8	15,22,17,23	185	149
30,37	12,25	24,44,60,78	18,24,49,52	169	149
206,196	12,14	210,192,311,306	11,13,17,31	197	149
5,0	1,0	1,4,3,7	0,0,2,4	168	149
1,0	60,92	2,1,1,3	106,86,86,122	311	149
8,3	2,2	0,8,1,2	0,0,0,0	450	149
56,60	1,0	25,39,51,81	0,0,0,0	196	149
218,212	3,3	244,280,226,313	0,0,0,0	164	149
65,68	0,0	73,53,62,67	0,0,0,2	163	149
0,5	122,121	1,0,0,1	70,78,91,95	297	149
50,54	0,3	50,47,68,54	4,0,1,0	163	149
86,117	65,74	136,147,140,243	40,45,63,64	152	149
20,18	10,2	24,17,30,57	2,7,7,2	154	149
34,28	10,9	24,32,17,35	4,5,7,11	215	149
39,29	11,15	26,35,21,38	5,9,9,9	238	149
15,10	11,15	6,8,11,14	5,9,9,9	172	149
1,0	40,84	3,11,2,4	47,43,48,76	471	149
130,106	623,625	36,41,60,35	340,373,384,541	170	149
44,43	11,19	39,79,51,73	10,12,13,18	381	149
0,0	45,45	0,0,1,0	52,50,47,59	171	149
11,13	0,1	15,29,12,18	0,0,1,2	164	149
2,0	0,1	2,4,0,2	0,0,1,2	152	149
54,69	20,44	76,59,36,61	42,58,29,37	158	149
29,38	20,44	27,32,26,46	42,58,29,37	161	149
28,33	53,64	23,31,25,43	72,58,35,58	152	149
3,11	0,4	6,1,1,4	0,0,0,0	161	149
364,377	3,0	274,238,210,298	0,0,0,0	151	149
2175,2195	6,0	2153,2168,2384,3078	2,12,3,1	151	149
112,137	79,101	92,79,136,142	104,68,73,96	160	149
0,0	3,1	0,0,0,1	2,0,2,6	183	149
0,0	3,1	0,0,0,1	2,0,2,6	171	149
107,115	22,14	51,55,100,117	11,10,8,26	402	149
277,276	0,1	264,260,268,415	0,0,1,0	262	149
1,4	36,34	3,13,5,2	38,48,51,81	588	149
256,212	0,2	228,232,189,286	0,0,0,0	260	149
1,2	74,45	3,0,0,2	64,41,92,57	210	149
121,109	0,0	116,145,146,188	0,0,2,1	284	149
0,3	64,76	0,0,0,1	68,70,58,62	170	149
252,282	32,41	308,331,361,367	44,50,53,35	171	149
106,102	4,1	205,225,258,276	1,1,0,1	522	149
29,38	0,0	29,25,63,35	0,0,0,2	171	149
5,16	195,150	6,19,13,7	192,200,153,183	233	149
15,11	5,2	5,15,23,14	0,6,4,4	151	149
887,1098	0,0	917,892,1039,1163	0,1,0,0	158	149
70,78	76,88	41,48,59,72	94,79,103,142	152	149
9,25	85,92	5,11,6,12	52,67,68,108	231	149
53,54	44,50	56,48,53,55	63,50,74,79	156	149
74,76	0,0	39,42,53,101	0,0,2,0	179	149
281,227	5,6	229,202,226,277	1,8,3,10	255	149
8,14	9,11	12,18,12,14	15,15,17,12	155	149
1,1	61,55	0,0,0,3	33,31,35,43	164	149
56,43	9,12	17,23,13,22	17,9,17,24	162	149
215,278	0,1	255,309,211,301	7,6,4,5	218	149
15,15	44,25	1,3,2,3	15,29,29,26	161	149
67,91	0,1	63,62,99,77	0,1,0,1	206	149
0,0	4,6	0,0,2,1	0,1,2,6	152	149
29,22	38,34	39,23,13,37	32,39,46,30	169	149
5,10	19,25	3,3,3,12	18,15,32,40	152	149
1,0	0,0	0,0,0,2	1,0,1,0	154	149
11,3	9,10	3,3,6,10	1,6,13,12	154	149
262,287	12,13	312,322,339,417	6,11,8,7	155	149
4,4	5,2	8,5,5,8	7,6,2,4	164	149
33,35	2,4	39,51,65,50	0,5,12,11	165	149
11,8	0,0	13,14,9,7	2,0,0,0	165	149
65,61	1,0	77,107,124,123	2,2,3,5	281	149
17,21	4,2	20,26,38,49	5,3,3,1	160	149
1045,980	1,2	1186,1086,843,1113	7,9,0,4	151	149
18,3	69,69	9,15,9,16	70,64,71,97	152	149
4,4	0,0	0,0,0,1	0,0,0,2	152	149
0,2	4,6	0,0,0,1	3,2,8,6	152	149
158,125	27,15	155,165,147,180	29,17,26,39	934	149
1,4	1,0	2,4,1,4	1,3,0,2	152	149
1,5	1,1	8,10,10,11	15,9,13,30	152	149
33,28	32,39	29,25,32,26	25,27,30,47	181	149
2,1	1,0	1,1,0,5	4,1,1,9	164	149
69,72	148,197	55,49,76,85	130,135,114,150	170	149
2,0	0,0	0,6,2,0	0,0,1,0	152	149
0,4	1,0	2,0,0,7	3,1,3,3	151	149
9,3	0,0	6,4,11,20	0,0,0,1	197	149
35,32	0,0	16,19,9,22	0,0,0,2	154	149
24,24	0,0	9,18,11,19	0,0,0,2	169	149
21,23	32,31	8,15,11,17	15,16,9,20	164	149
6,17	13,13	9,12,20,19	5,2,7,12	158	149
8,10	21,39	8,6,11,6	21,21,40,34	152	149
2,2	0,0	0,0,1,4	0,0,0,2	201	149
24,14	123,120	20,29,19,44	72,74,89,140	301	149
165,179	0,0	126,132,153,182	1,0,0,3	553	149
21,15	135,129	27,21,16,20	98,123,122,168	480	149
0,0	77,79	0,1,0,0	44,42,49,58	170	149
90,116	0,0	94,81,111,95	1,2,0,3	156	149
18,29	0,0	11,18,25,37	0,1,0,0	159	149
0,0	3,14	0,1,1,0	8,8,9,8	158	149
1,1	6,15	0,2,0,1	5,15,16,14	152	149
13,16	6,10	13,14,13,7	2,5,8,6	170	149
10,2	0,0	8,14,2,5	0,3,0,0	233	149
0,0	88,106	2,2,0,0	111,127,96,149	347	149
70,69	12,15	36,54,54,60	5,15,10,13	220	149
13,18	409,415	17,24,30,18	322,356,298,307	470	149
23,17	83,108	32,31,12,26	78,99,87,107	152	149
5,7	1,1	9,4,19,4	2,0,0,0	160	149
164,93	27,41	120,104,138,153	22,27,14,24	398	149
149,121	26,8	132,137,163,196	26,32,23,45	398	149
42,28	4,13	24,24,15,24	17,7,16,8	209	149
2,6	9,13	3,1,2,6	21,29,17,43	162	149
0,0	49,60	3,1,3,3	56,75,71,114	173	149
22,40	37,23	44,30,39,56	12,20,30,40	252	149
55,32	0,0	18,25,38,61	1,0,4,0	191	149
1809,1966	19,23	1846,1880,1857,2718	22,23,18,37	152	149
20,18	8,4	12,28,19,33	11,2,12,6	155	149
71,68	0,0	41,58,46,74	1,0,0,0	193	149
12,4	139,124	8,5,5,6	103,104,94,125	163	149
0,0	25,13	0,1,1,0	20,18,17,19	197	149
7,4	33,43	2,0,5,4	55,82,57,64	161	149
25,35	0,1	57,31,49,77	0,0,0,0	744	149
17,34	4,7	37,18,31,30	13,17,7,16	179	149
0,0	1,2	2,0,0,1	1,0,0,4	212	149
6,0	1,2	12,0,0,1	1,0,0,4	302	149
6,0	0,0	12,0,0,0	2,0,0,0	239	149
56,65	70,87	54,70,63,86	49,71,70,87	169	149
6,6	150,134	8,6,6,5	161,172,174,274	153	149
61,55	2,0	40,66,62,51	0,0,0,0	172	149
9,5	8,18	5,10,18,11	9,9,26,6	212	149
1,0	0,0	0,0,2,1	0,1,0,0	239	149
0,0	0,1	2,2,0,0	0,0,2,1	170	149
62,59	3,6	46,48,65,65	9,7,6,14	160	149
58,23	5,6	17,25,37,45	0,2,7,4	160	149
222,209	0,0	217,210,233,339	0,1,0,1	182	149
13,23	37,45	20,17,6,24	40,51,38,76	152	149
186,202	1,10	164,199,163,301	3,0,4,13	152	149
10,2	0,3	6,5,12,11	1,1,0,3	179	149
2,2	7,11	3,0,4,2	12,6,6,24	169	149
10,17	41,43	5,2,8,10	57,57,44,88	169	149
57,41	41,43	64,95,55,92	57,57,44,88	381	149
53,40	6,16	63,93,54,90	4,0,7,8	361	149
17,15	17,22	7,12,14,19	10,25,13,19	152	149
9,8	17,22	4,11,13,2	10,25,13,19	158	149
6,8	14,15	4,11,13,2	7,12,14,19	155	149
128,118	0,0	133,121,146,168	0,0,1,0	158	149
13,6	15,13	15,15,24,13	18,14,26,31	182	149
0,1	33,22	5,2,2,1	27,25,34,30	173	149
75,54	0,6	48,51,52,87	0,2,2,2	214	149
139,136	0,1	120,105,158,147	0,1,0,0	840	149
4,2	216,186	5,5,0,3	318,347,220,319	179	149
1,3	148,170	0,3,6,3	154,151,223,227	218	149
306,417	1,2	274,290,342,375	3,0,0,1	153	149
139,147	0,0	148,153,189,169	0,0,0,1	152	149
51,32	538,589	25,29,41,19	471,477,492,585	461	149
23,37	0,3	44,46,25,48	2,1,1,3	294	149
11,14	0,0	8,15,5,12	0,2,0,0	172	149
65,72	1,0	44,39,70,56	0,0,2,3	176	149
15,22	46,59	25,31,24,46	37,42,45,45	279	149
19,26	1,3	24,22,30,39	5,2,8,2	196	149
1,5	7,12	6,2,7,4	8,8,11,7	257	149
180,235	37,40	166,138,193,328	39,44,58,60	161	149
16,17	142,156	16,18,10,23	99,118,129,183	602	149
40,38	3,3	27,21,32,30	3,0,5,1	166	149
15,18	0,5	12,8,15,9	1,1,1,3	185	149
52,53	0,5	36,29,42,38	1,1,1,3	202	149
12,4	63,54	26,27,36,30	69,90,107,125	155	149
3,4	63,97	1,0,6,1	81,94,50,84	343	149
3,19	2,7	9,5,9,9	7,6,6,3	173	149
2,5	16,39	10,6,5,11	15,19,11,40	158	149
135,148	0,0	91,130,128,116	2,0,0,0	416	149
173,196	5,0	239,240,267,298	2,0,0,2	155	149
3,7	40,33	7,6,5,10	36,41,35,57	167	149
60,66	9,5	60,52,56,104	4,2,5,5	155	149
244,250	141,152	188,201,247,314	149,137,147,185	550	149
152,168	42,46	181,138,163,238	25,25,39,37	161	149
63,78	27,34	61,65,67,78	65,64,62,51	155	149
49,34	0,9	50,53,44,64	5,13,4,11	216	149
0,1	8,4	2,1,2,5	5,7,6,11	152	149
21,16	2,1	37,13,24,14	7,3,3,3	163	149
1864,2012	424,401	1813,1842,1894,2656	414,399,413,588	152	149
8792,9137	2,0	8541,8622,8692,11324	0,0,0,0	314	149
17,8	92,88	24,11,18,25	57,72,79,125	336	149
665,675	3,4	699,704,618,754	6,3,4,3	153	149
30,48	0,0	81,94,121,138	1,0,0,0	162	149
60,56	0,0	67,65,84,103	1,0,4,1	290	149
32,21	2,0	41,26,40,47	6,0,3,2	436	149
29,29	0,0	25,37,30,45	1,0,0,0	324	149
2,0	983,1145	0,2,2,2	809,787,1016,1449	176	149
58,53	4,9	41,52,47,40	5,7,3,12	152	149
6,6	8,11	6,4,8,6	10,7,5,9	170	149
1616,1537	270,319	1635,1585,1731,2325	461,492,438,589	152	149
114,101	1,0	74,105,73,112	0,0,0,0	291	149
274,266	0,0	307,314,325,513	1,0,0,1	295	149
113,105	9,13	102,94,81,90	16,11,18,30	158	149
40,56	1,3	42,63,69,174	7,4,5,13	186	149
11,23	11,8	23,29,16,44	7,11,7,8	158	149
21,25	1,1	30,19,33,31	0,3,0,3	160	149
2,2	5,27	3,1,1,2	26,8,26,20	176	149
2,1	0,0	0,2,0,2	0,0,0,1	196	149
662,787	20,19	779,874,864,1058	22,38,21,52	152	149
1,1	19,41	3,6,7,0	27,27,27,45	160	149
2,0	2,0	0,0,1,0	0,0,0,0	161	149
45,66	7,3	31,39,25,73	9,8,0,9	154	149
18,25	49,45	22,17,8,35	60,52,42,73	155	149
270,214	26,12	271,277,260,401	24,20,26,22	164	149
26,35	8,16	22,31,27,32	27,24,40,32	152	149
3,3	14,8	2,3,1,2	5,5,7,5	200	149
0,0	91,74	2,9,0,9	64,69,81,163	449	149
43,38	4,1	64,49,55,72	3,2,7,3	161	149
3,4	2,1	3,5,3,5	0,0,1,3	157	149
1,0	42,33	0,1,0,0	41,36,35,57	324	149
419,397	1,0	402,350,361,437	0,0,0,0	166	149
37,32	1,2	70,74,70,60	0,0,0,0	212	149
0,4	38,53	9,8,2,6	300,303,94,114	152	149
27,26	0,1	38,20,27,47	3,1,3,4	155	149
69,69	0,0	80,79,112,152	0,0,0,2	282	149
1372,1401	3,0	1482,1607,1499,1794	0,3,3,0	176	149
4,10	4,4	34,22,19,22	12,13,2,7	153	149
4,4	0,1	6,3,3,6	0,0,0,0	213	149
302,267	28,43	385,397,428,481	38,65,64,97	155	149
6,12	30,17	6,11,11,12	20,22,15,34	263	149
8,8	0,1	17,20,19,30	0,0,0,0	472	149
0,1	8,11	0,0,0,0	16,14,1,9	158	149
56,86	0,0	151,148,120,180	1,1,0,1	376	149
0,0	0,1	0,2,2,1	1,1,5,3	155	149
1,4	96,102	1,3,7,9	108,101,104,131	305	149
7804,8157	0,4	6348,6103,4501,5568	0,0,0,0	152	149
8109,8483	2,1	6624,6351,4655,5838	1,0,3,6	156	149
305,330	2,1	276,248,154,270	1,0,3,6	153	149
6,11	151,155	4,3,2,11	63,68,51,79	167	149
3,6	525,523	1,3,1,0	243,262,248,250	165	149
1,2	0,1	3,0,0,2	0,0,0,0	253	149
60,46	0,3	44,41,62,77	0,1,0,4	160	149
334,345	17,31	353,365,543,615	7,10,14,23	208	149
4,1	4,2	4,0,8,3	2,3,5,3	176	149
1,0	32,31	1,0,2,1	39,31,64,37	314	149
3,0	4,0	0,0,2,3	0,0,1,3	322	149
1234,1270	1,1	1249,1177,1455,1680	0,0,0,1	153	149
3,0	5,19	4,3,0,1	9,5,6,10	162	149
346,473	3,0	396,433,441,482	0,1,2,0	158	149
5,12	4,9	6,8,7,11	2,9,9,8	152	149
757,673	0,3	742,663,719,761	2,4,6,6	158	149
0,0	14,15	1,2,2,0	18,16,26,32	156	149
11,10	0,4	22,22,28,36	0,0,1,0	204	149
1,0	6,10	3,0,0,0	10,8,10,13	215	149
1,2	108,114	2,6,0,0	104,85,92,96	172	149
31,36	30,14	39,27,41,41	25,20,25,30	232	149
46,20	983,1103	37,53,36,69	1046,1009,1174,1820	511	149
233,242	2,4	246,282,267,329	10,3,6,1	185	149
7,2	15,36	0,2,0,1	4,3,12,6	181	149
12,13	50,45	33,21,17,16	97,88,100,129	164	149
0,0	58,89	0,0,0,1	62,60,89,116	170	149
379,398	5,13	402,418,424,468	13,10,15,5	158	149
20,23	22,22	7,14,19,39	8,10,27,30	205	149
280,281	1,0	272,340,351,370	0,0,0,0	315	149
21,23	3,5	22,30,20,34	6,6,5,4	164	149
79,90	8,29	91,94,69,120	14,20,30,29	151	149
51,89	46,47	55,78,104,131	20,53,35,74	260	149
94,97	3,10	109,92,125,168	6,1,9,4	704	149
31,36	21,37	31,41,44,49	20,21,36,34	152	149
2,6	4,3	2,6,3,7	0,5,2,2	154	149
1,1	1,0	0,1,2,0	0,0,0,0	154	149
0,2	0,3	1,0,1,0	0,0,3,1	157	149
34,34	118,139	49,28,46,48	148,106,134,182	152	149
11,7	0,0	6,2,4,10	0,0,0,3	754	149
25,35	3,5	25,24,12,31	3,7,2,5	169	149
14,10	0,0	3,10,23,18	0,0,2,2	165	149
1,5	6,15	2,5,9,6	2,8,9,11	152	149
146,126	20,15	137,128,127,125	18,12,36,18	191	149
48,86	5,2	56,65,79,96	0,1,5,2	192	149
77,78	0,1	76,75,59,83	0,0,0,0	414	149
0,0	6,3	1,0,1,0	4,5,4,9	165	149
11,11	504,557	3,6,7,12	479,449,558,708	333	149
3,0	128,124	0,1,1,3	148,146,116,176	185	149
2,3	2,6	0,0,0,2	6,1,5,3	184	149
5,11	357,382	9,3,18,7	370,359,385,444	168	149
9,16	10,0	8,7,10,4	11,15,16,17	152	149
287,288	1,5	278,342,279,322	0,1,0,12	343	149
49,47	136,141	44,43,53,83	150,152,146,163	165	149
6,23	433,406	20,15,19,8	463,404,434,556	168	149
3,2	0,0	1,0,2,2	1,0,0,1	161	149
2,0	0,1	2,1,2,6	0,0,0,1	170	149
9,4	0,1	6,3,11,37	0,0,0,1	191	149
35,52	28,31	36,56,42,56	25,29,30,44	161	149
43,59	26,38	39,50,29,55	36,37,46,58	152	149
0,3	272,324	1,2,2,1	244,279,260,339	179	149
133,136	14,18	153,101,164,209	14,18,11,22	163	149
0,0	0,3	0,0,0,1	1,1,2,8	152	149
9,6	320,370	3,2,5,4	264,233,275,308	166	149
12,5	89,86	4,11,19,19	124,118,160,218	248	149
27,33	1692,1804	32,49,34,59	1691,1694,1861,2397	960	149
47,59	1,2	49,52,46,60	5,5,4,3	419	149
11,12	3,10	6,12,2,7	6,7,4,11	195	149
19,18	34,24	5,7,20,15	42,46,27,47	221	149
2,7	36,54	5,3,3,7	31,31,36,59	153	149
598,589	47,35	426,423,376,501	35,45,44,93	228	149
1,3	13,18	1,1,3,3	11,23,21,18	179	149
3,1	3,6	3,12,20,6	2,4,9,2	152	149
27,29	16,10	5,9,9,18	0,3,8,12	175	149
10,5	300,391	3,8,1,4	324,325,352,422	152	149
38,30	11,26	36,40,50,59	8,29,31,14	154	149
0,15	3,5	1,1,0,1	5,4,3,5	162	149
6,8	105,133	2,2,9,2	87,104,110,129	197	149
27,42	3,4	26,30,38,47	5,1,6,7	352	149
68,73	0,1	73,75,68,92	0,0,0,0	344	149
43,24	8,13	22,34,18,32	11,14,5,22	155	149
3,6	30,37	12,12,8,17	22,20,19,47	152	149
126,125	74,72	104,110,112,125	45,55,57,82	367	149
80,100	32,43	68,42,77,127	13,19,36,49	152	149
109,115	96,104	34,55,64,64	105,114,109,112	155	149
23,23	29,12	15,18,26,25	26,23,25,24	171	149
1743,1872	5,8	1955,1998,2094,2666	11,9,6,20	193	149
95,110	2,1	78,72,95,116	0,0,0,0	239	149
184,222	0,4	180,184,206,263	0,0,1,0	164	149
1,3	25,28	3,1,0,3	28,21,13,26	160	149
6,7	1,0	2,6,15,13	1,3,0,3	163	149
8,5	0,2	23,27,22,36	1,0,0,3	167	149
172,141	1,0	149,158,114,223	0,0,0,0	975	149
12,14	11,7	14,18,6,17	0,6,5,3	390	149
51,43	316,296	42,52,26,58	255,273,221,344	804	149
50,36	316,296	28,40,25,44	255,273,221,344	563	149
941,909	1,2	872,834,716,848	0,1,1,0	154	149
6,11	882,946	8,5,5,13	831,783,715,859	152	149
4,8	113,118	2,8,3,4	139,161,142,196	152	149
20,28	29,28	8,26,11,23	23,43,57,63	152	149
8,10	3,1	16,15,9,27	1,1,10,0	185	149
1,5	149,163	8,10,10,12	157,165,194,193	347	149
119,166	3,2	131,136,207,253	0,0,0,2	317	149
5,6	24,10	6,4,9,9	13,21,31,32	152	149
4,4	0,1	6,4,4,10	0,0,0,0	178	149
13,22	9,8	17,5,12,34	5,1,2,9	152	149
9,9	12,23	7,1,11,10	16,5,9,34	180	149
40,34	3,3	44,36,56,57	2,6,1,1	165	149
201,232	1,3	182,179,188,234	8,6,12,16	684	149
2,5	1,0	0,7,4,6	0,0,0,2	169	149
6,21	39,37	10,12,20,7	48,36,52,65	157	149
13,9	0,0	6,20,7,11	0,2,1,8	271	149
29,34	0,4	26,31,36,46	0,2,4,2	265	149
39,29	5,5	20,33,46,55	1,2,3,4	154	149
8,9	46,63	4,5,12,11	46,59,76,105	177	149
5,10	43,67	2,2,2,7	46,61,60,67	170	149
85,145	6,11	58,45,57,89	7,3,7,10	154	149
192,244	0,0	305,314,378,413	0,1,0,0	278	149
41,28	0,0	110,114,142,148	0,0,2,0	278	149
0,0	17,11	1,2,0,0	13,20,32,41	188	149
81,80	18,23	187,153,157,203	41,35,38,80	152	149
2,8	31,29	3,7,5,5	26,25,38,41	152	149
81,95	8,4	82,118,103,168	10,10,15,15	152	149
55,58	1,0	83,73,61,75	0,0,0,1	154	149
4,5	138,119	6,7,1,16	202,195,185,210	484	149
7,9	0,0	13,3,9,22	1,0,0,2	155	149
257,292	93,85	349,361,395,453	31,50,54,61	152	149
41,38	0,1	34,29,26,41	0,0,0,0	153	149
27,11	3,8	7,14,9,25	8,4,2,1	241	149
4,4	18,22	4,6,5,6	14,19,17,36	152	149
2,5	0,2	1,3,3,3	0,1,0,0	153	149
6,20	0,2	17,10,15,26	0,0,0,0	178	149
90,106	21,41	104,115,98,153	26,27,39,38	206	149
14,5	8,10	11,17,6,25	12,10,10,14	167	149
38,48	103,90	43,38,38,57	63,54,72,82	157	149
26,20	126,120	8,8,11,10	115,98,112,132	327	149
38,47	1,0	32,33,22,22	0,1,0,0	153	149
225,221	0,2	179,197,173,199	2,2,4,4	153	149
282,314	7,19	320,254,283,312	34,25,40,46	153	149
80,57	54,46	78,77,103,118	50,72,77,75	152	149
10,8	4,6	12,7,5,12	6,10,14,7	152	149
1,2	56,46	2,9,8,13	26,29,24,39	162	149
35,28	0,0	31,27,50,66	3,0,0,0	170	149
4,1	9,5	4,2,11,5	6,3,9,10	152	149
66,54	0,0	122,88,97,122	1,0,0,1	292	149
5,6	1,1	2,5,7,6	0,0,0,3	174	149
8,13	68,44	5,2,4,16	45,33,38,64	792	149
4,5	26,28	4,6,9,6	27,23,25,40	175	149
26,27	14,7	32,29,43,41	11,8,6,16	178	149
45,45	0,0	38,50,38,58	1,1,0,2	161	149
4,5	47,45	0,7,3,9	75,60,57,77	167	149
22,10	70,74	15,5,7,7	55,56,50,57	152	149
4,1	10,24	2,3,4,7	23,11,18,25	168	149
11,9	5,21	11,8,27,27	11,13,8,8	152	149
1,3	38,49	2,1,1,3	10,9,9,7	200	149
13,13	75,105	18,21,6,11	89,119,121,141	164	149
20,24	0,2	9,11,11,14	0,2,0,3	162	149
58,66	9,2	57,37,67,69	12,9,3,6	274	149
74,91	64,44	95,108,76,107	84,78,77,88	152	149
0,2	84,100	0,2,4,1	102,96,95,132	202	149
54,65	8,6	80,73,105,77	15,8,6,8	165	149
9,8	10,9	3,11,9,8	9,7,19,18	154	149
146,201	1,0	178,216,222,246	0,0,0,0	343	149
191,245	40,38	186,213,212,273	27,18,19,36	152	149
1,2	31,49	3,4,0,6	31,50,37,72	161	149
55,39	21,17	48,61,46,65	25,23,18,40	152	149
17,16	38,42	11,14,14,16	30,49,55,83	187	149
7,6	0,0	2,26,14,7	1,0,0,1	170	149
30,34	0,0	41,54,58,84	0,0,0,1	215	149
34,38	0,0	44,59,78,96	0,2,0,0	215	149
32,40	0,0	51,57,64,98	1,0,0,0	215	149
42,48	12,15	52,50,51,61	13,8,9,15	202	149
33,28	12,15	46,34,31,40	13,8,9,15	225	149
12,7	21,27	19,17,4,18	25,33,24,39	172	149
67,113	88,70	67,78,95,170	68,77,88,82	178	149
55,73	21,10	50,43,64,61	7,9,3,11	152	149
24,21	2,14	20,37,20,20	11,13,13,17	152	149
1,0	1,4	0,1,2,1	11,0,4,5	152	149
3,4	6,2	0,0,1,1	0,0,0,0	152	149
8,22	1,3	10,21,14,22	6,1,4,4	168	149
1,0	5,4	1,1,1,0	3,4,5,4	302	149
341,326	28,36	269,239,296,433	6,11,16,35	152	149
1,6	3,5	0,2,3,6	15,10,14,10	160	149
2,6	39,41	13,12,12,7	30,36,58,44	163	149
3,11	0,0	2,5,11,11	0,0,0,1	153	149
29,43	82,90	37,41,63,55	78,66,80,88	200	149
6,7	101,160	3,5,2,3	160,158,126,175	317	149
2,4	14,15	9,7,12,4	19,18,13,29	152	149
53,61	130,135	29,45,38,63	117,149,124,174	163	149
335,344	3,0	333,338,354,424	0,1,0,0	164	149
2,3	0,2	1,0,2,7	0,1,1,3	161	149
127,169	10,11	170,187,141,163	1,9,5,11	185	149
4,3	31,33	2,3,5,2	31,21,30,52	363	149
18,14	22,7	10,14,7,18	14,18,13,9	165	149
0,9	154,163	4,0,2,1	157,117,179,207	531	149
9,15	1,1	13,9,19,15	4,0,3,6	155	149
569,639	0,0	670,616,649,936	0,0,0,1	619	149
1429,1459	0,0	1749,1619,1548,1911	0,0,1,0	381	149
7,9	0,0	19,9,5,28	0,0,1,0	382	149
154,165	212,214	241,256,206,368	133,144,137,181	152	149
124,130	27,14	88,97,140,116	19,23,17,25	227	149
222,221	2,1	198,177,194,243	0,0,1,3	167	149
130,138	9,13	156,156,194,235	21,24,24,27	154	149
34,46	1,16	30,38,44,41	7,16,7,9	157	149
46,46	0,0	28,55,63,70	2,0,0,0	296	149
6,4	23,18	11,20,27,23	25,30,27,29	296	149
45,45	23,18	55,67,93,88	25,30,27,29	491	149
40,41	0,0	46,52,67,67	1,3,1,2	344	149
0,0	19,22	1,0,1,0	19,17,18,13	164	149
25,8	44,54	9,16,16,16	31,23,49,60	588	149
60,25	0,5	54,65,69,83	8,2,2,2	193	149
194,197	220,228	112,91,81,146	246,249,241,376	543	149
24721,25622	1,0	26433,26709,16658,21235	0,0,0,0	595	149
4,3	31,25	0,1,4,3	36,45,24,31	165	149
17,14	0,3	39,42,28,48	1,1,0,5	164	149
161,191	10,4	139,171,190,306	12,5,5,5	200	149
19,16	43,57	11,16,11,21	24,32,51,65	433	149
19,21	2,1	15,16,12,27	0,2,1,7	437	149
77,78	23,14	63,74,77,109	25,9,12,30	505	149
43,62	2,1	28,32,52,71	0,2,1,7	153	149
101,119	23,14	76,90,117,153	25,9,12,30	221	149
60,58	23,14	48,60,66,89	25,9,12,30	217	149
8,4	23,14	6,5,2,10	25,9,12,30	164	149
143,121	5,4	104,134,128,191	6,6,6,8	166	149
0,2	4,2	0,0,0,2	6,1,1,2	175	149
13,2	121,109	14,12,16,14	118,135,139,169	178	149
9,2	2,3	6,8,6,12	1,4,1,0	169	149
0,0	62,42	0,1,2,0	53,44,66,47	164	149
60,93	3,1	84,97,62,85	4,4,2,2	282	149
2949,3004	12,10	2400,2543,2086,2739	6,6,7,8	183	149
1461,1652	1,1	1182,1127,1025,1444	0,0,0,0	211	149
186,191	1,5	161,149,191,235	5,6,2,12	152	149
3,7	23,16	8,3,2,4	5,19,18,46	287	149
171,194	89,83	156,145,176,186	137,114,149,213	155	149
49,66	89,85	49,64,70,56	63,61,90,85	152	149
229,239	0,4	169,205,210,278	1,2,0,0	155	149
133,163	0,1	115,130,147,139	0,2,0,0	158	149
2,0	14,15	0,2,0,1	14,22,15,30	176	149
2,0	2,2	0,1,0,0	10,18,8,5	176	149
26,34	0,3	45,48,44,43	3,7,5,7	285	149
165,211	3,5	156,208,202,280	1,0,0,0	277	149
4,1	305,293	3,0,3,4	290,259,278,392	182	149
5,8	0,0	19,17,11,25	0,0,0,1	158	149
11,1	2,2	3,4,6,13	1,1,2,0	270	149
0,1	89,93	1,1,4,3	103,120,139,176	337	149
71,62	12,9	57,68,75,94	16,7,10,26	161	149
5,13	1,0	5,8,6,9	0,1,0,3	167	149
0,1	632,602	0,1,0,0	649,569,558,874	191	149
17,21	45,55	11,15,14,18	40,63,42,68	152	149
9,11	41,65	25,15,8,21	60,47,79,88	652	149
41,53	152,188	12,32,24,25	169,145,165,178	318	149
265,202	9,19	204,194,248,278	17,15,7,15	179	149
8,7	0,2	3,4,5,17	0,0,0,0	169	149
1,2	165,216	3,0,3,0	170,175,180,303	414	149
57,67	0,1	17,17,18,24	7,1,1,2	334	149
30,13	0,0	10,10,30,28	0,0,0,1	152	149
69,68	53,77	92,77,104,139	39,43,39,64	152	149
21,8	0,0	24,27,74,47	0,0,0,1	320	149
2,1	1,3	4,7,10,13	8,13,25,13	216	149
0,0	0,4	0,7,0,4	0,0,0,1	162	149
172,164	0,3	97,112,109,125	0,0,0,0	303	149
4,3	41,39	3,2,6,12	41,52,57,39	433	149
26,17	0,1	14,13,19,39	0,2,1,2	206	149
243,223	0,0	251,213,297,341	3,0,1,0	179	149
31,51	0,4	50,39,46,69	5,2,0,0	153	149
38,58	33,17	51,40,55,84	30,14,46,48	152	149
72,95	187,225	69,68,88,121	267,283,312,431	161	149
28,13	1,0	18,19,23,20	0,0,0,0	152	149
32,19	113,142	14,15,14,16	135,122,94,133	177	149
2,1	0,1	1,5,0,1	0,1,0,4	173	149
7,2	114,123	7,3,9,7	122,114,82,142	164	149
47,48	42,43	42,42,42,36	27,47,32,49	163	149
219,196	0,0	224,219,256,258	0,1,0,0	292	149
119,105	0,0	88,104,135,131	1,0,0,0	161	149
209,199	47,49	162,157,205,242	53,39,41,69	167	149
43,46	37,55	22,11,18,38	58,71,89,69	152	149
1,1	1,0	1,1,1,0	0,2,2,0	160	149
3,3	34,67	8,3,3,2	67,42,26,51	160	149
1,2	12,9	2,1,1,2	4,5,8,2	160	149
13,10	16,12	11,12,18,17	7,9,7,8	209	149
271,259	0,2	299,242,235,323	0,0,0,0	534	149
5,14	7,3	9,22,7,14	7,3,4,14	229	149
1,8	2,3	8,5,10,17	9,2,6,19	392	149
316,351	6,19	581,607,722,860	11,21,21,13	637	149
146,147	7,3	83,102,105,147	7,8,15,16	182	149
44,57	2,0	23,15,34,43	0,1,0,0	157	149
33,35	9,15	64,72,51,79	8,7,8,17	547	149
17,15	9,15	15,18,32,36	8,7,8,17	574	149
7,13	23,31	10,19,25,18	57,70,43,60	176	149
47,73	0,0	106,134,166,195	0,0,4,0	812	149
19,25	5,5	13,19,13,13	7,3,3,7	153	149
13,32	10,13	30,40,50,34	22,14,11,2	184	149
29,39	3,1	60,56,75,75	1,2,1,5	152	149
28,25	0,3	42,74,76,67	1,2,1,1	230	149
25,17	0,1	40,64,65,54	1,1,0,0	230	149
102,96	0,1	145,186,220,254	1,1,0,0	375	149
77,81	0,2	108,124,157,207	3,2,2,7	294	149
33,56	6,5	21,26,24,30	7,1,5,8	166	149
11,19	6,4	11,4,7,18	2,0,8,5	164	149
3,1	7,5	4,2,0,1	11,4,9,9	222	149
42,58	11,6	27,35,50,53	2,3,5,3	161	149
4,0	4,2	5,1,4,17	1,0,0,2	171	149
0,1	5,2	3,1,0,3	3,5,6,6	168	149
37,49	0,0	34,35,75,102	0,0,1,0	173	149
12,9	1,4	8,21,17,19	3,2,0,0	339	149
9,10	17,14	3,4,7,11	21,17,29,30	366	149
1,1	64,76	2,1,0,0	98,92,110,123	424	149
31,38	111,119	60,63,63,97	95,129,137,187	171	149
202,223	0,0	161,165,173,231	1,1,0,2	164	149
16,15	71,65	5,17,10,11	60,43,44,61	152	149
84,70	54,36	65,68,54,65	21,18,25,33	152	149
558,555	2,0	538,503,476,602	0,0,0,0	153	149
0,1	17,10	2,1,0,1	11,15,8,9	215	149
201,259	0,0	237,195,180,297	0,1,1,0	339	149
57,61	0,3	42,44,42,59	3,3,2,0	339	149
291,355	0,3	353,278,258,375	3,3,2,0	471	149
240,301	3,1	315,240,224,317	0,1,3,0	281	149
0,4	9,3	0,0,0,0	3,4,1,1	154	149
9,18	8,6	10,8,12,11	7,5,9,7	154	149
35,50	0,1	16,18,29,24	0,0,0,0	178	149
0,2	2,3	2,0,7,1	3,0,0,1	152	149
6,0	2,4	12,7,6,22	4,3,1,7	213	149
484,550	11,6	565,516,590,714	11,3,18,7	267	149
62,69	20,19	47,33,61,98	19,20,24,22	152	149
62,92	0,0	59,80,99,91	1,0,1,1	191	149
0,3	87,85	0,2,4,2	70,73,84,74	173	149
84,61	200,169	86,69,114,117	151,150,203,278	152	149
8,8	0,0	13,8,12,10	1,0,0,0	152	149
11,5	110,88	14,3,7,13	100,90,52,103	154	149
0,0	14,7	3,3,2,3	5,5,3,21	162	149
3,3	31,23	6,6,3,9	25,34,36,56	186	149
78,84	2,0	82,91,99,108	0,0,0,0	320	149
8,7	5,2	11,6,4,22	2,0,0,3	319	149
9,6	35,14	11,7,4,23	8,17,9,19	319	149
1,4	136,144	1,4,0,3	133,123,159,179	308	149
152,184	18,12	145,115,164,210	6,9,6,23	152	149
1,7	0,0	5,4,2,8	0,0,1,0	331	149
9,8	17,26	8,2,7,15	33,35,37,39	158	149
47,48	1,0	51,90,65,60	2,0,0,0	194	149
12,7	146,200	13,26,33,46	207,219,212,279	336	149
227,242	0,0	258,218,201,263	0,0,2,0	346	149
1,8	0,1	1,5,6,7	0,1,1,0	178	149
5,10	0,0	8,9,11,19	3,0,1,0	195	149
4,3	0,0	7,5,6,12	3,0,1,0	166	149
183,181	55,24	262,238,178,207	56,66,77,63	155	149
12,10	0,0	17,17,20,27	0,0,1,2	152	149
4,5	0,2	2,1,1,0	0,0,0,0	224	149
72,92	1,0	94,72,81,143	2,3,1,2	155	149
25,24	186,217	12,42,24,17	149,148,178,240	154	149
1,2	1,2	0,2,2,5	4,2,2,2	156	149
1873,1763	9,8	1686,1650,1638,2120	7,14,2,19	158	149
20,5	0,0	25,26,23,40	0,0,2,0	166	149
2,1	4,8	1,3,0,2	8,7,8,7	273	149
6,9	23,15	10,21,20,36	28,28,50,44	276	149
10,6	175,167	5,1,6,7	117,102,96,167	403	149
27,12	2,0	19,22,26,39	0,0,0,0	278	149
16,37	6,5	55,39,44,27	3,6,14,8	537	149
26,36	5,15	24,33,35,83	7,2,9,9	278	149
44,47	83,64	32,37,39,47	47,53,43,76	152	149
159,187	0,2	369,304,66,95	1,0,1,0	319	149
3,1	1,0	4,2,0,6	0,3,0,8	152	149
2,4	1,2	4,1,14,13	5,3,5,7	152	149
154,185	2,1	127,113,145,158	1,4,6,2	152	149
7,23	29,22	13,15,5,20	26,26,31,42	165	149
3,7	172,154	6,12,21,19	130,137,152,227	584	149
1,0	12,16	0,1,1,1	21,16,32,29	176	149
8,4	97,83	5,7,7,18	77,70,68,99	154	149
60,38	6,8	73,77,75,99	3,7,3,5	175	149
2,10	289,311	8,9,2,5	251,244,313,308	553	149
8,4	0,1	17,37,15,13	1,0,4,0	304	149
145,125	0,0	175,190,177,196	0,1,0,0	374	149
18,18	2,5	29,18,12,29	1,3,4,5	183	149
23,40	54,54	24,44,31,45	76,62,77,126	163	149
57,53	2,0	35,52,57,58	0,0,1,0	549	149
18,41	302,333	39,37,42,44	299,294,320,467	341	149
62,62	3,0	59,57,60,72	1,3,5,1	153	149
301,315	2,5	408,438,389,484	5,6,0,2	535	149
210,255	7,3	233,226,214,296	0,0,0,1	465	149
16,2	3,2	11,13,8,20	3,2,0,0	152	149
72,49	236,226	31,47,48,29	270,223,223,287	160	149
26,15	142,160	5,3,3,6	138,119,145,207	152	149
855,701	0,0	564,621,567,751	0,1,0,0	593	149
306,270	934,912	180,222,196,286	716,824,556,770	300	149
0,2	95,112	2,2,0,1	89,76,140,124	167	149
7,10	22,23	7,6,12,6	23,24,19,16	185	149
3,1	21,17	2,4,3,4	21,14,13,16	185	149
5,4	32,37	3,4,3,5	27,41,45,39	179	149
2,1	22,16	0,2,1,2	14,20,27,22	166	149
27,23	14,17	36,27,50,51	19,19,13,23	164	149
26,21	159,182	10,5,22,46	116,112,198,239	152	149
6,1	38,28	3,4,10,9	37,35,34,45	160	149
4,1	15,12	0,1,4,3	11,22,17,11	170	149
30,21	601,600	28,24,20,31	614,700,665,818	336	149
411,471	45,40	310,300,444,543	56,46,61,79	155	149
146,179	21,21	224,208,210,258	20,22,17,40	193	149
14,17	19,14	9,10,11,21	14,24,24,32	152	149
7,0	23,8	3,4,3,3	10,8,7,18	278	149
49,51	2,1	37,40,40,61	3,0,0,0	200	149
23,11	64,57	9,16,11,16	45,45,66,90	479	149
95,131	0,1	122,136,145,175	0,0,0,0	266	149
21,25	0,3	35,31,57,51	0,0,0,0	154	149
26,23	1,0	35,53,55,72	0,0,0,1	233	149
2240,2236	0,3	1249,1204,2476,2848	0,0,1,0	1021	149
2,10	220,219	6,8,11,5	198,264,220,306	379	149
28,14	34,34	18,10,11,16	23,28,18,22	165	149
8,21	0,2	7,13,18,16	0,0,0,0	178	149
10,9	34,35	11,6,7,14	22,30,33,31	152	149
31,47	8,4	40,38,35,32	2,3,1,0	181	149
30,65	2,0	51,30,38,61	0,1,0,1	152	149
185,212	0,0	203,224,200,248	2,0,1,0	170	149
9,9	4,1	12,6,15,14	2,9,6,10	163	149
2,1	3,11	5,1,0,1	13,8,5,5	193	149
3,5	25,22	2,3,2,1	36,32,29,39	171	149
3,3	8,4	1,3,5,0	29,10,21,19	166	149
0,0	28,21	0,1,0,0	26,28,27,22	176	149
5,3	28,21	4,5,2,1	26,28,27,22	154	149
0,0	101,115	2,0,3,0	157,126,180,223	175	149
67,91	1,0	72,79,105,151	0,0,0,2	298	149
118,120	0,0	104,134,125,158	1,0,0,2	344	149
77,70	2,3	65,62,72,92	2,2,0,0	158	149
764,799	2,4	859,1004,896,1132	0,0,1,6	251	149
928,950	0,0	985,1169,1060,1272	3,0,0,2	281	149
1014,1038	0,1	1081,1301,1143,1376	0,0,0,2	290	149
1320,1355	0,2	1406,1664,1439,1752	0,0,0,0	314	149
77,78	1,0	76,88,87,124	0,0,0,2	170	149
166,155	0,0	126,165,165,146	3,0,0,2	179	149
252,243	0,1	222,297,248,250	0,0,0,2	188	149
558,560	0,2	547,660,544,626	0,0,0,0	212	149
86,88	0,1	99,132,83,106	0,0,0,2	158	149
392,405	0,2	424,495,379,482	0,0,0,0	182	149
306,318	0,2	325,363,296,378	0,0,0,0	173	149
233,206	52,50	250,267,265,357	35,67,52,56	170	149
556,560	1,4	547,660,544,624	7,1,0,6	212	149
272,256	8,6	244,334,274,272	7,12,11,9	188	149
578,573	0,1	569,697,570,648	1,2,0,2	212	149
314,323	0,1	332,375,307,385	1,2,0,2	173	149
251,239	0,0	222,297,248,245	0,0,2,0	188	149
557,556	82,85	547,660,544,621	80,115,107,152	212	149
306,317	82,85	325,363,298,376	80,115,107,152	173	149
165,154	13,14	127,168,165,145	25,18,18,22	179	149
251,242	0,0	223,300,248,249	0,0,0,1	188	149
99,102	0,0	121,150,101,126	0,0,0,1	158	149
97,60	8,4	74,71,67,83	2,1,4,8	1756	149
2,2	4,1	4,3,4,1	0,2,5,7	173	149
0,0	8,4	0,0,2,0	2,6,9,6	158	149
621,688	0,0	670,672,759,861	0,0,0,1	152	149
1,0	1,4	0,0,0,0	1,1,1,2	180	149
0,0	58,54	3,1,0,2	51,36,34,65	173	149
20,34	4,4	21,21,18,35	10,11,9,13	155	149
1,3	51,60	4,8,4,9	59,79,70,71	152	149
125,120	0,1	107,118,134,183	3,1,0,2	153	149
2,0	63,101	4,1,3,2	111,100,92,155	233	149
0,0	2,1	0,0,2,1	6,4,8,6	214	149
1,1	4,13	4,0,1,5	8,5,9,12	323	149
14,9	61,74	19,18,15,40	100,55,77,89	152	149
34,43	0,0	33,21,34,64	0,0,0,2	164	149
14,1	15,10	0,9,8,6	5,7,17,26	161	149
16,20	0,1	10,5,12,18	2,2,0,3	154	149
4,4	2,1	1,4,4,5	12,6,6,11	154	149
63,76	0,1	86,78,68,87	0,0,0,0	156	149
1,5	155,146	4,4,1,7	103,95,105,156	169	149
13,8	2,0	31,26,19,33	0,0,0,2	215	149
