ID	IJC_SAMPLE_1	SJC_SAMPLE_1	IJC_SAMPLE_2	SJC_SAMPLE_2	IncFormLen	SkipFormLen	PValue
3	1,4	184,249	5,0	150,188	180	99	1
4	2,6	1,9	6,13	4,8	158	99	0.551741637796
5	1,0	7,17	0,0	4,14	120	99	1
7	0,1	23,26	1,0	11,23	150	99	1
8	128,188	13,17	119,170	14,18	134	99	1
9	118,177	0,0	109,145	1,0	134	99	1
10	13,13	339,372	20,35	187,277	309	99	1
11	2,3	746,1103	1,1	676,1071	106	99	1
14	298,409	1,4	295,428	1,2	233	99	1
15	21,33	0,1	0,6	0,0	408	99	1
16	9,8	10,9	5,13	10,12	192	99	1
17	15,20	14,15	11,25	16,21	315	99	1
19	2,2	14,15	2,1	16,21	134	99	1
20	52,54	2,0	30,57	0,1	105	99	1
21	13,21	124,92	23,23	51,116	684	99	1
22	263,335	31,24	226,285	37,71	120	99	0.967414133072
23	44,63	31,24	47,69	37,71	186	99	0.532239535588
24	5,7	224,279	4,17	183,233	165	99	1
25	97,123	0,3	66,119	0,1	686	99	1
26	9,12	1,4	7,16	1,1	103	99	1
27	83,77	5,0	55,89	0,0	102	99	1
28	6,3	83,67	0,0	60,59	243	99	1
29	0,1	2,6	0,0	1,5	114	99	1
30	267,252	1,1	73,124	0,0	371	99	1
31	892,941	8,6	634,980	0,0	111	99	1
32	14,16	41,55	7,12	23,66	129	99	1
33	11,23	265,381	4,7	178,297	309	99	1
34	14,25	147,260	17,24	113,204	138	99	1
35	5,7	87,110	12,9	61,78	258	99	1
36	2,13	168,226	6,20	124,185	345	99	1
37	4,1	36,20	0,2	7,17	111	99	1
38	188,231	7,19	125,209	6,17	324	99	1
39	3,3	409,491	3,5	326,498	138	99	1
40	93,85	7,0	25,53	0,6	218	99	1
41	213,194	8,8	176,195	5,8	111	99	1
42	45,45	0,2	16,56	0,0	105	99	1
43	37,75	281,425	41,71	309,399	266	99	1
44	33,14	293,302	17,26	161,265	127	99	1
45	73,81	221,204	42,83	125,169	309	99	1
46	2,4	187,299	1,13	197,358	107	99	1
47	67,45	2,0	26,60	0,1	934	99	1
49	350,508	0,2	277,472	0,0	1859	99	1
50	111,125	5,1	86,156	0,0	117	99	1
53	131,110	0,0	81,92	3,0	120	99	1
54	129,187	1,5	106,189	0,1	289	99	1
55	42,31	82,97	25,67	48,111	218	99	1
56	461,453	5,7	472,838	29,22	665	99	0.358324863493
57	12,16	258,324	4,1	163,229	261	99	1
58	276,357	0,2	241,327	0,1	107	99	1
59	3,3	245,315	3,6	233,326	101	99	1
60	28,19	84,60	8,18	62,109	154	99	1
61	17,10	16,19	5,9	10,20	154	99	1
62	1,2	359,354	2,2	267,457	323	99	1
63	24,26	2,3	10,9	3,9	119	99	0.0535648034334
64	18,44	6,4	15,23	0,1	103	99	0.749998041204
65	21,47	14,22	3,15	28,41	111	99	9.89297318144e-06
66	24,49	3,3	20,30	0,0	140	99	1
67	53,140	180,285	16,28	153,279	117	99	0.00756150696213
68	5,7	325,512	3,4	239,406	107	99	1
69	23,49	57,131	18,26	53,72	475	99	1
70	7,23	31,37	4,12	18,15	183	99	1
72	21,21	1,11	15,15	1,2	293	99	0.500581452883
73	702,800	1,3	567,771	0,3	797	99	1
74	762,869	1,3	635,829	0,3	825	99	1
76	3,2	0,1	1,2	0,0	103	99	1
77	111,191	8,10	93,137	5,15	492	99	1
78	27,23	854,1048	19,40	602,968	103	99	1
79	7,4	31,58	4,12	38,24	127	99	1
80	39,63	26,56	39,35	20,45	228	99	1
81	5,3	9,22	0,2	15,10	127	99	0.541907944993
82	5,2	2,0	1,2	4,11	131	99	0.00153335222869
84	307,433	0,1	242,359	0,0	250	99	1
85	11,12	1872,2389	7,13	1764,2832	103	99	1
86	890,1081	3,4	769,1306	1,0	356	99	1
87	25,47	1057,1375	27,62	845,1337	102	99	1
89	60,59	192,277	25,41	173,229	293	99	1
90	2,0	6,8	1,3	3,0	117	99	0.0462866574262
91	16,5	6,8	24,19	3,0	159	99	0.00307386509476
93	162,210	0,2	182,344	0,1	139	99	1
94	290,490	2,0	298,502	0,6	358	99	1
96	3,1	23,25	0,0	26,33	104	99	1
97	122,75	2,2	44,45	3,3	1782	99	0.12999293868
98	7,14	44,66	0,0	28,40	105	99	0.279271749099
99	0,5	15,9	0,3	30,35	125	99	1
100	529,620	2,0	451,718	0,0	733	99	1
101	10,22	82,138	16,26	97,263	156	99	1
102	4,1	74,101	1,0	62,121	192	99	1
103	120,131	1,4	66,86	4,2	141	99	1
105	222,263	7,8	177,301	1,2	222	99	1
106	20,35	673,848	37,41	570,833	362	99	1
107	382,502	28,7	258,324	15,11	296	99	1
108	7,11	47,58	2,7	66,82	119	99	1
110	1299,1916	5,13	1203,1754	2,5	126	99	1
111	2,2	6,7	2,7	15,26	121	99	1
112	7,5	46,55	13,36	44,89	266	99	1
113	14,6	126,140	5,13	78,160	104	99	1
114	127,318	1,0	99,219	1,5	201	99	1
115	50,59	1044,1215	33,61	721,965	635	99	1
116	32,79	1,3	55,33	1,0	434	99	1
117	5,5	11,21	0,2	13,19	115	99	0.203036069822
119	10,10	44,21	6,7	2,11	115	99	0.196300620636
120	4,1	46,35	0,1	17,28	181	99	1
121	4,2	451,573	4,4	309,490	132	99	1
122	12,13	476,539	9,18	323,520	318	99	1
123	129,137	6,6	178,266	4,7	247	99	1
124	2,3	505,738	4,14	934,1367	103	99	1
125	108,94	0,5	36,46	5,5	687	99	0.0330244426674
126	203,271	1,0	134,232	0,0	124	99	1
127	1292,1801	4,6	1071,1655	22,10	105	99	1
128	110,171	0,0	149,290	0,2	149	99	1
129	52,67	0,1	33,60	6,0	113	99	1
130	6,9	40,30	4,3	15,22	110	99	1
131	25,34	9,11	30,30	3,3	102	99	0.214952639838
132	69,77	28,22	62,109	36,55	633	99	1
134	1,5	337,390	1,0	290,412	286	99	1
135	19,29	84,126	9,9	58,90	235	99	1
136	171,201	6,1	144,184	4,9	103	99	1
139	0,0	16,17	0,2	18,26	195	99	1
142	5,10	117,106	16,32	88,142	797	99	1
143	159,132	29,32	34,68	62,99	164	99	2.44249065418e-15
144	9,11	73,61	9,12	42,40	346	99	1
146	21,14	100,78	13,22	68,71	199	99	1
147	23,53	141,224	9,21	214,301	108	99	0.686921948853
148	1,2	370,406	0,0	193,354	101	99	1
149	3,8	12,23	10,5	5,17	457	99	1
150	89,111	9,40	104,144	23,33	351	99	1
151	24,22	566,630	6,21	384,474	253	99	1
152	10,9	637,766	1,3	424,770	130	99	1
153	4,8	106,132	0,4	95,104	295	99	1
154	54,54	137,116	0,8	96,127	343	99	1
155	12,19	3,5	7,16	1,13	363	99	0.650623070903
156	16,7	0,1	1,8	0,0	135	99	1
157	158,240	55,97	44,68	59,88	123	99	5.69864735189e-06
158	7,6	2194,2194	2,21	1773,2601	319	99	1
160	1399,1664	4,9	975,1610	2,0	208	99	1
161	37,17	16,9	41,50	6,21	180	99	0.739250229936
162	10,8	0,2	7,4	0,0	127	99	1
163	733,804	1,0	526,834	0,0	108	99	1
164	375,518	65,85	428,629	31,64	469	99	0.21781391788
166	8,6	0,0	6,9	2,2	193	99	0.216714485843
167	19,17	614,738	21,15	524,637	370	99	1
168	11,11	614,738	17,8	524,637	276	99	1
169	34,19	7,9	19,17	8,6	271	99	1
171	138,161	21,37	102,131	23,34	109	99	1
172	6,8	1,0	8,10	0,0	109	99	1
174	123,193	35,73	173,238	118,120	125	99	0.509594363137
175	612,764	1,1	407,735	0,3	802	99	1
177	74,90	15,27	88,100	6,5	111	99	0.0746519257916
178	68,117	4,13	46,98	7,6	119	99	1
179	636,868	5,1	1065,1835	1,2	366	99	1
181	4,0	2,2	7,15	0,1	203	99	0.00162205468984
182	10,12	29,27	5,4	10,9	111	99	1
183	23,12	1,2	9,4	2,0	122	99	1
184	6,14	1,10	4,10	5,3	104	99	1
185	171,199	23,37	117,192	27,29	341	99	1
186	166,195	23,37	118,185	27,29	336	99	1
187	1,1	237,269	5,5	135,222	144	99	1
188	25,8	0,1	9,28	0,0	138	99	1
190	121,105	25,27	100,133	1,8	121	99	0.0109155792974
192	9708,7906	209,181	5625,8877	125,214	201	99	1
194	12,12	273,417	30,47	206,270	118	99	1
195	105,120	113,125	87,119	127,176	175	99	1
196	366,525	113,125	263,342	127,176	156	99	0.187111376233
197	7,23	35,38	15,30	6,1	113	99	6.3967424454e-06
199	10,9	75,94	4,7	78,96	137	99	1
200	28,34	486,498	27,35	368,506	472	99	1
201	16,29	507,577	10,18	425,658	102	99	1
202	176,323	3,3	207,299	9,12	616	99	0.340824976301
203	188,326	2532,4010	212,308	2369,3774	616	99	1
204	86,74	14,15	52,77	15,13	156	99	1
205	152,164	14,15	108,154	15,13	210	99	1
206	94,107	28,17	68,100	12,23	153	99	1
207	25,35	1,1	23,47	2,0	248	99	1
208	79,88	51,47	34,57	44,80	120	99	0.0342464406666
209	460,558	29,37	240,391	20,17	249	99	1
210	432,517	29,37	250,414	20,17	228	99	1
211	99,118	1,2	83,120	2,1	116	99	1
212	19,25	25,17	11,11	6,8	114	99	0.948380993983
213	26,34	3,1	15,23	0,3	437	99	1
215	159,230	76,117	129,203	62,146	214	99	1
216	219,345	336,459	60,128	368,729	132	99	3.50929008075e-09
217	1,4	0,0	5,1	2,2	167	99	0.0249065428173
219	3,2	27,42	2,1	19,58	104	99	1
220	17,29	63,74	15,27	45,62	129	99	1
221	13,25	97,99	11,2	66,83	127	99	1
222	58,64	213,194	3,25	155,231	144	99	0.191089471099
223	63,57	320,311	5,29	201,391	144	99	1
224	326,350	32,17	207,295	27,18	112	99	1
225	6,9	252,312	6,11	278,423	103	99	1
226	4,2	0,1	5,5	1,0	103	99	1
227	1,2	0,0	0,0	1,3	103	99	5.57972190673e-09
228	83,108	1,0	70,106	0,3	101	99	1
229	1,7	2,3	12,15	8,2	246	99	0.552137342106
230	74,71	0,1	37,67	0,1	225	99	1
231	96,84	195,231	99,163	100,144	107	99	0.00165039767281
232	184,306	8,9	247,351	17,37	306	99	0.519639327603
233	18,26	10,13	16,35	2,3	103	99	0.0142168109343
234	521,772	0,1	442,634	0,1	129	99	1
235	22,13	15,33	12,29	30,33	114	99	1
236	6,8	0,0	4,9	0,3	103	99	1
240	2,5	18,30	1,4	25,20	332	99	1
241	34,50	19,21	12,35	8,23	104	99	1
242	3,4	0,0	1,2	0,1	104	99	1
243	20,24	238,301	51,77	131,235	110	99	0.00264091276767
244	0,1	0,3	1,0	0,1	261	99	1
245	1,4	35,49	6,14	139,226	113	99	1
246	20,41	163,269	21,36	106,210	695	99	1
247	11,11	93,109	1,2	48,102	274	99	1
249	61,61	1,0	56,111	0,0	124	99	1
250	26,14	215,265	7,13	161,211	239	99	1
251	36,24	293,343	17,22	218,270	594	99	1
252	20,26	293,343	11,26	218,270	670	99	1
253	1,7	17,5	2,8	8,4	175	99	0.831383126069
254	243,324	1,0	237,322	2,4	281	99	1
255	0,0	1123,1275	1,0	798,1351	103	99	1
256	14,19	252,313	7,18	206,319	126	99	1
257	24,28	1,0	23,22	2,0	154	99	1
258	0,1	9,4	0,0	5,6	105	99	1
259	26,37	63,74	35,76	59,67	271	99	1
260	4,8	5,5	10,13	3,3	276	99	0.132632728476
261	2,1	1,0	8,3	0,0	104	99	1
265	11,5	165,125	8,0	64,91	298	99	1
267	136,159	88,117	75,80	107,159	324	99	0.0588959269351
268	608,846	0,0	514,779	0,3	487	99	1
269	27,24	239,289	21,33	223,346	123	99	1
270	7211,9695	0,2	3833,5585	1,6	3340	99	1
271	40,70	155,136	35,51	73,126	594	99	1
272	25,31	185,262	2,11	135,232	116	99	1
273	347,452	1,2	230,424	0,1	159	99	1
274	8,4	25,24	3,9	14,18	279	99	1
275	1194,1392	862,886	988,1664	439,791	682	99	1
276	6,1	4,0	2,3	0,0	105	99	0.540742659674
278	121,118	13,10	105,174	16,16	149	99	1
279	82,87	304,427	54,82	195,330	254	99	1
280	226,296	2,0	182,256	0,1	336	99	1
281	324,436	0,2	273,412	0,0	198	99	1
283	2,0	82,105	2,2	65,119	114	99	1
284	33,80	2,0	28,48	1,2	157	99	1
285	3,3	51,50	2,4	24,62	238	99	1
286	408,569	0,0	377,555	1,0	820	99	1
287	42,25	6,5	7,36	1,4	361	99	1
288	66,87	0,1	67,82	0,0	244	99	1
289	126,131	18,16	69,157	2,2	608	99	0.000173751322996
290	137,140	18,16	51,132	2,2	913	99	0.00267578164846
291	58,79	47,70	28,50	46,75	404	99	1
292	93,78	18,16	27,87	2,2	665	99	0.00530962850813
293	14,17	47,70	4,5	46,75	156	99	1
294	48,64	4,2	26,47	2,2	347	99	1
298	13,20	44,72	2,3	56,65	162	99	0.345407139622
299	1,0	3,4	2,0	2,2	103	99	1
301	16,15	204,166	16,15	121,190	277	99	1
302	637,617	0,0	462,737	0,1	135	99	1
304	710,692	10,3	495,658	6,9	373	99	1
305	7,13	4,2	9,3	0,1	122	99	0.198584948023
306	1,2	2,2	0,0	0,9	103	99	1
307	0,1	45,50	0,0	25,41	147	99	1
310	20,37	38,45	24,22	22,34	429	99	1
312	14,31	38,45	19,19	22,34	377	99	1
313	1,9	38,45	4,7	22,34	178	99	1
314	2,11	2,4	3,1	2,0	181	99	0.434887003694
315	53,81	1276,1582	42,81	868,1378	694	99	1
317	570,773	7,3	374,561	2,3	266	99	1
318	21,17	255,354	17,28	135,199	364	99	1
320	150,238	711,864	85,136	418,565	125	99	1
322	17,29	55,57	19,18	45,68	605	99	1
323	12,14	116,141	3,8	95,130	130	99	1
324	4,3	261,304	4,1	227,323	114	99	1
325	568,769	11,15	413,740	7,15	103	99	1
326	14,11	69,49	11,35	33,58	209	99	1
328	1032,1520	6,20	1054,1418	10,12	570	99	1
329	880,1031	1,0	486,926	0,0	368	99	1
330	13,35	20,32	13,30	10,36	103	99	1
331	384,517	55,43	316,471	28,34	561	99	1
334	8,19	90,85	6,2	48,96	267	99	1
337	328,348	17,22	235,349	40,57	121	99	0.861337603651
338	20,24	2359,3161	16,29	1866,2774	294	99	1
339	59,85	127,131	39,68	78,88	859	99	1
340	1,3	0,0	3,3	0,1	122	99	1
341	36,77	289,305	35,89	196,327	130	99	1
342	506,619	3,10	297,553	5,4	661	99	1
343	135,180	15,7	164,288	23,58	590	99	0.124009386046
345	10,4	84,94	15,14	86,122	104	99	1
346	348,572	30,37	293,486	52,73	152	99	1
347	291,400	3,5	213,326	2,6	684	99	1
348	27,37	131,162	19,38	76,94	145	99	1
349	297,414	388,525	346,589	304,405	282	99	1
350	0,5	2,10	1,1	3,0	219	99	1
351	488,646	33,36	353,494	19,11	131	99	1
353	24,19	0,0	19,41	1,0	377	99	1
354	187,224	4,5	115,215	4,10	521	99	1
355	45,58	6,11	17,29	9,17	410	99	0.0181713351936
356	5,6	119,115	44,39	43,65	110	99	3.75004138853e-10
358	2,0	8,2	0,0	4,12	118	99	1
359	20,36	72,100	6,13	57,67	107	99	0.764635506847
360	6,6	54,49	2,14	72,87	157	99	1
361	1959,2879	2,2	1992,2654	2,1	198	99	1
362	954,1119	973,1118	714,1141	663,1161	800	99	1
365	23,32	48,26	18,15	33,34	338	99	1
366	22,42	76,73	13,31	44,64	111	99	1
367	3,1	31,56	3,3	23,30	243	99	1
368	0,3	0,3	5,9	0,2	249	99	1
369	3,11	33,26	9,6	16,19	324	99	1
371	838,1089	1,5	577,950	4,10	269	99	1
374	2,3	885,1133	1,8	678,982	132	99	1
377	4,13	2,3	8,18	2,8	118	99	1
378	14,20	1,4	24,41	1,8	368	99	1
379	64,87	3,10	56,93	6,8	116	99	1
380	1,0	24,22	0,0	18,20	174	99	1
381	59,62	16,16	27,50	15,24	330	99	0.366999304988
382	2,0	26,34	1,4	19,37	104	99	1
383	12,23	0,2	14,20	4,2	243	99	0.158379488336
385	1370,1635	17,17	1012,1622	8,5	144	99	1
386	14,10	57,67	3,11	65,94	170	99	1
387	1393,1630	0,1	966,1477	0,0	887	99	1
388	448,545	6,2	431,634	4,9	144	99	1
389	9,15	197,231	32,61	76,153	354	99	1
390	5,11	1082,1255	4,0	746,1204	207	99	1
392	70,53	0,1	29,74	3,10	114	99	0.945736187588
394	221,270	21,31	233,366	11,31	177	99	1
395	215,262	0,2	206,321	0,0	177	99	1
397	78,150	381,408	55,68	280,436	282	99	1
399	463,505	21,22	325,437	22,19	142	99	1
400	131,163	194,228	132,208	34,48	103	99	6.66133814775e-16
401	52,72	55,69	16,21	61,79	297	99	0.0182807155889
402	0,2	15,8	0,0	11,6	279	99	1
403	148,239	421,608	110,170	358,573	421	99	1
404	0,2	11,11	9,21	6,9	111	99	1.45959705489e-06
405	429,430	49,51	149,223	181,265	105	99	0
406	245,249	9,16	27,60	30,38	130	99	6.54676313161e-12
407	78,75	2,0	61,68	0,2	344	99	1
409	250,350	0,3	135,253	7,5	108	99	1
411	32,26	250,277	9,25	175,271	477	99	1
412	28,32	216,285	17,26	193,347	322	99	1
413	2,0	7,4	0,0	1,3	103	99	1
414	2,0	998,1315	4,3	970,1512	103	99	1
415	66,143	64,106	127,186	41,76	120	99	0.0338930123201
417	3,12	14,17	5,0	13,10	183	99	0.812047292347
418	389,477	416,555	288,417	337,466	102	99	1
420	32,21	129,135	6,16	68,87	250	99	1
421	32,44	149,199	60,69	78,123	128	99	0.00971822775099
422	232,282	0,2	198,279	3,1	194	99	1
423	7,11	505,507	7,16	352,579	471	99	1
424	46,51	3,0	29,38	0,0	101	99	1
426	445,608	0,1	486,579	2,3	381	99	1
427	182,243	15,14	97,139	2,1	126	99	1
428	11,4	152,179	9,9	129,236	117	99	1
430	12,12	67,122	7,8	79,77	428	99	1
431	441,465	45,52	384,715	25,35	191	99	1
432	103,164	718,1102	79,171	508,849	533	99	1
433	936,1432	3,2	646,1035	0,0	261	99	1
434	273,300	35,33	266,386	21,39	158	99	1
436	25,26	4,5	34,36	0,0	138	99	0.272893016492
437	10,23	1518,1828	21,35	1578,1915	103	99	1
438	4,9	725,812	28,30	531,834	267	99	1
439	1682,1897	0,1	1345,2097	6,16	102	99	1
440	468,531	1,2	290,367	0,0	960	99	1
441	403,459	20,33	385,720	7,27	373	99	1
442	77,89	3,8	40,95	2,1	165	99	1
443	58,69	0,0	39,89	1,1	102	99	1
444	10,16	325,427	5,15	248,398	292	99	1
445	1,5	169,188	4,3	110,120	275	99	1
446	29,51	0,1	34,31	0,0	265	99	1
447	244,319	143,170	472,777	648,1074	102	99	7.68432863509e-05
448	10,8	396,517	6,12	220,459	304	99	1
450	647,782	0,7	649,1007	4,3	103	99	1
451	66,74	377,414	30,39	267,434	344	99	1
452	1300,1551	0,0	1141,1792	0,1	627	99	1
453	68,83	12500,12100	61,158	8298,12376	162	99	1
454	4474,4840	3,3	2821,4612	4,6	135	99	1
456	198,310	250,328	164,226	183,305	102	99	1
457	1,0	1231,1379	4,2	1083,1767	147	99	1
458	616,826	1879,2593	356,448	1949,2664	102	99	1
459	26,37	1311,1860	4,25	997,1700	122	99	1
460	182,236	0,2	141,244	0,0	202	99	1
461	149,233	0,2	138,253	0,0	357	99	1
462	135,217	168,220	126,241	129,232	254	99	1
464	23,30	30,31	26,43	29,36	153	99	1
466	2083,2411	1,0	1271,2003	0,0	1924	99	1
467	0,0	11263,12081	3,13	14074,21646	103	99	1
469	20,18	4,3	36,43	3,2	278	99	0.366756027178
471	199,212	1,6	107,264	3,1	436	99	1
472	2584,3248	0,0	1587,2372	0,1	3075	99	1
473	16,20	17,32	6,7	17,16	122	99	0.613517752643
476	12,10	0,0	7,23	0,1	328	99	1
480	26,21	3051,3523	11,26	2000,3052	431	99	1
483	3,0	70,97	0,2	50,106	104	99	1
485	272,266	142,220	188,269	85,133	439	99	1
486	8,3	0,2	4,1	0,2	173	99	1
487	10,6	8,5	7,20	0,0	159	99	1.53898988997e-07
488	4,4	144,158	3,13	110,110	123	99	1
489	34,38	18,8	13,30	10,20	297	99	0.456355476515
490	53,65	0,0	21,68	0,3	367	99	1
491	37,35	0,0	18,58	0,3	169	99	1
493	82,89	27,33	25,51	43,54	114	99	0.000371144728427
494	1,0	7,9	1,0	2,9	325	99	1
495	6912,10694	4,16	6851,10157	7,3	117	99	1
496	2755,4683	153,186	2961,4243	92,187	117	99	1
497	2747,4671	12,13	2953,4226	14,22	117	99	1
498	3230,5426	12,13	3407,4937	14,22	138	99	1
499	484,759	1,4	456,714	2,3	120	99	1
500	2747,4669	5,8	2955,4225	6,4	117	99	1
501	3736,6210	5,8	3880,5996	6,4	138	99	1
502	990,1543	1,2	929,1773	4,2	120	99	1
503	175,296	1393,2237	65,102	1091,1684	112	99	1
504	144,185	123,238	56,90	206,347	112	99	1.25088146106e-05
505	16,23	204,262	15,16	158,214	351	99	1
506	78,149	129,142	31,68	135,256	120	99	0.00314054912426
507	504,604	5,4	423,571	4,13	139	99	1
508	7,10	230,296	14,22	320,489	111	99	1
509	9,26	68,68	22,38	45,74	396	99	1
511	2,0	1270,1462	0,0	1133,1662	123	99	1
512	29,43	21,55	17,40	17,37	532	99	1
513	5,25	7,27	16,19	2,13	104	99	0.132493588735
515	1,1	0,0	0,3	0,1	123	99	1
518	361,454	4,11	277,463	0,3	113	99	1
519	658,774	17,16	483,697	0,2	126	99	1
520	20,8	12,21	6,11	12,15	146	99	1
521	442,558	0,0	226,347	0,3	482	99	1
522	36,41	72,106	32,56	31,52	129	99	0.0487512611445
523	8,9	222,231	87,122	79,102	103	99	0
524	70,60	56,70	33,56	23,42	285	99	1
525	20,7	34,26	10,18	16,32	169	99	1
527	265,277	6,4	250,360	9,21	103	99	1
529	1,0	6,9	0,2	2,13	103	99	1
531	180,218	2,0	120,170	0,0	552	99	1
532	39,63	87,112	34,42	47,67	395	99	1
533	2260,3015	0,1	2060,3168	0,0	1350	99	1
535	2,3	164,140	4,1	124,151	218	99	1
536	399,416	34,38	301,436	17,36	103	99	1
538	2,6	7,1	6,0	0,0	162	99	1
540	91,94	339,430	51,78	288,459	306	99	1
541	6,8	358,391	3,0	328,439	103	99	1
542	869,772	0,0	387,592	7,6	123	99	1
543	777,974	50,62	641,999	9,4	129	99	1
544	1374,1757	19,18	953,1546	10,15	341	99	1
545	128,141	10,3	83,134	0,2	179	99	1
548	1,0	2,4	0,1	0,1	110	99	1
550	6,7	48,44	21,41	5,10	117	99	3.33066907388e-16
551	114,93	1,2	28,56	0,0	203	99	1
552	134,252	42,69	120,158	59,64	159	99	1
553	67,72	23,21	24,49	7,11	119	99	1
554	21,29	23,21	27,43	7,11	144	99	0.0137770708049
555	8,8	54,51	15,29	12,35	124	99	0.000228951441689
556	10,7	201,259	1,5	185,314	102	99	1
558	216,223	133,144	91,150	155,196	296	99	0.0315247512659
559	2,2	0,1	0,1	0,0	116	99	1
560	26,34	17,36	6,12	52,97	122	99	2.47141033194e-07
561	90,93	13,10	167,128	10,11	736	99	0.606564861666
562	74,101	13,10	196,174	10,11	741	99	0.205894207028
563	12,23	28,15	30,47	1,1	104	99	5.03511544681e-08
564	2,5	59,125	1,0	72,77	102	99	1
565	20,3	46,60	8,9	11,24	111	99	0.53998619435
566	7,2	142,195	3,7	93,164	310	99	1
569	39,44	0,2	24,46	0,0	229	99	1
571	11,12	0,4	2,20	3,0	313	99	1
572	15,21	147,174	0,2	95,178	114	99	1
574	2,3	96,120	0,4	31,40	103	99	1
575	86,122	129,167	27,44	118,204	117	99	0.00052426744823
576	65,64	1,0	55,90	0,4	200	99	1
577	16,17	40,50	14,23	9,26	124	99	0.0727467977102
578	175,197	1,16	159,269	5,16	221	99	1
579	4,5	113,161	0,6	95,148	270	99	1
581	4,4	0,5	0,2	1,13	110	99	0.00301228899068
582	16,14	64,102	37,48	38,118	236	99	0.412215573775
583	341,296	0,1	207,269	1,0	144	99	1
585	208,259	12,5	221,384	3,6	130	99	1
587	0,6	0,1	5,2	8,1	110	99	1
588	2,6	5,3	6,2	0,0	126	99	0.000875128483637
589	2,1	5,3	9,1	0,0	115	99	2.02370955782e-06
590	27,25	985,1305	10,11	541,1007	263	99	1
591	28,17	25,43	20,7	27,11	559	99	1
592	34,71	15,26	16,27	19,13	118	99	0.55594456205
593	8,16	15,26	2,4	19,13	127	99	0.154858978168
594	4,7	30,62	0,0	14,23	108	99	1
595	1,2	103,104	2,4	51,131	120	99	1
596	220,304	1,0	168,241	0,0	485	99	1
597	19,33	165,205	48,84	106,160	117	99	0.00283289462618
598	55,72	2,5	58,54	0,0	741	99	0.0526916298119
599	37,37	1,1	22,39	3,1	122	99	1
600	230,283	1,9	142,184	3,2	190	99	1
601	12,16	0,2	20,27	1,0	212	99	1
602	108,116	4,2	58,102	6,1	112	99	1
604	2,2	8,7	1,0	9,10	259	99	1
605	111,154	37,36	114,141	6,17	103	99	0.183982596412
606	0,0	157,185	0,1	121,202	103	99	1
607	1,0	49,31	0,0	19,31	252	99	1
608	56,44	0,3	17,41	0,1	269	99	1
609	0,1	46,51	2,8	33,66	282	99	1
610	10,19	386,480	5,18	374,460	116	99	1
612	7,16	958,1272	17,19	1070,1738	254	99	1
613	1,3	142,163	0,1	154,194	103	99	1
614	3,5	0,2	3,2	0,0	103	99	1
615	2,8	79,93	5,1	56,89	102	99	1
616	56,87	11,16	41,88	2,6	115	99	0.639154849555
617	17,13	0,0	12,21	0,1	166	99	1
619	77,119	118,154	66,142	68,98	146	99	0.571860967183
620	21,23	0,0	20,21	0,4	103	99	1
621	467,664	0,1	514,798	0,0	597	99	1
623	101,115	0,6	79,116	0,0	115	99	1
624	229,230	1,0	297,520	0,0	546	99	1
625	28,38	15,9	21,38	19,15	258	99	0.821560926668
626	100,100	189,236	100,165	183,205	315	99	1
627	17,21	51,62	6,16	48,87	125	99	0.956128597876
628	65,59	51,62	40,88	48,87	541	99	1
629	58,59	10,21	38,77	4,5	515	99	0.0552229668649
630	1,0	0,1	0,3	2,5	107	99	1
631	71,72	8,10	66,83	0,5	116	99	1
632	523,750	2,0	338,551	4,1	259	99	1
634	103,179	75,75	135,343	87,152	1002	99	1
635	313,286	0,2	164,280	0,1	323	99	1
636	3,11	105,158	9,7	165,212	307	99	1
638	104,131	138,159	77,89	110,177	342	99	1
639	98,124	138,159	80,93	110,177	382	99	1
640	6,9	12,16	6,9	3,5	139	99	0.0839926631518
641	81,111	231,361	135,190	136,201	524	99	1
643	403,470	4,4	329,440	1,0	653	99	1
644	123,158	12,22	111,138	4,1	114	99	1
646	40,63	14,22	40,46	16,14	103	99	1
647	6,11	8,13	21,25	5,6	103	99	0.00548913142565
648	18,20	13,13	5,14	27,34	120	99	0.00221079476588
649	71,62	5,3	38,82	0,1	201	99	1
650	66,55	5,3	60,102	0,1	180	99	1
651	6,6	321,337	6,4	195,344	105	99	1
652	382,485	75,64	363,614	51,77	2780	99	1
653	2,5	36,39	1,2	22,25	291	99	1
654	5,1	11,7	7,15	5,4	137	99	0.00616835562643
655	0,3	360,458	1,8	285,431	117	99	1
656	386,454	56,90	297,383	61,68	295	99	1
657	301,315	9,16	180,264	6,16	105	99	1
658	138,118	82,66	85,207	90,132	105	99	1
659	0,0	0,4	2,2	8,4	130	99	1
661	162,230	48,40	202,298	15,21	127	99	0.161766101201
662	8,26	387,433	7,23	307,419	102	99	1
663	8,15	75,111	6,14	67,106	122	99	1
664	29,16	507,509	9,12	408,453	388	99	1
665	1,3	112,145	2,1	103,160	102	99	1
666	17,7	4,4	3,6	7,11	158	99	0.0109104521296
667	26,50	1524,1783	27,37	1318,1584	459	99	1
668	19,46	1,0	40,54	0,0	355	99	1
669	2313,3222	22,24	1845,3062	20,52	260	99	1
670	555,776	347,599	564,878	161,274	134	99	0.000497667542346
672	0,0	98,101	4,2	41,67	108	99	1
674	16,24	1,2	6,12	2,3	306	99	0.204060440516
675	24,44	1,2	18,34	2,3	508	99	0.571476087108
676	14,28	6,8	12,25	0,3	301	99	0.0415522834413
677	9,34	0,4	19,45	3,6	113	99	1
678	16,12	245,178	33,52	110,205	115	99	0.123974864068
680	30,30	12,11	7,23	20,52	103	99	6.56444122626e-06
681	13,13	48,44	4,8	29,60	320	99	1
682	59,82	250,348	10,20	299,416	102	99	0.0083704701388
683	616,749	45,82	446,614	91,131	747	99	0.0144035591686
684	8,10	325,364	17,13	263,424	129	99	1
686	278,314	22,43	216,312	40,70	120	99	1
687	6,5	0,2	4,5	3,0	125	99	1
688	4,2	16,13	0,1	10,12	250	99	1
689	29,21	0,1	14,54	0,0	685	99	1
690	18,24	8,15	14,15	10,12	203	99	1
691	1,2	18,7	2,0	1,13	118	99	1
692	46,53	24,18	35,61	7,7	821	99	0.124741628596
693	0,0	1208,1416	0,3	896,1419	103	99	1
694	15624,15316	0,2	9860,14642	0,0	169	99	1
695	9,6	2039,2062	3,8	1307,1981	174	99	1
697	3,7	80,81	5,4	50,114	328	99	1
698	231,321	99,90	134,237	69,106	102	99	1
700	72,75	148,159	27,43	59,77	188	99	1
701	678,1315	5,1	634,1162	1,4	293	99	1
702	46,81	20,32	49,124	34,34	106	99	1
703	0,3	1157,1489	2,5	764,1298	153	99	1
704	9,10	62,83	1,8	46,58	102	99	1
705	148,164	1,2	78,133	0,1	123	99	1
706	1,1	954,1135	0,0	837,1375	103	99	1
707	14,5	83,95	10,9	33,102	377	99	1
708	9,12	1,3	1,2	9,19	102	99	6.79239342549e-09
709	6,2	7,0	0,1	11,14	102	99	0.00253454242299
710	76,94	15,12	101,112	10,9	412	99	0.674586459785
711	111,93	0,0	43,57	0,5	180	99	1
712	60,86	3,11	107,126	2,17	126	99	1
713	7,13	1,0	6,13	0,1	263	99	1
714	1,1	302,422	0,0	229,352	124	99	1
715	54,74	1226,1352	43,80	939,1273	525	99	1
716	7,4	146,162	2,4	114,155	304	99	1
717	70,111	12,17	51,128	6,30	336	99	1
718	38,51	16,22	9,15	13,37	153	99	0.000298232771216
719	106,159	4,11	86,171	1,1	410	99	0.0924262052324
720	50,51	0,0	38,49	1,0	173	99	1
721	95,139	1,1	79,128	0,1	185	99	1
722	130,161	33,28	58,123	22,53	120	99	0.469457802491
723	4,2	301,368	0,2	227,303	275	99	1
724	10,5	0,2	8,7	0,0	103	99	1
725	16,27	4,3	37,45	3,15	157	99	1
726	18,15	261,349	9,19	164,275	451	99	1
727	33,49	652,810	47,81	1087,1630	291	99	1
728	6,2	156,161	1,2	101,170	103	99	1
729	7,5	1183,1346	4,6	930,1482	102	99	1
731	164,156	2,4	117,150	3,0	210	99	1
732	493,553	0,1	388,575	0,0	389	99	1
733	228,278	1,0	158,238	0,0	260	99	1
734	64,50	0,0	50,90	2,0	303	99	1
735	15,29	54,61	19,58	19,32	130	99	0.00459193940903
736	9,19	54,61	11,40	19,32	135	99	0.0271183731374
737	2,4	8,14	2,8	10,26	104	99	1
740	1,2	66,84	3,12	31,69	119	99	1
741	110,156	18,19	113,126	8,16	231	99	1
742	14,9	176,226	4,4	157,252	102	99	1
743	70,95	109,143	32,89	89,151	506	99	1
744	15,11	0,0	13,24	1,3	103	99	1
745	470,634	16,22	432,638	0,2	144	99	1
747	6,10	1715,2066	4,16	1135,1851	364	99	1
748	1,2	1176,1296	3,6	779,1221	104	99	1
749	24,47	4,9	26,14	2,6	307	99	1
750	651,877	0,1	623,1059	0,0	2326	99	1
751	34,38	330,453	33,41	220,278	374	99	1
752	181,182	54,48	111,133	46,90	121	99	0.353147792682
753	151,167	0,0	86,149	1,0	469	99	1
754	33,14	32,47	11,11	32,32	1345	99	1
755	2291,2567	13,14	1716,2896	16,21	102	99	1
756	967,1231	764,922	1474,1930	292,416	113	99	6.12843109593e-14
757	286,421	3,5	174,242	1,6	437	99	1
759	4,10	1,2	11,11	1,3	108	99	1
760	51,47	22,40	66,51	1,0	122	99	2.15342188525e-11
762	25,41	9,3	23,30	3,1	104	99	1
763	262,301	18,23	158,314	18,24	146	99	1
765	11,22	32,29	4,22	17,22	103	99	1
766	0,1	0,0	0,0	0,4	103	99	1
767	2,1	149,170	1,14	235,341	103	99	1
770	14,27	33,14	19,24	3,3	104	99	0.00416722826247
773	242,324	8,6	227,333	0,1	120	99	1
775	12,14	110,98	5,13	59,102	326	99	1
777	14,32	58,23	8,19	27,47	128	99	1
779	145,211	216,234	105,154	129,169	200	99	1
780	52,31	51,40	17,14	41,55	206	99	0.0940805980692
781	32,28	2,1	23,29	1,0	125	99	1
782	6,14	313,374	6,7	257,463	332	99	1
784	5,3	4,3	3,9	2,1	196	99	0.197378695522
785	3,5	938,1165	3,3	701,1002	166	99	1
786	53,64	12,23	31,82	6,9	359	99	0.284045932734
787	28,36	124,218	29,77	102,129	126	99	0.532522114907
788	160,259	12,23	116,153	6,9	332	99	1
789	79,105	24,43	53,81	7,12	116	99	0.172541749652
790	20,44	5,19	29,38	3,25	116	99	1
792	75,79	1,7	46,76	5,14	103	99	1
793	28,34	48,62	14,29	20,33	110	99	1
794	78,90	453,507	62,126	300,563	283	99	1
795	1,3	303,336	0,0	191,327	103	99	1
796	197,334	31,57	200,323	26,33	399	99	1
797	207,259	1,1	184,246	2,0	267	99	1
798	0,0	1,1	2,1	0,0	233	99	1.80444869047e-08
799	81,97	1,0	46,75	0,0	344	99	1
800	25,31	0,6	25,32	0,5	241	99	1
802	8,12	101,131	3,11	88,122	679	99	1
803	45,48	1,0	30,47	0,0	225	99	1
804	66,79	2,0	55,100	0,0	157	99	1
805	293,393	93,101	242,385	77,138	290	99	1
806	24,23	119,169	6,14	85,140	143	99	1
807	13,24	0,4	10,31	3,6	401	99	0.337059892181
808	9,6	125,150	10,36	88,118	286	99	1
809	24,47	0,2	24,51	1,3	219	99	1
810	6,6	400,446	4,6	236,402	294	99	1
811	28,51	321,421	23,37	240,392	253	99	1
812	314,375	48,103	173,286	86,109	114	99	0.293994170511
813	268,412	418,545	198,276	312,412	594	99	1
814	69,62	892,1087	56,96	761,1268	620	99	1
815	85,71	2,0	83,108	0,0	117	99	1
816	113,122	81,91	103,94	103,144	168	99	0.555531167709
817	260,322	0,0	245,442	2,3	302	99	1
818	101,121	48,76	43,46	20,55	462	99	1
819	146,207	43,79	76,110	45,105	117	99	0.0706488702947
820	354,514	201,264	254,483	146,268	120	99	1
821	5,10	132,111	8,17	81,113	118	99	1
822	18,27	355,476	11,22	266,351	260	99	1
823	67,106	0,1	53,62	0,0	141	99	1
825	0,3	0,0	1,1	1,0	101	99	1
826	26,51	103,123	28,35	70,84	139	99	1
827	13,18	8,5	7,9	2,8	168	99	1
828	0,4	58,55	12,22	13,24	104	99	2.96869673289e-09
829	31,42	1338,1871	4,29	1147,1829	330	99	1
830	37,49	1338,1871	8,41	1147,1829	416	99	1
831	6,10	0,2	4,16	0,4	185	99	0.856921588406
832	167,177	3,5	169,210	3,1	202	99	1
833	13,39	392,422	55,50	360,424	673	99	1
834	106,148	13,15	120,145	5,5	105	99	1
835	229,245	16,22	180,275	11,14	107	99	1
836	7,7	7,7	13,3	3,0	144	99	0.0188464196865
837	23,21	3176,3502	9,17	2079,3426	102	99	1
838	22,21	0,0	9,17	0,1	102	99	1
839	36,47	50,61	25,51	28,46	110	99	1
840	3,2	3,16	11,20	5,6	117	99	0.00376887292538
841	168,217	85,99	257,420	62,95	113	99	0.170033281354
843	55,56	673,701	52,55	438,643	103	99	1
844	6,9	5,1	12,7	6,26	208	99	0.233016802042
845	31,35	289,372	48,49	345,492	354	99	1
846	192,241	13,22	154,199	15,9	251	99	1
847	211,267	0,2	173,216	0,0	456	99	1
848	40,50	0,2	36,27	0,0	304	99	1
849	69,112	0,0	68,79	1,0	367	99	1
850	29,64	0,0	32,52	1,0	162	99	1
851	67,126	63,111	67,97	64,72	162	99	1
852	91,106	4,17	49,94	23,26	110	99	0.0904372724688
853	16,24	4,17	17,45	23,26	256	99	0.776630236187
854	16,24	91,106	17,45	49,94	245	99	1
855	0,1	31,63	1,1	25,46	132	99	1
856	17,4	2,3	6,8	7,13	119	99	0.0333095282765
858	2,3	12,22	0,1	20,40	110	99	1
859	38,24	137,139	13,32	86,147	117	99	1
860	47,81	95,139	5,15	83,159	104	99	3.147304517e-07
861	6,9	0,0	6,15	1,0	137	99	1
863	121,136	0,0	70,137	1,0	775	99	1
864	95,180	2,2	88,106	1,1	297	99	1
866	192,172	0,0	143,195	6,4	113	99	1
867	42,75	0,1	40,52	0,0	174	99	1
868	15,9	67,43	11,9	15,42	517	99	1
869	0,1	1265,1337	0,0	903,1325	103	99	1
870	6,4	18,37	2,1	10,27	152	99	1
871	259,290	754,946	362,504	277,445	117	99	9.01723140601e-13
872	0,2	723,840	3,0	594,803	103	99	1
873	109,173	102,139	109,162	61,98	220	99	1
874	3,7	664,929	8,25	526,911	103	99	1
875	15,23	150,159	34,43	65,142	104	99	0.0891104008494
876	96,151	2,2	75,106	0,5	118	99	1
878	63,82	4,3	65,62	0,0	143	99	1
879	0,0	163,138	0,1	88,129	174	99	1
880	6,19	39,24	4,25	28,26	561	99	1
881	65,46	92,96	39,37	62,77	135	99	1
882	266,313	8,10	151,250	4,4	134	99	1
883	65,84	8,10	21,48	4,4	199	99	1
884	4,4	205,233	2,4	132,206	164	99	1
885	0,1	0,3	0,1	3,8	105	99	1
886	337,433	27,23	262,532	0,8	146	99	1
887	269,296	216,200	306,461	28,36	111	99	0
888	260,357	4,10	242,345	2,11	297	99	1
889	1064,1242	49,62	720,1017	47,70	181	99	1
890	13,21	19,33	26,30	9,14	144	99	0.00519393995728
891	6,9	36,35	19,17	19,14	312	99	0.0434425799831
892	12,27	7,6	18,27	0,0	120	99	0.00999101712545
893	25,25	173,297	15,44	181,400	217	99	1
894	27,47	5,4	103,157	10,9	245	99	1
896	135,200	8,14	76,144	5,4	474	99	1
897	46,90	8,14	54,64	5,4	505	99	0.3585830203
898	18,31	95,124	22,12	35,87	130	99	1
899	185,208	1,0	76,125	0,0	804	99	1
900	750,999	4,3	767,976	0,2	111	99	1
902	812,997	76,90	441,697	141,183	144	99	0.000477750056375
903	2284,3535	1695,2266	1923,2855	1383,2103	156	99	1
904	4418,7111	1,3	3707,6022	0,2	114	99	1
905	5026,7409	1,0	4028,6737	0,0	117	99	1
906	55,59	50,56	49,83	12,22	125	99	0.000333751357347
907	401,523	57,77	262,362	24,49	247	99	1
908	119,173	7,9	99,166	0,2	191	99	1
909	139,168	150,179	94,142	128,196	789	99	1
910	84,92	15,19	40,52	9,31	583	99	0.36178039388
911	46,70	9,14	35,57	18,14	251	99	0.616217783818
912	71,104	15,31	36,55	12,30	419	99	0.60173553292
914	102,72	3,3	54,89	11,11	138	99	0.368282599901
915	35,35	3,1	28,41	0,1	123	99	1
916	11,4	2390,2972	3,10	1652,2536	120	99	1
917	0,0	2,4	1,3	3,3	116	99	0.253938300538
918	0,2	1,1	0,0	0,3	104	99	1
920	8,4	408,418	0,9	331,442	265	99	1
921	4,7	583,685	5,10	413,666	103	99	1
922	26,26	31,59	14,30	44,44	118	99	1
924	8,10	191,246	6,1	140,204	103	99	1
925	9,11	44,42	6,1	23,60	103	99	0.912416320037
927	12,11	273,282	20,14	151,346	103	99	1
929	8,5	1489,1406	18,28	967,1398	337	99	1
930	6,5	1489,1406	11,21	967,1398	320	99	1
931	44,90	974,1359	59,63	758,984	311	99	1
932	40,105	974,1359	59,70	758,984	565	99	1
933	9,26	13,11	15,29	15,22	353	99	1
934	16,29	15,5	8,10	13,23	103	99	0.0277956189932
935	224,235	6,9	145,240	1,17	1034	99	1
936	44,55	333,352	29,45	271,381	393	99	1
938	133,138	28,19	71,100	23,23	108	99	1
939	7,10	1085,1444	3,15	750,1237	103	99	1
940	35,47	973,1222	21,32	608,988	135	99	1
941	5,2	0,0	1,1	1,0	313	99	1
943	23,41	167,230	66,112	146,231	231	99	0.831487030387
944	2,5	66,110	7,6	80,109	242	99	1
946	182,243	967,1293	99,171	595,1004	566	99	1
947	0,1	0,1	0,1	3,1	117	99	1
948	11,16	1,0	6,5	0,0	150	99	1
949	1,3	18,24	2,0	2,17	434	99	1
950	5,15	107,99	0,15	66,113	300	99	1
951	28,21	451,634	12,31	424,606	274	99	1
952	26,25	182,198	8,14	142,197	383	99	1
953	75,73	0,1	44,86	0,0	341	99	1
954	162,276	0,3	156,210	0,0	505	99	1
955	83,95	206,176	111,157	63,76	105	99	1.58722368582e-09
956	13,15	4,1	15,10	2,1	163	99	1
958	8,2	168,210	2,4	151,188	138	99	1
959	477,583	0,0	398,555	1,1	211	99	1
960	4,1	25,23	1,8	16,26	130	99	1
961	13,40	4,0	26,30	10,0	450	99	1
962	33,26	0,0	16,31	0,2	152	99	1
963	0,0	3595,4211	7,9	3583,5493	139	99	1
964	64,79	3564,4326	149,194	3356,5317	117	99	1
965	53,47	2,5	28,43	0,4	240	99	1
966	267,296	58,90	110,124	130,175	122	99	5.87307980027e-14
967	29,45	24,22	31,37	4,0	103	99	4.16641219372e-05
968	806,1189	7,4	912,1332	0,0	1203	99	1
970	47,28	27,66	26,26	24,29	131	99	1
972	24,17	6,10	18,26	8,18	110	99	1
974	164,223	0,0	142,185	2,0	210	99	1
975	6,11	6,9	7,3	12,7	220	99	0.590673389514
976	21,27	0,0	18,55	1,2	135	99	1
977	26,28	204,314	24,63	182,332	135	99	1
978	825,961	36,53	813,1010	19,20	138	99	1
979	19,15	234,272	24,38	206,351	123	99	1
980	243,346	0,0	256,409	0,1	103	99	1
981	6,15	162,209	3,25	150,204	285	99	1
982	1484,2271	1,0	1207,2042	0,0	284	99	1
983	57,94	28,30	26,27	56,51	111	99	5.82038868657e-07
984	3,4	69,75	2,7	39,79	279	99	1
985	3,4	132,128	2,0	82,154	103	99	1
986	91,124	0,0	50,59	1,1	128	99	1
987	216,358	0,2	200,347	0,0	1458	99	1
988	778,842	16,12	680,1064	1,0	122	99	1
989	165,195	3,1	133,264	1,2	122	99	1
991	22,29	2,0	6,23	0,0	376	99	1
992	2,0	11,19	0,0	2,0	135	99	1
993	222,400	2042,3225	288,527	1882,3097	551	99	1
994	266,486	2042,3225	326,628	1882,3097	656	99	1
995	70,153	21,45	76,164	35,59	204	99	1
996	0,9	4,7	2,1	3,2	132	99	1
997	35,33	324,392	24,37	247,317	160	99	1
998	28,34	460,651	42,41	413,547	311	99	1
999	125,187	145,161	78,129	126,256	270	99	0.900162532928
1000	113,101	28,29	54,78	16,21	159	99	1
1001	2029,2436	128,192	1207,1836	182,268	842	99	0.00827942283021
1002	9,1	17,18	2,4	3,10	121	99	0.777048670553
1003	3638,4866	0,4	3028,4578	0,0	114	99	1
1006	15,9	29,26	5,9	22,35	141	99	1
1007	2,1	148,130	0,0	80,102	105	99	1
1008	84,103	1,13	92,193	2,9	104	99	1
1009	0,0	37,49	2,2	25,39	108	99	1
1010	2,5	44,40	3,9	12,46	124	99	1
1011	14,11	2,2	9,13	1,1	453	99	0.748287702347
1012	1,2	261,376	1,6	181,290	103	99	1
1014	142,129	5,3	127,187	1,5	949	99	1
1015	725,1029	4,10	424,656	0,0	132	99	1
1016	1808,1941	2,0	1142,1903	0,0	1044	99	1
1017	12,10	3,0	4,13	1,2	181	99	0.586057768919
1018	143,270	3,2	156,227	3,10	109	99	1
1020	19,33	60,85	8,8	47,62	166	99	1
1021	4,2	8487,9673	0,6	9557,14080	103	99	1
1022	0,0	1,1	2,2	0,2	103	99	0.0035425653982
1023	51,54	774,972	23,34	704,976	508	99	1
1024	16,15	774,972	8,12	704,976	269	99	1
1025	2,4	39,48	0,0	24,39	117	99	1
1026	0,1	368,435	18,18	253,316	108	99	1
1027	0,2	67,88	6,2	39,59	261	99	1
1029	2,0	5,9	1,0	2,10	115	99	1
1032	18,55	73,97	29,39	70,129	659	99	1
1033	53,79	73,101	42,51	54,123	138	99	1
1034	5,7	93,103	3,6	79,92	412	99	1
1036	6,4	11,10	5,0	14,10	127	99	0.573467256972
1038	8,22	59,49	27,57	104,135	110	99	1
1039	1579,2125	47,61	1524,2389	45,77	123	99	1
1040	13,27	4172,4178	22,26	2808,4481	278	99	1
1041	22,27	7,1	17,33	0,0	337	99	0.0664148059354
1042	40,32	658,618	15,14	364,627	309	99	1
1044	26,51	31,29	31,44	14,26	111	99	0.943316049731
1045	285,538	11,16	276,417	14,25	140	99	1
1046	2536,4026	0,1	2127,3172	0,2	830	99	1
1048	247,711	1,1	366,497	3,0	143	99	1
1049	203,235	32,46	139,162	21,13	117	99	1
1050	8,12	70,81	8,21	20,63	400	99	1
1051	104,124	18,23	123,155	2,2	104	99	0.0501326507615
1052	137,143	4,10	112,222	2,0	155	99	1
1053	0,1	0,0	0,0	0,1	104	99	1
1054	0,5	45,65	2,1	53,94	119	99	1
1055	0,1	136,156	0,2	116,170	102	99	1
1056	20,15	27,21	7,37	14,39	102	99	1
1057	19,25	0,0	10,16	1,0	104	99	1
1058	333,500	9,2	222,399	1,5	322	99	1
1059	9,10	4399,6177	9,4	3701,5128	384	99	1
1061	182,211	10,21	127,185	4,9	216	99	1
1062	6,4	86,71	2,7	51,59	113	99	1
1063	11,10	1,1	9,18	1,2	224	99	1
1064	49,72	91,107	80,139	33,101	505	99	0.160423169543
1065	14,27	0,0	23,45	3,2	200	99	1
1066	9,26	5,17	22,16	14,15	360	99	1
1069	13,12	28,19	5,6	14,28	653	99	1
1071	20,25	7,5	15,28	10,4	248	99	1
1072	158,194	18,17	106,164	14,39	146	99	1
1073	16,15	141,192	8,19	111,160	237	99	1
1074	191,303	7,13	144,200	1,6	342	99	1
1075	65,85	10,8	57,96	0,1	104	99	1
1077	0,5	42,45	0,2	13,23	103	99	1
1079	13724,14911	13984,15129	27326,37731	9503,14269	110	99	1.09816855609e-09
1080	56,70	1,2	19,22	21,47	105	99	2.22044604925e-16
1081	4,8	0,0	0,0	0,3	105	99	1
1082	105,150	21,34	62,96	19,19	252	99	1
1083	8,22	6,11	8,8	7,13	166	99	0.385024362509
1084	16,23	344,435	19,41	234,356	252	99	1
1085	0,0	95,103	1,4	54,89	117	99	1
1086	10,7	2,0	15,27	2,1	126	99	1
1088	482,486	0,0	390,544	0,1	470	99	1
1089	5,2	76,93	0,4	57,97	270	99	1
1090	4,3	146,140	6,13	114,157	276	99	1
1092	1,0	135,176	0,6	87,160	103	99	1
1093	548,740	0,0	429,767	0,3	102	99	1
1094	50,77	1,1	28,80	1,1	128	99	1
1095	8,18	28,55	5,3	24,71	158	99	0.683266980839
1098	74,96	116,139	13,39	94,117	180	99	0.080596688097
1100	7,14	2,2	2,1	0,1	202	99	0.0208601037453
1101	583,593	16,13	317,582	16,8	665	99	1
1102	8,6	1,1	31,42	7,4	272	99	1
1103	8,7	20,18	32,47	18,18	272	99	0.000526599756676
1104	41,61	57,90	79,154	6,15	111	99	0
1105	3,4	53,40	6,22	2,10	111	99	2.12234008146e-10
1106	73,103	82,94	55,66	100,140	115	99	0.159974681421
1107	1,1	91,109	0,1	28,62	106	99	1
1108	130,171	50,80	106,176	20,41	149	99	0.231267489998
1110	14,9	533,727	7,8	403,604	103	99	1
1111	12,17	374,451	14,16	258,424	274	99	1
1112	10,17	656,843	16,14	493,726	274	99	1
1113	11,11	162,229	7,11	146,211	373	99	1
1114	50,54	3,5	44,51	1,9	386	99	1
1115	63,84	25,26	65,94	9,15	170	99	0.192520674202
1116	5,4	5,11	6,1	1,3	136	99	0.564115162486
1117	5,11	0,0	18,45	0,4	282	99	1
1119	6,10	78,142	12,16	97,112	254	99	1
1120	1,0	1,0	0,1	0,0	111	99	1
1121	208,302	0,0	190,300	0,1	171	99	1
1122	3,3	436,439	1,14	269,381	337	99	1
1123	60,79	1,0	44,52	0,0	139	99	1
1124	10,2	7,6	0,13	2,1	290	99	1
1125	20,14	206,220	3,32	119,164	498	99	1
1126	17,18	206,220	5,20	119,164	307	99	1
1127	0,3	4,5	1,0	5,4	219	99	1
1128	15,15	138,166	12,10	66,141	392	99	1
1129	10,9	16,35	10,9	42,46	263	99	1
1130	19,17	138,166	16,14	66,141	272	99	1
1131	24,36	797,1363	12,13	410,705	105	99	1
1132	10,22	429,761	8,10	224,362	103	99	1
1133	10,22	5,5	8,9	2,5	103	99	1
1134	47,84	133,149	39,83	71,95	183	99	1
1135	3,0	9,26	5,5	19,24	127	99	0.933281964501
1136	24,72	169,199	46,79	111,187	241	99	1
1137	61,53	0,2	18,45	12,25	126	99	1.16687381979e-09
1138	78,109	89,88	39,93	81,120	241	99	1
1139	416,459	2,0	397,680	0,0	408	99	1
1140	108,151	0,6	59,105	0,0	175	99	1
1141	0,1	35,19	0,0	25,50	117	99	1
1142	80,110	11,11	57,81	0,0	118	99	0.878077412582
1143	372,570	588,968	261,440	434,745	217	99	1
1145	40,85	23,32	52,53	16,24	263	99	1
1146	59,121	11,30	47,46	21,29	114	99	0.162369675198
1147	386,470	0,5	277,356	6,9	109	99	1
1148	20,33	0,2	28,30	0,11	109	99	1
1149	33,61	71,123	39,73	76,98	156	99	1
1150	14,14	2,6	10,16	5,5	149	99	0.960859587459
1151	76,120	14,15	88,151	11,15	107	99	1
1152	15,30	28,20	30,22	3,21	107	99	0.238370265468
1153	254,270	0,0	233,301	1,0	108	99	1
1154	23,14	3,4	2,9	2,18	129	99	0.000541122128488
1155	51,51	242,229	28,42	139,164	374	99	1
1156	9,5	440,441	1,8	259,455	103	99	1
1157	36,47	379,382	27,71	284,402	273	99	1
1158	2,1	355,385	1,5	285,459	132	99	1
1159	22,32	2,4	5,11	14,14	117	99	1.38270707994e-06
1160	44,56	1,0	17,65	2,1	318	99	1
1161	24,29	1,0	26,69	2,1	300	99	1
1162	32,77	3,2	42,38	0,5	154	99	1
1163	2,14	17,25	8,25	14,16	152	99	0.227468120999
1164	2,2	14,9	4,5	9,25	198	99	1
1166	6,3	273,339	4,3	177,308	243	99	1
1167	11,15	429,604	4,20	266,382	103	99	1
1168	26,10	2,1	9,20	3,1	102	99	1
1169	59,72	110,139	55,81	51,81	111	99	0.177068588726
1170	16,23	103,163	1,17	90,124	282	99	1
1172	118,136	3,0	96,134	1,2	118	99	1
1173	145,159	209,183	81,116	134,210	102	99	1
1175	105,92	5,4	91,121	0,2	146	99	1
1176	33,37	509,582	13,28	453,692	472	99	1
1177	15,30	137,163	37,57	67,100	103	99	0.000795133536718
1178	159,291	728,1165	68,136	1005,1347	116	99	1
1179	89,157	12,21	66,137	2,3	228	99	0.0251920938038
1180	141,240	31,48	108,228	70,72	245	99	0.170147117428
1181	64,104	31,48	44,94	70,72	116	99	0.117569673881
1182	5,3	4,4	0,1	0,4	110	99	1
1184	0,1	289,298	1,0	207,384	101	99	1
1186	102,144	0,1	97,158	2,0	127	99	1
1187	142,205	15,14	128,225	19,28	127	99	1
1188	1563,1618	9,9	984,1626	5,8	378	99	1
1189	32,32	110,135	14,18	68,91	233	99	1
1190	7,3	14,11	1,7	2,24	105	99	1
1191	0,0	31,33	3,0	45,47	165	99	1
1192	4,2	18,12	0,0	13,15	111	99	0.596398534518
1193	4,6	17,10	0,4	13,18	111	99	0.411578711767
1194	5,13	3783,4055	17,21	4079,6160	103	99	1
1195	6531,9227	1,1	5338,7322	0,0	1287	99	1
1196	92,111	329,462	40,47	330,470	182	99	1
1197	18,25	1,1	9,5	8,10	106	99	2.65226609497e-06
1200	105,160	50,62	109,133	58,101	175	99	0.906434019646
1201	5,7	1002,1010	8,7	634,908	299	99	1
1202	48,63	1,5	36,51	4,3	331	99	1
1203	347,368	168,204	205,330	180,261	142	99	0.613515383783
1204	581,576	37,28	346,538	18,33	181	99	1
1205	680,665	5,1	411,646	0,0	196	99	1
1206	402,412	37,28	321,469	18,33	138	99	1
1207	501,501	5,1	386,577	0,0	153	99	1
1208	136,117	5,1	83,141	0,0	114	99	1
1209	2,0	37,43	3,2	19,51	359	99	1
1210	35,43	5,5	24,30	0,1	116	99	1
1212	84,114	34,45	57,120	20,22	143	99	0.89058916364
1213	26,57	100,168	55,88	156,227	328	99	1
1214	1,9	3,7	9,21	4,7	311	99	0.18924839186
1216	0,4	1907,2117	0,0	1338,2166	126	99	1
1217	23,17	120,156	5,12	74,138	236	99	1
1220	58,51	3,0	18,51	0,2	247	99	1
1221	1,2	0,2	2,0	2,1	103	99	0.0467748867013
1222	9,10	398,394	3,11	286,382	102	99	1
1223	5,9	764,1214	8,9	652,1046	159	99	1
1224	388,690	3,0	341,496	0,1	580	99	1
1225	3,0	102,102	3,1	65,76	103	99	1
1226	4,16	73,76	5,15	29,46	126	99	1
1228	240,262	7380,9335	258,350	7300,10167	106	99	1
1230	4,6	5340,6874	2,7	5531,7690	103	99	1
1231	2,0	87,110	0,0	67,114	156	99	1
1232	26,53	0,5	25,45	2,1	175	99	1
1233	4,5	74,97	2,3	51,76	246	99	1
1234	32,60	68,83	98,96	4,7	111	99	0
1235	12,17	73,72	13,21	41,72	103	99	1
1236	430,482	0,3	537,754	0,0	2627	99	1
1237	257,225	471,390	389,504	75,106	111	99	0
1238	97,143	23,16	31,119	68,74	105	99	0.000624740624492
1239	10,30	1,16	19,34	6,10	126	99	1
1240	28,54	0,5	41,67	0,4	1095	99	1
1241	28,57	28,29	47,68	14,13	1131	99	0.259073031275
1242	19,40	0,5	28,43	0,4	1068	99	1
1243	19,43	28,29	34,44	14,13	1104	99	0.78744600551
1244	0,8	28,29	6,5	14,13	135	99	0.667246228271
1245	41,61	0,0	36,57	1,1	262	99	1
1246	216,198	57,75	161,181	47,96	393	99	1
1248	2412,3662	1,0	1704,2656	1,3	324	99	1
1249	1,3	1,3	0,0	1,1	150	99	0.224356065063
1250	51,65	71,69	29,49	94,97	103	99	0.198692170362
1253	2,4	7,5	2,1	4,3	180	99	1
1254	59,82	0,1	48,80	0,0	655	99	1
1255	78,84	10,28	82,124	29,33	206	99	1
1256	86,122	208,243	58,99	197,279	288	99	1
1257	60,53	184,211	49,67	99,126	935	99	1
1258	29,52	0,2	28,33	0,2	245	99	1
1259	11,8	44,62	7,7	26,45	566	99	1
1260	2,4	2,7	1,17	1,8	107	99	0.235068034152
1261	115,154	121,94	73,130	65,103	1250	99	1
1262	2,1	332,271	3,5	222,287	291	99	1
1263	5,8	0,3	2,2	0,0	103	99	1
1264	16,47	551,667	18,18	405,497	342	99	1
1266	1108,1192	108,125	1427,2275	75,78	652	99	0.00724834353266
1269	351,376	1,0	186,325	0,0	270	99	1
1270	222,225	2,3	205,279	0,0	104	99	1
1271	34,56	156,138	87,182	86,144	267	99	0.000178738212302
1272	2,1	681,752	0,9	412,551	278	99	1
1273	295,423	113,170	215,321	151,203	220	99	0.383771178433
1275	17,20	4,9	7,10	7,5	174	99	0.499061046376
1277	110,178	3,5	122,174	6,6	220	99	1
1278	13,5	2,3	0,13	0,0	120	99	1
1279	3,2	3,4	11,8	16,19	103	99	1
1280	49,93	182,196	37,72	103,171	140	99	1
1281	0,1	73,89	0,0	46,110	103	99	1
1282	14,9	164,183	6,21	108,224	302	99	1
1283	41,47	0,0	36,26	1,0	105	99	1
1284	24,22	166,222	19,22	125,147	494	99	1
1285	5,18	13,9	19,29	10,6	317	99	0.18758974283
1286	21,51	223,343	34,78	199,256	692	99	1
1287	29,42	223,343	25,55	199,256	474	99	1
1289	3,3	106,143	1,0	66,99	168	99	1
1290	58,80	21,19	33,72	3,22	122	99	1
1291	9,21	3,0	2,9	0,0	381	99	0.83873699624
1292	20,53	28,48	6,21	9,27	792	99	1
1293	14,32	28,48	4,12	9,27	510	99	1
1294	19,21	1238,1627	53,96	1501,2421	345	99	1
1296	50,54	444,436	43,62	244,449	399	99	1
1297	11,7	0,0	7,15	1,0	329	99	1
1299	153,223	0,0	88,113	8,2	163	99	1
1300	30,34	116,154	39,43	77,101	149	99	1
1301	24,23	0,1	24,21	0,3	149	99	1
1302	401,512	0,1	278,453	0,3	1119	99	1
1303	379,489	2,0	254,432	0,0	1069	99	1
1304	0,2	37,22	0,0	17,17	123	99	1
1306	15,17	58,68	12,11	42,60	148	99	1
1307	2,4	2,5	0,1	2,0	148	99	0.0272164835049
1308	439,500	2,5	250,466	2,0	752	99	1
1309	437,498	0,2	250,465	0,0	703	99	1
1310	113,145	1,0	67,95	0,0	507	99	1
1311	8,3	26,13	3,2	11,13	131	99	1
1312	34,39	8,6	20,23	1,4	278	99	0.693802792451
1313	16,19	58,85	24,16	53,99	163	99	1
1314	387,336	10,5	209,327	1,12	105	99	1
1315	308,391	650,1068	205,313	631,888	102	99	1
1317	10,13	0,0	2,2	2,2	114	99	0.0309915878885
1318	16,19	1,0	11,24	0,0	259	99	1
1319	9,12	8,4	5,8	5,4	121	99	1
1320	26,35	18,17	11,18	9,14	557	99	1
1321	2,1	18,6	0,0	14,19	108	99	1
1322	21,8	2,1	10,14	0,0	126	99	1
1323	27,24	623,841	31,41	405,647	288	99	1
1324	73,115	146,176	39,70	85,167	337	99	1
1325	584,602	91,91	613,916	58,180	123	99	1
1326	9,5	120,137	2,22	93,105	291	99	1
1327	14,21	1,3	29,32	1,2	170	99	1
1328	82,79	1,3	69,114	1,2	351	99	1
1330	86,68	6,9	81,126	3,6	351	99	0.721863490439
1331	13,7	332,433	11,5	274,366	210	99	1
1332	86,100	7,2	75,107	0,1	383	99	0.62875465133
1333	61,38	108,154	34,72	80,96	590	99	1
1334	3,0	0,0	0,4	1,0	281	99	1
1338	350,418	0,2	303,416	1,0	186	99	1
1339	11,11	14,11	3,9	18,20	137	99	0.191123760777
1340	174,228	794,976	98,164	559,1006	364	99	1
1342	52,47	443,443	121,163	210,405	250	99	0.285671395005
1344	1,2	2,1	0,4	0,2	103	99	1
1345	30,46	659,861	22,55	442,809	104	99	1
1348	74,55	92,108	38,44	68,114	143	99	1
1349	0,0	13,11	1,1	13,12	117	99	1
1351	5,8	14,8	1,7	3,9	522	99	1
1352	952,1135	0,1	679,1094	0,0	364	99	1
1353	68,62	0,1	28,37	0,0	367	99	1
1354	12,12	885,1075	7,9	651,1057	102	99	1
1358	9,9	256,250	7,10	205,309	192	99	1
1359	0,0	253,304	2,0	216,300	114	99	1
1360	136,208	1,0	141,162	0,0	108	99	1
1361	1,3	2,2	7,3	4,0	143	99	0.261701447987
1363	52,61	11,10	32,42	11,39	102	99	0.0957812443915
1364	5,2	21,11	0,1	18,9	173	99	1
1365	17,8	51,66	4,3	38,58	114	99	1
1366	56,54	8,3	58,87	2,8	111	99	1
1368	15,10	60,67	3,11	36,64	181	99	1
1369	1,1	0,2	0,5	0,0	162	99	1
1370	27,44	121,163	22,40	70,138	459	99	1
1371	1,0	111,121	1,6	57,94	102	99	1
1373	25,96	0,0	52,93	2,0	231	99	1
1374	6,7	784,982	1,3	612,889	102	99	1
1375	2,1	340,385	5,10	300,428	116	99	1
1376	45,40	102,136	29,22	83,135	116	99	1
1377	178,202	17,5	167,249	3,7	140	99	1
1378	2,16	200,240	7,17	143,212	466	99	1
1381	4,2	135,195	3,0	151,219	138	99	1
1382	0,1	149,204	2,2	142,167	108	99	1
1383	4,1	30,58	2,0	18,31	257	99	1
1384	30,23	20,21	34,58	4,5	123	99	1.61560552491e-05
1386	3,6	141,155	0,3	75,107	180	99	1
1387	15,21	1437,1717	5,24	1244,1642	319	99	1
1388	3,31	40,75	15,24	50,68	324	99	1
1389	350,450	1,0	226,426	0,0	333	99	1
1391	3,1	13,17	0,3	11,25	203	99	1
1392	225,353	556,747	115,250	459,587	1281	99	1
1394	26,14	36,34	21,5	13,41	129	99	1
1395	7,4	0,0	6,5	0,3	105	99	1
1397	234,374	1,0	273,429	0,0	1432	99	1
1398	37,40	2,0	67,82	10,10	945	99	0.0118819137281
1399	1,0	3,1	0,0	3,1	126	99	1
1400	8,11	445,360	15,19	305,493	280	99	1
1401	10,12	445,360	18,20	305,493	253	99	1
1402	7,7	15,15	6,10	3,9	334	99	0.523820245645
1403	18,22	172,159	13,16	111,213	377	99	1
1404	26,30	172,159	10,15	111,213	142	99	1
1405	11,19	4,3	7,6	5,12	142	99	0.0203350736258
1406	229,233	92,101	169,312	94,157	120	99	1
1407	9,10	75,77	6,16	46,53	491	99	1
1410	21,44	298,392	30,39	291,366	452	99	1
1411	54,101	68,98	37,55	11,39	103	99	0.209602527203
1412	53,77	119,203	41,60	181,273	124	99	1
1413	16,10	181,205	15,12	91,162	478	99	1
1414	10,8	25,21	4,5	21,39	279	99	1
1415	20,14	91,82	4,17	61,90	291	99	1
1419	43,93	108,152	55,91	56,95	161	99	0.404240430214
1420	1,5	211,316	2,3	184,286	138	99	1
1421	23,47	151,218	16,36	119,169	255	99	1
1423	27,38	113,126	7,16	91,100	272	99	1
1424	255,345	4,2	151,291	0,0	177	99	1
1425	136,141	57,87	114,208	71,111	111	99	1
1426	24,23	10,24	25,34	3,1	122	99	0.000357202589486
1427	64,75	758,936	205,313	293,528	136	99	0
1428	2,7	718,862	2,5	442,781	126	99	1
1430	8,45	1,0	8,10	0,0	115	99	1
1432	390,429	4,0	336,588	2,6	232	99	1
1433	5,5	163,217	2,7	110,149	298	99	1
1434	0,1	103,70	0,1	65,68	624	99	1
1436	65,66	1,0	46,57	0,0	249	99	1
1437	2,2	217,239	0,0	130,204	135	99	1
1438	1,2	211,274	0,0	103,239	165	99	1
1440	21,31	192,236	24,33	168,221	214	99	1
1441	156,173	0,0	59,103	0,6	102	99	1
1442	14,18	163,208	5,16	162,309	264	99	1
1443	17,38	148,228	7,42	148,298	730	99	1
1444	306,417	1,0	301,551	0,0	218	99	1
1445	442,714	0,0	435,733	1,0	384	99	1
1446	82,92	101,138	45,70	81,120	215	99	1
1447	8,1	21,15	4,6	10,13	172	99	1
1449	47,37	16,6	35,32	0,2	110	99	0.0204155750434
1450	12,19	213,200	2,5	74,153	297	99	1
1451	8,7	2100,2858	4,3	1677,2509	104	99	1
1452	285,351	242,322	341,489	286,410	118	99	1
1454	225,282	0,2	218,352	2,0	150	99	1
1455	0,7	0,0	3,5	7,9	111	99	1
1456	138,132	2,0	133,105	0,0	111	99	1
1457	16,19	441,569	14,9	304,438	318	99	1
1458	1,3	1,4	1,3	0,1	144	99	0.00277429425382
1460	50,56	121,131	30,56	165,183	103	99	1
1461	0,0	9,6	2,4	11,6	109	99	0.303609847156
1462	0,1	6,4	0,1	4,6	144	99	1
1463	591,671	289,408	351,606	251,286	535	99	1
1464	444,473	172,165	294,529	83,121	386	99	1
1465	37,34	3,2	16,42	7,1	174	99	1
1466	3,7	44,42	4,6	36,52	103	99	1
1468	118,92	2543,3090	69,79	2243,2831	101	99	1
1469	7,16	70,121	1,5	42,67	121	99	1
1470	1,1	1,0	1,0	0,0	103	99	1
1471	0,1	3,11	1,1	4,5	101	99	1
1472	74,108	73,113	17,21	56,101	263	99	0.00199047382317
1473	12,29	1,3	12,31	0,2	127	99	1
1474	9,9	9,10	26,45	5,1	142	99	4.13627759496e-05
1476	42,34	1,4	31,20	2,1	237	99	1
1477	31,37	15664,17709	20,16	15027,18677	104	99	1
1478	74,76	15664,17709	25,35	15027,18677	407	99	1
1479	222,222	15664,17709	90,122	15027,18677	939	99	1
1480	261,274	15664,17709	114,154	15027,18677	1334	99	1
1481	73,76	30,37	25,35	20,16	402	99	1
1482	221,222	30,37	90,122	20,16	934	99	1
1483	260,274	30,37	114,154	20,16	1329	99	1
1487	137,147	15826,19360	118,199	14787,20481	103	99	1
1488	137,147	3,1	118,199	5,6	103	99	1
1489	44,49	25,32	28,53	4,15	133	99	0.0776758059446
1490	862,1059	1,0	451,664	0,0	330	99	1
1493	0,0	8,9	1,0	0,6	217	99	1
1496	6,7	4,6	6,12	0,4	123	99	0.0959767231532
1497	0,1	5,7	3,2	4,7	126	99	0.30950736826
1498	35,54	108,141	27,34	69,106	117	99	1
1499	52,67	0,3	40,104	0,2	103	99	1
1500	11,18	176,270	16,8	122,139	304	99	1
1502	3,10	3,4	4,15	6,1	112	99	0.919946743495
1503	12,10	0,2	2,12	1,0	153	99	1
1504	18,15	132,153	20,27	98,128	119	99	1
1505	3698,3544	8,6	2854,4663	4,27	105	99	1
1506	24,44	2316,2120	28,26	1788,2732	427	99	1
1507	9,11	252,291	9,10	227,381	111	99	1
1508	45,68	154,127	41,56	125,181	129	99	1
1509	1461,1640	1,0	1471,2454	0,1	1104	99	1
1510	436,500	10,8	281,409	6,9	136	99	1
1511	345,516	243,317	273,409	165,261	240	99	1
1512	17,33	164,269	14,22	142,198	378	99	1
1513	23,22	1,1	13,26	0,0	141	99	1
1514	280,312	15,18	169,280	2,8	279	99	1
1515	0,2	96,127	6,8	55,94	390	99	1
1516	74,67	2,1	55,93	2,16	136	99	1
1517	53,52	2,1	57,92	2,16	157	99	0.738692452764
1518	13,14	34,29	18,22	16,23	120	99	0.168729339176
1520	7,17	475,608	20,20	341,529	105	99	1
1521	4,6	70,76	4,5	32,52	264	99	1
1522	71,101	19,30	59,82	3,13	113	99	0.379006622645
1523	16,18	163,215	9,11	154,195	103	99	1
1524	16,22	2,5	12,14	2,0	207	99	0.173530482162
1526	28,23	33,31	63,137	63,105	466	99	1
1527	9,7	441,363	11,17	295,435	361	99	1
1528	2,0	1,0	0,3	0,0	125	99	1
1529	143,215	0,0	92,144	1,0	243	99	1
1530	49,49	2968,4148	37,103	2601,4313	103	99	1
1531	1,12	2,3	0,2	2,5	235	99	0.0424347205386
1532	44,69	2,3	39,40	2,5	320	99	1
1533	44,68	1,11	39,38	0,0	184	99	0.55742269939
1534	26,49	3542,4439	36,48	3163,4644	258	99	1
1537	36,60	107,136	32,54	97,126	589	99	1
1538	3,7	267,290	3,7	195,247	103	99	1
1539	101,119	2,3	96,139	7,9	121	99	1
1540	91,135	2478,2698	72,124	1632,2646	285	99	1
1541	278,365	6,8	269,337	4,4	171	99	1
1542	1,5	21,25	2,3	21,44	108	99	1
1543	145,117	0,0	104,198	1,2	322	99	1
1544	0,1	338,379	2,0	194,339	249	99	1
1545	200,156	30,17	107,189	10,2	112	99	1
1547	292,388	0,11	147,204	2,4	123	99	1
1548	16,19	100,119	21,48	35,61	135	99	0.000724256505336
1549	13,23	923,1159	12,29	809,1148	284	99	1
1550	2,3	890,1088	1,4	718,917	437	99	1
1551	5,11	606,603	2,11	325,563	156	99	1
1552	1,5	38,46	11,10	11,21	139	99	0.00483952956128
1553	0,7	0,0	0,2	0,1	104	99	1
1554	246,247	40,64	155,283	33,62	114	99	1
1555	11,16	2,5	6,18	1,1	121	99	0.276264440302
1556	143,165	216,216	57,132	134,236	1073	99	1
1557	7,1	97,97	2,4	62,135	123	99	1
1559	9,10	304,361	7,6	199,282	310	99	1
1560	176,189	610,794	103,180	473,749	746	99	1
1561	185,187	610,794	109,178	473,749	764	99	1
1562	14,14	5,16	7,8	1,10	117	99	1
1564	27,30	3,3	27,63	0,0	122	99	1
1565	0,1	61,69	1,1	54,59	255	99	1
1567	10,25	150,195	65,90	126,147	284	99	0.0679672961547
1568	4,10	59,37	0,5	52,97	103	99	1
1569	219,230	5,0	267,410	7,21	104	99	1
1571	7,2	6,7	2,8	1,5	296	99	0.657495510239
1572	2,4	32,38	4,7	14,23	169	99	1
1573	13,9	55,79	21,10	25,55	124	99	0.735711462195
1574	4,7	162,186	2,5	91,156	239	99	1
1575	18,5	8,11	19,20	1,4	146	99	0.0119291019167
1576	19,4	8,11	33,32	1,4	175	99	0.0012791259949
1577	6,1	5,2	18,13	4,1	128	99	0.0412362672614
1578	26,31	55,59	13,38	41,42	328	99	1
1579	4,7	82,121	1,2	108,101	238	99	1
1580	100,103	11,14	143,210	0,0	104	99	0.869543093362
1581	27,64	134,151	32,34	99,141	283	99	1
1582	102,145	95,110	84,153	59,95	111	99	1
1584	12,15	13,12	7,5	11,22	261	99	0.279316866574
1585	1,2	25,58	0,0	25,25	129	99	1
1586	47,43	204,246	27,38	144,239	171	99	1
1587	314,324	3,9	258,362	2,5	463	99	1
1588	14,6	246,296	2,8	172,238	290	99	1
1589	16,11	257,356	11,8	215,300	329	99	1
1590	928,1323	204,248	837,1224	163,224	203	99	1
1591	1194,1345	28,54	871,1534	34,44	102	99	1
1592	463,672	971,1119	338,471	763,1245	102	99	1
1593	10,14	95,105	0,6	73,133	249	99	1
1594	28,56	173,210	21,37	144,203	228	99	1
1595	6,8	170,229	0,1	141,259	107	99	1
1596	2,0	7,6	0,5	4,5	111	99	0.522790331843
1597	5,5	164,173	5,5	96,162	104	99	1
1598	5,5	1,2	4,2	1,1	104	99	1
1599	118,143	0,1	123,210	0,0	272	99	1
1600	3,6	1,1	5,2	0,0	209	99	0.532613234183
1601	2,5	0,2	2,1	0,4	153	99	0.379890572795
1602	1,3	1,1	3,5	0,0	155	99	0.724935365649
1603	154,187	188,230	182,232	97,151	114	99	0.027674203755
1605	2,3	1,5	1,2	5,3	120	99	0.477022255
1606	101,70	0,0	61,83	0,1	229	99	1
1607	2,6	0,0	0,3	0,3	110	99	1
1608	12,40	153,223	17,22	121,169	313	99	1
1609	10,34	153,223	17,22	121,169	302	99	1
1611	45,50	129,103	32,40	90,129	257	99	1
1612	13,8	3,2	10,22	3,6	183	99	1
1614	0,1	0,0	0,0	0,1	127	99	1
1615	4,1	0,1	1,8	0,0	103	99	1
1616	441,635	3113,3517	542,680	3022,4772	738	99	1
1617	0,4	120,101	2,1	71,92	162	99	1
1618	6,4	50,49	0,7	24,31	245	99	1
1619	138,139	2,3	54,83	0,0	404	99	1
1620	161,217	105,148	98,104	74,117	360	99	1
1621	7,19	57,72	4,10	29,65	267	99	1
1622	5,16	57,72	4,8	29,65	271	99	1
1625	21,26	223,176	10,25	135,205	117	99	1
1626	78,131	4,7	119,172	6,6	539	99	1
1627	5,11	66,79	15,14	30,58	258	99	1
1628	13,10	2,9	6,13	0,1	382	99	0.000864585267737
1629	24,38	159,192	15,28	107,112	208	99	1
1630	4,7	2,0	18,12	0,0	174	99	1
1631	88,104	74,80	79,139	92,142	164	99	1
1632	108,139	2,0	136,223	0,0	132	99	1
1633	122,163	2,0	123,220	0,0	197	99	1
1634	114,133	4,7	65,119	1,7	162	99	1
1635	11,17	114,137	17,26	105,162	347	99	1
1636	69,104	42,74	29,52	37,42	103	99	0.971052094464
1637	17,20	1,0	4,18	1,0	217	99	1
1638	2,1	253,392	5,2	246,305	117	99	1
1639	3,5	141,255	3,4	164,219	159	99	1
1640	120,155	1,2	83,110	6,7	219	99	1
1641	782,825	20,28	679,1070	19,16	385	99	1
1645	11,20	0,0	10,15	1,2	243	99	0.441258586553
1647	25,27	18,35	14,34	7,11	102	99	0.119757769578
1648	13,18	333,400	3,13	299,374	238	99	1
1649	14,24	2,0	9,6	3,4	105	99	0.0392543012199
1650	9,4	1,0	3,6	0,2	288	99	1
1651	16,16	23,46	18,9	26,30	234	99	1
1652	22,20	19,11	21,12	18,13	265	99	1
1653	29,50	19,11	29,33	18,13	130	99	1
1654	7,20	164,263	21,11	207,264	102	99	1
1655	7,7	1,2	0,0	1,0	103	99	1
1656	9,4	9,4	1,0	9,13	103	99	3.39848448742e-05
1657	0,0	44,35	1,2	31,36	138	99	1
1659	103,99	146,198	58,126	121,171	194	99	1
1660	348,348	146,198	216,312	121,171	487	99	1
1661	336,331	91,82	202,295	44,109	392	99	1
1662	2,4	282,313	2,9	177,286	144	99	1
1663	4,2	45,60	14,13	18,39	131	99	0.0124622962019
1664	173,176	12,12	92,108	20,23	123	99	0.341109498305
1665	14,18	1,2	1,18	0,0	123	99	1
1666	40,73	1,0	42,47	1,0	108	99	1
1668	98,72	0,2	45,74	0,0	141	99	1
1670	25,43	2,0	27,32	0,0	229	99	1
1671	759,819	2,0	435,855	0,0	108	99	1
1672	10,5	6645,7146	1,12	5213,7120	103	99	1
1673	80,140	55,71	49,106	48,55	228	99	1
1674	228,267	42,56	161,291	8,10	168	99	0.00134559583843
1676	11,11	449,442	6,22	284,458	373	99	1
1677	1852,3453	0,1	959,1449	0,0	171	99	1
1678	21,19	924,1117	4,9	726,979	104	99	1
1679	303,373	0,0	248,253	0,2	156	99	1
1681	1,0	123,166	0,0	99,186	103	99	1
1682	208,256	4,7	209,247	4,13	102	99	1
1683	2,2	88,105	0,8	49,92	103	99	1
1684	8,10	70,88	3,4	71,53	255	99	1
1686	20,37	4,0	23,41	2,3	224	99	1
1687	138,124	23,21	96,159	13,30	459	99	1
1688	65,100	1,0	58,84	0,2	256	99	1
1689	7,8	120,127	10,15	82,119	412	99	1
1692	3,5	398,460	0,0	291,395	287	99	1
1693	365,392	376,354	203,374	273,431	858	99	1
1694	12,20	63,58	7,13	56,97	120	99	1
1695	84,153	1516,2029	74,92	1188,1630	292	99	1
1696	29,34	318,340	29,31	200,269	381	99	1
1697	1089,1240	0,4	750,1179	0,1	673	99	1
1698	91,128	4,6	98,134	0,4	120	99	1
1699	30,37	28,16	16,11	0,5	112	99	0.0828206019996
1700	16,19	2501,2736	9,21	1699,2573	103	99	1
1701	18,24	152,227	5,24	83,147	360	99	1
1702	1,7	4,0	1,8	0,0	153	99	0.460779041139
1703	38,60	4,0	37,63	0,0	451	99	1
1704	38,60	1,7	37,61	1,6	397	99	1
1705	164,211	0,2	124,178	7,2	248	99	1
1706	33,24	906,1041	22,18	644,981	159	99	1
1707	30,30	52,48	12,30	39,45	460	99	1
1708	6,10	159,219	7,3	175,230	193	99	1
1709	331,361	23,18	203,373	5,16	655	99	0.973064343539
1710	19,36	3,0	20,27	3,3	256	99	0.701980414338
1712	1,2	1,0	3,1	0,0	104	99	1
1713	11,9	16,22	12,11	15,30	104	99	1
1714	2,3	26,24	2,10	17,25	131	99	1
1715	242,316	2,1	234,467	9,1	228	99	1
1716	100,129	3,8	90,122	4,6	295	99	1
1719	7,2	11,9	1,6	39,31	103	99	0.285999230335
1720	11,18	4,6	4,3	5,17	115	99	0.00187778542717
1721	39,46	7,10	26,42	10,14	459	99	0.599705995964
1722	10,13	7,10	8,9	10,14	143	99	0.549273468958
1723	28,44	1438,1624	38,66	1189,1738	485	99	1
1724	117,89	158,156	79,158	153,230	103	99	1
1725	5,10	100,147	9,6	106,142	257	99	1
1726	2,1	119,89	2,1	53,93	103	99	1
1727	408,431	15,24	377,501	40,42	101	99	1
1728	871,1182	20,25	810,1277	15,31	200	99	1
1729	35,45	20,30	8,16	35,43	134	99	2.9479133941e-05
1730	0,5	106,155	2,1	81,105	108	99	1
1731	8,10	10,11	34,25	11,18	136	99	0.238965756517
1732	19,34	41,56	12,28	24,40	192	99	1
1734	3,0	375,509	0,1	299,539	103	99	1
1737	5,4	55,86	10,16	40,72	548	99	1
1738	81,100	35,47	42,50	32,31	271	99	0.979718586486
1739	93,145	765,1096	27,50	445,672	121	99	1
1740	152,180	163,199	72,155	101,168	362	99	1
1741	446,610	16,17	368,593	5,9	781	99	1
1742	54,47	300,180	12,30	148,224	1434	99	1
1743	225,259	0,5	209,299	1,0	123	99	1
1744	8,19	36,71	10,7	59,88	174	99	1
1745	36,47	259,354	14,17	246,327	126	99	1
1746	26,49	292,365	25,20	333,528	161	99	1
1747	39,27	5,12	16,21	0,2	114	99	0.0770448984942
1748	3,3	3,0	4,7	0,0	114	99	1
1749	1,0	101,131	0,0	65,136	120	99	1
1753	922,1128	32,23	743,1142	12,25	2238	99	1
1754	21,52	6,17	31,26	10,9	299	99	1
1755	92,112	4,2	122,253	2,3	332	99	1
1756	136,175	0,4	109,218	1,4	211	99	1
1757	362,460	1,9	229,344	2,1	197	99	1
1759	27,30	71,91	43,94	68,73	183	99	0.134013750418
1760	200,299	0,0	162,217	0,2	241	99	1
1761	13,31	109,201	3,19	85,134	168	99	1
1762	592,511	1,0	389,622	0,0	263	99	1
1764	159,183	22,11	138,198	4,2	105	99	1
1765	21,44	0,0	10,48	0,3	103	99	1
1766	415,510	1,3	385,520	3,1	102	99	1
1767	152,148	156,141	57,108	130,177	134	99	0.197221371122
1768	6,9	5,14	0,0	6,13	104	99	4.03355162012e-05
1769	1,1	27,22	0,5	8,14	104	99	1
1771	9,13	522,613	7,8	449,657	102	99	1
1772	6,1	154,112	0,3	75,114	105	99	1
1773	173,233	404,611	117,129	354,529	238	99	1
1774	19,20	49,84	27,57	41,55	208	99	0.0997717312042
1775	15,19	89,116	18,27	101,99	403	99	1
1776	0,0	587,739	6,2	387,650	103	99	1
1777	4,0	574,597	3,7	431,609	287	99	1
1778	42,58	0,0	60,71	2,0	116	99	1
1779	82,84	3,16	37,61	2,3	102	99	1
1781	47,77	2,0	49,67	0,0	111	99	1
1782	0,0	263,294	0,1	151,221	111	99	1
1783	2,6	158,213	0,6	98,183	120	99	1
1784	14,24	653,936	47,59	505,575	123	99	1
1786	26,50	2,4	21,33	1,0	353	99	0.232766355065
1790	299,262	3,4	225,290	2,3	231	99	1
1791	4,4	120,127	0,0	73,86	153	99	1
1792	385,451	108,151	42,31	345,523	105	99	0
1793	172,302	1,0	168,240	0,0	107	99	1
1794	1,1	165,140	2,2	86,98	171	99	1
1795	268,307	0,0	158,280	2,0	279	99	1
1798	85,84	0,0	30,53	0,6	273	99	1
1799	118,115	0,0	66,95	0,1	560	99	1
1800	1,1	17,23	5,0	15,20	318	99	1
1801	1,0	94,25	2,0	35,70	313	99	1
1802	356,469	0,2	510,884	0,0	960	99	1
1803	2,5	82,84	9,11	44,63	111	99	0.836085821255
1804	438,580	7,8	460,888	3,1	111	99	1
1805	2,1	25,50	2,0	41,68	133	99	1
1806	34,54	0,0	37,56	0,2	223	99	1
1807	913,1385	0,1	548,865	0,0	253	99	1
1808	11,16	175,182	10,16	104,163	315	99	1
1809	2,1	0,0	1,0	0,3	105	99	0.0234102507505
1811	136,137	0,0	81,136	1,0	291	99	1
1812	10,17	159,148	4,4	109,95	172	99	1
1813	360,435	859,1055	184,331	522,875	554	99	1
1814	57,61	38,50	53,52	29,42	111	99	1
1815	5,5	11,4	1,6	2,10	103	99	1
1816	5,8	12,25	4,7	12,25	101	99	1
1819	18,28	196,223	4,12	119,178	110	99	1
1820	5,11	44,70	13,18	36,77	123	99	1
1821	99,135	0,2	91,159	2,0	246	99	1
1822	19,30	92,126	27,56	87,155	270	99	1
1823	591,816	35,49	397,541	42,35	394	99	1
1824	1331,1802	145,178	1331,2025	18,52	178	99	0.0850444322912
1825	81,124	201,285	69,124	157,281	1152	99	1
1826	2,7	0,0	2,5	1,0	262	99	1
1827	3120,4078	0,2	1942,3040	0,0	908	99	1
1828	12,18	126,109	4,4	99,121	426	99	1
1829	12,17	6,14	4,4	3,0	426	99	0.592391174898
1830	12,12	3843,4799	15,49	4105,5604	102	99	1
1831	0,0	0,2	0,1	0,2	128	99	1
1832	279,369	14,18	245,346	10,5	132	99	1
1833	121,146	45,35	91,128	28,35	209	99	1
1834	89,93	158,173	13,15	146,227	105	99	5.59134072375e-10
1835	65,90	37,45	57,83	41,38	632	99	1
1836	31,15	89,82	15,22	52,74	822	99	1
1837	42,47	145,192	64,73	88,136	161	99	0.249641014905
1838	11,10	335,351	16,14	292,385	263	99	1
1839	1,0	2,0	0,1	0,0	150	99	1
1840	111,162	24,10	87,138	11,14	187	99	1
1841	19,29	113,133	9,15	61,98	257	99	1
1842	63,80	207,219	57,89	107,144	111	99	0.760565622177
1843	4103,4760	8,12	4682,6884	11,8	102	99	1
1844	55,47	8,10	32,69	7,8	263	99	1
1845	4,5	77,84	5,16	47,59	154	99	1
1846	8,0	5,6	2,3	5,10	309	99	1
1847	44,43	100,92	40,55	152,275	346	99	1
1848	4,14	0,8	10,37	1,0	269	99	0.174075952988
1849	12,36	0,8	53,98	0,0	436	99	0.190457253294
1850	35,54	45,78	28,70	105,154	156	99	0.54109017531
1851	14,23	786,1037	14,31	642,1097	401	99	1
1852	1,0	58,33	0,1	30,39	127	99	1
1853	192,154	13,6	116,170	12,16	625	99	0.644064406338
1854	0,2	20,15	3,5	5,14	277	99	1
1855	94,98	4,1	42,59	3,1	167	99	1
1859	46,58	35,39	29,50	38,101	126	99	0.0501771855833
1861	2,1	1,0	0,1	0,0	103	99	1
1862	34,23	0,0	17,25	0,1	141	99	1
1863	55,98	524,785	35,65	475,684	553	99	1
1865	8,5	6,3	6,22	8,2	116	99	0.72763556409
1866	33,32	550,793	24,71	462,614	346	99	1
1867	31,30	550,793	26,51	462,614	329	99	1
1868	796,857	0,1	528,886	0,0	117	99	1
1869	20,34	59,90	46,89	64,69	199	99	0.0854975037974
1870	21,71	3,1	33,32	0,0	111	99	1
1871	7,12	13,15	18,5	3,11	197	99	0.597451278507
1872	23,51	0,0	11,25	0,2	329	99	1
1873	359,467	13,7	340,618	3,8	105	99	1
1874	0,1	49,58	0,3	24,38	105	99	1
1879	33,56	2,5	22,35	1,1	460	99	0.546319713413
1880	32,61	0,4	22,34	1,0	217	99	1
1881	30,52	14,19	12,6	19,29	127	99	0.000102506051034
1883	72,96	64,91	28,60	45,87	591	99	1
1884	7,3	1,4	1,13	1,2	150	99	0.545953002119
1885	2244,3527	861,1145	2446,3132	490,731	530	99	0.522897373828
1886	895,865	1,1	417,580	0,4	120	99	1
1887	322,334	4,4	171,266	1,2	120	99	1
1888	341,348	3,6	194,295	4,6	120	99	1
1889	273,282	6,4	145,220	6,0	120	99	1
1890	324,335	6,4	177,271	6,0	141	99	1
1891	291,293	6,4	152,238	6,0	183	99	1
1892	54,56	3,3	32,51	0,0	120	99	1
1893	21,14	3,3	7,18	0,0	162	99	0.423670223641
1894	13,10	38,45	4,8	26,34	141	99	1
1895	569,528	0,0	268,457	0,1	183	99	1
1896	271,279	0,0	146,220	0,2	120	99	1
1897	766,776	0,0	364,561	0,2	162	99	1
1898	496,497	1,0	219,341	1,0	141	99	1
1899	2,3	1,6	1,3	1,1	118	99	0.24240568516
1901	458,633	10,9	432,821	2,3	1628	99	0.153418172204
1904	2,0	4,1	0,1	0,0	127	99	1
1905	0,0	4,1	0,3	0,0	121	99	1
1906	2,2	259,311	3,1	189,272	177	99	1
1908	41,56	257,307	71,127	161,236	110	99	0.00748267252898
1910	138,163	127,129	62,131	75,108	126	99	1
1911	3,1	14,11	1,2	5,12	261	99	1
1913	1,0	51,38	0,0	23,36	117	99	1
1915	1,0	370,447	0,1	315,458	105	99	1
1916	4,4	134,157	7,9	128,185	101	99	1
1918	41,50	67,89	19,22	132,271	110	99	3.08618684852e-06
1919	3,5	19,30	1,8	24,28	103	99	1
1920	43,50	17,17	40,28	3,16	103	99	1
1921	32,43	113,105	17,38	93,114	111	99	1
1922	4,8	113,105	1,10	93,114	123	99	1
1924	30,41	66,98	38,63	69,90	136	99	1
1925	173,194	6,5	75,178	3,17	110	99	1
