IncLevel1	IncLevel2	IncLevelDifference
0.485,0.271	0.214,0.113	0.214
1.0,0.907	1.0,1.0	-0.046
0.045,0.059	0.025,0.022	0.028
0.925,0.922	0.917,0.928	0.001
0.96,0.945	0.932,0.961	0.006
1.0,0.986	1.0,1.0	-0.007
1.0,1.0	1.0,0.949	0.026
0.984,1.0	0.982,1.0	0.001
0.976,1.0	1.0,1.0	-0.012
0.325,0.529	0.804,0.795	-0.373
1.0,0.999	0.997,1.0	0.001
0.869,0.733	0.73,1.0	-0.064
0.948,0.959	1.0,1.0	-0.046
0.081,0.061	0.1,0.12	-0.039
0.004,0.001	0.045,0.033	-0.036
0.994,0.997	1.0,0.992	-0.0
0.993,0.987	0.998,0.992	-0.005
0.217,0.134	0.063,0.057	0.115
0.755,0.955	0.735,0.625	0.175
0.986,0.961	0.967,1.0	-0.01
0.965,0.989	0.98,0.982	-0.004
0.308,1.0	1.0,1.0	-0.346
0.739,1.0	1.0,1.0	-0.131
0.859,0.861	0.817,0.793	0.055
0.604,0.054	0.344,1.0	-0.343
0.185,0.243	0.158,0.196	0.037
0.142,0.037	0.196,0.311	-0.164
0.739,0.538	0.426,0.438	0.207
0.165,0.113	0.235,0.243	-0.1
0.084,0.101	0.299,0.277	-0.196
0.024,0.011	0.023,0.031	-0.009
0.555,0.381	0.371,0.353	0.106
0.991,1.0	1.0,1.0	-0.004
0.93,0.966	0.94,0.934	0.011
0.123,0.105	0.096,0.094	0.019
0.966,0.972	0.965,1.0	-0.013
0.538,0.591	0.675,0.192	0.131
0.119,0.092	0.13,0.096	-0.008
0.887,0.952	0.833,0.926	0.04
0.154,0.102	0.0,0.0	0.128
0.168,0.165	0.199,0.224	-0.045
0.024,0.0	0.041,0.0	-0.009
0.253,0.361	0.297,0.071	0.123
0.886,0.932	0.718,0.814	0.143
0.826,0.874	0.607,0.665	0.214
0.127,0.064	0.111,0.036	0.022
0.983,1.0	1.0,1.0	-0.008
0.444,0.485	0.6,0.341	-0.006
1.0,0.905	1.0,1.0	-0.047
1.0,1.0	0.204,1.0	0.398
0.897,1.0	1.0,1.0	-0.051
0.112,0.069	0.493,0.28	-0.296
0.0,0.0	0.021,0.0	-0.011
0.39,0.623	0.643,0.473	-0.052
1.0,1.0	0.999,0.995	0.003
1.0,0.445	1.0,0.616	-0.086
0.403,0.389	0.345,0.265	0.091
0.981,0.967	0.968,0.962	0.009
0.854,0.836	0.886,0.952	-0.074
0.9,0.908	0.903,0.881	0.012
0.116,0.478	0.786,1.0	-0.596
0.407,0.234	NA,0.478	-0.157
0.892,0.911	0.686,1.0	0.058
0.711,0.902	1.0,1.0	-0.194
0.705,0.582	0.675,0.548	0.032
1.0,1.0	0.917,0.944	0.07
0.832,0.736	0.884,0.723	-0.019
0.932,0.96	0.771,0.889	0.116
0.152,0.139	0.297,0.217	-0.111
0.042,0.014	0.128,0.075	-0.074
0.77,0.725	0.773,0.764	-0.021
0.742,0.739	0.817,0.764	-0.05
0.871,0.791	0.835,0.779	0.024
0.005,0.008	0.015,0.067	-0.035
0.22,0.529	0.75,1.0	-0.5
0.032,0.044	0.061,0.058	-0.021
0.1,0.104	0.079,0.22	-0.047
0.999,1.0	1.0,1.0	-0.0
0.118,0.133	0.118,0.099	0.017
0.654,0.777	0.968,0.698	-0.117
0.084,0.085	0.026,0.0	0.072
0.358,0.344	0.541,0.614	-0.227
1.0,0.98	0.98,0.968	0.016
0.003,0.006	0.009,0.009	-0.004
0.976,0.968	0.984,0.958	0.001
1.0,1.0	0.994,1.0	0.003
0.985,0.943	1.0,0.971	-0.022
0.018,0.023	0.019,0.013	0.004
0.912,0.752	0.303,1.0	0.181
0.301,0.097	0.0,0.0	0.199
0.966,0.978	0.983,1.0	-0.02
0.602,0.108	0.139,0.0	0.285
1.0,1.0	1.0,0.526	0.237
0.0,0.0	1.0,0.0	-0.5
0.726,0.663	0.333,0.786	0.135
0.963,0.97	0.961,1.0	-0.014
0.904,0.883	1.0,1.0	-0.107
0.841,1.0	1.0,1.0	-0.08
0.978,1.0	1.0,0.964	0.007
0.112,0.072	0.136,0.0	0.024
0.011,0.013	0.016,0.016	-0.004
0.984,0.99	0.983,0.99	0.001
0.962,0.936	1.0,1.0	-0.051
0.107,0.214	0.042,0.166	0.056
0.214,0.319	0.193,0.361	-0.011
0.603,0.555	0.433,0.552	0.086
0.435,0.362	0.419,0.349	0.014
1.0,1.0	0.695,0.904	0.201
0.016,0.022	0.01,0.009	0.009
0.754,0.828	0.829,0.618	0.067
0.052,0.075	0.073,0.059	-0.003
0.882,1.0	1.0,1.0	-0.059
0.624,0.583	0.568,0.543	0.048
0.008,0.027	0.002,0.004	0.015
0.0,0.0	0.063,0.0	-0.032
NA,0.0	1.0,NA	-1.0
0.999,0.999	1.0,1.0	-0.001
0.031,0.0	0.0,0.229	-0.099
0.081,0.121	0.085,0.087	0.015
0.948,0.907	0.965,0.829	0.03
0.034,0.013	0.011,0.019	0.009
0.732,0.693	0.727,0.637	0.03
0.998,0.998	0.999,0.999	-0.001
0.837,0.91	0.959,0.858	-0.035
1.0,0.936	1.0,0.733	0.101
0.457,0.481	0.296,0.649	-0.004
1.0,0.877	1.0,1.0	-0.061
0.478,0.575	0.619,0.55	-0.058
0.106,0.119	0.031,0.049	0.072
0.058,0.039	0.0,0.106	-0.004
0.0,0.052	0.0,0.0	0.026
0.718,0.644	0.465,0.598	0.15
1.0,1.0	0.957,1.0	0.022
0.085,0.118	0.046,0.103	0.027
0.932,0.913	0.889,0.826	0.065
0.945,0.92	0.929,0.957	-0.011
0.184,0.28	0.129,0.09	0.123
0.152,0.171	0.108,0.102	0.057
0.025,0.033	0.023,0.012	0.011
0.981,1.0	1.0,0.882	0.049
0.76,0.869	0.768,0.794	0.033
0.906,0.946	0.977,0.853	0.011
0.111,0.043	0.052,0.023	0.04
0.955,0.977	1.0,0.874	0.029
1.0,0.989	0.948,1.0	0.02
0.959,0.95	0.871,0.965	0.036
0.45,1.0	0.786,0.0	0.332
0.976,0.99	0.988,0.981	-0.001
0.831,0.812	0.768,0.818	0.029
1.0,0.995	1.0,1.0	-0.002
0.128,0.139	0.384,0.272	-0.195
1.0,0.274	0.653,1.0	-0.19
0.607,0.607	0.537,0.537	0.07
0.996,1.0	1.0,0.986	0.005
0.057,0.007	0.028,0.092	-0.028
0.222,0.455	0.318,0.421	-0.031
0.086,0.061	0.077,0.08	-0.005
0.93,0.931	0.916,0.897	0.024
0.625,0.704	0.778,0.589	-0.019
0.027,0.12	0.091,0.035	0.01
0.085,0.102	0.099,0.11	-0.011
0.647,0.588	0.748,0.775	-0.144
1.0,1.0	0.954,1.0	0.023
1.0,1.0	0.96,1.0	0.02
0.825,0.767	0.767,0.868	-0.021
0.004,0.001	0.006,0.007	-0.004
0.539,0.2	0.422,NA	-0.052
0.212,0.166	0.163,0.0	0.107
0.021,0.034	0.018,0.008	0.015
0.355,0.553	0.623,0.452	-0.083
0.44,0.456	0.342,0.244	0.155
0.952,0.965	0.961,0.978	-0.011
0.112,0.114	0.208,0.224	-0.103
0.018,0.011	0.026,0.018	-0.007
0.84,0.93	1.0,0.826	-0.028
0.66,0.593	0.526,1.0	-0.136
0.022,0.016	0.004,0.018	0.008
0.248,0.147	0.212,0.296	-0.056
0.489,0.507	0.473,0.396	0.064
0.929,1.0	1.0,1.0	-0.035
0.031,0.04	0.032,0.058	-0.009
0.029,0.023	0.063,0.049	-0.03
0.18,0.156	0.393,0.0	-0.029
0.149,0.151	0.046,0.13	0.062
0.26,0.27	0.254,0.226	0.025
1.0,0.947	0.948,1.0	-0.0
0.855,0.678	0.821,0.689	0.012
0.297,0.301	0.218,0.135	0.122
NA,1.0	0.0,NA	1.0
1.0,1.0	0.896,1.0	0.052
0.648,0.72	0.622,0.578	0.084
1.0,0.942	1.0,1.0	-0.029
0.501,0.722	1.0,0.539	-0.158
0.627,0.819	1.0,0.481	-0.017
0.765,0.84	0.652,0.429	0.262
0.0,0.023	0.0,0.0	0.011
1.0,1.0	0.886,1.0	0.057
0.979,0.979	0.97,0.978	0.005
0.642,0.638	0.56,0.64	0.04
0.005,0.006	0.004,0.005	0.001
0.009,0.128	0.023,0.025	0.045
0.525,0.15	0.414,0.639	-0.189
0.884,0.964	0.81,0.938	0.05
1.0,0.0	1.0,1.0	-0.5
0.678,0.577	0.61,0.465	0.09
0.809,0.903	0.297,0.835	0.29
0.959,0.979	0.877,0.914	0.074
1.0,0.921	0.942,1.0	-0.01
0.92,0.949	0.944,0.954	-0.014
0.137,0.112	0.135,0.255	-0.071
0.019,0.023	0.006,0.017	0.009
1.0,0.978	1.0,1.0	-0.011
0.211,0.237	0.182,0.21	0.028
NA,0.0	NA,1.0	-1.0
0.891,0.924	0.897,0.92	-0.001
0.852,0.715	0.811,0.775	-0.01
0.466,0.544	0.628,0.59	-0.104
0.956,0.964	0.925,0.969	0.013
0.848,0.911	0.872,0.977	-0.045
0.616,0.784	0.728,0.958	-0.143
0.049,0.132	0.133,0.182	-0.067
0.018,0.036	0.0,0.0	0.027
0.915,0.915	1.0,0.881	-0.025
1.0,0.69	1.0,1.0	-0.155
0.0,0.327	NA,1.0	-0.837
1.0,0.993	0.99,1.0	0.001
0.182,0.172	0.378,0.416	-0.22
0.696,0.686	0.722,0.846	-0.093
0.562,0.314	0.733,0.208	-0.032
0.911,0.949	0.945,0.9	0.007
0.577,0.593	0.639,0.583	-0.026
0.723,0.864	0.626,0.751	0.105
0.041,0.093	0.163,0.043	-0.036
0.859,0.9	0.854,0.73	0.087
1.0,1.0	1.0,0.994	0.003
0.89,1.0	1.0,0.651	0.12
0.095,0.154	0.127,0.149	-0.014
0.248,0.174	0.264,0.17	-0.006
0.039,0.024	0.062,0.106	-0.052
0.864,0.746	0.889,0.918	-0.099
0.726,0.846	0.846,0.561	0.083
0.236,0.308	0.341,0.296	-0.046
0.232,0.303	0.335,0.296	-0.048
0.013,0.015	0.012,0.014	0.001
0.927,0.983	0.957,1.0	-0.023
0.787,0.744	0.538,1.0	-0.003
0.0,0.0	1.0,1.0	-1.0
0.936,1.0	1.0,1.0	-0.032
0.449,0.421	0.427,0.411	0.016
0.431,0.414	0.307,0.469	0.034
1.0,1.0	0.679,1.0	0.16
1.0,1.0	0.811,1.0	0.095
0.95,0.987	0.972,0.944	0.01
0.267,0.272	0.383,0.597	-0.22
0.453,0.442	0.588,0.604	-0.148
1.0,1.0	1.0,0.985	0.008
0.211,0.228	0.254,0.246	-0.03
0.024,0.031	0.021,0.022	0.006
0.006,0.025	0.0,0.0	0.015
0.009,0.013	0.085,0.077	-0.07
0.916,0.86	0.688,0.239	0.425
0.09,0.041	0.107,0.036	-0.006
0.961,0.972	0.986,0.981	-0.017
0.033,0.033	0.037,0.032	-0.002
0.985,1.0	1.0,1.0	-0.008
0.641,0.824	0.629,0.829	0.003
0.982,0.983	1.0,1.0	-0.018
0.983,0.985	1.0,1.0	-0.016
1.0,0.803	1.0,1.0	-0.099
0.858,0.839	0.906,1.0	-0.105
0.718,0.744	0.87,0.897	-0.152
0.964,0.909	1.0,1.0	-0.064
0.045,0.043	0.068,0.074	-0.027
0.405,0.232	0.211,0.424	0.001
0.514,0.623	0.552,0.33	0.127
0.04,0.156	0.091,0.21	-0.052
1.0,0.959	1.0,1.0	-0.02
0.832,0.63	0.906,0.815	-0.13
0.334,0.135	0.239,0.439	-0.104
0.0,0.077	0.0,0.0	0.038
0.517,0.724	0.724,0.625	-0.054
0.906,0.974	0.938,0.965	-0.012
0.951,0.97	0.966,0.954	0.0
0.718,0.781	0.786,0.792	-0.039
0.801,0.763	0.838,0.564	0.081
0.006,0.003	0.005,0.005	-0.0
0.004,0.002	0.003,0.005	-0.001
0.745,0.375	0.47,0.444	0.103
0.451,0.563	0.641,0.523	-0.075
1.0,0.991	1.0,1.0	-0.004
0.993,0.97	0.989,1.0	-0.013
0.579,0.66	0.621,0.641	-0.012
0.029,0.033	0.045,0.019	-0.001
0.0,0.146	0.548,0.393	-0.398
0.0,0.0	0.001,0.0	-0.001
0.306,0.421	0.377,0.476	-0.063
0.985,0.954	0.957,0.985	-0.001
0.573,0.5	0.708,0.583	-0.109
0.47,0.316	0.565,0.461	-0.12
0.001,0.001	0.0,0.002	0.0
0.848,0.799	0.96,0.941	-0.127
0.027,0.045	0.054,0.022	-0.002
0.997,0.997	0.988,1.0	0.003
0.51,0.387	0.363,0.561	-0.014
0.666,0.731	0.733,1.0	-0.168
0.667,0.785	0.796,1.0	-0.172
0.004,0.005	0.021,0.0	-0.006
1.0,0.953	1.0,NA	-0.024
0.365,0.467	0.445,0.351	0.018
0.971,0.988	0.967,1.0	-0.004
0.01,0.014	0.01,0.015	-0.001
0.089,0.0	0.128,0.0	-0.02
0.437,0.66	0.421,0.368	0.154
0.11,0.119	0.164,0.243	-0.089
0.745,0.729	0.702,0.768	0.002
0.985,0.99	0.974,0.97	0.016
0.995,0.993	1.0,1.0	-0.006
0.994,1.0	1.0,1.0	-0.003
0.079,0.065	0.107,0.099	-0.031
0.758,1.0	1.0,1.0	-0.121
0.952,0.96	1.0,1.0	-0.044
0.816,0.823	0.85,0.844	-0.028
0.814,0.828	0.779,0.681	0.091
0.909,0.897	0.92,0.958	-0.036
0.994,0.933	0.988,0.927	0.006
0.055,0.073	0.051,0.087	-0.005
0.904,0.929	1.0,1.0	-0.083
0.026,0.02	0.012,0.009	0.013
0.007,0.003	0.004,0.0	0.003
0.005,0.013	0.013,0.023	-0.009
0.187,0.26	0.056,0.035	0.178
0.014,0.009	0.008,0.016	-0.001
0.0,0.478	0.116,0.0	0.181
0.013,0.019	0.0,0.0	0.016
0.57,0.508	0.554,0.544	-0.01
0.733,0.579	1.0,NA	-0.344
0.955,0.978	0.914,0.898	0.06
0.511,0.456	0.509,0.555	-0.048
0.987,1.0	1.0,1.0	-0.006
0.958,0.978	1.0,1.0	-0.032
0.991,0.95	0.786,0.95	0.102
0.968,0.977	0.958,1.0	-0.007
0.382,0.47	0.32,0.356	0.088
0.213,0.153	0.317,0.394	-0.173
0.459,0.298	1.0,NA	-0.621
1.0,0.434	NA,1.0	-0.283
0.993,1.0	1.0,0.979	0.007
0.211,0.196	0.27,0.229	-0.046
0.053,0.031	0.024,0.035	0.012
0.55,0.48	0.741,0.713	-0.212
0.881,1.0	1.0,0.658	0.112
0.612,0.463	1.0,1.0	-0.463
0.148,0.176	0.218,0.308	-0.101
0.0,0.122	1.0,0.548	-0.713
0.478,0.499	0.552,0.525	-0.05
0.547,0.738	0.63,0.396	0.13
0.024,0.125	0.079,0.076	-0.003
0.114,0.067	0.0,0.135	0.023
0.044,0.0	0.079,0.0	-0.018
0.023,0.061	0.181,0.0	-0.049
0.331,0.103	0.056,0.0	0.189
0.117,0.059	0.193,0.117	-0.067
0.206,0.113	0.031,0.072	0.108
0.986,0.986	0.988,0.988	-0.002
0.598,0.367	1.0,0.0	-0.018
0.0,0.0	0.108,0.0	-0.054
0.387,0.406	0.675,0.421	-0.152
0.065,0.015	0.024,0.043	0.006
0.942,1.0	0.747,1.0	0.098
0.065,0.157	0.157,0.063	0.001
0.915,0.762	1.0,0.755	-0.039
0.712,0.694	0.229,0.283	0.447
0.728,0.69	0.668,0.52	0.115
0.621,0.888	0.911,0.781	-0.092
0.024,0.093	0.075,0.0	0.021
0.251,0.223	0.259,0.16	0.027
0.822,0.708	0.7,0.897	-0.034
0.048,0.0	0.0,0.035	0.006
0.0,0.407	0.647,0.478	-0.359
0.0,0.593	0.0,0.0	0.296
0.918,0.94	0.916,0.934	0.004
0.195,0.158	0.305,0.226	-0.089
0.191,0.195	0.288,0.15	-0.026
0.096,0.0	0.0,0.0	0.048
0.099,0.072	0.2,0.19	-0.11
0.998,0.991	0.995,1.0	-0.003
0.934,0.986	0.9,0.919	0.05
0.924,0.906	0.763,1.0	0.034
0.134,0.122	0.15,0.139	-0.017
0.28,0.258	0.311,0.336	-0.054
0.052,0.074	0.101,0.041	-0.008
0.134,0.185	0.248,0.13	-0.029
0.707,0.7	0.701,0.753	-0.023
0.177,0.0	0.256,0.463	-0.271
0.289,0.046	0.546,0.325	-0.268
1.0,1.0	0.767,0.798	0.218
1.0,0.796	1.0,1.0	-0.102
0.38,0.098	0.686,0.353	-0.281
1.0,1.0	0.855,0.816	0.165
1.0,0.83	1.0,1.0	-0.085
1.0,1.0	0.726,0.861	0.207
1.0,0.937	1.0,1.0	-0.031
1.0,0.757	1.0,1.0	-0.121
0.968,1.0	1.0,1.0	-0.016
0.987,0.986	0.987,0.992	-0.003
0.991,0.993	0.991,0.989	0.002
0.87,0.905	0.878,0.85	0.023
0.005,0.006	0.006,0.005	0.0
0.978,0.992	0.961,0.979	0.015
0.99,1.0	1.0,0.974	0.008
0.125,0.125	0.126,0.159	-0.018
0.115,0.131	0.212,0.136	-0.051
0.708,0.667	0.724,0.488	0.082
0.834,0.838	0.82,0.766	0.043
0.701,0.749	0.661,0.839	-0.025
0.006,0.007	0.007,0.005	0.001
0.032,0.084	0.079,0.051	-0.007
0.064,0.102	0.049,0.058	0.029
0.272,0.244	0.301,0.347	-0.066
0.283,0.259	0.163,0.379	0.0
1.0,0.991	1.0,1.0	-0.004
0.9,0.88	0.931,0.89	-0.021
0.684,0.351	1.0,0.153	-0.059
0.965,1.0	1.0,0.957	0.004
0.505,0.425	0.564,0.744	-0.189
0.457,0.504	0.327,0.721	-0.043
0.007,0.007	0.003,0.002	0.005
0.676,0.884	0.939,0.747	-0.063
0.391,0.406	0.302,0.643	-0.074
0.517,0.506	0.648,0.606	-0.115
0.129,0.131	0.188,0.173	-0.05
0.419,0.57	0.435,0.431	0.061
0.144,0.0	0.0,0.0	0.072
0.578,0.674	0.736,0.884	-0.184
NA,0.739	1.0,NA	-0.261
0.03,0.026	0.019,0.021	0.008
0.953,0.969	1.0,1.0	-0.039
0.877,0.896	0.806,0.774	0.097
0.746,0.815	0.848,0.858	-0.073
0.897,0.909	0.937,1.0	-0.066
0.0,0.011	0.0,0.0	0.005
0.612,0.682	0.598,0.664	0.016
1.0,1.0	0.0,1.0	0.5
0.037,0.033	0.0,0.032	0.019
0.633,0.529	0.378,0.493	0.145
0.265,0.235	0.451,0.337	-0.144
0.055,0.049	0.109,0.11	-0.057
0.998,1.0	1.0,1.0	-0.001
0.993,0.981	0.991,0.946	0.019
0.978,0.962	0.972,0.974	-0.003
0.976,0.923	0.931,1.0	-0.016
0.023,0.023	0.017,0.018	0.005
0.008,0.01	0.012,0.011	-0.002
0.996,1.0	1.0,1.0	-0.002
0.014,0.041	0.011,0.017	0.013
0.665,0.555	0.759,0.604	-0.071
0.088,0.069	0.04,0.031	0.043
0.998,0.997	0.996,1.0	-0.0
0.909,0.859	0.812,0.841	0.057
1.0,1.0	0.829,0.947	0.112
0.197,0.158	0.208,0.184	-0.019
0.0,0.478	0.0,0.0	0.239
0.581,0.899	1.0,1.0	-0.26
0.917,0.9	0.647,0.914	0.128
0.587,0.467	0.468,0.437	0.075
0.869,0.854	0.914,0.759	0.025
0.765,0.847	0.825,0.868	-0.04
0.824,0.89	0.917,0.936	-0.07
0.603,0.629	0.751,0.731	-0.125
0.982,1.0	1.0,1.0	-0.009
1.0,1.0	NA,0.0	1.0
0.939,0.921	1.0,1.0	-0.07
0.952,1.0	1.0,1.0	-0.024
0.0,0.0	0.081,0.413	-0.247
1.0,1.0	0.681,1.0	0.159
0.631,0.719	0.649,0.428	0.137
0.01,0.005	0.012,0.009	-0.003
1.0,0.976	1.0,1.0	-0.012
0.012,0.012	0.061,0.043	-0.04
1.0,1.0	0.728,1.0	0.136
0.107,0.143	0.118,0.192	-0.03
0.299,0.38	0.427,0.474	-0.111
0.331,0.45	0.304,0.389	0.044
0.957,0.905	0.929,0.844	0.044
0.696,1.0	1.0,0.853	-0.079
0.885,0.933	0.935,0.933	-0.025
0.693,0.639	0.781,0.767	-0.108
0.695,0.719	0.851,0.587	-0.012
0.783,0.765	1.0,0.759	-0.105
0.855,0.768	0.841,1.0	-0.109
0.541,0.737	0.653,0.523	0.051
0.066,0.038	0.108,0.0	-0.002
0.17,0.621	0.766,0.45	-0.212
0.042,0.091	0.0,0.0	0.067
0.821,0.868	0.764,0.795	0.065
0.008,0.014	0.014,0.035	-0.014
1.0,0.792	1.0,1.0	-0.104
0.537,0.738	0.694,0.526	0.027
0.009,0.0	0.025,0.019	-0.017
0.883,1.0	0.641,0.938	0.152
0.991,1.0	1.0,1.0	-0.004
1.0,1.0	1.0,0.66	0.17
0.033,0.09	0.041,0.0	0.041
0.132,0.035	0.135,0.13	-0.049
0.0,1.0	0.398,1.0	-0.199
0.038,0.0	0.017,0.063	-0.021
0.159,0.185	0.0,0.0	0.172
0.095,0.16	0.02,0.06	0.087
0.683,0.632	0.679,0.692	-0.028
0.985,0.984	0.993,0.977	-0.001
0.652,0.639	0.323,0.424	0.272
0.925,0.959	0.531,0.868	0.242
0.36,0.375	0.355,0.236	0.072
0.121,0.209	0.141,0.365	-0.088
0.732,0.733	0.768,0.689	0.004
0.281,0.264	0.0,1.0	-0.227
0.94,0.945	0.981,0.958	-0.027
0.424,0.436	0.372,0.452	0.018
0.037,0.072	0.032,0.091	-0.007
0.0,0.0	0.04,0.048	-0.044
0.611,0.682	0.83,0.688	-0.112
0.108,0.068	0.233,0.135	-0.096
0.227,0.222	0.388,0.449	-0.194
0.952,0.965	0.931,1.0	-0.007
0.899,0.93	0.87,0.865	0.047
1.0,0.971	1.0,1.0	-0.014
0.997,0.998	0.999,0.998	-0.001
0.634,0.72	0.868,1.0	-0.257
0.9,0.859	0.939,0.935	-0.058
0.279,0.186	0.156,0.139	0.085
0.867,0.783	1.0,1.0	-0.175
1.0,0.904	1.0,1.0	-0.048
0.625,0.486	0.583,0.472	0.028
0.064,0.071	0.106,0.092	-0.032
0.492,0.386	0.277,0.358	0.121
0.918,0.872	0.968,1.0	-0.089
0.999,0.998	0.999,1.0	-0.001
0.124,0.121	0.149,0.178	-0.041
1.0,1.0	1.0,1.0	0.0
0.019,0.039	0.038,0.048	-0.014
0.917,0.943	0.838,0.907	0.057
0.175,0.088	0.071,0.06	0.066
0.922,0.938	0.924,0.941	-0.003
1.0,0.998	1.0,1.0	-0.001
0.81,0.63	0.643,0.265	0.266
0.288,0.557	0.361,0.485	-0.001
0.512,0.478	0.268,0.647	0.037
0.721,0.393	0.327,0.66	0.063
0.064,0.015	0.048,0.025	0.003
0.582,0.613	0.585,0.376	0.117
0.825,0.851	0.928,0.813	-0.033
0.8,0.789	0.87,0.948	-0.115
0.165,0.322	0.405,0.117	-0.018
0.918,0.939	0.918,0.943	-0.002
0.939,0.925	0.971,0.858	0.017
0.975,1.0	1.0,1.0	-0.012
0.094,0.074	0.125,0.0	0.021
0.983,0.976	0.983,1.0	-0.012
0.127,0.085	0.168,0.226	-0.091
0.0,0.03	0.054,0.0	-0.012
0.451,0.515	0.348,0.341	0.138
0.139,0.224	0.131,0.201	0.015
1.0,0.953	1.0,1.0	-0.024
0.981,0.895	0.953,1.0	-0.038
0.996,0.981	0.99,1.0	-0.007
0.881,0.898	0.866,0.867	0.023
0.014,0.019	0.009,0.013	0.006
0.027,0.033	0.041,0.031	-0.006
0.28,0.321	0.167,0.211	0.111
0.221,0.337	0.25,0.307	0.001
0.222,0.309	0.167,0.229	0.068
0.52,0.483	0.392,0.407	0.102
0.601,0.504	0.407,0.388	0.155
0.612,0.521	0.483,0.437	0.107
0.362,0.346	0.387,0.462	-0.071
0.118,0.151	0.144,0.185	-0.03
0.104,0.121	0.054,0.159	0.006
0.133,0.16	0.093,0.205	-0.002
0.014,0.012	0.03,0.029	-0.016
0.986,1.0	1.0,1.0	-0.007
0.005,0.013	0.007,0.018	-0.003
0.667,0.648	0.631,0.637	0.023
0.168,0.106	0.1,0.0	0.087
0.037,0.025	0.045,0.015	0.001
0.795,0.936	1.0,0.618	0.057
0.965,1.0	1.0,1.0	-0.018
0.25,0.094	0.07,0.0	0.137
0.941,0.918	0.934,0.936	-0.006
0.045,0.035	0.074,0.022	-0.008
0.382,0.32	0.611,1.0	-0.455
0.306,0.262	0.29,0.081	0.099
0.465,0.45	0.374,0.036	0.253
0.641,0.261	0.29,0.405	0.103
0.0,0.0	0.191,0.0	-0.096
0.82,0.923	0.956,0.961	-0.087
0.009,0.054	0.011,0.0	0.026
0.454,0.493	0.593,0.357	-0.001
0.469,0.45	0.615,0.565	-0.13
0.95,0.955	0.877,1.0	0.014
0.003,0.019	0.028,0.038	-0.022
0.39,0.323	0.477,0.37	-0.067
0.004,0.003	0.006,0.006	-0.003
0.775,0.694	0.703,0.574	0.096
0.14,0.144	0.13,0.087	0.034
0.043,0.02	0.02,0.0	0.021
0.93,0.899	0.839,0.937	0.027
0.008,0.001	0.003,0.011	-0.002
0.153,0.066	0.089,0.064	0.033
0.005,0.016	0.0,0.016	0.003
0.879,0.957	0.494,1.0	0.171
0.889,0.943	0.933,0.925	-0.013
1.0,0.998	1.0,1.0	-0.001
0.325,0.398	0.487,0.533	-0.148
0.498,1.0	1.0,0.879	-0.191
1.0,0.996	0.931,1.0	0.032
0.65,0.752	0.581,0.603	0.109
0.388,0.453	0.556,0.523	-0.119
0.525,0.266	0.552,0.463	-0.112
1.0,0.0	0.0,NA	0.5
0.959,0.967	1.0,1.0	-0.037
0.072,0.04	0.037,0.043	0.016
0.304,0.249	0.23,0.492	-0.085
1.0,0.908	1.0,1.0	-0.046
0.492,1.0	1.0,NA	-0.254
0.411,0.611	0.449,NA	0.062
0.412,0.467	0.0,NA	0.44
0.039,0.121	0.099,0.446	-0.193
1.0,0.983	1.0,1.0	-0.008
1.0,0.953	0.898,1.0	0.027
0.952,0.979	0.96,1.0	-0.014
1.0,0.969	1.0,1.0	-0.016
0.06,0.08	0.089,0.084	-0.016
0.845,0.786	0.847,0.845	-0.03
0.744,1.0	0.454,1.0	0.145
0.993,1.0	1.0,0.985	0.004
0.555,NA	1.0,NA	-0.445
0.534,0.364	1.0,0.0	-0.051
0.467,0.467	NA,0.0	0.467
1.0,0.696	1.0,0.0	0.348
1.0,1.0	0.795,0.0	0.603
0.493,0.306	0.66,0.0	0.069
0.006,0.011	0.009,0.004	0.002
0.113,0.245	0.0,0.069	0.144
0.336,0.285	0.367,0.273	-0.01
1.0,0.997	0.993,1.0	0.002
0.302,0.138	0.0,0.214	0.113
0.101,0.087	0.69,0.548	-0.525
0.992,1.0	0.984,1.0	0.004
0.17,0.145	0.255,0.294	-0.117
0.441,0.183	0.519,0.267	-0.081
0.884,0.717	0.581,0.458	0.281
0.906,0.842	1.0,0.94	-0.096
0.998,0.978	0.982,0.987	0.004
0.996,0.998	0.995,0.992	0.003
0.994,0.998	0.992,0.988	0.006
0.99,0.99	0.997,0.993	-0.005
1.0,0.996	0.998,1.0	-0.001
1.0,0.995	0.997,1.0	-0.001
0.474,0.521	0.481,0.558	-0.022
0.226,0.172	0.519,0.136	-0.129
0.968,0.947	0.973,1.0	-0.029
0.278,0.287	0.286,0.627	-0.174
0.958,0.929	0.969,1.0	-0.041
0.996,1.0	1.0,1.0	-0.002
0.915,0.944	0.931,0.937	-0.005
0.702,0.707	0.615,0.524	0.135
0.992,1.0	1.0,1.0	-0.004
0.29,0.339	0.242,0.32	0.033
0.662,0.598	0.56,0.693	0.003
0.832,0.788	0.9,0.844	-0.062
1.0,1.0	1.0,0.953	0.024
0.797,0.753	0.758,0.689	0.051
0.75,0.765	0.73,0.835	-0.025
0.832,0.829	0.83,0.829	0.001
1.0,1.0	1.0,0.708	0.146
0.009,0.027	0.033,0.0	0.001
0.974,0.876	0.979,0.913	-0.021
0.0,0.0	0.096,0.0	-0.048
0.551,0.622	0.387,0.278	0.254
0.023,0.023	0.031,0.07	-0.028
0.145,0.121	0.215,0.49	-0.219
0.937,0.981	0.969,1.0	-0.025
0.367,1.0	1.0,1.0	-0.317
0.0,NA	NA,1.0	-1.0
0.228,0.0	0.228,0.0	0.0
0.192,0.083	0.12,0.14	0.008
0.354,0.327	0.305,0.26	0.058
0.03,0.02	0.033,0.028	-0.005
0.014,0.023	0.008,0.01	0.009
0.88,0.792	0.879,0.814	-0.01
NA,0.513	NA,0.0	0.513
0.393,0.46	0.467,0.509	-0.061
0.885,0.877	0.806,1.0	-0.022
0.054,0.092	0.59,0.546	-0.495
0.0,0.038	0.0,0.0	0.019
0.5,0.429	0.6,0.2	0.065
0.966,0.939	0.979,0.901	0.012
0.043,0.022	0.029,0.045	-0.004
1.0,0.869	1.0,NA	-0.066
0.004,0.011	0.004,0.004	0.003
0.626,0.447	0.414,0.386	0.136
0.844,0.77	0.911,1.0	-0.149
0.708,0.463	0.759,0.94	-0.264
0.244,0.081	0.393,0.244	-0.156
0.982,0.914	0.787,0.8	0.154
0.981,0.942	0.961,0.77	0.096
0.375,0.21	0.137,0.183	0.132
0.066,0.092	0.045,0.057	0.028
0.158,0.123	0.129,0.178	-0.013
0.099,0.055	0.088,0.095	-0.014
0.42,0.461	0.418,0.357	0.053
0.055,0.0	0.0,0.0	0.028
0.937,0.937	0.885,0.893	0.048
0.134,0.0	0.0,0.0	0.067
0.05,0.017	0.036,0.032	-0.001
0.983,0.99	0.981,0.986	0.003
0.992,1.0	0.971,0.983	0.019
0.996,1.0	1.0,1.0	-0.002
0.137,0.226	0.236,0.236	-0.054
0.984,1.0	0.973,1.0	0.006
0.089,0.1	0.032,0.027	0.065
0.995,0.994	1.0,0.968	0.01
0.93,0.55	0.868,1.0	-0.194
0.342,0.408	0.345,0.248	0.079
0.66,0.679	0.493,0.429	0.209
0.839,0.736	0.82,0.84	-0.042
0.597,0.588	0.736,0.75	-0.15
0.781,0.796	0.885,0.862	-0.085
0.281,0.273	0.11,0.14	0.152
0.938,0.942	0.95,0.947	-0.008
0.807,0.952	0.736,0.703	0.16
0.06,0.07	0.079,0.069	-0.009
0.442,0.835	0.549,0.527	0.1
0.07,0.096	0.139,0.105	-0.039
0.055,0.031	0.11,0.087	-0.056
0.86,0.79	0.825,0.611	0.107
1.0,0.689	0.907,1.0	-0.109
1.0,0.86	1.0,1.0	-0.07
0.102,0.091	0.144,0.089	-0.02
0.0,0.0	0.108,0.0	-0.054
0.776,0.548	0.57,0.91	-0.078
0.944,0.915	0.978,0.917	-0.018
0.704,0.697	0.711,0.632	0.029
0.908,0.938	0.953,0.927	-0.017
0.207,0.08	0.153,0.08	0.027
0.019,0.017	0.02,0.019	-0.001
1.0,1.0	0.483,0.0	0.758
0.155,0.402	0.478,0.433	-0.177
0.783,0.774	0.757,0.708	0.046
0.269,1.0	1.0,NA	-0.365
0.744,0.914	1.0,1.0	-0.171
0.0,0.0	0.128,0.0	-0.064
0.012,0.021	0.02,0.0	0.007
0.771,0.581	0.405,0.414	0.266
0.756,0.832	0.727,0.603	0.129
0.941,1.0	1.0,1.0	-0.03
0.0,0.021	0.0,0.08	-0.029
1.0,1.0	0.968,1.0	0.016
0.0,0.0	0.064,0.0	-0.032
0.01,0.031	0.015,0.037	-0.005
0.068,0.143	0.112,0.0	0.049
0.861,0.845	0.912,0.897	-0.052
0.193,0.258	0.284,0.31	-0.071
0.999,0.998	0.997,0.994	0.003
0.212,0.091	0.071,0.086	0.073
0.686,0.689	0.823,0.848	-0.148
0.0,NA	1.0,NA	-1.0
1.0,0.972	1.0,1.0	-0.014
0.0,0.02	0.013,0.0	0.004
0.229,0.335	0.255,0.548	-0.119
0.386,0.85	1.0,1.0	-0.382
1.0,0.999	0.997,1.0	0.001
0.041,0.013	0.047,0.036	-0.014
0.988,0.988	0.968,1.0	0.004
0.713,0.732	0.567,0.561	0.158
0.038,0.039	0.053,0.059	-0.017
1.0,1.0	0.99,1.0	0.005
0.229,0.195	0.374,0.28	-0.115
0.132,0.237	0.069,0.127	0.086
0.961,0.977	0.935,0.973	0.015
0.467,0.0	1.0,NA	-0.766
0.887,0.874	1.0,1.0	-0.119
0.781,0.821	0.948,0.926	-0.136
0.171,0.171	0.16,0.403	-0.111
0.268,0.313	0.635,0.65	-0.352
0.748,0.899	0.547,0.792	0.154
0.875,0.942	0.467,0.754	0.298
0.185,0.19	0.123,0.121	0.066
0.911,0.966	1.0,1.0	-0.061
0.942,1.0	0.945,0.796	0.1
1.0,1.0	0.984,1.0	0.008
0.0,0.0	0.139,0.0	-0.07
0.0,0.493	1.0,NA	-0.754
0.75,0.713	0.658,0.576	0.115
0.589,0.718	0.926,0.474	-0.046
0.883,0.759	0.686,0.832	0.062
0.735,0.896	0.916,0.947	-0.116
0.653,0.525	0.639,0.614	-0.038
0.605,0.629	0.455,0.391	0.194
0.205,0.182	0.159,0.318	-0.045
0.528,0.476	0.679,0.621	-0.148
0.018,0.019	0.022,0.023	-0.004
0.271,0.351	0.377,0.365	-0.06
0.116,0.142	0.177,0.202	-0.06
0.704,0.692	0.575,0.608	0.107
0.0,0.042	0.0,0.0	0.021
0.708,1.0	1.0,1.0	-0.146
0.064,0.092	0.184,0.088	-0.058
1.0,1.0	1.0,0.973	0.014
1.0,0.975	0.929,1.0	0.023
0.0,0.147	0.06,0.0	0.043
0.989,0.987	0.972,0.991	0.006
0.012,0.009	0.005,0.013	0.001
0.546,0.538	0.564,0.647	-0.063
0.0,0.0	0.117,0.0	-0.059
0.014,0.02	0.03,0.039	-0.018
1.0,0.831	1.0,1.0	-0.085
0.034,0.175	0.234,0.0	-0.013
0.411,0.248	0.402,0.432	-0.088
0.985,0.987	0.869,1.0	0.051
0.13,0.091	0.117,0.089	0.007
0.545,0.476	0.659,0.464	-0.051
0.09,0.124	0.105,0.058	0.025
0.991,0.989	0.984,0.973	0.012
0.044,0.018	0.013,0.015	0.017
0.041,0.04	0.093,0.0	-0.006
0.832,1.0	1.0,1.0	-0.084
1.0,0.985	1.0,1.0	-0.008
0.028,0.029	0.01,0.02	0.014
0.744,0.583	0.709,0.801	-0.092
0.0,0.023	0.01,0.051	-0.019
1.0,0.988	1.0,1.0	-0.006
0.039,0.014	0.02,0.055	-0.011
1.0,1.0	0.988,1.0	0.006
0.023,0.039	0.029,0.032	0.001
1.0,0.987	0.989,0.992	0.003
0.995,0.988	1.0,1.0	-0.008
0.997,0.998	0.99,0.994	0.006
0.251,0.09	0.032,0.195	0.057
0.038,0.028	0.038,0.026	0.001
0.017,0.01	0.029,0.017	-0.009
0.488,0.48	0.317,0.35	0.15
0.91,0.93	0.871,0.972	-0.001
0.744,1.0	0.686,1.0	0.029
0.267,0.167	0.297,0.245	-0.054
0.145,0.044	0.162,0.0	0.013
0.462,0.423	0.438,0.439	0.004
1.0,1.0	0.998,1.0	0.001
0.0,0.048	0.209,0.065	-0.113
0.98,1.0	1.0,0.913	0.033
1.0,0.914	0.931,0.828	0.078
0.739,0.838	0.856,0.879	-0.079
0.018,0.012	0.023,0.01	-0.002
0.493,0.36	0.203,0.212	0.219
0.741,0.806	0.829,0.936	-0.109
0.868,1.0	NA,1.0	-0.066
0.015,0.037	0.0,0.0	0.026
0.111,0.041	0.125,0.076	-0.025
0.426,0.464	0.224,0.339	0.163
0.939,0.982	0.978,0.871	0.036
0.215,0.215	0.171,0.098	0.08
0.943,0.925	0.982,0.959	-0.036
0.967,0.989	0.971,0.968	0.008
0.854,0.961	1.0,1.0	-0.093
0.327,0.357	0.564,0.195	-0.037
0.789,0.799	0.762,0.585	0.121
0.988,1.0	1.0,1.0	-0.006
0.273,0.273	0.442,0.238	-0.067
1.0,0.879	1.0,1.0	-0.06
0.086,0.042	0.012,0.027	0.044
0.5,0.714	0.615,0.429	0.085
0.046,0.037	0.021,0.027	0.017
0.694,0.702	0.437,0.708	0.125
0.565,0.442	0.754,0.726	-0.237
0.389,0.71	0.644,0.578	-0.061
0.054,0.056	0.049,0.038	0.012
0.158,0.07	0.107,0.143	-0.011
0.615,0.545	0.871,0.6	-0.155
0.861,0.894	0.905,0.963	-0.056
0.993,0.992	1.0,1.0	-0.008
0.903,0.91	0.815,0.876	0.061
0.363,0.25	0.301,0.118	0.097
0.183,0.036	0.157,0.098	-0.018
0.919,0.96	0.907,1.0	-0.014
0.167,0.132	0.056,0.228	0.008
0.174,0.135	0.171,0.196	-0.029
0.37,0.271	0.362,0.379	-0.05
0.02,0.023	0.049,0.104	-0.055
0.211,0.0	0.0,0.0	0.105
0.851,0.833	0.884,0.907	-0.053
0.989,0.989	0.977,0.989	0.006
0.968,0.931	0.979,1.0	-0.04
0.157,0.175	0.325,0.256	-0.124
0.822,0.679	0.572,0.463	0.233
0.837,0.851	0.797,0.792	0.049
0.995,0.983	0.991,1.0	-0.007
0.731,0.606	0.941,1.0	-0.302
0.802,0.881	1.0,1.0	-0.158
0.177,0.038	0.125,0.281	-0.096
0.015,0.007	0.191,0.059	-0.114
0.982,1.0	1.0,0.948	0.017
0.66,0.498	0.586,0.472	0.05
0.079,0.111	0.087,0.151	-0.024
0.984,0.983	1.0,0.973	-0.003
0.093,0.105	0.116,0.024	0.029
0.888,0.95	0.961,0.939	-0.031
0.679,0.776	0.558,0.655	0.121
0.97,0.972	0.968,0.981	-0.003
1.0,0.999	0.999,1.0	0.0
0.99,0.991	0.993,0.998	-0.005
0.989,0.989	0.988,0.993	-0.001
1.0,0.985	0.981,1.0	0.002
0.922,0.922	0.949,0.971	-0.038
0.961,0.952	0.954,0.958	0.0
0.853,0.834	0.907,0.94	-0.08
0.953,0.939	0.943,0.948	0.0
0.943,0.928	0.927,0.936	0.004
0.947,1.0	1.0,1.0	-0.026
0.866,0.88	0.882,0.879	-0.008
0.89,0.718	0.718,0.894	-0.002
0.941,0.972	0.964,0.949	0.0
0.978,0.937	0.907,0.93	0.039
0.0,0.009	0.008,0.0	0.0
0.935,0.927	0.919,0.92	0.012
1.0,1.0	NA,0.483	0.517
1.0,0.967	1.0,1.0	-0.016
0.323,0.264	0.362,0.402	-0.089
0.159,0.105	0.095,0.0	0.085
0.053,0.055	0.088,0.0	0.01
0.167,0.168	0.463,0.493	-0.31
0.936,1.0	0.949,0.81	0.089
0.585,0.716	0.66,0.244	0.198
0.737,0.847	0.853,0.659	0.036
0.739,0.783	1.0,1.0	-0.239
0.829,0.838	1.0,1.0	-0.167
1.0,0.958	1.0,1.0	-0.021
0.113,0.096	0.266,0.196	-0.127
0.0,0.0	NA,1.0	-1.0
0.655,0.551	0.498,0.598	0.055
0.953,0.949	1.0,0.976	-0.037
0.971,0.971	0.944,0.942	0.028
0.927,1.0	1.0,0.493	0.217
0.946,1.0	1.0,1.0	-0.027
0.013,0.018	0.015,0.008	0.004
0.15,0.13	0.306,0.0	-0.013
0.586,0.579	0.639,0.63	-0.052
0.934,0.903	0.888,0.741	0.104
0.074,0.084	0.174,0.093	-0.055
0.696,0.482	0.753,0.678	-0.127
0.147,0.122	0.466,0.209	-0.203
0.916,1.0	1.0,1.0	-0.042
0.681,0.694	0.814,0.0	0.281
0.087,0.145	0.09,0.105	0.018
0.147,0.124	0.1,0.089	0.041
0.004,0.0	0.0,0.0	0.002
1.0,0.943	1.0,1.0	-0.028
0.119,0.079	1.0,0.828	-0.815
1.0,0.314	0.0,1.0	0.157
0.352,0.395	0.352,0.241	0.077
0.041,0.025	0.022,0.025	0.01
0.738,0.71	0.366,0.435	0.324
0.904,0.897	1.0,0.853	-0.026
0.962,0.885	0.767,0.724	0.178
0.999,1.0	1.0,1.0	-0.0
0.066,0.061	0.059,0.082	-0.007
0.209,0.32	0.215,0.327	-0.007
0.991,1.0	1.0,1.0	-0.004
0.078,0.108	0.088,0.08	0.009
0.04,0.029	0.103,0.0	-0.017
0.306,0.332	0.286,0.184	0.084
0.99,0.974	0.976,1.0	-0.006
1.0,0.953	1.0,1.0	-0.024
0.0,0.121	0.088,0.258	-0.112
0.657,0.534	0.623,0.708	-0.07
0.004,0.006	0.005,0.008	-0.002
0.325,0.283	0.347,0.407	-0.073
0.985,0.969	0.928,0.965	0.03
0.329,0.252	0.405,0.692	-0.258
0.886,0.888	0.507,0.651	0.308
0.876,0.886	0.96,0.981	-0.089
0.948,0.922	0.87,0.932	0.034
0.093,0.117	0.115,0.165	-0.035
1.0,0.438	0.28,0.163	0.497
0.56,0.651	0.0,0.483	0.364
0.586,0.381	1.0,0.463	-0.248
1.0,0.2	1.0,NA	-0.4
0.827,0.889	0.923,0.815	-0.011
0.003,0.017	0.0,0.006	0.007
1.0,0.901	1.0,1.0	-0.049
1.0,0.897	1.0,1.0	-0.051
0.648,0.63	0.754,0.601	-0.038
0.493,0.553	0.721,0.672	-0.173
0.093,0.114	0.223,0.087	-0.051
0.046,0.067	0.039,0.0	0.037
0.652,0.176	0.46,NA	-0.046
0.166,0.14	0.352,0.087	-0.066
0.374,0.419	0.427,0.364	0.001
0.337,0.392	0.211,0.092	0.213
0.845,0.855	0.837,0.804	0.029
0.018,0.017	0.059,0.013	-0.018
0.988,0.968	0.98,0.978	-0.001
0.952,0.993	0.969,0.974	0.001
0.235,0.177	0.081,0.085	0.123
0.335,0.326	0.213,0.299	0.075
0.789,0.795	0.908,1.0	-0.162
0.248,0.452	0.452,0.0	0.124
0.857,0.885	1.0,0.692	0.025
0.148,0.076	0.154,0.244	-0.087
0.66,0.512	0.628,0.549	-0.002
0.033,0.022	0.052,0.031	-0.014
0.926,0.975	1.0,1.0	-0.049
0.948,0.983	1.0,1.0	-0.034
0.708,0.78	0.625,0.546	0.158
1.0,1.0	0.969,1.0	0.016
0.734,0.728	0.883,0.558	0.01
1.0,1.0	0.996,1.0	0.002
0.882,0.833	0.874,1.0	-0.08
0.745,0.843	0.785,1.0	-0.099
0.012,0.012	0.013,0.015	-0.002
0.055,0.0	0.105,0.087	-0.069
0.0,1.0	0.0,NA	0.5
0.986,1.0	1.0,1.0	-0.007
0.857,0.773	0.759,0.784	0.043
1.0,0.974	0.987,1.0	-0.007
0.522,0.654	0.36,0.427	0.195
0.896,0.875	0.9,0.866	0.002
0.153,0.154	0.656,0.276	-0.312
0.821,0.744	0.838,0.853	-0.063
0.094,0.066	0.181,0.0	-0.01
0.072,0.072	0.072,0.026	0.023
1.0,0.958	1.0,0.983	-0.013
0.027,0.035	0.047,0.037	-0.011
0.992,0.97	0.963,0.983	0.008
0.0,0.0	0.0,0.002	-0.001
0.752,0.757	0.561,0.578	0.185
0.914,0.815	0.669,1.0	0.03
0.048,0.034	0.045,0.057	-0.01
0.814,0.918	0.857,0.799	0.038
0.449,0.719	0.649,0.416	0.051
0.143,0.178	0.229,0.15	-0.029
0.944,0.833	0.905,0.955	-0.041
0.107,0.144	0.199,0.159	-0.053
0.468,0.756	0.32,0.297	0.303
0.745,0.938	0.679,0.786	0.109
0.091,0.12	0.039,0.25	-0.039
0.735,0.74	0.796,0.844	-0.083
1.0,1.0	0.931,0.928	0.071
0.999,0.998	0.999,0.998	0.0
0.975,0.978	0.972,0.972	0.004
0.991,0.993	0.99,0.99	0.002
0.996,0.993	0.989,0.994	0.003
0.373,0.512	0.602,0.543	-0.13
0.712,0.915	0.932,0.881	-0.093
0.0,0.66	0.421,0.0	0.12
0.819,0.808	0.838,0.916	-0.064
0.009,0.006	0.008,0.007	0.0
0.593,0.614	0.715,0.621	-0.065
0.04,0.036	0.069,0.119	-0.056
0.247,0.0	0.0,0.0	0.123
0.781,0.617	0.831,0.471	0.048
0.004,0.004	0.006,0.006	-0.002
0.292,0.273	0.263,0.217	0.042
1.0,0.99	1.0,1.0	-0.005
0.871,0.784	0.724,0.8	0.066
0.972,1.0	0.989,0.971	0.006
0.378,0.368	0.388,0.436	-0.039
0.741,0.745	0.821,0.847	-0.091
0.352,0.479	1.0,0.46	-0.315
0.981,0.988	0.981,0.984	0.002
0.045,0.03	0.032,0.0	0.021
0.836,0.821	0.853,0.616	0.094
0.234,0.268	0.241,0.166	0.047
0.986,0.989	0.962,0.956	0.029
0.0,0.008	0.037,0.036	-0.033
0.608,0.493	1.0,0.66	-0.28
0.0,0.016	0.0,0.0	0.008
0.635,0.593	0.543,0.753	-0.034
0.553,0.373	0.875,0.191	-0.07
0.002,0.005	0.011,0.006	-0.005
0.906,0.923	0.972,0.801	0.028
0.977,0.981	0.988,0.955	0.007
1.0,1.0	0.968,1.0	0.016
0.595,0.621	0.574,0.68	-0.019
0.524,0.32	0.541,0.485	-0.091
0.776,1.0	1.0,NA	-0.112
0.445,0.516	0.457,0.531	-0.013
0.136,0.11	0.0,0.0	0.123
0.94,0.618	1.0,1.0	-0.221
0.257,0.311	0.347,0.143	0.039
0.699,0.659	0.82,0.787	-0.124
0.073,0.074	0.049,0.016	0.041
0.992,1.0	1.0,1.0	-0.004
0.1,0.171	0.0,0.0	0.136
0.207,0.34	0.217,0.057	0.137
0.264,0.249	0.472,0.352	-0.155
0.976,1.0	1.0,1.0	-0.012
0.939,1.0	1.0,1.0	-0.03
0.976,0.995	0.979,1.0	-0.004
0.94,0.932	0.922,0.917	0.016
0.093,0.38	0.672,1.0	-0.6
0.0,0.142	0.11,0.178	-0.073
0.07,0.024	0.0,0.07	0.012
0.924,0.963	0.931,1.0	-0.022
0.679,0.6	0.732,0.621	-0.037
0.858,0.869	0.829,0.681	0.108
0.876,0.843	0.954,0.915	-0.075
0.832,0.814	0.913,0.958	-0.113
0.094,0.101	0.181,0.223	-0.105
0.0,0.146	0.0,0.0	0.073
0.244,0.35	0.357,0.368	-0.066
0.995,0.988	1.0,1.0	-0.008
1.0,0.999	0.999,1.0	0.0
0.115,1.0	0.0,NA	0.557
0.037,0.062	0.066,0.038	-0.003
0.012,0.009	0.021,0.011	-0.006
0.733,0.647	0.733,0.478	0.085
0.035,0.033	0.0,0.0	0.034
0.958,0.937	0.963,0.897	0.018
0.211,0.204	0.367,0.454	-0.203
0.572,0.531	0.753,0.655	-0.152
0.463,0.41	0.558,0.58	-0.132
1.0,1.0	0.99,1.0	0.005
0.837,0.729	0.606,0.697	0.131
0.046,0.317	0.095,0.148	0.06
0.244,0.212	0.593,0.139	-0.138
0.799,0.777	0.844,0.694	0.019
0.998,1.0	1.0,0.99	0.004
0.17,0.11	0.352,0.0	-0.036
0.739,0.862	0.653,0.702	0.123
1.0,0.999	0.999,1.0	0.0
0.877,0.821	0.949,1.0	-0.125
0.134,0.043	0.143,0.22	-0.093
0.0,0.002	0.0,0.006	-0.002
0.324,0.391	0.356,0.337	0.011
0.943,0.953	0.85,0.879	0.083
0.918,1.0	1.0,0.774	0.072
0.08,0.09	0.041,0.109	0.01
0.071,0.109	0.054,0.095	0.015
0.368,0.605	0.506,0.341	0.063
0.992,0.992	0.989,0.996	-0.0
0.831,0.948	0.951,0.855	-0.014
0.418,0.103	0.277,0.365	-0.06
0.798,0.86	0.726,0.925	0.003
0.992,0.996	1.0,1.0	-0.006
0.741,0.701	0.784,0.751	-0.047
0.05,0.042	0.066,0.069	-0.022
0.086,0.016	0.052,0.147	-0.048
0.954,0.879	0.985,0.969	-0.06
0.047,0.039	0.064,0.029	-0.004
0.854,0.75	0.841,0.808	-0.022
0.319,0.336	0.447,0.485	-0.138
0.334,0.363	0.471,0.52	-0.147
1.0,1.0	1.0,0.987	0.006
0.006,0.0	0.0,0.021	-0.008
0.987,0.982	0.995,1.0	-0.013
0.826,0.879	0.897,0.932	-0.062
0.828,1.0	1.0,1.0	-0.086
0.026,0.032	0.09,0.069	-0.051
0.767,0.819	0.737,0.772	0.038
0.955,0.928	0.934,0.939	0.005
0.089,0.081	0.0,0.0	0.085
0.291,0.188	0.213,0.274	-0.004
0.637,0.708	0.674,0.787	-0.058
0.001,0.002	0.007,0.014	-0.009
0.723,0.53	0.682,0.446	0.062
0.732,0.67	0.744,0.849	-0.095
0.082,0.042	0.0,0.039	0.042
0.135,0.09	0.241,0.247	-0.132
0.182,0.781	NA,1.0	-0.518
0.552,0.517	0.704,0.546	-0.091
0.946,0.903	1.0,0.595	0.127
0.357,0.593	0.244,0.493	0.106
0.058,0.199	0.048,0.184	0.013
1.0,1.0	0.937,1.0	0.031
0.026,0.022	0.01,0.015	0.011
0.989,0.995	0.997,0.981	0.003
0.017,0.026	0.045,0.028	-0.015
0.927,0.859	0.976,0.922	-0.056
0.043,0.046	0.078,0.035	-0.012
0.518,0.458	0.601,0.451	-0.038
0.141,0.133	0.108,0.128	0.019
0.959,0.964	0.957,0.968	-0.001
0.933,0.962	1.0,0.904	-0.004
0.401,0.254	0.349,0.396	-0.045
0.989,1.0	1.0,1.0	-0.006
0.924,0.915	0.934,0.95	-0.022
0.979,0.922	0.919,0.893	0.044
0.987,0.995	0.991,0.996	-0.003
0.979,0.911	1.0,1.0	-0.055
0.795,0.783	0.714,0.698	0.083
0.226,0.273	0.658,0.637	-0.398
0.081,0.296	0.219,0.296	-0.069
0.954,0.967	0.892,0.94	0.044
1.0,0.643	1.0,1.0	-0.178
0.028,0.024	0.0,0.0	0.026
0.971,1.0	1.0,1.0	-0.014
0.985,1.0	1.0,0.98	0.002
0.726,0.803	0.728,0.707	0.047
0.144,0.173	0.28,0.217	-0.09
0.007,0.005	0.005,0.006	0.001
0.349,0.325	0.066,0.089	0.259
0.968,0.953	0.95,0.977	-0.003
1.0,0.985	1.0,1.0	-0.008
0.722,0.954	0.889,0.79	-0.002
0.991,0.986	0.967,0.983	0.013
0.922,0.988	0.908,0.941	0.031
0.037,0.025	0.034,0.054	-0.013
0.281,0.27	0.218,0.215	0.059
0.466,0.453	0.329,0.34	0.125
0.821,0.873	0.592,0.801	0.15
0.66,0.625	0.829,0.781	-0.162
0.35,0.28	0.301,0.744	-0.207
0.903,0.856	0.9,0.789	0.035
0.944,0.761	0.902,0.874	-0.035
0.758,0.703	0.797,0.889	-0.113
0.914,0.977	0.948,1.0	-0.028
0.018,0.03	0.012,0.017	0.009
0.368,0.288	0.28,0.493	-0.059
0.963,0.955	0.951,0.935	0.016
0.929,1.0	1.0,0.903	0.013
0.092,0.082	0.017,0.0	0.078
0.453,0.375	0.482,0.493	-0.073
0.167,0.0	0.62,0.237	-0.345
0.764,0.549	1.0,1.0	-0.343
0.928,0.826	1.0,1.0	-0.123
0.015,0.0	0.082,0.0	-0.034
0.0,0.0	0.0,0.234	-0.117
0.978,0.986	1.0,1.0	-0.018
0.971,0.956	0.961,1.0	-0.017
0.021,0.019	0.031,0.039	-0.015
0.995,1.0	0.997,0.998	0.0
0.164,0.263	0.11,0.11	0.104
0.793,0.84	0.696,0.676	0.131
1.0,0.971	0.924,1.0	0.024
0.619,NA	0.448,NA	0.171
0.277,0.209	0.131,0.143	0.106
0.888,0.752	1.0,1.0	-0.18
1.0,0.961	0.918,1.0	0.021
0.316,0.156	0.134,0.0	0.169
0.542,0.431	0.189,0.109	0.338
0.027,0.019	0.007,0.018	0.011
0.225,0.108	0.313,0.306	-0.143
0.99,1.0	1.0,1.0	-0.005
0.493,0.643	0.66,1.0	-0.262
0.96,0.974	0.973,0.963	-0.001
0.037,0.024	0.024,0.037	0.0
0.545,0.483	0.667,0.717	-0.178
0.816,0.875	0.905,0.787	-0.001
0.359,0.627	0.456,1.0	-0.235
0.895,1.0	1.0,0.485	0.205
0.985,1.0	1.0,0.899	0.043
0.878,1.0	1.0,0.396	0.241
0.984,1.0	0.947,1.0	0.018
0.672,1.0	0.577,NA	0.259
0.031,0.029	0.0,0.0	0.03
1.0,0.978	1.0,1.0	-0.011
0.195,0.056	0.172,0.244	-0.082
0.14,0.048	0.0,0.0	0.094
0.269,0.218	0.251,0.517	-0.141
0.079,0.073	0.111,0.089	-0.024
0.973,0.973	0.965,0.969	0.006
0.008,0.007	0.009,0.009	-0.001
0.008,0.007	0.009,0.01	-0.002
1.0,0.966	1.0,0.785	0.09
0.013,0.007	0.011,0.012	-0.001
0.79,0.936	0.868,0.874	-0.008
0.929,0.91	1.0,0.707	0.066
0.507,0.619	0.645,0.558	-0.039
0.248,0.263	0.268,0.168	0.037
0.228,0.0	0.0,0.0	0.114
1.0,1.0	0.98,1.0	0.01
0.757,0.321	0.543,0.401	0.067
0.801,0.309	0.693,0.514	-0.048
0.618,0.485	0.688,0.611	-0.098
0.78,0.731	0.633,0.808	0.035
0.051,0.168	0.0,0.287	-0.034
0.031,0.012	0.027,0.025	-0.005
1.0,1.0	1.0,0.958	0.021
0.509,0.421	0.538,0.618	-0.113
0.108,0.393	0.493,0.744	-0.368
0.294,0.342	0.324,0.35	-0.019
0.885,0.908	0.85,0.857	0.043
0.0,1.0	0.195,1.0	-0.098
0.867,0.879	0.887,0.89	-0.016
0.017,0.014	0.034,0.023	-0.013
0.826,0.704	0.881,0.739	-0.045
1.0,0.995	1.0,1.0	-0.002
0.676,0.658	0.62,0.828	-0.057
0.007,0.0	0.0,0.0	0.004
0.368,0.097	0.038,0.136	0.145
0.063,0.039	0.115,0.0	-0.006
0.17,0.177	0.13,0.108	0.054
0.79,0.931	0.86,0.825	0.018
0.013,0.019	0.034,0.037	-0.02
0.78,0.808	0.795,0.736	0.028
0.916,0.966	0.946,0.969	-0.016
1.0,1.0	1.0,1.0	0.0
0.971,0.797	0.613,0.864	0.146
1.0,0.78	1.0,0.78	0.0
0.652,0.696	0.75,0.692	-0.047
0.036,0.062	0.087,0.093	-0.041
0.009,0.011	0.005,0.027	-0.006
0.187,0.202	0.193,0.197	-0.001
0.996,0.999	1.0,1.0	-0.002
1.0,0.984	0.884,1.0	0.05
1.0,0.865	1.0,1.0	-0.068
0.436,0.486	0.337,0.329	0.128
0.994,0.985	0.994,1.0	-0.007
0.327,NA	1.0,NA	-0.673
1.0,1.0	0.934,1.0	0.033
0.986,0.903	1.0,1.0	-0.055
0.678,0.618	0.531,0.794	-0.015
0.474,0.126	0.091,0.0	0.255
0.377,0.377	0.426,0.34	-0.006
0.0,0.229	NA,0.0	0.115
0.033,0.02	0.017,0.011	0.013
0.593,0.327	1.0,0.493	-0.286
0.008,0.006	0.071,0.0	-0.028
1.0,0.861	1.0,1.0	-0.07
0.049,0.0	0.025,0.0	0.012
0.315,0.479	1.0,1.0	-0.603
0.814,0.823	1.0,1.0	-0.181
0.934,0.955	0.835,0.81	0.122
0.994,0.996	0.984,0.984	0.011
0.949,0.956	0.93,0.937	0.019
1.0,0.892	1.0,1.0	-0.054
0.127,0.06	0.064,0.0	0.061
0.033,0.037	0.032,0.021	0.009
0.988,1.0	1.0,1.0	-0.006
0.0,0.004	0.007,0.012	-0.007
0.055,0.029	0.025,0.0	0.03
0.917,0.766	0.831,1.0	-0.074
0.147,0.224	0.193,0.065	0.056
0.926,0.973	1.0,1.0	-0.05
0.96,0.958	0.94,0.934	0.022
1.0,0.916	1.0,1.0	-0.042
0.741,0.548	1.0,1.0	-0.355
0.951,1.0	1.0,1.0	-0.024
1.0,1.0	0.863,1.0	0.069
0.615,0.643	0.859,0.802	-0.202
0.826,0.87	0.0,NA	0.848
0.735,0.679	0.866,0.806	-0.129
0.259,0.493	0.034,0.15	0.284
0.374,0.287	0.581,0.303	-0.111
0.011,0.016	0.006,0.021	-0.0
0.996,0.988	0.997,1.0	-0.006
0.907,0.973	1.0,0.904	-0.012
0.913,0.604	0.913,1.0	-0.198
0.043,0.062	0.069,0.066	-0.015
1.0,0.861	0.861,1.0	0.0
1.0,0.719	0.785,1.0	-0.033
0.023,0.256	0.38,0.387	-0.244
0.014,0.008	0.018,0.007	-0.001
0.049,0.091	0.327,0.335	-0.261
0.18,0.154	0.17,0.034	0.065
0.628,0.635	0.815,0.627	-0.09
0.032,0.051	0.01,0.043	0.015
0.009,0.012	0.005,0.023	-0.004
0.682,0.623	0.626,0.602	0.039
0.136,0.212	0.485,NA	-0.311
0.184,0.132	0.376,0.454	-0.257
0.921,0.919	0.898,0.956	-0.007
0.951,0.969	0.963,0.964	-0.004
1.0,0.986	1.0,1.0	-0.007
0.91,0.781	0.715,0.723	0.127
1.0,0.971	1.0,1.0	-0.014
0.026,0.043	0.051,0.0	0.009
0.257,0.2	0.256,0.347	-0.073
0.883,0.756	0.856,0.809	-0.013
0.78,0.794	0.964,0.83	-0.11
0.018,0.034	0.031,0.008	0.007
0.363,0.377	0.41,0.321	0.005
0.0,0.002	0.003,0.0	-0.001
0.981,0.99	0.958,1.0	0.007
0.972,0.895	0.916,0.793	0.079
1.0,0.955	1.0,0.949	0.003
0.042,0.049	0.016,0.0	0.037
0.973,1.0	0.976,1.0	-0.002
0.899,0.833	0.948,0.94	-0.078
0.994,1.0	1.0,1.0	-0.003
0.996,0.979	0.958,0.94	0.039
0.596,0.448	0.407,0.702	-0.032
0.196,0.204	0.28,0.214	-0.047
0.964,0.977	0.97,0.959	0.006
1.0,1.0	1.0,0.969	0.016
0.775,0.752	0.636,0.723	0.084
0.0,0.056	0.029,0.0	0.013
0.682,0.622	0.835,0.867	-0.199
0.306,0.579	1.0,0.49	-0.302
0.89,0.887	0.932,0.896	-0.025
0.813,0.785	0.767,0.912	-0.041
0.896,0.71	0.786,1.0	-0.09
1.0,0.626	1.0,1.0	-0.187
1.0,0.683	1.0,1.0	-0.158
0.663,1.0	0.377,1.0	0.143
0.227,0.113	0.307,0.326	-0.146
0.053,0.088	0.086,0.03	0.012
0.021,0.019	0.019,0.011	0.005
0.476,0.312	0.312,0.0	0.238
0.117,0.117	0.18,0.198	-0.072
0.979,0.989	0.935,1.0	0.016
0.055,0.026	0.062,0.04	-0.011
0.033,0.021	0.019,0.019	0.008
0.668,0.643	0.699,0.56	0.026
0.91,1.0	1.0,1.0	-0.045
0.978,1.0	1.0,0.946	0.016
0.952,0.947	0.94,0.944	0.008
0.325,0.607	0.522,1.0	-0.295
0.746,0.71	1.0,1.0	-0.272
0.266,0.377	0.33,0.313	0.0
0.784,1.0	0.951,1.0	-0.084
0.772,0.916	0.615,0.571	0.251
0.586,0.796	0.184,0.0	0.599
1.0,1.0	1.0,0.0	0.5
0.292,0.277	0.34,0.386	-0.079
0.14,0.101	0.153,0.236	-0.074
0.201,0.145	0.185,0.266	-0.053
0.0,0.059	0.0,0.037	0.011
0.267,0.262	0.159,0.338	0.016
0.039,0.021	0.106,0.105	-0.075
0.944,0.985	1.0,1.0	-0.036
0.132,0.102	0.334,0.134	-0.117
0.0,0.029	0.0,0.0	0.015
1.0,0.708	1.0,1.0	-0.146
0.818,0.841	0.876,0.823	-0.02
0.918,0.973	0.852,0.908	0.066
0.641,0.613	0.553,0.618	0.041
0.389,0.384	0.374,0.392	0.004
0.962,0.994	0.899,0.962	0.047
0.505,0.621	0.681,0.67	-0.113
0.014,0.021	0.029,0.021	-0.007
0.43,0.597	0.36,0.227	0.22
0.032,0.011	0.044,0.0	-0.001
1.0,0.357	1.0,1.0	-0.322
0.464,0.712	0.881,1.0	-0.353
0.0,0.0	0.015,0.0	-0.007
0.742,0.161	1.0,1.0	-0.548
0.719,0.676	0.719,0.852	-0.088
0.283,0.282	0.215,0.381	-0.016
0.005,0.003	0.005,0.003	0.0
0.998,0.997	0.98,1.0	0.008
0.597,0.599	0.588,0.686	-0.039
0.183,0.177	0.166,0.169	0.012
0.009,0.008	0.045,0.024	-0.026
0.385,0.429	0.0,NA	0.407
0.837,0.888	0.717,0.853	0.078
0.694,0.581	0.623,0.763	-0.056
0.721,0.692	0.936,0.783	-0.153
0.316,0.391	0.482,0.51	-0.142
0.89,0.854	0.654,0.59	0.25
0.982,0.95	0.982,0.954	-0.002
0.931,0.944	0.965,0.867	0.022
0.36,0.4	0.395,0.509	-0.072
0.002,0.007	0.0,0.013	-0.002
0.034,0.05	0.032,0.021	0.015
0.85,0.844	0.859,0.838	-0.002
1.0,0.999	1.0,1.0	-0.0
0.943,1.0	1.0,1.0	-0.028
0.521,0.437	0.594,0.465	-0.05
0.026,0.025	0.003,0.031	0.009
0.554,0.655	0.671,0.808	-0.135
0.049,0.073	0.109,0.056	-0.022
0.0,0.239	0.282,0.541	-0.292
1.0,0.766	1.0,NA	-0.117
1.0,0.98	1.0,1.0	-0.01
0.842,0.876	0.909,0.878	-0.034
0.013,0.029	0.0,0.056	-0.007
0.53,0.426	0.226,0.602	0.064
0.095,0.044	0.0,0.0	0.07
0.112,0.129	0.103,0.059	0.04
0.366,0.13	0.525,0.466	-0.248
0.182,0.137	0.154,0.13	0.017
0.931,0.838	0.925,0.911	-0.033
0.97,0.976	0.917,0.988	0.02
0.021,0.006	0.0,0.0	0.014
0.995,0.994	1.0,1.0	-0.006
0.539,0.667	0.545,0.665	-0.002
1.0,1.0	1.0,0.882	0.059
1.0,1.0	0.891,0.842	0.133
0.093,0.036	0.0,0.0	0.065
0.936,0.933	0.93,0.934	0.003
0.209,0.205	0.497,0.668	-0.376
0.327,0.139	0.744,0.0	-0.139
0.963,0.939	0.949,0.96	-0.003
0.173,0.173	0.0,1.0	-0.327
1.0,0.913	1.0,1.0	-0.043
0.021,0.0	0.228,0.0	-0.104
0.03,0.038	0.045,0.026	-0.001
0.986,0.983	0.993,0.987	-0.006
0.032,0.026	0.049,0.032	-0.012
0.02,0.018	0.004,0.011	0.011
0.978,0.953	0.978,0.976	-0.011
0.364,0.294	0.559,1.0	-0.451
0.012,0.0	0.0,0.0	0.006
0.802,0.777	0.646,0.734	0.1
0.051,0.17	0.43,0.327	-0.268
0.268,0.186	0.128,0.109	0.109
0.614,0.586	0.473,0.52	0.103
0.919,0.939	0.922,0.908	0.014
0.015,0.005	0.028,0.026	-0.017
0.682,1.0	0.426,1.0	0.128
0.995,1.0	1.0,1.0	-0.002
0.976,0.956	0.953,0.866	0.056
0.994,0.997	1.0,0.991	0.0
0.002,0.002	0.0,0.024	-0.01
0.984,1.0	1.0,1.0	-0.008
0.592,0.577	0.711,0.734	-0.138
0.78,0.888	0.815,0.832	0.011
0.811,0.777	0.792,0.5	0.148
0.741,0.452	0.513,0.397	0.142
0.52,0.297	0.245,0.378	0.097
0.038,0.025	0.0,0.012	0.026
0.109,0.139	0.068,0.077	0.051
0.91,0.79	0.869,0.938	-0.053
1.0,0.897	1.0,1.0	-0.051
0.663,0.67	0.673,0.693	-0.016
0.505,0.459	0.496,0.528	-0.03
0.321,0.273	0.278,0.306	0.005
0.998,0.996	1.0,0.999	-0.003
0.44,0.487	0.481,0.564	-0.059
NA,0.0	1.0,NA	-1.0
0.271,0.096	1.0,0.0	-0.317
0.29,0.189	NA,0.0	0.239
0.591,0.715	0.685,0.603	0.009
0.018,0.024	0.031,0.029	-0.009
0.012,0.0	0.0,0.0	0.006
0.766,0.784	0.863,0.844	-0.078
0.984,0.947	0.968,0.954	0.005
0.964,0.962	1.0,1.0	-0.037
0.035,0.068	0.032,0.048	0.012
0.959,0.898	1.0,1.0	-0.072
0.3,0.345	0.23,0.241	0.087
0.115,0.134	0.081,0.094	0.037
0.443,0.386	0.416,0.413	0.0
1.0,0.992	1.0,1.0	-0.004
0.981,1.0	0.98,0.979	0.011
0.239,0.485	0.274,0.557	-0.054
0.007,0.029	0.0,0.085	-0.025
0.592,0.587	0.511,0.517	0.075
0.962,0.943	0.923,0.938	0.022
0.34,0.21	0.129,0.373	0.024
0.888,0.726	NA,1.0	-0.193
1.0,1.0	0.969,1.0	0.016
0.0,0.0	0.177,NA	-0.177
0.45,0.549	0.494,0.379	0.063
0.291,0.358	0.251,0.301	0.048
0.322,0.0	0.0,0.488	-0.083
0.367,0.559	0.533,1.0	-0.303
0.97,0.969	0.964,0.989	-0.007
0.723,0.439	0.776,0.635	-0.125
0.781,0.805	0.647,0.88	0.029
0.923,0.939	1.0,1.0	-0.069
1.0,0.965	1.0,1.0	-0.018
0.861,0.895	0.791,0.957	0.004
0.088,0.082	0.125,0.182	-0.069
0.744,0.795	1.0,NA	-0.23
0.122,0.244	0.493,0.0	-0.064
1.0,1.0	1.0,0.629	0.185
0.338,0.465	0.568,0.739	-0.252
0.886,0.0	0.0,NA	0.443
0.294,0.493	0.172,0.368	0.123
0.461,0.362	0.393,0.469	-0.02
0.465,0.723	0.178,1.0	0.005
1.0,0.987	1.0,1.0	-0.006
0.142,0.139	0.233,0.236	-0.094
0.0,1.0	NA,1.0	-0.5
0.71,0.662	0.662,0.831	-0.06
0.307,0.325	0.188,0.178	0.133
0.466,0.564	0.627,0.588	-0.092
0.246,0.371	0.421,0.312	-0.058
0.099,0.164	1.0,1.0	-0.869
0.966,1.0	1.0,1.0	-0.017
0.037,0.069	0.093,0.06	-0.023
0.064,0.056	0.046,0.054	0.01
0.0,0.012	0.0,0.0	0.006
0.998,0.986	0.983,0.985	0.008
1.0,0.891	0.872,1.0	0.01
0.066,0.0	0.0,0.314	-0.124
0.156,0.133	0.195,0.244	-0.075
0.582,0.727	0.798,0.937	-0.213
1.0,0.942	1.0,0.764	0.089
0.005,0.002	0.009,0.019	-0.01
0.847,0.396	0.259,1.0	-0.008
0.027,0.019	0.025,0.033	-0.006
0.135,0.207	0.262,0.257	-0.089
0.991,1.0	1.0,1.0	-0.004
0.433,0.503	0.817,0.471	-0.176
0.548,0.546	0.87,0.532	-0.154
0.443,0.836	0.695,0.555	0.014
0.99,1.0	1.0,1.0	-0.005
0.112,0.163	0.275,0.042	-0.021
0.024,0.014	0.026,0.0	0.006
0.428,0.358	0.7,0.364	-0.139
1.0,0.992	0.975,1.0	0.008
0.963,0.972	0.978,0.968	-0.005
0.971,0.863	0.653,0.239	0.471
1.0,0.992	1.0,0.98	0.006
0.045,0.027	0.026,0.092	-0.023
0.033,0.053	0.038,0.0	0.024
0.036,0.069	0.029,0.0	0.038
0.955,1.0	1.0,1.0	-0.022
0.664,0.849	0.733,0.749	0.015
NA,1.0	0.0,1.0	0.5
0.331,0.337	0.246,0.317	0.053
0.085,0.023	0.07,0.049	-0.005
0.348,0.494	0.177,0.133	0.266
0.369,NA	0.467,NA	-0.098
0.917,0.803	0.913,0.926	-0.059
0.844,0.893	0.786,0.923	0.014
0.275,0.204	0.227,0.278	-0.013
0.981,0.987	0.985,0.943	0.02
0.897,0.911	0.837,0.793	0.089
0.025,0.164	0.062,0.047	0.04
0.845,0.879	0.881,0.932	-0.045
0.113,0.123	0.125,0.208	-0.048
0.176,0.136	0.258,0.326	-0.136
0.677,0.611	0.771,0.924	-0.204
0.506,0.604	0.67,0.795	-0.178
0.416,0.601	0.4,0.55	0.033
0.386,0.505	0.191,0.095	0.302
0.989,0.993	1.0,1.0	-0.009
0.517,0.243	0.176,0.0	0.292
0.087,0.11	0.109,0.147	-0.029
0.897,0.94	0.847,0.952	0.019
1.0,0.971	1.0,1.0	-0.014
1.0,0.978	1.0,1.0	-0.011
1.0,0.976	0.952,1.0	0.012
0.014,0.014	0.011,0.005	0.006
0.009,0.0	0.016,0.01	-0.009
0.996,1.0	1.0,1.0	-0.002
1.0,0.986	1.0,0.984	0.001
1.0,1.0	0.989,1.0	0.006
0.022,0.029	0.021,0.036	-0.003
0.966,1.0	0.83,0.924	0.106
0.493,0.565	0.289,1.0	-0.116
0.985,0.992	1.0,1.0	-0.012
0.117,0.162	0.28,0.22	-0.11
0.291,0.477	0.84,0.513	-0.292
0.878,0.841	0.851,0.875	-0.004
0.038,0.01	0.017,0.021	0.005
0.848,0.873	0.869,0.813	0.02
0.814,0.767	0.702,0.904	-0.012
0.916,0.905	0.856,0.954	0.006
0.989,1.0	1.0,1.0	-0.006
0.097,0.121	0.131,0.103	-0.008
0.078,0.074	0.046,0.0	0.053
0.681,0.698	0.617,0.932	-0.085
0.239,0.272	0.244,0.135	0.066
0.981,0.996	1.0,0.992	-0.008
0.073,0.043	0.053,0.061	0.001
0.87,0.872	0.943,1.0	-0.101
0.32,0.349	0.362,0.303	0.002
0.95,1.0	1.0,1.0	-0.025
0.785,0.744	0.779,0.8	-0.025
0.653,0.52	0.525,0.485	0.082
0.755,0.596	0.647,0.667	0.018
0.186,0.217	0.618,0.593	-0.404
1.0,0.84	0.467,1.0	0.186
0.841,0.819	0.848,0.819	-0.003
0.049,0.033	0.059,0.051	-0.014
0.996,1.0	1.0,0.994	0.001
0.047,0.0	0.0,0.071	-0.012
0.058,0.049	0.061,0.235	-0.094
0.78,0.848	0.824,0.679	0.062
0.0,0.001	0.002,0.001	-0.001
0.942,0.955	0.872,1.0	0.012
0.292,0.431	0.536,0.536	-0.175
0.844,0.849	0.782,0.735	0.088
1.0,0.985	1.0,1.0	-0.008
1.0,1.0	1.0,0.979	0.01
0.864,0.86	0.766,0.889	0.034
0.954,0.925	0.853,0.889	0.069
0.91,0.508	1.0,1.0	-0.291
0.86,0.848	1.0,0.957	-0.124
0.057,0.153	0.495,0.0	-0.143
0.968,0.975	0.949,0.993	0.001
0.093,0.044	0.046,0.076	0.008
0.349,1.0	0.0,NA	0.674
0.844,0.846	0.918,0.89	-0.059
0.0,0.189	0.072,0.0	0.059
0.341,0.349	0.194,0.327	0.084
0.906,0.917	0.935,0.93	-0.021
0.444,0.593	0.404,0.177	0.228
0.268,0.057	0.398,0.664	-0.369
0.004,0.011	0.007,0.009	-0.001
0.945,1.0	0.915,0.877	0.076
0.188,1.0	NA,0.735	-0.141
0.009,0.015	0.0,0.0	0.012
1.0,1.0	0.994,0.994	0.006
0.96,1.0	1.0,1.0	-0.02
0.138,0.114	0.136,0.063	0.026
0.953,0.972	0.955,0.983	-0.007
1.0,0.997	0.998,0.993	0.003
0.981,0.988	0.992,0.95	0.013
0.883,0.883	0.899,0.871	-0.002
0.169,0.317	0.355,0.279	-0.074
0.25,0.103	0.0,0.186	0.083
1.0,0.98	0.963,1.0	0.008
0.371,0.586	0.0,0.485	0.236
0.017,0.028	0.057,0.018	-0.015
0.999,1.0	0.999,1.0	0.0
1.0,1.0	1.0,0.999	0.0
0.999,0.995	1.0,0.985	0.005
0.091,0.0	0.0,0.086	0.003
0.035,0.037	0.024,0.034	0.007
NA,0.236	1.0,0.0	-0.264
1.0,0.319	1.0,0.319	0.0
1.0,0.594	1.0,1.0	-0.203
0.826,0.833	0.714,0.972	-0.014
0.953,0.945	0.98,0.962	-0.022
0.611,0.684	0.702,0.759	-0.083
0.013,0.015	0.019,0.061	-0.026
0.233,NA	0.421,NA	-0.188
1.0,0.999	1.0,1.0	-0.0
0.181,0.0	NA,0.469	-0.378
0.998,0.988	0.996,1.0	-0.005
0.374,0.505	0.263,0.493	0.061
0.995,1.0	0.997,0.995	0.002
0.092,0.045	0.0,0.105	0.016
0.929,1.0	1.0,0.939	-0.005
0.0,0.179	0.059,0.0	0.06
0.0,0.033	0.026,0.0	0.004
0.653,0.559	0.449,0.318	0.223
0.006,0.003	0.004,0.003	0.001
0.991,0.991	1.0,1.0	-0.009
1.0,0.978	1.0,1.0	-0.011
0.077,0.035	0.036,0.064	0.006
0.2,0.218	0.261,0.064	0.047
0.012,0.01	0.026,0.0	-0.002
0.953,0.976	0.965,0.986	-0.011
0.446,0.497	0.309,0.561	0.036
0.773,0.694	0.776,0.661	0.015
0.831,0.806	0.88,0.766	-0.004
0.666,0.602	0.535,0.532	0.1
0.694,0.733	0.84,0.813	-0.113
0.344,0.44	0.727,0.599	-0.271
0.432,0.704	1.0,0.826	-0.345
1.0,NA	NA,0.0	1.0
0.244,0.197	0.172,0.324	-0.027
0.273,1.0	1.0,1.0	-0.363
0.884,0.915	0.862,0.5	0.218
0.903,0.876	0.866,0.908	0.002
0.117,0.134	0.122,0.181	-0.026
0.907,0.881	0.855,0.878	0.027
0.949,0.891	0.967,0.933	-0.03
1.0,1.0	1.0,0.995	0.002
0.008,0.007	0.009,0.005	0.001
0.006,0.012	0.0,0.0	0.009
0.052,0.091	0.047,0.33	-0.117
0.042,0.008	0.009,0.038	0.002
0.0,NA	0.0,1.0	-0.5
0.585,0.729	0.421,0.0	0.447
0.197,0.222	0.19,0.152	0.039
0.029,0.053	0.064,0.027	-0.004
0.471,0.609	0.862,0.781	-0.281
1.0,1.0	0.229,0.572	0.6
0.645,0.65	0.497,0.767	0.015
0.868,0.912	0.785,0.944	0.025
0.449,0.532	0.493,0.52	-0.016
0.462,0.495	0.334,0.413	0.105
0.028,0.004	0.01,0.054	-0.016
0.913,0.89	0.837,0.91	0.028
0.108,0.0	0.0,0.0	0.054
0.018,0.009	0.015,0.021	-0.005
0.871,0.79	1.0,0.941	-0.14
0.045,0.032	0.058,0.058	-0.02
0.005,0.004	0.007,0.005	-0.001
0.973,0.957	0.971,1.0	-0.021
0.219,0.472	0.422,0.556	-0.144
0.495,0.452	0.299,0.371	0.139
0.102,0.047	0.149,0.121	-0.061
0.756,0.724	0.736,0.742	0.001
0.056,0.133	0.056,0.235	-0.051
0.921,1.0	0.914,0.829	0.089
0.656,0.528	0.523,0.284	0.189
0.021,0.052	0.025,0.016	0.016
0.795,0.747	0.646,0.625	0.136
0.135,0.246	0.064,0.307	0.005
0.028,0.008	0.004,0.0	0.016
0.759,0.715	0.881,1.0	-0.204
0.546,0.589	0.552,0.597	-0.007
0.076,0.261	0.028,0.294	0.008
0.331,0.301	0.314,0.272	0.023
0.651,0.608	0.717,0.637	-0.048
0.522,0.458	0.288,0.37	0.161
0.673,0.525	0.748,0.851	-0.201
0.995,0.993	0.989,0.996	0.002
0.825,0.8	0.85,1.0	-0.113
1.0,0.993	0.978,1.0	0.007
0.959,0.949	1.0,1.0	-0.046
0.03,0.184	0.0,0.153	0.03
0.0,0.0	NA,0.493	-0.493
0.778,0.422	1.0,0.467	-0.134
0.897,1.0	0.903,0.894	0.05
0.458,0.919	0.814,0.832	-0.134
0.036,0.036	0.032,0.041	-0.001
0.045,0.036	0.036,0.041	0.002
0.995,0.998	0.998,1.0	-0.003
0.031,0.018	0.017,0.034	-0.001
0.012,0.025	0.01,0.0	0.014
0.212,0.0	0.0,NA	0.106
0.275,0.475	0.0,0.244	0.253
0.576,0.07	1.0,0.07	-0.212
0.037,0.018	0.043,0.023	-0.006
0.984,0.995	1.0,0.967	0.006
0.252,0.421	0.222,0.226	0.113
1.0,1.0	0.0,NA	1.0
0.618,1.0	NA,1.0	-0.191
0.432,0.379	1.0,0.0	-0.095
0.814,0.807	0.858,0.915	-0.076
0.959,0.925	0.858,0.95	0.038
0.119,0.129	0.16,0.316	-0.114
0.924,1.0	1.0,1.0	-0.038
0.105,0.0	0.16,0.0	-0.028
1.0,0.951	1.0,1.0	-0.024
0.895,0.874	0.858,0.879	0.016
0.103,0.117	0.127,0.095	-0.001
1.0,0.991	1.0,1.0	-0.004
0.087,0.124	0.159,0.078	-0.013
0.296,0.456	1.0,NA	-0.624
0.967,0.944	0.96,0.951	0.0
0.019,0.0	0.022,0.0	-0.001
0.834,0.74	0.847,0.822	-0.048
0.154,0.083	0.059,0.177	0.001
0.885,0.853	0.93,0.938	-0.065
0.985,1.0	1.0,1.0	-0.008
0.038,0.061	0.026,0.025	0.024
0.954,0.973	1.0,1.0	-0.036
0.077,0.155	0.478,0.0	-0.123
0.733,0.725	0.871,0.887	-0.15
0.982,1.0	1.0,1.0	-0.009
0.861,0.688	0.675,0.799	0.037
0.222,0.227	0.166,0.101	0.091
0.977,0.886	1.0,1.0	-0.069
0.607,0.544	0.585,0.553	0.007
0.175,0.0	0.0,1.0	-0.412
0.26,0.159	0.371,0.278	-0.115
0.15,0.202	0.087,0.098	0.083
0.978,1.0	1.0,1.0	-0.011
0.991,0.99	0.97,0.99	0.01
0.946,0.909	0.881,0.816	0.079
0.618,0.562	0.547,0.755	-0.061
0.572,0.306	0.629,0.447	-0.099
0.082,0.125	0.161,0.238	-0.096
0.971,0.954	0.934,0.817	0.087
0.088,0.261	0.0,0.437	-0.044
0.504,0.615	0.731,0.375	0.007
0.034,0.041	0.041,0.025	0.005
0.089,0.102	0.079,0.09	0.011
0.682,0.687	0.635,0.575	0.08
1.0,1.0	0.988,1.0	0.006
0.078,0.044	0.096,0.0	0.013
0.077,0.096	0.113,0.081	-0.011
0.336,0.244	0.135,0.321	0.062
0.481,0.711	0.509,0.633	0.025
0.035,0.024	0.0,0.099	-0.02
0.117,0.082	0.114,0.104	-0.009
0.965,0.962	0.805,0.907	0.107
1.0,0.979	0.919,0.898	0.081
0.667,0.666	0.546,0.569	0.109
0.011,0.034	0.019,0.0	0.013
0.983,1.0	1.0,1.0	-0.008
0.915,0.884	0.824,0.88	0.047
0.388,0.777	0.488,1.0	-0.161
0.865,0.875	0.834,0.906	0.0
0.037,0.021	0.06,0.079	-0.041
0.736,0.57	0.696,0.471	0.07
0.121,0.077	0.09,0.033	0.038
0.901,0.856	1.0,1.0	-0.121
0.981,1.0	1.0,1.0	-0.01
0.898,0.852	0.833,0.854	0.032
0.833,0.747	0.772,0.718	0.045
0.228,0.156	0.265,0.104	0.008
0.481,0.466	0.441,0.479	0.014
0.835,0.795	0.674,0.756	0.1
0.6,0.581	0.416,0.773	-0.004
0.0,1.0	0.0,0.0	0.5
0.0,0.195	1.0,NA	-0.902
0.544,0.609	1.0,0.894	-0.371
0.0,0.101	0.144,0.0	-0.021
0.913,0.898	0.947,0.941	-0.038
0.252,0.73	0.231,NA	0.26
0.023,0.022	0.405,0.149	-0.255
0.22,0.278	0.283,0.267	-0.026
0.031,0.039	0.026,0.045	-0.0
0.28,0.209	0.272,0.244	-0.014
0.258,0.27	0.244,0.211	0.037
0.471,0.748	NA,0.0	0.609
0.956,0.92	0.955,0.952	-0.016
0.037,0.04	0.0,0.016	0.03
0.572,0.65	0.463,0.608	0.076
0.002,0.005	0.017,0.0	-0.005
0.531,0.452	0.79,1.0	-0.403
0.35,0.298	0.513,0.493	-0.179
0.896,0.836	0.885,1.0	-0.077
1.0,1.0	1.0,0.985	0.008
0.979,1.0	0.965,1.0	0.007
0.94,0.92	0.948,0.862	0.025
0.712,0.813	0.822,0.787	-0.042
0.52,0.555	0.793,0.84	-0.279
0.626,0.669	0.869,0.9	-0.237
1.0,1.0	0.934,0.83	0.118
0.114,0.043	0.063,0.0	0.047
0.052,0.033	0.025,0.031	0.014
0.923,0.895	0.891,0.898	0.014
0.239,0.283	0.188,0.211	0.061
0.082,0.041	0.064,0.117	-0.029
0.41,1.0	1.0,NA	-0.295
0.981,0.941	0.955,1.0	-0.017
0.06,0.031	0.061,0.047	-0.009
0.549,0.301	0.305,0.397	0.074
1.0,0.976	1.0,1.0	-0.012
0.384,0.406	0.476,0.33	-0.008
0.942,0.918	0.857,0.918	0.042
1.0,0.996	1.0,1.0	-0.002
0.735,0.773	0.777,0.696	0.018
1.0,0.991	1.0,1.0	-0.004
0.573,0.637	0.697,0.539	-0.013
0.288,0.318	0.442,0.268	-0.052
0.941,0.971	0.968,0.956	-0.006
0.196,0.209	0.0,0.0	0.203
0.085,0.091	0.083,0.125	-0.016
1.0,1.0	0.882,0.625	0.246
0.0,0.043	0.0,0.0	0.021
1.0,0.977	1.0,0.965	0.006
0.997,0.998	0.999,0.997	-0.0
1.0,0.999	1.0,1.0	-0.0
0.974,0.973	0.994,0.985	-0.016
0.065,0.135	0.143,0.05	0.004
0.624,0.682	0.415,0.595	0.148
0.416,0.356	0.526,0.378	-0.066
0.974,0.987	1.0,1.0	-0.02
0.0,0.053	0.0,0.089	-0.018
0.116,0.0	0.0,0.282	-0.083
0.671,0.702	0.905,0.737	-0.134
0.985,1.0	1.0,1.0	-0.008
0.028,0.018	0.009,0.029	0.004
0.0,0.053	0.0,0.0	0.026
0.647,1.0	1.0,1.0	-0.176
0.712,0.765	0.802,1.0	-0.163
0.008,0.009	0.006,0.009	0.001
0.863,0.808	0.843,0.849	-0.01
0.519,0.571	1.0,0.22	-0.065
0.001,0.0	0.001,0.0	0.0
0.43,0.392	0.273,0.358	0.096
0.048,0.032	0.067,0.047	-0.017
0.379,0.382	0.353,0.368	0.02
0.943,0.937	0.977,0.987	-0.042
0.891,0.84	0.586,0.886	0.129
0.002,0.008	0.016,0.006	-0.006
1.0,1.0	0.8,0.915	0.142
0.968,1.0	1.0,1.0	-0.016
0.51,0.411	0.566,0.668	-0.156
0.641,0.427	0.13,0.374	0.282
0.181,0.307	NA,0.469	-0.225
0.131,0.063	0.063,0.061	0.035
0.974,0.913	0.947,1.0	-0.03
1.0,0.994	1.0,1.0	-0.003
0.949,0.969	0.971,1.0	-0.027
1.0,0.977	1.0,1.0	-0.012
0.652,0.832	0.559,0.686	0.119
0.325,0.274	0.175,0.213	0.105
0.044,0.206	0.0,0.0	0.125
0.617,1.0	1.0,1.0	-0.192
0.046,0.02	0.033,0.044	-0.005
0.472,0.48	0.381,0.408	0.082
0.817,0.831	0.728,1.0	-0.04
0.775,0.804	0.815,0.8	-0.018
0.395,0.445	0.191,0.252	0.199
0.265,0.055	0.231,0.153	-0.032
0.391,0.231	1.0,1.0	-0.689
0.758,0.387	0.549,0.453	0.072
0.046,0.035	0.023,0.367	-0.154
1.0,1.0	0.925,1.0	0.037
0.924,0.911	0.948,0.931	-0.022
0.89,0.818	0.931,0.855	-0.039
1.0,0.928	1.0,1.0	-0.036
0.603,0.562	0.387,0.564	0.107
0.369,0.353	0.181,0.362	0.09
0.169,0.215	0.169,0.255	-0.02
0.983,1.0	1.0,1.0	-0.008
0.865,0.862	0.59,0.325	0.406
0.669,0.66	0.556,0.701	0.036
0.974,0.923	1.0,0.971	-0.037
1.0,0.973	0.894,1.0	0.039
0.987,1.0	0.979,1.0	0.004
0.874,0.816	0.861,0.818	0.006
0.503,0.635	0.635,0.924	-0.211
0.037,0.103	1.0,0.223	-0.542
0.859,0.838	0.757,1.0	-0.03
0.305,0.312	0.827,0.567	-0.388
0.132,0.716	0.0,0.456	0.196
0.969,0.95	1.0,1.0	-0.04
0.767,0.815	1.0,1.0	-0.209
0.085,0.158	0.13,0.145	-0.016
0.009,0.014	0.005,0.003	0.007
0.147,0.156	0.326,0.335	-0.179
1.0,0.993	1.0,1.0	-0.004
0.175,0.192	0.223,0.221	-0.039
0.499,0.645	0.58,0.628	-0.032
0.0,0.029	0.13,0.286	-0.193
1.0,1.0	0.976,0.977	0.024
0.087,0.322	0.0,0.488	-0.039
0.671,0.698	0.488,0.543	0.169
1.0,0.959	0.895,1.0	0.032
0.493,0.163	0.0,NA	0.328
0.988,0.959	0.977,0.951	0.01
0.755,0.649	0.784,0.836	-0.108
1.0,0.989	1.0,1.0	-0.006
1.0,0.985	1.0,1.0	-0.008
0.046,0.01	0.058,0.013	-0.008
0.254,0.297	0.421,0.376	-0.123
0.101,0.057	0.07,0.037	0.025
0.052,0.081	0.0,0.469	-0.168
0.027,0.048	0.122,0.039	-0.043
0.021,0.018	0.037,0.057	-0.028
0.776,0.783	0.909,1.0	-0.175
0.776,0.712	0.433,0.754	0.15
0.007,0.002	0.014,0.005	-0.005
0.942,0.926	0.933,0.93	0.002
1.0,0.795	1.0,NA	-0.103
0.137,0.151	0.116,0.058	0.057
1.0,0.941	0.952,1.0	-0.006
0.113,0.116	0.257,0.122	-0.075
0.889,0.71	0.712,0.795	0.046
0.923,0.955	1.0,1.0	-0.061
0.749,0.939	1.0,1.0	-0.156
0.772,0.74	0.748,0.745	0.01
0.955,0.716	0.907,1.0	-0.118
0.74,0.881	NA,0.799	0.011
0.0,0.128	0.0,0.0	0.064
1.0,0.939	1.0,1.0	-0.03
0.958,0.978	0.969,1.0	-0.016
0.065,0.075	0.125,0.137	-0.061
0.651,1.0	1.0,NA	-0.174
0.996,0.996	0.993,1.0	-0.0
0.965,0.819	1.0,0.953	-0.085
0.108,0.118	0.262,0.182	-0.109
0.967,1.0	1.0,1.0	-0.016
0.218,0.215	0.204,0.153	0.038
0.021,0.012	0.01,0.03	-0.003
0.483,0.464	0.423,0.569	-0.022
0.822,0.724	0.587,0.864	0.047
0.332,0.338	0.442,0.215	0.007
0.992,0.98	1.0,1.0	-0.014
0.773,0.454	0.829,0.66	-0.131
0.984,0.984	0.995,0.994	-0.01
0.412,0.309	0.375,0.333	0.007
0.024,0.011	0.027,0.009	-0.0
0.112,0.06	0.192,0.093	-0.057
0.114,0.045	0.125,0.022	0.006
0.811,0.928	0.932,0.873	-0.033
1.0,0.982	1.0,1.0	-0.009
0.014,0.009	0.014,0.004	0.002
0.531,0.77	0.796,0.817	-0.156
0.292,0.307	0.222,0.379	-0.001
1.0,1.0	0.917,0.866	0.109
0.072,0.032	0.107,0.094	-0.049
0.968,0.965	0.966,1.0	-0.017
0.927,0.899	1.0,0.966	-0.07
1.0,0.969	1.0,0.98	-0.006
0.64,0.911	0.936,0.914	-0.149
0.252,0.21	0.292,0.194	-0.012
0.022,0.117	0.0,0.0	0.07
0.426,0.492	0.526,0.273	0.059
0.01,0.013	0.035,0.041	-0.027
0.117,0.083	0.105,0.055	0.02
0.132,0.092	0.109,0.128	-0.006
0.989,1.0	1.0,1.0	-0.006
0.101,0.105	0.022,0.079	0.053
0.059,0.105	0.277,0.0	-0.057
0.409,0.548	0.591,0.653	-0.143
0.137,0.141	0.102,0.121	0.028
0.043,0.0	0.087,0.091	-0.068
0.268,0.292	0.407,0.49	-0.168
0.027,0.016	0.019,0.022	0.001
0.926,0.926	0.874,0.821	0.079
0.864,0.874	0.881,0.858	-0.0
0.989,0.956	0.949,1.0	-0.002
0.346,0.357	0.773,0.493	-0.282
0.076,0.115	0.144,0.0	0.024
0.978,1.0	1.0,1.0	-0.011
0.056,0.088	0.156,0.122	-0.067
0.0,0.0	0.088,0.0	-0.044
0.965,1.0	1.0,1.0	-0.018
1.0,0.996	1.0,1.0	-0.002
0.018,0.018	0.016,0.014	0.003
0.399,0.283	0.356,0.35	-0.012
0.984,1.0	1.0,1.0	-0.008
0.102,0.376	0.255,0.288	-0.032
0.945,0.951	0.97,0.898	0.014
0.987,0.992	1.0,1.0	-0.01
1.0,1.0	1.0,0.719	0.141
0.557,0.547	0.442,0.556	0.053
0.209,0.167	0.148,0.156	0.036
0.197,0.091	0.105,0.141	0.021
0.079,0.211	0.262,0.631	-0.301
0.0,0.259	0.067,0.0	0.096
0.124,0.346	0.377,0.263	-0.085
0.992,0.982	0.952,0.976	0.023
0.968,0.99	0.971,1.0	-0.007
0.997,0.996	0.997,1.0	-0.002
0.999,1.0	1.0,1.0	-0.0
0.959,0.99	1.0,1.0	-0.026
0.998,1.0	1.0,1.0	-0.001
0.907,0.905	0.905,0.874	0.017
0.965,0.962	0.947,0.954	0.013
0.785,0.795	0.823,0.822	-0.032
0.924,0.74	0.86,0.848	-0.022
0.19,0.376	0.475,0.315	-0.112
0.098,0.026	0.046,0.0	0.039
0.999,1.0	1.0,1.0	-0.0
0.0,0.0	0.0,0.533	-0.267
0.005,0.0	0.0,0.0	0.003
0.845,0.781	0.739,0.666	0.11
0.06,0.082	0.047,0.163	-0.034
0.979,1.0	0.952,0.882	0.073
0.041,0.031	0.022,0.0	0.025
0.036,0.376	0.0,NA	0.206
0.0,0.0	0.057,1.0	-0.528
0.091,0.124	0.22,0.444	-0.225
0.99,0.974	0.981,1.0	-0.008
0.222,0.416	0.151,0.338	0.075
0.977,0.966	1.0,1.0	-0.028
0.543,0.523	0.276,0.488	0.151
1.0,1.0	0.991,1.0	0.004
0.039,0.017	0.055,0.0	0.001
0.915,1.0	1.0,1.0	-0.042
