IJC_SAMPLE_1	SJC_SAMPLE_1	IJC_SAMPLE_2	SJC_SAMPLE_2	IncFormLen	SkipFormLen
45,30	26,44	11,4	22,17	182	99
28,24	0,1	14,9	0,0	243	99
8,9	131,111	3,1	91,34	128	99
420,321	31,25	216,127	18,9	108	99
607,495	24,27	291,209	20,8	105	99
177,149	0,2	88,49	0,0	105	99
76,62	0,0	31,19	0,1	102	99
135,157	2,0	60,45	1,0	109	99
45,50	1,0	27,17	0,0	108	99
97,119	38,20	65,41	3,2	524	99
972,939	0,1	338,225	1,0	103	99
62,33	7,9	18,10	5,0	132	99
55,71	2,2	24,20	0,0	150	99
17,13	173,180	11,8	89,53	110	99
3,1	263,304	12,7	98,77	260	99
357,306	2,1	244,128	0,1	104	99
744,585	5,7	439,254	1,2	106	99
16,8	56,50	2,1	29,16	102	99
40,46	12,2	27,9	9,5	107	99
246,233	3,8	105,88	3,0	117	99
140,178	5,2	103,57	2,1	102	99
3,4	6,0	1,1	0,0	111	99
21,6	3,0	2,1	0,0	245	99
2827,2466	439,376	1994,1201	421,295	105	99
15,1	9,16	4,1	7,0	108	99
15,14	59,39	8,6	38,22	111	99
21,5	105,106	13,17	44,31	120	99
68,42	8,12	40,35	18,15	297	99
72,44	117,111	44,35	46,35	309	99
12,14	117,111	22,15	46,35	111	99
9,4	129,125	5,4	76,44	282	99
52,25	39,38	12,7	19,12	106	99
326,268	1,0	202,109	0,0	282	99
137,148	10,5	64,58	4,4	102	99
16,10	83,62	12,5	82,35	136	99
148,141	5,4	57,47	2,0	102	99
28,26	20,15	10,2	4,7	119	99
79,46	312,241	39,22	139,110	186	99
144,155	14,6	46,33	7,2	130	99
1,1	5,8	0,0	6,8	109	99
7,5	30,22	4,3	14,9	114	99
1,0	35,31	1,0	20,11	116	99
10,12	25,18	6,1	12,11	117	99
192,169	6,3	84,72	8,4	408	99
129,94	6,3	56,36	8,4	449	99
15,8	73,83	6,2	34,38	140	99
61,52	1,0	28,14	0,0	102	99
37,35	45,36	17,8	11,15	102	99
82,67	0,1	30,30	0,0	697	99
17,16	0,0	2,2	4,0	193	99
31,9	2,0	13,8	0,0	177	99
3,1	23,13	6,2	6,5	102	99
0,0	41,39	1,0	31,14	147	99
29,34	44,20	26,12	14,13	102	99
1156,1023	0,0	850,425	1,2	104	99
17,12	0,6	11,4	0,1	247	99
27,35	16,22	21,9	16,10	247	99
118,136	2,4	69,59	2,2	114	99
205,199	34,38	136,81	17,4	102	99
29,48	2,3	15,12	1,1	160	99
1,6	7,6	4,2	1,0	108	99
3,1	4,3	0,1	0,1	108	99
17,21	2,2	9,3	4,0	102	99
8,15	2,1	5,3	0,0	161	99
40,31	9,12	27,18	7,8	184	99
117,118	0,0	68,52	2,1	306	99
72,54	12,16	83,38	9,12	120	99
207,181	6,3	143,80	17,4	248	99
10,8	54,48	10,2	23,7	102	99
7,2	137,122	9,3	53,32	115	99
294,272	85,100	133,107	38,32	102	99
334,291	113,100	189,90	41,27	102	99
155,161	20,37	93,65	16,16	114	99
1,2	71,98	2,8	49,41	267	99
3,3	8,2	4,2	1,0	132	99
8,14	221,278	10,8	140,119	108	99
10,7	76,51	6,8	59,24	117	99
1547,1209	1,0	876,432	0,0	103	99
180,176	732,623	66,44	269,219	182	99
151,133	44,21	55,42	1,10	180	99
6,8	57,75	1,0	33,23	113	99
67,63	112,112	48,51	38,30	106	99
260,237	0,2	119,72	1,1	238	99
1,2	220,254	2,1	158,86	132	99
598,501	13,15	345,181	5,7	111	99
903,811	0,0	581,372	3,0	117	99
167,123	2,6	80,41	0,1	122	99
58,79	2977,3011	45,20	2151,1446	108	99
12,7	1,2	2,3	4,0	114	99
3,1	6,8	0,0	3,3	115	99
575,585	3,2	396,245	1,0	660	99
14,2	9,16	1,0	6,3	102	99
8,15	0,0	5,3	0,2	134	99
0,0	4,1	2,0	0,1	102	99
26,15	9,7	6,4	11,1	108	99
71,44	2,1	33,18	1,0	134	99
106,85	4,4	51,21	0,0	278	99
7,3	1,0	3,2	0,0	131	99
156,128	2,0	60,47	0,1	172	99
7,3	46,32	4,0	21,17	120	99
6,5	402,281	5,3	223,138	135	99
62501,50290	812,410	36190,23724	508,204	120	99
40,46	1,2	22,16	0,0	156	99
24,35	28,18	5,10	16,7	708	99
58,64	28,18	29,30	16,7	751	99
93,80	20,21	42,49	18,13	303	99
90,85	32,41	71,47	27,24	361	99
19,21	0,0	8,11	3,1	116	99
30,33	650,517	10,5	351,206	280	99
255,275	19,13	85,78	4,11	434	99
43,41	655,424	37,13	392,173	118	99
11,10	1,0	5,7	0,0	145	99
47,75	27,51	29,15	21,12	104	99
4,10	193,135	1,1	159,99	268	99
0,0	47,42	1,0	14,18	105	99
0,0	0,2	1,0	0,0	102	99
1014,1035	1,1	629,437	0,0	127	99
1,0	28,23	0,1	18,3	111	99
44,59	183,157	22,21	87,81	271	99
56,50	3,5	28,10	1,2	102	99
10,3	190,155	1,1	59,34	147	99
303,337	69,93	180,127	42,45	159	99
4390,4456	4,5	2655,1700	1,1	168	99
132,148	21,12	57,37	2,5	121	99
17,16	0,1	4,3	0,1	108	99
10,9	11,9	5,2	11,1	107	99
4,8	0,1	9,4	0,0	111	99
369,335	75,46	305,177	35,27	532	99
13,15	84,85	3,3	73,45	129	99
12,8	53,54	0,7	28,16	365	99
0,5	54,57	0,0	34,22	159	99
47,48	16,23	12,12	12,7	114	99
40,53	0,0	25,19	1,0	112	99
11,17	105,113	3,5	56,39	111	99
88,85	4,5	26,23	2,3	160	99
311,223	13,14	183,123	10,4	138	99
23,31	87,68	8,3	46,26	116	99
40,44	217,207	13,10	104,85	102	99
5,6	78,70	1,1	17,32	248	99
55,54	1,0	24,24	0,3	106	99
478,562	64,36	249,199	32,22	233	99
99,90	10,5	43,18	1,3	102	99
17,10	96,156	4,2	52,59	140	99
130,87	6,2	59,43	0,6	102	99
75,99	0,1	41,34	2,0	111	99
207,226	3,4	80,82	4,1	293	99
4,8	4,0	9,0	2,2	121	99
939,796	22,8	584,265	7,5	102	99
283,244	50,49	145,88	38,17	114	99
218,207	0,1	124,77	0,0	106	99
13,14	55,54	10,6	10,10	159	99
6,2	0,5	4,2	2,0	105	99
4,2	2,1	3,3	2,2	128	99
244,166	1,0	106,75	0,1	105	99
9,1	117,104	2,5	54,39	126	99
22,57	70,62	20,20	39,25	109	99
15,11	120,128	10,6	90,52	132	99
400,364	27,24	258,156	21,16	111	99
78,65	41,24	48,18	12,11	113	99
4,13	122,80	5,1	42,23	118	99
99,100	365,299	61,40	189,110	290	99
93,79	33,36	41,37	9,7	152	99
31,35	0,0	22,12	1,0	106	99
43,45	0,0	27,18	1,0	112	99
15,14	3,4	7,7	2,1	105	99
4,1	347,282	3,2	207,114	253	99
12,2	9,7	5,0	6,0	113	99
10,8	36,39	3,0	15,11	102	99
10,15	463,414	4,1	213,121	102	99
2,6	3,4	8,5	4,5	120	99
64,50	79,58	22,7	41,21	102	99
222,213	10,7	136,49	5,1	110	99
87,93	668,701	89,71	329,239	102	99
22,12	949,873	18,8	534,351	123	99
59,45	10,3	43,16	0,3	111	99
18,12	9,8	8,7	7,0	102	99
21,12	372,302	2,6	202,132	249	99
20,11	59,62	23,13	83,30	102	99
155,128	157,121	99,46	107,68	102	99
54,66	4,0	41,11	0,0	102	99
11,13	334,304	5,6	145,94	102	99
14,10	363,330	17,8	192,119	130	99
7,4	31,21	4,0	6,5	102	99
24,30	89,109	3,9	40,39	153	99
55,71	89,109	24,20	40,39	174	99
31,43	0,2	22,11	1,0	120	99
73,50	12,23	33,16	7,7	102	99
41,47	89,100	17,7	56,41	108	99
0,1	0,0	0,0	1,0	195	99
5,8	0,0	11,4	1,0	126	99
91,77	48,29	44,31	26,22	102	99
101,47	0,1	35,31	0,0	286	99
9,10	7,3	4,3	0,2	127	99
19,22	7,3	7,3	0,2	160	99
13,14	3,2	5,2	2,2	132	99
0,1	43,42	0,0	22,6	102	99
61,51	0,0	34,23	3,0	144	99
10334,9129	211,189	5465,3656	158,78	105	99
780,686	211,189	414,286	158,78	204	99
105,95	9659,8538	46,34	5097,3404	198	99
1,12	75,53	1,1	28,25	153	99
5,2	4,10	4,4	5,2	112	99
51,72	5,2	17,20	3,1	132	99
5,0	0,2	6,6	0,0	144	99
76,73	35,52	37,17	23,19	102	99
5,11	1,1	1,6	2,1	117	99
33,64	1,1	20,15	2,1	139	99
28,57	0,4	20,9	1,0	121	99
806,840	17,11	485,340	7,4	409	99
18,17	81,96	9,13	41,27	139	99
29,21	507,299	11,19	587,371	291	99
174,164	0,1	101,63	0,0	367	99
52,46	89,68	32,18	66,31	216	99
0,0	0,1	0,1	0,0	110	99
135,126	16,10	81,59	9,5	102	99
40,32	6,11	25,8	5,2	115	99
135,151	150,123	80,49	46,33	102	99
313,271	13,9	153,104	11,3	111	99
191,197	25,14	84,58	9,1	136	99
60,76	25,14	36,34	9,1	148	99
8,25	139,146	10,8	58,32	111	99
1,2	51,50	0,0	26,21	105	99
125,125	4,4	89,43	0,2	287	99
22,31	0,3	20,8	0,0	459	99
0,1	1,2	0,2	0,0	102	99
429,337	0,1	236,135	1,0	240	99
8,7	32,30	15,4	22,5	111	99
96,86	32,30	75,36	22,5	130	99
7,4	5,8	9,2	3,7	108	99
285,174	27,9	264,177	15,19	102	99
228,207	162,138	253,141	139,98	102	99
82,81	27,11	33,21	17,6	115	99
5,9	106,79	8,1	37,20	110	99
27,30	4,3	13,6	2,2	110	99
1587,1199	0,0	756,404	0,1	257	99
13,12	1,0	16,3	0,1	159	99
14,23	117,111	8,8	48,40	113	99
17,13	50,60	10,4	27,19	102	99
3,1	70,39	2,1	29,8	104	99
83,63	11,18	38,40	4,3	118	99
48,31	16,5	31,13	5,9	112	99
1074,869	210,118	696,370	81,53	1641	99
1042,843	210,118	670,366	81,53	1628	99
4,3	127,82	3,3	100,85	241	99
124,127	9,2	48,28	2,0	108	99
19,9	5,3	6,4	5,0	102	99
0,0	1,2	3,1	0,0	113	99
35,29	2,0	13,8	0,0	118	99
664,546	498,459	394,260	323,228	162	99
6,4	7,5	4,1	8,1	112	99
8,4	0,0	5,1	2,0	117	99
9,5	0,0	9,1	2,0	104	99
101,81	5,1	37,36	1,2	105	99
27,30	72,78	23,32	36,21	102	99
19,22	14,17	7,10	3,4	162	99
1551,1248	0,0	975,588	0,3	292	99
29,34	47,50	11,12	14,16	228	99
52,57	472,384	30,19	309,181	453	99
1,3	143,93	0,0	54,35	123	99
1,1	97,63	3,3	27,30	118	99
23,26	2,4	7,1	3,3	105	99
13,7	47,58	6,2	18,19	276	99
931,912	31,22	579,435	7,7	120	99
19,18	384,360	13,8	233,168	144	99
72,64	1,0	37,26	0,0	108	99
35,29	19,6	14,15	8,3	102	99
93,102	1,1	46,28	0,0	172	99
105,115	1,1	48,30	0,0	176	99
12,17	0,4	2,2	0,0	103	99
193,204	18,22	86,56	5,0	176	99
627,545	205,156	505,325	63,31	119	99
35,26	1,2	24,12	0,0	129	99
35,33	686,669	28,22	354,253	108	99
27,17	36,51	10,17	34,21	109	99
57,69	31,24	30,12	14,14	172	99
2,9	38,39	1,2	8,6	124	99
78,56	0,2	32,25	0,0	120	99
84,58	5,10	33,30	1,2	337	99
8,5	5,10	1,5	1,2	316	99
0,1	9,10	0,0	3,1	118	99
9,11	8,4	11,7	4,4	104	99
233,214	17,4	214,78	10,2	141	99
584,428	29,13	292,213	10,10	102	99
1509,1334	216,136	1143,689	113,66	272	99
28,15	3,2	12,9	1,3	230	99
35,18	2187,2362	16,11	1162,849	255	99
10,5	2187,2362	5,5	1162,849	124	99
11,3	3,4	10,2	9,2	124	99
50,42	58,31	30,15	16,13	104	99
185,234	0,1	116,80	0,0	212	99
293,346	1,5	188,113	1,0	212	99
718,723	130,93	328,215	50,30	397	99
10,12	234,242	7,2	101,71	144	99
0,3	14,17	5,2	4,3	102	99
0,0	1778,1364	1,0	1141,643	123	99
16,16	33,20	2,3	3,3	109	99
218,186	3,8	98,72	4,1	110	99
133,115	56,65	103,52	24,21	175	99
208,111	47,48	104,47	16,11	495	99
3,3	1569,1474	1,4	975,663	364	99
49,49	5,7	42,28	1,1	174	99
13,18	417,346	13,3	203,119	110	99
411,433	1,1	193,127	2,0	114	99
28,20	23,27	12,6	18,4	116	99
48,35	15,8	22,13	5,0	159	99
43,42	15,8	28,11	5,0	142	99
1,1	246,187	3,0	122,90	113	99
11,21	0,1	1,0	0,0	103	99
62,74	79,62	23,14	21,19	135	99
148,124	3,1	86,25	2,0	145	99
17,18	439,344	11,7	275,120	378	99
2,0	18,16	2,0	12,1	112	99
4,6	5,3	3,3	4,5	102	99
129,122	470,407	93,82	213,115	220	99
394,330	99,90	273,172	85,38	135	99
141,107	2,1	82,35	2,1	108	99
277,201	1,1	172,97	0,0	144	99
359,230	1,0	264,103	0,0	218	99
13,11	109,114	8,5	48,33	137	99
13,11	3,0	8,4	0,0	137	99
63,77	3,3	36,22	0,0	105	99
86,72	10,8	44,21	4,2	192	99
535,317	119,64	280,119	77,54	102	99
204,99	9,5	130,52	5,1	225	99
172,158	1,11	84,52	1,4	102	99
35,32	527,361	17,13	277,121	112	99
26,36	1,1	3,3	0,0	273	99
28,28	179,237	7,4	100,76	577	99
3,1	394,298	1,0	228,107	102	99
3,7	269,212	5,6	163,104	239	99
38,43	160,119	6,2	99,53	102	99
17,10	570,542	5,5	304,151	201	99
0,2	6,2	1,0	7,1	108	99
2,3	124,128	0,0	97,35	120	99
237,228	131,162	122,83	72,51	135	99
3,3	1,2	1,0	0,0	108	99
140,150	6,3	95,49	8,5	110	99
69,57	64,66	16,9	15,7	102	99
85,73	1,0	45,21	0,0	108	99
123,95	5,2	50,22	0,0	108	99
110,80	1,4	27,20	7,1	104	99
74,53	2,1	28,23	1,0	123	99
58,58	86,60	42,35	82,58	108	99
9,4	27,18	4,4	7,5	122	99
2,3	1,3	2,0	0,0	233	99
9,1	0,1	0,2	0,0	129	99
488,398	2,0	290,161	0,2	173	99
80,72	290,287	40,29	105,95	102	99
22,12	348,338	5,5	184,123	111	99
160,122	126,127	101,44	34,17	103	99
23,18	3,0	14,4	0,2	103	99
43,43	6,11	16,11	0,0	449	99
698,618	714,516	420,319	269,128	555	99
0,2	12,14	1,5	0,4	102	99
880,777	671,544	868,472	492,298	142	99
25,40	19,13	13,5	7,7	108	99
1,5	33,29	3,2	29,20	120	99
13,8	98,108	0,5	57,31	102	99
7,0	107,88	5,0	41,33	141	99
1,3	42,45	5,0	22,9	102	99
20,4	36,31	2,0	30,7	111	99
28,15	183,209	19,9	69,59	114	99
14,4	50,29	1,1	29,12	107	99
3019,2490	41,35	1576,1069	19,13	102	99
12,8	7,12	8,0	0,1	114	99
0,0	24,23	1,0	8,8	102	99
26,19	40,27	15,6	7,8	102	99
10,2	122,111	3,4	102,75	117	99
91,72	1,0	50,26	3,0	558	99
6,8	64,32	6,2	24,22	133	99
130,96	2,5	45,37	0,2	594	99
25,23	3,3	2,4	2,3	334	99
26,18	6,5	13,7	4,4	160	99
23,28	12,3	12,25	1,6	116	99
1,4	36,35	1,0	11,9	111	99
41,40	119,135	18,9	50,46	102	99
38,25	8,10	12,9	5,1	102	99
3,0	24,32	0,1	18,11	247	99
0,3	7,4	6,2	3,2	108	99
0,3	2,2	0,0	5,5	102	99
317,201	20,9	201,100	13,5	141	99
26,16	104,83	19,9	42,30	102	99
10,10	41,40	5,2	12,11	102	99
1,0	8,13	0,0	2,4	117	99
262,189	620,632	271,168	281,186	381	99
644,498	1,4	243,169	1,0	117	99
75,76	5,1	19,24	2,2	105	99
57,30	3,2	30,29	6,0	154	99
70,45	285,205	41,35	147,137	157	99
73,49	116,87	46,36	63,44	160	99
16,17	285,205	17,6	147,137	102	99
19,21	116,87	22,7	63,44	105	99
288,209	116,87	152,138	63,44	102	99
1,0	4,1	2,1	5,1	115	99
9,1	16,15	5,2	3,3	137	99
10,3	0,0	5,6	1,1	150	99
31,7	0,1	9,10	0,0	178	99
12,2	16,15	8,2	3,3	121	99
13,4	0,0	8,6	1,1	134	99
34,8	0,1	12,10	0,0	162	99
17,17	0,0	3,7	1,1	112	99
38,21	0,1	7,11	0,0	140	99
21,4	0,1	5,5	0,0	127	99
36,33	1,0	19,10	0,0	118	99
7244,5185	79,60	3260,1813	37,13	118	99
7535,5441	50,30	3405,1900	23,16	128	99
370,316	50,30	182,100	23,16	109	99
25,27	4574,4268	15,7	2255,1450	102	99
506,537	8,3	241,192	7,3	139	99
105,118	1,0	60,39	0,1	103	99
4,7	23,40	3,3	17,13	121	99
6,5	42,30	8,4	27,23	109	99
28,21	11,10	11,5	4,5	104	99
91,85	11,10	30,27	4,5	163	99
86,81	23,17	28,25	9,3	158	99
14,15	938,881	10,4	538,348	251	99
2,4	52,37	4,1	40,16	116	99
11,17	115,107	5,4	69,47	138	99
294,282	720,801	161,129	343,223	108	99
52,48	93,97	19,32	69,37	140	99
144,137	0,1	65,66	0,0	129	99
426,363	41,43	248,130	16,14	114	99
6,3	1,2	3,1	0,2	275	99
108,96	3,0	57,29	0,1	129	99
20,16	19,21	8,9	6,3	102	99
13,22	15,21	5,8	10,3	102	99
9,9	564,566	2,1	328,184	236	99
86,70	9,2	71,54	1,4	453	99
30,22	42,29	13,22	27,11	110	99
466,335	423,317	415,236	219,149	102	99
141,120	830,691	155,73	581,304	114	99
49,54	60,36	20,12	23,14	112	99
1,0	5,2	0,0	4,3	118	99
18,19	10,7	11,10	3,1	130	99
0,3	0,1	1,0	0,0	105	99
5,3	135,94	2,1	87,39	118	99
30,46	1,1	25,18	0,0	145	99
106,108	13,11	52,43	11,11	113	99
123,131	38,27	86,60	14,9	109	99
78,89	7,7	57,49	3,0	126	99
0,1	44,55	0,0	13,16	168	99
108,97	56,37	51,29	28,12	121	99
6,3	0,0	0,2	2,0	123	99
4,3	102,85	0,1	49,29	102	99
80,67	45,58	10,17	16,17	102	99
25,19	19,17	27,13	9,7	361	99
28,18	77,56	29,20	38,26	617	99
560,451	1,0	234,175	0,0	116	99
346,354	2,6	128,81	1,4	114	99
327,380	7,14	150,79	4,2	105	99
265,180	3,7	145,81	5,0	213	99
62,57	876,795	25,18	468,317	303	99
16,11	511,309	16,7	350,175	367	99
280,313	1,0	140,139	0,0	103	99
2,5	132,110	1,1	83,56	105	99
78,43	8,7	124,90	8,12	487	99
9,6	78,68	2,1	40,26	118	99
1370,823	2,2	567,372	2,0	105	99
109,100	10,15	104,52	22,9	108	99
162,122	0,0	134,66	15,2	182	99
427,343	148,155	331,175	107,66	1166	99
0,1	3,1	0,0	1,1	108	99
178,143	16,2	76,64	0,0	795	99
69,56	3,3	19,22	5,1	205	99
233,205	72,103	102,76	51,43	225	99
141,155	20,25	79,40	7,12	105	99
38,41	11,7	15,7	3,1	105	99
56,62	11,7	36,16	3,1	108	99
50,49	32,28	31,14	10,5	102	99
333,318	2,0	107,68	0,0	298	99
1,5	0,0	0,0	0,1	111	99
160,121	2,2	77,56	0,0	514	99
68,55	3,0	33,17	0,0	114	99
0,0	4,5	1,2	8,2	141	99
16,15	0,0	5,5	1,0	232	99
12,18	3,3	13,7	3,4	232	99
12,6	401,410	6,3	166,109	292	99
109,132	0,2	54,50	0,0	162	99
1,1	76,75	2,1	29,21	105	99
113,113	0,0	39,37	2,0	722	99
614,619	811,589	387,297	457,198	624	99
54,66	114,97	53,34	64,34	110	99
50,59	98,70	22,21	49,32	102	99
139,167	6,17	54,50	4,9	102	99
11,10	4,0	7,7	0,1	119	99
115,114	11,6	97,57	5,3	134	99
527,400	227,219	323,220	88,65	102	99
20,9	5,2	10,5	1,2	174	99
32,29	8,8	19,7	0,2	110	99
40,15	6,4	18,7	3,0	112	99
29,23	9,3	36,15	7,5	271	99
5,2	63,45	3,0	22,14	112	99
1,8	4,4	8,1	2,1	121	99
7,15	141,131	0,0	26,24	113	99
33,27	7,4	20,12	6,3	102	99
1,2	115,126	1,2	65,49	110	99
4,5	0,1	2,2	0,0	130	99
71,54	16,5	26,17	3,4	379	99
3,0	191,174	4,2	89,61	171	99
59,57	7,0	8,17	4,1	111	99
121,72	1,0	69,25	0,0	113	99
6,6	0,0	5,2	0,1	102	99
1,1	26,9	1,0	21,11	111	99
6,1	34,24	4,4	22,23	115	99
0,5	1,0	1,1	1,0	150	99
6,0	121,90	1,2	47,24	123	99
5,6	18,18	0,0	11,13	145	99
12,20	35,32	3,5	46,24	324	99
140,129	63,73	85,81	39,35	102	99
2434,1722	37,27	1172,535	8,12	102	99
73,59	35,30	27,27	51,33	110	99
26,25	2,1	6,7	5,1	105	99
54,47	93,76	42,14	74,44	102	99
11,11	46,24	2,3	7,3	172	99
302,311	85,87	134,78	31,27	129	99
6,2	11,4	0,1	4,0	138	99
307,231	19,13	156,94	3,4	102	99
63,43	83,54	25,17	41,20	102	99
4,7	93,81	2,3	55,27	110	99
0,0	127,93	4,3	72,45	132	99
184,204	37,30	93,49	6,7	314	99
14,6	57,41	16,6	26,19	200	99
4,3	13,10	4,6	6,7	104	99
123,86	6,3	42,33	3,0	102	99
464,457	47,31	149,128	20,18	110	99
59,43	0,1	27,22	0,0	125	99
3812,2926	12,4	2451,1239	2,2	109	99
11,30	6,11	7,4	1,0	105	99
142,137	14,20	69,48	4,3	111	99
41,25	103,106	8,4	42,24	102	99
18,15	2,3	4,3	0,0	137	99
14,13	0,1	3,2	0,0	137	99
60,47	29,40	33,10	19,9	123	99
10,11	130,128	7,4	52,35	112	99
62,38	55,52	12,11	27,17	115	99
63,46	5,6	34,19	1,0	111	99
3116,2454	2,5	1800,1184	1,0	102	99
18,14	110,88	18,13	89,52	114	99
6291,5651	0,1	3779,2499	0,0	234	99
35,77	1494,1588	42,34	891,565	119	99
34,17	3,1	16,10	3,1	102	99
30,17	133,166	7,3	86,44	105	99
176,223	14,14	77,34	6,2	105	99
717,737	0,1	296,216	0,0	132	99
52,34	11,18	12,2	6,5	110	99
3,8	7,6	3,1	5,1	105	99
8,6	7,6	2,2	5,1	108	99
8,4	3,6	1,2	2,1	102	99
13,3	128,133	5,2	67,53	147	99
30,42	13,16	7,3	3,3	164	99
61,68	12,11	42,33	3,7	107	99
44,37	10,9	37,20	5,1	109	99
14,22	69,45	14,3	20,22	102	99
411,452	20,16	225,184	11,6	182	99
313,304	14,17	144,97	3,11	144	99
43,26	1,0	27,10	0,0	110	99
20,14	144,131	12,0	63,42	132	99
403,437	5,8	229,141	3,0	134	99
10,5	67,52	5,6	24,20	102	99
0,1	34,20	1,0	11,9	159	99
20,18	23,16	13,11	23,20	105	99
6,8	28,21	2,2	10,6	131	99
77,43	0,2	54,19	0,0	105	99
57,37	1,4	44,21	2,0	107	99
290,271	1,4	250,139	2,0	129	99
262,258	29,24	236,135	30,17	121	99
36,45	947,898	15,14	629,409	260	99
144,181	595,603	105,64	274,228	880	99
729,599	222,150	382,242	226,107	836	99
72,87	222,150	86,54	226,107	113	99
232,245	222,150	166,116	226,107	362	99
217,227	57,69	143,106	63,44	348	99
714,581	57,69	359,232	63,44	822	99
558,421	61,67	265,162	49,36	573	99
117,83	200,152	67,54	103,61	102	99
45,42	255,180	30,28	136,94	130	99
14,12	114,82	5,6	82,30	105	99
33,25	115,70	14,14	73,29	185	99
24,20	598,551	25,18	273,205	290	99
341,399	1,0	122,94	0,0	465	99
5,11	304,265	3,6	147,105	303	99
124,129	60,68	67,47	38,26	102	99
9,5	37,35	2,0	15,8	119	99
48,25	426,327	29,5	212,109	290	99
12,15	3,1	2,5	0,3	102	99
96,77	1,0	64,32	0,0	340	99
2,1	5,8	1,0	11,6	119	99
527,261	24,17	1307,766	67,38	136	99
7,4	145,108	6,1	73,44	102	99
26,18	11,10	18,7	3,0	378	99
35,24	20,17	26,8	16,23	393	99
20,16	20,17	11,1	16,23	114	99
35,9	10,13	8,8	10,6	194	99
0,0	12,15	1,0	4,1	105	99
70,67	11,4	30,34	1,1	138	99
1,3	105,51	1,0	91,27	102	99
12,3	14,3	9,4	6,7	102	99
543,440	192,168	434,291	85,70	317	99
159,89	4,2	15,16	1,0	208	99
1,6	124,103	7,4	80,33	305	99
214,203	63,80	102,75	21,24	527	99
13,6	1944,1282	9,5	993,503	153	99
134,88	35,35	50,24	19,16	110	99
55,67	111,131	40,17	88,59	301	99
4,1	87,48	1,0	48,24	102	99
86,86	6,9	39,32	7,2	106	99
7,1	267,253	1,3	106,85	327	99
24,10	81,87	7,3	44,27	162	99
5,12	805,566	0,5	473,246	126	99
17,26	2,1	8,6	7,0	116	99
166,133	18,7	113,57	7,4	114	99
2982,2893	0,1	1683,1081	0,0	587	99
58,29	11,4	73,50	7,4	1086	99
15,24	5,0	26,22	0,1	299	99
291,279	0,1	99,102	7,0	103	99
52,30	17,6	16,10	7,4	163	99
26,34	36,36	20,10	14,8	113	99
18,8	14,19	10,5	7,5	115	99
5,0	0,2	0,0	1,0	104	99
168,169	5,4	85,40	0,0	143	99
18,7	225,162	5,2	128,43	102	99
16,11	31,28	6,8	17,7	117	99
52,33	0,1	22,16	0,0	331	99
5,5	4,0	7,0	0,0	128	99
5,9	5,4	7,0	6,0	142	99
4,4	5,4	0,0	6,0	113	99
3,7	59,41	3,9	22,9	123	99
192,188	0,2	82,93	0,0	165	99
103,91	0,1	78,55	2,0	440	99
45,54	2,1	27,15	1,0	112	99
172,163	0,1	90,52	0,0	509	99
10,8	72,42	6,1	28,5	216	99
168,140	30,37	74,56	13,10	102	99
7,6	2,0	3,2	3,0	119	99
147,136	1,0	70,69	0,1	106	99
2,0	1,0	2,0	0,0	159	99
2,2	1,2	2,0	0,1	173	99
1,2	1,2	0,0	0,1	113	99
2,4	0,1	2,0	0,1	173	99
2,1	0,0	4,0	1,2	102	99
6,5	6,11	4,0	2,1	102	99
5,8	463,421	4,1	238,140	177	99
8,10	51,25	0,1	3,11	122	99
48,37	92,90	31,17	52,44	102	99
607,492	0,1	351,194	2,0	123	99
10,3	21,17	0,3	19,10	109	99
5,8	9,17	11,6	1,1	490	99
288,249	2,0	139,86	2,0	112	99
11,7	52,40	6,3	17,7	102	99
26,9	32,39	10,3	9,8	102	99
45,39	5,13	18,7	11,7	117	99
238,198	4,6	235,192	0,2	611	99
651,504	1,8	464,224	6,2	141	99
1291,982	3,1	903,429	3,2	162	99
641,486	3,1	445,207	3,2	120	99
550,441	4,3	412,191	1,1	141	99
1190,919	0,2	851,396	1,0	162	99
644,481	0,2	440,206	1,0	120	99
875,645	800,489	621,272	553,178	120	99
21,15	68,68	8,1	7,6	105	99
93,75	3,4	74,71	2,0	103	99
10,13	25,31	5,7	12,4	103	99
47,54	2,4	32,30	1,0	102	99
234,220	1,0	106,76	0,0	103	99
255,224	23,13	111,76	8,5	102	99
221,160	72,51	102,43	49,30	129	99
137,140	1,0	73,53	0,0	106	99
42,47	100,89	23,15	70,31	102	99
98,69	40,37	43,34	27,12	124	99
68,65	11,14	45,34	4,5	124	99
110,125	0,0	104,44	0,1	216	99
763,529	183,164	345,200	104,85	105	99
41,41	13,12	17,16	6,3	104	99
842,751	165,150	362,255	72,51	102	99
27,15	0,0	12,8	0,2	163	99
2,4	154,100	2,0	41,32	141	99
144,118	3,13	61,54	1,4	127	99
0,0	44,42	2,0	16,14	117	99
36,41	20,17	24,13	26,23	145	99
6,5	241,202	4,7	120,89	103	99
3,2	17,14	2,3	7,3	103	99
236,162	15,3	100,76	3,0	105	99
2,1	2,0	1,4	0,0	171	99
0,0	2,0	0,1	0,0	102	99
3,0	6,7	1,0	2,1	168	99
7,3	16,18	1,3	4,10	182	99
10,10	16,18	2,4	4,10	113	99
13,6	331,227	7,4	160,110	126	99
4,6	269,253	1,1	122,97	102	99
124,91	12,17	61,43	6,7	139	99
0,3	0,2	0,0	0,1	141	99
54,80	81,91	46,31	51,29	102	99
26,16	3,2	14,2	3,0	111	99
2,2	34,19	3,5	2,4	103	99
0,4	83,78	0,0	46,27	129	99
4,5	3,5	2,1	1,3	132	99
87,79	3,5	48,28	1,3	102	99
17,6	256,185	7,7	160,102	145	99
20,15	0,2	3,0	0,0	112	99
3,9	314,341	2,1	209,116	234	99
39,36	22,42	9,6	12,9	105	99
68,63	4,6	32,29	1,0	311	99
25,16	10,18	26,16	8,1	102	99
4,1	12,11	8,1	12,3	102	99
149,146	2,10	61,44	12,8	136	99
176,165	1,3	85,57	1,5	338	99
37,14	47,40	5,5	24,17	130	99
17,23	215,203	7,5	131,74	111	99
62,59	85,108	45,26	78,31	384	99
16,8	142,133	7,4	70,37	102	99
41,37	55,42	20,16	27,28	102	99
1,0	15,10	0,0	8,8	114	99
187,135	11,8	105,57	12,6	113	99
3,0	14,22	0,0	8,6	137	99
13,3	219,153	7,4	168,108	111	99
233,211	4,2	162,74	3,1	102	99
141,129	1,0	74,65	2,1	109	99
267,248	1,0	139,87	0,0	108	99
22,32	33,26	13,13	10,10	417	99
879,744	3,0	166,136	1,0	458	99
46,49	455,428	12,6	349,210	102	99
221,181	1,1	159,102	0,3	111	99
18,5	1,3	9,5	1,0	135	99
38,41	69,56	29,7	52,20	105	99
50,37	25,17	25,17	25,22	102	99
122,83	22,28	82,39	17,7	105	99
152,114	73,57	90,59	23,14	139	99
274,169	64,36	369,158	40,21	119	99
119,89	295,230	60,38	471,227	102	99
141,134	9,8	139,74	7,4	103	99
42,57	7,2	20,17	5,5	142	99
9,9	128,107	7,5	73,61	110	99
8,17	9,3	15,5	11,4	111	99
58,78	594,570	42,21	201,139	128	99
20,15	336,451	34,17	268,174	102	99
13,8	2,2	5,5	1,3	105	99
13,16	0,7	10,2	1,0	102	99
23,37	0,2	18,17	0,0	298	99
15,10	121,92	9,3	49,28	108	99
0,0	32,31	3,0	22,18	111	99
132,111	5,12	121,77	12,1	754	99
76,61	4,5	51,25	1,2	112	99
140,116	57,49	76,39	30,22	102	99
326,276	29,16	275,159	12,11	113	99
12,4	18,18	6,2	13,9	253	99
46,40	685,684	28,15	396,220	340	99
3,16	0,0	1,0	1,1	106	99
4,11	20,15	2,5	2,6	108	99
85,77	21,20	49,19	14,7	111	99
3,1	3,0	1,0	0,0	269	99
3,11	1,1	2,4	0,0	102	99
0,0	2,7	1,0	5,5	135	99
2,3	119,102	1,0	36,36	138	99
68,69	19,47	26,24	36,32	105	99
156,168	49,33	99,47	36,30	102	99
55,40	3,0	42,13	0,0	114	99
0,2	36,44	0,2	11,11	207	99
84,59	0,0	31,24	1,0	103	99
0,0	28,17	1,0	12,8	120	99
1,3	70,63	1,1	44,18	145	99
3,5	40,29	3,0	23,12	102	99
233,179	32,28	73,41	6,4	116	99
36,38	121,88	37,24	75,43	123	99
711,521	1,1	413,339	1,2	103	99
13,4	41,34	3,1	33,9	117	99
676,610	300,267	449,235	94,41	102	99
0,0	1,0	1,0	0,0	102	99
278,268	0,1	270,183	0,0	775	99
0,2	112,88	1,0	65,45	113	99
39,57	117,101	25,38	65,28	111	99
2,12	3,2	13,4	0,0	105	99
1105,876	0,1	417,244	1,0	111	99
3,1	31,33	3,3	27,36	224	99
203,192	2,2	106,36	3,0	117	99
313,250	122,89	155,96	115,73	102	99
23,17	536,381	15,10	246,147	108	99
434,374	0,0	216,152	2,0	103	99
15,10	49,40	8,6	13,15	102	99
60,77	158,99	17,12	91,33	248	99
762,671	12,6	448,274	12,3	255	99
1,0	1,3	2,0	0,0	113	99
74,80	9,11	37,37	0,0	104	99
44,51	10,9	45,31	2,2	122	99
19,17	83,74	11,15	52,20	110	99
11,17	21,26	15,8	6,3	142	99
14,28	3,2	19,12	10,2	156	99
24,37	3,2	10,7	10,2	113	99
47,47	34,33	29,21	34,25	602	99
36,33	3,1	19,10	0,0	116	99
44,49	2,0	23,21	1,4	133	99
133,147	0,0	70,42	1,0	116	99
0,0	6,5	1,0	5,4	123	99
0,1	5,1	2,0	0,0	102	99
200,224	34,46	83,40	22,15	194	99
35,17	22,6	14,2	1,2	110	99
42,42	5,12	17,11	7,2	110	99
78,84	26,9	59,39	5,2	107	99
17,15	8,12	16,9	8,5	112	99
50,37	21,14	13,8	10,8	154	99
259,229	38,39	160,148	32,12	2617	99
1206,987	118,119	926,493	48,33	903	99
45,38	570,462	29,19	306,187	422	99
20,16	31,17	21,12	20,12	172	99
10,11	70,61	16,8	68,29	108	99
210,221	81,90	112,61	76,36	108	99
0,1	24,19	0,0	11,9	120	99
10,10	3,0	2,5	0,0	136	99
7,7	84,57	9,4	33,34	120	99
207,208	0,0	147,102	0,1	283	99
97,85	0,2	29,24	2,0	109	99
0,3	16,15	2,0	27,9	115	99
1101,849	11,10	383,261	10,2	111	99
37,22	1042,806	6,9	371,232	301	99
50,52	40,43	31,21	23,11	103	99
0,0	26,6	1,0	6,5	125	99
157,161	2380,1654	152,109	1027,561	476	99
28,16	0,1	8,6	0,0	321	99
1,3	26,13	2,0	6,5	108	99
30,17	41,49	12,12	17,15	104	99
73,82	1,1	29,28	4,0	108	99
19,11	114,99	10,5	68,46	110	99
191,160	101,112	140,56	46,41	156	99
16,16	147,103	12,4	93,59	109	99
349,390	3,4	209,120	3,3	109	99
20,7	362,322	3,2	186,112	119	99
2,2	45,46	2,0	19,11	102	99
25,28	1,0	11,5	0,0	501	99
82,66	0,1	50,27	0,0	101	99
11,13	137,154	2,3	72,53	280	99
97,80	24,41	34,28	10,5	138	99
0,3	118,81	1,2	62,23	159	99
100,98	0,1	56,16	0,0	115	99
8,3	71,76	3,4	54,25	272	99
118,147	0,0	81,47	1,0	101	99
4,7	146,146	3,2	85,52	117	99
239,244	0,3	187,132	2,1	104	99
224,261	1,3	61,66	0,0	101	99
1143,919	3,2	744,332	7,2	102	99
19,6	55,59	1,3	29,12	102	99
19,13	427,403	7,3	160,100	111	99
6,4	330,368	6,2	193,111	102	99
221,206	225,217	65,60	136,108	102	99
406,411	39,30	174,144	25,4	102	99
9,7	3,0	9,4	4,0	102	99
11,9	27,40	9,4	19,11	111	99
5,2	27,40	4,0	19,11	108	99
212,181	240,240	142,79	177,98	102	99
3863,3051	0,0	1755,1233	1,0	430	99
0,2	32,36	5,1	17,13	110	99
163,119	3,0	71,34	0,3	107	99
19,11	0,1	14,5	1,1	103	99
70,85	24,16	49,30	8,4	102	99
12,8	572,591	7,2	259,178	114	99
62,43	60,72	13,8	48,28	105	99
41,38	11,7	19,19	3,1	129	99
8,4	1,0	0,1	0,0	120	99
1,2	65,51	0,0	37,10	102	99
38,12	258,239	19,7	113,72	117	99
42,33	55,37	14,9	47,17	102	99
159,170	10,3	92,42	2,6	103	99
12,12	38,38	5,1	21,8	114	99
543,509	32,40	335,192	6,8	102	99
250,257	3,1	193,170	2,2	282	99
48,40	5,1	23,6	0,0	162	99
3,4	6,7	4,1	3,4	102	99
54,49	14,12	33,16	10,11	102	99
155,135	1,0	61,50	0,0	188	99
17,24	44,62	22,10	27,31	102	99
16,15	0,2	1,4	0,0	102	99
18,9	150,163	1,2	65,57	126	99
36,30	9,3	32,18	5,6	396	99
13,15	60,87	2,3	21,24	446	99
14,17	6,7	4,5	5,2	102	99
42,37	9,13	44,19	4,2	355	99
112,116	26,7	98,37	8,4	669	99
100,92	1480,1306	51,24	845,521	117	99
19,8	70,74	10,7	58,29	143	99
32,24	15,15	18,4	2,2	132	99
39,62	6,7	20,27	2,1	104	99
143,122	1,1	75,42	0,0	103	99
308,229	16,11	163,102	18,7	204	99
11,5	18,14	6,1	13,7	106	99
9,1	35,23	3,1	14,8	114	99
95,85	7,3	35,32	3,0	118	99
19,8	92,51	3,7	49,23	102	99
84,54	102,89	41,19	51,20	386	99
483,335	346,379	247,158	183,109	235	99
9,12	156,180	12,16	81,48	283	99
8,0	29,22	0,0	19,15	102	99
540,355	92,69	283,171	36,17	102	99
282,190	3,2	139,100	3,1	106	99
218,154	5,8	134,67	2,0	141	99
186,149	969,684	195,83	393,234	102	99
62,24	13,11	11,8	8,9	102	99
403,400	76,68	198,133	49,34	102	99
262,159	1,2	145,66	1,0	134	99
69,78	5,10	81,48	1,0	502	99
101,123	3,2	125,52	0,0	823	99
8,1	32,22	3,5	18,11	115	99
2,1	113,119	14,3	51,41	115	99
116,97	2,0	40,20	0,1	108	99
127,98	39,59	64,24	27,16	166	99
3,5	28,32	3,2	25,9	124	99
137,131	2,2	67,41	0,1	111	99
12,14	114,116	5,1	37,40	102	99
199,203	14,6	87,55	2,2	177	99
112,118	42,27	43,24	27,10	125	99
2237,2090	67,58	1538,954	50,18	102	99
2325,2167	0,2	1596,974	2,0	105	99
2469,2258	24,18	1705,1006	11,2	108	99
2922,2573	28,25	1981,1110	22,7	111	99
155,135	0,2	108,38	2,0	102	99
299,226	24,18	217,70	11,2	105	99
752,541	28,25	493,174	22,7	108	99
144,93	24,18	111,32	11,2	102	99
597,408	28,25	387,136	22,7	105	99
477,333	28,25	287,106	22,7	102	99
45,27	1,0	10,8	0,0	248	99
83,115	9,11	32,31	3,3	141	99
185,138	8,19	87,48	12,2	282	99
204,246	11,6	157,109	5,5	116	99
296,232	6,14	164,104	15,7	111	99
0,2	143,133	1,0	80,57	156	99
382,256	25,19	192,110	16,9	105	99
1,1	0,0	0,1	0,1	106	99
38,60	0,2	23,21	0,0	102	99
29,30	59,81	21,18	36,26	102	99
12,8	60,64	1,0	9,13	105	99
9,7	155,117	6,0	60,27	102	99
7,5	34,24	8,6	9,6	102	99
34,24	2,0	22,10	1,2	116	99
16,13	11,5	8,1	4,3	102	99
48,43	11,5	18,9	2,3	154	99
22,28	5,5	5,5	0,0	154	99
107,114	5,5	26,15	0,0	436	99
85,87	0,1	21,10	0,0	381	99
18,15	46,46	10,6	9,8	304	99
0,0	3,3	0,1	0,0	153	99
23,28	9,17	12,6	9,3	133	99
241,181	11,9	104,86	0,2	106	99
1216,1007	31,26	814,494	41,26	116	99
13,10	1,0	7,1	0,1	102	99
36,27	2,0	9,2	0,0	102	99
14,14	388,292	7,2	169,95	263	99
4,4	22,26	5,0	11,6	102	99
437,383	268,242	314,198	154,101	114	99
100,66	6,6	56,27	6,8	117	99
9,8	90,70	9,4	34,31	124	99
26,23	11,24	22,13	7,6	102	99
8,6	45,42	9,3	10,11	102	99
80,55	1,0	10,20	0,0	731	99
11,7	5,3	9,0	2,4	102	99
38,41	90,55	38,17	87,33	436	99
33,25	166,153	10,7	78,62	114	99
1,0	174,150	0,0	106,79	138	99
23,18	0,1	7,4	0,0	108	99
10,7	51,56	13,7	0,1	144	99
5,3	0,6	0,1	1,0	108	99
90,103	138,131	51,21	78,55	119	99
11,5	72,56	3,2	38,22	351	99
47,28	16,11	3,8	5,10	103	99
29,45	3,5	13,12	0,2	102	99
54,57	2,7	21,25	6,9	105	99
1311,1234	1,0	563,413	0,0	107	99
8,5	98,67	5,4	69,39	114	99
28,34	103,70	13,10	46,20	102	99
193,140	1,0	83,84	0,0	172	99
18,20	187,146	16,9	146,91	112	99
4,2	81,57	3,0	22,12	117	99
93,111	205,217	28,10	68,43	102	99
155,111	1,2	60,63	1,0	148	99
88,42	0,2	41,18	0,0	102	99
0,3	21,19	1,2	9,5	114	99
57,45	28,37	28,18	16,7	105	99
7,11	1188,1361	3,4	468,344	135	99
161,103	325,253	99,60	181,85	102	99
133,131	2,4	40,28	3,1	102	99
12,7	20,17	10,11	12,4	121	99
25,17	3,2	11,4	10,2	106	99
113,124	13,13	89,65	3,1	122	99
117,90	5,6	34,35	4,2	126	99
10,12	46,43	11,5	40,12	209	99
5,1	0,1	1,1	2,4	127	99
15,6	11,3	0,2	2,2	106	99
23,5	14,7	14,1	0,1	115	99
1,1	0,2	2,0	0,0	198	99
29,39	5,4	29,16	2,3	120	99
1,5	245,209	0,1	123,113	141	99
52,31	0,1	19,4	0,0	338	99
47,28	0,1	19,3	0,0	318	99
110,79	9,7	61,20	3,2	656	99
59,51	59,40	24,19	9,9	102	99
7,6	59,40	3,1	9,9	115	99
3,4	55,49	1,0	22,18	112	99
11,1	5,4	3,0	3,0	116	99
11,4	47,21	7,1	11,9	116	99
72,131	83,125	66,45	61,54	144	99
26,17	31,16	11,3	25,18	163	99
421,341	75,56	211,135	40,32	102	99
5,5	199,211	10,2	119,111	132	99
297,249	3,7	116,104	2,2	118	99
549,479	17,2	302,183	6,3	162	99
32,20	101,90	2,2	22,21	102	99
62,44	110,81	20,11	66,23	111	99
72,64	7,6	27,10	1,0	272	99
2,1	5,1	1,0	1,2	120	99
25,24	4,3	8,14	0,6	103	99
5,5	28,59	3,3	16,9	102	99
43,31	18,24	25,18	12,12	122	99
50,32	418,400	37,16	193,143	348	99
129,100	4,1	60,29	0,0	255	99
208,168	4,1	83,34	0,0	282	99
139,99	45,22	70,23	33,15	126	99
102,116	0,0	93,49	1,0	294	99
95,79	28,24	56,14	6,9	122	99
330,358	0,0	264,160	1,0	106	99
39,26	3,3	24,9	2,0	172	99
72,53	5,2	36,13	2,0	488	99
68,56	2154,1855	47,33	1445,858	249	99
4,0	57,56	4,3	28,26	120	99
0,3	2,0	0,0	3,0	169	99
84,118	1,0	29,25	0,0	118	99
70,83	11,23	30,27	9,7	105	99
211,127	0,3	86,61	1,0	114	99
108,146	96,75	47,30	81,39	102	99
212,212	22,27	142,80	14,11	111	99
11,9	58,47	6,2	3,5	104	99
109,54	23,18	32,18	6,3	102	99
4,2	34,25	4,0	16,12	112	99
8,6	91,68	3,1	34,33	112	99
352,338	0,5	217,167	0,1	293	99
27,28	953,740	28,13	551,329	102	99
244,204	2,6	109,61	4,1	103	99
0,0	377,335	0,1	181,161	255	99
768,723	246,225	203,131	154,93	102	99
90,74	3,6	34,29	6,0	278	99
15,8	73,56	9,8	47,32	407	99
105,116	23,10	50,33	8,8	103	99
33,45	23,10	26,10	8,8	174	99
29,42	101,113	25,10	49,33	170	99
60,53	3,9	45,25	4,1	117	99
22,24	81,63	26,12	46,28	225	99
25,22	4,1	10,3	3,1	702	99
58,75	16,4	42,32	16,7	123	99
7,8	58,49	2,6	41,15	119	99
395,317	138,108	181,167	45,30	102	99
176,189	0,0	129,82	3,2	317	99
2974,2686	3,3	2791,1751	1,2	141	99
546,495	10,8	433,340	9,7	138	99
1652,1708	10,8	1374,1075	9,7	147	99
1110,1221	4,8	951,739	10,4	108	99
57,68	93,63	28,22	18,18	102	99
52,35	13,2	22,12	1,1	160	99
0,2	8,1	3,0	4,2	102	99
186,157	33,30	135,122	21,9	123	99
36,23	1073,1073	16,11	532,439	354	99
65,71	16,16	63,32	9,7	276	99
7,5	141,114	6,4	69,25	117	99
1,0	2,3	0,0	4,6	151	99
40,38	10,21	11,10	2,10	111	99
18,17	1136,996	15,9	595,402	387	99
559,548	1318,1414	321,170	873,597	102	99
107,118	0,1	100,45	0,0	119	99
129,100	18,26	50,34	18,8	105	99
212,194	5,0	107,80	1,2	119	99
174,119	164,117	103,58	93,43	173	99
668,617	227,205	434,313	92,55	102	99
14,28	11,13	9,2	0,1	232	99
483,431	9,5	271,192	5,3	103	99
8,6	132,154	4,0	94,45	126	99
82,95	14,18	40,24	6,13	114	99
35,33	14,11	13,13	5,8	811	99
361,309	3,2	174,73	4,2	168	99
0,1	123,98	2,2	39,40	132	99
8,5	5,5	1,2	0,1	102	99
0,1	30,35	0,0	14,11	172	99
79,84	44,56	38,22	31,7	102	99
15,13	10,18	17,2	2,7	120	99
4,9	319,326	8,3	139,92	536	99
75,62	6,4	45,26	1,5	128	99
182,165	4,3	180,69	2,3	107	99
215,191	0,0	213,87	2,0	353	99
276,229	177,132	156,115	109,51	105	99
7,5	6,10	5,3	4,3	105	99
4,1	1,0	2,0	0,0	114	99
127,121	145,104	68,47	74,38	108	99
6,3	36,23	0,0	12,5	105	99
16,5	1,3	1,1	0,0	102	99
23,15	64,32	16,4	29,23	103	99
1555,1091	152,128	1064,604	53,37	437	99
23,25	246,265	10,2	165,107	117	99
179,129	1,0	28,22	0,0	137	99
9,13	59,46	0,0	18,11	136	99
11,12	38,21	4,1	13,15	110	99
41,30	111,88	35,14	38,25	102	99
110,134	2,0	91,49	0,0	135	99
49,32	3,0	13,5	0,0	105	99
302,232	7,1	148,102	3,0	105	99
158,160	6,7	99,55	5,3	165	99
1,3	8,4	5,3	2,0	121	99
0,4	25,21	1,2	7,8	114	99
4,4	12,37	0,1	9,3	436	99
143,112	11,4	58,40	4,0	106	99
75,66	29,36	40,22	12,11	121	99
50,41	8,6	30,11	6,5	102	99
73,68	9,11	71,37	3,3	114	99
89,116	17,25	56,48	5,2	105	99
14,15	129,128	14,14	61,47	103	99
0,2	2,5	0,0	3,3	232	99
10,10	30,18	8,6	14,10	102	99
236,203	1,2	80,59	0,0	119	99
2328,1895	0,1	897,566	1,0	108	99
1,1	2,0	0,0	1,0	380	99
10,17	207,206	12,5	136,102	123	99
90,65	838,854	71,27	390,286	861	99
6,8	2,4	3,1	1,1	108	99
2,2	53,57	0,0	29,13	102	99
140,108	6,7	108,36	4,4	102	99
59,45	49,39	34,30	13,8	447	99
110,91	80,78	66,45	21,23	102	99
451,316	179,156	398,242	108,60	289	99
291,238	0,0	283,164	1,0	289	99
20,14	3,4	2,6	1,2	129	99
1,8	12,10	2,3	11,10	171	99
4,5	12,18	9,1	6,6	102	99
91,100	8,10	62,26	4,4	284	99
1088,785	1,0	680,350	0,2	168	99
4,1	17,7	5,0	8,2	114	99
33,33	11,5	20,10	10,4	105	99
3682,3462	0,3	2476,1596	2,0	113	99
44,52	6,11	19,10	1,0	102	99
18,6	73,84	8,9	30,20	158	99
0,1	335,322	0,1	176,99	180	99
307,340	538,444	144,102	219,168	118	99
208,235	12,11	113,76	19,10	104	99
95,75	1,0	24,29	0,1	836	99
100,71	136,85	30,32	83,31	836	99
130,131	136,85	60,41	83,31	1247	99
54,71	18,9	37,16	7,6	510	99
1064,886	6,5	616,307	5,1	136	99
94,78	9,2	41,25	1,2	210	99
5,2	4,10	2,1	3,1	172	99
58,54	10,6	31,18	8,1	145	99
663,655	2,1	379,240	0,0	261	99
100,87	34,36	45,31	12,10	102	99
242,202	258,261	94,81	75,61	1763	99
6,1	55,53	3,4	47,20	115	99
90,63	4,8	72,34	1,1	107	99
7,5	86,74	7,1	61,20	165	99
380,327	25,42	302,175	22,16	257	99
1721,1710	597,548	1522,1079	306,186	610	99
1366,1425	597,548	1242,920	306,186	452	99
1619,1634	0,0	1411,1051	0,3	452	99
1,0	139,77	0,1	58,40	115	99
523,457	6,7	258,180	1,0	117	99
168,158	34,21	91,57	10,4	103	99
5,1	1,0	3,4	0,0	103	99
24,18	96,60	39,19	43,28	913	99
67,68	19,14	45,47	15,13	106	99
90,110	4,8	75,65	5,4	105	99
2,1	18,10	0,0	11,2	113	99
22,16	52,67	12,7	43,18	102	99
67,90	37,36	32,38	15,10	102	99
4,6	1136,1019	12,13	526,300	303	99
39,21	12,15	8,6	3,6	123	99
109,88	34,37	34,33	10,5	116	99
6,3	57,58	0,1	17,21	116	99
36,20	223,197	35,23	107,68	102	99
2,8	8,2	0,4	0,0	111	99
75,75	59,68	54,31	22,25	102	99
32,17	1,1	9,8	0,3	180	99
4,3	7,2	2,2	6,2	102	99
3,8	44,29	1,1	18,4	110	99
32,27	0,0	16,13	1,0	106	99
13,11	127,126	2,2	51,34	379	99
496,419	5,2	385,166	1,3	105	99
9,12	414,359	15,6	255,168	123	99
121,129	9,20	44,25	1,2	105	99
9,8	172,143	8,2	82,48	114	99
108,80	85,80	64,32	36,33	117	99
73,72	372,394	31,19	214,109	118	99
388,278	16,10	139,93	6,3	102	99
130,79	9,3	50,29	0,3	102	99
46,14	45,27	18,8	22,8	151	99
121,126	1,0	86,49	0,0	133	99
211,148	15,12	97,65	6,3	114	99
120,62	2,4	74,33	5,3	130	99
728,610	9,3	455,294	4,1	104	99
55,98	1,8	24,23	0,0	119	99
124,121	22,23	58,37	16,11	144	99
8,6	24,14	11,8	5,4	113	99
2,4	19,8	2,3	6,6	118	99
64,60	3,2	17,16	2,1	102	99
8,2	0,1	4,1	0,0	110	99
3,3	85,98	0,0	58,35	123	99
175,100	5,0	72,44	0,0	102	99
76,109	1,0	73,54	0,1	111	99
132,148	41,30	52,41	16,14	120	99
9,8	52,37	6,4	15,14	102	99
149,126	1250,1365	56,54	723,525	1660	99
20,12	33,22	2,1	25,9	112	99
254,173	7,7	162,104	7,2	120	99
185,206	0,3	111,64	0,0	105	99
22,44	8,2	17,4	2,1	105	99
186,244	1,2	154,101	3,1	171	99
160,116	10,1	93,43	7,2	134	99
31,18	778,674	9,11	245,187	102	99
102,85	221,194	29,24	88,74	117	99
290,345	183,229	141,133	158,142	180	99
50,45	10,6	19,22	12,5	108	99
22,24	11,14	50,33	10,9	102	99
5,6	9,15	4,3	9,1	102	99
60,51	6,8	29,16	3,4	106	99
72,54	4,16	39,22	4,3	105	99
41,31	11,11	14,19	3,2	118	99
70,56	5,1	24,25	1,0	131	99
25,36	710,624	9,9	381,274	186	99
3,5	5,12	2,1	5,1	102	99
138,112	5,5	62,46	3,3	105	99
90,91	2,0	44,32	0,1	339	99
15,15	120,137	1,0	46,37	122	99
41,34	48,55	24,23	25,23	102	99
3,0	14,8	7,1	4,3	106	99
4,3	1,2	8,4	0,0	122	99
15,11	1,2	5,6	0,0	115	99
3,0	170,108	5,0	49,37	113	99
0,0	10,12	0,1	1,3	108	99
289,231	2,1	169,99	0,0	326	99
356,235	9,9	178,86	6,0	119	99
156,127	1757,1614	139,118	1040,702	409	99
2808,2625	5,0	1906,1244	2,1	305	99
7,7	31,17	1,2	7,14	114	99
308,243	78,45	59,43	25,20	102	99
18,36	0,1	13,2	1,0	106	99
2,0	1,0	1,0	1,0	122	99
6,7	13,22	2,1	11,5	119	99
27,31	1,3	18,12	0,0	337	99
98,97	0,1	44,24	1,0	387	99
5,3	10,15	1,0	6,2	107	99
18,8	13,9	3,1	11,7	116	99
8,4	198,142	1,2	92,76	144	99
24,14	71,100	28,20	53,39	115	99
152,137	1,0	108,54	0,0	157	99
11,13	11,7	10,4	5,0	102	99
913,790	22,12	432,319	7,7	172	99
9,6	122,128	3,4	65,55	189	99
381,233	309,242	198,112	96,43	102	99
141,156	30,21	81,43	8,11	105	99
2,2	3,1	3,1	3,0	118	99
9,2	1,0	1,1	0,1	105	99
75,54	1,0	19,10	0,1	111	99
11,8	1,0	2,1	0,1	151	99
67,52	1,0	19,9	1,0	105	99
3,6	1,0	2,0	1,0	145	99
3,2	67,48	0,0	17,9	139	99
69,50	0,1	27,32	0,0	111	99
6,2	24,33	3,1	14,3	102	99
8,2	44,35	0,0	21,10	111	99
7,5	17,16	3,6	8,5	111	99
18,11	201,135	12,5	92,49	103	99
4235,3157	114,86	2916,1496	104,47	102	99
28,21	613,548	17,10	337,191	547	99
28,21	613,548	17,11	337,191	550	99
34,35	0,1	14,9	0,2	122	99
5,3	135,141	3,2	95,57	280	99
60,78	15,5	35,22	5,3	105	99
62,48	1,1	10,23	0,2	472	99
72,76	51,34	30,26	12,15	136	99
53,45	46,36	23,12	18,17	346	99
2,0	6,1	0,0	1,1	112	99
188,165	0,0	105,58	2,0	106	99
14,9	4,17	4,3	3,4	111	99
19,9	4,17	8,5	3,4	117	99
12,8	7,8	7,5	3,3	105	99
287,156	69,49	99,69	49,14	116	99
1,4	15,16	0,1	5,2	123	99
5,2	128,136	3,2	88,64	122	99
155,115	0,0	93,54	0,1	235	99
47,30	44,40	24,15	20,9	102	99
2,4	16,6	2,3	2,1	102	99
51,59	96,89	47,26	77,38	126	99
372,358	47,35	158,111	27,18	102	99
0,1	1,0	1,1	4,0	102	99
452,462	60,55	306,187	34,20	114	99
10,9	442,475	13,7	284,231	129	99
74,47	11,14	42,28	4,7	140	99
778,853	0,4	402,279	0,0	107	99
26,28	12,14	17,15	10,3	103	99
1,0	106,98	0,0	51,31	126	99
21,4	34,35	1,3	24,18	105	99
5,6	27,54	9,0	25,11	273	99
37,36	153,142	12,7	68,49	117	99
52,57	13,4	26,20	4,4	105	99
15,18	1109,882	18,11	504,278	102	99
350,402	89,86	164,127	38,41	110	99
264,260	21,8	140,72	7,2	114	99
2643,2193	0,1	1356,903	0,0	102	99
53,31	1,5	30,10	12,1	156	99
31,7	0,1	11,7	0,1	196	99
164,177	85,75	102,74	33,32	102	99
12,21	299,297	19,10	187,92	105	99
6,9	215,267	2,6	142,71	307	99
194,209	672,659	69,51	230,166	124	99
2162,1650	7,1	896,472	0,0	109	99
64,63	0,1	16,11	2,0	104	99
18,14	0,2	8,5	0,0	108	99
163,212	205,218	96,54	183,107	102	99
695,662	2,5	331,257	1,0	199	99
1,0	2,0	1,0	0,0	102	99
13,20	0,0	19,16	1,0	132	99
97,62	1,5	15,8	0,0	132	99
93,52	22,16	25,31	11,4	199	99
12,4	12,25	2,0	18,6	110	99
41,43	64,67	22,12	28,22	105	99
0,1	1,3	0,0	0,1	111	99
26,15	304,285	7,3	163,111	250	99
3,1	2,2	2,2	0,2	102	99
1,1	111,151	8,0	91,75	114	99
3,8	0,1	2,1	0,0	128	99
2,0	15,10	1,0	15,6	258	99
4,8	3,3	3,1	0,0	287	99
17,18	3,3	17,7	0,0	128	99
1093,865	73,38	571,339	106,75	105	99
1134,894	6,3	588,341	9,5	108	99
114,67	6,3	123,77	9,5	102	99
74,46	0,2	16,7	0,0	276	99
7,3	43,42	1,0	13,15	111	99
160,151	664,570	98,41	424,268	691	99
179,177	2,0	90,59	0,0	104	99
0,1	174,196	1,1	119,71	115	99
10,4	132,104	2,0	61,43	129	99
27,24	2,6	12,9	2,0	121	99
4,7	21,22	5,1	19,13	109	99
66,64	3,1	36,11	0,0	174	99
759,647	30,27	483,268	29,18	105	99
18,23	0,2	8,3	0,0	104	99
12,14	4,11	1,1	0,0	104	99
23,15	1,0	9,3	0,0	117	99
37,36	0,0	12,7	1,0	189	99
46,29	25,14	21,14	3,3	114	99
5,7	1,1	0,0	1,0	104	99
30,33	9,13	31,10	4,2	119	99
9,7	25,7	1,2	28,11	102	99
11,13	16,28	16,4	10,8	114	99
9,11	629,517	3,5	345,174	132	99
1428,1042	2,5	962,453	1,0	260	99
44,54	3,1	33,14	0,1	148	99
36,26	1,5	36,23	1,0	338	99
139,165	541,438	75,53	176,131	568	99
22,16	0,2	24,15	3,0	128	99
7,15	0,2	32,21	3,0	290	99
1,10	16,11	21,15	13,9	261	99
17,10	406,434	10,3	192,147	288	99
6,12	113,117	14,14	28,27	102	99
38,38	168,202	18,2	85,56	102	99
112,85	57,42	87,41	17,21	115	99
5,10	99,120	1,3	63,44	152	99
12,12	475,382	4,8	284,130	262	99
550,518	244,298	265,203	151,128	104	99
1,2	6,7	1,0	1,0	105	99
23,14	99,89	23,24	37,28	102	99
405,392	33,33	230,159	25,7	104	99
454,470	22,14	249,199	9,7	105	99
67,77	0,1	54,25	0,0	105	99
74,78	7,21	34,19	13,7	103	99
81,82	0,2	38,12	0,0	123	99
5,7	180,153	5,0	91,71	102	99
52,47	20,25	44,28	17,7	746	99
182,166	13,29	77,47	7,6	183	99
998,713	41,27	363,234	2,7	680	99
7,11	105,85	7,1	59,35	364	99
98,63	165,100	76,32	105,65	103	99
0,3	637,522	4,0	332,158	357	99
114,105	2,1	76,37	3,0	109	99
103,63	2,5	32,17	2,3	146	99
51,48	0,2	26,21	0,1	111	99
5,7	111,133	1,0	61,43	102	99
82,87	2,0	47,32	1,0	114	99
203,198	19,33	152,76	7,4	119	99
182,143	1,0	85,63	0,0	108	99
236,199	1,4	120,66	5,4	105	99
20,11	8,8	7,12	6,3	168	99
32,34	113,114	24,13	53,41	115	99
1638,1572	60,36	967,631	29,26	102	99
78,37	0,0	108,78	0,2	124	99
121,122	34,39	54,43	30,16	102	99
0,2	11,23	1,0	23,12	144	99
192,163	87,96	156,94	30,14	102	99
11,30	24,21	11,4	0,4	103	99
42,41	5,5	43,45	3,5	103	99
369,301	70,68	180,139	45,11	120	99
33,14	2,3	7,7	1,0	189	99
28,33	0,4	37,10	0,0	489	99
34,47	0,4	36,14	0,0	541	99
9,15	3,0	12,4	13,0	151	99
53,21	72,66	20,23	18,19	248	99
13,15	193,129	11,2	97,54	120	99
42,41	448,472	30,10	356,194	442	99
1,1	1,2	2,0	4,1	109	99
32,34	234,248	26,14	115,55	102	99
252,240	4,2	138,56	7,0	136	99
12,6	173,192	13,6	167,122	117	99
130,96	1277,1470	32,22	561,378	298	99
51,48	19,20	31,17	10,10	132	99
27,18	2,0	8,7	0,0	132	99
46,38	1,0	30,18	0,1	102	99
182,146	9,8	112,52	7,3	102	99
10,16	12,6	17,8	9,0	171	99
24,16	5,4	11,5	0,0	162	99
28,36	57,44	24,8	36,13	134	99
27,31	6,0	24,9	1,0	123	99
32,44	7,3	26,9	12,5	134	99
11,13	7,3	3,0	12,5	110	99
1,2	0,0	2,0	0,1	112	99
34,26	23,19	24,18	13,8	354	99
61,40	64,61	37,29	35,16	580	99
53,34	64,61	26,19	35,16	325	99
0,4	47,62	0,1	36,25	102	99
13,18	31,44	5,10	23,17	114	99
8,5	153,181	12,6	79,40	127	99
117,76	6,1	88,27	0,0	114	99
21,15	134,128	32,11	62,69	102	99
0,4	139,128	0,0	107,72	102	99
43,29	0,2	10,11	0,0	592	99
127,127	20,17	150,59	15,9	140	99
151,122	8,2	58,66	6,4	166	99
395,346	146,144	208,135	111,55	150	99
330,284	249,219	180,122	145,91	206	99
535,478	7,1	318,225	12,3	295	99
134,147	38,26	59,49	8,7	342	99
39,46	343,264	40,17	162,96	812	99
35,52	45,34	22,10	38,33	102	99
2,1	51,80	2,0	37,26	116	99
2,4	0,2	3,3	0,0	357	99
7,24	5,6	12,2	1,0	160	99
0,0	98,77	1,0	62,29	102	99
6,1	2,5	1,1	0,0	103	99
16,13	6,6	8,6	3,1	103	99
80,67	170,143	31,33	95,45	118	99
18,9	2283,1943	12,5	1712,1163	145	99
484,345	1,1	210,125	4,0	104	99
286,269	165,154	102,110	61,43	116	99
52,33	226,149	26,14	127,67	102	99
2,2	184,212	6,2	106,68	119	99
5,1	6,1	0,0	2,0	132	99
120,135	22,16	43,37	16,6	105	99
115,95	43,58	39,38	20,10	117	99
20,29	6,10	19,14	1,3	128	99
40,33	71,42	33,14	29,11	121	99
64,53	7,8	15,13	7,8	112	99
117,80	2,4	57,44	1,2	105	99
56,53	4,3	29,34	1,5	103	99
98,86	169,125	47,32	70,30	102	99
1,3	319,328	0,2	169,112	135	99
26,32	723,590	11,5	323,226	102	99
780,653	129,113	514,260	79,47	106	99
1283,923	0,1	842,524	0,0	120	99
83,44	2,0	22,14	0,0	247	99
40,34	32,38	32,15	19,15	114	99
23,19	307,265	1,8	130,89	278	99
19,31	14,15	20,23	9,5	108	99
7,9	132,111	10,4	79,66	102	99
0,2	2,5	2,3	4,2	126	99
3,7	0,2	2,0	0,0	106	99
162,121	0,2	73,46	0,0	123	99
183,172	31,22	122,64	11,8	110	99
2,4	144,122	0,2	93,31	108	99
26,27	19,30	6,11	17,6	120	99
2,2	15,34	0,0	11,5	126	99
33,34	248,219	15,7	125,107	104	99
24,11	40,71	31,10	27,11	103	99
46,23	140,98	26,9	97,41	146	99
90,77	4,9	61,34	3,2	164	99
381,212	11,5	153,87	13,1	105	99
4,1	150,138	0,0	65,47	126	99
2897,2346	1,1	2314,1037	0,0	1384	99
150,201	101,79	93,48	61,19	126	99
165,143	0,0	104,71	0,4	234	99
31,44	0,0	20,13	2,2	121	99
4,1	30,21	0,0	17,15	128	99
705,459	25,17	564,326	22,12	191	99
43,40	128,122	49,46	39,18	126	99
4,2	8,12	6,0	2,3	102	99
346,270	13,17	171,100	9,4	102	99
3,3	13,13	0,4	6,0	109	99
17,11	0,1	8,8	0,0	104	99
1,0	41,10	1,0	3,11	112	99
6,6	159,122	5,2	86,60	122	99
377,313	3,3	242,142	1,1	179	99
7,5	166,148	8,3	123,71	126	99
11,8	209,163	2,3	172,103	258	99
255,227	5,10	102,92	2,2	111	99
9,7	15,16	8,4	6,0	104	99
2,0	46,38	0,0	46,23	363	99
76,75	7,8	54,37	11,5	266	99
1,4	18,19	7,1	9,2	102	99
8,5	16,16	2,1	10,6	135	99
113,150	59,88	54,43	50,33	119	99
353,320	21,14	245,146	14,10	147	99
7,2	177,138	6,3	78,43	261	99
26,14	3,0	6,3	2,0	400	99
294,261	1,0	168,99	0,0	146	99
180,161	3,5	119,67	4,7	146	99
566,452	3,1	411,266	0,2	114	99
1,1	162,200	0,5	125,83	247	99
70,81	1,0	43,15	0,0	113	99
464,477	310,339	296,173	117,61	102	99
67,50	18,6	37,26	8,5	104	99
43,29	6,5	19,5	3,3	165	99
49,36	9,23	20,5	10,4	188	99
12,12	9,23	4,3	10,4	122	99
10,5	59,46	0,1	19,19	421	99
99,108	669,552	17,14	191,138	120	99
236,214	7,17	177,151	8,3	331	99
2,10	0,1	6,3	0,0	114	99
221,266	103,120	171,96	76,39	108	99
118,114	103,120	84,49	76,39	111	99
98,96	201,248	57,39	144,86	102	99
2147,1994	4,7	1609,939	0,1	101	99
267,175	306,166	136,72	132,50	110	99
0,0	0,1	1,0	0,0	111	99
1,1	2,7	1,0	0,3	133	99
1,2	2,7	0,0	0,3	121	99
149,134	29,15	54,54	7,10	352	99
22,26	216,197	17,15	99,93	538	99
1,0	68,34	0,0	22,15	120	99
862,869	215,196	868,542	113,82	121	99
590,512	2,6	432,297	3,3	472	99
66,62	2,2	18,14	0,0	121	99
20,22	294,164	10,8	165,85	183	99
24,18	1,2	9,5	0,0	101	99
92,78	208,144	36,20	117,61	102	99
27,26	114,92	13,8	81,42	181	99
119,91	140,135	51,46	67,61	106	99
212,168	0,1	112,47	0,0	129	99
525,424	5,0	303,197	3,2	205	99
2,1	6,1	2,4	5,3	105	99
1,3	118,88	0,3	54,28	114	99
92,74	56,46	39,23	33,19	112	99
1102,1149	26,41	527,382	26,15	168	99
26,14	45,47	2,2	12,3	111	99
9,9	1,3	0,7	0,0	112	99
67,67	0,0	49,31	1,0	156	99
0,0	2,15	2,0	9,0	102	99
65,79	66,54	47,22	40,30	119	99
27,31	64,54	9,8	26,18	102	99
2,0	4,1	0,1	2,1	104	99
14,12	23,9	6,3	5,0	104	99
815,705	24,21	479,281	17,3	105	99
3,9	1,10	4,2	1,1	114	99
54,67	13,14	17,17	8,2	115	99
14,18	1,1	2,1	0,0	115	99
129,130	0,2	39,28	0,0	231	99
76,66	11,7	21,25	5,1	110	99
17,17	172,185	11,11	75,48	102	99
6,4	2,1	1,0	0,0	102	99
1,3	7,9	5,0	5,2	102	99
19,10	0,0	9,5	0,2	146	99
123,155	27,20	129,76	11,3	884	99
8,0	1,5	0,0	1,0	102	99
3,3	7,3	3,3	14,5	102	99
77,54	68,72	30,21	35,18	131	99
3,6	3,2	1,1	4,0	114	99
83,87	0,1	56,48	0,0	116	99
32,31	160,159	25,15	68,40	120	99
0,5	1,0	0,2	0,0	102	99
5,4	2,2	6,5	3,1	101	99
25,26	49,47	4,2	15,8	114	99
61,48	64,34	22,14	12,9	108	99
33,28	98,46	18,7	24,15	102	99
1,3	6,10	2,1	0,0	151	99
80,60	2,0	31,18	0,0	141	99
36,36	369,193	44,11	169,68	251	99
84,67	282,261	41,27	194,109	430	99
0,1	101,69	0,0	30,18	120	99
449,364	1,5	247,140	4,2	106	99
20,9	0,1	15,3	2,0	109	99
1,0	13,10	0,1	7,2	108	99
4,3	21,19	2,1	8,3	102	99
27,29	16,9	24,18	5,1	120	99
17,30	0,1	7,6	0,1	183	99
3,1	207,202	3,4	114,69	297	99
19,9	2,8	3,2	5,0	170	99
47,28	393,345	25,15	232,105	420	99
9,11	56,41	11,5	30,14	102	99
336,270	1,0	208,127	0,0	292	99
78,64	29,18	47,25	3,8	348	99
81,76	19,18	47,20	2,5	348	99
23,41	18,5	11,10	3,5	159	99
624,545	2,0	355,165	0,0	315	99
4,9	28,41	9,1	21,20	112	99
3,1	99,57	2,0	61,41	123	99
29,33	19,29	19,7	4,6	202	99
155,182	0,1	56,35	1,0	141	99
1598,1265	60,36	1069,494	23,16	102	99
35,20	1,3	6,1	3,3	105	99
263,169	0,1	110,72	0,1	143	99
11,7	206,219	2,9	66,78	113	99
1,1	20,12	1,0	17,7	147	99
1,2	24,24	1,0	30,6	111	99
148,121	1,0	91,73	0,0	694	99
54,73	21,10	50,35	14,9	129	99
0,1	0,0	0,2	1,0	252	99
120,126	202,206	53,39	135,70	119	99
16,4	166,160	7,3	90,56	103	99
14,16	16,10	6,2	17,8	162	99
2,0	3,0	1,0	1,0	113	99
110,95	9,21	70,42	6,3	110	99
96,121	16,13	57,40	14,3	110	99
47,33	120,125	30,19	99,48	102	99
526,378	10,5	278,137	4,8	102	99
57,40	5,3	20,15	3,3	129	99
1,4	32,17	2,1	25,17	119	99
109,73	6,3	99,92	4,2	331	99
26,28	170,166	15,18	87,57	119	99
121,87	170,166	101,92	87,57	331	99
112,74	17,15	95,76	9,2	311	99
19,22	18,14	23,12	11,3	102	99
14,23	18,14	8,4	11,3	108	99
10,13	15,12	5,1	20,9	105	99
203,154	2,1	157,55	0,0	108	99
10,6	7,14	2,0	7,6	132	99
5,6	42,39	5,6	33,28	123	99
101,129	7,5	64,33	7,1	164	99
48,56	0,1	40,19	0,0	164	99
417,376	0,1	197,130	0,0	855	99
369,321	0,1	158,111	1,0	790	99
5,4	277,213	3,1	211,140	129	99
3,0	202,187	4,1	147,61	168	99
289,231	1,0	181,85	0,0	103	99
277,217	0,3	135,62	0,1	102	99
685,552	0,0	359,175	1,0	392	99
44,41	482,331	23,19	257,122	411	99
69,65	1,0	36,30	3,1	244	99
6,8	5,5	1,2	2,0	122	99
165,166	2,1	66,30	0,0	126	99
27,30	88,67	18,15	20,23	229	99
12,21	14,11	11,11	1,5	207	99
615,500	76,84	295,243	46,31	111	99
32,8	144,138	8,6	83,51	552	99
321,337	49,42	218,143	28,28	116	99
149,130	25,29	103,77	32,6	135	99
421,425	25,29	293,192	32,6	152	99
316,295	3,0	244,123	0,0	111	99
17,16	150,110	20,10	125,82	105	99
7,4	28,17	2,0	14,5	293	99
61,43	23,15	22,17	11,1	123	99
79,72	231,177	37,9	105,53	108	99
272,268	5,1	177,127	0,1	105	99
9,6	96,112	5,4	76,52	117	99
170,145	24,20	70,56	4,0	105	99
736,656	309,242	427,209	149,95	500	99
102,99	2,0	38,28	0,0	264	99
331,270	81,83	150,85	38,19	111	99
36,39	18,34	27,8	23,8	105	99
160,136	31,55	86,47	28,14	166	99
4,4	17,14	5,6	3,4	102	99
6,6	0,1	4,2	4,0	113	99
1587,1295	291,278	1115,624	194,134	102	99
24,14	160,142	18,10	100,65	286	99
488,465	2,0	325,176	0,1	103	99
2,0	34,46	0,1	23,11	117	99
5,2	29,14	2,6	11,7	276	99
152,152	11,7	128,107	7,13	386	99
1,2	4094,3066	2,1	733,573	126	99
118,66	7,3	28,16	4,0	102	99
7,11	14,12	7,7	5,5	120	99
1111,1056	199,182	565,231	153,81	102	99
199,163	0,1	89,42	0,0	241	99
399,290	0,0	211,114	0,1	245	99
375,235	54,35	168,70	47,8	108	99
85,119	3,7	40,33	5,3	136	99
11,9	1,8	6,1	0,0	108	99
34,31	5,5	15,25	0,1	110	99
2,3	26,13	5,0	4,7	126	99
378,368	12,9	268,154	14,1	102	99
8,3	70,59	2,2	37,22	110	99
3,1	5,0	0,0	1,0	111	99
125,115	22,20	47,34	4,4	104	99
0,3	7,11	1,0	11,3	116	99
55,46	100,81	25,35	98,68	105	99
746,837	67,66	428,304	26,20	114	99
28,30	34,20	23,4	33,18	102	99
10,2	18,22	6,3	6,1	150	99
5,14	284,299	4,4	146,108	399	99
77,58	4,0	60,32	5,4	111	99
1,2	4,0	0,3	0,1	107	99
2,3	76,72	0,0	41,24	274	99
716,680	0,0	372,209	2,1	116	99
39,25	1,0	22,9	0,0	162	99
20,15	121,113	11,2	68,29	102	99
86,182	4,5	91,60	4,1	105	99
2559,2198	0,5	2050,1057	3,6	126	99
105,84	2,1	132,59	1,3	103	99
496,415	62,52	275,150	29,21	105	99
14,21	32,21	13,5	11,6	213	99
4,3	11,24	0,1	1,4	108	99
150,163	0,1	171,97	2,0	326	99
5,3	8,2	0,2	4,2	105	99
6,8	135,106	8,2	51,43	255	99
13669,12435	10,6	7230,5123	5,1	102	99
14411,13060	1,3	7598,5329	0,3	106	99
752,631	1,3	373,207	0,3	103	99
4,0	34,30	0,1	16,9	117	99
20,13	475,289	4,4	141,99	115	99
0,1	0,3	3,0	0,2	107	99
1,3	0,3	6,2	0,2	211	99
1,3	0,1	3,2	0,0	203	99
174,183	33,33	50,38	18,1	110	99
291,249	9,9	159,81	2,2	158	99
12,11	6,4	6,4	2,1	126	99
2,2	59,49	2,4	39,23	264	99
5,0	6,0	2,0	1,0	272	99
1929,1765	0,1	997,566	0,0	103	99
1,0	4,2	0,1	0,1	112	99
518,369	1,4	261,122	1,0	108	99
16,21	26,20	7,4	19,4	102	99
636,451	3,0	382,207	1,1	108	99
4,2	37,40	0,1	17,8	106	99
102,67	5,0	25,24	0,1	154	99
0,4	23,11	2,0	19,8	165	99
0,2	79,48	2,0	61,40	122	99
38,42	11,18	15,6	10,7	182	99
44,18	1497,1423	17,7	1004,582	461	99
314,290	2,2	180,118	0,0	135	99
216,155	0,1	113,45	0,0	353	99
2,1	18,21	1,1	20,11	131	99
31,25	108,78	35,5	86,63	114	99
2,2	135,166	1,0	31,34	120	99
599,581	27,13	427,238	14,3	108	99
39,34	31,22	14,10	20,5	155	99
47,34	12,13	16,9	4,4	114	99
110,68	22,16	60,30	8,9	101	99
351,333	83,104	171,140	70,58	210	99
240,236	16,13	208,86	6,3	654	99
40,47	74,58	66,37	24,24	102	99
4,5	5,2	8,5	0,1	104	99
2,0	0,0	0,0	0,1	107	99
84,63	253,250	33,41	154,83	102	99
8,8	3,0	3,5	0,0	704	99
55,39	6,3	30,6	4,5	119	99
65,41	6,5	15,23	2,2	115	99
12,16	88,100	5,5	35,22	102	99
446,391	32,37	201,123	24,12	141	99
159,105	6,9	85,40	2,2	142	99
758,817	0,0	342,196	0,1	103	99
60,48	2625,2507	41,15	1670,1136	283	99
1,2	126,122	0,0	94,33	135	99
2,5	27,37	1,2	15,3	134	99
10,1	191,103	2,5	188,107	118	99
0,0	1,0	0,1	1,0	338	99
32,25	22,9	9,0	12,2	102	99
47,39	165,118	27,16	99,77	115	99
20,32	571,478	29,7	357,212	118	99
5,7	5,4	7,4	1,1	111	99
29,17	0,0	1,3	3,2	111	99
11,9	5,4	6,4	5,1	120	99
47,59	5,4	26,24	5,1	141	99
96,98	105,77	61,34	56,28	111	99
121,126	137,125	48,37	93,51	102	99
11,1	293,179	2,5	147,67	129	99
48,37	4,4	47,23	8,2	113	99
1,0	8,10	0,0	1,2	102	99
13,5	601,475	3,3	174,119	116	99
48,40	6,9	10,19	0,1	117	99
20,10	212,149	24,13	194,106	198	99
79,67	1799,1701	57,29	874,603	910	99
134,166	1,2	124,81	1,0	369	99
14,17	34,13	15,11	14,6	145	99
120,107	71,75	42,50	57,49	171	99
8,3	68,59	6,3	33,21	103	99
268,297	48,63	241,181	48,35	178	99
2,4	26,20	1,2	13,5	129	99
12,9	1,0	11,5	1,1	102	99
53,41	22,29	18,2	13,4	125	99
16,39	733,693	10,4	378,233	102	99
57,31	14,10	23,14	12,8	104	99
3,7	17,19	1,3	13,6	112	99
11,3	253,243	1,0	155,77	147	99
125,92	13,12	45,46	2,0	302	99
37,35	29,23	17,11	13,7	105	99
6,12	71,33	1,6	34,14	102	99
368,328	232,238	256,116	175,97	317	99
146,136	76,85	73,38	28,21	102	99
254,190	219,212	54,46	126,74	105	99
63,27	25,20	29,21	8,3	121	99
1970,1682	7,8	999,708	8,2	143	99
15,17	3,4	6,5	1,0	105	99
293,274	0,1	171,94	2,0	189	99
161,150	6,7	102,31	0,0	114	99
1,5	29,20	0,1	6,5	110	99
0,0	1,4	0,1	0,1	102	99
4,5	1,6	10,1	0,1	113	99
31,34	3,0	44,20	4,2	117	99
29,39	10,1	15,17	1,1	340	99
139,117	492,410	60,50	240,155	754	99
120,79	492,410	46,34	240,155	513	99
1351,929	6,2	543,378	1,0	104	99
47,20	1430,1083	10,12	568,331	102	99
3,7	231,264	1,0	93,81	102	99
1,0	3,6	0,0	1,0	123	99
9,14	23,15	0,3	17,9	102	99
6,1	1,3	3,1	0,3	437	99
32,17	278,301	21,8	154,111	297	99
502,495	3,1	263,160	0,2	267	99
8,12	23,16	5,3	17,10	102	99
4,2	0,0	0,0	1,0	128	99
5,9	3,0	0,2	0,0	102	99
6,4	6,5	1,0	0,1	130	99
61,63	12,13	35,25	5,2	115	99
756,551	5,7	349,242	9,2	634	99
6,4	41,25	8,9	39,18	107	99
27,31	1,0	21,7	0,0	221	99
3,0	21,27	3,0	13,6	120	99
26,42	0,1	25,13	0,0	215	99
81,80	9,11	38,23	6,3	104	99
38,28	259,164	25,13	134,96	127	99
653,583	0,2	324,188	0,0	274	99
17,20	147,117	16,5	70,49	120	99
1,3	2,3	1,0	0,0	118	99
250,246	8,14	101,81	4,4	104	99
2,0	74,77	1,0	32,22	138	99
140,117	27,40	125,95	22,20	102	99
18,7	96,75	2,6	31,27	102	99
111,108	14,18	68,31	5,2	102	99
139,111	2,0	62,40	0,0	104	99
16,18	92,63	6,4	52,36	434	99
22,38	1,1	9,10	0,0	105	99
1,1	11,5	1,0	1,10	108	99
659,779	233,287	438,323	63,40	102	99
56,59	1,0	33,16	0,0	103	99
72,51	6,12	32,23	8,3	191	99
20,20	68,66	8,3	39,26	102	99
55,20	1,2	25,18	0,0	128	99
195,158	80,84	91,41	41,21	156	99
1,0	4,5	0,2	3,0	117	99
25,10	66,49	28,10	44,24	107	99
46,39	93,55	15,10	56,33	277	99
93,86	2,0	47,21	0,0	103	99
233,214	2,2	169,101	5,1	103	99
238,219	13,21	138,74	18,16	103	99
217,128	130,97	81,76	65,24	102	99
11,5	8,11	7,5	4,6	102	99
7,11	69,68	5,6	23,17	112	99
123,126	3,5	69,38	4,7	120	99
1,4	10,11	0,4	6,5	102	99
14,14	11,7	17,3	5,4	124	99
20,29	76,90	13,7	41,37	742	99
7,8	57,56	4,2	37,16	125	99
36,17	13,6	18,7	8,4	128	99
81,66	0,0	95,35	1,0	111	99
6,2	60,37	1,0	8,12	117	99
12,9	140,82	5,2	38,22	102	99
32,27	53,70	8,9	43,16	118	99
22,43	23,17	16,16	15,9	102	99
3,2	55,53	0,1	21,6	150	99
38,27	249,261	18,12	121,90	114	99
63,86	2,3	28,11	6,1	112	99
95,105	0,1	51,40	2,2	224	99
192,175	93,85	73,53	59,39	102	99
2,7	120,128	2,0	67,37	152	99
353,284	2,0	216,160	0,0	296	99
75,53	6,6	38,34	7,4	115	99
10,11	15,3	5,1	5,0	104	99
336,280	51,39	155,109	30,11	102	99
5,2	116,84	5,3	70,31	111	99
66,52	23,38	33,11	14,12	102	99
49,28	257,244	19,4	139,86	137	99
33,36	3,5	10,8	0,0	120	99
86,70	1,0	31,18	0,0	165	99
162,124	12,14	69,36	9,4	152	99
106,73	12,14	54,18	9,4	175	99
32,15	88,66	12,3	27,21	122	99
311,329	260,292	166,139	163,117	128	99
68,60	13,15	32,32	15,10	102	99
17,20	11,14	11,14	15,4	102	99
0,1	4,0	0,0	2,3	102	99
0,1	1,4	1,0	0,0	102	99
27,39	19,21	3,10	0,1	118	99
0,4	16,14	3,0	7,5	252	99
184,164	17,18	73,66	4,4	102	99
3,3	8,1	2,0	6,0	110	99
1,1	37,39	7,2	9,10	113	99
69,87	161,149	49,26	82,47	150	99
19,20	220,184	10,12	137,94	267	99
12,6	30,22	5,3	13,9	102	99
194,187	489,443	100,61	272,200	113	99
2,10	2,3	0,0	0,1	111	99
209,221	7,14	115,81	4,3	135	99
7,8	58,61	0,1	50,20	313	99
31,28	20,13	9,9	9,5	115	99
2,4	176,155	8,0	98,63	481	99
6,7	5,8	4,5	1,0	105	99
147,94	265,215	114,81	105,81	102	99
154,155	10,17	69,61	5,0	177	99
326,283	0,0	284,151	0,1	227	99
110,90	2,0	33,27	1,0	117	99
345,242	21,20	96,79	5,12	104	99
40,47	15,10	40,16	8,4	107	99
35,31	13,10	19,13	2,1	246	99
97,90	13,10	59,40	2,1	441	99
62,60	0,0	42,29	1,2	294	99
4,2	27,39	1,0	13,3	114	99
25,15	84,80	6,6	43,34	538	99
104,74	6,6	59,38	5,3	143	99
509,421	325,214	178,117	154,88	493	99
5,2	48,40	2,2	25,13	115	99
4,3	5,0	5,0	0,0	114	99
469,411	6,17	259,154	8,0	150	99
47,27	191,217	21,15	84,79	383	99
57,32	12,19	24,18	14,7	387	99
180,181	0,1	111,70	0,0	440	99
215,217	75,69	142,86	34,38	455	99
201,222	12,19	87,82	14,7	103	99
324,371	0,1	174,134	0,0	156	99
359,407	75,69	205,150	34,38	171	99
135,168	0,1	101,59	0,0	152	99
170,204	75,69	132,75	34,38	167	99
35,37	75,69	31,16	34,38	114	99
244,199	13,5	141,76	4,3	116	99
4,4	13,12	0,0	4,4	125	99
32,23	266,178	13,15	111,81	128	99
13,7	0,0	9,4	1,2	119	99
0,2	67,39	0,0	23,17	114	99
186,195	0,2	96,65	0,1	232	99
2999,2531	6,3	1070,772	1,2	133	99
2406,2009	0,1	845,617	0,0	161	99
650,673	17,18	318,207	2,3	102	99
2,3	12,8	6,1	15,8	237	99
215,214	122,94	85,78	113,50	105	99
91,61	124,107	48,20	42,32	102	99
81,79	2,1	45,26	0,0	105	99
0,1	14,14	0,1	18,8	126	99
1,0	6,8	0,1	4,2	126	99
29,28	6,5	45,20	2,3	235	99
304,281	2,0	180,83	0,0	227	99
21,13	552,534	3,6	252,152	132	99
0,2	44,26	0,0	19,13	137	99
2,5	1,0	4,2	0,0	108	99
22,29	4,4	18,11	2,0	220	99
14,17	621,667	4,5	246,183	287	99
120,137	17,29	84,44	14,7	111	99
14,11	11,7	6,1	0,3	117	99
1,0	856,794	1,0	564,342	141	99
80,73	103,110	31,31	80,54	102	99
58,28	191,141	42,19	96,63	602	99
291,315	176,188	105,96	71,61	268	99
344,311	16,16	169,96	3,1	129	99
59,76	6,12	17,28	10,3	119	99
2,7	225,249	8,2	134,86	364	99
102,82	0,0	23,31	2,1	284	99
31,43	1,0	17,10	0,0	102	99
119,85	111,118	86,60	64,29	102	99
15,5	5,4	3,3	12,3	166	99
1,2	4,4	0,1	0,1	112	99
25,11	43,42	8,4	31,16	383	99
59,66	1,4	28,13	1,0	156	99
268,226	0,1	132,84	0,0	129	99
77,97	4,3	70,33	2,0	103	99
20,45	0,1	16,9	0,0	105	99
54,51	28,10	30,18	23,8	102	99
66,49	122,116	19,10	80,33	111	99
1,3	17,9	0,0	11,4	127	99
8,4	4,0	5,3	0,0	123	99
8,4	145,168	4,3	102,57	114	99
52,61	51,58	26,22	37,28	113	99
10,11	2,2	3,3	1,0	111	99
200,141	49,29	94,52	18,11	117	99
80,100	119,121	27,16	111,46	102	99
8,2	20,31	1,2	3,10	110	99
5,3	7,9	1,1	0,0	110	99
17,8	3,7	11,3	5,2	179	99
5,3	30,24	2,12	25,6	342	99
59,58	0,0	36,26	1,0	288	99
789,667	11,11	752,483	7,6	587	99
260,264	24,44	108,63	6,8	132	99
36,14	0,1	21,12	0,0	107	99
84,58	11,9	76,52	24,8	497	99
34,26	11,9	28,24	24,8	524	99
16,15	62,43	16,20	62,46	126	99
271,208	1,0	245,149	0,0	477	99
20,13	3,2	3,1	2,2	103	99
63,63	23,24	22,19	13,6	134	99
231,160	6,13	93,68	0,2	102	99
265,198	0,3	107,75	7,0	180	99
568,312	3,0	231,115	2,0	244	99
65,57	8,11	29,21	4,4	116	99
14,18	12,9	14,14	7,1	114	99
1,1	15,5	1,1	0,2	172	99
41,29	6,5	7,12	2,0	111	99
15,15	28,27	35,16	6,10	121	99
2,3	11,1	0,1	5,1	118	99
91,110	1,2	43,32	0,0	289	99
9,6	2,1	4,5	0,0	135	99
35,55	118,92	20,25	42,46	316	99
7,11	197,199	2,1	116,96	374	99
60,66	284,292	71,40	120,65	121	99
166,166	0,1	74,55	0,0	114	99
36,26	165,106	23,12	78,41	102	99
82,88	80,47	64,33	45,19	102	99
0,1	12,20	2,2	8,3	165	99
369,306	0,0	186,101	2,1	231	99
1,3	10,6	0,1	1,1	104	99
15,17	7,7	11,5	11,4	104	99
48,30	0,1	11,7	1,0	128	99
3,1	3,5	0,0	1,0	102	99
1102,1142	6,22	660,465	7,11	217	99
152,160	48,84	86,79	23,15	102	99
73,88	0,1	37,30	0,0	101	99
194,191	0,2	82,63	0,0	141	99
10,2	166,157	6,1	79,62	123	99
53,65	151,149	48,36	64,58	102	99
12,4	102,63	3,1	38,25	104	99
1,2	16,20	0,3	6,3	112	99
3,4	78,58	4,1	21,18	136	99
1,1	46,53	1,1	25,16	102	99
47,49	5,5	27,23	1,0	269	99
47,47	5,7	27,25	13,3	269	99
5,1	256,224	6,1	166,79	258	99
217,207	13,16	101,68	7,5	102	99
2,11	0,1	6,0	0,0	281	99
8,7	46,36	3,1	21,15	108	99
54,70	0,3	29,32	1,0	144	99
25,22	68,58	15,6	15,15	286	99
31,19	3,6	16,10	5,2	128	99
35,31	2,1	24,16	0,0	145	99
7,18	2,1	13,8	0,0	116	99
773,711	215,236	467,285	148,92	105	99
22,13	1,5	10,4	1,0	102	99
15,13	3,1	0,7	0,1	174	99
0,2	1,10	0,0	6,2	135	99
189,152	0,2	88,65	0,0	486	99
240,141	10,3	66,45	2,0	105	99
19,20	260,235	17,10	113,60	104	99
2,1	1,0	4,0	0,0	106	99
1523,1296	5,5	752,507	5,0	108	99
64,37	2,7	38,47	0,2	116	99
3,3	11,10	4,2	5,4	223	99
70,57	1,0	24,15	0,0	235	99
14,10	22,16	14,7	24,17	226	99
18,10	239,241	4,7	110,64	353	99
46,34	10,8	18,13	5,2	487	99
170,115	16,19	36,44	11,3	228	99
59,40	115,76	31,11	38,39	102	99
337,529	1,4	206,120	0,0	269	99
14,6	4,7	5,2	1,1	102	99
379,388	6,6	227,177	1,1	102	99
26,26	32,50	16,11	23,19	115	99
51,29	392,467	25,7	168,142	534	99
10,4	62,49	10,3	33,23	126	99
19,8	141,161	14,1	93,43	104	99
76,65	14,4	52,26	3,3	125	99
85,58	0,1	27,5	0,0	104	99
32,19	442,417	15,3	205,168	503	99
32,36	21,8	21,18	4,3	133	99
72,75	153,148	27,39	83,56	113	99
99,97	0,0	111,65	2,2	499	99
31,10	136,104	12,7	34,23	291	99
95,85	3,3	59,24	2,0	103	99
745,566	12,13	520,282	0,2	485	99
566,517	0,4	276,201	0,1	415	99
11,21	6,2	15,11	1,1	102	99
59,46	158,156	38,15	83,56	110	99
2,10	86,73	0,0	52,37	102	99
174,147	93,60	56,18	20,19	250	99
4,5	339,321	4,4	94,80	117	99
24,16	133,129	16,5	100,63	135	99
19,9	92,65	4,2	24,10	135	99
92,80	1,0	46,24	0,0	102	99
21,18	144,118	2,5	67,45	129	99
3,11	41,80	9,0	20,18	116	99
35,53	44,38	15,26	9,12	114	99
134,108	817,637	47,32	400,226	102	99
2,0	40,27	2,1	19,9	110	99
16,13	36,26	15,7	18,6	120	99
97,44	1201,932	35,27	640,413	286	99
385,332	29,25	235,131	32,27	105	99
405,342	44,34	214,131	20,15	143	99
567,547	1,4	358,241	3,0	629	99
18,12	33,21	7,4	2,4	102	99
8,9	42,30	7,0	18,7	228	99
135,133	2,0	84,47	0,0	150	99
25,30	97,72	36,18	45,30	429	99
0,0	34,30	1,0	10,10	102	99
303,188	5,0	158,128	0,0	220	99
9607,8846	0,4	4868,3938	0,0	971	99
30,27	479,436	13,8	243,171	329	99
34,22	44,48	18,10	28,16	115	99
70,68	1,0	30,13	0,0	113	99
7,23	60,37	6,5	17,12	102	99
114,77	5,3	43,35	1,3	131	99
182,154	2,1	113,95	0,0	120	99
21,12	0,0	4,3	0,1	116	99
46,29	32,21	19,10	21,7	113	99
13,11	34,38	7,4	28,15	143	99
12,5	40,41	5,2	35,10	121	99
1,5	10,16	5,2	12,1	116	99
0,4	27,9	1,0	11,8	126	99
4,5	27,9	7,3	11,8	104	99
303,266	1,2	150,102	3,1	248	99
99,105	3,1	37,26	1,0	108	99
1975,1650	3,3	794,354	1,0	201	99
2758,2362	1,0	1134,480	0,0	231	99
141,116	5,1	59,18	0,0	120	99
786,715	1,0	341,126	0,0	129	99
499,402	42,35	184,84	16,10	120	99
1186,977	31,28	477,172	19,6	138	99
784,713	165,141	340,126	56,21	129	99
422,343	2,7	211,192	2,2	1706	99
7,6	24,8	9,4	8,7	123	99
9,2	76,68	1,0	19,13	108	99
1257,1021	1,0	761,407	0,0	102	99
0,0	10,2	0,6	2,4	130	99
1,0	168,160	0,0	85,59	123	99
75,68	13,18	33,19	11,9	105	99
5,8	76,87	2,6	39,30	102	99
149,111	3,0	62,39	3,5	103	99
9,6	115,103	3,0	71,43	183	99
1,2	16,2	0,0	1,0	164	99
0,0	9,14	1,3	6,0	273	99
10,8	97,55	9,14	31,17	102	99
117,85	1,2	60,32	1,0	114	99
8,8	25,10	2,4	10,7	111	99
44,30	1,1	13,11	0,0	104	99
10,15	8,13	4,5	10,5	104	99
207,190	0,0	121,45	1,0	106	99
7,3	143,145	5,0	72,35	119	99
18,13	1,0	22,6	0,0	165	99
