IJC_SAMPLE_1	SJC_SAMPLE_1	IJC_SAMPLE_2	SJC_SAMPLE_2	IncFormLen	SkipFormLen
2903,3049	4,10	2068,1064	4,2	238	149
2,0	0,0	0,0	1,0	241	149
203,250	2,1	230,116	0,0	298	149
6132,6501	1,0	6011,2806	0,0	227	149
6919,7251	0,0	6517,3927	1,0	223	149
154,123	0,0	98,39	3,0	190	149
113,158	0,1	78,49	0,0	238	149
956,1068	1,0	839,414	0,0	285	149
663,666	1,0	550,278	0,0	210	149
729,707	0,0	579,271	0,1	229	149
652,710	0,0	569,304	0,1	230	149
100,117	0,1	64,32	0,0	281	149
5,4	45,57	0,0	26,17	170	149
1231,1596	0,2	759,382	0,0	213	149
193,233	133,138	57,34	119,64	207	149
1014,1013	9,3	712,317	4,1	269	149
697,787	1,1	450,253	0,0	228	149
13,8	8,2	20,10	3,3	279	149
107,146	1,0	95,49	0,0	298	149
486,510	0,2	373,175	0,1	262	149
358,338	0,1	212,117	0,2	297	149
246,201	0,0	150,97	0,1	288	149
4,0	5,6	0,0	8,0	279	149
2,0	5,6	0,0	8,0	208	149
272,288	3,2	245,94	0,1	219	149
51,40	0,0	28,11	2,0	285	149
431,452	0,6	255,150	0,0	252	149
75,88	0,1	56,21	0,2	202	149
77,100	0,1	76,33	0,2	205	149
17,17	2,3	0,2	0,0	211	149
16,13	2,0	0,1	0,0	191	149
0,5	0,0	0,1	1,1	298	149
4,8	0,0	3,4	1,1	197	149
5873,6960	0,0	6769,3384	1,0	239	149
8183,9557	1,0	6196,3007	0,0	223	149
439,470	6,0	354,193	0,0	294	149
750,810	0,2	617,295	0,3	204	149
656,714	0,2	631,281	0,0	195	149
293,317	0,0	249,132	1,1	196	149
299,332	0,1	258,136	0,0	217	149
145,146	3,0	86,67	0,0	236	149
221,244	0,0	143,80	0,1	238	149
6177,6018	4,0	4046,2114	0,0	192	149
2,2	92,87	4,2	82,36	178	149
10,9	92,87	7,8	82,36	182	149
268,255	0,0	190,79	1,0	247	149
475,549	1,4	200,143	0,1	217	149
295,341	1,4	121,94	0,1	223	149
1097,1332	2,0	792,359	0,0	198	149
1182,1011	2,0	955,435	0,0	298	149
391,388	0,0	282,115	1,0	298	149
598,528	0,1	434,175	0,0	220	149
414,444	3,0	331,207	0,0	253	149
122,120	0,0	92,38	0,1	224	149
348,266	1,0	92,53	0,0	266	149
950,931	0,1	730,292	0,0	167	149
6979,9594	27,44	5533,2825	29,11	216	149
10,12	416,415	7,0	335,113	295	149
462,386	1,0	279,140	0,0	249	149
4,16	2644,3002	5,2	1600,835	214	149
1026,1197	0,0	585,267	1,0	298	149
591,549	0,1	519,208	0,0	247	149
213,217	0,1	211,95	0,0	286	149
265,215	1,0	276,124	0,0	293	149
112,154	58,64	58,44	49,35	298	149
47,56	230,186	45,33	120,66	207	149
54,64	230,186	52,25	120,66	210	149
1194,1108	0,1	1074,486	0,0	224	149
379,469	1,0	307,202	1,0	245	149
249,243	0,2	197,78	0,0	222	149
14,14	7,12	9,3	6,2	298	149
12,8	3,1	11,1	1,0	298	149
60,75	0,1	43,37	0,0	219	149
3881,4299	0,1	3584,2020	1,0	258	149
19,29	0,2	15,9	0,0	283	149
50,51	0,2	44,15	0,0	262	149
79,76	4,6	65,24	5,1	262	149
14,11	4,6	5,2	5,1	219	149
44,48	61,67	22,14	44,23	219	149
874,1088	0,0	672,325	1,0	200	149
1011,1145	0,0	718,358	2,0	227	149
371,403	0,0	291,148	1,0	268	149
189,172	0,0	145,65	1,0	271	149
45,26	4,7	32,13	8,8	197	149
231,279	6,1	252,111	3,0	298	149
115,133	1,2	133,56	0,0	298	149
14,12	1,1	8,5	0,1	211	149
10,9	0,0	4,6	2,0	227	149
396,338	2,0	288,146	2,0	294	149
125,175	4,0	117,48	0,1	189	149
6,13	1,0	8,1	0,0	235	149
2,9	1,0	5,0	0,0	228	149
91,142	2,0	81,44	0,0	298	149
53,74	0,0	46,26	1,0	280	149
329,295	3,3	244,108	25,9	205	149
4775,4257	0,0	3416,1678	2,0	178	149
343,322	0,0	241,137	1,0	245	149
415,427	0,1	250,115	0,0	209	149
264,260	0,0	195,95	0,1	239	149
41,36	11,17	49,22	10,8	196	149
75,43	23,14	44,26	14,4	196	149
17,22	23,14	12,13	14,4	194	149
13,19	40,19	22,9	12,9	194	149
225,227	0,2	162,75	0,0	298	149
243,220	0,1	156,93	0,0	298	149
375,366	0,2	261,134	0,0	298	149
1617,2096	0,3	1106,606	0,0	298	149
2,1	37,23	0,0	18,11	291	149
95,106	0,5	121,69	0,1	298	149
579,558	1,0	255,122	0,0	247	149
19,22	0,1	8,6	0,1	256	149
345,297	0,1	223,117	0,0	218	149
36,45	2,0	16,6	0,2	273	149
1397,1488	78,106	1837,1009	30,21	245	149
4,6	5,6	2,2	0,3	238	149
209,257	0,1	119,70	0,0	298	149
142,153	0,1	70,35	0,0	256	149
76,107	23,28	74,57	12,6	210	149
178,218	0,5	105,66	0,0	298	149
195,202	0,0	167,54	0,2	193	149
114,90	1,0	60,31	0,0	206	149
1,4	8,26	8,3	8,2	226	149
200,217	2,0	193,66	0,0	191	149
151,148	1,0	132,76	0,0	261	149
320,340	0,1	279,133	0,0	234	149
11049,13217	1,3	11746,6095	0,1	298	149
1007,800	0,1	767,376	0,0	298	149
100,98	0,0	79,38	3,0	190	149
11,12	88,47	5,4	36,21	230	149
14,12	1,0	12,4	0,0	230	149
131,69	1,0	51,30	0,0	230	149
54,29	11,10	18,12	12,3	230	149
118,126	1,0	81,52	0,0	201	149
546,542	0,5	420,174	2,4	191	149
347,364	0,0	228,143	1,0	280	149
405,597	7,5	273,175	0,1	196	149
306,265	1,0	121,72	0,0	225	149
62,55	1,0	37,15	0,0	202	149
83,89	0,1	62,41	0,0	285	149
202,277	2,0	208,112	2,0	210	149
640,601	2,0	495,203	0,0	215	149
8,2	3,10	7,2	2,5	212	149
164,196	0,1	104,67	0,0	203	149
23,17	0,3	19,6	0,0	205	149
9,20	5,4	16,8	1,0	214	149
333,323	0,2	192,122	0,0	229	149
356,359	42,41	259,109	32,22	190	149
98,116	0,0	73,43	0,1	298	149
130,133	0,3	68,41	0,0	232	149
158,125	1,0	90,42	0,0	201	149
127,112	3,0	86,37	0,0	222	149
3,4	1,0	7,2	0,0	298	149
5,6	0,1	0,4	2,0	298	149
0,6	1,0	0,2	0,0	263	149
122,87	8,4	78,33	2,1	263	149
320,373	1,0	252,107	1,0	291	149
76919,89047	2,0	81204,40915	0,0	298	149
143446,166059	2,0	151752,77690	0,0	284	149
284,301	9,14	253,120	0,0	298	149
120,104	1,0	71,29	0,0	234	149
0,1	3713,4233	0,0	2688,1254	194	149
346,357	0,0	232,98	0,1	208	149
76,61	1,0	35,13	0,0	218	149
220,218	4,0	96,56	0,0	204	149
2,1	16,20	6,4	18,8	220	149
0,2	26,13	2,2	16,11	220	149
31,36	16,20	29,18	18,8	192	149
12,10	26,13	11,5	16,11	192	149
386,394	1,0	221,97	0,0	295	149
175,185	0,3	166,43	0,0	190	149
212,238	0,2	116,70	0,0	252	149
1313,1391	1,0	1023,500	0,0	248	149
572,612	1,0	399,224	0,0	298	149
345,547	5,0	332,230	0,0	268	149
292,386	12,29	179,113	20,16	195	149
547,801	0,1	438,224	0,0	224	149
80,70	0,1	20,3	0,0	295	149
43,50	0,3	19,27	3,0	255	149
259,325	0,1	280,162	0,0	178	149
153,155	5,3	88,45	3,0	240	149
442,463	4,1	567,269	1,1	208	149
1991,2246	0,1	1607,886	0,0	298	149
1009,1120	0,1	808,476	0,0	298	149
5921,6900	0,0	4236,2320	0,1	272	149
316,293	0,2	270,148	0,0	298	149
4738,5544	2,3	3742,2238	0,0	206	149
18,13	3309,4049	3,16	2634,1561	222	149
6,18	227,258	4,5	196,112	243	149
219,128	0,0	105,58	3,0	216	149
3801,3703	3,1	3417,1737	0,0	233	149
51,36	0,0	8,19	1,0	232	149
369,362	0,2	161,69	0,0	249	149
127,91	5,0	90,34	0,0	208	149
5,2	2,1	0,0	2,0	290	149
168,155	66,74	202,76	49,31	298	149
237,217	2,0	279,119	0,0	298	149
109,111	2,0	104,60	0,0	209	149
0,0	1,0	0,1	0,0	230	149
1599,1951	1,4	1448,735	2,0	221	149
1754,1836	2,0	1604,745	0,0	217	149
49,54	0,1	42,12	0,0	298	149
121,146	1,1	97,67	0,0	298	149
170,177	2,0	148,85	0,1	211	149
177,234	19,14	164,83	6,6	263	149
96,112	1,0	33,28	0,0	298	149
741,998	1,0	511,316	0,0	298	149
235,297	1,0	250,142	0,0	298	149
6,0	236,297	3,2	252,142	198	149
453,450	0,0	361,159	0,3	280	149
20,51	33,46	23,7	53,30	173	149
122,92	0,0	83,28	0,1	223	149
148,166	0,1	110,48	0,0	257	149
96,95	5,12	68,55	5,6	210	149
305,288	1,0	175,77	0,0	203	149
851,873	1,0	672,282	0,0	249	149
84,102	56,60	65,33	61,42	185	149
1230,1173	27,10	669,334	15,4	244	149
420,530	0,1	356,189	0,0	229	149
100,160	0,1	101,60	2,1	178	149
18,21	91,84	11,5	55,40	231	149
236,288	3,0	194,98	0,0	298	149
480,591	3,0	380,221	0,0	298	149
523,581	1,0	353,163	0,0	277	149
137,100	19,18	100,32	12,1	237	149
519,486	1,0	357,175	0,0	246	149
341,300	1,0	218,141	0,0	232	149
1639,1609	3,2	1462,718	1,2	247	149
443,481	1,0	428,222	0,2	211	149
384,335	0,0	256,124	1,0	298	149
778,875	0,4	617,284	0,0	229	149
8,12	33,72	15,6	42,23	229	149
158,147	1,0	121,76	1,1	179	149
680,823	0,0	410,208	1,0	204	149
1010,889	0,0	678,306	0,1	201	149
30,44	5,2	30,14	2,0	268	149
759,789	0,0	455,244	0,1	229	149
8,21	1,1	17,4	1,0	289	149
32,27	1,0	39,41	0,0	190	149
122,124	0,3	89,40	0,0	184	149
1068,1216	0,3	840,467	0,0	229	149
12,9	0,0	3,2	1,0	221	149
235,280	0,2	108,46	0,0	272	149
1000,1184	9,9	521,302	1,0	242	149
478,642	9,9	312,170	1,0	235	149
1062,1319	0,0	831,517	1,0	298	149
255,214	0,1	134,82	0,0	184	149
220,219	0,1	155,75	0,0	223	149
104,132	277,311	45,19	257,90	155	149
150,149	5,0	199,104	3,3	211	149
370,419	3,0	350,181	1,0	237	149
904,1109	0,0	1522,798	1,0	231	149
281,341	0,0	462,246	1,0	235	149
270,304	0,1	216,88	0,0	194	149
357,431	1,0	274,127	0,0	257	149
400,466	5,8	324,157	11,2	226	149
69,74	4,2	59,27	0,2	238	149
202,262	4,2	194,75	0,2	247	149
263,273	1,1	175,88	0,0	219	149
837,856	1,1	538,289	0,0	216	149
275,219	2,0	115,81	0,0	244	149
177,211	3,7	109,65	0,0	208	149
127,135	1,1	61,45	1,3	298	149
310,273	0,2	242,120	0,0	203	149
290,288	1,0	247,121	0,0	205	149
2,1	0,2	5,0	0,0	209	149
18,12	0,1	6,4	1,0	298	149
99,145	0,0	54,31	0,1	259	149
57,77	0,0	31,18	0,1	245	149
6,6	488,444	5,2	505,322	276	149
3043,3166	0,0	2507,1158	0,2	203	149
14,16	0,1	4,0	0,0	241	149
806,946	0,0	635,290	1,0	192	149
206,197	0,0	153,72	2,0	197	149
42,32	2,0	32,14	0,0	197	149
66,52	2,0	42,29	0,0	196	149
241,215	2,0	165,88	0,0	196	149
84,66	0,2	30,22	0,0	191	149
60,40	2,0	21,4	0,0	229	149
135,171	0,2	74,46	0,1	298	149
690,671	1,4	489,234	1,1	211	149
189,163	1,0	550,313	3,2	229	149
698,582	0,1	731,380	0,0	266	149
399,504	1,0	284,156	0,0	233	149
164,197	4,1	96,71	0,2	275	149
303,318	2,0	169,104	0,0	213	149
373,356	0,0	271,135	0,1	191	149
423,365	0,2	319,140	0,0	199	149
85,106	0,0	58,30	1,0	206	149
480,527	45,52	403,221	35,14	190	149
431,552	3,0	374,199	0,0	178	149
215,206	0,1	156,68	0,0	191	149
18,30	1,0	15,7	0,0	298	149
1203,1347	2,0	949,533	0,0	246	149
135,127	3,0	46,31	0,0	246	149
171,124	809,777	114,54	492,215	298	149
5,9	0,0	10,3	2,1	260	149
42,51	0,5	26,21	0,0	298	149
0,1	211,189	0,0	8,2	221	149
263,252	3,0	10,2	0,0	191	149
37,20	0,2	15,3	0,0	213	149
503,502	3,4	267,154	1,0	172	149
51,66	0,0	44,15	0,1	194	149
40,41	1,0	34,20	0,0	298	149
10,18	11,24	13,5	25,22	215	149
121,97	1,0	116,78	0,1	220	149
11,9	1,0	25,11	0,1	179	149
212,211	2,4	160,64	0,0	232	149
85,79	2,4	50,20	0,0	229	149
106,147	1,0	126,61	0,0	204	149
650,707	0,1	1222,698	0,0	230	149
492,515	0,0	963,546	1,0	215	149
318,301	0,1	267,116	2,0	205	149
247,279	3,1	175,89	1,0	225	149
34,25	113,130	19,11	83,48	151	149
234,265	1,0	273,101	0,0	187	149
894,900	15,11	674,407	10,9	209	149
15,9	86,93	0,2	57,28	267	149
22,18	86,93	2,2	57,28	279	149
440,572	2,1	368,183	0,2	187	149
320,277	0,0	174,83	1,0	193	149
56,47	0,0	33,11	0,1	241	149
0,1	1521,1421	2,0	1315,583	248	149
1212,1106	4,5	856,402	0,0	167	149
1781,1758	0,0	1306,605	0,1	216	149
1895,2030	0,1	2030,1000	0,0	275	149
140,165	2,0	87,50	1,0	192	149
519,644	1,0	410,267	0,0	182	149
828,1216	2,8	467,211	0,0	298	149
22,28	1,0	19,14	0,0	213	149
170,167	68,81	197,99	32,25	247	149
126,139	17,16	117,54	13,6	250	149
128,192	2,0	100,57	0,1	266	149
1325,1233	1,0	1038,470	0,0	212	149
314,397	1,0	259,157	0,0	232	149
110,156	0,1	102,82	0,0	200	149
341,349	0,1	249,142	0,0	167	149
412,414	7,1	338,185	0,0	224	149
128,196	5,0	119,57	0,0	298	149
2499,2715	1,0	2954,1516	0,0	265	149
347,394	2,0	230,159	0,1	298	149
331,357	3,2	196,105	3,0	284	149
1801,2027	0,2	1445,800	0,0	209	149
1695,1687	0,2	1594,727	0,0	168	149
1899,2027	1,0	1739,868	0,0	214	149
28,21	63,92	7,4	49,36	298	149
24,22	63,92	5,3	49,36	290	149
1205,1356	0,2	991,612	0,0	248	149
419,504	5,9	320,181	3,0	233	149
456,520	8,1	664,441	1,3	283	149
475,528	0,1	366,153	0,0	298	149
242,260	0,0	161,69	1,0	247	149
172,221	0,0	114,63	1,0	249	149
46,41	1,0	31,15	0,0	207	149
1952,2395	0,0	2030,1225	0,3	275	149
262,325	1,0	189,99	0,0	190	149
1807,2240	0,1	1178,666	0,0	252	149
20,38	1,0	21,13	0,0	298	149
15,28	573,529	5,2	404,228	239	149
1222,1334	0,0	1088,641	1,0	224	149
1292,1522	5,9	1143,626	13,4	224	149
504,520	1,6	460,259	3,4	183	149
270,353	0,1	262,115	0,0	240	149
56,80	1,1	69,40	6,6	225	149
22911,28281	0,0	16819,8945	2,0	269	149
2385,2751	0,0	2145,1111	1,0	224	149
234,260	0,1	133,60	0,0	248	149
20,30	94,105	33,15	64,27	241	149
277,356	94,105	195,81	64,27	222	149
80,127	94,105	106,50	64,27	165	149
3590,4104	0,1	2315,1265	0,0	245	149
110,101	0,0	24,25	1,0	201	149
10740,12416	0,0	11125,5794	2,0	227	149
9808,11123	2,0	10408,5231	0,0	215	149
644,778	12,2	576,218	0,1	259	149
121,126	9,12	121,56	13,4	170	149
18,17	9,12	12,17	13,4	208	149
6,11	1,1	4,0	1,0	214	149
191,185	1,0	115,83	0,0	236	149
265,256	116,140	135,90	94,40	298	149
303,296	116,140	162,112	94,40	298	149
72,72	116,140	31,28	94,40	186	149
396,408	3,1	219,120	3,1	172	149
95,95	1,1	76,31	0,0	207	149
294,353	1,1	247,134	0,0	218	149
399,469	0,1	306,146	2,0	222	149
1098,1001	2,0	874,356	0,0	258	149
828,889	3,0	591,286	3,1	233	149
1,0	9,10	0,0	4,3	195	149
75,54	0,1	24,13	0,0	298	149
148,95	0,1	59,37	0,0	298	149
43,38	15,9	18,8	16,10	191	149
5209,5736	0,0	7041,3380	1,0	298	149
140,145	359,378	114,58	228,115	201	149
364,346	359,378	264,147	228,115	214	149
162,107	29,22	101,58	3,3	214	149
26,20	1,0	6,10	1,0	171	149
72,97	1,0	58,29	1,0	182	149
45,29	2,0	25,5	0,0	231	149
292,298	0,0	215,119	2,0	272	149
942,1073	0,0	687,411	2,0	203	149
164,111	0,0	107,64	1,0	298	149
704,636	0,0	554,249	1,0	231	149
394,345	0,2	275,195	0,0	245	149
260,307	11,6	224,78	9,0	185	149
2,12	0,0	10,1	1,0	219	149
4,7	0,0	10,0	1,0	298	149
680,736	0,3	626,373	0,0	218	149
122,120	0,1	81,51	0,0	258	149
16,25	9,12	3,3	18,13	218	149
3,2	500,520	1,0	360,174	218	149
48,45	4,4	51,27	1,0	210	149
1868,2180	0,0	1494,833	0,1	263	149
192,171	0,1	135,79	0,0	298	149
438,417	24,12	332,186	7,0	264	149
640,603	17,9	457,273	6,5	298	149
3097,3344	1,2	1978,1100	2,1	197	149
0,0	13,14	1,2	11,8	197	149
32,30	4,0	8,4	0,0	266	149
89,83	3,1	60,30	0,0	259	149
662,709	0,1	482,251	0,0	281	149
543,631	1,0	460,250	0,0	196	149
211,119	0,0	110,60	0,3	191	149
277,232	0,2	171,105	0,0	298	149
280,290	1,0	240,120	1,0	245	149
205,198	0,0	201,75	2,0	202	149
28,21	303,367	11,2	235,114	298	149
14,10	303,367	0,2	235,114	298	149
0,1	303,367	0,0	235,114	229	149
314,398	0,2	256,168	0,0	231	149
300,429	0,2	258,139	1,1	217	149
45,59	0,2	39,12	0,0	260	149
1012,1076	1,0	738,426	0,0	285	149
2,0	5,2	0,2	2,4	178	149
7,2	34,19	4,4	10,11	298	149
933,1212	0,0	636,297	1,0	275	149
1187,1162	6,5	975,522	6,4	189	149
1513,1613	0,0	1105,664	1,0	199	149
1258,1334	0,0	935,559	1,0	183	149
200,229	1,0	189,72	0,0	298	149
506,595	0,0	524,247	1,0	243	149
245,286	3,3	171,94	7,2	208	149
228,191	2,0	128,72	0,0	230	149
170,190	1,1	88,59	0,0	230	149
286,270	0,1	177,108	0,0	243	149
58,40	386,404	15,6	289,149	210	149
496,508	1,0	357,192	0,0	184	149
1992,2262	0,0	1741,834	1,0	298	149
1426,1644	0,0	1105,568	1,0	236	149
275,246	260,259	183,61	180,101	232	149
94,96	260,259	49,23	180,101	271	149
452,442	1,0	329,156	4,0	247	149
92,90	108,90	55,31	82,53	223	149
146,210	0,1	160,99	0,0	207	149
263,232	0,1	68,27	0,0	250	149
239,239	0,1	64,32	0,0	247	149
16,6	51,64	16,13	45,14	198	149
14,7	36,25	11,10	9,1	198	149
385,411	2,0	243,133	0,0	258	149
121,108	1,0	68,35	0,0	210	149
785,795	0,1	667,324	0,0	211	149
2322,2611	0,2	1770,925	0,0	238	149
1267,1529	1,10	1437,796	4,2	234	149
562,647	1,0	708,385	0,0	234	149
72,94	488,709	52,34	538,279	209	149
1239,1636	1,2	1236,593	1,0	293	149
443,499	4,3	249,122	0,0	252	149
66,75	0,0	39,22	0,1	202	149
23,13	27,14	17,2	20,9	213	149
62,70	2,7	36,13	2,0	277	149
6,4	47,43	7,7	53,28	184	149
63,61	79,76	60,29	88,58	228	149
4863,5386	0,0	3846,2108	0,1	298	149
38,39	0,2	37,19	0,0	287	149
4,5	15,16	14,6	4,9	196	149
114,133	0,0	65,18	0,1	227	149
700,662	0,1	541,239	0,0	216	149
754,736	0,0	623,271	0,2	263	149
1342,1377	1,0	950,391	0,0	183	149
129,151	1,0	68,29	3,0	213	149
366,304	3,0	74,36	1,0	231	149
119,81	0,0	58,32	1,0	298	149
5,1	0,0	1,0	1,0	298	149
6,1	0,0	4,0	1,0	298	149
1298,1056	22,19	975,427	7,2	167	149
181,250	2,0	137,81	0,0	204	149
66,83	592,601	30,40	345,183	216	149
349,421	841,806	288,145	447,190	298	149
33,56	75,82	47,29	61,27	206	149
4954,5392	1,0	5569,2951	0,0	272	149
2035,2249	1,0	2298,1192	0,0	298	149
244,314	3,7	158,58	0,0	229	149
11140,11121	1,0	10447,4695	0,0	251	149
588,588	0,1	501,231	0,0	264	149
265,266	84,80	178,100	48,20	264	149
126,120	84,80	96,49	48,20	198	149
448,438	0,2	421,180	0,0	198	149
282,320	70,60	167,76	70,32	298	149
418,407	2,0	334,167	0,0	206	149
344,462	0,0	305,151	0,1	232	149
299,387	0,2	245,152	0,0	217	149
108,160	0,2	102,45	0,0	256	149
58,66	18,22	40,23	5,5	266	149
198,222	18,22	145,67	5,5	224	149
2061,2281	2,0	1544,828	0,0	219	149
50,57	1,0	66,31	2,1	187	149
149,159	1,0	125,64	0,0	188	149
35,41	1,0	19,16	0,0	188	149
66,60	1,0	61,25	0,0	206	149
194,210	15,29	174,86	4,13	206	149
303,213	3,0	135,75	1,0	231	149
176,141	1,0	129,48	0,0	245	149
1259,1415	0,2	1228,599	0,0	198	149
925,1178	0,0	764,332	2,0	198	149
0,1	7,1	1,2	8,0	173	149
113,169	0,1	141,72	0,0	285	149
76,104	0,0	93,40	1,0	298	149
35,45	11,7	39,11	2,3	288	149
7,8	11,7	5,3	2,3	298	149
85,78	11,7	83,42	2,3	254	149
54,44	11,7	45,29	2,3	298	149
52,42	11,7	46,31	2,3	298	149
6,3	3,4	2,2	1,0	298	149
190,97	0,1	81,35	0,0	209	149
289,381	1,0	251,153	0,0	218	149
25,19	0,0	19,9	1,0	298	149
54,100	1,0	30,23	0,0	213	149
95,109	1,0	45,35	0,0	274	149
34,51	1,0	24,11	0,0	298	149
1698,1690	0,0	1241,671	1,0	269	149
0,1	705,825	2,0	453,241	191	149
337,385	0,1	346,149	0,0	250	149
247,325	0,2	239,138	0,1	222	149
254,341	0,1	249,122	2,0	227	149
2,0	2,1	15,2	0,0	286	149
97,112	4,4	79,59	8,0	298	149
110,112	7,10	104,69	3,5	238	149
1978,2637	2,1	1711,990	0,1	267	149
301,358	1,1	253,180	0,3	211	149
56,61	1,1	41,30	0,3	208	149
7,3	53,22	5,4	20,15	298	149
123,84	0,0	68,22	2,0	236	149
8,20	37,8	12,6	21,1	228	149
307,388	2,0	258,136	0,0	229	149
762,812	6,3	468,285	3,0	227	149
1171,1253	1,0	838,438	0,0	203	149
4336,4416	0,0	3222,1478	2,2	210	149
4024,4181	0,1	2820,1604	1,0	193	149
253,325	1,0	256,120	0,0	226	149
11,10	0,1	10,1	0,0	219	149
55,51	0,0	47,29	0,1	298	149
48,52	0,0	31,9	2,0	195	149
24,18	4,4	12,3	1,2	231	149
11,11	4,4	4,2	1,2	238	149
28,22	0,2	22,11	0,0	180	149
187,149	0,2	98,62	0,0	210	149
221,197	2,0	122,74	0,1	174	149
104,148	0,1	59,25	0,0	234	149
391,540	4,3	254,172	0,1	298	149
233,329	1,1	136,113	1,0	246	149
310,415	0,1	170,96	0,0	253	149
3272,3580	2,0	2826,1543	0,0	227	149
35,47	572,645	50,30	617,318	298	149
921,1082	0,0	868,498	3,0	298	149
954,1103	0,0	890,513	3,0	298	149
1477,1707	0,0	1473,802	3,0	298	149
596,742	0,0	616,348	0,1	258	149
1862,1860	0,1	1983,1129	1,0	298	149
1810,1884	0,1	1779,999	1,0	298	149
153,142	1,0	202,135	0,0	298	149
100,83	1,2	143,84	0,0	298	149
240,273	10,2	390,192	4,0	298	149
139,156	3,0	104,35	0,0	209	149
414,576	0,3	330,124	0,0	298	149
184,222	0,1	147,69	0,0	271	149
125,149	0,0	92,49	0,1	201	149
34,57	176,178	36,19	112,53	231	149
37,47	107,92	33,17	84,55	231	149
123,202	0,1	123,69	2,0	298	149
2,1	0,0	3,0	3,0	207	149
597,846	1,5	607,293	8,0	275	149
679,691	0,3	535,282	0,1	206	149
2,2	48,42	1,1	54,32	245	149
468,412	2,0	428,209	0,0	236	149
301,252	1,1	153,102	0,0	225	149
308,301	1,0	263,130	0,0	187	149
3333,4008	0,2	2623,1338	0,0	195	149
2344,2909	0,2	1826,861	0,0	198	149
28,25	0,1	24,7	0,0	212	149
10,11	0,0	20,7	1,0	212	149
14,23	13,30	11,6	18,8	259	149
23,12	97,83	17,11	86,31	259	149
28,12	97,83	15,9	86,31	298	149
28,36	97,83	23,11	86,31	190	149
18,25	12,7	9,4	10,6	190	149
379,334	7,9	226,135	1,0	177	149
286,286	0,1	187,93	2,0	190	149
759,749	0,1	572,246	0,0	257	149
29,36	5,5	10,12	0,3	268	149
3256,3424	1,2	2294,1090	0,0	298	149
238,278	0,0	169,92	0,2	298	149
348,342	6,0	310,143	5,0	159	149
209,154	10,7	145,88	5,3	213	149
316,237	2,2	293,139	0,0	187	149
686,688	0,2	569,280	0,0	254	149
865,942	1,0	898,393	2,0	219	149
144,174	47,46	121,74	27,15	298	149
2,5	1,0	9,14	0,0	260	149
140,148	0,1	93,37	0,0	255	149
452,462	1,0	340,163	0,0	206	149
52,42	203,212	69,28	158,86	298	149
445,502	0,2	524,245	0,0	263	149
251,301	9,9	222,123	4,1	290	149
274,299	47,77	238,148	67,45	220	149
49,64	7,5	40,14	4,0	298	149
53,88	7,5	54,15	4,0	298	149
181,162	0,2	81,57	0,0	178	149
875,903	1,0	836,429	0,0	280	149
139,184	0,1	78,57	0,0	265	149
396,416	0,0	547,297	0,1	226	149
363,309	0,1	239,106	0,0	212	149
212,188	4,4	109,75	1,0	234	149
33,30	2,0	23,7	0,0	228	149
5,7	0,1	11,5	7,0	274	149
1,4	2,0	2,0	1,1	227	149
112,102	0,3	95,41	0,0	247	149
5,8	8,5	4,4	5,5	198	149
214,209	8,5	155,66	5,5	218	149
11831,12925	3,2	17242,9347	0,0	173	149
145,183	1,1	178,82	0,2	204	149
246,246	2,0	218,97	2,1	200	149
627,679	2,0	638,252	0,0	251	149
419,623	0,0	373,232	0,3	221	149
748,916	5,5	462,271	2,4	190	149
383,351	0,2	263,106	0,0	176	149
190,197	0,0	119,65	3,0	298	149
73,72	2,0	41,26	1,0	258	149
160,192	2,0	102,66	1,0	252	149
154,121	1,0	143,102	0,0	216	149
158,192	0,0	174,82	1,0	270	149
52,38	77,131	61,36	74,47	223	149
425,484	0,0	378,193	0,1	298	149
198,222	0,1	129,65	0,0	218	149
917,910	1,0	720,341	0,0	250	149
155,202	974,1019	122,76	688,338	298	149
164,123	50,36	107,75	75,37	273	149
327,302	213,188	219,108	103,52	273	149
260,264	213,188	213,105	103,52	284	149
103,111	6,2	49,24	1,0	207	149
233,252	0,1	165,91	0,0	249	149
499,585	0,1	276,127	0,0	212	149
802,918	2,8	685,346	0,0	239	149
144,125	0,0	129,83	0,1	275	149
330,256	1,0	238,91	0,0	215	149
3,0	8,17	1,1	9,5	298	149
8,3	32,20	5,2	22,23	298	149
33,40	135,152	29,12	108,63	191	149
92,89	0,0	84,49	0,1	241	149
364,403	5,1	743,361	4,0	212	149
279,281	4,4	387,215	2,3	239	149
1060,1018	31,12	800,403	15,4	223	149
99,90	0,1	32,16	0,0	237	149
204,243	0,1	94,41	0,0	223	149
308,371	0,1	170,83	0,0	203	149
29,51	8,15	12,22	2,6	271	149
1,0	205,195	0,0	106,29	260	149
260,181	0,1	183,118	2,0	298	149
2,0	0,1	0,0	0,1	199	149
415,465	0,0	287,184	2,1	203	149
354,388	0,0	231,129	2,1	234	149
38,48	6,1	13,6	1,0	298	149
1270,1425	0,1	1041,494	0,0	281	149
201,124	1,0	134,58	0,0	243	149
640,713	0,2	589,291	0,0	264	149
2013,2377	0,1	1459,757	0,0	297	149
297,304	0,0	231,115	1,0	298	149
142,163	1,0	88,47	0,2	298	149
42,63	1,0	46,27	0,0	246	149
121,151	1,0	76,47	0,0	291	149
524,625	2,0	366,181	0,0	182	149
316,372	2,0	303,160	0,0	219	149
260,309	0,1	271,159	0,0	195	149
142,161	5,1	106,88	3,0	171	149
91,63	0,1	30,8	0,0	187	149
26,29	13,17	13,2	17,12	298	149
1,4	0,0	3,1	0,1	204	149
648,734	1,0	492,251	2,1	233	149
978,1115	2,0	727,374	1,0	298	149
64,108	1,0	60,58	1,1	260	149
89,121	0,0	135,81	1,0	251	149
1,2	1,0	2,0	0,0	298	149
82,127	1,2	149,92	1,0	298	149
60,82	1,2	77,45	1,0	298	149
7,12	30,48	8,1	74,49	223	149
10,4	0,0	14,14	1,0	272	149
1957,1982	0,1	1524,712	0,0	205	149
300,320	1,0	288,147	0,0	247	149
2768,2525	2,0	2215,1040	0,1	274	149
377,331	4,9	209,82	0,0	224	149
1023,1238	0,2	809,369	1,0	198	149
99,112	1,0	112,72	0,0	202	149
86,87	0,0	79,42	1,0	232	149
248,273	0,1	217,120	0,0	221	149
69,61	0,0	39,25	1,1	203	149
195,245	0,0	140,88	1,1	298	149
143,144	1,0	52,36	0,0	212	149
12,5	1155,1072	6,2	823,461	210	149
738,839	2,0	669,324	0,0	234	149
187,198	0,1	135,76	0,0	200	149
29,47	0,0	80,30	1,0	217	149
1794,1956	0,2	1117,523	2,0	253	149
468,394	2,0	359,221	0,0	298	149
411,417	56,52	178,94	23,16	273	149
25,30	2,0	22,27	0,0	196	149
128,115	0,2	160,95	0,0	266	149
88,106	0,0	90,35	1,4	237	149
68,66	0,1	41,32	0,0	298	149
200,212	2,4	159,61	0,0	269	149
529,567	0,0	453,210	1,0	225	149
113,119	2,5	93,35	0,0	198	149
267,370	2,0	211,119	0,0	231	149
344,395	0,3	190,141	2,0	273	149
705,617	0,0	690,349	1,0	215	149
273,206	3,0	198,67	0,0	185	149
35,28	350,408	15,5	277,156	285	149
751,893	2,1	619,335	0,1	235	149
85,77	0,0	76,25	1,0	231	149
57,50	0,5	40,33	3,0	298	149
262,293	1,1	178,115	2,2	237	149
265,330	0,5	188,101	0,1	298	149
378,449	0,2	202,109	0,0	225	149
130,92	5,2	73,50	0,0	271	149
66,65	5,2	44,26	0,0	265	149
77,86	11,13	36,32	2,0	215	149
544,488	0,1	401,179	0,0	202	149
437,382	7,5	331,256	1,3	293	149
202,156	7,5	141,78	1,3	298	149
191,204	2,1	140,79	0,2	298	149
6837,8137	9,26	5533,3176	9,12	207	149
8685,9583	0,2	7439,4118	0,0	209	149
1413,1358	8,9	1273,660	1,3	196	149
276,273	0,0	252,159	2,1	218	149
261,299	0,0	218,144	1,2	197	149
3,2	73,59	0,2	49,24	210	149
220,287	3,3	185,96	0,0	215	149
3,4	0,5	8,2	2,0	247	149
190,195	1,6	224,99	8,1	169	149
43,31	4,4	44,9	0,1	169	149
103,91	4,4	108,61	0,1	202	149
265,257	9,8	287,155	9,1	202	149
2471,3126	0,0	2269,1224	1,0	203	149
153,139	2,0	82,49	0,0	298	149
26,13	1,0	18,9	0,2	225	149
37,28	3,5	5,5	1,0	225	149
14,1	0,1	7,1	1,1	225	149
331,484	0,1	214,146	0,4	208	149
132,120	2,0	75,23	0,0	276	149
183,243	0,0	169,107	0,1	230	149
1969,2345	2,0	2135,1125	0,0	289	149
372,401	0,1	264,153	0,0	225	149
401,444	0,4	246,166	3,0	247	149
154,152	0,0	93,69	0,1	298	149
190,165	0,0	95,47	0,1	211	149
91,102	0,0	50,30	1,0	207	149
29,28	3,0	26,16	3,0	201	149
385,401	1,3	406,196	3,0	290	149
249,269	0,0	234,135	3,0	220	149
111,101	0,0	88,60	0,1	228	149
342,360	0,0	255,167	0,1	200	149
49,52	0,4	38,20	1,0	209	149
18,15	3,3	5,3	1,0	298	149
179,207	62,60	98,51	12,14	215	149
45,59	62,60	21,10	12,14	188	149
1915,2195	2,1	1772,849	0,0	190	149
162,146	0,0	71,29	1,0	258	149
89,123	7,5	81,67	11,2	202	149
398,378	0,1	317,211	0,0	193	149
1040,1283	0,2	858,490	0,0	160	149
22,18	4,5	15,16	0,0	298	149
533,671	4,5	394,262	0,0	175	149
414,429	0,0	270,182	1,0	190	149
329,294	0,1	226,107	0,0	227	149
493,590	2,0	284,213	0,0	298	149
203,228	2,0	124,82	0,0	275	149
122,153	0,1	80,60	0,0	217	149
21,39	1,5	25,8	2,0	232	149
33,43	54,52	68,31	121,60	191	149
177,175	3,0	157,80	0,0	263	149
88,94	4,4	81,50	2,2	263	149
9,11	1,0	3,7	0,0	263	149
704,733	0,2	558,236	2,0	204	149
216,247	0,2	201,83	2,0	227	149
2659,2796	0,0	2153,1042	2,0	256	149
403,534	0,3	709,515	0,0	298	149
86,74	20,20	46,30	7,6	222	149
230,341	3,0	206,133	1,0	187	149
5226,5465	0,1	4118,2198	1,0	249	149
1,0	2564,2803	0,1	2037,1060	251	149
761,782	14,15	511,261	3,3	241	149
190,195	0,0	144,63	1,0	222	149
247,253	2,0	178,85	0,0	195	149
211,207	0,0	161,78	2,0	204	149
351,374	0,1	197,113	0,0	208	149
434,496	2,2	239,168	1,0	230	149
35,54	0,1	21,21	0,0	199	149
320,399	0,1	268,193	0,0	208	149
478,480	40,39	371,218	18,14	228	149
457,436	0,2	317,160	0,0	285	149
358,375	0,0	249,154	1,0	250	149
154,149	0,0	108,55	1,0	298	149
5,4	227,245	2,0	158,104	208	149
155,187	0,0	107,67	1,0	270	149
1651,1606	0,0	1829,876	1,2	269	149
446,401	0,3	188,96	0,0	257	149
993,963	0,2	663,407	0,0	209	149
209,237	1,0	216,119	0,0	264	149
45,48	5,9	41,24	1,1	198	149
17,9	72,66	7,0	95,49	221	149
170,187	2,3	106,57	0,0	237	149
58,62	1131,755	31,18	370,140	288	149
73,64	0,1	67,20	0,0	256	149
59,173	0,3	41,22	1,0	196	149
1013,1144	1,0	728,416	0,0	264	149
9,9	115,132	9,2	95,43	223	149
581,602	0,0	372,216	1,0	298	149
1993,2098	0,0	1327,646	1,0	197	149
7,13	1,3	7,4	0,0	227	149
20,42	88,90	35,14	65,49	227	149
4,4	88,90	4,2	65,49	195	149
11,13	21,40	7,6	34,14	195	149
88,93	146,146	70,57	108,68	219	149
73,87	1,0	65,20	0,0	253	149
1532,1689	0,0	976,438	0,2	239	149
125,149	13,13	108,68	11,2	203	149
7,17	13,13	12,3	11,2	167	149
389,383	0,2	240,138	2,0	298	149
409,406	0,2	241,159	2,0	298	149
1867,1827	1,0	1476,709	0,0	225	149
215,256	1,2	290,135	0,1	217	149
3931,4380	0,2	2996,1784	0,0	223	149
170,250	0,1	132,59	0,0	298	149
1448,1734	0,1	1066,562	0,0	298	149
29,13	6,11	15,19	9,5	200	149
4,0	123,176	16,6	125,73	298	149
1043,1106	1,0	762,388	0,0	271	149
144,113	0,0	87,44	2,0	211	149
152,219	1,0	92,73	0,0	211	149
327,327	1,1	284,191	1,0	245	149
165,163	1,0	92,40	0,0	242	149
348,302	1,0	248,92	0,0	200	149
65,93	0,1	77,48	0,0	254	149
44,43	0,0	17,14	10,0	211	149
240,189	1,0	140,47	0,0	214	149
55,40	2,1	18,6	11,1	249	149
656,683	0,1	372,184	0,0	298	149
101,114	4,0	83,40	0,0	191	149
117,140	9,9	79,33	13,0	227	149
112,180	1,2	83,41	0,0	298	149
89,127	1,2	85,31	0,0	298	149
323,340	0,0	226,127	1,0	215	149
310,337	1,0	232,114	0,0	209	149
162,185	2,3	113,38	0,0	203	149
395,409	0,0	222,133	2,0	298	149
156,207	2,1	93,35	0,0	216	149
27,26	1,1	29,13	0,0	253	149
1853,1794	0,1	1065,480	0,0	186	149
8938,9465	0,0	6567,3641	0,1	298	149
41,73	0,1	17,9	0,0	224	149
44,58	0,2	23,13	0,0	213	149
108,94	0,0	84,34	0,2	262	149
241,201	4,6	170,88	4,5	201	149
1158,1321	14,6	659,317	3,0	288	149
2414,2795	14,6	1327,686	3,0	298	149
61,71	0,0	53,19	1,1	250	149
20,28	0,4	21,11	0,0	225	149
5,3	28,40	0,0	14,7	185	149
229,249	1,0	149,81	0,0	242	149
5,3	2,0	2,1	7,2	188	149
21,32	0,2	22,6	0,0	298	149
21,17	115,101	10,5	72,46	198	149
861,1033	14,15	925,404	2,1	188	149
668,1056	1,1	695,326	0,0	298	149
796,806	0,0	567,352	0,2	241	149
853,907	1,0	673,371	0,0	200	149
40,54	1,3	14,11	0,0	232	149
86,93	0,0	68,37	0,1	237	149
139,160	0,0	49,47	0,1	252	149
1,0	2,2	1,3	0,0	159	149
5367,5308	8,8	3165,1516	4,0	191	149
105,109	2,2	54,22	1,0	248	149
92,73	3,5	73,44	2,0	298	149
6,3	0,0	3,3	1,0	273	149
601,688	2,0	399,169	0,0	298	149
69,50	2,0	28,16	0,0	241	149
8,10	0,2	10,4	0,1	200	149
856,643	6,9	719,300	1,0	206	149
671,686	1,0	529,248	0,0	242	149
245,195	0,1	209,100	0,0	173	149
99,118	1639,1966	112,92	1362,737	260	149
249,207	0,0	231,126	1,0	281	149
1789,1999	1,6	1593,927	5,2	279	149
8,15	23,40	0,2	13,9	204	149
6,6	23,40	8,9	13,9	209	149
34,71	0,3	25,12	0,0	209	149
36,39	166,147	9,7	103,65	185	149
812,892	0,1	623,334	0,0	234	149
222,237	0,1	163,86	0,0	196	149
20,54	0,3	22,15	0,0	179	149
582,518	0,1	286,158	0,0	258	149
473,570	3,0	344,163	0,0	298	149
69,62	0,1	56,21	0,0	298	149
29,32	0,0	16,5	0,2	233	149
194,196	1,1	181,91	0,1	187	149
109,134	0,0	82,41	2,0	272	149
197,251	0,0	147,90	0,1	204	149
427,375	0,4	370,170	0,0	242	149
718,1021	0,0	454,271	2,0	221	149
1039,1203	0,2	825,452	0,0	250	149
1531,1817	0,2	1208,634	0,0	253	149
2455,3095	1,1	2288,1215	1,0	298	149
215,228	1,1	144,68	0,0	235	149
1191,1266	2,0	1382,743	0,0	298	149
265,273	0,1	251,118	0,0	230	149
440,468	0,1	350,138	8,4	228	149
570,556	0,2	368,221	0,0	228	149
1158,1608	2,0	929,429	0,0	298	149
41,65	5,4	32,25	3,0	272	149
31,54	5,4	20,15	3,0	243	149
89,122	0,1	77,35	1,1	243	149
1356,1566	1,2	1430,831	1,2	245	149
642,691	0,1	373,224	2,0	298	149
1,0	2,2	0,2	1,0	186	149
383,325	1,0	281,121	0,0	226	149
26,27	1,0	5,2	0,0	196	149
1001,1025	15,22	763,449	12,3	200	149
597,572	2,8	449,214	0,0	223	149
687,682	14,8	540,267	5,2	158	149
98,98	13,10	65,37	0,2	281	149
8,4	13,10	2,2	0,2	244	149
257,263	3,6	205,118	1,8	295	149
117,114	3,6	120,54	1,8	258	149
211,190	1,0	125,51	0,0	176	149
25,17	3,0	6,0	0,0	185	149
3,0	0,0	0,0	0,2	286	149
980,1063	2,0	642,264	0,0	182	149
1260,1385	0,1	669,358	0,0	215	149
335,303	1,1	236,86	0,0	282	149
125,131	0,0	58,16	0,4	269	149
961,1009	0,2	666,367	1,0	298	149
72,85	1,4	21,20	0,1	298	149
99,98	1,4	27,21	0,1	298	149
58,65	1,4	26,20	0,1	298	149
21,23	0,4	14,11	9,1	298	149
8,5	43,33	6,2	13,10	190	149
259,272	0,1	172,92	0,0	205	149
396,392	1,0	411,138	0,0	203	149
431,431	25,25	327,151	5,2	216	149
54,66	94,120	20,17	115,53	276	149
8,3	1,1	7,1	2,0	187	149
9,9	43,38	4,4	30,13	193	149
8,5	0,1	6,1	0,0	193	149
349,400	0,0	246,115	2,1	197	149
9197,14135	0,1	7347,3927	0,0	290	149
25,14	2,0	26,4	0,0	187	149
574,595	8,7	527,296	8,3	259	149
3471,3133	7,7	2360,1183	1,2	298	149
855,879	1,0	570,267	0,0	238	149
170,201	3,2	144,78	1,5	292	149
1040,1181	1,0	662,340	0,0	248	149
38,44	1,0	34,21	0,0	298	149
50,56	3,5	48,17	3,1	245	149
3821,3556	4,0	2823,1007	0,0	206	149
302,378	1,0	230,108	0,0	220	149
517,591	2,0	454,246	0,0	230	149
182,182	0,1	141,78	0,0	298	149
182,176	1,0	117,71	0,0	273	149
523,507	4,6	373,199	3,1	226	149
8,6	1,0	6,3	0,1	224	149
4812,5346	0,1	5017,1835	0,0	298	149
7334,9267	2,4	7276,3009	1,0	298	149
5,4	388,431	4,3	395,240	195	149
593,611	4,2	591,336	0,0	206	149
1172,1624	0,2	1261,608	0,0	298	149
18,17	9,12	6,8	3,0	292	149
8,9	9,12	4,4	3,0	216	149
617,706	0,0	441,246	2,0	229	149
47,36	1,0	10,4	0,0	217	149
48,60	4,0	50,21	0,5	225	149
92,88	1,1	55,21	0,0	253	149
1935,2023	0,0	1433,807	1,0	194	149
89,112	0,2	114,48	1,0	193	149
30,48	12,11	41,9	3,9	193	149
81,84	12,11	64,21	3,9	266	149
143,142	0,1	137,59	1,0	266	149
829,914	0,0	715,356	1,0	275	149
168,200	2,1	105,69	1,0	298	149
33,69	0,1	36,15	1,0	218	149
158,97	3,0	55,44	0,0	203	149
118,161	0,1	100,33	4,0	203	149
2537,2923	0,0	1943,895	0,2	298	149
754,768	3,1	1485,642	1,0	227	149
9,15	0,0	8,8	0,1	196	149
187,188	8,3	190,77	5,7	176	149
11984,16177	3,2	9224,4659	0,0	298	149
123,133	0,0	104,39	2,0	220	149
1760,1956	0,0	1540,852	6,1	230	149
865,876	0,0	759,430	2,0	230	149
156,153	0,0	144,81	2,0	193	149
1059,1233	0,1	924,506	0,0	193	149
103,109	1,0	62,33	0,2	247	149
22,15	89,83	9,8	65,29	191	149
297,337	0,0	280,120	1,0	238	149
79,69	8,9	61,25	10,0	214	149
236,198	8,9	226,90	10,0	203	149
218,199	2,0	105,54	0,0	211	149
119,75	2,0	70,27	0,0	249	149
318,385	0,0	206,120	0,2	237	149
203,207	0,1	131,54	0,0	210	149
1725,1966	0,0	1317,760	1,1	239	149
750,791	2,0	633,282	0,0	206	149
116,140	1,2	90,62	0,0	228	149
8,12	1204,1355	2,2	919,495	248	149
11,14	2,2	12,8	0,0	298	149
1828,2221	3,0	1545,869	0,0	198	149
2668,2364	0,1	2389,1167	0,0	272	149
2445,2076	0,0	2316,984	1,0	226	149
434,521	4,1	413,180	0,0	189	149
145,220	0,2	180,102	0,0	195	149
14,8	84,85	12,6	70,33	235	149
227,233	0,0	207,104	2,0	233	149
246,288	0,2	157,134	0,0	226	149
65,61	4,1	61,23	0,0	183	149
467,470	2,0	341,188	4,3	243	149
68,72	1,0	48,20	0,0	216	149
111,131	970,952	87,44	745,438	206	149
43,48	0,1	36,11	0,0	253	149
114,111	1,0	77,38	0,0	288	149
404,446	6,6	268,159	3,1	220	149
34,38	30,40	10,10	20,18	287	149
709,797	2,4	538,254	1,1	226	149
64,61	0,2	36,21	0,0	258	149
9,16	26,25	31,13	16,12	206	149
30,28	33,32	19,17	44,14	258	149
295,338	2,0	244,144	0,0	240	149
9827,9033	153,100	4283,2396	75,28	298	149
19495,18758	153,100	8614,4905	75,28	298	149
655,759	0,1	762,329	0,0	233	149
231,274	75,80	184,91	51,36	195	149
955,746	0,0	619,228	1,1	188	149
198,224	0,0	156,82	2,0	228	149
1076,1387	1,1	691,365	1,0	241	149
155,170	0,2	101,69	0,0	298	149
1485,1497	1,4	1097,603	5,0	244	149
72,75	0,4	36,19	0,0	169	149
13,9	0,4	2,4	0,0	277	149
2683,3043	0,1	1527,707	0,0	234	149
0,0	0,1	1,0	0,0	244	149
2247,2793	0,0	1293,608	1,0	272	149
11,6	1,6	0,2	1,0	249	149
70,54	2,6	30,11	0,0	241	149
399,486	1,1	289,160	3,2	242	149
196,197	0,0	179,115	1,0	238	149
66,58	4,0	65,37	0,0	231	149
2079,2427	3,0	2360,1363	0,0	224	149
297,293	1,4	238,150	0,0	230	149
553,643	1,2	492,295	0,0	228	149
1241,1381	0,2	1462,859	8,0	187	149
1566,1710	69,45	1773,1134	18,9	236	149
517,655	14,43	544,298	11,7	213	149
47,49	0,1	19,26	0,2	270	149
7,18	5,5	6,11	5,3	186	149
159,223	0,1	139,70	4,0	250	149
398,403	8,7	253,165	3,2	195	149
237,245	11,11	197,118	4,0	188	149
20,21	1,0	14,16	0,0	220	149
337,354	0,0	268,135	0,2	167	149
571,446	0,1	338,139	1,0	192	149
798,924	4,0	769,443	0,0	230	149
14,20	40,57	9,9	4,1	221	149
16,25	118,139	12,11	64,35	221	149
19,13	22,42	9,9	24,12	221	149
13,16	4,20	9,10	4,1	221	149
12282,14690	2,2	9217,4529	4,4	269	149
656,628	15,4	436,250	7,1	171	149
1041,902	0,0	824,372	2,0	184	149
606,743	0,1	438,224	0,0	211	149
649,758	5,0	478,249	0,4	197	149
94,103	0,2	63,36	0,0	196	149
566,684	0,1	543,292	0,0	249	149
110,90	3,0	61,26	0,0	269	149
222,300	0,0	90,70	0,1	270	149
2170,2201	7,0	2059,939	3,2	243	149
1344,2019	0,0	1026,373	0,2	158	149
25,33	151,168	38,25	131,96	256	149
35,48	151,168	42,23	131,96	213	149
20,15	151,168	7,6	131,96	239	149
10,24	151,168	12,6	131,96	298	149
3,1	5,1	0,1	2,0	199	149
21,17	151,168	27,17	131,96	199	149
146,185	0,1	131,58	0,0	280	149
86,99	0,2	64,33	0,0	168	149
868,906	2,1	555,362	2,1	229	149
161,187	5,10	99,71	0,0	226	149
865,1057	0,2	528,302	0,0	200	149
8,3	0,1	6,3	0,2	298	149
151,162	1,1	109,57	0,2	223	149
208,201	3,0	120,95	0,0	253	149
190,145	0,3	87,37	0,0	259	149
365,346	0,3	214,101	0,0	276	149
1,0	30,38	2,1	36,19	188	149
5,0	30,38	5,1	36,19	191	149
16,26	68,98	13,3	54,18	195	149
62,85	68,98	73,43	54,18	175	149
153,171	13,10	109,41	10,5	294	149
300,343	13,10	220,74	10,5	268	149
108,165	13,10	96,30	10,5	173	149
185,163	1,0	126,64	0,1	279	149
343,445	5,1	228,139	1,0	201	149
16,21	1,1	23,1	0,0	201	149
166,129	1,4	97,43	0,0	211	149
20,26	3,5	20,5	3,2	153	149
866,952	1,0	686,458	0,0	298	149
178,166	0,2	159,69	2,0	298	149
7,8	1,0	7,1	0,2	237	149
3258,3228	1,1	2142,1120	0,0	298	149
6,35	622,753	13,1	591,300	294	149
610,737	0,3	577,296	6,0	290	149
39,50	58,59	68,41	82,40	278	149
46,29	1,0	34,21	0,0	193	149
293,356	0,2	156,50	0,0	298	149
334,471	0,0	307,213	1,1	237	149
202,251	0,1	147,125	0,0	268	149
174,217	0,0	139,70	1,0	247	149
1941,2058	1,1	1224,555	1,1	276	149
899,923	1,1	588,263	1,1	264	149
170,171	0,0	97,39	2,0	265	149
306,341	1,3	200,124	0,3	260	149
209,215	2,1	179,79	0,0	233	149
162,153	4,5	129,52	0,1	235	149
163,161	0,2	102,59	0,0	250	149
171,279	1,0	171,67	0,0	261	149
1645,2216	1,1	1700,1004	0,0	225	149
198,223	0,0	137,76	1,1	266	149
682,849	0,3	499,273	2,2	200	149
124,118	0,0	78,53	2,0	242	149
135,146	313,391	113,69	202,96	231	149
16,10	2,1	4,5	0,0	298	149
23,27	3,8	17,10	0,4	298	149
14,21	3,8	13,5	0,4	234	149
458,483	0,0	329,156	3,0	182	149
18,25	2,0	3,2	0,0	183	149
275,371	0,2	193,97	0,0	256	149
53,44	0,1	33,15	0,0	276	149
14,23	207,210	13,5	145,90	170	149
3332,4578	42,53	2771,1440	28,14	298	149
1710,2347	10,11	1441,731	13,9	298	149
3341,4586	2,2	3054,1636	0,0	298	149
1754,2400	10,11	1751,938	13,9	298	149
743,732	0,1	556,229	0,0	195	149
689,774	2,0	593,290	2,0	244	149
1,6	1,0	1,2	0,1	255	149
15,31	1,0	26,12	0,0	298	149
540,601	10,8	348,170	21,16	178	149
484,499	0,0	395,205	1,0	228	149
383,410	1,0	357,232	0,0	298	149
105,81	1,0	64,48	0,0	227	149
10,7	2,4	7,7	0,2	235	149
6,4	2,4	6,4	0,2	236	149
5,6	0,8	4,2	0,0	201	149
9,5	4,0	5,3	0,1	201	149
325,293	4,0	228,132	0,0	211	149
2,0	103,109	0,3	80,37	223	149
321,285	4,5	262,108	0,0	239	149
171,193	5,12	151,85	8,7	177	149
202,226	1,0	190,95	0,0	239	149
60,90	6,2	28,13	4,0	206	149
37,70	6,2	42,22	4,0	202	149
654,733	62,86	463,235	112,62	214	149
1425,1402	1,0	1111,540	0,0	179	149
75,85	2,1	53,46	0,0	187	149
6,11	2,1	1,2	0,0	255	149
1402,1560	0,0	1724,761	1,0	221	149
302,384	1,0	118,74	0,0	190	149
202,221	5,3	122,62	3,1	213	149
186,195	1,2	253,137	0,0	298	149
327,324	6,6	413,216	0,1	298	149
7,14	6,6	8,12	0,1	298	149
14,24	149,141	17,29	169,96	298	149
211,196	1,0	302,124	0,0	193	149
143,118	2,3	68,60	0,0	219	149
101,106	0,0	91,39	1,0	268	149
256,266	1,0	223,124	0,0	206	149
291,295	2,0	261,150	0,0	233	149
199,201	0,0	108,68	1,0	258	149
108,112	4,6	91,55	3,1	200	149
6,9	195,256	10,10	212,94	298	149
144,152	2,5	121,48	0,1	267	149
1006,955	7,8	705,320	0,0	254	149
535,629	0,0	429,248	0,1	206	149
1355,1599	2,0	1039,541	0,0	279	149
480,780	0,2	534,303	0,0	276	149
45,38	4,4	23,21	2,2	215	149
15,8	75,56	16,6	50,15	257	149
4545,4836	0,0	3665,1787	1,0	224	149
2407,2555	4,1	1831,1000	5,2	234	149
4,7	25,37	7,0	13,18	298	149
491,608	3,1	365,148	1,0	234	149
466,392	0,0	372,170	2,0	298	149
35,45	1,0	22,15	0,0	207	149
28,43	0,1	10,16	1,0	243	149
54,71	0,1	24,28	1,0	264	149
106,87	3,1	74,25	0,0	218	149
58,74	13,12	116,72	26,21	191	149
11,15	1,0	5,1	0,0	204	149
98,95	0,1	87,19	1,0	240	149
335,498	1,0	195,137	0,0	221	149
514,480	0,2	372,199	0,0	188	149
0,1	101,122	0,0	90,48	236	149
23,27	2,0	15,1	0,0	283	149
78,82	3,0	43,20	0,0	189	149
554,890	1,0	577,418	1,0	275	149
41,56	0,2	28,15	0,0	252	149
3157,3292	15,43	2509,1485	22,12	182	149
514,492	0,0	238,103	1,0	198	149
129,91	2,2	44,30	3,8	212	149
234,203	1,2	129,91	0,0	237	149
2,4	1,3	15,2	0,1	210	149
150,164	12,5	101,68	3,0	298	149
7029,6066	2,0	6162,2790	0,0	287	149
458,436	0,1	280,114	0,0	184	149
469,455	7,0	303,175	0,0	252	149
469,480	0,0	399,245	3,0	260	149
0,1	2,5	0,0	2,0	218	149
19,20	8,5	17,15	1,1	236	149
81,95	0,2	59,26	0,0	233	149
69,86	57,69	93,53	41,13	215	149
95,89	0,4	169,67	1,0	254	149
28,40	0,4	63,28	1,0	227	149
147,161	0,0	142,83	1,1	217	149
6,5	0,0	2,1	1,0	194	149
7,10	35,41	5,2	23,11	224	149
10,7	26,28	8,6	11,5	228	149
3,1	0,3	1,0	0,3	203	149
6,16	0,2	1,0	0,1	208	149
9,12	12,18	6,7	7,1	194	149
1,3	3,1	4,2	2,1	194	149
16,21	29,15	4,3	6,4	298	149
15,30	49,56	20,12	41,23	298	149
22,33	29,15	7,1	6,4	271	149
23,42	49,56	23,10	41,23	271	149
18,23	0,1	2,6	1,0	271	149
21,34	2,2	18,15	1,0	271	149
7,9	49,56	9,3	41,23	197	149
5,8	2,2	7,3	1,0	197	149
17,31	1,0	15,7	0,0	249	149
211,252	0,0	150,88	0,1	204	149
2156,2002	0,1	1598,695	0,0	208	149
20,22	91,100	15,18	98,49	248	149
768,692	1,0	502,206	0,2	207	149
174,240	1,0	142,108	0,0	249	149
831,943	0,1	637,312	0,0	298	149
728,711	17,15	487,253	11,13	227	149
1047,1112	0,0	1772,941	1,0	199	149
6,3	2,1	7,9	0,0	235	149
488,567	0,0	340,180	0,1	298	149
242,294	24,39	214,106	17,7	230	149
263,272	4,0	216,123	7,1	205	149
446,370	1,0	302,140	0,0	235	149
73,66	0,0	56,36	4,0	273	149
347,328	1,0	248,150	0,0	298	149
140,164	0,1	87,58	1,0	204	149
0,2	0,0	0,0	2,0	194	149
0,0	542,647	2,0	417,204	245	149
69,103	2,0	72,53	0,0	298	149
137,149	1,0	97,24	0,0	240	149
1141,1242	0,0	917,493	2,0	221	149
6464,7327	0,0	4542,2046	1,0	179	149
25,36	3,0	11,10	2,0	262	149
63,56	0,0	37,16	1,0	228	149
168,112	1,0	97,32	0,0	191	149
105,131	0,1	95,31	0,0	298	149
181,118	1,1	99,67	1,0	298	149
97,136	0,0	81,40	1,0	214	149
6,3	96,103	1,0	73,32	182	149
752,703	0,0	459,272	1,0	250	149
375,370	4,0	253,150	2,0	208	149
462,489	1,0	304,133	0,0	298	149
409,473	1,0	324,204	2,1	213	149
246,203	2,2	213,108	0,0	298	149
1231,1181	1,0	865,331	0,0	226	149
224,248	9,7	150,84	6,5	298	149
38,68	1,0	23,10	0,0	251	149
31,47	0,4	31,16	0,0	298	149
292,274	1,0	191,83	0,1	292	149
589,620	0,0	519,303	2,0	247	149
575,706	0,4	621,208	0,0	203	149
88,69	0,7	49,19	2,0	255	149
84,80	0,7	51,17	2,0	298	149
86,85	0,7	51,17	2,0	298	149
17,7	16,3	5,6	7,3	172	149
40,22	16,3	17,7	7,3	175	149
3881,4251	0,0	3903,2030	2,0	236	149
180,193	0,2	124,54	1,1	222	149
124,129	1,0	68,34	0,0	208	149
43,45	0,0	31,7	1,0	218	149
105,149	2,0	83,29	0,0	212	149
57,101	0,0	37,16	0,1	212	149
220,247	2,0	105,53	0,0	238	149
43,48	0,0	23,5	0,1	217	149
97,101	2,0	66,18	0,0	217	149
53,42	0,1	28,21	0,0	212	149
64,68	2,0	33,17	0,0	298	149
39,51	2,0	22,7	0,0	266	149
755,852	0,2	693,328	0,0	259	149
285,277	0,5	262,127	0,0	202	149
5,5	579,591	7,0	519,240	298	149
218,244	6,6	133,68	2,0	298	149
123,133	6,6	81,34	2,0	262	149
387,437	2,0	313,167	0,0	227	149
133,134	2,1	101,41	0,1	298	149
393,335	0,0	264,153	1,0	189	149
673,870	1,2	570,329	0,0	246	149
691,751	0,2	228,163	1,2	205	149
1013,1038	0,0	942,527	1,0	298	149
204,234	0,0	195,69	0,1	202	149
1026,1113	0,2	651,320	0,0	267	149
145,158	1,0	100,71	0,0	298	149
44,37	2,3	37,12	6,1	201	149
198,206	2,0	152,52	0,0	229	149
15,25	112,107	11,3	81,18	204	149
1381,1365	2,0	1464,748	0,0	224	149
62,49	2,0	40,9	0,1	207	149
30,38	1,4	25,10	0,0	298	149
0,0	1232,1221	0,1	855,350	298	149
1771,1827	8,10	1206,482	7,0	212	149
501,529	0,0	296,195	1,0	244	149
3,2	2,0	7,0	0,0	196	149
2,0	2,2	0,0	4,3	216	149
155,159	2,0	66,46	0,0	209	149
902,779	0,0	424,194	2,0	202	149
835,741	2,0	404,167	0,0	227	149
65,59	0,0	37,22	0,1	201	149
5449,6768	0,2	3740,2679	0,0	188	149
184,180	0,1	156,90	2,0	205	149
540,455	21,2	312,164	4,2	224	149
28,29	1,5	14,7	0,0	201	149
136,194	3,2	99,51	3,0	217	149
3160,3529	2,0	2889,1471	0,0	298	149
121,138	1,0	77,40	0,1	263	149
195,186	18,20	134,71	14,10	230	149
11966,11221	2,0	9353,4854	0,0	215	149
1915,2221	2,0	1387,844	0,0	272	149
706,871	0,0	652,431	0,2	229	149
242,338	0,2	198,122	0,0	195	149
78,59	0,2	40,13	0,0	298	149
207,226	0,1	161,84	0,0	218	149
211,215	0,0	177,80	0,1	263	149
1055,1153	0,0	760,348	4,0	297	149
730,863	0,0	514,298	0,2	203	149
96,111	0,3	85,35	0,0	195	149
41,56	33,26	35,13	13,7	240	149
563,674	1,0	388,227	0,0	253	149
9,7	69,49	16,2	20,8	236	149
60,109	100,105	22,25	47,20	199	149
94,92	0,1	59,24	2,2	182	149
130,142	2,0	102,51	0,1	233	149
9824,13112	4,13	9479,5523	1,1	276	149
29,25	0,1	12,3	0,0	298	149
83,84	1,2	60,49	3,0	286	149
124,119	0,0	101,55	0,1	215	149
202,205	1,0	179,92	0,0	214	149
46,53	5,8	47,50	16,2	215	149
57,54	1,0	53,31	0,0	241	149
81,72	2,0	8,2	0,0	198	149
72,53	1,0	13,6	0,0	203	149
23,20	0,0	11,7	1,0	232	149
277,319	0,3	145,76	0,2	219	149
18,12	47,34	5,4	42,15	180	149
0,0	209,244	0,2	126,73	240	149
118,116	1,1	72,43	0,0	195	149
457,480	1,1	334,199	0,0	220	149
13,22	73,110	5,5	59,23	298	149
26,48	73,110	21,13	59,23	298	149
130,130	0,4	91,35	3,0	246	149
24,40	182,186	29,20	114,48	185	149
1,0	29,18	0,0	5,7	227	149
1147,1195	0,1	811,416	0,0	217	149
61,66	0,0	29,7	1,0	210	149
63,74	1,0	23,6	0,0	215	149
176,222	1,0	116,91	0,0	298	149
241,246	1,1	185,106	0,0	238	149
449,450	0,2	325,119	0,0	215	149
20,27	20,13	14,4	15,3	298	149
22,25	20,13	14,4	15,3	298	149
20,28	20,13	16,4	15,3	298	149
85,117	0,1	53,28	0,0	263	149
284,288	3,0	527,265	1,0	234	149
1,3	57,68	0,0	34,16	222	149
13983,15403	1,0	13406,7540	0,0	298	149
3055,3442	0,3	3142,1585	0,0	215	149
6,19	0,0	13,2	4,0	183	149
30,39	2,2	57,35	0,1	217	149
161,152	55,52	135,77	31,11	298	149
203,214	1,0	83,34	0,0	174	149
45,51	12,3	30,7	3,0	174	149
8,14	12,3	10,6	3,0	201	149
92,90	12,3	78,27	3,0	162	149
14,19	12,3	26,8	3,0	189	149
3097,4003	1,0	3259,1844	0,0	212	149
161,149	1,0	122,44	0,0	185	149
228,251	0,3	155,69	0,0	266	149
376,338	3,1	187,134	0,1	234	149
98,122	6,2	49,38	0,2	212	149
324,321	1,2	180,132	0,0	209	149
115,117	1,0	61,42	0,2	220	149
205,281	0,3	185,74	1,0	228	149
207,316	1,2	180,98	0,0	298	149
142,118	0,0	74,38	1,0	169	149
242,165	0,3	383,159	2,0	222	149
12,11	664,640	2,4	544,251	298	149
56,44	67,50	90,26	31,12	189	149
110,110	1,3	58,22	0,0	212	149
96,86	1,6	104,42	1,0	214	149
183,152	1,6	114,62	1,0	241	149
242,274	2,0	177,66	0,0	189	149
43,61	0,1	18,4	0,0	205	149
189,159	1,0	138,58	0,0	183	149
5064,6109	0,1	3565,1750	0,0	243	149
84,58	1,0	56,40	0,0	298	149
7,7	4,0	2,6	6,0	187	149
20,29	0,2	20,12	0,2	187	149
1608,1588	0,4	1427,726	10,0	242	149
5459,5334	2,0	4471,1906	0,0	298	149
698,508	0,0	437,223	0,1	230	149
663,532	0,0	476,247	1,0	217	149
1451,1439	2,0	970,536	0,0	177	149
1335,1252	6,3	1133,635	2,3	200	149
512,478	0,0	359,187	0,1	298	149
88,103	1,4	50,22	5,1	193	149
74,94	1,4	60,25	5,1	196	149
194,244	0,0	163,71	0,1	199	149
2574,2803	0,1	1294,688	0,0	236	149
2940,3513	4,3	2116,1159	0,0	263	149
262,281	195,192	184,108	134,81	165	149
617,711	3,5	412,255	1,2	247	149
10,21	365,248	17,10	305,121	192	149
280,254	5,9	275,164	3,1	232	149
1256,1402	1,2	870,468	1,0	209	149
172,206	0,2	135,76	0,0	203	149
196,157	10,7	154,92	9,7	298	149
73,89	7,7	59,18	6,2	187	149
540,587	0,0	393,180	0,1	255	149
5911,6201	5109,5053	3459,1848	2480,1327	265	149
3,2	4,2	8,1	3,0	197	149
312,283	2,4	199,105	0,0	255	149
397,428	2,1	339,161	0,0	190	149
87,96	1,1	54,35	0,0	247	149
101,122	11,7	60,34	2,2	273	149
1634,1704	0,2	1026,591	0,0	263	149
1438,1346	7,4	1098,548	8,4	298	149
937,938	7,4	612,239	8,4	298	149
2,1	784,761	13,1	692,260	216	149
251,317	0,0	214,139	2,1	279	149
79,57	36,38	27,10	10,7	298	149
71,53	36,38	28,9	10,7	298	149
184,245	0,0	208,125	1,0	237	149
176,184	1,5	169,69	0,0	215	149
258,321	2,0	337,156	0,0	166	149
3419,3699	2,0	4511,2376	0,0	208	149
266,337	54,44	192,100	45,27	207	149
220,177	2,0	158,102	0,0	243	149
429,514	6,0	319,174	0,0	298	149
1170,1341	0,0	864,498	0,8	191	149
894,896	95,62	654,368	56,33	154	149
141,152	0,0	91,60	1,1	298	149
297,266	0,0	194,103	2,0	215	149
22,20	1060,1125	7,6	696,354	298	149
320,399	0,3	182,78	5,1	228	149
243,232	1,0	136,79	0,0	298	149
8,10	0,0	12,3	1,0	298	149
8,4	1386,1644	0,1	1014,676	290	149
254,321	0,1	192,109	0,0	238	149
545,519	0,0	479,295	2,0	256	149
111,153	0,0	72,48	0,1	298	149
75,41	0,0	47,28	0,1	220	149
610,841	30,31	516,272	7,6	176	149
1072,1314	2,0	847,503	0,2	296	149
4902,3874	0,0	3679,1710	2,0	298	149
139,119	1,0	96,51	0,0	192	149
2293,2623	2,5	1844,1151	1,0	272	149
1070,1200	2,5	830,579	1,0	298	149
1072,1198	2,5	830,581	1,0	298	149
163,176	13,10	98,44	3,3	238	149
137,141	3,8	99,54	4,0	298	149
233,232	0,0	156,77	2,0	218	149
20,23	347,312	7,0	274,136	298	149
20,19	347,312	7,1	274,136	226	149
16,15	12,13	4,10	14,7	195	149
20,25	8,9	17,9	5,0	190	149
1468,1359	5,1	1056,538	3,1	236	149
136,158	1,3	85,38	1,0	226	149
367,356	0,1	229,130	0,0	213	149
342,374	1,0	302,128	0,0	266	149
1776,1654	0,0	1898,1046	0,2	215	149
245,251	0,0	167,74	2,0	223	149
0,6	12,11	10,2	27,12	264	149
60,86	0,2	45,16	0,0	208	149
47,71	2,0	32,26	0,0	215	149
302,344	2,0	187,80	0,0	261	149
537,710	0,1	284,167	0,0	262	149
294,270	0,0	240,131	1,0	201	149
4473,4782	0,3	2973,1392	1,0	298	149
450,459	0,0	396,226	2,0	177	149
1,0	711,902	0,0	476,247	298	149
799,983	1,1	677,350	0,0	212	149
1154,1309	0,0	832,431	0,3	209	149
517,543	2,0	425,196	4,0	205	149
479,537	3,0	401,140	0,0	212	149
544,630	1,0	448,196	0,0	240	149
170,218	0,0	115,61	0,1	234	149
277,261	2,0	207,76	0,0	270	149
1904,2001	0,0	1545,897	0,1	276	149
190,217	10,10	174,93	17,6	228	149
141,142	0,0	126,52	1,1	298	149
60,48	0,0	57,17	1,1	183	149
7,12	0,1	6,6	0,0	186	149
45,58	3,3	60,21	3,4	258	149
114,137	6,6	105,44	0,0	236	149
111,108	24,28	90,32	17,3	236	149
576,619	0,0	466,208	1,0	206	149
145,165	0,0	45,28	0,1	212	149
377,301	0,0	290,151	1,0	245	149
3,2	3,8	1,1	14,1	182	149
5,6	69,95	1,2	36,27	182	149
1388,1580	1,0	1020,570	0,0	224	149
338,422	1,0	216,138	0,0	230	149
152,132	0,2	99,60	0,0	209	149
268,285	3,0	170,101	0,0	208	149
414,544	1,0	373,205	0,0	177	149
565,511	1,0	362,143	0,0	185	149
262,339	6,22	220,129	4,7	278	149
160,269	0,0	199,102	0,2	215	149
157,242	0,1	83,55	0,0	210	149
59,55	0,0	29,5	1,0	236	149
103,89	0,0	47,18	1,0	199	149
28,45	6,5	24,23	7,0	224	149
159,167	2,0	103,66	0,0	222	149
280,288	3,0	177,84	0,0	206	149
507,585	1,0	449,242	0,0	181	149
911,1006	15,14	768,394	17,2	281	149
574,675	235,255	436,187	149,116	289	149
1292,1521	2,1	989,491	1,0	215	149
4523,4932	0,1	3072,1713	0,0	197	149
140,97	1,0	30,18	1,0	298	149
1581,1716	0,2	942,532	0,0	298	149
1002,1270	8,4	731,394	4,1	220	149
19,29	115,137	24,5	63,33	189	149
93,125	1,0	38,41	0,0	280	149
109,84	0,1	61,30	0,0	226	149
319,306	2,0	240,99	0,0	203	149
3,8	30,50	3,2	27,11	298	149
3,8	30,50	3,3	27,11	298	149
119,123	2,3	58,39	0,0	220	149
218,261	1,0	114,57	0,0	236	149
378,453	2,0	289,132	0,0	185	149
636,616	0,6	474,234	0,0	227	149
1698,1894	0,4	1871,908	0,0	269	149
346,487	6,13	238,117	10,2	252	149
68,65	162,168	81,39	105,51	251	149
108,140	0,5	128,65	4,0	212	149
1032,1073	1,0	868,421	0,0	298	149
412,460	4,5	374,204	5,7	238	149
302,326	1,0	209,124	0,0	243	149
6,9	139,158	0,3	92,61	199	149
66,34	1,14	19,13	1,1	256	149
61,52	1,14	23,10	1,1	261	149
0,5	36,9	0,1	39,23	203	149
29,41	70,54	26,18	28,11	298	149
30,29	70,54	15,9	28,11	298	149
1,0	70,54	0,0	28,11	298	149
571,691	3,4	494,308	6,0	298	149
76,111	236,279	87,51	167,106	184	149
54,72	8,6	36,13	4,1	298	149
12,22	0,0	24,12	2,1	222	149
195,172	0,2	108,45	1,0	298	149
65,58	0,1	28,12	2,0	268	149
416,394	1,4	245,159	1,0	219	149
266,325	0,6	145,102	0,0	253	149
29,16	0,1	16,9	0,0	240	149
3124,2994	0,2	1636,729	1,0	207	149
396,395	0,1	275,149	0,0	212	149
67,54	0,1	43,20	0,0	251	149
134,155	12,15	76,39	3,2	203	149
49,65	12,15	45,16	3,2	234	149
25,32	3,7	62,48	8,3	183	149
339,417	3,7	311,161	8,3	212	149
381,562	0,2	421,239	0,0	212	149
393,570	5,1	413,235	5,1	202	149
1202,1279	1,0	852,431	0,0	252	149
91,67	1,0	67,22	0,0	298	149
4,2	1792,2200	0,0	1303,617	213	149
61,78	1792,2200	48,24	1303,617	298	149
74,96	1792,2200	66,36	1303,617	298	149
119,188	0,1	83,35	0,0	298	149
3,11	0,2	6,3	0,0	205	149
38,25	28,38	17,18	24,14	298	149
91,81	2,3	67,24	0,1	229	149
249,221	0,2	216,123	0,0	242	149
54,79	0,2	46,48	0,1	227	149
1914,1926	0,1	1072,582	0,0	210	149
1135,1182	1,0	928,454	2,0	197	149
52,82	0,1	30,18	0,0	228	149
123,173	1,0	83,37	1,1	235	149
2,3	31,38	1,0	24,7	196	149
141,160	0,0	105,78	0,2	176	149
498,452	96,96	428,154	57,39	298	149
367,301	96,96	316,108	57,39	298	149
220,225	4,6	143,63	3,4	298	149
270,383	1,1	229,128	0,0	280	149
1572,1829	26,16	1219,583	7,0	219	149
400,455	26,9	290,162	16,5	210	149
81,52	3,2	55,49	0,0	197	149
350,393	1,0	292,148	0,0	201	149
264,264	3,4	164,90	4,1	252	149
368,352	3,2	220,134	0,1	247	149
44,44	0,0	84,19	2,0	209	149
39,37	279,413	19,9	173,84	245	149
55,70	0,0	58,16	2,0	287	149
151,157	0,0	137,44	2,0	221	149
82,82	0,0	49,24	0,2	246	149
388,507	0,1	214,131	0,0	169	149
655,705	29,57	621,361	44,21	229	149
357,407	6,6	427,241	6,1	229	149
290,334	1150,1034	301,161	686,311	229	149
53,61	6,1	21,23	0,0	246	149
1092,1284	0,2	815,382	0,0	228	149
386,452	4,5	317,157	0,0	206	149
234,292	0,0	153,69	2,0	282	149
0,0	1,0	1,0	0,1	298	149
0,5	0,0	6,2	0,1	298	149
0,8	0,0	4,0	1,0	298	149
26,42	0,0	18,11	0,1	298	149
25,50	5,0	22,10	3,1	298	149
25,42	0,5	19,10	6,2	298	149
354,371	2,0	198,125	0,0	254	149
1366,1347	9,2	1077,549	13,15	247	149
1429,1572	0,0	1287,679	2,0	204	149
182,155	6,6	114,75	2,0	168	149
1786,2221	0,1	1017,500	0,0	264	149
1,1	26,22	2,1	10,4	298	149
145,190	1,0	73,30	0,0	298	149
2041,2205	1,0	1376,730	0,0	215	149
99,140	2,0	90,49	1,0	205	149
1,7	210,182	3,2	107,60	201	149
179,211	1,0	171,65	2,0	222	149
259,313	1,0	123,82	0,0	295	149
46,90	0,1	45,32	0,0	199	149
82,89	0,0	57,48	0,1	196	149
5829,5960	1,0	4900,2425	0,0	263	149
139,190	4,9	118,60	5,0	212	149
209,273	4,1	174,103	0,0	212	149
318,347	0,0	301,183	1,0	242	149
13,12	0,0	4,2	3,0	197	149
229,269	2,0	137,73	0,0	266	149
1,0	35,31	0,0	14,13	287	149
46,59	30,14	4,9	14,4	194	149
314,365	0,1	378,203	0,0	190	149
417,463	0,2	463,274	0,0	189	149
1022,1254	1,0	650,324	0,0	168	149
113,113	312,327	58,17	142,96	256	149
311,326	6,9	140,96	4,5	209	149
401,334	3,0	282,115	0,0	279	149
1023,1282	2,3	668,425	1,1	298	149
603,776	0,0	369,243	1,0	187	149
15,10	2,0	4,1	0,0	230	149
412,438	2,0	172,95	1,0	208	149
138,132	1,0	86,59	0,0	199	149
9,23	9,10	18,7	0,2	210	149
841,831	0,0	599,270	0,1	274	149
236,245	0,0	191,101	1,0	208	149
109,90	0,1	89,65	1,0	232	149
55,34	0,0	21,16	1,0	220	149
43,34	0,0	16,7	0,1	298	149
1386,1038	0,0	764,363	0,2	237	149
954,774	0,2	496,261	0,0	246	149
119,139	2,4	49,18	0,1	227	149
260,304	2,4	119,61	0,1	233	149
42,37	0,0	41,21	1,0	225	149
71,91	3,0	62,22	0,0	298	149
386,382	0,1	281,175	1,0	298	149
226,270	0,1	169,114	0,0	282	149
909,1063	0,1	1015,513	2,0	287	149
975,1139	1,0	909,497	0,0	233	149
800,999	712,774	728,360	514,240	295	149
1145,1205	2,1	1112,537	0,0	205	149
2053,2274	1,0	1543,847	0,0	257	149
1410,1525	0,2	1127,585	0,0	200	149
296,392	0,1	415,209	0,0	298	149
332,359	3,1	495,202	1,1	298	149
37,29	3,1	17,6	1,2	195	149
243,352	0,1	173,88	0,0	213	149
189,214	0,0	139,88	1,0	196	149
255,268	0,0	230,113	1,1	209	149
314,284	0,0	190,113	0,2	235	149
81,85	6,3	53,44	3,0	223	149
161,181	3,1	102,42	1,1	195	149
195,220	0,1	170,87	0,0	230	149
551,525	1,0	461,214	0,0	234	149
400,402	107,95	248,118	151,72	212	149
130,113	3,0	69,33	0,0	212	149
156,130	3,0	187,102	0,0	209	149
335,335	6,5	225,120	1,0	209	149
46,37	0,1	22,16	0,0	203	149
180,164	1,4	162,53	0,1	291	149
521,562	1,0	393,209	0,0	277	149
47,38	0,0	26,7	0,1	206	149
60,70	8,7	49,31	6,1	231	149
185,170	1,0	143,54	0,0	298	149
146,161	83,101	138,55	126,76	230	149
64,64	2289,2213	58,24	1695,883	298	149
460,584	0,1	441,261	0,0	298	149
215,227	0,2	204,100	1,3	191	149
171,168	3,0	141,99	3,0	267	149
199,150	3,0	164,79	0,0	218	149
1840,1885	0,0	1620,775	2,0	203	149
659,696	3,0	458,224	0,3	267	149
73,65	4,2	80,25	1,2	244	149
23,17	0,1	19,6	0,0	298	149
233,191	0,0	184,66	0,1	298	149
1882,2017	1,1	2430,1335	1,0	164	149
2586,2849	2,1	3400,1881	2,7	212	149
280,351	0,0	219,117	2,0	223	149
942,1084	6,4	613,332	0,4	211	149
118,102	2,0	91,50	0,0	298	149
275,324	1,0	277,166	0,0	196	149
242,267	0,0	211,144	4,4	188	149
74,96	0,0	70,47	4,4	212	149
82,92	0,1	90,73	4,0	202	149
329,323	0,1	353,213	4,0	206	149
664,751	0,0	566,291	1,0	276	149
545,660	1,0	422,246	0,0	265	149
514,644	1,0	573,317	0,0	184	149
0,2	46,76	0,0	81,43	231	149
276,294	2,2	195,125	2,2	298	149
219,245	0,1	208,89	0,0	225	149
500,685	0,1	475,253	1,0	214	149
1171,1349	0,2	766,438	0,0	270	149
160,181	0,1	97,61	0,0	298	149
153,207	0,0	114,67	1,0	298	149
326,399	19,11	234,115	2,5	298	149
64,28	1,0	14,9	0,0	209	149
859,944	0,2	549,294	0,0	289	149
391,520	0,0	296,171	1,0	291	149
208,206	0,4	124,61	0,0	183	149
19,21	1,4	27,14	0,0	263	149
37,32	0,0	25,17	1,2	256	149
15,40	0,1	9,12	0,0	209	149
154,222	2,3	134,100	2,0	215	149
469,462	2,2	354,168	0,0	241	149
223,208	1,2	160,94	0,0	241	149
4810,5817	2,1	4782,2669	4,1	261	149
1296,1318	0,0	1095,564	2,0	197	149
1157,1401	0,1	908,482	0,0	213	149
85,95	9,5	78,49	4,2	230	149
23,27	0,0	13,2	0,1	298	149
8881,10078	0,0	6045,3157	0,1	223	149
18,30	169,176	16,9	144,77	183	149
127,119	0,0	54,26	0,1	238	149
64,58	0,0	29,16	0,1	231	149
2184,2235	0,1	1390,683	0,0	246	149
20,22	45,63	12,5	49,18	188	149
90,98	0,4	87,36	3,0	181	149
3994,4743	56,46	3272,1697	6,4	209	149
4970,5687	9,7	4168,2107	7,1	242	149
1600,1806	0,0	1285,682	0,1	298	149
261,313	0,1	181,97	0,0	282	149
8,18	0,0	5,11	0,2	268	149
12441,13492	0,2	15346,8042	0,0	298	149
46,45	1,0	20,18	0,0	298	149
26,24	0,5	12,9	2,0	298	149
48,53	0,5	19,21	2,0	298	149
39,32	1,0	33,27	0,0	298	149
33,53	0,1	17,13	1,0	190	149
84,102	0,1	51,26	1,0	243	149
123,131	1,2	108,35	1,0	298	149
132,182	1,0	69,46	0,0	297	149
297,319	0,0	172,93	1,0	229	149
49,47	1,0	27,24	1,0	205	149
63,60	1,0	34,23	0,0	236	149
52,49	1,2	23,12	0,0	234	149
689,670	4,0	538,251	0,0	203	149
27,28	5,0	16,13	2,0	256	149
43,37	5,0	16,21	2,0	298	149
236,302	2,0	239,163	1,0	186	149
0,1	34,23	0,0	22,18	171	149
334,427	3,4	298,162	1,0	290	149
168,222	3,4	175,81	1,0	298	149
662,659	0,3	422,242	1,0	205	149
199,235	2,0	160,69	0,0	298	149
4,3	74,48	0,0	25,18	274	149
30,34	2,9	17,4	1,7	209	149
146,228	1,0	156,96	0,0	194	149
445,374	1,4	323,157	0,0	259	149
289,346	5,10	218,104	5,2	298	149
2,0	814,934	0,0	775,312	196	149
753,706	0,1	481,280	0,0	222	149
16,33	0,1	17,12	0,3	298	149
136,130	0,0	80,51	0,1	273	149
380,411	0,2	281,133	4,1	157	149
443,485	0,5	302,153	1,0	298	149
465,483	0,5	334,160	1,0	298	149
469,489	0,5	327,166	1,0	298	149
60,50	0,0	36,17	0,1	254	149
263,262	0,1	263,116	0,0	217	149
30,39	1,0	18,16	0,0	188	149
52,20	0,1	53,32	0,0	205	149
63,43	6,4	49,42	0,1	235	149
1293,1407	2,1	1019,558	0,0	298	149
9,6	182,177	6,2	174,62	217	149
167,277	0,0	126,74	1,0	215	149
4,0	16,2	0,0	8,0	206	149
268,278	0,0	204,104	0,1	210	149
340,304	1,1	273,134	0,0	229	149
179,237	0,4	92,56	0,0	207	149
2200,2320	0,1	1484,761	0,0	298	149
81,60	6,2	81,49	3,3	262	149
230,217	2,1	272,141	1,0	275	149
347,436	0,11	311,200	1,4	298	149
307,339	0,1	259,125	0,0	286	149
149,133	0,1	96,57	0,4	245	149
328,372	1,0	226,120	0,0	212	149
41,42	0,1	45,22	0,0	172	149
6,1	0,0	1,3	1,2	205	149
26,23	31,66	10,19	42,12	205	149
65,68	0,7	55,38	2,0	298	149
275,316	0,0	217,97	2,0	183	149
15,19	1,1	23,7	0,1	207	149
946,1557	0,0	1393,778	0,1	203	149
9409,8080	1,1	8474,3521	0,0	251	149
611,676	0,1	498,225	0,0	298	149
50,54	8,3	72,58	3,0	199	149
52,36	0,1	38,17	0,0	216	149
18648,21667	8,8	22523,12142	1,2	215	149
104,121	1,0	154,89	1,0	189	149
110,104	3,0	88,45	0,0	266	149
390,390	13,7	259,103	1,1	266	149
10,11	9,12	10,8	8,7	200	149
230,244	0,1	138,109	0,0	171	149
742,759	0,2	594,395	0,0	194	149
201,247	0,1	139,91	0,0	298	149
548,568	0,0	569,228	0,1	243	149
212,280	0,0	209,111	1,0	209	149
3,6	54,21	5,4	22,13	222	149
3,8	54,21	11,3	22,13	196	149
197,201	0,1	141,54	0,0	266	149
16,18	19,50	20,7	52,18	230	149
116,149	7,19	119,64	1,3	219	149
171,197	1,0	143,77	0,0	298	149
113,126	1,0	91,56	0,0	298	149
332,448	0,2	200,124	0,0	211	149
274,331	0,1	191,112	0,0	218	149
77,113	0,1	54,41	0,0	283	149
78,95	1,0	49,29	0,0	227	149
55,54	0,0	44,14	1,2	206	149
29,16	0,0	12,1	1,0	298	149
439,361	2,0	307,166	0,0	290	149
269,274	0,0	140,82	1,0	191	149
246,282	0,0	265,122	1,0	182	149
529,495	28,12	225,140	6,9	211	149
879,1009	1,0	530,231	0,0	208	149
92,120	322,338	71,45	224,90	250	149
1,0	5,0	0,1	1,0	213	149
44,65	1,0	16,10	0,0	207	149
43,86	1,0	35,15	0,0	201	149
288,332	0,6	207,120	0,0	298	149
195,188	0,0	99,73	1,0	210	149
304,326	11,15	279,145	3,3	220	149
124,107	1,0	68,28	0,0	202	149
273,305	1,0	123,57	0,0	245	149
3332,3812	12,30	2617,1515	13,15	176	149
2218,2363	0,1	2166,1183	1,1	226	149
83,91	0,1	51,17	0,0	215	149
369,368	1,2	256,138	0,0	212	149
74,87	4,1	61,26	0,1	255	149
13,13	0,1	12,2	0,0	213	149
286,300	1,0	151,82	0,0	235	149
874,1114	3,0	811,474	0,0	222	149
1598,1465	0,0	1325,667	0,2	234	149
2151,2593	0,0	1892,1100	2,0	228	149
5,4	1241,1535	1,4	1123,694	215	149
387,375	0,0	217,143	1,0	224	149
14,13	1,0	13,6	0,0	190	149
38,36	1,0	37,9	0,0	208	149
750,701	2,0	304,113	0,0	272	149
503,420	1,0	231,81	0,0	176	149
255,241	2,0	196,79	0,0	298	149
59,64	1,1	28,18	0,1	195	149
172,179	0,1	113,64	0,2	298	149
175,147	14,12	133,85	10,1	212	149
971,999	0,0	730,285	1,0	254	149
742,764	0,1	554,214	0,0	203	149
279,294	3,0	173,122	0,0	238	149
235,229	4,3	153,83	2,1	277	149
23,10	0,1	19,13	0,0	298	149
76,62	2,2	47,19	0,0	214	149
60,57	1,0	61,26	0,0	295	149
45,39	8,5	61,19	7,1	298	149
1421,1487	2,2	822,436	0,0	240	149
428,311	0,0	294,133	4,0	248	149
2,1	33,16	1,5	26,17	205	149
349,271	0,1	184,90	0,0	242	149
245,272	0,1	151,80	0,0	230	149
182,227	0,0	166,102	0,1	272	149
679,739	2,5	518,252	1,0	298	149
680,739	1,4	519,252	2,0	298	149
345,359	2,5	288,143	1,0	242	149
561,535	1,4	484,206	2,0	242	149
991,1068	2,5	750,401	1,0	272	149
1290,1338	1,4	1007,476	2,0	272	149
368,376	3,1	255,110	1,1	258	149
45,32	3,6	28,7	0,0	221	149
310,212	0,2	234,127	0,2	211	149
1289,1408	0,1	775,443	0,0	245	149
46,62	0,3	17,11	1,0	207	149
40,21	0,1	19,6	0,0	199	149
818,980	2,3	747,393	0,0	200	149
484,480	2,12	504,290	2,1	247	149
3,2	2,0	5,0	0,0	298	149
174,235	0,1	137,76	0,0	206	149
153,226	3,0	210,105	0,0	215	149
45,62	1,0	24,13	0,0	215	149
44,77	1,0	41,10	0,0	256	149
89,104	1,0	74,31	0,0	248	149
1001,1157	0,5	1061,553	8,1	256	149
822,701	0,2	550,291	2,1	215	149
94,106	1,0	71,33	2,0	229	149
60,50	37,31	36,34	27,21	210	149
267,260	3,0	106,109	0,0	172	149
1086,1313	35,40	620,442	1,9	271	149
2151,2339	1,0	1922,1009	0,0	270	149
664,622	3,0	467,260	0,0	222	149
480,440	1,1	311,140	0,0	255	149
37,46	0,2	11,16	0,0	251	149
0,1	0,2	7,5	0,0	224	149
8,14	1,1	2,2	0,1	167	149
6,8	95,126	6,10	84,40	168	149
625,504	0,1	544,265	0,0	242	149
326,427	4,3	309,145	3,1	298	149
151,217	4,3	153,71	3,1	298	149
28,32	7,5	36,16	5,2	173	149
84,85	150,202	38,12	114,68	282	149
699,626	2,0	512,204	0,0	239	149
34,42	62,74	27,21	19,21	258	149
194,210	1,1	161,107	0,1	222	149
395,452	9,3	120,55	2,0	285	149
146,122	0,3	120,43	0,0	209	149
360,355	1,0	252,122	0,0	289	149
5,12	2,5	2,1	2,0	260	149
1547,1744	0,0	994,454	0,1	210	149
330,397	7,3	320,169	1,0	256	149
49,61	12,16	24,25	15,8	205	149
16,17	12,16	3,5	15,8	191	149
14,16	214,245	10,6	153,80	198	149
454,503	0,1	375,207	0,0	271	149
1381,1361	1,2	1062,527	0,0	182	149
3,1	185,242	1,1	193,102	241	149
3,4	408,366	5,2	280,165	189	149
10,15	1,0	11,9	0,0	202	149
1560,1624	1,0	1327,650	0,0	218	149
129,131	0,3	100,57	0,1	190	149
201,224	0,0	238,101	1,0	234	149
193,202	0,0	111,55	1,0	242	149
59,75	0,0	32,25	5,0	195	149
21,7	131,166	16,6	93,46	286	149
20,5	157,165	9,4	89,34	286	149
37,15	131,166	9,3	93,46	298	149
418,410	0,0	311,194	0,2	257	149
5,7	11,7	13,0	7,4	207	149
925,985	0,2	682,308	0,1	298	149
604,545	13,7	446,227	11,0	265	149
50,41	1,0	40,32	0,0	274	149
384,402	0,2	240,121	0,0	220	149
305,264	0,0	101,34	2,0	190	149
274,420	1,0	218,99	0,0	188	149
281,337	4,2	188,100	0,0	232	149
92,166	1,0	83,58	0,2	239	149
621,586	1,0	359,244	0,0	241	149
294,381	1,7	148,95	6,8	214	149
877,1039	0,0	873,444	2,0	182	149
207,163	0,0	175,64	1,0	257	149
75,67	2,1	54,19	0,0	218	149
1882,2848	4,0	1329,746	0,0	171	149
111,93	0,2	69,38	0,2	244	149
81,69	0,2	51,21	0,2	211	149
205,218	0,0	145,81	1,0	280	149
56,56	0,2	38,17	0,0	298	149
4,7	4,6	8,3	6,1	179	149
0,1	42,19	1,0	17,6	179	149
5,5	56,50	11,7	44,13	179	149
81,124	1,0	76,43	0,0	298	149
24,20	95,77	8,12	67,16	298	149
38,47	95,77	23,13	67,16	205	149
159,209	1,0	91,56	0,0	263	149
334,329	0,5	233,111	0,0	212	149
157,229	1,0	92,57	0,0	228	149
347,477	1,0	221,132	0,0	200	149
1972,2105	1,0	1251,627	0,0	298	149
83,71	1,0	51,30	0,0	188	149
202,214	0,0	143,89	2,0	298	149
525,765	0,1	392,254	0,0	298	149
697,812	0,1	492,323	0,0	298	149
674,799	0,1	468,297	0,0	298	149
135,151	1,0	97,32	0,0	252	149
358,442	0,0	216,143	0,2	298	149
0,2	209,232	0,0	124,75	298	149
69,70	0,1	75,20	0,1	212	149
0,1	660,795	0,0	488,236	221	149
140,128	1,0	78,34	0,0	260	149
1,9	0,1	1,8	0,0	295	149
356,314	6,9	177,143	4,3	298	149
516,632	6,9	382,245	4,3	227	149
117,139	35,53	53,53	29,18	245	149
46,57	0,2	37,13	0,0	249	149
1311,1081	0,2	893,400	0,0	286	149
32,34	1,0	22,7	0,0	298	149
34,35	1,0	22,7	0,0	298	149
687,760	0,2	496,254	0,0	247	149
235,371	0,1	213,139	0,0	244	149
154,147	3,2	91,59	0,0	232	149
1622,1857	0,0	1389,607	2,0	248	149
282,336	2,0	329,132	0,0	298	149
911,1118	2,0	882,458	0,0	298	149
56,63	75,79	34,10	41,18	238	149
75,73	75,79	32,16	41,18	235	149
393,408	0,1	243,120	1,0	180	149
483,478	1,1	329,135	2,0	217	149
2098,2370	0,0	1599,821	3,0	209	149
1625,1690	2,7	1105,480	1,2	234	149
2399,2466	2,7	1829,807	1,2	229	149
257,269	3,0	190,72	0,2	217	149
242,216	1,2	182,113	0,0	198	149
1153,1246	2,0	791,324	3,0	179	149
17,8	3,5	13,3	4,0	250	149
21,23	3,1	6,9	0,0	221	149
1608,1660	1,0	1285,608	2,4	206	149
56,69	20,26	53,20	12,7	164	149
443,648	0,1	338,192	0,1	298	149
3,3	0,0	12,3	1,0	190	149
2373,2581	2,6	1542,847	2,1	191	149
158,165	0,0	167,82	4,0	208	149
5833,6009	7,3	4124,2071	2,2	216	149
1383,1561	2,0	1039,634	0,0	212	149
3,10	4,2	6,3	0,3	201	149
68,94	0,0	46,24	0,1	205	149
388,423	1,0	324,152	0,0	215	149
632,754	4,4	508,225	4,1	211	149
1622,1964	1,0	1272,718	0,0	215	149
940,1285	2,0	797,442	0,0	230	149
1006,1303	0,0	827,427	1,0	225	149
786,948	0,0	609,233	1,0	180	149
184,325	2,0	175,80	0,0	269	149
208,271	2,4	218,101	1,0	207	149
236,321	1,0	242,144	0,0	207	149
790,729	0,0	507,310	1,0	298	149
474,410	0,1	323,195	2,3	250	149
128,160	1,0	153,38	0,0	219	149
15,28	805,893	27,9	738,428	298	149
429,477	3,1	433,190	2,2	233	149
1290,1343	1,1	1159,516	0,0	206	149
1164,1245	3,1	873,483	1,0	234	149
107,94	2,6	45,24	0,0	187	149
635,720	1,2	540,319	0,0	291	149
334,347	0,3	268,160	0,0	291	149
155,205	0,3	153,75	0,0	217	149
455,571	2,2	421,232	0,0	217	149
128,122	0,1	66,59	0,0	181	149
172,150	0,0	109,50	1,1	263	149
195,208	0,2	81,35	0,0	274	149
618,796	0,3	549,307	0,0	213	149
1,5	366,323	3,1	145,96	199	149
144,131	0,2	114,74	0,0	225	149
102,81	1,0	85,48	0,0	284	149
75,62	1,0	44,20	1,0	233	149
370,432	0,0	263,121	1,0	224	149
30,33	5,0	19,13	0,1	231	149
60,44	3,7	21,14	0,0	298	149
9,10	23,18	14,9	13,6	235	149
16,28	7,4	22,13	1,2	298	149
7,26	7,4	12,7	1,2	298	149
6,24	7,4	10,6	1,2	231	149
26,31	7,4	13,7	1,2	195	149
216,224	0,2	118,81	0,0	233	149
754,681	0,1	558,251	0,0	298	149
62,31	59,50	31,13	40,29	298	149
1009,918	7,7	992,458	5,3	277	149
2,2	3,0	2,2	0,0	230	149
241,256	1,0	190,84	0,3	235	149
513,528	2,0	504,232	0,0	216	149
2477,2745	1,0	2170,1221	0,0	238	149
729,787	0,0	651,305	0,1	198	149
2642,3116	0,0	1474,673	1,0	281	149
197,270	1,1	148,93	0,0	197	149
158,121	1,5	71,42	0,0	218	149
12,6	187,267	2,3	178,111	283	149
2045,2350	1,5	1789,1067	1,3	197	149
414,404	0,0	244,112	2,0	228	149
132,106	0,2	101,72	0,0	238	149
93,82	0,0	80,48	1,0	226	149
574,589	1,0	598,270	0,1	298	149
666,712	1,0	732,318	0,1	298	149
2683,2729	1,0	1889,946	0,0	260	149
227,238	3,0	140,68	0,4	192	149
19,18	182,161	7,5	177,54	259	149
134,117	1,0	67,31	1,0	298	149
93,88	1,0	41,21	0,0	177	149
598,688	0,1	414,181	0,0	174	149
1029,1217	0,2	775,335	0,0	224	149
1536,1868	0,0	1160,505	4,0	197	149
848,693	0,1	542,234	0,0	233	149
1085,1168	2,10	886,433	5,1	215	149
11,9	48,41	5,8	33,16	298	149
1621,1838	0,2	1495,795	0,0	208	149
352,461	0,1	416,208	0,0	222	149
164,165	0,0	91,53	0,1	298	149
490,725	0,0	465,256	3,0	201	149
66,92	0,0	70,31	0,1	298	149
5042,4532	1,3	3804,1767	1,0	191	149
140,139	107,112	174,117	69,30	298	149
440,495	0,1	259,137	0,1	202	149
1617,1771	2,2	1566,813	5,1	216	149
69,107	8,4	46,41	0,4	243	149
167,144	1,0	98,56	0,0	235	149
2198,2452	2,0	1590,831	0,0	298	149
159,175	16,12	149,70	6,6	209	149
412,417	0,2	362,198	0,0	219	149
466,436	1,0	323,186	2,0	237	149
237,268	0,1	115,86	0,0	251	149
525,549	12,15	386,184	4,0	264	149
125,98	0,1	75,47	0,0	220	149
53,75	712,1017	18,16	531,312	239	149
180,142	1,0	134,95	4,0	251	149
139,135	0,1	105,62	0,0	232	149
73,54	0,0	60,26	2,0	246	149
6,2	197,181	0,0	119,65	185	149
61,76	0,0	27,24	2,0	229	149
8,17	2,0	12,7	0,0	200	149
101,140	2,1	27,26	0,1	195	149
933,832	1,0	756,469	0,0	298	149
579,528	29,18	411,282	5,10	208	149
61,53	5,1	31,9	2,0	212	149
265,246	42,21	181,90	23,5	289	149
836,806	0,1	751,392	0,0	298	149
536,519	1,0	429,223	0,2	252	149
178,197	3,0	78,48	0,0	222	149
231,265	0,0	180,88	2,0	206	149
107,141	1,2	62,46	0,0	211	149
16,25	1,2	9,3	0,0	215	149
39,49	1,2	18,18	0,0	206	149
195,200	3,7	127,88	5,3	183	149
250,287	1,0	170,106	0,0	190	149
164,251	0,1	140,79	0,0	237	149
25,14	6,1	16,7	1,0	226	149
114,116	2,0	131,49	0,0	222	149
624,641	1,0	387,188	2,0	204	149
1,9	0,1	6,5	0,0	298	149
122,113	1,3	74,33	1,0	216	149
12,11	171,218	14,10	162,93	273	149
169,145	1,0	126,43	0,0	209	149
610,643	0,0	458,240	1,0	250	149
219,211	3,0	116,38	0,0	217	149
1334,1628	1,0	1059,601	0,0	242	149
74,62	0,0	42,13	1,1	264	149
43,48	2,0	29,21	0,0	221	149
653,663	2,8	534,320	3,2	284	149
503,539	5,1	325,185	2,0	186	149
0,2	8,17	2,0	6,0	226	149
40,35	172,140	28,10	102,40	226	149
266,235	2,0	138,83	0,0	244	149
210,222	5,7	169,82	5,9	180	149
333,306	0,0	246,140	2,0	235	149
67,73	0,1	37,13	0,0	298	149
3,4	0,0	1,0	2,0	280	149
956,954	0,0	894,348	1,0	192	149
0,2	0,2	0,1	0,0	235	149
16,18	0,0	18,8	1,3	225	149
689,787	5,0	673,295	2,0	269	149
282,256	0,2	146,62	0,0	234	149
162,139	2,0	89,28	0,0	234	149
216,209	2,0	130,75	0,0	174	149
406,437	0,0	314,161	1,0	212	149
98,59	0,0	90,29	1,0	230	149
200,170	2,3	105,61	0,0	233	149
162,151	1,2	98,45	1,0	185	149
26,22	1,2	15,9	1,0	200	149
200,222	0,3	111,64	0,0	222	149
202,234	19,18	130,82	15,5	244	149
56,64	2,0	29,11	0,0	251	149
340,344	1,0	245,142	0,0	296	149
254,256	2,0	156,72	1,0	298	149
218,235	0,1	135,59	0,0	298	149
212,219	0,4	126,56	0,0	298	149
79,117	1,0	47,34	0,0	298	149
139,169	0,4	99,64	0,0	247	149
5,8	3,4	8,0	1,0	298	149
5,4	3,4	1,1	1,0	192	149
3,3	3,4	1,1	1,0	197	149
32,53	5,4	17,1	13,5	209	149
17,33	1,0	13,8	0,0	215	149
3,2	78,76	2,2	37,19	188	149
154,147	0,3	79,32	2,0	215	149
24,29	100,122	13,8	75,54	242	149
22740,25487	2,0	22666,11098	0,0	195	149
247,242	0,1	111,43	0,0	290	149
650,682	2,5	420,214	0,0	259	149
537,633	0,2	529,316	3,0	298	149
58,65	0,2	54,28	0,0	245	149
10,3	64,42	7,1	35,18	205	149
54,53	1,2	49,24	2,0	187	149
30,24	18,18	26,36	25,7	280	149
33,29	32,32	38,22	12,3	298	149
41,36	18,23	40,20	27,3	298	149
32,29	32,32	38,20	12,3	298	149
39,33	32,32	38,23	12,3	298	149
43,33	18,23	51,24	27,3	298	149
494,407	0,1	338,199	0,0	230	149
1444,1759	0,0	1199,671	1,0	287	149
22824,24722	0,0	23564,12787	0,1	298	149
344,368	14,13	312,151	2,1	298	149
128,133	14,13	138,51	2,1	250	149
404,344	0,1	201,124	0,0	212	149
4,3	8,2	0,0	11,2	191	149
0,2	4,4	2,1	10,4	205	149
205,240	3,3	113,67	2,2	230	149
2559,2394	1,3	2656,1366	0,0	211	149
23,7	339,378	10,12	237,178	209	149
88,72	0,1	51,25	0,0	210	149
16,11	13,30	11,3	11,2	181	149
204,267	1,0	168,81	0,0	247	149
0,0	133,158	1,1	102,47	245	149
305,316	1,0	211,121	0,0	247	149
28,26	379,272	42,19	163,95	194	149
231,188	2,1	155,65	1,0	298	149
601,447	2,1	305,153	1,0	295	149
59,83	324,348	74,22	268,155	232	149
331,288	3,1	187,128	0,1	156	149
97,126	0,0	86,51	1,0	263	149
259,284	1,0	196,126	0,0	174	149
803,871	2,1	364,159	1,0	289	149
485,438	0,0	283,114	1,0	276	149
25,29	0,0	19,12	0,1	245	149
258,277	2,0	236,103	0,0	298	149
653,651	2,0	501,247	0,0	298	149
553,656	2,8	388,186	1,0	195	149
472,437	0,2	359,149	0,0	298	149
87,112	4,3	42,20	3,7	226	149
383,462	3,1	366,234	3,0	211	149
165,211	0,1	88,74	0,0	298	149
72,32	35,24	88,36	11,8	214	149
65,51	36,22	56,16	5,8	214	149
58,61	36,22	30,14	5,8	190	149
82,65	59,53	85,37	32,8	190	149
103,114	1,0	77,28	0,0	226	149
313,345	1,0	201,105	0,0	214	149
4,1	34,45	0,4	41,11	211	149
83,52	8,5	55,24	7,5	250	149
117,105	8,5	92,46	7,5	298	149
102,74	8,5	69,37	7,5	298	149
101,75	8,5	67,38	7,5	298	149
25,12	2,0	8,3	3,0	207	149
115,153	0,2	93,34	0,0	211	149
196,179	1,2	213,87	1,1	253	149
65,109	1,0	62,24	0,0	184	149
170,214	2,2	126,85	1,1	222	149
298,320	2,0	248,133	0,1	298	149
92,116	4,6	85,49	1,3	262	149
101,130	1,9	81,58	2,0	243	149
75,93	0,2	66,44	0,0	298	149
110,130	0,2	86,54	0,0	298	149
63,78	1,0	47,30	0,0	184	149
1233,1522	0,3	957,488	1,1	298	149
118,91	6,1	102,40	2,2	260	149
24,48	120,133	23,18	100,53	221	149
12,17	120,133	15,8	100,53	198	149
3,0	0,0	2,0	0,1	298	149
4,0	0,0	2,0	0,1	225	149
501,428	0,2	361,164	0,0	213	149
37,97	0,0	61,35	1,0	215	149
275,264	1,0	225,84	1,0	219	149
57,61	0,2	32,19	0,0	298	149
15,16	0,0	8,5	1,0	196	149
694,764	0,0	495,299	1,0	295	149
45,88	24,30	58,21	17,3	229	149
177,214	115,128	123,70	56,31	229	149
141,178	0,1	109,57	2,0	192	149
66,91	0,1	51,25	2,0	209	149
366,419	0,0	323,207	1,0	221	149
252,267	6,3	147,74	0,1	248	149
29,26	1,1	25,12	0,0	225	149
25,11	5,2	21,7	2,1	193	149
174,237	0,2	106,70	0,0	260	149
68,90	1,1	52,26	0,0	233	149
181,218	1,0	94,64	0,0	224	149
227,293	1,0	157,76	0,0	262	149
415,344	1,0	259,120	0,0	298	149
1070,988	1,0	778,385	0,0	281	149
176,157	0,2	170,80	0,0	195	149
8397,9109	0,2	6142,3210	0,1	298	149
3599,3127	1,2	2721,1379	3,1	192	149
235,240	1,0	109,56	0,0	212	149
266,266	0,1	244,140	0,0	218	149
322,314	0,0	286,162	2,0	260	149
81,74	0,6	39,21	0,0	188	149
1,4	45,68	0,0	40,23	221	149
1,1	45,68	0,0	40,23	195	149
10700,11073	0,1	7627,3673	0,0	298	149
535,470	0,1	449,184	0,0	218	149
321,298	0,3	152,80	0,0	234	149
142,206	0,2	110,61	0,0	298	149
372,429	4,5	254,135	6,5	237	149
128,176	0,0	99,41	1,2	221	149
92,117	0,2	114,56	2,0	205	149
347,301	2,1	230,128	0,1	293	149
8,12	0,2	9,2	0,0	180	149
23,24	0,2	22,4	0,0	195	149
3113,3297	1,3	2875,1466	4,2	185	149
1852,2148	1,0	1541,785	0,0	298	149
3477,4015	0,1	2834,1453	0,0	221	149
33,54	230,302	14,9	234,123	205	149
60,50	2,1	42,15	0,0	187	149
144,145	2,3	161,66	4,0	199	149
94,108	2,16	34,32	8,2	230	149
416,548	0,1	331,218	0,0	204	149
89,82	1,0	35,22	0,0	237	149
33,26	4,2	15,8	2,1	226	149
3,1	0,0	2,0	2,0	298	149
187,221	0,0	45,17	1,1	249	149
50,58	2,0	50,26	1,0	293	149
4,3	1,5	9,2	11,2	298	149
245,238	0,0	150,56	0,1	275	149
85,116	2,0	91,28	0,0	194	149
8,4	185,129	2,0	131,62	213	149
78,86	3,0	63,39	1,0	212	149
89,87	1,3	71,19	4,4	222	149
1451,1497	0,1	1021,556	0,0	200	149
21,16	330,375	25,8	303,165	249	149
346,381	0,1	196,93	0,0	249	149
8017,7470	1,0	5499,2816	2,0	298	149
320,397	2,2	211,119	1,0	229	149
99,73	0,0	34,15	2,0	183	149
613,682	1,1	356,164	0,0	254	149
593,699	0,0	380,157	2,0	203	149
193,219	0,1	156,72	0,0	235	149
145,203	0,1	183,86	1,1	191	149
504,451	1,0	370,213	0,0	191	149
631,664	8,15	497,286	5,2	273	149
499,569	1,0	388,232	0,2	214	149
195,242	0,1	141,65	0,0	298	149
20,24	45,66	11,11	30,16	226	149
147,141	0,5	102,58	1,0	298	149
240,287	0,5	183,133	1,0	287	149
133,133	0,5	93,50	1,0	281	149
113,94	9,7	52,31	6,7	189	149
0,1	405,308	0,0	283,133	189	149
1,3	9,7	5,2	6,7	177	149
24,47	1,0	8,7	0,0	261	149
23,34	1,2	6,5	1,0	220	149
99,156	1,0	68,47	0,0	220	149
578,604	0,0	450,207	0,1	197	149
396,331	4,5	382,175	1,0	179	149
1041,1154	1,0	750,428	1,0	202	149
378,373	2,0	317,139	0,0	218	149
164,133	8,5	96,51	3,3	223	149
122,124	0,5	142,67	0,0	231	149
370,375	0,1	294,124	0,0	262	149
678,809	0,1	753,332	0,0	247	149
1086,936	0,0	646,315	4,0	298	149
7,8	9,8	5,3	7,3	211	149
61,76	4,8	10,1	4,13	298	149
172,170	0,0	113,50	2,0	298	149
966,851	3,1	824,371	2,0	257	149
118,147	1,0	119,61	1,0	203	149
707,836	0,2	560,322	0,0	293	149
15,12	1,4	11,3	2,0	296	149
4095,4308	3,2	2967,1405	3,0	233	149
4853,5381	1,3	3568,1753	1,2	298	149
2611,2886	0,2	1913,1023	0,0	215	149
2693,2640	104,91	2500,1036	50,18	167	149
236,274	1,3	212,95	2,2	167	149
6809,8479	0,3	7081,3597	0,0	288	149
150,234	0,2	110,81	0,0	155	149
387,303	1,0	243,98	0,0	277	149
296,335	0,1	251,150	0,0	298	149
23,12	1,0	4,5	0,0	215	149
23,21	1,0	11,6	0,0	224	149
56,76	1,1	51,21	2,0	285	149
99,116	1,1	99,37	2,0	296	149
20,22	15,9	7,7	14,15	194	149
64,63	0,1	43,20	0,3	283	149
1458,1529	3,6	1076,641	3,0	258	149
138,182	1,0	108,40	0,0	298	149
245,328	1,0	170,82	0,0	298	149
7,6	4,3	8,2	0,0	245	149
16,19	23,41	17,8	19,18	245	149
9,10	115,107	1,4	73,38	298	149
3024,2969	1,0	2712,1191	0,0	298	149
242,295	0,2	161,116	3,1	210	149
665,910	2,0	483,215	0,0	220	149
34,37	23,23	17,10	12,4	205	149
21,21	23,23	6,9	12,4	256	149
710,776	0,2	496,231	0,0	272	149
756,912	3,1	549,269	1,4	298	149
240,207	2,8	152,122	2,2	228	149
314,296	0,0	210,114	0,4	283	149
127,137	5,4	134,54	1,7	221	149
159,205	4,13	162,103	18,5	167	149
1004,1237	1,2	722,418	0,3	154	149
175,136	0,0	132,72	2,0	298	149
106,63	1,0	74,37	1,0	208	149
654,911	0,0	532,272	1,1	298	149
1,0	87,93	0,0	69,38	241	149
247,297	294,301	95,94	231,120	197	149
194,209	1,1	97,59	0,0	268	149
3285,3571	2,0	2592,1251	0,0	225	149
2137,2654	0,0	1658,1064	0,1	197	149
49,28	0,0	43,15	0,2	194	149
5,2	799,785	7,1	527,314	239	149
3,4	2,3	7,0	4,0	172	149
37,39	2,3	15,14	4,0	247	149
5,18	1,0	10,2	0,0	163	149
85,68	1,2	39,19	0,0	203	149
116,126	0,0	66,41	1,0	226	149
115,122	2,8	55,49	1,0	187	149
142,174	9,10	90,75	0,1	274	149
74,89	1,4	46,41	0,0	274	149
200,258	0,1	112,51	0,0	187	149
314,353	0,3	181,82	0,0	236	149
3775,4312	21,10	4170,2291	10,0	269	149
1352,1563	21,10	1457,897	10,0	242	149
2468,2690	2,4	2596,1578	1,1	187	149
3041,3502	0,1	3123,2046	0,0	195	149
650,752	0,1	782,537	0,0	199	149
49,23	0,0	17,11	1,0	298	149
291,268	0,0	329,128	2,0	194	149
1428,1557	4,3	1058,642	5,3	223	149
201,155	0,0	101,45	3,0	284	149
405,463	0,0	303,93	2,0	234	149
342,345	0,0	252,120	1,0	298	149
310,349	0,1	186,106	0,0	298	149
7,18	71,106	33,12	30,27	230	149
15,17	71,106	17,6	30,27	187	149
28,51	1,0	25,22	0,0	215	149
218,241	0,4	149,67	0,0	247	149
774,918	1,0	768,473	1,0	284	149
4558,5202	0,1	3427,1753	1,0	239	149
234,220	2,0	178,100	2,0	210	149
73,75	2,0	56,39	2,0	298	149
11436,13286	0,0	11384,6122	2,4	267	149
22,22	0,0	14,3	2,4	272	149
32650,38724	11,9	31772,17034	10,4	298	149
54,62	84,100	23,31	50,36	211	149
31,36	84,100	12,6	50,36	177	149
1511,1272	0,2	1021,517	0,0	172	149
40,29	0,0	33,22	0,2	298	149
803,1036	1,0	741,407	0,0	231	149
262,308	0,0	203,138	0,1	256	149
34,42	0,4	13,6	0,0	298	149
16,15	0,4	9,3	0,0	298	149
559,685	1,0	547,304	0,1	211	149
0,1	2,0	5,0	0,0	195	149
3466,3478	5,1	2692,1194	1,0	176	149
129,173	0,7	113,38	0,3	212	149
70,63	0,0	41,16	0,1	298	149
72,71	1,0	31,29	0,0	236	149
90,95	3,5	69,23	0,1	208	149
6997,6273	1,0	5442,2660	0,0	298	149
3803,3422	1,0	2982,1425	0,0	298	149
476,459	12,6	390,157	3,0	250	149
329,297	0,1	195,127	0,1	205	149
34,25	0,2	37,17	0,0	298	149
206,237	2,2	118,61	0,0	195	149
381,428	0,3	234,116	0,3	251	149
368,342	0,0	158,89	2,1	235	149
2,0	0,0	7,0	0,2	180	149
26,40	8,3	19,3	0,0	225	149
7,4	154,173	0,0	145,55	298	149
82,89	0,3	71,37	0,0	215	149
308,351	6,5	206,102	0,0	298	149
841,1097	2,1	649,418	0,0	224	149
72,78	0,1	45,26	0,0	236	149
104,110	0,1	71,50	0,0	298	149
93,96	0,1	54,41	0,0	298	149
695,857	0,2	636,359	0,0	230	149
1270,1408	1,1	1024,504	0,0	252	149
24,17	18,22	24,12	14,6	179	149
73,115	18,22	75,34	14,6	216	149
44,72	18,22	64,31	14,6	237	149
163,171	1,0	172,75	0,0	215	149
5,5	1,0	2,3	0,0	211	149
4,5	1,0	7,11	0,0	211	149
132,140	0,2	88,89	0,2	262	149
182,184	0,1	108,47	0,0	298	149
0,2	267,411	0,0	201,90	242	149
226,217	2,1	178,78	0,0	242	149
1932,2142	0,0	1395,707	1,0	254	149
1784,2012	0,0	1419,703	0,2	224	149
346,402	0,0	276,151	1,0	220	149
116,95	0,0	113,44	0,1	222	149
146,186	3,2	117,66	0,0	205	149
77,101	0,1	60,24	0,0	178	149
56,65	0,0	24,13	1,1	189	149
212,223	0,0	144,72	0,1	263	149
1928,2317	0,0	1659,852	0,1	224	149
4,7	0,0	3,3	2,0	221	149
1064,1079	0,0	845,458	2,2	194	149
462,434	1,0	476,263	0,0	273	149
353,358	0,0	373,223	1,0	201	149
797,968	2,0	586,310	0,0	230	149
346,374	1,3	266,146	2,0	298	149
479,486	0,1	379,235	0,0	291	149
341,454	0,0	243,109	0,1	225	149
238,224	15,18	195,89	4,10	163	149
402,390	0,2	353,129	0,0	235	149
14,15	1,3	15,7	0,0	175	149
356,294	0,0	174,93	0,1	201	149
47,45	4,11	40,25	0,4	236	149
171,139	0,0	99,62	0,1	213	149
75,61	0,0	53,30	0,1	217	149
925,1063	0,0	536,255	1,0	298	149
1687,1738	1,0	871,476	0,0	298	149
107,105	2,0	82,39	0,0	213	149
166,147	1,0	127,66	1,0	286	149
212,184	0,8	132,85	0,1	298	149
40,41	2,1	9,8	2,0	200	149
1398,646	8,2	819,375	1,0	298	149
1163,498	8,2	644,275	1,0	298	149
1472,731	1,1	776,335	0,0	228	149
1662,927	0,3	889,362	0,0	236	149
26,36	0,1	15,19	0,3	253	149
194,174	0,2	146,87	0,0	202	149
448,451	4,0	316,208	0,0	266	149
15,36	0,3	3,4	0,0	209	149
63,111	60,67	43,47	36,21	298	149
215,252	1,0	191,101	2,1	202	149
465,393	0,0	303,142	4,0	267	149
171,175	0,4	198,100	0,0	195	149
228,296	0,1	234,116	0,0	281	149
0,2	102,139	0,0	28,26	170	149
822,920	1,0	760,400	0,1	263	149
2730,2541	2,0	2874,1254	0,0	242	149
107,112	0,0	58,26	2,0	260	149
77,57	1,1	54,35	1,0	202	149
8006,8548	0,0	6472,3386	0,5	286	149
251,258	1,1	145,78	0,0	241	149
163,209	1,3	102,55	0,0	241	149
325,313	1,1	193,85	0,0	238	149
240,233	1,3	167,60	0,0	238	149
68,77	2,0	62,18	2,1	229	149
527,642	3,0	435,249	0,0	259	149
307,398	0,0	282,136	1,0	227	149
376,502	0,0	318,177	1,1	235	149
14,16	0,1	12,15	0,2	275	149
10,9	312,333	6,2	220,97	204	149
12,13	0,0	6,6	1,0	220	149
6,10	0,0	5,5	1,0	206	149
301,329	0,3	253,134	0,2	257	149
163,225	1,0	163,76	0,0	242	149
729,727	2,1	466,263	0,0	181	149
95,108	1,0	37,11	0,0	200	149
2,5	1374,1537	3,3	911,401	274	149
187,200	1,0	113,58	0,0	221	149
211,234	1,1	154,121	0,1	264	149
100,146	1,0	64,21	0,0	234	149
504,539	13,12	330,172	8,0	230	149
253,225	14,14	191,97	4,2	214	149
402,422	13,11	271,140	3,2	212	149
39,50	3,6	58,24	4,0	298	149
14,18	31,25	12,7	26,10	195	149
573,668	0,1	430,254	0,0	270	149
1,0	1,3	1,0	2,4	199	149
1096,1177	0,1	712,351	0,0	185	149
244,227	0,0	118,69	0,1	278	149
943,992	0,1	626,359	0,0	248	149
979,921	2,0	1200,673	0,1	212	149
6073,6125	1,0	4933,2764	0,0	238	149
508,412	0,5	242,169	0,0	218	149
746,809	2,0	602,285	2,2	234	149
408,359	9,6	202,116	3,3	298	149
124,143	2,1	61,38	0,1	298	149
293,335	2,1	139,116	0,1	252	149
160,158	0,0	125,69	0,1	284	149
198,220	1,0	147,60	0,0	237	149
1,0	5,4	0,0	1,2	298	149
77,91	0,1	47,24	0,2	181	149
301,308	2,2	279,158	1,0	228	149
49,26	0,0	41,13	2,0	298	149
307,368	0,1	193,108	0,0	217	149
558,671	1,0	324,229	0,0	160	149
853,962	2,0	605,302	0,0	218	149
258,333	1,0	220,118	1,1	226	149
1829,2297	4,7	1386,700	0,4	292	149
2289,2658	4,7	1792,888	0,4	289	149
4,2	0,0	2,0	1,0	211	149
7,5	11,8	4,1	3,3	211	149
487,443	0,2	308,153	0,0	298	149
681,685	0,2	464,219	0,0	298	149
1648,2232	0,3	951,541	0,0	203	149
284,236	1,3	238,99	1,1	205	149
246,242	2,2	160,69	4,0	192	149
344,397	0,0	231,159	1,0	196	149
425,477	0,0	384,259	3,0	189	149
324,297	9,4	277,110	15,7	202	149
127,103	0,2	117,45	0,0	240	149
37,35	235,263	46,21	191,113	277	149
16,11	235,263	11,9	191,113	211	149
83,101	0,2	40,11	0,0	212	149
74,79	12,17	45,33	12,4	243	149
215,248	4,7	202,103	4,3	208	149
126,135	4,7	125,64	4,3	201	149
11,8	0,0	6,9	0,1	298	149
364,354	2,3	234,107	0,0	187	149
101,64	6,6	51,17	2,1	204	149
13,14	108,70	5,5	76,51	218	149
73,117	0,0	55,32	1,0	156	149
1195,1148	0,0	687,414	2,0	290	149
6438,6208	2,3	6452,3569	0,0	298	149
3081,2847	2,3	3221,1752	0,0	298	149
148,135	2,3	83,20	0,0	219	149
151,179	1,0	159,58	3,0	195	149
771,762	25,37	585,286	31,11	153	149
925,1151	0,2	697,370	0,0	251	149
1121,1289	0,1	838,407	0,0	251	149
907,1012	0,0	699,387	1,0	204	149
19,28	1,0	10,4	0,0	194	149
479,585	0,3	288,126	0,0	217	149
769,1064	1,0	432,270	0,2	193	149
122,204	0,2	109,66	0,1	219	149
14,21	0,0	26,10	1,0	194	149
9,0	63,66	1,3	59,20	298	149
74,69	0,1	59,31	2,0	295	149
83,46	2,2	61,24	2,0	209	149
1069,1019	2,4	838,377	2,3	230	149
524,609	0,0	520,271	0,1	298	149
49,67	0,0	46,24	1,0	211	149
8,14	118,106	3,1	104,42	161	149
13,23	214,241	18,7	132,70	211	149
11,13	1,0	30,6	1,0	208	149
108,87	0,3	74,43	0,0	296	149
108,106	0,3	75,42	0,0	298	149
37,43	0,3	29,18	0,0	262	149
84,49	115,88	93,59	106,27	298	149
1397,1698	1,0	1153,620	0,1	204	149
74,93	0,0	33,20	1,0	177	149
244,273	0,1	237,116	0,0	204	149
21,24	101,134	8,8	99,48	199	149
417,330	2,0	236,126	1,0	280	149
49,58	1,0	37,21	0,0	232	149
167,178	12,13	68,39	21,6	204	149
30,40	12,13	12,8	21,6	191	149
129,169	1,0	102,62	6,10	195	149
415,497	0,1	317,148	0,0	262	149
259,271	0,3	210,88	4,0	195	149
201,262	1,0	162,72	0,0	298	149
225,284	0,1	137,78	0,0	298	149
203,267	5,1	194,139	3,2	209	149
356,305	24,30	243,129	23,2	294	149
151,115	11,5	131,99	3,3	281	149
23,29	1,0	9,2	0,0	221	149
1212,1041	1,0	1409,685	0,0	203	149
544,499	0,1	635,258	0,0	298	149
59,71	344,443	43,35	284,141	298	149
57,61	344,443	38,30	284,141	298	149
37,30	0,0	43,18	0,1	209	149
3,5	6,7	4,0	3,6	188	149
434,427	7,6	311,166	3,0	221	149
76,51	1,0	41,11	0,0	233	149
295,339	2,12	303,193	3,1	246	149
2,3	8,7	3,0	5,1	211	149
313,297	2,0	157,73	0,0	236	149
38,23	187,188	29,11	114,56	195	149
351,390	7,3	229,139	7,5	192	149
127,163	4,4	106,59	2,0	298	149
14,25	1,0	12,12	0,0	193	149
3,0	23,23	0,0	11,4	286	149
675,715	1,0	642,330	0,0	203	149
1023,992	3,4	958,577	0,0	210	149
3,0	55,59	1,1	29,13	275	149
94,113	0,1	61,42	0,0	281	149
69,51	0,1	32,10	0,0	298	149
80,59	0,0	41,16	0,1	157	149
5,0	1,0	4,2	0,0	247	149
1221,1564	0,0	1005,585	2,0	298	149
275,220	0,1	218,128	0,0	278	149
365,383	7,2	256,168	14,11	213	149
246,233	0,1	170,83	0,0	298	149
317,345	2,3	204,85	2,0	282	149
205,216	2,3	133,55	2,0	296	149
378,318	0,0	210,97	0,1	191	149
18,13	59,44	5,1	18,16	264	149
271,270	1,0	216,94	0,0	298	149
519,523	1,0	425,224	0,0	244	149
6,2	1,0	5,0	0,0	298	149
600,700	0,2	548,260	0,0	298	149
307,302	34,39	255,118	34,9	197	149
455,565	0,1	335,191	0,0	274	149
3,0	11,16	0,0	7,9	170	149
36,38	239,259	19,23	215,118	290	149
806,597	3,0	546,305	0,1	230	149
1252,1175	1,0	755,312	0,0	226	149
1,0	540,507	0,0	361,175	192	149
3,3	0,0	0,0	1,0	247	149
149,119	17,17	116,72	1,4	190	149
245,315	0,0	244,137	2,0	298	149
568,770	0,1	442,205	0,0	184	149
1549,1411	0,1	959,419	0,0	232	149
2,7	2,0	1,0	0,0	195	149
2,6	102,116	0,2	70,39	298	149
210,170	1,2	194,87	1,0	184	149
460,525	3,0	291,182	0,0	255	149
120,109	1,0	84,24	3,0	230	149
43,39	3,4	22,28	4,4	285	149
35,33	5,3	23,11	0,0	185	149
94,94	2,0	70,36	1,0	229	149
18,10	18,13	5,5	10,3	228	149
24,14	18,13	16,11	10,3	298	149
44,34	2,0	26,19	0,2	220	149
145,157	9,9	111,40	3,0	288	149
180,178	0,0	170,54	2,0	201	149
345,334	0,0	298,105	2,0	298	149
87,66	234,240	121,59	168,86	204	149
87,129	1,0	49,25	0,1	298	149
5189,7934	0,0	2276,1010	0,3	298	149
174,139	264,238	94,71	188,97	298	149
117,92	264,238	47,28	188,97	298	149
664,712	1,1	537,291	0,0	207	149
164,163	0,1	107,59	0,0	220	149
434,473	0,5	301,154	0,0	253	149
112,123	12,6	64,52	6,7	274	149
412,338	0,1	287,140	0,0	206	149
1,0	2,2	2,0	0,0	233	149
396,359	0,2	421,235	0,0	298	149
218,302	0,4	193,115	8,0	209	149
2683,3250	0,3	2123,1115	0,0	200	149
756,957	0,0	596,353	0,2	197	149
4,5	0,2	1,2	4,0	298	149
103,122	0,2	106,43	4,0	244	149
213,233	0,2	217,93	4,0	263	149
11,23	4,3	10,5	1,5	173	149
1305,1632	0,1	882,407	0,0	205	149
110,191	15,28	42,23	10,0	191	149
34,52	1,0	18,15	0,0	193	149
309,423	0,4	302,162	2,0	272	149
151,117	0,3	108,38	0,0	275	149
59,56	4,1	10,4	0,0	183	149
290,274	0,1	151,63	0,0	219	149
17,19	1,0	13,5	0,0	234	149
29,30	1,0	20,7	0,0	207	149
417,433	0,1	378,164	0,0	236	149
266,291	1,0	170,100	2,0	196	149
109,130	9,6	70,34	7,6	219	149
250,293	1,2	169,100	7,3	212	149
307,413	0,2	220,159	0,0	198	149
154,180	10,22	117,49	8,3	241	149
47,43	1,1	31,13	0,0	211	149
527,740	6,0	518,261	0,0	186	149
754,839	0,1	627,298	1,0	199	149
1624,2310	0,0	1516,709	0,2	237	149
1093,1203	2,0	875,468	0,0	205	149
1306,1637	3,1	1063,534	2,0	233	149
30,49	25,31	20,23	4,5	298	149
63,78	25,31	41,36	4,5	296	149
28,35	25,31	16,17	4,5	248	149
1262,1254	0,0	685,367	0,1	226	149
581,601	0,1	337,149	0,0	179	149
114,85	20,12	68,40	8,7	265	149
1,1	186,220	0,0	134,92	160	149
148,82	1,4	134,88	6,3	190	149
174,175	0,1	79,47	0,0	248	149
165,180	1,0	98,49	2,0	221	149
236,284	4,0	98,73	0,0	252	149
566,464	0,0	457,235	1,0	209	149
210,103	1,1	113,56	0,0	262	149
186,145	0,1	141,51	0,0	220	149
0,0	80,73	2,0	103,45	166	149
33,56	0,0	33,14	0,3	298	149
435,381	1,2	282,203	0,0	298	149
339,357	2,0	275,141	0,0	237	149
53,46	1,0	87,37	0,0	185	149
409,507	1,0	413,175	0,0	187	149
121,101	0,0	52,21	2,2	202	149
487,463	0,5	407,206	0,0	213	149
0,0	345,405	1,0	288,135	298	149
45,58	1,0	18,14	0,0	200	149
76,80	1,0	59,30	0,1	203	149
37,31	1,1	28,15	2,2	248	149
540,588	31,41	510,257	8,8	186	149
136,195	0,1	90,47	0,0	206	149
14,12	4,2	11,8	0,0	298	149
2,3	4,2	5,0	0,0	187	149
25,30	4,2	21,11	0,0	298	149
1,5	71,80	6,3	55,22	209	149
51,59	1,0	57,27	0,0	273	149
49,56	1,0	52,26	0,0	265	149
259,229	0,1	181,101	0,0	186	149
406,415	1,1	348,138	0,0	264	149
138,130	0,6	108,69	1,0	298	149
179,117	0,1	69,29	0,0	254	149
109,111	0,1	64,79	0,0	231	149
76,53	25,25	79,52	17,9	247	149
25,34	1,1	28,11	1,0	199	149
38,34	146,151	12,4	87,62	292	149
154,138	146,151	107,51	87,62	298	149
117,109	21,12	91,43	14,6	242	149
139,140	146,151	123,56	87,62	242	149
147,137	18,21	94,49	6,4	242	149
114,108	0,2	88,43	0,2	242	149
569,593	2,0	422,295	0,0	209	149
931,1248	1,0	528,244	0,0	202	149
279,303	0,0	206,108	0,1	257	149
617,764	0,1	468,237	0,0	295	149
1392,1413	0,0	1179,608	0,1	255	149
54,57	143,203	73,14	99,46	241	149
21,19	143,203	29,3	99,46	298	149
396,526	3,2	201,68	0,0	298	149
145,132	1,0	63,20	0,0	279	149
0,0	177,223	0,1	120,56	221	149
321,376	2,0	252,107	0,0	220	149
44,27	61,74	13,17	40,16	262	149
269,326	61,74	317,230	40,16	200	149
0,0	9,10	2,0	4,0	202	149
12,14	1,0	4,0	0,0	214	149
535,424	1,0	355,202	0,0	282	149
376,353	2,1	315,137	0,0	220	149
105,109	2,1	121,58	0,0	298	149
35,39	31,35	37,17	24,7	277	149
603,944	2,0	439,245	0,0	273	149
367,445	2,4	347,150	0,1	262	149
157,185	4,2	129,61	2,2	262	149
64,49	4,2	55,27	2,2	215	149
270,302	4,0	264,106	0,0	215	149
743,818	20,23	549,268	26,10	267	149
964,1001	0,0	822,487	1,0	245	149
147,196	2,0	90,41	0,0	254	149
138,120	2,0	123,78	0,0	221	149
953,1107	29,41	549,315	15,10	207	149
770,757	14,26	531,268	2,7	191	149
2396,2458	1,2	2082,1098	1,0	236	149
18,8	40,37	8,0	21,19	217	149
71,73	24,12	86,72	30,13	195	149
42,46	24,12	57,41	30,13	222	149
110,136	3,1	98,50	4,2	241	149
28,23	0,1	45,37	0,0	236	149
52,37	1,0	38,10	0,0	189	149
85,73	1,0	58,27	0,0	189	149
323,311	0,0	211,121	1,0	257	149
271,319	0,0	248,115	0,1	216	149
1041,834	1,0	629,307	0,0	219	149
361,419	0,0	278,149	1,0	227	149
5,4	101,112	0,0	70,47	298	149
213,233	0,0	163,70	1,0	231	149
179,209	1,0	185,114	0,0	210	149
627,681	0,0	611,303	1,0	241	149
74,102	0,4	76,40	0,0	185	149
10,19	0,4	5,1	0,0	254	149
12,17	0,0	14,11	1,0	298	149
378,432	2,3	340,156	0,0	238	149
180,143	0,1	130,64	0,0	218	149
46,26	196,178	23,12	174,84	195	149
732,1022	0,2	381,201	0,0	177	149
31,41	0,1	14,10	2,0	177	149
2315,2385	2,0	1459,780	0,0	196	149
105,91	2,1	89,35	1,0	268	149
561,529	0,1	463,209	0,0	227	149
401,385	1,1	320,172	0,0	173	149
270,244	3,0	158,97	0,0	207	149
558,578	0,0	401,234	1,0	269	149
651,625	0,0	412,220	0,2	201	149
515,569	2,0	390,208	2,0	274	149
183,128	0,2	102,31	0,0	256	149
377,388	43,40	294,123	36,14	210	149
22,26	42,46	7,2	32,19	223	149
1,4	42,46	3,1	32,19	191	149
1,5	58,46	12,3	39,19	224	149
734,906	0,1	503,256	0,0	266	149
62,51	0,3	61,26	0,0	216	149
5,12	2,0	12,4	0,0	187	149
1535,1607	0,0	1413,615	1,0	298	149
39,59	17,9	25,17	1,0	298	149
67,117	17,9	41,24	1,0	298	149
32,27	831,811	25,2	817,377	298	149
2,14	35,32	4,0	29,2	227	149
732,697	0,1	586,315	0,0	280	149
517,462	0,0	403,256	0,1	202	149
253,293	0,0	163,98	0,3	223	149
130,146	0,2	103,48	0,0	298	149
260,319	1,0	184,98	1,0	298	149
154,184	0,3	145,66	0,0	298	149
20,21	57,77	8,8	46,18	219	149
120,132	4,0	55,22	0,0	228	149
71,59	11,1	30,17	3,0	298	149
31,20	11,1	11,6	3,0	298	149
424,474	1,3	391,142	1,0	203	149
373,464	0,1	298,168	0,0	245	149
2672,3253	0,0	2383,1178	1,0	197	149
928,1210	0,4	878,367	4,0	218	149
931,1087	0,0	786,427	4,0	218	149
0,3	0,0	3,0	2,0	197	149
535,613	0,0	511,247	1,0	197	149
932,1016	0,0	793,380	4,0	215	149
2966,3568	0,0	2606,1228	1,0	215	149
850,1130	0,1	822,384	0,0	215	149
2186,2684	0,1	2007,992	0,0	197	149
641,783	1,0	548,275	0,2	215	149
143,180	3,4	98,43	2,2	198	149
102,94	1,1	31,16	0,0	194	149
552,684	0,1	469,266	0,0	213	149
14,17	42,29	17,15	38,14	203	149
157,179	0,1	133,61	0,0	298	149
900,930	0,0	588,304	0,1	298	149
2374,2147	4,5	1412,705	4,2	298	149
35,45	11,9	23,12	7,2	202	149
43,40	1,0	23,9	0,0	298	149
40,30	1,0	24,9	0,0	212	149
1018,1291	0,4	603,300	0,0	222	149
4129,4528	1,1	5744,3468	0,0	196	149
2666,2962	5,9	3519,1991	0,0	249	149
6581,7059	38,49	8578,4336	50,18	280	149
9,15	16,12	4,3	12,4	255	149
59,67	0,0	54,37	1,0	231	149
43,48	0,0	32,16	1,0	278	149
87,104	0,0	55,16	2,0	298	149
233,231	0,0	168,84	1,0	257	149
4308,4362	0,0	3168,1632	1,0	285	149
375,444	0,0	249,119	0,2	258	149
654,682	0,0	445,217	1,0	238	149
1143,1284	0,3	1177,680	1,0	230	149
355,378	5,0	329,149	0,0	177	149
16,18	1,0	9,4	0,0	181	149
1015,771	0,0	479,150	0,1	237	149
143,184	0,0	185,85	0,1	298	149
121,117	8,2	135,55	3,2	298	149
7,5	10,12	37,26	3,4	298	149
130,145	838,963	126,78	860,548	287	149
4455,4668	0,0	4668,2948	0,2	224	149
415,402	1,2	288,142	0,0	298	149
19762,20589	1,0	20173,10072	0,1	269	149
327,349	0,1	279,170	0,0	298	149
642,654	0,1	539,300	0,0	298	149
10,5	0,2	7,6	1,0	218	149
34,30	0,2	17,2	1,0	215	149
6,2	0,2	3,0	1,0	199	149
104,125	0,1	110,80	1,1	197	149
25,29	0,1	29,9	1,1	298	149
5,10	994,960	8,7	679,368	298	149
67,63	11,11	53,21	6,3	164	149
194,208	11,11	133,71	6,3	298	149
251,249	11,11	146,82	6,3	298	149
79,76	0,2	47,37	0,0	231	149
100,113	0,1	60,33	0,0	168	149
479,578	0,1	430,214	0,0	165	149
581,632	3,2	577,285	0,1	206	149
942,1019	0,0	972,428	2,0	284	149
119,110	0,1	97,18	0,0	228	149
8,6	0,0	14,2	1,0	205	149
494,576	0,2	417,232	0,0	209	149
0,1	115,120	0,0	70,30	186	149
643,618	0,2	376,234	0,0	198	149
3985,3883	1,0	4118,2074	0,0	287	149
342,353	2,1	249,148	1,1	216	149
2,1	123,102	2,0	64,22	298	149
686,696	4,10	446,215	1,1	298	149
599,656	0,3	523,272	0,0	232	149
123,163	6,9	110,46	13,2	298	149
7,3	3,8	6,3	8,1	222	149
12960,11343	1,0	9441,4128	0,0	298	149
219,269	0,1	152,81	0,0	248	149
240,251	0,0	160,72	2,0	206	149
630,764	300,304	440,253	286,135	221	149
54,48	3,10	27,23	2,0	203	149
19,22	3,10	18,14	2,0	224	149
2552,2061	1,0	1917,886	0,0	224	149
1072,1080	0,0	652,312	1,0	298	149
68,66	1,0	32,13	0,0	265	149
354,396	4,5	245,132	2,3	252	149
83,80	1,0	32,17	0,0	249	149
279,233	4,8	93,27	1,0	245	149
5,7	20,2	11,2	5,2	215	149
2,6	0,1	13,3	0,1	215	149
2,6	1,0	13,2	0,0	215	149
125,172	0,1	63,31	0,0	220	149
68,64	0,0	47,31	2,0	298	149
296,459	2,4	248,140	2,0	298	149
21,14	2,0	9,6	0,0	298	149
21,16	2,0	9,6	0,0	298	149
3,2	2,0	2,0	0,0	298	149
20,20	96,100	15,24	59,42	298	149
203,228	0,1	227,118	0,0	272	149
174,175	0,0	64,32	0,1	270	149
286,269	2,2	252,144	2,0	203	149
174,154	1,0	147,67	0,0	215	149
127,107	2,2	102,51	2,1	209	149
25,27	8,0	20,19	1,0	209	149
2251,2312	8,0	1887,989	1,0	298	149
2391,2444	4,7	1995,1035	0,1	298	149
2228,2283	8,0	1856,969	1,0	298	149
399,386	0,1	287,185	0,0	206	149
31,46	1,0	27,15	4,0	231	149
340,429	1,0	259,120	0,0	233	149
7,6	392,548	8,0	308,131	237	149
466,502	3,7	277,193	5,0	244	149
349,378	0,0	243,97	1,0	293	149
1005,1206	0,0	741,317	1,0	298	149
214,212	1,1	172,99	1,0	246	149
20,18	3,4	11,3	1,2	298	149
112,58	2,1	42,25	0,0	240	149
127,73	1,0	33,27	0,1	239	149
1462,1435	11,5	1047,525	18,3	229	149
495,509	0,1	265,184	0,0	233	149
197,125	0,0	91,41	1,0	242	149
237,205	11,3	148,70	4,7	214	149
236,209	10,15	134,72	4,3	276	149
6,5	1,0	7,1	2,1	223	149
30,42	1,0	20,11	2,1	298	149
192,148	4,3	94,58	2,2	294	149
489,410	0,4	394,219	0,0	212	149
74,90	71,57	25,28	47,29	210	149
39,47	71,57	14,13	47,29	254	149
1807,2184	0,1	1403,700	0,0	215	149
115,131	3,0	95,55	0,0	298	149
774,867	4,1	721,352	1,2	223	149
6,6	2,0	3,3	0,0	208	149
513,740	1039,1358	535,265	586,276	260	149
257,294	3,2	152,111	0,0	258	149
34,45	13,7	13,16	3,2	298	149
33,49	13,7	13,16	3,2	298	149
13,7	51,94	4,2	62,21	295	149
123,102	0,0	87,47	2,0	293	149
0,0	155,193	0,2	109,72	166	149
260,303	11,11	137,112	16,17	225	149
58,79	2,3	45,27	0,0	260	149
33,46	0,0	26,16	2,0	260	149
1,0	0,0	0,0	2,0	208	149
626,821	2,0	498,266	0,0	285	149
357,305	1,0	151,86	0,0	218	149
7,14	35,32	11,5	21,7	262	149
143,138	0,2	108,75	0,0	228	149
152,146	3,2	62,51	4,2	187	149
376,402	30,44	280,171	21,7	212	149
52,64	0,1	37,10	1,0	298	149
2,1	17,31	3,0	20,4	298	149
116,101	0,3	80,18	0,0	186	149
0,2	60,61	3,1	30,37	204	149
114,157	2,0	92,49	1,0	231	149
471,440	1,0	303,160	0,0	217	149
107,86	10,10	75,29	10,2	222	149
41,62	0,0	20,10	2,3	257	149
14,37	2,0	35,15	0,0	179	149
34,50	27,21	33,25	52,24	232	149
25,32	27,21	28,16	52,24	193	149
395,306	0,2	308,109	0,0	237	149
205,283	0,0	150,82	1,0	272	149
144,111	12,5	61,46	10,5	224	149
439,435	12,5	239,112	10,5	231	149
20,43	35,48	16,7	20,12	216	149
4896,5968	0,0	4482,2299	1,0	200	149
3348,4212	1,2	3129,1627	4,2	198	149
