ID	IJC_SAMPLE_1	SJC_SAMPLE_1	IJC_SAMPLE_2	SJC_SAMPLE_2	IncFormLen	SkipFormLen	PValue
0	54,40	41,65	12,11	35,20	182	99	0.450321820797
1	36,32	0,2	19,12	0,0	243	99	1
2	11,14	185,154	6,3	119,59	128	99	1
3	614,458	51,46	323,191	29,10	108	99	1
4	926,739	40,43	447,299	32,12	105	99	1
6	264,239	0,6	126,68	0,0	105	99	1
7	111,90	0,0	54,29	0,1	102	99	1
8	204,218	3,0	87,64	1,0	109	99	1
9	65,71	2,0	35,23	0,0	108	99	1
10	176,162	50,30	95,66	4,3	524	99	0.000315760463204
11	1526,1309	0,1	498,348	1,0	103	99	1
12	81,44	13,14	21,14	8,0	132	99	1
13	75,107	3,2	39,28	0,0	150	99	1
14	29,22	263,262	17,12	144,78	110	99	1
15	7,2	385,424	14,8	152,117	260	99	1
16	544,453	3,1	369,189	1,1	104	99	1
18	1081,884	6,12	625,374	3,2	106	99	1
19	28,12	92,72	3,2	33,26	102	99	0.517501115438
20	60,69	16,9	41,12	11,10	107	99	0.595417249905
22	365,340	5,10	163,120	3,0	117	99	1
23	207,257	6,4	156,97	3,1	102	99	1
24	8,6	15,1	2,2	0,0	111	99	0.0172610652233
25	34,11	6,0	5,1	1,0	245	99	0.0113825485945
26	4238,3659	667,556	2998,1808	641,431	105	99	1
27	20,6	20,26	6,2	12,4	108	99	1
28	26,24	87,70	9,8	63,30	111	99	1
29	31,12	158,143	17,25	65,46	120	99	0.466101298425
30	99,67	14,25	64,54	30,23	297	99	0.461349210404
31	106,71	179,167	68,56	69,52	309	99	0.856115661209
32	21,29	179,167	34,25	69,52	111	99	0.0232487363171
33	1,0	8,2	0,0	0,1	102	99	1
34	14,9	189,186	9,6	112,65	282	99	1
35	69,34	63,60	19,11	31,15	106	99	1
36	482,403	1,0	308,156	1,0	282	99	1
38	198,214	17,8	100,71	9,4	102	99	1
39	24,13	111,79	23,6	123,47	136	99	1
40	208,200	6,5	83,71	3,2	102	99	1
41	40,35	27,25	12,2	7,9	119	99	0.575190233482
45	111,92	466,366	62,37	212,159	186	99	1
46	226,229	20,14	69,43	12,3	130	99	1
47	2,4	10,11	2,0	11,9	109	99	0.456375153901
48	9,10	44,38	6,4	20,10	114	99	1
49	1,1	62,45	1,0	30,18	116	99	1
50	13,16	31,23	11,5	19,13	117	99	1
51	277,259	15,7	115,94	13,7	408	99	0.537969532414
52	180,151	15,7	79,47	13,7	449	99	0.227683094496
53	22,12	114,120	8,3	44,50	140	99	1
54	87,79	1,0	39,29	0,0	102	99	1
56	49,51	63,48	26,15	18,19	102	99	1
57	123,93	1,3	46,43	0,0	697	99	1
58	26,21	0,0	2,7	5,0	193	99	0.348653360622
59	44,14	2,0	20,13	0,0	177	99	1
60	6,2	38,25	9,3	9,6	102	99	0.0286322881146
61	0,0	55,51	1,0	49,22	147	99	1
63	45,54	58,32	39,16	24,16	102	99	1
64	1712,1519	1,0	1304,636	1,2	104	99	1
65	27,22	2,9	13,6	0,1	247	99	0.0110763075545
66	44,58	27,43	25,12	23,14	247	99	1
70	157,190	2,6	97,80	2,2	114	99	1
72	335,288	56,53	205,119	24,14	102	99	1
73	47,68	5,5	26,13	1,1	160	99	1
76	4,8	8,7	5,3	2,1	108	99	0.134635730802
77	6,2	8,4	0,1	1,1	108	99	0.0147546149103
78	25,31	2,3	13,5	6,0	102	99	1
79	14,19	4,1	9,4	0,0	161	99	0.644120025228
81	61,46	18,19	38,26	13,12	184	99	1
82	153,181	0,0	116,73	2,1	306	99	1
83	120,80	17,27	121,50	11,18	120	99	1
85	297,278	10,4	216,131	25,8	248	99	0.3381260504
86	11,14	86,73	17,5	37,15	102	99	0.363048733722
87	13,2	195,177	10,5	73,49	115	99	1
88	461,414	125,143	207,144	49,46	102	99	1
89	490,421	169,139	289,136	63,40	102	99	1
91	248,248	29,55	136,93	26,26	114	99	1
92	43,49	0,1	31,17	0,0	114	99	1
93	3,2	115,146	2,8	75,62	267	99	1
94	4,3	9,2	6,3	5,0	132	99	0.204678065321
95	13,23	347,416	15,15	211,160	108	99	1
96	12,12	104,82	7,11	88,37	117	99	1
97	2358,1769	4,0	1299,642	0,0	103	99	1
98	286,252	1101,1009	91,74	419,310	182	99	1
100	217,196	57,31	81,58	3,10	180	99	0.431532175701
101	9,10	80,116	1,0	55,30	113	99	1
103	104,94	156,157	81,70	57,45	106	99	0.0141662102137
104	394,354	1,4	192,111	1,2	238	99	1
105	2,2	336,389	3,1	240,135	132	99	1
107	891,746	25,22	506,272	8,10	111	99	1
108	1397,1256	0,0	886,547	4,0	117	99	1
109	251,190	2,7	120,67	0,1	122	99	1
110	88,124	4508,4536	76,34	3275,2133	108	99	1
111	15,12	1,5	4,5	5,0	114	99	1
112	3,1	14,15	0,0	5,6	115	99	1
113	875,879	5,4	590,374	1,1	660	99	1
114	19,3	16,22	2,0	8,5	102	99	0.0755255209702
115	11,21	0,1	10,6	0,2	134	99	1
116	0,0	5,2	3,0	2,1	102	99	1
117	40,20	13,12	11,7	16,1	108	99	1
118	101,64	2,1	47,33	2,0	134	99	1
119	169,129	7,4	81,35	2,0	278	99	1
121	13,3	1,0	6,6	0,0	131	99	1
122	239,178	2,1	106,88	0,1	172	99	1
123	12,3	66,42	8,0	31,25	120	99	1
124	6,5	569,404	5,3	342,205	135	99	1
125	93640,75447	1198,616	54400,35634	778,308	120	99	1
126	53,66	1,3	40,23	1,0	156	99	1
128	36,73	45,31	14,11	26,10	708	99	1
129	98,117	45,31	49,38	26,10	751	99	1
131	145,116	25,33	70,67	23,22	303	99	1
132	139,123	49,61	93,72	43,34	361	99	1
133	29,29	0,1	13,14	3,1	116	99	1
134	43,41	1006,792	18,13	508,316	280	99	1
136	394,390	26,24	131,124	7,14	434	99	1
137	78,60	992,644	50,16	580,281	118	99	1
138	16,16	1,0	9,8	0,0	145	99	1
139	88,105	44,69	39,22	32,21	104	99	0.947065936303
140	5,13	303,230	3,3	224,149	268	99	1
141	1,0	87,63	2,0	17,22	105	99	1
142	0,2	0,3	1,0	0,2	102	99	1
143	1584,1566	2,1	933,631	0,0	127	99	1
145	1,0	43,40	1,1	22,9	111	99	1
146	72,81	254,249	32,33	135,112	271	99	1
148	79,70	6,7	43,17	2,5	102	99	1
149	15,7	292,230	1,1	98,50	147	99	1
150	458,508	109,137	251,196	67,65	159	99	1
151	6569,6692	4,7	4041,2534	1,1	168	99	1
152	197,235	31,17	74,48	4,5	121	99	1
153	26,23	2,2	7,3	0,2	108	99	1
154	18,11	23,16	6,3	16,2	107	99	1
158	5,9	0,5	12,5	1,0	111	99	0.572280224253
159	578,515	118,73	462,258	48,41	532	99	1
160	21,21	139,117	6,3	99,61	129	99	1
161	40,36	1,0	20,6	0,0	108	99	1
162	20,16	80,81	0,7	46,22	365	99	1
163	0,6	82,100	0,0	44,34	159	99	1
164	116,92	0,1	54,18	0,0	108	99	1
165	62,66	19,32	14,19	16,10	114	99	0.50120861852
166	62,75	0,0	37,35	1,1	112	99	1
167	15,21	163,185	3,8	90,59	111	99	1
168	122,125	9,10	31,29	2,3	160	99	1
169	463,334	14,22	265,177	13,8	138	99	1
170	33,44	114,82	14,5	65,40	116	99	0.530631920448
172	70,61	315,306	22,19	155,134	102	99	1
173	7,13	116,113	1,2	31,43	248	99	1
174	87,80	1,0	27,38	0,4	106	99	1
175	711,843	83,52	357,284	44,33	233	99	1
176	163,145	16,8	73,34	2,4	102	99	1
177	20,14	142,222	12,3	70,87	140	99	1
179	187,138	6,4	91,66	1,7	102	99	1
180	116,139	0,1	66,45	2,0	111	99	1
181	297,325	3,5	122,115	6,4	293	99	1
182	9,13	10,1	16,1	3,2	121	99	1
183	1399,1158	26,15	853,402	12,6	102	99	1
186	407,396	80,82	215,139	59,25	114	99	1
187	325,291	0,1	186,113	0,0	106	99	1
188	20,19	90,88	15,8	24,16	159	99	0.520563165778
191	9,4	0,6	4,4	2,0	105	99	0.529808190779
192	7,3	5,2	7,5	2,2	128	99	0.548981198754
193	358,241	2,1	141,109	0,2	105	99	1
194	12,3	173,131	3,6	85,52	126	99	1
195	42,82	108,86	27,25	55,44	109	99	1
196	25,23	167,181	15,7	137,77	132	99	1
197	638,561	38,28	375,235	29,20	111	99	1
199	104,92	60,40	67,27	20,16	113	99	1
200	8,17	173,117	9,3	60,44	118	99	1
201	167,138	555,441	85,53	269,166	290	99	1
203	134,118	55,57	63,62	19,9	152	99	0.321853257155
205	44,47	1,0	35,15	1,0	106	99	1
206	60,65	1,0	39,27	1,0	112	99	1
207	19,23	3,5	8,13	4,1	105	99	1
208	5,2	517,441	5,2	299,184	253	99	1
209	17,10	18,12	5,0	9,1	113	99	0.434591143476
210	13,13	63,62	5,0	29,14	102	99	0.934197011007
213	16,26	701,625	5,1	330,189	102	99	1
214	5,14	6,7	15,7	8,8	120	99	1
215	108,69	116,90	32,15	62,36	102	99	0.428098223435
216	317,303	13,10	193,83	10,1	110	99	1
217	127,139	1018,1057	133,104	504,347	102	99	0.894323544702
218	35,21	1418,1320	26,12	801,528	123	99	1
219	79,66	15,4	60,36	2,3	111	99	1
220	1,0	0,0	0,0	0,1	107	99	1
221	21,19	12,12	20,11	7,3	102	99	0.625562898368
222	40,18	580,472	2,6	313,183	249	99	1
223	28,23	86,87	32,17	119,46	102	99	1
224	229,191	241,171	140,66	158,84	102	99	1
225	2,3	479,499	4,0	342,222	107	99	1
226	76,93	4,0	60,17	0,0	102	99	1
227	17,17	483,430	9,9	221,153	102	99	1
228	18,11	536,512	21,8	295,170	130	99	1
229	8,5	41,30	6,1	8,9	102	99	1
230	32,38	140,151	8,10	62,54	153	99	1
231	74,95	140,151	39,26	62,54	174	99	1
232	42,60	0,3	32,16	1,0	120	99	1
233	108,80	27,31	50,21	7,7	102	99	1
234	37,10	0,1	18,13	1,0	264	99	1
235	59,65	125,140	25,13	83,62	108	99	0.771004303684
236	0,4	0,0	3,2	1,0	195	99	1
238	10,11	0,0	15,6	1,0	126	99	1
239	128,121	80,44	64,44	40,28	102	99	1
240	153,81	1,4	68,41	0,0	286	99	1
241	13,21	11,3	10,4	2,3	127	99	1
242	26,41	11,3	14,7	2,3	160	99	1
243	17,25	4,5	9,5	5,2	132	99	0.556052654543
244	0,2	53,64	2,2	27,10	102	99	1
245	89,87	0,0	57,33	4,0	144	99	1
246	836,781	1,0	435,289	0,0	106	99	1
247	15496,13602	307,277	8206,5514	242,124	105	99	1
248	1218,1031	307,277	656,436	242,124	204	99	1
249	176,151	14454,12722	80,57	7630,5135	198	99	1
250	2,15	109,74	3,1	39,33	153	99	1
251	6,2	11,21	7,6	9,3	112	99	0.0900543388158
252	97,110	5,6	28,32	3,1	132	99	1
253	10,1	0,2	8,7	0,0	144	99	1
255	103,106	51,77	53,26	35,24	102	99	1
256	7,16	2,4	4,9	3,1	117	99	1
257	47,90	2,4	33,27	3,1	139	99	1
258	42,78	2,4	31,18	2,0	121	99	1
260	1226,1249	22,19	734,496	10,4	409	99	1
261	20,25	127,151	19,16	54,42	139	99	0.918768478052
262	40,30	759,493	24,28	883,525	291	99	1
263	266,231	0,1	154,99	0,0	367	99	1
264	80,75	140,103	53,27	102,43	216	99	1
265	0,0	0,3	0,1	0,0	110	99	1
266	217,194	25,17	119,91	16,8	102	99	1
267	64,48	10,12	35,13	10,7	115	99	0.903952424411
268	202,237	223,169	122,77	75,46	102	99	1
269	470,380	18,14	239,148	16,8	111	99	1
270	284,288	36,18	137,92	11,5	136	99	1
271	84,113	36,18	55,47	11,5	148	99	0.911581036187
272	12,36	212,211	15,9	97,54	111	99	1
273	3,2	79,76	0,0	42,32	105	99	1
274	169,191	5,5	122,59	3,2	287	99	1
275	13,9	3,1	3,0	0,0	111	99	1
277	38,41	0,3	30,12	0,0	459	99	1
278	0,1	1,5	0,3	0,0	102	99	1
280	626,526	0,1	350,209	2,0	240	99	1
281	15,12	48,44	15,5	31,6	111	99	0.780503524745
282	144,120	48,44	103,54	31,6	130	99	0.963744918427
283	130,108	1,0	88,49	0,0	118	99	1
284	12,7	11,9	13,3	5,8	108	99	1
285	413,270	45,18	405,252	22,22	102	99	1
286	325,303	257,200	383,222	220,158	102	99	1
287	125,116	36,18	43,28	24,6	115	99	0.947271315676
288	9,19	157,112	11,2	50,32	110	99	1
289	42,39	5,3	17,6	2,3	110	99	1
290	2355,1852	0,0	1097,607	1,1	257	99	1
292	18,22	3,0	23,7	0,2	159	99	1
293	24,39	181,185	14,13	90,71	113	99	1
294	26,23	70,83	19,10	42,23	102	99	1
295	5,1	110,62	3,1	41,22	104	99	1
296	113,95	25,22	59,61	10,7	118	99	1
297	74,46	26,9	46,21	7,10	112	99	1
298	1623,1283	327,197	988,534	122,67	1641	99	1
299	1575,1246	327,197	949,523	122,67	1628	99	1
300	7,6	181,132	6,6	155,124	241	99	1
301	201,176	13,6	71,41	4,0	108	99	1
302	25,15	9,4	15,4	5,0	102	99	0.845793965878
303	2,0	3,2	4,2	0,0	113	99	0.000169357773453
304	52,51	2,1	19,9	0,0	118	99	1
305	1002,833	770,672	597,396	525,332	162	99	1
306	8,4	12,6	4,1	11,5	112	99	0.45897098514
307	10,4	0,0	5,1	4,0	117	99	0.457538489445
308	14,6	0,0	12,5	4,0	104	99	1
309	159,124	6,2	55,51	1,2	105	99	1
310	39,46	97,125	38,42	46,33	102	99	0.0261516652572
311	27,35	18,19	7,15	6,6	162	99	1
312	2270,1850	0,0	1461,880	0,5	292	99	1
314	49,45	71,79	19,14	21,22	228	99	1
316	75,84	704,608	52,30	468,267	453	99	1
317	3,5	199,133	0,0	81,50	123	99	1
318	1,1	147,104	3,4	40,38	118	99	1
319	40,40	6,4	13,2	3,6	105	99	0.193001807753
321	20,10	74,77	10,2	26,25	276	99	1
323	1367,1332	46,33	865,626	16,11	120	99	1
324	29,24	602,551	24,12	365,244	144	99	1
327	99,91	3,0	68,42	0,0	108	99	1
329	64,52	28,7	22,21	14,4	102	99	1
330	140,153	1,2	69,51	0,0	172	99	1
331	162,172	1,2	74,58	0,0	176	99	1
332	22,24	0,5	5,7	0,0	103	99	1
333	298,317	26,29	126,99	6,0	176	99	0.840041326054
334	974,815	311,235	780,482	101,51	119	99	0.0381004982879
335	49,39	2,2	29,18	0,0	129	99	1
336	47,53	1022,1035	37,32	543,372	108	99	1
337	44,27	51,73	15,18	49,27	109	99	1
338	96,94	40,33	46,22	24,21	172	99	0.542433491165
339	4,14	52,50	1,3	11,7	124	99	1
340	111,104	1,3	47,36	0,0	120	99	1
341	120,105	8,13	50,41	1,2	337	99	0.257212336463
342	13,8	8,13	3,5	1,2	316	99	0.565760651813
343	0,1	15,15	0,0	5,2	118	99	1
345	10,14	9,8	14,9	5,5	104	99	0.860777946341
346	343,302	19,5	321,125	13,3	141	99	1
347	904,677	37,20	447,311	18,14	102	99	1
349	2217,1986	317,200	1692,978	158,96	272	99	1
351	40,25	3,3	23,15	3,3	230	99	1
352	52,31	3274,3547	31,19	1722,1289	255	99	1
353	15,9	3274,3547	11,7	1722,1289	124	99	1
354	16,6	6,6	17,4	10,3	124	99	1
355	75,62	78,46	46,28	26,17	104	99	0.899021254041
357	279,336	0,1	186,128	0,0	212	99	1
358	441,495	2,6	295,176	2,0	212	99	1
359	1104,1082	188,140	497,324	79,44	397	99	1
360	15,22	340,382	10,3	154,105	144	99	1
361	2,3	21,22	6,4	7,5	102	99	0.0195848730295
362	1,0	2604,1975	1,0	1677,952	123	99	1
363	26,25	43,37	4,3	4,5	109	99	1
364	309,289	4,8	145,104	6,4	110	99	1
365	217,171	84,93	147,93	40,30	175	99	0.863009056689
366	308,187	80,73	168,74	24,15	495	99	0.286215596957
367	4,5	2436,2225	3,7	1460,1017	364	99	1
368	75,70	8,9	53,40	3,1	174	99	0.80046340296
369	18,24	626,500	18,6	324,176	110	99	1
370	645,633	1,1	292,198	3,1	114	99	1
371	39,35	40,38	12,8	24,5	116	99	1
372	65,61	19,9	30,20	11,1	159	99	1
373	66,64	19,9	42,17	11,1	142	99	1
375	1,1	387,272	3,0	188,121	113	99	1
376	16,34	0,3	1,0	0,0	103	99	1
377	97,101	0,0	47,32	1,0	350	99	1
378	90,110	116,98	30,20	35,30	135	99	1
379	208,188	3,1	129,49	2,0	145	99	1
381	27,29	665,524	16,11	418,185	378	99	1
382	2,0	31,26	2,0	15,5	112	99	1
383	9,7	8,8	4,3	4,6	102	99	1
385	196,189	710,599	144,124	304,193	220	99	1
386	598,503	146,131	395,248	131,53	135	99	1
387	223,171	2,1	117,71	2,1	108	99	1
388	421,305	1,1	247,157	0,0	144	99	1
389	580,337	1,0	382,178	0,0	218	99	1
391	25,14	165,154	10,6	70,48	137	99	1
392	24,14	3,0	10,5	0,0	137	99	1
393	99,114	4,4	55,30	1,0	105	99	1
395	128,105	14,11	69,38	6,4	192	99	1
396	799,478	176,105	420,177	127,69	102	99	1
397	292,141	12,8	185,78	5,1	225	99	1
400	243,225	2,21	138,69	2,5	102	99	1
401	56,45	791,532	27,22	410,179	112	99	1
403	32,44	2,1	9,7	0,0	273	99	1
404	37,40	276,347	14,9	154,111	577	99	1
405	4,1	596,444	4,0	358,161	102	99	1
406	7,8	418,336	9,10	251,157	239	99	1
407	56,61	242,171	8,4	147,75	102	99	0.00607086642921
408	24,25	890,800	11,9	470,250	201	99	1
409	0,2	9,7	1,0	8,2	108	99	1
410	2,4	194,166	0,0	144,58	120	99	1
411	343,378	204,229	194,117	110,80	135	99	1
413	5,4	1,4	3,0	0,0	108	99	1
414	214,235	6,9	135,77	10,9	110	99	1
415	115,86	90,100	22,15	17,10	102	99	1
417	123,113	4,0	63,31	0,0	108	99	1
418	184,146	8,6	68,32	0,0	108	99	1
419	149,110	3,5	47,31	7,1	104	99	1
420	113,75	3,1	43,32	1,1	123	99	1
423	83,87	122,105	66,47	133,94	108	99	1
424	17,9	36,22	5,7	11,6	122	99	1
425	2,3	1,3	2,0	1,0	233	99	1
426	10,4	0,3	1,3	0,0	129	99	1
427	750,567	2,1	446,238	0,4	173	99	1
428	125,106	420,439	70,47	164,129	102	99	1
429	33,21	548,504	9,8	289,192	111	99	1
430	18,24	0,1	20,8	0,0	103	99	1
431	232,177	192,179	153,69	53,31	103	99	0.00924761899035
432	30,28	4,1	20,9	0,3	103	99	1
433	62,71	6,19	23,19	0,0	449	99	9.37739478291e-07
435	1040,954	1078,796	639,479	417,193	555	99	1
436	0,2	14,22	1,5	0,5	102	99	0.0208788980521
437	1335,1160	980,829	1307,703	743,454	142	99	1
438	39,50	28,19	15,8	13,15	108	99	0.262172403066
439	1,5	55,46	3,3	42,34	120	99	1
440	21,15	148,159	1,6	86,54	102	99	1
441	9,1	148,133	7,1	58,42	141	99	1
442	7,7	61,74	5,1	40,16	102	99	1
443	26,10	51,46	3,1	39,13	111	99	0.0674870225123
444	40,18	285,296	32,16	101,82	114	99	0.940365370479
446	20,5	77,44	1,1	36,16	107	99	0.219285827873
447	4568,3759	63,62	2352,1587	34,24	102	99	1
448	17,10	14,17	11,0	0,2	114	99	0.530013334841
449	0,0	30,33	3,0	15,10	102	99	1
451	196,140	0,1	61,38	0,0	105	99	1
452	37,32	53,43	23,9	18,14	102	99	1
453	12,5	181,171	3,6	145,109	117	99	1
454	114,112	1,0	67,37	3,0	558	99	1
455	8,13	71,48	8,3	31,34	133	99	1
456	162,146	5,8	61,60	1,4	594	99	1
457	37,35	7,4	3,7	3,3	334	99	0.0805125907181
458	36,28	11,5	23,13	10,4	160	99	1
459	36,44	16,5	21,37	5,8	116	99	1
461	3,5	52,58	2,0	20,11	111	99	1
462	71,62	166,204	28,16	79,65	102	99	1
463	61,35	14,13	17,11	11,4	102	99	0.835731306301
464	6,1	38,45	0,2	22,14	247	99	1
465	1,4	7,6	6,3	5,3	108	99	0.198888107697
466	0,4	3,5	0,0	6,6	102	99	0.707524000682
469	454,301	25,13	293,151	17,7	141	99	1
470	37,26	159,113	23,15	67,50	102	99	1
471	14,18	65,55	5,5	26,15	102	99	1
473	1,0	11,19	0,0	2,4	117	99	1
476	387,295	927,945	408,226	413,279	381	99	0.810611919281
477	964,741	1,10	363,254	2,0	117	99	1
478	104,113	7,2	33,35	2,2	105	99	1
480	91,50	7,4	45,37	6,0	154	99	1
481	114,66	430,339	62,46	209,213	157	99	1
482	121,73	176,123	69,47	92,66	160	99	1
483	30,20	430,339	23,9	209,213	102	99	1
484	37,27	176,123	30,10	92,66	105	99	1
485	437,346	176,123	216,214	92,66	102	99	1
486	3,0	6,4	3,1	6,1	115	99	0.849961221946
487	14,3	24,20	6,2	6,8	137	99	1
488	16,6	0,0	7,7	1,1	150	99	0.383455494507
489	45,12	0,1	11,13	0,0	178	99	1
490	17,7	24,20	9,2	6,8	121	99	1
491	19,10	0,0	10,7	1,1	134	99	1
492	48,16	0,1	14,13	0,0	162	99	1
493	26,23	0,0	7,13	1,1	112	99	1
494	55,29	0,1	11,19	0,0	140	99	1
495	29,6	0,1	5,7	0,0	127	99	1
496	50,52	1,1	30,19	0,0	118	99	1
497	10876,7723	127,79	4951,2726	56,22	118	99	1
498	11323,8103	70,41	5158,2859	32,18	128	99	1
499	574,459	70,41	263,155	32,18	109	99	1
500	38,42	6956,6415	19,14	3479,2196	102	99	1
501	759,788	15,7	391,288	10,5	139	99	1
502	163,178	1,1	94,53	0,2	103	99	1
503	4,9	29,68	5,3	29,18	121	99	1
504	9,8	64,48	12,6	38,29	109	99	1
505	82,70	1,0	20,26	0,0	158	99	1
506	43,31	15,18	16,7	7,6	104	99	1
507	133,127	15,18	49,41	7,6	163	99	1
508	127,120	37,24	46,39	13,5	158	99	1
509	27,26	1387,1305	14,6	813,505	251	99	1
510	4,5	85,60	6,1	59,30	116	99	1
511	20,26	177,164	10,7	99,64	138	99	1
512	427,442	1022,1187	267,187	506,337	108	99	1
514	66,80	155,138	23,40	99,62	140	99	1
515	226,194	0,1	96,85	0,0	129	99	1
516	615,544	62,62	374,194	24,18	114	99	1
517	11,7	2,3	3,1	0,3	275	99	1
518	0,1	0,0	0,0	1,0	103	99	1
519	164,149	3,0	97,46	0,1	129	99	1
520	30,22	30,34	13,11	11,7	102	99	0.707849404542
522	19,33	21,27	10,12	12,7	102	99	1
523	10,14	881,894	3,1	470,277	236	99	1
524	123,108	12,2	118,76	2,5	453	99	1
525	40,35	57,37	22,28	39,24	110	99	1
526	712,496	651,485	610,356	349,214	102	99	0.554760212708
527	214,175	1292,1038	236,113	841,456	114	99	1
528	80,72	89,63	29,17	35,25	112	99	1
529	1,0	8,2	0,0	5,4	118	99	1
531	27,24	13,11	20,11	4,2	130	99	0.295992914565
532	0,5	0,1	1,1	0,0	105	99	1
534	5,3	193,164	3,2	123,65	118	99	1
536	47,59	1,2	41,25	0,0	145	99	1
537	155,171	23,23	73,60	16,14	113	99	1
538	183,194	53,36	140,91	23,15	109	99	1
541	119,141	8,9	90,62	6,0	126	99	1
543	0,2	64,82	0,0	30,22	168	99	1
545	156,144	81,55	77,54	42,19	121	99	1
546	8,7	1,0	0,2	2,0	123	99	0.860491132906
547	5,5	148,135	1,2	75,44	102	99	1
548	25,19	3,8	18,8	2,1	102	99	1
549	119,99	69,84	22,24	29,25	102	99	0.633862716606
550	36,37	30,26	35,16	18,10	361	99	1
551	43,38	115,88	39,24	56,40	617	99	1
552	808,664	2,0	348,272	0,0	116	99	1
553	515,535	3,6	197,127	1,4	114	99	1
554	488,583	11,19	213,120	5,5	105	99	1
556	372,282	5,9	227,127	7,0	213	99	1
558	99,83	1290,1241	37,23	694,484	303	99	1
560	26,16	761,455	21,8	546,271	367	99	1
561	425,490	2,1	217,198	0,0	103	99	1
562	3,5	209,174	3,2	125,80	105	99	1
564	109,67	12,8	186,132	11,18	487	99	1
565	14,8	116,94	3,1	62,41	118	99	1
566	2006,1268	6,3	860,549	4,1	105	99	1
567	153,138	17,19	148,74	33,12	108	99	1
568	250,181	0,0	198,107	18,3	182	99	1
569	671,505	212,236	514,265	154,100	1166	99	1
570	1,1	3,1	1,1	1,1	108	99	0.172049321281
571	252,218	28,5	122,93	0,0	795	99	0.00217086228795
572	107,91	6,4	37,34	7,1	205	99	1
574	355,272	124,149	162,111	85,64	225	99	1
575	212,231	24,32	121,63	12,16	105	99	1
577	59,54	21,13	21,10	6,1	105	99	1
578	95,97	21,13	49,21	6,1	108	99	1
579	84,77	48,34	43,19	15,8	102	99	1
582	476,480	2,0	160,106	0,0	298	99	1
583	1,8	1,1	0,0	0,1	111	99	1
585	245,188	2,2	111,86	0,0	514	99	1
586	103,92	4,0	47,29	0,0	114	99	1
588	1,0	7,5	3,3	8,2	141	99	1
589	20,22	0,0	9,8	1,0	232	99	1
590	18,26	6,4	19,11	5,5	232	99	0.973293046075
592	21,11	608,623	8,5	263,171	292	99	1
593	156,184	4,5	71,72	0,0	162	99	1
594	2,2	119,116	2,1	46,35	105	99	1
595	179,168	0,0	59,52	2,0	722	99	1
596	886,969	1235,893	586,424	674,327	624	99	1
597	99,98	177,142	80,61	102,60	110	99	1
598	81,86	153,114	32,33	72,51	102	99	1
599	212,243	18,25	86,78	8,10	102	99	1
600	13,14	5,1	11,10	1,1	119	99	1
602	170,168	19,13	149,92	9,3	134	99	1
603	766,614	352,327	485,319	139,98	102	99	0.864426996517
604	34,17	7,2	12,10	1,2	174	99	1
607	53,43	9,15	31,10	0,2	110	99	0.0338890592006
609	62,22	7,4	35,13	4,1	112	99	1
610	42,34	12,4	54,20	9,8	271	99	1
612	9,2	107,69	3,1	32,19	112	99	1
613	3,9	5,5	9,2	3,3	121	99	0.931011982728
614	10,27	199,201	0,1	41,37	113	99	1
615	53,42	8,4	31,21	8,5	102	99	1
616	1,0	0,2	1,0	0,0	105	99	1
617	1,3	164,195	1,2	98,69	110	99	1
618	6,7	1,1	3,2	0,0	130	99	0.443589898004
620	120,75	24,9	41,23	4,6	379	99	1
621	3,1	282,236	6,3	145,91	171	99	1
623	11,8	96,91	2,4	42,23	289	99	1
624	91,91	8,2	12,22	4,2	111	99	1
625	187,110	1,0	95,41	0,0	113	99	1
629	6,7	0,0	8,3	0,1	102	99	1
630	4,1	36,13	2,0	31,15	111	99	1
631	7,1	59,45	8,5	34,37	115	99	1
632	1,5	1,0	1,1	2,0	150	99	1
633	9,2	169,134	2,2	78,35	123	99	1
634	6,10	31,27	1,0	17,17	145	99	0.349103101318
636	29,24	53,52	7,6	68,46	324	99	1
638	212,205	98,102	121,110	54,45	102	99	1
639	3616,2533	52,37	1777,774	10,15	102	99	1
641	113,82	63,42	49,41	80,51	110	99	0.00380075830975
642	31,31	4,7	12,15	10,1	105	99	1
643	83,73	135,115	63,23	107,69	102	99	1
645	15,17	66,37	5,6	9,5	172	99	0.702878373405
646	464,442	119,125	207,121	39,39	129	99	1
647	673,595	3,0	241,155	0,0	105	99	1
648	8,2	21,6	1,2	5,0	138	99	0.631405394837
649	465,341	31,20	219,146	6,7	102	99	1
650	83,54	121,78	42,25	56,29	102	99	1
651	8,9	147,124	4,3	81,40	110	99	1
653	0,1	200,134	8,3	106,74	132	99	1
654	276,304	51,49	143,67	17,17	314	99	1
655	21,6	85,60	22,7	41,36	200	99	1
656	5,7	20,14	7,8	8,7	104	99	0.190872430286
657	180,136	11,9	81,51	7,2	102	99	1
658	743,686	76,56	215,193	35,28	110	99	1
659	92,69	0,1	40,33	0,1	125	99	1
660	5741,4316	18,9	3593,1914	5,2	109	99	1
662	13,37	10,14	13,6	1,0	105	99	0.000388779266846
663	212,210	18,24	105,70	4,6	111	99	1
664	59,38	171,153	9,9	57,40	102	99	1
665	24,25	3,3	7,6	0,0	137	99	0.604643842116
666	18,19	0,1	6,3	0,0	137	99	1
667	82,68	46,47	43,22	26,17	123	99	1
668	14,15	208,185	13,8	81,60	112	99	1
669	91,62	80,79	13,22	44,28	115	99	0.417490506278
670	83,79	8,7	50,31	1,0	111	99	1
671	4723,3701	5,6	2689,1773	2,0	102	99	1
672	26,24	159,138	32,15	147,76	114	99	1
673	9336,8410	0,1	5761,3666	0,0	234	99	1
674	63,113	2205,2370	59,50	1342,877	119	99	1
675	3,18	0,0	3,5	1,0	111	99	1
676	51,26	4,1	24,14	3,1	102	99	1
677	37,27	219,276	10,5	124,72	105	99	1
678	268,332	17,20	113,65	9,4	105	99	1
679	1055,1076	1,2	484,330	0,0	132	99	1
680	83,49	18,25	16,6	7,7	110	99	0.668867432287
681	6,13	10,7	8,1	6,2	105	99	1
682	11,8	10,7	2,3	6,2	108	99	0.65706648245
683	11,5	6,10	1,3	7,1	102	99	0.773097526109
685	23,4	208,206	6,5	89,73	147	99	1
686	46,57	23,25	16,4	9,3	164	99	1
687	100,92	21,17	63,43	6,11	107	99	1
688	67,54	16,13	50,30	8,2	109	99	0.904137115659
689	20,29	93,61	18,4	34,29	102	99	1
690	295,311	0,0	148,122	0,1	259	99	1
691	598,671	33,22	352,263	25,10	182	99	1
692	460,461	22,24	217,138	4,18	144	99	1
693	61,39	2,0	36,12	0,1	110	99	1
694	31,24	221,198	16,2	92,62	132	99	1
695	621,648	8,8	336,195	3,2	134	99	1
697	15,7	96,75	10,12	35,29	102	99	0.502658544477
698	0,1	54,36	1,0	16,12	159	99	1
699	28,26	43,31	19,17	35,29	105	99	1
700	8,10	35,30	2,4	15,10	131	99	1
701	108,80	0,2	81,28	0,0	105	99	1
703	88,56	1,5	75,38	2,0	107	99	1
704	472,416	1,5	387,225	2,0	129	99	1
705	431,398	47,38	360,216	48,29	121	99	1
706	62,62	1434,1341	24,23	903,600	260	99	1
707	218,270	884,903	174,95	402,355	880	99	1
708	32,54	1,1	8,14	1,0	118	99	1
710	1085,896	340,253	585,359	329,158	836	99	1
711	113,131	340,253	129,86	329,158	113	99	1
712	370,367	340,253	240,171	329,158	362	99	1
713	348,342	91,106	209,149	98,64	348	99	0.727805593225
714	1063,871	91,106	554,337	98,64	822	99	0.280873629214
715	818,625	103,96	418,234	73,46	573	99	1
716	170,125	294,251	103,67	159,91	102	99	1
717	82,61	380,284	49,40	192,131	130	99	1
718	27,22	174,119	7,8	112,46	105	99	1
720	53,32	166,106	26,18	103,46	185	99	1
721	36,31	897,852	37,31	402,296	290	99	1
722	510,571	1,0	178,144	0,0	465	99	1
723	9,13	429,369	6,8	244,140	303	99	1
724	191,195	103,113	82,65	59,33	102	99	1
725	13,6	56,47	2,0	25,9	119	99	1
726	79,46	652,500	32,6	324,152	290	99	1
727	20,22	4,2	3,7	0,4	102	99	1
728	145,114	1,0	89,46	0,0	340	99	1
729	3,1	5,9	4,2	14,10	119	99	1
730	774,426	35,24	1991,1103	108,57	136	99	1
731	9,6	224,149	9,1	96,63	102	99	1
732	50,23	15,16	25,15	5,1	378	99	0.157015954532
733	64,32	28,30	35,17	24,29	393	99	1
734	29,25	28,30	15,3	24,29	114	99	0.105948508125
735	47,13	20,22	9,13	17,9	194	99	1
736	0,1	17,17	3,0	5,1	105	99	1
737	108,106	13,6	54,52	1,2	138	99	1
738	1,3	148,83	2,0	133,37	102	99	1
739	19,5	25,6	12,4	7,12	102	99	1
740	831,643	273,259	668,458	128,99	317	99	0.171673812792
741	245,145	5,2	19,28	1,0	208	99	1
743	1,7	191,152	14,5	120,50	305	99	1
744	324,303	91,100	146,98	28,35	527	99	1
745	23,14	2917,1925	11,7	1536,751	153	99	1
746	199,131	65,50	78,39	25,21	110	99	1
747	91,92	161,204	59,33	134,81	301	99	1
748	5,3	123,66	1,0	63,37	102	99	1
749	117,122	7,14	60,44	10,3	106	99	1
750	7,1	399,348	1,4	149,124	327	99	1
752	30,16	128,128	9,3	72,37	162	99	1
753	5,14	1205,850	2,7	727,367	126	99	1
754	18,13	0,0	8,8	0,1	102	99	1
755	26,41	5,6	13,8	11,1	116	99	0.576524221959
756	252,209	20,10	160,80	14,4	114	99	1
757	4568,4353	0,1	2515,1587	0,0	587	99	1
761	105,49	13,4	117,66	7,7	1086	99	1
762	27,30	9,0	38,30	0,1	299	99	0.31783324386
764	417,420	0,2	180,152	7,0	103	99	1
765	80,58	28,9	25,15	14,5	163	99	0.682782851775
766	49,46	54,50	32,15	22,18	113	99	1
767	24,16	24,28	17,5	10,6	115	99	0.712490035154
768	6,1	0,4	0,0	2,0	104	99	1
770	0,0	16,13	0,1	9,2	174	99	1
771	256,236	5,5	131,63	0,0	143	99	1
772	26,12	314,232	6,2	203,67	102	99	1
773	21,14	57,39	11,10	24,10	117	99	0.882829085225
774	79,54	0,1	30,23	1,0	331	99	1
775	10,8	7,0	9,0	0,0	128	99	1
776	10,12	5,4	9,0	8,1	142	99	0.275567818602
777	7,4	5,4	0,0	8,1	113	99	4.56973308839e-05
778	5,8	85,74	4,11	34,16	123	99	0.708427795744
779	1,0	4,5	0,0	4,0	117	99	1
780	282,281	0,2	119,138	0,0	165	99	1
782	138,140	0,2	120,72	3,0	440	99	1
787	71,78	3,1	40,21	3,1	112	99	1
788	299,224	0,1	147,80	0,0	509	99	1
789	13,11	105,72	9,1	47,10	216	99	1
791	175,278	0,1	70,47	0,0	800	99	1
792	236,219	48,51	117,87	21,15	102	99	1
793	12,9	2,1	3,5	3,1	119	99	0.629955074231
795	241,205	1,0	115,98	0,1	106	99	1
796	2,0	1,0	2,1	1,0	159	99	1
797	2,2	1,3	2,1	0,1	173	99	0.00783138511804
798	1,2	1,3	1,0	0,1	113	99	0.040592873296
799	2,5	0,1	3,1	0,1	173	99	1
800	2,3	0,0	5,0	2,3	102	99	0.0158803085074
801	9,8	6,22	5,1	3,1	102	99	0.57459631255
802	6,10	658,596	5,1	362,228	177	99	1
803	12,14	61,40	0,3	9,17	122	99	0.472643921802
805	64,52	146,144	40,21	83,67	102	99	1
806	924,755	0,1	534,310	4,0	123	99	1
807	18,7	29,26	2,4	27,20	109	99	0.162177461891
809	9,12	13,27	13,10	3,1	490	99	0.0054869619163
811	424,392	2,1	206,130	2,0	112	99	1
812	12,11	82,54	8,4	29,12	102	99	1
813	42,14	49,51	16,4	22,11	102	99	1
814	66,58	7,16	27,11	22,7	117	99	0.0093717820346
815	366,303	6,7	334,308	0,2	611	99	1
816	965,744	4,11	726,303	7,3	141	99	1
817	1918,1451	3,1	1394,617	4,2	162	99	1
818	957,718	3,1	675,317	4,2	120	99	1
819	813,646	5,3	640,252	1,1	141	99	1
820	1766,1353	1,2	1308,566	2,0	162	99	1
821	958,710	1,2	669,315	2,0	120	99	1
822	1303,961	1217,743	946,418	825,267	120	99	1
823	35,23	114,109	12,3	11,10	105	99	0.511469842867
824	143,115	3,4	115,93	5,3	103	99	1
825	19,18	45,44	10,13	17,6	103	99	0.298295094671
826	78,91	2,5	51,34	1,0	102	99	1
828	360,326	1,0	147,106	0,0	103	99	1
830	394,319	33,16	175,102	17,9	102	99	1
832	336,243	106,76	163,74	67,42	129	99	1
833	191,216	2,0	103,67	0,0	106	99	1
834	70,67	149,137	37,20	97,52	102	99	1
835	143,98	55,50	61,58	36,14	124	99	1
836	99,98	19,18	62,54	7,10	124	99	1
837	169,171	0,2	168,64	0,1	216	99	1
838	1157,812	267,243	491,304	172,134	105	99	1
839	61,56	21,17	22,23	8,6	104	99	1
840	1214,1159	251,232	539,397	106,82	102	99	1
841	43,20	1,0	16,14	0,2	163	99	1
842	6,5	221,149	2,0	67,51	141	99	1
843	210,166	4,16	86,80	4,6	127	99	1
844	0,0	65,56	2,0	33,21	117	99	1
845	53,50	31,27	31,17	37,30	145	99	0.0533703019621
846	6,9	359,326	6,9	185,130	103	99	1
847	3,4	27,21	3,3	10,7	103	99	0.975142866649
848	361,235	21,3	150,101	4,1	105	99	1
850	4,2	2,0	2,4	0,0	171	99	1
851	0,0	2,0	0,1	0,0	102	99	1
852	4,1	6,9	1,0	4,1	168	99	1
853	8,5	22,21	1,6	6,11	182	99	1
855	10,13	22,21	4,7	6,11	113	99	1
858	20,10	469,352	12,4	230,162	126	99	1
859	5,6	401,394	3,1	193,146	102	99	1
860	179,130	19,27	94,62	11,12	139	99	1
861	0,3	0,2	0,0	0,2	141	99	1
862	76,115	111,141	62,46	72,53	102	99	1
863	38,21	7,4	22,3	4,0	111	99	1
864	3,2	57,30	4,5	3,7	103	99	0.00519161783222
865	0,4	119,108	0,0	67,48	129	99	1
866	5,6	3,7	2,3	3,3	132	99	1
867	124,110	3,7	69,51	3,3	102	99	1
868	26,12	393,288	9,9	235,148	145	99	1
869	27,22	0,3	8,0	0,0	112	99	1
871	4,13	505,505	2,2	305,179	234	99	1
874	59,53	32,62	12,10	21,12	105	99	0.537781994735
875	104,98	9,11	39,42	1,2	311	99	0.352200899402
876	35,24	15,24	39,25	13,4	102	99	0.24126433959
877	9,2	17,16	15,6	16,5	102	99	0.119571465374
878	228,192	7,11	103,75	17,11	136	99	0.552273732384
879	266,221	1,3	142,97	2,7	338	99	1
880	49,21	87,64	7,7	42,24	130	99	0.618805170982
882	38,28	331,296	10,9	191,105	111	99	1
883	110,91	154,156	64,39	118,60	384	99	1
885	19,10	215,194	11,6	108,57	102	99	1
887	57,62	81,82	25,22	46,36	102	99	1
888	1,0	21,14	0,0	12,10	114	99	1
889	266,202	17,12	157,78	17,10	113	99	1
890	4,1	28,33	0,1	14,9	137	99	1
891	19,6	336,227	11,7	257,178	111	99	1
892	356,320	8,5	253,111	11,1	102	99	1
894	224,198	4,1	120,91	4,1	109	99	1
896	1,0	11,4	0,0	7,1	116	99	1
897	401,366	1,0	208,135	0,0	108	99	1
898	30,50	54,40	24,18	12,17	417	99	1
900	1369,1086	3,0	246,206	1,0	458	99	1
901	68,75	680,680	18,10	497,303	102	99	1
902	352,287	3,1	227,155	2,6	111	99	1
903	26,8	1,4	10,6	1,0	135	99	0.834952760796
904	62,59	88,83	37,13	71,26	105	99	1
905	343,327	0,0	175,111	0,1	119	99	1
906	68,57	48,37	44,26	33,25	102	99	1
907	184,123	39,40	123,57	24,10	105	99	1
908	228,182	115,78	136,90	31,26	139	99	0.369144073584
910	387,266	88,59	538,265	59,28	119	99	1
911	180,137	432,359	88,60	674,348	102	99	0.0158130415891
912	211,192	15,10	195,99	12,5	103	99	1
913	65,81	12,4	30,20	11,7	142	99	0.148556117907
914	12,16	192,170	8,6	119,96	110	99	1
915	15,28	12,6	21,11	13,6	111	99	1
916	91,107	884,824	64,44	309,207	128	99	1
921	32,27	526,664	43,23	406,270	102	99	1
922	19,10	3,2	8,8	1,5	105	99	1
923	27,17	0,0	11,3	0,1	105	99	1
924	20,30	0,8	16,2	1,1	102	99	1
925	40,52	0,4	29,25	0,0	298	99	1
926	19,18	170,134	16,4	65,40	108	99	1
927	1,0	52,45	3,0	37,26	111	99	1
928	202,163	8,15	171,116	21,2	754	99	1
929	113,97	6,8	70,34	8,2	112	99	1
930	199,163	91,78	117,59	42,29	102	99	1
931	499,403	45,26	412,254	21,13	113	99	1
932	18,12	31,27	11,3	20,12	253	99	1
933	64,65	1058,1024	48,19	594,325	340	99	1
935	8,20	0,0	1,2	1,1	106	99	0.427800015549
937	7,16	29,21	2,6	3,6	108	99	0.720370721083
938	123,114	39,34	67,32	21,9	111	99	1
939	4,1	3,0	3,2	0,0	269	99	0.366716965632
941	6,16	1,2	2,5	0,0	102	99	1
942	0,0	6,8	1,0	6,7	135	99	1
943	5,4	171,142	3,0	51,65	138	99	1
944	118,110	36,72	43,32	45,47	105	99	0.035310353352
945	242,246	71,59	155,70	49,47	102	99	0.96971409765
946	84,66	3,0	61,20	0,0	114	99	1
947	0,4	64,62	0,2	24,13	207	99	1
948	137,88	0,1	43,31	1,0	103	99	1
951	0,1	37,23	1,1	16,10	120	99	1
952	1,5	102,98	2,3	66,31	145	99	1
953	121,111	2,0	99,67	0,0	150	99	1
957	5,7	62,44	4,0	33,17	102	99	1
958	1,0	28,40	0,0	10,6	102	99	1
959	323,273	45,36	133,65	11,8	116	99	1
960	59,65	165,138	49,37	110,70	123	99	1
961	1104,797	1,5	635,494	1,2	103	99	1
962	21,5	69,51	6,4	44,13	117	99	1
963	1032,899	465,424	652,347	160,75	102	99	0.225017383491
964	0,0	1,0	1,0	0,0	102	99	1
966	422,391	0,1	409,271	0,0	775	99	1
967	0,2	164,138	1,0	100,63	113	99	1
969	58,86	158,145	41,50	86,49	111	99	1
970	2,17	6,4	14,6	0,0	105	99	0.0235014493992
972	1707,1297	0,1	619,380	1,0	111	99	1
973	4,5	46,53	5,4	38,56	224	99	1
975	307,272	4,3	153,57	4,0	117	99	1
976	466,374	181,144	231,145	174,108	102	99	0.119013569177
977	29,26	799,575	25,14	350,222	108	99	1
978	683,575	0,0	349,229	2,0	103	99	1
979	22,21	74,61	16,8	22,18	102	99	0.733340283106
981	81,108	248,145	32,26	138,48	248	99	1
982	1132,1034	20,8	675,432	15,3	255	99	1
983	1,0	2,3	2,0	0,0	113	99	1
984	1610,1625	0,1	1296,883	0,0	160	99	1
987	99,112	14,12	56,53	1,0	104	99	1
988	72,77	13,10	68,43	6,3	122	99	1
989	27,27	118,105	17,17	76,31	110	99	1
990	24,23	29,40	18,17	10,6	142	99	0.0361694516459
991	30,40	4,2	25,21	13,3	156	99	0.187465777342
992	35,57	4,2	17,10	13,3	113	99	0.00974477119312
993	86,81	63,58	53,32	52,32	602	99	1
996	66,45	5,1	27,13	2,0	116	99	1
997	72,68	3,0	33,31	3,4	133	99	1
998	195,223	0,0	100,66	1,0	116	99	1
999	0,0	12,11	2,0	6,4	123	99	1
1000	1,1	5,1	2,0	0,0	102	99	1
1001	320,329	59,72	142,60	33,17	194	99	1
1007	49,30	28,8	21,6	1,3	110	99	0.232502037062
1008	60,68	10,13	27,20	9,2	110	99	1
1009	125,124	31,11	92,55	7,2	107	99	1
1011	33,27	12,26	22,13	12,8	112	99	1
1012	67,45	33,19	23,12	13,14	154	99	0.682878713562
1013	358,348	55,65	248,207	54,30	2617	99	1
1014	1795,1446	180,168	1310,799	74,44	903	99	0.0922450157718
1015	84,53	812,696	44,20	439,269	422	99	1
1017	31,33	40,22	28,14	31,22	172	99	1
1020	13,19	104,85	23,12	94,40	108	99	1
1021	321,346	112,139	166,95	119,54	108	99	0.472218171425
1023	1,2	37,31	0,0	17,14	120	99	1
1024	11,15	4,0	6,8	0,0	136	99	1
1025	9,13	124,96	9,4	48,43	120	99	1
1026	297,307	0,0	217,149	0,1	283	99	1
1027	130,122	0,2	40,36	3,0	109	99	1
1028	1,5	30,20	2,0	43,16	115	99	1
1029	1607,1294	17,13	605,360	14,9	111	99	1
1030	50,42	1509,1236	9,11	553,365	301	99	1
1031	81,73	56,59	46,28	33,24	103	99	1
1032	1,0	33,8	1,0	9,6	125	99	1
1033	232,229	3601,2478	230,176	1551,838	476	99	1
1034	35,28	0,1	13,8	0,0	321	99	1
1035	5,7	36,21	5,2	8,8	108	99	1
1036	43,28	68,76	19,19	20,20	104	99	0.422286613125
1037	105,117	3,1	46,41	6,0	108	99	1
1038	28,21	175,143	14,8	117,70	110	99	1
1039	273,250	151,164	180,90	73,62	156	99	1
1041	24,25	215,159	17,10	149,87	109	99	1
1042	512,583	8,5	315,182	5,5	109	99	1
1043	29,10	563,465	4,3	276,183	119	99	1
1044	2,2	66,66	3,0	26,22	102	99	1
1045	45,45	1,0	16,10	0,0	501	99	1
1046	119,108	0,2	72,39	0,0	101	99	1
1047	14,17	185,232	3,5	106,83	280	99	1
1048	147,135	30,63	55,36	18,8	138	99	1
1049	0,4	191,112	3,3	88,42	159	99	1
1050	154,134	0,1	85,26	0,0	115	99	1
1051	16,4	110,116	4,5	83,39	272	99	1
1052	188,207	0,0	130,74	1,0	101	99	1
1053	6,13	221,218	4,2	125,83	117	99	1
1055	347,359	1,4	286,197	3,2	104	99	1
1056	328,415	3,4	93,97	0,0	101	99	1
1057	1723,1397	8,7	1133,522	9,5	102	99	1
1058	27,8	83,98	1,3	45,27	102	99	0.690150934487
1059	27,21	598,600	9,9	247,157	111	99	1
1060	126,91	1,0	51,31	0,0	295	99	1
1062	9,4	495,511	10,2	274,161	102	99	1
1063	321,309	343,326	88,94	211,161	102	99	0.115315293122
1064	583,588	53,50	299,234	30,11	102	99	1
1065	14,10	5,0	12,4	4,0	102	99	1
1066	16,13	41,55	14,4	31,18	111	99	1
1067	7,3	41,55	6,0	31,18	108	99	1
1068	314,259	361,343	192,133	273,150	102	99	1
1069	5686,4524	0,0	2683,1887	1,0	430	99	1
1070	0,5	56,52	7,1	28,20	110	99	1
1071	244,165	3,0	107,50	0,4	107	99	1
1072	25,18	0,1	20,5	1,2	103	99	1
1073	113,126	39,23	69,54	12,8	102	99	1
1075	17,14	870,862	10,6	381,274	114	99	1
1076	99,63	81,105	22,13	75,37	105	99	0.0553974888764
1077	60,62	15,9	26,24	4,1	129	99	0.820330748179
1078	11,7	1,0	1,1	0,0	120	99	1
1079	1,2	99,78	0,0	54,18	102	99	1
1080	58,18	374,353	24,7	167,109	117	99	1
1081	62,44	73,53	23,13	66,30	102	99	0.121102534942
1082	253,246	13,5	133,73	5,9	103	99	1
1083	17,17	56,52	6,3	29,17	114	99	1
1084	823,757	57,68	471,288	11,11	102	99	1
1085	391,422	5,1	273,246	2,2	282	99	1
1086	69,56	5,2	40,14	1,0	162	99	1
1087	5,7	10,10	5,2	4,4	102	99	1
1088	83,70	22,23	50,26	19,19	102	99	0.852452412088
1089	230,210	2,0	90,70	0,0	188	99	1
1090	4,3	24,29	1,1	27,12	124	99	1
1091	9,8	58,91	3,1	40,41	127	99	1
1092	29,34	58,91	29,12	40,41	102	99	1
1093	28,26	0,2	1,5	0,0	102	99	1
1094	24,15	0,1	8,3	0,0	108	99	1
1096	28,12	227,221	4,2	99,89	126	99	1
1097	48,41	13,6	49,26	6,6	396	99	1
1102	23,26	98,141	3,6	29,38	446	99	1
1103	48,40	0,1	41,19	0,2	110	99	1
1105	24,28	9,10	5,8	10,4	102	99	0.293229309245
1106	69,55	18,19	72,28	4,3	355	99	0.00788351488473
1107	164,155	32,13	151,59	8,4	669	99	0.245458020144
1109	142,132	2165,2024	70,35	1277,795	117	99	1
1110	27,15	112,121	13,12	79,47	143	99	1
1113	52,32	22,23	22,6	4,4	132	99	0.657243313046
1114	56,101	12,17	29,38	2,1	104	99	0.334077631518
1115	210,195	1,1	103,59	2,0	103	99	1
1116	474,361	20,19	234,157	25,8	204	99	1
1117	14,7	31,26	9,4	15,10	106	99	1
1119	13,1	48,40	4,1	21,17	114	99	1
1122	145,117	11,6	58,46	4,0	118	99	1
1123	27,10	139,75	3,8	74,39	102	99	1
1124	115,79	139,127	55,32	72,38	386	99	1
1125	742,526	507,552	384,235	265,158	235	99	1
1126	13,19	241,250	18,25	113,73	283	99	1
1127	8,0	46,32	0,0	30,22	102	99	1
1128	837,527	144,95	408,255	56,26	102	99	1
1129	443,298	4,2	213,135	3,1	106	99	1
1130	337,218	6,10	192,99	2,0	141	99	1
1131	285,220	1474,1047	295,131	610,337	102	99	0.108976249056
1132	87,31	23,16	16,13	17,15	102	99	0.0339961851842
1133	627,582	109,98	283,193	68,45	102	99	1
1134	384,239	1,3	213,109	1,0	134	99	1
1136	114,116	9,16	128,79	1,0	502	99	7.25963732462e-07
1137	160,176	6,2	193,86	0,1	823	99	0.558477479295
1138	10,5	51,40	4,5	25,18	115	99	1
1139	2,2	175,184	17,8	94,56	115	99	0.766495627816
1141	166,145	4,1	59,29	0,1	108	99	1
1142	174,159	72,94	97,46	46,30	166	99	1
1143	3,5	45,56	3,3	39,12	124	99	1
1144	210,198	4,6	114,62	0,3	111	99	1
1145	18,21	174,167	7,5	56,54	102	99	1
1146	291,309	23,9	127,79	4,2	177	99	1
1147	154,170	62,46	69,36	36,12	125	99	1
1148	30,40	1,0	18,11	0,0	125	99	1
1149	3316,3113	100,98	2383,1402	70,25	102	99	1
1150	3445,3225	1,3	2476,1429	2,0	105	99	1
1151	3660,3372	39,26	2645,1480	12,5	108	99	1
1152	4352,3840	60,38	3079,1636	30,14	111	99	1
1153	229,210	1,3	163,52	2,0	102	99	1
1154	444,357	39,26	332,103	12,5	105	99	1
1155	1136,825	60,38	766,259	30,14	108	99	1
1156	216,150	39,26	171,51	12,5	102	99	1
1157	908,618	60,38	605,207	30,14	105	99	1
1158	731,494	60,38	446,161	30,14	102	99	1
1159	60,38	1,0	15,17	0,0	248	99	1
1160	134,168	18,16	46,52	4,5	141	99	1
1161	250,201	18,35	128,59	18,2	282	99	1
1162	337,374	16,11	234,159	5,6	116	99	1
1163	440,372	11,19	242,153	20,8	111	99	1
1164	0,2	198,192	1,0	115,82	156	99	1
1165	574,390	33,30	283,153	24,11	105	99	1
1166	1,1	1,0	0,1	0,1	106	99	1
1167	55,90	0,2	51,27	0,0	102	99	1
1168	37,47	83,110	35,19	47,41	102	99	1
1169	14,10	89,93	2,1	13,19	105	99	1
1170	12,10	221,177	8,1	88,42	102	99	1
1171	15,14	52,38	13,10	14,10	102	99	0.0828218932282
1172	44,45	3,1	36,15	2,2	116	99	1
1173	22,15	14,11	12,2	7,3	102	99	1
1174	67,67	15,6	26,18	2,3	154	99	1
1175	95,105	2,0	26,24	0,0	303	99	1
1176	30,43	6,5	5,11	0,0	154	99	0.206634804804
1177	154,188	6,5	36,29	0,0	436	99	0.734672947674
1178	124,146	0,1	31,18	0,0	381	99	1
1179	26,22	65,61	14,6	15,16	304	99	1
1180	0,0	3,6	0,1	0,0	153	99	1
1181	31,43	18,25	20,7	11,4	133	99	1
1182	355,294	20,12	153,141	0,5	106	99	1
1183	1850,1499	38,35	1182,716	60,37	116	99	1
1184	15,16	1,0	11,5	0,1	102	99	1
1185	46,34	2,1	16,5	0,0	102	99	1
1186	20,17	569,432	12,5	261,143	263	99	1
1189	4,8	37,48	5,1	14,9	102	99	1
1190	632,599	407,358	476,288	231,143	114	99	1
1191	162,94	9,8	94,38	10,10	117	99	1
1192	14,13	125,108	10,6	46,44	124	99	1
1193	39,28	18,44	41,17	9,8	102	99	0.173474372903
1194	20,11	71,63	9,5	20,23	102	99	1
1195	130,79	1,0	15,27	0,0	731	99	1
1196	16,11	5,5	13,1	2,5	102	99	0.804756155052
1197	67,59	137,91	72,24	137,47	436	99	1
1198	50,39	232,230	16,9	131,96	114	99	1
1199	1,0	253,238	0,0	155,119	138	99	1
1200	28,28	2,1	10,8	0,0	108	99	1
1201	16,13	79,81	18,8	1,1	144	99	6.63136212609e-13
1202	6,3	0,7	0,2	4,0	108	99	0.458883622337
1203	137,154	192,199	89,29	128,85	119	99	1
1204	13,9	119,102	3,3	55,30	351	99	1
1205	68,42	29,21	7,10	9,17	103	99	0.0233491796852
1208	42,69	4,9	20,16	0,2	102	99	1
1209	77,88	2,9	31,31	8,12	105	99	0.0865552571018
1210	2000,1803	1,0	885,589	0,0	107	99	1
1211	12,6	138,99	9,5	101,54	114	99	1
1212	43,46	152,93	19,11	69,32	102	99	1
1213	273,215	2,1	135,132	1,0	172	99	1
1214	27,31	273,233	28,11	207,126	112	99	1
1217	6,3	118,81	4,0	37,17	117	99	1
1219	154,163	311,325	42,22	100,76	102	99	1
1220	244,161	1,2	111,87	1,0	148	99	1
1222	128,68	0,2	66,28	0,0	102	99	1
1223	0,7	32,27	2,3	13,7	114	99	1
1224	103,70	43,58	39,30	20,9	105	99	1
1225	14,17	1810,2072	6,4	692,497	135	99	1
1226	221,160	455,368	137,82	281,130	102	99	1
1227	201,189	4,5	62,43	3,1	102	99	1
1228	17,11	30,19	12,13	17,5	121	99	0.458829612831
1229	33,21	11,4	19,6	13,3	106	99	0.393098178546
1230	183,197	17,18	133,86	4,1	122	99	1
1231	172,122	10,9	55,51	9,2	126	99	1
1232	17,19	64,53	23,7	53,20	209	99	1
1233	9,1	0,2	2,2	3,5	127	99	0.0380924536976
1234	23,8	15,6	1,2	5,3	106	99	0.0670449181491
1235	33,6	17,7	16,2	0,2	115	99	0.0402414494867
1237	3,2	0,2	2,1	0,0	198	99	1
1238	48,55	9,8	43,27	2,3	120	99	1
1239	4,5	367,329	0,2	193,164	141	99	1
1241	70,49	0,2	30,7	0,0	338	99	1
1242	64,43	0,2	30,6	0,0	318	99	1
1243	161,121	11,8	93,33	3,3	656	99	1
1244	80,69	81,62	38,26	17,12	102	99	0.1712638427
1245	7,6	81,62	3,1	17,12	115	99	1
1246	3,4	76,67	1,0	36,25	112	99	1
1247	11,3	6,6	4,0	4,0	116	99	1
1248	11,6	74,34	9,1	18,17	116	99	1
1249	119,198	130,194	96,67	99,82	144	99	1
1250	38,27	44,30	17,7	36,27	163	99	0.237496893066
1251	622,512	103,103	323,199	67,42	102	99	1
1252	8,7	299,329	16,3	190,156	132	99	1
1256	434,373	4,7	163,156	5,3	118	99	1
1257	860,712	24,7	440,261	9,5	162	99	1
1258	47,33	161,116	8,3	36,28	102	99	1
1259	93,61	163,116	23,15	93,35	111	99	0.642321822844
1260	110,88	8,9	35,16	2,0	272	99	0.23012666991
1261	2,1	5,1	1,0	1,2	120	99	0.753525863245
1263	37,39	6,8	15,27	3,7	103	99	1
1264	11,9	46,82	4,3	24,16	102	99	1
1265	63,42	26,32	37,25	22,16	122	99	1
1266	74,56	654,595	48,21	299,214	348	99	1
1268	194,150	4,2	88,46	0,0	255	99	1
1269	297,245	4,2	128,63	0,0	282	99	1
1270	191,141	65,31	108,45	49,24	126	99	0.784367021678
1271	11,8	0,0	1,1	0,1	139	99	1
1272	177,161	0,0	138,79	1,0	294	99	1
1274	142,132	44,33	76,15	11,12	122	99	1
1275	484,545	0,0	380,238	1,0	106	99	1
1276	64,49	3,3	35,14	3,0	172	99	1
1279	109,76	5,2	51,19	4,1	488	99	1
1280	106,82	3216,2778	75,48	2127,1269	249	99	1
1281	4,0	80,82	5,4	39,36	120	99	1
1283	0,3	3,4	0,0	3,0	169	99	1
1284	118,159	3,0	45,36	0,0	118	99	1
1285	117,119	21,36	45,47	14,8	105	99	1
1286	296,193	1,3	126,80	2,1	114	99	1
1287	178,205	129,117	68,43	125,60	102	99	0.00193825097674
1288	343,324	28,36	201,120	19,15	111	99	1
1290	18,15	76,53	8,4	6,6	104	99	0.110107987845
1291	158,87	45,30	48,29	10,4	102	99	1
1292	7,5	55,39	7,0	26,14	112	99	1
1293	13,9	157,110	4,1	51,39	112	99	1
1294	520,521	0,6	335,254	0,1	293	99	1
1296	38,42	1412,1148	36,15	825,507	102	99	1
1297	359,285	3,10	169,90	5,1	103	99	1
1299	0,1	541,499	0,1	271,240	255	99	1
1300	1181,1069	363,316	322,210	213,138	102	99	0.0162526310602
1301	137,108	6,12	55,38	12,0	278	99	1
1303	24,16	121,87	12,11	77,43	407	99	1
1304	155,193	38,19	80,56	11,9	103	99	1
1305	47,68	38,19	37,17	11,9	174	99	1
1306	42,64	150,189	36,17	79,56	170	99	1
1307	88,88	4,13	66,39	5,4	117	99	1
1308	38,35	136,87	44,18	78,50	225	99	1
1309	35,34	6,3	17,6	6,1	702	99	0.376895761996
1312	98,102	24,4	61,52	23,7	123	99	1
1313	9,13	91,76	5,8	69,23	119	99	1
1314	572,465	205,173	288,250	61,44	102	99	0.763967187565
1315	273,294	0,0	204,117	6,2	317	99	1
1316	4491,3961	4,5	4162,2647	1,2	141	99	1
1317	822,767	14,13	640,503	11,10	138	99	1
1318	2495,2564	14,13	2035,1575	11,10	147	99	1
1319	1678,1808	5,11	1408,1080	13,8	108	99	1
1320	107,94	139,97	49,34	27,30	102	99	0.584905081766
1321	84,54	24,6	38,21	3,2	160	99	0.507776796423
1322	0,3	13,1	5,0	5,4	102	99	1
1323	289,228	50,41	198,174	34,16	123	99	1
1324	47,26	1592,1646	21,13	779,644	354	99	1
1329	1,1	4,3	0,1	0,0	140	99	1
1330	1,3	4,3	2,1	0,0	144	99	2.38601994341e-05
1332	104,82	25,26	88,51	17,11	276	99	1
1333	12,8	230,164	9,8	93,34	117	99	1
1334	3,0	3,4	0,0	8,9	151	99	1
1335	61,62	21,28	19,14	3,12	111	99	1
1336	155,152	1,0	124,49	0,0	109	99	1
1337	41,22	1749,1532	20,11	913,614	387	99	1
1338	861,810	2013,2076	461,255	1337,930	102	99	1
1340	155,158	1,1	142,75	0,1	119	99	1
1341	174,137	28,39	77,58	29,14	105	99	1
1342	311,288	9,0	173,110	1,3	119	99	1
1343	275,204	224,172	160,100	142,69	173	99	1
1344	1011,927	348,326	645,459	139,81	102	99	1
1345	26,32	16,15	9,2	0,2	232	99	0.249249390082
1346	714,648	11,8	421,281	9,6	103	99	1
1347	13,8	180,218	8,0	141,77	126	99	1
1348	114,144	30,28	57,35	10,15	114	99	1
1349	49,48	17,14	16,17	10,8	811	99	1
1350	544,453	4,2	258,108	4,2	168	99	1
1351	0,1	176,147	3,4	58,57	132	99	1
1352	9,6	5,6	2,2	0,1	102	99	0.00603595615347
1354	0,2	41,46	0,0	24,17	172	99	1
1355	123,112	74,92	64,34	46,11	102	99	1
1356	0,0	30,31	1,0	20,14	129	99	1
1357	19,19	15,26	19,5	2,13	120	99	0.742155897187
1358	12,10	486,475	9,4	208,130	536	99	1
1360	112,114	8,6	56,42	1,6	128	99	1
1361	267,233	9,3	249,109	5,4	107	99	1
1362	314,266	0,0	300,134	2,0	353	99	1
1363	416,352	266,197	238,160	167,82	105	99	1
1364	12,6	11,15	8,4	4,5	105	99	0.620795244801
1366	5,2	1,0	3,1	0,0	114	99	1
1368	208,186	221,157	100,68	113,59	108	99	1
1369	7,3	54,27	1,0	20,6	105	99	1
1370	19,6	2,3	2,2	0,0	102	99	0.795688716104
1372	30,22	94,51	17,5	47,34	103	99	1
1373	2283,1698	238,176	1599,908	94,59	437	99	0.928587129702
1374	34,38	389,420	14,3	255,161	117	99	1
1377	261,215	1,0	44,36	0,0	137	99	1
1378	15,19	82,62	3,3	31,21	136	99	1
1379	19,16	64,43	7,6	23,21	110	99	1
1380	58,41	180,139	43,22	67,43	102	99	0.497606005513
1384	162,197	5,0	127,73	0,0	135	99	1
1385	71,52	3,0	17,6	0,0	105	99	1
1386	441,347	9,1	232,165	3,0	105	99	1
1388	259,249	9,8	147,89	5,6	165	99	1
1390	2,6	10,9	7,3	3,1	121	99	0.0231727234281
1391	0,4	35,36	2,2	8,11	114	99	0.864191289894
1392	4,6	28,53	1,1	10,9	436	99	1
1393	210,163	11,7	91,68	7,1	106	99	1
1394	105,94	45,52	55,30	16,21	121	99	1
1396	82,61	11,8	42,24	9,6	102	99	1
1397	113,108	12,20	105,47	6,6	114	99	1
1398	155,165	28,35	84,66	11,4	105	99	1
1399	21,23	191,188	25,20	92,69	103	99	0.783538504403
1400	0,3	3,5	0,0	4,3	232	99	1
1401	14,12	39,32	14,6	25,16	102	99	1
1402	356,319	1,2	127,88	0,0	119	99	1
1403	3503,2867	4,1	1374,858	1,0	108	99	1
1404	2,0	2,0	0,0	2,0	118	99	1
1405	5,1	2,0	0,0	2,0	380	99	1
1407	15,24	330,297	16,5	199,148	123	99	1
1409	141,104	1298,1289	108,48	608,434	861	99	1
1411	8,18	3,7	4,1	3,3	108	99	0.270656812862
1412	2,6	79,89	1,1	38,24	102	99	1
1413	220,139	6,8	161,60	5,4	102	99	1
1414	77,70	65,58	57,39	20,12	447	99	0.105537138981
1415	159,122	129,115	101,62	33,34	102	99	0.13195669951
1416	662,501	273,222	572,352	159,106	289	99	1
1417	417,374	0,0	407,233	1,0	289	99	1
1418	26,18	5,8	4,8	3,3	129	99	0.894949890884
1419	1,9	18,14	5,4	16,16	171	99	1
1420	7,9	24,24	10,1	9,11	102	99	1
1421	131,155	11,17	93,45	8,5	284	99	1
1422	1596,1133	1,0	1022,515	0,2	168	99	1
1423	4,2	21,12	5,0	13,5	114	99	1
1424	40,49	13,10	27,15	12,9	105	99	0.678686920602
1425	5565,5178	0,3	3759,2353	3,0	113	99	1
1426	66,80	8,16	34,12	2,3	102	99	1
1427	24,8	121,122	17,11	48,31	158	99	0.90355593385
1428	3,2	498,476	0,1	270,159	180	99	1
1429	445,502	800,674	206,146	340,239	118	99	1
1430	309,345	17,16	161,107	26,12	104	99	1
1431	127,106	2,0	34,37	0,2	836	99	1
1432	131,105	209,126	42,40	123,39	836	99	1
1433	172,183	209,126	90,55	123,39	1247	99	1
1434	71,96	23,15	58,23	10,7	510	99	1
1435	1586,1331	10,10	926,484	8,4	136	99	1
1436	124,115	13,2	45,41	2,2	210	99	1
1437	169,118	0,0	82,64	0,1	215	99	1
1438	9,4	13,11	2,1	3,1	172	99	1
1439	81,72	11,10	59,32	9,6	145	99	1
1440	1041,992	5,2	539,361	0,0	261	99	1
1441	137,122	46,56	61,41	26,19	102	99	1
1442	345,305	377,391	129,121	117,86	1763	99	1
1443	7,2	102,94	5,6	63,26	115	99	1
1444	132,92	7,10	100,51	1,1	107	99	1
1445	8,8	125,108	10,3	92,34	165	99	1
1447	573,474	38,53	466,241	37,22	257	99	1
1448	2577,2534	915,843	2315,1560	458,277	610	99	0.104919068038
1449	2042,2113	915,843	1886,1341	458,277	452	99	0.0521695193869
1450	2430,2429	2,0	2122,1510	0,3	452	99	1
1451	3,0	196,130	0,1	87,58	115	99	1
1452	804,694	6,8	399,266	1,0	117	99	1
1453	261,237	46,34	146,85	15,8	103	99	1
1454	13,1	2,1	4,4	0,0	103	99	1
1456	37,23	125,89	57,33	72,43	913	99	1
1457	97,95	27,18	66,63	20,17	106	99	1
1458	152,157	10,9	107,94	6,4	105	99	1
1459	3,2	28,14	0,0	14,2	113	99	1
1460	32,22	77,96	16,12	60,29	102	99	1
1462	95,134	55,60	45,48	20,13	102	99	1
1463	4,6	1680,1455	19,16	773,478	303	99	1
1464	53,28	16,31	10,12	7,9	123	99	1
1465	155,132	52,56	55,56	17,8	116	99	0.900456101762
1466	11,6	80,71	0,2	27,31	116	99	1
1467	57,43	367,293	49,30	155,111	102	99	1
1471	6,14	11,3	1,6	0,1	111	99	0.00545339084972
1473	117,103	88,106	77,40	36,30	102	99	0.913974231759
1474	48,29	2,2	15,10	0,3	180	99	1
1475	4,3	13,6	4,2	6,2	102	99	0.691628812716
1476	7,10	56,44	1,1	30,9	110	99	1
1477	42,36	0,0	23,20	1,1	106	99	1
1478	22,21	189,188	2,4	73,55	379	99	1
1480	785,631	7,2	581,256	1,3	105	99	1
1481	14,16	637,529	21,10	410,231	123	99	1
1482	198,190	14,25	58,42	1,2	105	99	1
1483	15,14	240,199	10,4	124,74	114	99	1
1484	202,250	0,0	146,107	0,1	554	99	1
1485	153,134	129,120	84,39	57,48	117	99	1
1486	113,111	571,576	50,29	323,178	118	99	1
1487	583,422	17,18	203,159	8,7	102	99	1
1488	190,130	14,4	77,53	1,4	102	99	1
1489	63,25	82,36	25,11	31,12	151	99	1
1490	186,191	1,0	127,70	0,0	133	99	1
1491	305,242	20,15	140,90	8,5	114	99	1
1492	160,84	4,4	107,42	5,4	130	99	1
1493	1066,866	13,4	678,418	5,1	104	99	1
1494	99,132	1,12	38,29	0,0	119	99	1
1495	186,178	32,37	90,59	18,15	144	99	1
1497	13,11	38,22	21,13	7,6	113	99	0.000138544185423
1498	222,189	0,1	103,64	0,0	286	99	1
1500	3,5	27,14	3,3	10,6	118	99	0.93105016539
1501	86,95	4,3	30,27	2,1	102	99	1
1502	10,3	0,1	8,1	1,0	110	99	1
1503	5,5	129,144	1,1	100,49	123	99	1
1504	263,166	9,0	110,69	0,0	102	99	1
1505	114,157	1,0	103,78	0,1	111	99	1
1506	205,209	57,49	75,55	24,27	120	99	1
1507	12,15	80,50	9,4	29,19	102	99	1
1508	208,178	1894,2012	104,82	1122,807	1660	99	1
1509	30,18	41,38	2,2	41,12	112	99	0.000447515954254
1510	357,262	9,9	231,149	8,4	120	99	1
1512	254,295	0,3	158,95	0,0	105	99	1
1513	0,0	27,40	1,2	11,1	585	99	1
1514	33,57	11,2	26,9	3,2	105	99	1
1515	299,336	1,2	231,168	6,1	171	99	1
1516	237,177	17,4	126,67	8,3	134	99	1
1517	54,26	1181,1020	16,13	373,286	102	99	1
1518	142,120	337,290	50,34	127,98	117	99	1
1519	428,513	268,332	228,184	230,205	180	99	0.483594587572
1520	71,68	17,11	29,30	18,6	108	99	0.893443366211
1522	42,42	18,20	76,56	12,12	102	99	0.252170366044
1524	9,9	12,24	5,4	15,1	102	99	0.878235750316
1525	88,81	11,11	46,25	4,5	106	99	1
1526	107,78	6,21	45,34	6,5	105	99	1
1528	67,55	18,18	22,24	4,3	118	99	0.724937450176
1529	99,86	7,1	39,36	2,0	131	99	1
1530	34,46	1044,998	19,14	578,400	186	99	1
1531	6,7	5,14	5,2	6,3	102	99	1
1532	201,171	10,9	95,71	4,3	105	99	1
1533	495,520	0,0	262,188	1,0	1543	99	1
1534	130,133	2,0	57,45	0,1	339	99	1
1535	23,18	174,185	4,0	72,56	122	99	1
1536	58,47	76,79	36,31	44,34	102	99	1
1537	4,1	22,12	9,2	7,6	106	99	0.0997137477301
1538	6,6	1,4	12,5	0,0	122	99	0.161116416037
1539	24,17	1,4	10,9	0,0	115	99	1
1540	4,0	241,167	7,0	86,58	113	99	1
1542	0,0	15,16	0,1	1,3	108	99	1
1543	426,326	4,2	276,152	0,0	326	99	1
1544	557,350	12,13	281,131	9,1	119	99	1
1545	259,204	2625,2472	190,160	1581,1081	409	99	1
1546	4158,3915	9,1	2909,1905	3,1	305	99	1
1547	8,12	53,23	1,2	14,18	114	99	0.484600564165
1548	461,367	118,66	92,64	38,31	102	99	0.480726590755
1549	35,46	0,1	16,7	3,0	106	99	1
1550	2,1	1,1	1,0	1,0	122	99	1
1553	6,11	20,32	2,2	15,10	119	99	1
1554	48,57	1,5	31,20	0,0	337	99	0.795945041664
1556	151,147	0,2	66,36	1,0	387	99	1
1557	5,4	16,22	1,3	8,3	107	99	1
1558	27,15	24,15	4,3	14,9	116	99	0.0399684123673
1559	10,6	273,226	1,3	143,117	144	99	1
1560	42,26	140,145	38,28	73,60	115	99	0.483689265466
1561	232,187	1,0	161,77	0,0	157	99	1
1562	19,19	15,12	20,10	11,0	102	99	0.267911067181
1563	1318,1187	31,22	656,490	10,10	172	99	1
1564	10,9	193,207	6,5	102,77	189	99	1
1565	594,342	474,362	316,169	141,67	102	99	0.0155047375226
1566	203,215	44,41	112,67	11,19	105	99	1
1567	4,3	3,1	3,1	4,0	118	99	1
1568	9,3	1,0	1,1	2,1	105	99	0.0368917499539
1569	95,75	1,0	26,21	2,1	111	99	1
1570	11,13	1,0	2,2	2,1	151	99	0.107264940124
1571	87,72	1,0	26,20	1,0	105	99	1
1572	3,10	1,0	2,1	1,0	145	99	1
1573	3,6	87,68	0,0	24,19	139	99	1
1574	107,73	1,2	40,45	0,0	111	99	1
1575	8,6	41,54	4,2	19,6	102	99	1
1576	10,2	70,58	0,1	29,19	111	99	1
1577	12,12	28,26	7,6	11,7	111	99	0.927345889747
1578	29,19	292,198	21,8	139,69	103	99	1
1579	6295,4673	166,138	4464,2278	163,68	102	99	1
1580	36,26	961,843	35,13	478,313	547	99	1
1581	36,28	961,843	34,14	478,313	550	99	1
1582	0,2	0,0	0,1	1,0	102	99	1
1583	52,48	0,2	19,18	0,3	122	99	1
1584	8,5	210,221	5,2	138,79	280	99	1
1585	92,116	17,8	54,40	8,5	105	99	1
1586	99,71	1,1	18,29	0,4	472	99	0.640935781284
1589	102,114	67,53	45,43	19,26	136	99	1
1590	88,78	69,55	27,16	30,22	346	99	1
1591	2,0	7,2	0,0	1,1	112	99	1
1592	284,252	1,0	155,84	4,2	106	99	1
1593	20,11	11,23	5,4	6,5	111	99	1
1594	29,15	11,23	13,6	6,5	117	99	1
1595	20,14	11,10	12,6	4,4	105	99	1
1596	416,253	96,74	157,98	73,23	116	99	1
1597	2,5	24,26	1,1	9,2	123	99	1
1599	10,4	202,189	6,3	135,92	122	99	1
1600	234,167	0,0	134,81	0,1	235	99	1
1601	64,44	72,72	41,27	25,16	102	99	0.114479734786
1602	3,6	24,14	5,5	6,2	102	99	0.0571062961897
1604	77,88	143,133	78,38	117,62	126	99	1
1605	546,527	67,54	227,177	34,25	102	99	1
1606	0,1	1,1	1,1	11,0	102	99	1
1607	676,683	97,93	452,291	49,27	114	99	1
1608	17,15	670,721	21,10	420,363	129	99	1
1609	103,73	20,25	67,36	4,9	140	99	0.710927411148
1612	1196,1285	0,7	601,436	0,0	107	99	1
1615	41,38	15,18	25,19	15,8	103	99	1
1616	3,0	158,152	0,0	81,37	126	99	1
1617	27,8	49,50	6,6	38,34	105	99	1
1620	10,9	51,86	14,0	35,14	273	99	1
1621	50,59	239,219	23,9	97,74	117	99	1
1622	70,92	20,6	36,29	5,5	105	99	1
1624	25,26	1671,1344	32,21	752,413	102	99	1
1625	523,617	133,139	248,180	55,54	110	99	1
1626	398,393	33,12	200,104	14,2	114	99	1
1627	3920,3286	0,2	2053,1330	0,0	102	99	1
1628	92,43	3,8	46,24	15,1	156	99	1
1629	37,10	2,1	16,8	0,1	196	99	1
1631	238,262	128,114	147,98	45,48	102	99	1
1632	17,35	425,443	24,14	252,123	105	99	1
1633	7,15	308,372	4,6	210,111	307	99	1
1634	291,304	1000,987	107,80	333,238	124	99	1
1635	3244,2516	9,1	1336,665	0,0	109	99	1
1636	85,87	0,1	31,18	5,0	104	99	1
1637	24,21	0,2	14,9	1,0	108	99	1
1638	251,313	317,318	142,74	288,171	102	99	0.121579632286
1639	1033,1027	3,9	481,377	1,0	199	99	1
1640	1,0	3,0	1,0	0,0	102	99	1
1641	18,25	0,0	30,23	2,0	132	99	1
1642	133,91	1,7	21,15	0,1	132	99	1
1643	125,84	29,22	37,44	16,6	199	99	1
1644	18,6	23,44	2,0	27,6	110	99	0.0887425703085
1645	72,62	93,105	36,16	45,27	105	99	1
1646	0,4	1,3	0,0	2,1	111	99	0.530500971787
1647	135,138	1,1	102,51	0,0	111	99	1
1648	40,28	471,434	11,4	241,161	250	99	1
1649	5,2	3,5	3,2	0,3	102	99	0.332815756485
1650	3,5	158,220	9,0	140,117	114	99	1
1652	7,12	0,2	3,2	0,0	128	99	1
1653	2,0	25,16	2,1	29,9	258	99	1
1654	7,12	7,4	5,3	0,0	287	99	9.05920565564e-07
1655	30,28	7,4	32,11	0,0	128	99	0.176471015483
1656	1639,1289	99,56	841,528	163,123	105	99	0.0415413607429
1657	1696,1333	7,4	870,533	14,9	108	99	1
1658	156,100	7,4	192,128	14,9	102	99	1
1659	100,70	0,2	23,13	0,0	276	99	1
1660	9,4	65,58	2,0	16,20	111	99	1
1661	248,223	1008,878	137,75	654,386	691	99	1
1663	259,259	6,0	131,95	0,0	104	99	1
1664	0,1	263,303	2,1	177,112	115	99	1
1665	12,7	192,151	6,0	83,60	129	99	1
1666	40,37	3,8	16,9	2,0	121	99	1
1667	8,9	36,36	8,1	26,17	109	99	1
1668	94,94	3,2	53,20	0,0	174	99	1
1669	1148,963	48,36	719,401	48,28	105	99	1
1670	31,46	0,5	11,6	0,0	104	99	1
1671	19,25	10,15	1,4	0,1	104	99	0.00496352542667
1672	35,23	2,0	13,3	0,2	117	99	1
1673	54,51	0,0	26,20	1,0	189	99	1
1675	65,40	34,19	28,18	8,4	114	99	0.477641836595
1676	13,9	1,1	1,1	1,0	104	99	1
1677	43,48	14,16	40,12	7,5	119	99	1
1678	13,13	37,15	6,2	37,20	102	99	0.090684250127
1679	13,15	28,41	19,10	15,14	114	99	0.235088083149
1680	12,18	934,795	3,9	512,265	132	99	1
1681	2143,1604	2,5	1424,672	2,1	260	99	1
1683	61,76	4,1	45,22	1,1	148	99	1
1684	64,45	1,5	57,32	2,0	338	99	1
1685	188,265	826,630	120,87	275,197	568	99	1
1686	30,21	1,3	35,25	4,1	128	99	1
1687	14,19	1,3	43,37	4,1	290	99	1
1688	6,13	22,15	29,24	21,12	261	99	0.0851195197114
1689	23,14	602,662	11,4	284,209	288	99	1
1690	13,16	162,173	22,24	38,43	102	99	4.82687164817e-05
1691	56,61	253,287	31,5	121,82	102	99	1
1692	161,137	90,69	133,61	25,30	115	99	0.644420545479
1693	11,19	146,183	4,4	85,68	152	99	1
1695	21,14	730,596	5,13	438,180	262	99	1
1696	816,751	379,444	380,267	214,185	104	99	1
1697	3,6	12,8	1,0	2,2	105	99	0.0465259075624
1698	6,5	0,0	1,0	2,0	244	99	1
1699	32,19	137,139	45,29	63,43	102	99	0.000669232724346
1701	589,618	54,65	332,216	35,10	104	99	1
1702	677,691	31,24	359,300	10,9	105	99	1
1703	105,112	0,4	76,36	0,0	105	99	1
1704	118,123	11,27	58,39	17,14	103	99	0.958094087544
1705	125,136	1,3	57,28	0,0	123	99	1
1707	8,14	273,220	6,0	153,97	102	99	1
1708	70,78	33,41	65,46	25,13	746	99	1
1709	263,253	29,41	124,69	9,10	183	99	1
1710	1493,1075	59,35	538,346	4,11	680	99	0.951642793798
1711	10,18	157,127	9,1	98,54	364	99	1
1712	142,112	247,164	112,42	162,94	103	99	1
1714	2,5	962,806	8,0	483,229	357	99	1
1715	166,160	3,2	115,53	3,0	109	99	1
1716	148,99	3,7	45,26	2,3	146	99	1
1717	84,66	0,3	37,31	1,2	111	99	1
1718	6,11	173,219	2,6	89,64	102	99	1
1719	129,120	3,0	64,48	1,0	114	99	1
1720	318,312	23,41	220,112	10,7	119	99	1
1721	258,219	2,1	119,89	0,0	108	99	1
1722	349,304	4,4	173,101	8,5	105	99	1
1723	27,17	13,13	17,15	12,3	168	99	1
1724	53,49	163,172	36,18	81,65	115	99	1
1726	1472,1417	1,0	961,593	0,0	101	99	1
1727	2424,2353	89,55	1470,942	40,38	102	99	1
1728	139,58	0,0	149,109	0,2	124	99	1
1730	178,179	52,55	74,56	45,29	102	99	0.459846454886
1731	0,8	16,36	1,0	32,18	144	99	1
1732	294,244	132,138	221,163	45,27	102	99	0.00774134548951
1734	15,45	29,34	12,6	3,4	103	99	0.167702231908
1735	67,62	8,7	69,55	3,6	103	99	1
1736	574,453	102,90	283,215	66,21	120	99	1
1737	49,24	2,4	19,14	1,0	189	99	1
1738	41,46	0,4	45,18	0,0	489	99	1
1739	51,74	0,4	45,25	0,0	541	99	1
1740	14,30	4,0	15,8	15,0	151	99	0.539371826691
1742	67,29	105,83	35,31	25,27	248	99	0.156141916696
1743	18,19	280,200	18,2	151,77	120	99	1
1744	63,63	686,667	47,17	554,301	442	99	1
1746	3,1	2,3	3,1	8,2	109	99	1
1747	3,9	0,1	5,4	0,0	102	99	1
1748	7,7	1,0	1,0	0,0	114	99	1
1749	43,48	350,351	37,18	171,93	102	99	1
1750	379,358	6,7	206,81	10,1	136	99	1
1751	17,12	271,296	18,12	248,164	117	99	1
1752	181,136	1917,2210	47,30	814,589	298	99	1
1753	80,70	32,36	41,25	18,14	132	99	1
1754	41,22	5,0	12,11	0,0	132	99	1
1755	73,61	3,0	45,25	0,3	102	99	1
1756	262,209	12,12	161,81	9,7	102	99	1
1757	18,25	13,13	23,12	13,0	171	99	0.297662327269
1758	35,29	7,4	14,9	0,0	162	99	0.0838276794159
1759	45,44	88,65	35,10	58,16	134	99	1
1760	42,36	6,1	38,12	2,0	123	99	1
1761	51,51	8,4	42,13	16,9	134	99	0.0371922162598
1762	15,16	8,4	6,1	16,9	110	99	0.000323375929119
1763	2,3	0,2	2,0	0,2	112	99	0.653741037555
1765	56,42	34,35	35,23	24,12	354	99	1
1766	97,68	92,91	56,35	47,25	580	99	1
1767	79,62	92,91	45,24	47,25	325	99	1
1768	0,5	70,87	1,1	52,40	102	99	1
1769	20,25	45,65	9,13	39,30	114	99	1
1770	11,12	248,283	17,8	118,57	127	99	1
1771	188,120	7,1	126,45	0,0	114	99	1
1773	31,21	192,204	45,18	103,113	102	99	1
1774	0,6	211,190	0,0	166,97	102	99	1
1775	62,42	0,2	15,21	0,0	592	99	1
1776	184,177	29,28	219,97	20,12	140	99	1
1777	210,203	16,4	98,97	8,6	166	99	1
1778	580,519	222,210	317,203	181,81	150	99	1
1779	465,411	345,324	271,169	225,124	206	99	1
1780	792,691	12,2	493,310	15,3	295	99	1
1781	197,213	55,42	79,78	13,14	342	99	1
1782	70,74	505,391	54,27	231,148	812	99	1
1783	60,68	67,55	36,19	59,41	102	99	0.281361109568
1784	2,1	95,124	2,0	55,39	116	99	1
1785	6,7	0,4	3,5	0,0	357	99	0.309367106463
1787	13,32	7,10	13,6	2,0	160	99	0.0278752082683
1788	0,0	141,116	1,1	88,38	102	99	1
1789	8,3	2,6	3,1	0,0	103	99	0.025728831294
1790	23,15	10,13	11,10	7,1	103	99	0.69059140853
1791	129,100	256,199	51,49	142,71	118	99	1
1792	25,15	3341,2913	15,8	2516,1757	145	99	1
1793	684,510	1,1	322,193	4,0	104	99	1
1796	406,422	240,233	163,152	87,65	116	99	1
1799	77,60	329,218	50,21	178,94	102	99	1
1800	5,3	278,294	7,6	165,104	119	99	1
1801	8,1	9,2	0,0	4,0	132	99	1
1802	15,5	1,0	6,1	0,0	103	99	1
1806	184,202	31,21	75,54	25,9	105	99	1
1809	175,151	54,78	64,66	33,14	117	99	1
1811	33,43	10,14	26,19	6,6	128	99	1
1812	55,47	95,59	57,25	43,23	121	99	0.368120601203
1813	97,74	15,11	21,16	13,10	112	99	0.01808436649
1814	178,116	3,7	88,67	3,3	105	99	1
1815	79,79	6,6	38,39	1,6	103	99	1
1816	148,131	240,190	63,49	110,46	102	99	1
1818	3,4	464,506	1,3	258,171	135	99	1
1819	32,44	1072,865	16,8	483,318	102	99	1
1820	7,6	1,0	3,2	0,0	106	99	1
1821	7,6	89,113	3,3	68,49	106	99	1
1823	1164,990	184,167	781,431	116,79	106	99	1
1824	1920,1401	0,2	1268,791	0,0	120	99	1
1825	132,74	3,0	41,23	0,0	247	99	1
1826	41,32	0,0	23,12	0,1	131	99	1
1827	55,53	42,59	44,18	32,31	114	99	1
1828	34,22	472,388	5,9	201,131	278	99	1
1829	35,44	24,20	32,31	14,7	108	99	0.779982688138
1831	9,16	202,156	13,7	125,90	102	99	1
1832	0,5	6,7	3,3	6,3	126	99	0.749266931226
1833	3,8	0,2	2,0	0,0	106	99	1
1836	230,180	0,2	109,65	0,0	123	99	1
1837	277,240	46,35	184,97	16,11	110	99	1
1838	3,5	205,181	0,3	125,42	108	99	1
1839	36,37	33,41	9,14	28,9	120	99	1
1840	3,2	22,45	0,0	20,6	126	99	1
1841	47,45	373,340	24,11	200,151	104	99	1
1842	33,19	76,103	50,20	46,16	103	99	0.00118717191285
1843	64,36	221,143	40,17	149,62	146	99	1
1844	146,120	6,10	89,56	4,2	164	99	1
1846	573,317	20,6	231,121	23,5	105	99	1
1847	6,1	247,228	0,0	79,85	126	99	1
1848	4372,3515	2,1	3473,1642	0,1	1384	99	1
1849	233,282	152,122	149,78	90,37	126	99	1
1850	266,223	0,0	156,98	0,5	234	99	1
1851	48,58	0,0	31,22	3,2	121	99	1
1852	4,2	52,32	0,1	23,20	128	99	1
1853	1017,717	36,28	836,502	30,20	191	99	1
1854	69,56	199,207	80,73	61,28	126	99	6.57487993938e-07
1855	4,4	12,16	6,0	2,3	102	99	1
1856	514,417	22,21	249,161	10,4	102	99	1
1857	6,4	27,19	1,4	6,1	109	99	0.608760566227
1858	35,20	0,1	13,10	0,0	104	99	1
1860	1,0	55,18	2,0	8,16	112	99	1
1862	10,12	216,185	7,6	144,81	122	99	1
1863	582,470	5,5	367,202	1,4	179	99	1
1864	9,5	258,210	12,3	170,94	126	99	1
1865	15,9	304,249	4,6	270,151	258	99	1
1866	395,339	7,12	162,118	3,4	111	99	1
1867	13,9	22,23	13,7	8,1	104	99	0.0196423548531
1868	5,0	84,55	0,1	68,39	363	99	1
1869	119,111	11,13	78,51	14,7	266	99	1
1870	2,5	34,26	10,1	10,2	102	99	0.020441588488
1871	12,8	23,24	6,3	12,10	135	99	1
1873	168,199	95,117	77,62	72,56	119	99	0.709038548135
1874	526,485	29,23	358,219	20,13	147	99	1
1876	15,2	280,213	9,4	124,72	261	99	1
1877	29,19	3,1	9,3	2,0	400	99	0.446737295744
1878	439,405	1,0	237,154	0,0	146	99	1
1879	270,253	4,6	160,108	5,12	146	99	1
1880	825,693	5,3	590,397	0,2	114	99	1
1882	1,1	273,305	0,5	188,109	247	99	1
1883	108,112	2,0	61,29	0,0	113	99	1
1884	715,731	468,481	438,263	167,97	102	99	0.381031661931
1885	113,71	27,7	58,33	10,9	104	99	1
1886	66,51	8,9	26,11	4,4	165	99	1
1887	80,62	13,35	28,12	13,9	188	99	0.704156754631
1888	22,20	13,35	6,5	13,9	122	99	0.632656551614
1889	15,11	103,80	0,2	29,25	421	99	1
1890	148,155	966,806	24,18	300,214	120	99	1
1891	370,323	11,23	262,210	10,5	331	99	1
1894	5,18	0,1	8,3	0,0	114	99	1
1896	365,389	155,170	249,147	129,70	108	99	1
1897	188,174	155,170	135,68	129,70	111	99	1
1898	153,143	330,358	99,54	213,133	102	99	1
1900	3150,3100	6,9	2429,1403	1,2	101	99	1
1901	393,265	428,248	194,117	191,80	110	99	1
1903	0,0	0,2	1,0	0,0	111	99	1
1904	2,1	4,10	1,1	1,6	133	99	1
1905	2,3	4,10	0,1	1,6	121	99	0.371483085139
1906	238,204	37,27	86,69	15,13	352	99	1
1907	27,41	307,301	28,21	165,128	538	99	1
1909	1,1	104,52	0,0	31,20	120	99	1
1912	1255,1296	288,278	1281,817	175,117	121	99	1
1913	867,772	3,9	639,435	6,4	472	99	1
1914	97,80	2,2	26,19	0,0	121	99	1
1915	26,33	459,275	13,11	260,132	183	99	1
1916	37,24	1,4	15,5	0,0	101	99	1
1918	137,116	318,221	68,28	171,86	102	99	1
1919	46,42	175,128	18,12	115,66	181	99	1
1920	171,137	212,211	86,55	102,88	106	99	1
1921	313,263	0,1	172,82	0,0	129	99	1
1922	807,648	8,1	484,321	5,2	205	99	1
1923	5,2	7,1	4,5	6,4	105	99	1
1924	2,5	167,133	0,4	81,39	114	99	1
1925	154,113	74,65	55,36	49,31	112	99	0.582125206622
1926	1693,1656	44,58	807,595	30,24	168	99	1
1927	43,27	71,77	5,6	20,5	111	99	1
1928	12,15	4,3	3,7	0,0	112	99	0.261775679987
1930	110,109	0,0	66,41	1,0	156	99	1
1931	1,0	3,16	5,0	10,1	102	99	0.45667962284
1932	96,115	90,82	73,32	51,41	119	99	1
1934	39,39	84,86	11,12	36,23	102	99	1
1935	3,0	7,2	0,1	3,1	104	99	1
1936	20,17	25,12	8,4	6,1	104	99	0.636659341799
1937	1185,1047	34,28	741,382	25,8	105	99	1
1938	7,10	2,12	4,6	1,2	114	99	0.473472578094
1939	84,93	15,20	26,22	10,2	115	99	1
1940	21,19	0,1	2,4	0,1	115	99	1
1941	19,27	3,2	4,8	0,0	115	99	1
1942	194,180	0,3	54,41	0,0	231	99	1
1943	122,96	15,11	35,38	6,2	110	99	1
1945	23,23	269,295	15,17	113,79	102	99	1
1946	7,5	3,2	2,0	0,0	102	99	1
1947	3,3	10,16	6,0	9,5	102	99	1
1948	22,13	0,0	13,6	0,2	146	99	1
1949	190,221	44,33	216,110	19,4	884	99	0.0557902401938
1950	10,0	3,9	3,0	1,0	102	99	1
1951	4,3	10,5	4,4	23,6	102	99	0.855487075019
1952	113,87	103,114	47,32	49,28	131	99	1
1953	10,11	3,2	5,1	6,0	114	99	0.775598935347
1954	120,130	0,2	77,70	0,0	116	99	1
1955	46,45	222,249	39,22	102,54	120	99	0.90246614075
1956	0,8	1,0	0,2	0,0	102	99	1
1959	9,4	2,2	8,6	6,4	101	99	0.323513787295
1961	43,40	74,69	7,3	23,11	114	99	0.463014484394
1962	95,73	85,55	29,21	19,17	108	99	1
1963	50,46	134,71	21,13	41,24	102	99	1
1964	5,9	6,16	5,4	0,0	151	99	3.99680288865e-15
1966	111,82	2,0	54,26	0,0	141	99	1
1967	49,45	551,299	77,21	238,96	251	99	1
1968	120,99	437,393	60,45	294,160	430	99	1
1969	0,1	153,102	0,0	49,27	120	99	1
1970	671,567	3,8	357,213	5,3	106	99	1
1971	33,10	0,3	23,6	2,0	109	99	1
1972	2,0	20,20	0,1	10,5	108	99	1
1973	6,4	33,34	3,1	17,5	102	99	1
1974	36,40	20,11	40,26	5,1	120	99	0.0301051040816
1976	23,39	0,1	10,6	0,1	183	99	1
1977	6,4	306,297	4,5	157,109	297	99	1
1978	35,13	3,10	6,2	5,1	170	99	0.421394236645
1979	71,47	576,519	42,26	319,155	420	99	1
1980	13,18	87,62	17,6	40,24	102	99	1
1982	500,417	1,0	320,188	0,0	292	99	1
1983	122,98	42,30	70,36	6,12	348	99	0.581703434097
1984	118,105	28,25	73,26	9,8	348	99	1
1985	43,57	22,10	19,13	5,7	159	99	1
1986	910,788	2,0	529,248	0,0	315	99	1
1987	6,12	45,68	15,2	34,32	112	99	1
1988	7,1	131,88	5,0	94,70	123	99	1
1990	42,56	31,42	32,11	9,11	202	99	1
1991	218,277	0,1	84,61	1,0	141	99	1
1992	2432,1901	85,59	1599,716	39,32	102	99	1
1994	61,24	8,6	10,4	3,4	105	99	0.522618889668
1996	392,256	0,1	180,104	0,1	143	99	1
1997	17,16	307,332	3,11	100,120	113	99	1
1998	1,4	28,21	1,1	20,9	147	99	1
1999	2,2	35,34	1,0	45,7	111	99	1
2000	192,179	1,0	130,114	0,0	694	99	1
2001	82,97	29,19	65,48	15,11	129	99	1
2003	0,3	0,0	0,2	1,0	252	99	1
2005	183,178	322,306	76,56	193,120	119	99	1
2006	22,9	274,236	10,4	133,77	103	99	1
2008	25,27	24,13	10,5	20,11	162	99	0.0926553920617
2013	2,0	3,0	1,0	1,0	113	99	1
2014	176,158	9,27	99,66	7,5	110	99	1
2015	164,178	22,21	80,62	17,3	110	99	1
2017	65,52	178,189	43,28	147,75	102	99	1
2018	800,552	18,7	398,222	8,12	102	99	1
2020	79,73	8,4	24,22	3,3	129	99	1
2021	2,8	50,36	3,1	41,21	119	99	1
2025	153,104	11,5	145,129	9,3	331	99	1
2026	37,40	246,235	26,24	130,88	119	99	1
2027	175,123	246,235	148,130	130,88	331	99	0.418090376537
2028	162,103	24,20	137,112	15,6	311	99	0.47416885668
2029	27,37	30,21	34,15	19,7	102	99	0.952204473124
2030	18,31	30,21	11,9	19,7	108	99	1
2031	14,17	23,23	7,5	30,11	105	99	0.31406315746
2032	304,229	2,1	213,79	0,0	108	99	1
2034	12,8	10,19	2,2	9,11	132	99	0.167234961608
2035	12,9	70,55	5,7	49,42	123	99	1
2036	0,1	0,2	0,0	0,1	110	99	1
2037	154,191	9,10	96,50	9,4	164	99	1
2038	71,88	1,2	56,23	0,0	164	99	1
2039	606,547	1,2	279,189	0,0	855	99	1
2040	535,460	0,1	225,166	2,0	790	99	1
2042	6,7	433,310	9,1	312,204	129	99	1
2043	3,0	302,287	4,1	212,98	168	99	1
2044	448,372	1,0	250,140	0,0	103	99	1
2045	401,349	0,6	228,98	0,1	102	99	1
2047	992,800	0,1	562,269	1,0	392	99	1
2048	85,61	700,498	32,27	391,171	411	99	1
2049	100,98	2,0	59,48	4,2	244	99	1
2050	7,12	7,5	2,5	4,0	122	99	0.702971465416
2052	273,227	2,1	86,47	0,0	126	99	1
2053	45,39	132,99	22,22	35,33	229	99	1
2054	18,25	21,16	15,13	4,7	207	99	0.383175803717
2055	914,756	111,114	438,368	68,48	111	99	1
2056	47,23	231,209	11,13	121,67	552	99	1
2057	518,514	85,60	319,207	49,50	116	99	1
2058	225,195	34,49	166,113	50,15	135	99	1
2059	658,649	34,49	436,270	50,15	152	99	1
2060	497,473	3,0	366,191	0,0	111	99	1
2061	21,22	233,166	27,16	166,118	105	99	1
2062	8,5	46,27	3,0	24,7	293	99	1
2063	88,73	30,22	33,24	17,1	123	99	1
2064	107,96	346,263	51,18	167,77	108	99	1
2065	407,423	9,1	247,176	2,5	105	99	1
2066	17,12	143,175	5,5	108,87	117	99	1
2067	281,226	36,32	116,86	6,1	105	99	1
2068	1071,952	473,351	632,324	225,146	500	99	1
2069	154,142	2,0	49,41	0,0	264	99	1
2070	0,1	0,1	2,0	0,0	113	99	1
2071	513,417	117,126	210,129	57,29	111	99	1
2072	47,60	35,52	40,10	32,14	105	99	1
2073	147,216	0,0	63,42	0,2	118	99	1
2074	238,210	45,70	133,71	48,23	166	99	1
2076	6,8	22,19	9,6	5,6	102	99	0.054061386825
2077	9,12	2,3	5,2	4,0	113	99	1
2078	2381,1996	439,408	1675,932	292,191	102	99	1
2080	44,27	231,194	30,16	144,97	286	99	1
2081	746,703	3,0	490,258	0,1	103	99	1
2082	2,0	51,67	1,1	33,20	117	99	1
2083	191,195	0,0	153,105	0,1	240	99	1
2084	8,3	43,28	2,6	20,13	276	99	1
2086	214,217	16,11	186,154	10,14	386	99	1
2088	2,3	6113,4553	2,1	1133,861	126	99	1
2092	173,105	9,4	46,23	6,1	102	99	1
2093	43,44	1,0	17,8	0,0	103	99	1
2094	14,17	15,16	7,7	9,10	120	99	1
2095	1622,1591	297,246	853,370	233,126	102	99	1
2097	319,252	0,2	124,68	0,0	241	99	1
2098	611,430	0,0	310,172	0,1	245	99	1
2099	591,372	71,47	254,110	69,13	108	99	1
2100	127,171	3,10	69,57	7,5	136	99	1
2101	24,11	4,9	13,5	1,0	108	99	0.014353545312
2102	57,48	6,6	28,33	1,1	110	99	1
2103	2,4	37,21	8,0	13,12	126	99	1
2104	0,0	1,0	1,0	0,0	146	99	1
2105	535,567	18,13	422,225	22,1	102	99	1
2106	9,4	113,92	2,4	59,33	110	99	1
2108	3,1	5,0	0,0	2,0	111	99	1
2109	184,186	32,30	78,58	6,8	104	99	1
2110	1,3	10,14	1,0	16,6	116	99	1
2111	83,61	137,120	37,50	152,95	105	99	1
2113	1126,1209	98,93	631,442	45,35	114	99	1
2114	45,47	48,29	31,7	51,22	102	99	0.126684747996
2115	13,5	24,28	8,3	10,3	150	99	0.596110388012
2116	7,21	445,447	6,4	218,158	399	99	1
2117	117,82	5,1	81,45	8,4	111	99	1
2118	5,1	3,2	2,0	0,0	143	99	1
2120	2,4	5,2	0,3	0,1	107	99	1
2121	3,4	109,105	0,0	72,37	274	99	1
2122	1084,1041	0,0	568,309	2,1	116	99	1
2123	61,36	2,3	30,13	0,0	162	99	1
2124	27,20	167,157	18,7	101,50	102	99	1
2125	141,264	6,8	135,85	6,3	105	99	1
2128	3798,3202	2,6	3066,1601	5,8	126	99	1
2129	159,136	4,1	201,89	1,4	103	99	1
2130	3,3	1,0	1,0	0,0	163	99	1
2131	721,624	84,76	414,228	45,29	105	99	1
2132	26,31	46,39	16,5	14,11	213	99	1
2134	7,3	14,31	0,1	5,4	108	99	0.449841106117
2135	222,250	0,2	267,146	3,0	326	99	1
2138	5,5	12,5	1,2	4,3	105	99	0.708317057299
2140	8,13	218,172	11,7	79,68	255	99	1
2141	20558,18724	18,7	10810,7714	5,2	102	99	1
2142	21671,19636	1,3	11391,8034	0,5	106	99	1
2143	1131,919	1,3	586,322	0,5	103	99	1
2145	4,1	62,39	0,1	26,10	117	99	1
2146	26,19	693,428	6,4	226,130	115	99	1
2148	0,3	0,4	5,0	2,2	107	99	1
2149	3,8	0,4	10,4	2,2	211	99	0.990301237308
2150	3,8	0,3	5,4	0,0	203	99	0.909984768905
2151	285,270	50,42	79,61	23,5	110	99	1
2152	457,358	12,16	234,118	4,4	158	99	1
2153	17,19	10,6	9,4	2,2	126	99	0.828351555457
2154	2,2	109,69	2,4	60,39	264	99	1
2157	7,0	9,1	4,1	1,0	272	99	0.00291157757076
2158	2850,2639	2,1	1505,794	0,0	103	99	1
2159	1,2	8,3	0,2	0,1	112	99	1
2161	798,570	1,5	411,177	2,0	108	99	1
2162	28,29	35,26	11,7	25,4	102	99	1
2163	980,676	4,1	561,323	2,1	108	99	1
2164	5,3	51,54	0,1	34,12	106	99	1
2165	151,105	7,1	35,31	0,1	154	99	1
2166	0,4	31,15	3,1	27,12	165	99	1
2167	1,2	122,78	2,1	85,57	122	99	1
2168	71,66	18,22	24,11	14,9	182	99	0.211522096077
2169	53,25	2234,2141	30,11	1507,832	461	99	1
2170	486,414	5,2	259,177	0,0	135	99	1
2171	332,226	0,1	157,84	0,0	353	99	1
2172	4,1	29,32	1,1	28,14	131	99	1
2173	43,42	169,132	48,16	142,99	114	99	1
2174	4,2	194,236	1,0	50,44	120	99	1
2175	924,909	41,22	640,382	16,5	108	99	1
2176	57,62	49,30	26,18	24,11	155	99	1
2179	69,44	20,19	33,15	4,6	114	99	0.929621571976
2180	170,103	42,22	75,40	12,11	101	99	1
2181	515,518	139,150	258,201	102,82	210	99	1
2182	348,359	23,21	320,142	8,5	654	99	0.423413169183
2183	71,65	117,90	87,50	36,45	102	99	0.0597317476221
2184	7,11	5,2	16,8	2,1	104	99	0.489793188285
2185	2,0	0,0	0,0	0,1	107	99	1
2186	176,112	0,1	66,53	0,0	105	99	1
2187	129,95	364,378	61,62	224,129	102	99	1
2188	8,10	3,0	4,12	0,0	704	99	0.328656619423
2189	77,52	9,3	40,13	5,5	119	99	1
2190	90,60	6,13	32,31	4,3	115	99	1
2191	15,23	135,163	11,8	52,33	102	99	1
2192	648,595	54,66	300,170	34,20	141	99	1
2194	270,145	10,14	114,64	6,3	142	99	1
2199	1137,1184	0,0	527,301	0,2	103	99	1
2200	93,72	3942,3836	73,25	2513,1717	283	99	1
2201	1,3	182,183	0,0	135,54	135	99	1
2202	4,8	39,54	1,2	18,6	134	99	1
2203	17,3	296,169	7,6	281,154	118	99	1
2204	0,0	1,0	0,1	1,0	338	99	1
2205	48,39	34,16	13,2	16,6	102	99	0.160389699926
2206	63,57	241,183	44,20	153,125	115	99	1
2207	39,54	860,735	47,14	567,341	118	99	1
2208	9,13	5,5	9,11	1,3	111	99	0.407795783026
2209	43,27	0,1	2,5	3,3	111	99	0.00849358586194
2210	19,14	10,4	8,7	7,1	120	99	1
2211	72,91	10,4	43,40	7,1	141	99	1
2214	176,174	155,109	95,55	85,41	111	99	1
2215	209,207	210,183	79,59	151,76	102	99	0.464203219018
2216	13,4	430,273	4,6	217,94	129	99	1
2217	70,53	6,5	66,36	11,2	113	99	1
2218	1,0	16,13	0,0	3,2	102	99	1
2219	17,10	939,727	7,3	270,179	116	99	1
2220	77,70	9,12	12,30	0,1	117	99	0.37953303373
2222	33,15	323,234	49,25	292,162	198	99	1
2223	105,99	2727,2524	89,38	1336,892	910	99	1
2224	201,247	1,6	182,112	1,1	369	99	1
2225	19,24	51,19	23,17	23,8	145	99	0.521297618807
2227	167,167	106,117	60,65	83,74	171	99	0.217653535847
2228	13,6	105,94	8,4	54,33	103	99	1
2229	406,459	77,91	353,283	77,51	178	99	1
2230	10,7	43,29	4,3	17,11	129	99	1
2231	15,13	2,3	18,6	2,1	102	99	1
2232	74,65	35,50	29,5	16,6	125	99	1
2233	28,49	1088,1027	14,11	561,347	102	99	1
2234	86,53	26,14	36,22	16,9	104	99	1
2235	12,4	0,0	1,1	1,0	127	99	1
2236	8,7	24,22	1,3	14,10	112	99	0.658005559532
2237	16,5	373,362	1,0	222,125	147	99	1
2238	171,136	16,13	71,74	5,0	302	99	0.336084707763
2239	60,55	47,34	29,18	15,13	105	99	1
2240	14,16	95,50	6,7	40,20	102	99	1
2241	550,482	372,359	401,168	279,153	317	99	1
2243	223,210	110,119	108,53	42,24	102	99	1
2244	372,297	331,331	87,62	185,121	105	99	0.0378809115938
2245	84,46	38,25	43,25	15,9	121	99	1
2246	2945,2475	11,11	1536,1038	9,5	143	99	1
2248	18,20	9,7	11,8	1,0	105	99	1
2249	453,419	0,1	265,136	2,0	189	99	1
2251	239,230	12,9	139,54	0,0	114	99	1
2252	1,5	40,35	0,1	11,6	110	99	1
2253	0,0	2,6	0,2	0,1	102	99	1
2254	5,5	2,13	11,2	0,1	113	99	0.000645942137986
2255	56,50	3,1	58,29	4,2	117	99	1
2258	43,49	13,1	20,24	3,1	340	99	1
2259	206,164	755,633	87,71	353,228	754	99	1
2260	176,116	755,633	70,48	353,228	513	99	1
2261	1982,1418	7,4	805,543	2,0	104	99	1
2262	68,34	2182,1597	14,14	842,523	102	99	1
2263	3,10	333,394	1,0	139,104	102	99	1
2264	1,0	6,10	0,0	1,0	123	99	1
2265	16,21	35,18	0,5	33,13	102	99	0.0120561452085
2266	7,14	1,0	11,3	0,0	135	99	1
2268	8,2	6,6	7,3	0,4	437	99	0.358996443833
2269	50,22	431,443	29,12	228,146	297	99	1
2270	762,731	4,1	386,231	1,2	267	99	1
2272	15,17	47,24	6,5	26,18	102	99	0.80458294151
2273	5,3	0,0	0,2	1,0	128	99	1
2274	5,18	8,2	1,3	1,0	102	99	0.107789391208
2275	9,12	9,8	1,1	2,2	130	99	0.296900230666
2276	85,96	16,14	48,32	5,2	115	99	1
2277	1102,811	8,8	525,345	16,3	634	99	1
2279	9,7	67,40	13,15	53,35	107	99	0.95865302771
2280	42,53	2,0	30,8	0,0	221	99	1
2281	3,0	31,46	5,0	21,12	120	99	1
2282	47,62	0,1	38,27	0,1	215	99	1
2283	127,123	17,16	56,31	7,8	104	99	1
2284	63,41	380,252	36,21	210,133	127	99	1
2285	958,885	0,2	514,266	0,0	274	99	1
2286	27,32	203,188	20,11	111,72	120	99	1
2287	2,5	2,5	1,0	0,0	118	99	1
2288	379,355	15,23	151,112	4,4	104	99	1
2289	4,2	120,113	2,0	50,34	138	99	1
2291	220,179	40,64	185,133	34,27	102	99	1
2292	22,13	133,105	3,7	42,37	102	99	1
2293	169,177	22,19	104,56	5,2	102	99	1
2294	190,154	3,0	85,61	0,0	104	99	1
2296	17,27	148,90	7,7	86,58	434	99	1
2298	41,55	1,2	16,12	0,0	105	99	1
2299	1,1	19,8	1,0	1,14	108	99	1
2300	988,1157	382,418	646,467	86,60	102	99	0.00306610488163
2301	83,93	3,0	50,22	0,0	103	99	1
2302	100,79	10,13	68,32	14,6	191	99	1
2303	32,29	103,104	14,10	58,42	102	99	1
2304	2,5	0,1	0,4	0,0	103	99	1
2305	74,30	1,2	38,30	0,0	128	99	1
2306	288,235	114,120	143,66	58,35	156	99	1
2307	2,2	7,8	0,2	7,0	117	99	1
2309	30,19	114,75	37,15	57,32	107	99	0.280032398712
2310	70,55	150,83	22,16	74,47	277	99	1
2313	5,2	0,2	1,0	0,0	129	99	1
2315	138,139	2,0	70,30	0,0	103	99	1
2316	356,312	3,4	253,155	6,1	103	99	1
2317	366,309	22,36	214,123	27,19	103	99	1
2318	334,194	182,140	139,104	97,36	102	99	1
2319	22,7	12,16	9,7	7,8	102	99	1
2320	9,14	121,113	7,6	37,30	112	99	1
2322	197,203	3,5	93,61	5,9	120	99	1
2323	3,4	18,16	2,4	9,5	102	99	1
2324	22,20	15,11	24,9	6,5	124	99	0.583416317371
2325	33,30	113,140	16,8	67,53	742	99	1
2327	10,11	84,81	6,3	46,26	125	99	1
2328	55,33	16,11	29,11	12,9	128	99	0.757169221001
2329	118,99	1,0	138,51	1,2	111	99	1
2331	6,2	85,46	1,1	16,19	117	99	1
2332	22,11	213,126	7,2	62,45	102	99	1
2334	49,33	77,91	12,17	62,35	118	99	1
2335	38,69	30,25	29,27	21,11	102	99	1
2336	8,4	86,83	0,1	25,12	150	99	1
2338	54,36	359,374	27,17	190,124	114	99	1
2339	105,124	4,5	38,20	8,1	112	99	1
2340	145,148	2,1	78,62	3,2	224	99	1
2342	278,254	137,132	99,78	87,58	102	99	0.721688112166
2343	2,7	186,187	2,1	104,54	152	99	1
2344	527,438	4,0	312,215	0,0	296	99	1
2345	108,76	9,13	55,48	7,6	115	99	1
2346	14,17	20,3	6,1	7,1	104	99	0.648968600992
2347	496,428	88,66	251,163	39,18	102	99	1
2348	7,5	158,121	7,3	105,49	111	99	1
2350	101,79	31,50	42,23	27,14	102	99	1
2351	69,41	386,381	31,8	212,139	137	99	1
2353	55,55	5,5	15,15	0,0	120	99	1
2354	135,111	2,0	49,29	0,0	165	99	1
2355	234,182	15,23	96,48	15,5	152	99	1
2356	145,107	15,23	78,30	15,5	175	99	1
2357	41,23	130,98	23,8	41,26	122	99	1
2358	466,503	382,454	257,205	249,170	128	99	1
2360	96,84	23,21	50,49	24,12	102	99	1
2361	25,34	16,24	17,19	22,5	102	99	1
2363	0,1	6,0	0,0	2,4	102	99	1
2364	0,3	3,8	2,0	0,0	102	99	1
2365	40,57	31,36	5,13	3,1	118	99	0.14011088833
2368	0,4	31,23	3,0	12,6	252	99	1
2371	275,239	25,21	114,111	7,5	102	99	1
2372	5,4	9,4	4,0	12,2	110	99	0.318724052443
2373	1,2	56,51	12,5	12,12	113	99	0.000495234066177
2375	115,129	234,239	72,38	112,63	150	99	1
2376	29,35	334,275	10,15	198,132	267	99	1
2377	16,12	49,30	12,4	17,11	102	99	1
2379	294,282	714,636	151,100	421,318	113	99	1
2380	544,435	0,1	370,186	0,0	114	99	1
2381	3,12	2,6	0,1	0,1	111	99	1
2382	321,340	11,17	163,108	7,4	135	99	1
2383	10,10	95,88	2,1	79,36	313	99	1
2384	54,43	29,20	16,14	16,9	115	99	0.792817326264
2385	4,7	280,248	11,0	142,93	481	99	1
2386	12,9	5,8	4,5	2,0	105	99	0.0672719837197
2388	98,84	0,2	69,68	0,0	332	99	1
2389	207,157	393,337	172,116	150,110	102	99	0.00838057331373
2390	215,239	18,26	118,84	11,1	177	99	1
2391	497,395	0,0	422,237	0,1	227	99	1
2393	159,143	4,0	51,40	1,1	117	99	1
2394	481,366	31,40	145,115	8,17	104	99	1
2396	66,60	22,11	51,23	14,4	107	99	1
2397	54,46	17,18	34,21	2,3	246	99	0.0261431881149
2398	144,130	17,18	88,57	2,3	441	99	0.0327934483669
2399	90,85	0,0	58,38	3,2	294	99	0.636440129008
2400	4,3	44,53	1,1	19,6	114	99	1
2401	34,26	131,122	9,8	66,52	538	99	1
2402	143,108	11,11	85,47	9,4	143	99	1
2403	785,643	502,333	276,181	207,138	493	99	1
2404	12,3	71,59	3,2	34,21	115	99	1
2405	5,7	7,0	6,0	0,0	114	99	1
2406	698,603	12,21	383,239	9,1	150	99	1
2407	63,43	291,330	36,23	134,116	383	99	1
2408	74,51	21,31	45,28	21,11	387	99	1
2409	253,267	0,2	163,111	0,0	440	99	1
2410	306,327	99,100	202,132	55,50	455	99	1
2411	302,338	21,31	143,121	21,11	103	99	1
2412	481,554	0,2	261,204	0,0	156	99	1
2413	534,614	99,100	300,225	55,50	171	99	1
2414	200,247	0,2	139,94	0,0	152	99	1
2415	253,307	99,100	178,115	55,50	167	99	1
2416	53,62	99,100	39,21	55,50	114	99	1
2417	375,313	21,8	205,105	4,7	116	99	1
2418	5,4	20,20	4,0	7,4	125	99	1
2420	42,34	386,263	25,18	170,116	128	99	1
2421	16,10	0,0	11,5	1,2	119	99	1
2422	356,283	0,0	276,136	1,0	318	99	1
2423	0,2	105,63	1,0	39,21	114	99	1
2424	274,294	0,4	143,96	0,1	232	99	1
2425	4506,3837	6,5	1644,1106	2,2	133	99	1
2426	3607,2934	1,1	1303,891	0,0	161	99	1
2427	984,1021	21,22	471,330	4,4	102	99	1
2428	2,4	21,13	6,1	18,8	237	99	1
2429	322,317	184,143	124,108	158,74	105	99	0.341221074501
2430	122,99	192,161	74,29	65,49	102	99	1
2431	128,112	2,1	73,39	0,0	105	99	1
2433	266,236	0,1	136,58	0,0	309	99	1
2434	0,1	22,23	0,1	26,10	126	99	1
2435	1,0	8,10	0,1	4,3	126	99	1
2436	40,40	9,7	60,30	3,5	235	99	0.491694243446
2437	456,422	5,0	250,130	0,0	227	99	1
2438	28,14	811,827	6,6	371,238	132	99	1
2439	0,2	59,43	0,0	30,26	137	99	1
2440	6,7	1,0	4,2	0,0	108	99	1
2443	37,43	6,7	23,13	4,0	220	99	0.8042270723
2444	32,23	922,1032	6,9	360,258	287	99	1
2447	175,212	26,37	121,66	19,15	111	99	1
2448	16,16	11,10	12,2	0,4	117	99	0.429436679892
2449	1,0	1279,1138	1,0	837,510	141	99	1
2450	116,127	174,175	49,38	135,81	102	99	0.56591229
2451	89,36	274,206	58,27	134,107	602	99	1
2453	435,463	271,283	167,147	109,82	268	99	1
2454	494,450	25,21	271,140	7,3	129	99	1
2455	102,115	11,14	39,34	11,5	119	99	1
2456	2,8	346,367	11,3	200,125	364	99	1
2457	164,121	0,0	44,49	2,1	284	99	1
2458	45,61	1,0	25,21	0,0	102	99	1
2459	189,139	188,169	136,92	101,34	102	99	0.202642050374
2460	24,7	8,4	7,3	15,4	166	99	0.015952520054
2461	5,2	5,6	0,1	0,1	112	99	1
2462	34,16	62,62	11,8	48,22	383	99	1
2463	89,90	1,5	44,28	3,1	156	99	1
2464	423,323	0,1	184,123	0,0	129	99	1
2465	115,156	4,4	94,52	2,0	103	99	1
2466	33,60	0,1	27,13	0,1	105	99	1
2467	84,75	39,18	45,28	37,17	102	99	0.292126370117
2469	98,86	187,177	27,15	126,65	111	99	0.158901623492
2470	2,6	26,19	0,0	13,9	127	99	1
2471	14,5	4,0	7,3	0,0	123	99	1
2474	14,7	203,247	4,5	154,83	114	99	1
2475	75,78	72,91	40,33	48,38	113	99	1
2476	21,22	4,3	4,6	2,1	111	99	1
2477	293,234	71,44	137,86	31,14	117	99	1
2478	123,148	176,189	37,25	155,65	102	99	0.0116433211467
2480	12,3	30,40	1,3	5,15	110	99	1
2481	6,4	8,14	2,1	0,0	110	99	6.14319706216e-12
2483	24,11	3,11	18,6	5,5	179	99	1
2484	15,6	44,30	2,15	33,11	342	99	1
2485	89,80	0,0	49,33	2,0	288	99	1
2486	1182,984	21,19	1145,736	16,10	587	99	1
2489	398,394	42,63	159,96	11,11	132	99	1
2490	53,27	0,1	30,17	0,0	107	99	1
2491	122,85	23,11	120,78	33,11	497	99	1
2492	54,39	23,11	50,38	33,11	524	99	1
2493	27,21	88,63	29,33	93,67	126	99	1
2494	398,295	2,0	365,241	0,0	477	99	1
2495	28,23	5,4	6,5	2,3	103	99	0.804520811347
2496	97,103	30,44	39,34	26,10	134	99	1
2497	322,247	9,16	138,89	1,2	102	99	1
2498	403,317	0,5	157,108	13,2	180	99	1
2499	863,479	3,0	332,181	4,0	244	99	1
2500	92,95	14,17	54,26	7,5	116	99	1
2501	21,27	18,21	17,20	10,2	114	99	0.190732704131
2502	1,1	21,6	3,1	0,2	172	99	0.151565047009
2503	68,43	13,6	15,14	2,0	111	99	0.296628372126
2504	26,21	41,33	46,25	11,18	121	99	0.0161519274502
2505	2,5	14,5	0,1	5,3	118	99	0.27684855983
2506	179,141	0,1	43,34	0,0	123	99	1
2507	138,163	1,5	61,46	0,0	289	99	1
2508	10,6	2,1	8,6	0,0	135	99	0.380307889824
2509	58,75	172,129	32,34	70,64	316	99	1
2510	10,14	282,292	3,1	172,133	374	99	1
2511	82,94	455,427	112,57	187,102	121	99	0.00411811221239
2512	242,244	0,1	114,79	0,0	114	99	1
2513	447,425	0,1	212,126	0,0	331	99	1
2514	52,51	252,178	38,17	117,63	102	99	1
2515	145,137	112,84	91,61	73,31	102	99	1
2516	648,527	1,0	375,226	0,0	103	99	1
2517	0,1	17,31	5,2	19,4	165	99	0.861897355499
2519	587,449	0,0	296,169	3,1	231	99	1
2520	1,3	17,10	0,1	2,1	104	99	1
2521	24,20	11,11	12,6	13,4	104	99	0.635388418692
2522	75,50	0,1	14,10	1,0	128	99	1
2523	3,2	3,8	0,0	1,1	102	99	0.207387014078
2524	1,0	2,0	5,0	0,0	163	99	1
2526	1628,1732	13,30	967,689	10,15	217	99	1
2527	216,220	66,119	121,107	35,23	102	99	1
2528	134,133	0,1	57,47	0,0	101	99	1
2529	290,275	1,4	141,97	0,0	141	99	1
2530	15,2	242,244	10,1	137,89	123	99	1
2532	82,98	221,209	71,57	107,91	102	99	1
2533	17,5	149,90	5,2	59,37	104	99	1
2534	3,4	20,32	0,3	9,7	112	99	1
2535	6,7	112,88	6,1	35,29	136	99	1
2536	2,1	78,85	1,2	36,32	102	99	1
2537	71,76	5,6	37,36	1,0	269	99	0.348493611907
2538	71,73	10,11	37,38	17,3	269	99	1
2539	11,7	380,341	6,2	236,126	258	99	1
2540	339,335	22,22	163,102	9,5	102	99	1
2542	5,16	0,1	13,1	0,0	281	99	1
2543	10,12	69,55	3,1	29,23	108	99	1
2544	85,101	0,4	35,42	2,0	144	99	1
2545	30,28	93,86	26,21	23,27	286	99	0.328287773057
2546	509,403	0,0	321,240	0,1	296	99	1
2547	46,36	8,7	22,14	5,2	128	99	1
2548	51,56	4,3	34,22	0,1	145	99	1
2549	13,27	4,3	17,10	0,1	116	99	0.629706360676
2550	1190,1064	338,348	725,443	253,145	105	99	1
2551	38,22	2,7	10,9	1,0	102	99	1
2552	24,17	3,1	1,11	0,1	174	99	1
2553	0,4	2,11	1,0	9,3	135	99	1
2555	285,235	0,2	126,101	0,0	486	99	1
2556	342,212	12,3	96,73	6,1	105	99	1
2557	22,24	380,377	29,16	168,95	104	99	1
2558	2,5	2,0	4,1	0,0	106	99	1
2559	2278,1951	6,9	1129,748	6,2	108	99	1
2560	100,51	2,8	54,65	0,2	116	99	1
2561	6,6	16,17	7,5	9,6	223	99	0.908491693891
2562	98,81	1,0	33,20	0,0	235	99	1
2564	17,17	34,26	18,10	34,22	226	99	1
2565	29,18	368,352	9,9	174,107	353	99	1
2566	58,49	11,13	27,20	7,3	487	99	1
2567	244,175	28,30	58,61	17,9	228	99	1
2568	86,55	165,123	51,18	67,58	102	99	1
2569	528,795	3,6	305,177	0,0	269	99	1
2570	17,9	7,12	7,2	2,1	102	99	0.344158449862
2571	550,606	9,7	336,245	2,1	102	99	1
2572	41,37	48,70	23,15	40,29	115	99	1
2573	68,46	576,698	37,18	251,218	534	99	1
2574	17,5	77,75	11,4	47,28	126	99	1
2576	24,16	238,244	27,2	135,65	104	99	1
2577	113,91	18,6	75,35	7,3	125	99	1
2578	113,90	0,1	37,12	0,0	104	99	1
2579	42,28	652,624	21,3	338,240	503	99	1
2580	55,60	28,13	31,27	7,6	133	99	1
2581	110,107	254,240	44,49	130,80	113	99	1
2587	167,141	0,0	165,87	3,2	499	99	1
2588	54,14	205,145	16,11	56,33	291	99	1
2589	149,139	5,4	87,33	3,0	103	99	1
2590	1128,861	18,15	751,429	1,2	485	99	1
2591	849,793	1,5	406,287	0,1	415	99	1
2592	15,44	10,9	28,21	4,1	102	99	0.256235238714
2593	93,80	261,222	61,29	143,94	110	99	1
2594	2,16	126,106	0,0	80,50	102	99	1
2595	249,208	141,107	76,39	29,24	250	99	1
2596	9,6	496,460	6,6	143,109	117	99	1
2597	34,21	210,203	19,11	145,94	135	99	1
2599	23,14	132,99	4,4	40,18	135	99	1
2600	146,112	1,0	61,35	0,0	102	99	1
2601	30,23	203,169	7,9	92,67	129	99	1
2602	7,15	71,126	11,0	40,30	116	99	1
2603	62,71	59,56	27,41	13,16	114	99	0.23531814641
2604	207,155	1211,938	86,45	596,341	102	99	1
2605	3,1	64,48	3,2	29,13	110	99	1
2608	23,18	56,36	19,9	31,10	120	99	1
2609	132,69	1820,1411	62,35	960,623	286	99	1
2610	566,472	44,46	348,196	45,37	105	99	1
2611	609,513	59,44	318,210	31,21	143	99	1
2612	819,804	5,4	515,380	5,0	629	99	1
2613	21,17	51,37	8,9	5,5	102	99	0.0254570400477
2614	17,19	59,44	11,1	26,17	228	99	1
2616	201,210	2,0	131,76	0,0	150	99	1
2618	43,34	127,102	44,24	65,45	429	99	1
2619	0,1	54,54	1,0	15,15	102	99	1
2621	428,292	5,0	218,197	0,0	220	99	1
2622	14490,13315	0,5	7298,5866	0,0	971	99	1
2623	38,33	706,667	20,11	362,252	329	99	1
2624	44,32	56,68	27,15	42,22	115	99	1
2626	104,102	1,0	49,24	0,0	113	99	1
2627	13,26	84,57	10,8	28,21	102	99	1
2628	173,121	9,4	71,47	2,6	131	99	1
2635	276,226	2,1	168,124	0,2	120	99	1
2637	28,12	1,0	5,4	0,1	116	99	1
2638	66,44	47,42	26,16	29,15	113	99	1
2639	19,15	49,57	8,4	37,19	143	99	1
2641	15,5	58,71	8,2	53,18	121	99	1
2642	2,7	17,19	7,3	17,1	116	99	0.447480521964
2644	0,4	38,25	2,0	17,14	126	99	1
2645	5,5	38,25	10,4	17,14	104	99	0.457185793325
2647	463,403	2,2	239,157	3,2	248	99	1
2649	149,156	4,2	59,45	2,0	108	99	1
2650	2993,2384	4,6	1131,512	1,0	201	99	1
2651	4176,3404	1,0	1637,700	0,0	231	99	1
2652	207,162	6,1	89,28	1,0	120	99	1
2653	1187,1026	1,0	507,188	0,0	129	99	1
2654	718,576	59,53	268,136	23,14	120	99	1
2655	2683,2047	0,0	1014,429	0,1	162	99	1
2656	1792,1422	53,41	711,269	22,10	138	99	1
2657	1501,1027	625,392	507,241	181,83	132	99	1
2658	1184,1022	256,210	506,188	87,37	129	99	1
2659	662,522	4,10	306,281	2,2	1706	99	1
2660	9,8	29,13	11,5	16,12	123	99	1
2661	11,5	105,99	2,1	27,18	108	99	1
2662	1908,1555	1,0	1182,626	0,0	102	99	1
2663	5,1	20,4	2,6	2,8	130	99	0.325274088585
2664	1,0	246,224	1,0	126,90	123	99	1
2665	101,105	17,27	61,24	14,13	105	99	1
2666	9,11	116,129	4,8	63,46	102	99	1
2667	234,174	3,0	91,56	5,5	103	99	1
2668	14,8	177,160	3,1	112,67	183	99	1
2669	1,2	24,6	0,0	1,1	164	99	1
2671	0,0	13,17	1,4	8,0	273	99	0.518188750833
2672	14,13	134,95	17,23	48,26	102	99	0.0215779766013
2674	159,125	1,2	103,49	1,0	114	99	1
2675	15,14	44,16	3,5	12,10	111	99	1
2677	67,45	2,1	18,20	1,0	104	99	1
2678	19,23	15,21	10,5	11,7	104	99	1
2679	326,311	0,0	174,63	2,0	106	99	1
2680	10,3	214,202	7,1	110,51	119	99	1
2681	26,16	2,0	39,8	0,0	165	99	1
