IJC_SAMPLE_1	SJC_SAMPLE_1	IJC_SAMPLE_2	SJC_SAMPLE_2	IncFormLen	SkipFormLen
1833,2606	4,3	2216,2557	0,4	188	99
34,30	0,0	45,38	3,0	165	99
215,381	3,4	294,319	1,2	296	99
207,363	1,1	395,321	0,0	187	99
57,93	2,0	109,90	0,0	135	99
78,145	1,0	92,133	0,0	188	99
565,734	0,0	776,885	0,1	235	99
523,658	1,1	643,698	3,0	179	99
1,3	34,29	0,2	37,16	120	99
717,1239	2,1	708,1036	0,0	163	99
114,151	57,81	63,82	110,91	157	99
91,140	0,0	134,158	1,0	236	99
716,1099	3,5	641,807	3,7	219	99
6,11	4,5	19,24	5,8	229	99
27,62	0,0	61,54	0,1	171	99
1552,2185	0,0	1969,2145	1,0	2955	99
302,462	2,2	347,387	0,4	212	99
263,394	0,0	322,392	0,1	175	99
0,0	5,11	0,1	2,10	229	99
145,253	3,8	285,225	0,0	169	99
260,382	0,0	252,334	1,0	202	99
57,65	0,4	41,70	1,1	152	99
52,74	0,4	45,77	1,1	155	99
2,6	0,4	0,1	0,0	181	99
12,21	0,1	0,1	0,0	161	99
6,17	0,1	2,5	0,0	141	99
10,10	1,0	2,17	0,1	363	99
11,6	1,0	17,11	0,1	147	99
184,268	1,0	195,218	0,0	161	99
4342,6534	0,0	6955,7837	1,0	189	99
28,68	1,2	30,48	0,0	136	99
506,786	0,0	615,652	0,1	154	99
439,733	1,1	559,713	0,0	145	99
173,226	0,2	232,257	6,0	146	99
80,112	0,0	116,128	2,0	167	99
97,109	2,2	123,105	2,1	186	99
176,239	4,1	195,163	2,1	188	99
2683,3643	0,1	3232,4017	0,0	142	99
1,6	62,79	13,6	55,78	128	99
2,12	62,79	14,17	55,78	132	99
555,591	0,2	387,513	0,0	167	99
291,311	0,2	196,274	0,0	173	99
2996,3677	0,1	3416,3830	0,0	733	99
392,467	0,1	520,477	0,1	170	99
342,375	0,1	444,424	0,0	203	99
207,271	0,1	99,87	0,0	216	99
80,112	1,0	97,81	0,0	266	99
14,6	2,0	44,8	0,0	173	99
492,742	0,2	796,743	0,3	117	99
5056,9371	14,29	3921,6215	13,25	166	99
6,14	280,384	13,10	310,277	245	99
413,556	0,1	471,558	0,0	264	99
215,315	1,0	287,310	0,0	204	99
71,105	0,1	81,65	0,0	173	99
5,4	1841,3033	7,5	1756,2527	164	99
938,1053	0,0	931,975	0,1	313	99
421,580	1,0	555,593	0,0	197	99
201,265	1,0	263,238	0,0	236	99
416,626	0,0	625,868	0,1	131	99
115,174	1,0	124,146	0,0	172	99
202,356	0,1	248,251	0,0	174	99
147,248	0,0	155,170	0,1	138	99
176,217	30,53	164,240	43,43	442	99
37,62	114,137	38,45	132,111	157	99
29,51	114,137	65,44	132,111	160	99
264,392	2,0	324,421	1,0	195	99
20,14	3,0	24,26	4,6	249	99
19,14	0,0	24,28	1,1	249	99
80,100	0,2	60,98	0,0	237	99
55,77	0,1	69,64	2,0	169	99
88,100	7,10	80,98	6,2	212	99
46,38	23,31	29,27	23,36	169	99
189,299	0,1	246,241	0,0	489	99
200,307	0,1	246,257	0,0	341	99
658,1007	0,0	667,900	0,2	170	99
118,151	0,1	158,161	0,0	153	99
111,139	0,0	126,141	0,3	175	99
114,176	0,0	137,183	1,1	198	99
46,27	3,6	32,42	8,8	147	99
201,461	0,4	299,411	1,3	334	99
5,18	0,0	13,5	1,0	161	99
290,292	1,0	413,401	0,2	244	99
182,257	0,1	288,256	0,0	506	99
72,123	0,2	102,112	0,1	139	99
5,8	0,0	14,8	2,0	185	99
4,7	0,0	14,9	2,0	178	99
87,104	0,1	88,125	0,1	263	99
158,258	4,5	259,270	15,12	155	99
93,112	0,2	102,144	0,0	170	99
2260,2901	1,0	2555,3376	0,0	186	99
155,295	0,1	246,176	2,7	189	99
39,36	4,9	53,58	27,16	146	99
38,41	26,12	60,65	19,17	146	99
8,10	26,12	29,24	19,17	144	99
10,17	7,21	19,39	21,38	144	99
289,371	1,0	298,423	0,0	309	99
386,503	1,0	401,577	0,0	318	99
19216,26526	2,1	22209,21704	0,0	3668	99
0,0	16,29	1,0	21,19	241	99
91,143	3,2	177,178	2,3	279	99
375,465	0,6	209,270	0,0	197	99
307,485	0,0	495,576	0,1	170	99
506,840	0,0	745,831	0,2	121	99
827,1865	27,42	1125,1893	21,26	195	99
3,0	0,1	3,0	1,1	188	99
121,305	0,1	183,156	0,0	287	99
83,177	0,1	100,90	0,0	206	99
194,271	0,1	280,310	0,0	354	99
78,122	14,20	110,125	5,7	160	99
64,102	1,1	72,90	0,0	156	99
4,2	10,20	3,1	10,6	176	99
143,170	0,0	177,173	2,2	141	99
113,183	0,2	178,230	0,1	211	99
201,322	0,1	253,327	0,1	184	99
15065,20860	3,3	16711,22839	1,0	381	99
6910,9608	1,0	7978,9191	0,0	992	99
56,88	0,2	97,94	0,0	140	99
2,12	35,72	10,16	39,46	180	99
36,61	7,3	40,59	9,4	180	99
97,153	0,1	194,225	0,0	148	99
239,314	1,1	172,299	2,6	146	99
8,5	3,8	1,7	2,2	162	99
50,70	0,0	69,58	1,0	164	99
19,36	0,2	35,21	3,2	164	99
14,37	0,0	35,21	3,0	164	99
409,555	0,0	735,537	3,0	862	99
450,605	0,0	775,573	3,0	890	99
383,493	0,0	649,476	3,0	564	99
110,194	0,4	127,117	0,0	183	99
209,271	25,34	264,221	26,45	140	99
107,147	0,0	93,103	0,2	182	99
77,125	2,1	115,110	1,6	213	99
609,811	0,1	798,808	0,0	189	99
553,728	0,0	694,686	0,2	153	99
71654,85331	1,0	120745,131163	1,0	249	99
106175,126576	1,0	179816,193864	1,0	234	99
228,399	4,7	347,423	3,2	317	99
93,124	0,2	113,158	0,0	184	99
0,0	2005,2807	1,0	2419,2982	144	99
100,155	0,0	152,140	0,1	154	99
21,36	19,40	23,27	17,30	170	99
16,35	14,17	23,21	23,16	170	99
25,72	19,40	45,36	17,30	142	99
20,49	14,17	29,27	23,16	142	99
204,305	0,1	116,218	0,0	176	99
279,457	0,0	159,329	0,1	222	99
271,489	1,3	174,339	0,2	218	99
122,294	11,28	92,188	6,15	145	99
711,1061	0,1	869,1018	0,0	320	99
254,394	0,0	275,251	0,2	192	99
0,0	22,24	0,3	25,14	252	99
58,63	0,1	46,24	1,0	245	99
28,54	0,1	41,26	0,1	205	99
94,101	0,1	152,124	4,1	190	99
272,427	1,2	572,656	3,2	158	99
1,2	101,176	0,1	134,185	218	99
389,567	0,1	667,654	0,0	241	99
3394,5281	4,6	3647,5096	2,4	156	99
41,56	2342,3749	38,47	2526,3559	172	99
281,371	1,2	415,453	1,3	137	99
8,17	116,175	5,2	147,138	193	99
102,135	1,3	159,172	0,0	166	99
2661,3713	1,0	4006,4323	1,1	183	99
25,41	0,0	33,47	0,1	165	99
133,176	0,1	134,151	0,0	160	99
610,1127	0,1	616,912	0,0	175	99
0,3	0,0	3,5	1,0	165	99
219,352	1,0	224,228	0,0	199	99
75,71	1,0	94,62	5,2	158	99
4,2	2,2	4,1	3,2	240	99
0,0	19,27	1,0	16,11	157	99
164,271	43,76	277,309	61,65	306	99
0,0	0,1	1,0	2,0	180	99
1104,1842	1,0	1493,1758	2,1	171	99
60,96	0,0	110,97	0,2	359	99
99,107	0,0	129,140	0,2	186	99
131,214	0,0	139,176	2,0	161	99
240,345	0,0	372,305	0,2	419	99
136,185	11,13	197,182	11,3	213	99
113,141	1,0	122,91	0,0	307	99
229,299	0,1	260,231	0,0	198	99
1203,1619	0,1	976,1374	0,0	424	99
371,563	0,0	433,571	0,1	416	99
0,2	123,222	2,2	181,211	148	99
24,18	26,36	14,23	50,28	123	99
0,0	115,181	0,1	126,117	185	99
78,68	5,5	85,100	1,2	160	99
631,918	1,0	699,768	0,2	199	99
72,83	36,47	63,73	48,56	135	99
132,196	1,1	161,173	0,0	138	99
472,672	0,0	685,783	1,0	203	99
717,1098	1,14	637,701	8,10	194	99
418,564	1,0	387,371	0,0	140	99
37,48	0,0	53,40	1,0	175	99
162,239	0,0	220,245	1,0	369	99
4,11	54,87	8,13	57,77	181	99
1202,1738	0,0	1646,1542	0,3	718	99
1430,2081	0,0	1965,1835	0,3	760	99
107,158	5,6	138,115	15,10	187	99
1275,1727	0,1	1542,1925	2,5	197	99
580,710	0,1	779,741	0,0	205	99
523,656	0,0	678,700	0,3	166	99
608,806	0,1	708,635	0,0	171	99
45,64	1,0	71,67	0,0	150	99
678,1087	2,0	936,1187	0,0	3129	99
4,2	34,57	11,16	36,68	179	99
118,317	0,0	71,198	0,3	129	99
470,564	0,1	637,471	0,0	154	99
673,834	0,0	961,730	1,0	151	99
18,45	2,1	30,51	4,6	218	99
559,765	1,0	688,605	0,0	179	99
161,185	0,1	136,152	0,0	182	99
9,19	0,2	18,7	0,0	239	99
515,781	0,1	574,629	0,0	223	99
12,21	0,1	7,14	0,0	171	99
708,955	1,6	660,747	1,5	192	99
378,441	1,6	350,362	1,5	185	99
1759,2344	1,0	2025,2351	0,0	334	99
2592,3423	1,0	2876,3319	0,0	308	99
143,190	0,3	212,174	0,1	173	99
76,111	181,239	39,40	214,268	105	99
74,138	0,5	159,278	1,6	161	99
219,355	0,0	376,420	1,4	187	99
592,884	1,0	1346,1624	0,0	181	99
229,383	1,0	557,750	0,0	185	99
624,894	1,0	1372,1593	0,0	168	99
3,13	0,0	9,13	2,0	162	99
268,479	0,2	271,368	0,2	176	99
50,104	1,0	77,96	1,0	188	99
143,197	1,0	171,236	1,0	197	99
241,291	0,0	248,271	1,0	169	99
498,704	0,0	611,657	1,0	166	99
231,281	0,0	245,242	1,0	189	99
123,180	0,2	117,122	1,0	158	99
1696,2320	0,1	2246,2318	0,0	238	99
882,1141	0,1	1100,1233	0,0	232	99
141,172	1,1	190,182	0,0	332	99
153,206	0,1	222,207	0,0	155	99
1,3	0,0	6,4	3,2	159	99
10,6	353,463	10,9	411,658	226	99
669,832	0,0	860,846	0,2	211	99
1648,2501	1,0	2506,2826	0,0	153	99
472,647	0,0	670,712	0,1	310	99
0,0	19,18	2,0	40,37	159	99
38,46	1,0	58,62	0,3	141	99
338,412	0,0	467,431	1,0	168	99
96,183	1,0	115,110	0,0	277	99
418,581	5,1	467,498	0,0	161	99
127,226	0,0	303,656	2,3	179	99
314,420	0,0	337,307	4,0	183	99
1693,2636	1,0	2301,2011	0,0	3148	99
149,156	1,0	129,135	0,0	225	99
413,553	1,0	530,614	0,0	180	99
246,282	0,0	290,313	0,2	141	99
257,365	1,1	419,374	0,0	149	99
56,80	0,0	59,62	1,0	156	99
315,508	24,56	397,517	34,39	140	99
151,245	0,3	145,149	0,0	156	99
342,428	0,0	320,447	0,1	128	99
157,242	1,0	221,224	0,1	188	99
132,182	3,0	160,148	0,2	141	99
85,106	0,0	118,114	0,1	181	99
112,169	0,0	172,206	0,2	184	99
385,596	0,0	377,460	1,0	220	99
214,218	0,0	247,251	0,1	168	99
762,1055	0,0	1070,1004	0,1	153	99
96,134	0,0	101,89	7,0	196	99
336,528	384,499	444,480	479,556	524	99
14,17	0,0	9,20	0,2	203	99
0,4	78,113	0,0	9,8	171	99
16,14	0,1	18,15	0,0	163	99
15,18	3,3	16,13	0,0	165	99
8,7	8,25	14,18	31,15	165	99
58,87	2,0	121,117	0,2	170	99
7,8	2,0	25,26	0,2	129	99
128,170	0,2	210,217	0,0	182	99
70,102	0,2	108,114	0,0	179	99
146,289	1,0	300,243	0,0	165	99
445,649	0,0	1431,1552	0,1	180	99
12,37	56,92	21,19	66,87	101	99
193,241	1,0	275,277	0,0	137	99
75,96	0,0	111,103	1,0	185	99
594,805	5,18	758,813	2,8	159	99
325,456	0,0	451,384	0,1	117	99
71,129	0,1	140,107	0,0	169	99
15,13	77,82	5,0	86,86	217	99
22,19	77,82	3,2	86,86	229	99
345,564	1,0	392,471	0,0	137	99
181,258	1,2	174,217	3,1	143	99
2,15	2,0	9,23	0,0	171	99
2,0	21,26	0,0	13,6	186	99
0,4	1115,1523	2,0	1657,1724	198	99
353,482	0,0	531,568	1,0	177	99
164,300	0,2	281,284	0,0	171	99
681,1200	0,4	857,1180	0,0	117	99
1053,1823	0,2	1290,1762	0,0	166	99
396,631	0,2	467,499	1,0	155	99
235,365	0,1	251,355	0,0	170	99
133,218	3,0	145,227	1,1	130	99
29,41	0,0	53,36	1,0	154	99
1490,2343	0,0	1957,2329	2,0	1200	99
350,466	2,0	506,525	0,0	132	99
1300,1919	0,2	1175,1359	0,2	430	99
122,197	44,48	222,240	65,45	197	99
98,199	7,17	131,221	10,21	200	99
87,161	2,2	98,123	0,0	216	99
948,1126	0,0	1358,1246	0,1	162	99
128,154	0,0	139,163	0,1	164	99
109,129	0,1	144,161	0,0	208	99
280,373	0,1	342,499	0,0	174	99
117,135	0,4	135,116	2,0	250	99
370,607	0,1	480,598	0,1	602	99
21,33	0,0	33,49	2,0	175	99
255,311	4,7	277,274	0,0	234	99
1035,1289	0,0	1310,1551	0,1	118	99
1275,1750	2,0	1682,2175	0,2	164	99
13,21	71,63	6,11	84,62	254	99
12,22	71,63	6,11	84,62	240	99
642,918	2,0	793,924	0,0	140	99
294,412	4,10	411,402	1,4	183	99
12,27	1,0	28,15	0,0	276	99
130,178	2,0	225,213	0,0	165	99
355,548	2,1	747,928	0,1	233	99
497,735	0,0	393,459	1,2	281	99
9,13	0,0	8,19	0,1	123	99
178,233	0,1	191,187	2,0	140	99
21,23	407,450	8,18	499,559	189	99
112,162	1,0	111,173	0,0	268	99
815,1186	2,0	1058,1251	0,0	147	99
861,1388	0,14	1287,1379	4,11	174	99
987,1615	0,0	1498,1551	0,2	162	99
1,6	0,0	18,0	1,0	192	99
324,397	4,3	535,568	0,3	133	99
238,407	0,0	422,403	1,0	208	99
43,80	5,4	88,56	4,5	175	99
369,510	0,0	579,580	0,3	199	99
1871,2441	0,1	2215,2420	0,0	207	99
854,1125	0,0	1048,944	0,1	159	99
67,84	74,102	63,77	99,93	191	99
222,362	74,102	206,213	99,93	172	99
92,80	74,102	105,125	99,93	115	99
225,295	1,0	290,230	2,0	312	99
35,65	0,0	38,55	2,0	151	99
35,58	0,1	12,19	0,0	141	99
7,28	0,1	9,9	0,0	166	99
8568,12128	0,0	13444,16169	1,0	210	99
7477,10402	0,0	11583,13489	1,0	177	99
501,735	2,5	625,674	2,1	209	99
56,66	4,2	73,75	2,1	120	99
16,15	4,2	26,20	2,1	158	99
7,5	0,4	10,5	1,1	164	99
361,483	0,0	420,482	2,0	231	99
181,292	0,0	217,251	1,0	182	99
338,473	74,100	299,300	102,101	286	99
330,445	74,100	322,313	102,101	265	99
94,126	74,100	71,66	102,101	136	99
286,344	5,6	269,265	5,2	122	99
71,102	3,0	103,118	0,0	157	99
229,318	3,0	304,322	0,0	168	99
1797,2449	0,0	3668,4055	2,0	294	99
312,453	1,0	291,368	0,0	172	99
495,889	2,4	611,753	0,0	183	99
441,780	1,0	491,611	1,0	163	99
42,43	15,18	43,28	26,11	141	99
90,92	161,195	126,124	240,262	151	99
213,291	161,195	347,305	240,262	164	99
124,195	12,13	203,153	0,7	164	99
5618,6982	2,0	6771,6707	0,0	270	99
9,27	0,0	14,11	2,0	121	99
212,322	0,5	381,305	0,1	209	99
508,853	0,0	840,862	0,1	153	99
212,234	0,2	151,163	0,0	150	99
1,1	177,243	3,0	149,166	240	99
918,1584	0,1	594,897	0,0	175	99
144,213	3,6	196,231	5,5	135	99
448,729	0,3	622,769	0,0	168	99
692,1000	0,0	737,822	1,0	183	99
10,18	12,4	7,6	14,18	168	99
8,5	337,500	1,2	290,396	168	99
55,52	1,2	45,55	0,0	160	99
646,839	1,0	981,820	0,0	248	99
343,477	10,11	412,527	7,4	214	99
520,708	7,2	874,908	6,5	356	99
1691,2328	1,2	2058,2248	2,5	147	99
826,1068	0,1	942,1057	0,0	147	99
1,2	18,22	1,1	16,15	147	99
28,48	0,2	43,35	0,0	216	99
19,26	1,0	12,27	0,0	216	99
82,98	0,4	59,64	0,0	209	99
5185,7680	0,1	6092,8197	1,0	290	99
310,452	1,0	411,479	0,0	146	99
79,96	0,2	164,100	0,0	141	99
20,10	186,228	19,14	214,182	277	99
15,10	186,228	17,18	214,182	353	99
0,1	186,228	1,3	214,182	179	99
254,353	0,0	270,387	1,0	181	99
240,367	0,0	234,266	1,3	167	99
198,253	0,0	310,242	1,0	148	99
951,1404	0,0	1104,1409	1,0	273	99
264,290	0,1	216,270	0,0	227	99
1,0	4,6	2,0	4,8	128	99
7,13	12,13	13,19	18,8	339	99
825,1039	1,5	815,1178	6,6	139	99
430,564	1,0	496,553	0,0	193	99
204,261	3,4	181,220	5,3	158	99
101,119	1,0	109,92	0,0	180	99
77,123	1,0	94,95	0,0	180	99
138,181	2,1	140,126	0,0	180	99
19,53	235,294	11,13	209,241	160	99
324,408	2,2	280,360	1,0	134	99
107,166	0,2	175,153	0,0	165	99
177,232	188,232	195,206	177,197	182	99
72,107	188,232	96,95	177,197	221	99
206,329	0,0	310,277	1,0	197	99
59,72	62,67	67,54	64,49	173	99
501,609	0,0	321,433	1,0	174	99
11,14	51,49	17,27	31,42	148	99
12,13	27,34	15,26	6,10	148	99
505,703	1,3	699,701	0,1	161	99
941,1283	0,1	1140,1322	1,0	184	99
54,67	385,550	87,74	507,550	159	99
1055,1525	1,0	1432,1665	0,2	243	99
266,353	1,0	263,275	0,0	168	99
406,585	0,0	395,313	2,0	228	99
319,403	0,0	329,331	3,0	202	99
8,7	6,10	6,17	12,26	163	99
49,72	2,1	48,60	2,1	227	99
4,7	16,25	5,9	22,26	134	99
39,63	46,74	54,54	103,104	178	99
148,253	0,2	199,231	0,0	134	99
35,53	1,0	115,90	0,0	285	99
364,575	1,0	436,564	0,1	209	99
2,9	8,19	7,2	11,12	146	99
795,990	0,0	996,988	0,2	167	99
563,708	0,0	729,722	1,0	213	99
489,606	1,0	707,645	0,0	153	99
895,1197	0,1	901,1023	0,0	133	99
8087,11824	1,0	8691,9064	0,1	1182	99
134,196	0,2	110,117	1,0	163	99
650,941	6,2	1112,963	6,8	117	99
132,238	0,0	94,144	0,1	154	99
96,146	1,0	192,240	0,0	169	99
45,59	407,522	72,57	437,457	166	99
451,693	427,579	742,760	433,524	356	99
5676,7257	0,0	5616,7077	1,0	657	99
147,221	0,0	185,187	0,1	201	99
17,30	38,45	29,39	37,40	156	99
137,210	4,0	197,153	0,1	179	99
5,13	0,5	9,7	2,0	170	99
7849,10419	1,0	11554,12479	0,0	201	99
370,496	1,1	558,582	2,0	214	99
136,164	36,57	166,166	38,51	148	99
322,446	30,36	307,419	46,60	289	99
214,265	0,0	204,280	1,1	167	99
100,132	0,0	124,128	1,1	206	99
69,85	12,18	91,82	6,22	216	99
128,177	12,18	173,143	6,22	174	99
202,336	0,2	257,324	0,0	127	99
91,130	0,1	242,120	0,0	176	99
1553,2388	0,1	1708,1836	0,0	169	99
99,132	0,6	117,141	0,0	138	99
115,163	10,5	173,172	11,14	156	99
161,204	2,1	213,164	3,5	181	99
112,131	0,0	126,131	2,0	195	99
85,83	0,0	131,117	0,1	152	99
1011,1511	1,2	1332,1541	0,0	148	99
0,1	3,3	0,0	2,5	123	99
74,132	0,1	112,105	1,0	169	99
103,169	0,1	162,142	0,2	235	99
31,52	3,6	42,55	2,2	238	99
31,57	3,6	68,39	2,2	543	99
58,102	3,6	83,97	2,2	204	99
43,67	3,6	59,54	2,2	261	99
58,107	3,6	109,81	2,2	509	99
8,16	3,2	20,9	4,2	249	99
61,119	1,2	51,79	0,0	204	99
37,56	1,2	38,39	0,0	689	99
0,0	80,136	1,0	130,130	199	99
6,8	0,0	12,6	1,0	207	99
342,494	0,1	445,598	0,0	163	99
0,0	449,664	1,0	509,492	141	99
31,62	0,1	32,31	0,0	156	99
21,19	0,1	24,40	0,0	151	99
10771,16535	0,1	6732,12362	0,0	364	99
0,2	0,0	5,7	4,0	236	99
87,113	2,4	137,124	0,2	250	99
60,75	5,6	69,82	2,7	188	99
1851,2635	1,0	2407,2454	0,0	217	99
120,184	1,0	164,165	0,0	165	99
182,261	1,0	223,266	0,0	161	99
40,46	1,0	55,52	0,0	158	99
12,10	18,36	19,11	31,16	350	99
6,1	12,13	9,8	27,17	178	99
451,812	1,2	280,565	1,2	177	99
832,1078	0,0	1200,1250	1,0	153	99
2638,3525	1,2	3340,3578	2,1	160	99
267,313	0,1	282,327	0,0	136	99
2579,4265	0,0	2736,3802	1,1	143	99
2,15	0,1	10,13	1,0	169	99
55,95	2,6	79,51	0,1	264	99
197,313	4,0	286,290	0,0	151	99
11,9	3,2	5,6	1,0	181	99
11,10	3,2	4,5	1,0	188	99
658,786	0,1	660,703	0,0	183	99
2257,3196	0,1	3235,3565	0,0	177	99
107,116	355,496	105,118	537,722	276	99
3769,5803	0,0	4443,6610	2,0	1201	99
3788,5838	0,0	4454,6633	2,0	1190	99
3909,5998	0,0	4779,7069	2,0	920	99
47,84	0,0	49,87	0,2	208	99
1358,2028	1,0	1512,2284	0,0	203	99
1009,1428	0,0	1173,1521	0,1	310	99
1810,2691	0,0	2279,3095	1,0	272	99
1743,2629	0,0	2097,2876	1,0	269	99
1464,2127	0,0	2529,2771	1,0	1177	99
428,563	0,0	497,485	0,2	306	99
74,97	0,0	109,115	0,1	151	99
44,41	68,100	35,53	103,125	181	99
34,32	61,52	34,49	96,97	181	99
117,210	1,0	159,151	1,0	269	99
0,2	3,1	3,0	4,4	157	99
443,649	1,4	566,593	6,1	225	99
7379,9547	0,1	6014,7874	0,0	402	99
0,2	38,39	4,5	35,49	195	99
68,102	0,0	86,91	0,3	163	99
4,23	0,0	18,12	2,0	157	99
181,203	1,1	202,290	0,0	175	99
2597,3988	0,2	2815,3376	0,0	145	99
1828,2709	0,2	1820,2217	0,0	148	99
13,27	0,0	16,17	1,1	162	99
185,232	0,0	248,225	1,0	168	99
17,31	13,21	26,12	19,13	209	99
14,24	55,83	31,16	51,60	209	99
26,45	55,83	42,27	51,60	402	99
15,28	55,83	22,23	51,60	140	99
12,17	4,3	8,11	9,5	140	99
178,260	5,7	196,264	3,4	127	99
167,261	0,1	195,205	0,0	140	99
476,713	1,0	562,654	0,0	207	99
28,19	3,1	18,37	1,1	218	99
981,1525	1,1	1376,1444	0,0	1266	99
850,1108	2,0	1189,1168	0,0	228	99
340,568	0,1	309,345	0,0	279	99
202,308	0,4	298,324	1,2	109	99
77,130	1,3	126,133	2,7	163	99
183,256	0,0	358,404	0,3	137	99
2188,3410	21,38	2807,3087	32,41	2230	99
2,1	125,183	0,0	240,197	255	99
294,388	0,0	482,421	0,1	156	99
266,411	135,197	463,527	104,199	910	99
221,307	3,7	234,363	6,6	240	99
161,291	17,38	194,320	33,59	170	99
640,748	0,0	876,1144	1,0	191	99
77,106	3,3	78,97	9,2	290	99
113,190	3,3	136,163	9,2	396	99
584,915	0,0	844,1094	0,3	230	99
216,410	0,0	605,674	0,2	176	99
227,396	0,2	200,245	0,0	146	99
243,302	0,1	298,283	0,2	162	99
129,183	0,1	141,134	5,2	184	99
29,24	0,2	27,27	0,0	178	99
54,85	0,0	65,77	0,1	144	99
8,7	0,2	7,8	4,1	224	99
3,2	0,1	1,3	1,3	177	99
147,240	0,0	195,251	1,0	213	99
3,7	0,1	7,12	11,5	148	99
161,162	0,1	206,207	11,5	168	99
8756,13417	0,0	10596,19566	0,4	123	99
0,3	5573,8503	0,2	6707,12854	154	99
241,278	1,0	357,307	0,0	168	99
96,119	1,0	200,273	1,0	154	99
419,629	0,1	425,529	0,0	165	99
546,861	0,1	614,745	0,1	201	99
308,568	2,0	444,443	0,0	264	99
461,572	1,0	494,567	1,6	140	99
81,117	0,1	93,124	0,0	161	99
67,100	0,0	92,82	1,0	174	99
61,79	0,0	60,61	0,4	208	99
109,163	0,0	136,136	0,4	202	99
58,40	66,83	49,70	71,101	173	99
113,228	1,0	201,197	0,0	186	99
121,220	0,2	157,177	0,0	168	99
539,694	0,0	827,654	1,0	159	99
1935,2918	0,3	2847,2678	0,0	294	99
377,505	525,761	426,453	543,813	425	99
137,178	42,46	168,203	71,74	223	99
252,344	119,163	289,342	128,143	223	99
245,320	119,163	283,338	128,143	234	99
59,81	0,1	48,31	0,4	157	99
508,752	0,1	651,693	1,4	189	99
159,224	0,0	165,261	1,0	153	99
5,7	16,17	2,5	7,11	258	99
3,7	24,14	4,3	38,29	258	99
23,21	64,128	22,53	88,103	141	99
816,1113	0,2	1022,1151	0,0	186	99
291,429	1,1	1014,966	4,4	162	99
157,259	5,4	575,642	2,2	189	99
19,56	0,1	31,33	0,0	189	99
10,26	0,1	11,20	0,0	333	99
38,49	0,1	60,56	0,0	178	99
218,282	0,0	211,354	1,0	275	99
897,1347	7,14	967,1028	7,4	173	99
341,461	0,1	347,415	0,0	187	99
284,385	0,0	295,277	1,0	162	99
159,261	0,0	234,212	0,1	201	99
43,46	0,0	71,48	1,0	174	99
101,157	0,0	192,213	0,1	159	99
20,28	8,7	29,31	8,0	221	99
1,0	131,104	0,0	150,134	210	99
205,305	1,0	253,348	1,0	312	99
0,0	1,0	0,4	0,3	149	99
3,0	0,1	1,4	0,0	159	99
328,491	2,5	353,431	2,8	153	99
273,420	2,5	315,387	2,8	184	99
20,32	1,0	20,19	0,0	246	99
30,55	2,2	44,35	2,0	249	99
614,1006	0,0	934,1049	2,0	144	99
502,623	1,0	767,788	0,0	214	99
2,0	129,167	0,0	180,259	129	99
1513,1987	3,3	1665,1625	0,0	247	99
28,64	0,2	35,39	0,0	196	99
70,121	0,2	67,75	0,0	241	99
1441,2077	0,1	1848,1795	0,0	195	99
288,546	0,0	493,713	1,0	273	99
172,233	0,1	175,174	0,0	172	99
16,15	0,4	13,16	3,3	121	99
101,150	2,3	117,128	10,10	121	99
228,247	1,0	314,307	2,0	142	99
24,33	8,11	24,18	19,15	249	99
4,4	0,0	2,5	0,1	154	99
1046,1592	0,0	1102,1428	0,2	294	99
49,68	0,1	107,145	0,1	210	99
26,30	0,1	15,46	0,0	210	99
249,363	0,3	589,570	1,0	631	99
240,337	0,3	526,514	1,0	856	99
8,6	17,46	7,11	77,66	173	99
137,166	0,0	122,143	1,1	210	99
6,9	1,0	30,15	0,0	222	99
905,1275	0,0	1168,1241	2,0	129	99
538,820	0,1	699,780	0,0	500	99
535,778	0,1	737,812	0,0	489	99
44,67	0,0	56,52	1,0	181	99
2040,2805	1,2	2686,3008	2,0	224	99
196,205	2,3	276,161	3,1	174	99
604,991	0,0	943,917	1,0	148	99
67,122	0,0	111,122	1,0	192	99
44,58	3,10	43,43	3,2	153	99
186,266	3,10	206,216	3,2	276	99
49,45	0,1	22,21	0,1	122	99
28,23	0,1	9,6	0,1	195	99
76,113	0,1	95,77	0,0	162	99
11,3	665,821	13,5	1212,1083	160	99
12,8	1,0	11,9	0,0	287	99
155,186	0,0	196,172	2,0	150	99
941,1262	0,1	922,930	0,0	216	99
58,78	0,1	89,98	0,0	167	99
167,235	1,0	214,233	0,0	155	99
316,516	0,1	395,495	0,0	142	99
280,362	23,35	254,236	29,39	223	99
86,125	2,0	208,198	0,0	216	99
82,86	3,1	129,98	1,1	187	99
108,161	0,3	220,207	1,0	219	99
75,118	0,1	82,93	0,0	192	99
253,272	1,0	308,275	0,4	223	99
490,562	0,0	684,764	2,0	165	99
131,142	0,0	122,145	1,0	135	99
32,62	288,398	16,35	344,395	235	99
548,852	1,4	712,825	4,2	185	99
133,223	0,0	224,217	1,2	587	99
177,304	1,0	217,225	0,0	187	99
303,349	0,2	274,291	0,3	283	99
35,59	1,0	37,23	0,0	142	99
251,326	2,0	295,309	0,0	175	99
789,933	1,3	866,977	0,0	329	99
47,55	0,1	65,48	0,0	125	99
2173,2932	0,0	3673,4194	1,0	226	99
35,63	4,5	51,51	3,3	165	99
42,49	0,0	90,114	0,1	165	99
327,406	0,0	432,388	0,2	152	99
327,451	2,2	649,505	1,4	243	99
211,279	2,2	401,300	1,4	466	99
1827,2366	1,3	2579,2177	2,1	2432	99
15,17	0,2	11,15	0,1	164	99
4815,7821	8,16	6459,7759	14,24	157	99
1099,1606	1,2	1348,1800	3,13	146	99
126,192	1,1	224,287	3,2	147	99
120,180	0,0	187,269	0,3	144	99
4,11	56,80	2,10	63,90	160	99
212,357	0,1	274,371	0,0	195	99
242,341	2,1	241,220	0,0	165	99
1,3	1,1	4,2	1,1	197	99
111,213	5,1	192,240	2,5	119	99
21,34	0,3	24,38	4,0	119	99
70,90	0,3	89,116	4,0	152	99
156,283	2,13	268,322	5,8	152	99
105,133	0,0	156,124	2,0	258	99
646,940	0,1	731,899	0,0	184	99
18,25	0,1	53,31	2,6	175	99
16,33	1,0	33,26	0,0	175	99
235,346	0,0	337,340	0,1	231	99
137,195	0,0	190,194	0,1	228	99
6730,9209	0,2	9002,8200	0,0	2843	99
248,387	0,1	226,264	0,0	158	99
41,73	1,0	59,32	0,0	175	99
2167,3151	1,0	2988,3717	0,0	215	99
285,411	1,0	413,359	0,0	175	99
262,397	1,1	375,339	0,0	197	99
0,1	3,3	2,2	0,0	141	99
130,231	3,0	185,213	0,5	284	99
74,128	1,3	93,79	0,0	157	99
293,454	1,1	468,612	1,2	240	99
187,264	1,1	285,344	3,2	170	99
24,48	0,1	41,29	0,2	159	99
16,32	0,3	13,6	1,0	249	99
209,417	0,1	152,280	1,0	166	99
142,190	25,52	80,115	27,30	165	99
50,60	25,52	29,33	27,30	138	99
1457,2076	0,1	1927,1992	0,0	140	99
1687,2394	1,0	2108,2380	0,0	156	99
225,317	0,0	256,342	1,0	142	99
1,0	1,0	5,3	0,0	225	99
110,155	0,1	82,99	0,0	208	99
81,131	5,4	125,97	0,5	152	99
60,81	0,1	91,96	0,0	149	99
624,965	0,0	687,851	0,1	110	99
81,159	0,1	178,170	0,0	559	99
479,689	0,1	510,608	0,0	125	99
271,435	0,1	358,389	0,0	140	99
90,139	0,0	197,155	2,3	167	99
9,12	1,1	16,31	0,0	182	99
15,13	0,0	10,11	1,0	216	99
22,22	31,52	43,58	83,119	141	99
134,146	1,0	160,162	3,3	167	99
11,11	3,2	9,12	1,2	121	99
10,3	3,2	26,24	1,2	207	99
137,161	2,1	154,179	0,0	213	99
98,103	3,6	100,110	0,4	213	99
1108,1476	0,0	1823,1798	1,0	300	99
1848,2436	0,0	2999,2989	1,0	312	99
507,717	0,1	766,687	0,3	154	99
118,202	0,1	235,220	0,3	177	99
295,402	2,2	254,276	2,0	285	99
337,592	0,0	784,1052	0,1	253	99
94,142	6,16	72,77	16,17	172	99
165,252	2,0	288,234	0,0	137	99
1244,1865	0,1	1376,1588	0,0	144	99
3986,5950	0,0	4572,5537	3,0	199	99
12,10	1439,1882	13,11	1561,2025	201	99
566,679	2,8	699,654	4,4	191	99
140,221	0,1	174,224	3,0	154	99
4808,6967	0,1	5502,6147	0,0	2592	99
74,85	0,1	96,80	0,0	130	99
275,437	0,3	235,302	1,1	180	99
103,185	1,0	97,101	0,0	153	99
191,312	0,1	203,195	0,0	151	99
212,362	0,1	193,234	0,0	156	99
332,477	13,30	351,394	15,30	178	99
2,8	140,207	4,6	165,210	158	99
130,181	2,0	152,158	0,0	220	99
0,2	152,231	0,0	155,282	198	99
1189,1816	0,1	1922,2341	1,1	219	99
270,382	1,0	223,287	0,1	207	99
154,228	1,1	244,248	0,0	214	99
71,139	0,3	127,107	4,9	214	99
46,64	0,3	71,94	4,9	148	99
126,149	0,0	183,234	1,0	148	99
31,51	0,0	65,43	0,1	198	99
6,19	56,56	11,8	92,85	171	99
265,444	0,0	286,395	0,1	139	99
466,711	0,0	713,875	0,1	357	99
133,159	0,1	138,146	1,2	187	99
1643,2257	0,1	1552,2011	0,0	209	99
43,55	770,567	32,56	529,638	238	99
50,67	1,0	79,68	1,1	206	99
1100,1401	1,0	1189,1228	0,0	188	99
5,4	93,89	3,15	131,131	173	99
8,24	0,1	19,30	1,3	177	99
16,40	64,92	40,56	71,69	177	99
1,5	64,92	4,8	71,69	145	99
1,6	8,18	4,6	24,28	145	99
61,85	81,150	109,103	149,154	169	99
76,119	0,1	114,121	1,0	168	99
282,300	0,0	242,323	2,0	156	99
85,102	13,24	120,146	11,12	153	99
8,16	13,24	15,18	11,12	117	99
1469,2303	0,1	1383,1826	0,0	857	99
1478,2300	0,1	1388,1850	0,0	852	99
138,223	2,1	187,331	3,0	167	99
2952,4365	1,0	3058,3964	0,0	159	99
2937,4391	0,0	3082,3869	0,2	173	99
1067,1635	3,0	1286,1358	0,0	1784	99
302,402	0,0	269,343	0,1	209	99
0,3	1,0	3,4	0,0	166	99
858,1197	0,2	1173,1172	0,0	291	99
15,19	2,7	26,14	7,9	150	99
27,19	117,207	40,34	125,134	279	99
45,83	0,0	95,70	1,0	161	99
85,106	0,1	119,107	0,0	161	99
218,305	0,1	299,340	3,0	195	99
103,111	0,1	103,103	0,0	192	99
202,278	1,1	303,321	0,0	150	99
70,102	0,0	73,72	1,2	204	99
38,45	0,2	29,37	6,5	161	99
142,202	0,0	162,176	1,0	164	99
30,28	1,2	25,7	2,1	199	99
78,124	3,6	78,97	2,0	177	99
1609,2131	1,0	1601,1627	0,1	2819	99
1611,2126	1,0	1591,1623	0,1	2835	99
197,299	0,0	267,321	1,0	159	99
105,198	3,3	141,124	0,0	153	99
99,155	1,0	97,104	0,0	166	99
4,4	0,0	10,12	0,1	227	99
33,24	0,0	32,20	1,0	171	99
34,49	0,0	44,23	0,2	163	99
61,98	1,1	91,108	1,4	212	99
117,213	4,5	134,211	5,2	151	99
269,311	2,0	314,259	0,0	171	99
5,0	1,0	3,0	0,0	136	99
938,1367	4,2	990,1045	1,0	238	99
1411,1996	4,2	1488,1514	1,0	257	99
0,1	0,0	2,0	0,2	300	99
0,1	0,0	2,0	0,2	282	99
0,1	0,1	0,0	3,0	137	99
50,64	0,1	56,60	0,0	190	99
2,4	6,3	3,5	2,4	138	99
310,464	0,0	361,341	0,1	133	99
93,123	1,2	126,98	0,0	642	99
16,23	59,150	16,18	95,93	148	99
879,1305	12,6	771,1375	11,5	138	99
3237,4697	2,0	2868,4650	0,0	608	99
537,674	0,0	649,766	2,0	150	99
60,78	3,0	95,84	0,2	187	99
80,111	3,0	96,77	0,2	202	99
724,1091	0,1	1067,1129	1,2	159	99
339,479	0,1	426,467	1,2	161	99
2333,3377	7,2	2601,3105	2,6	141	99
78,116	1,0	107,121	1,0	221	99
52,82	0,0	90,94	1,0	198	99
107,161	3,1	237,178	1,3	326	99
161,248	0,0	253,223	0,1	172	99
584,700	1,3	774,869	1,5	156	99
293,419	0,1	563,542	0,0	168	99
89,139	798,1103	82,125	850,1063	210	99
203,371	0,1	286,349	0,0	231	99
1296,1790	1,4	1954,1847	3,0	229	99
9,23	19,44	6,10	26,28	154	99
4,17	19,44	8,11	26,28	159	99
34,47	93,121	18,22	135,135	135	99
77,59	1,0	95,75	0,1	175	99
130,247	5,0	172,198	0,0	179	99
197,254	0,1	196,215	0,0	190	99
575,849	0,0	599,753	0,1	184	99
525,578	0,0	256,358	0,1	208	99
1411,1872	0,2	1765,1661	0,0	1035	99
120,193	1,0	202,196	0,0	137	99
251,296	0,1	381,527	0,0	192	99
749,1211	3,0	914,1161	2,0	200	99
1197,1817	3,0	1399,1737	2,0	203	99
185,237	2,0	273,245	0,0	189	99
0,0	0,1	2,0	0,0	166	99
315,544	1,2	512,432	5,1	178	99
354,419	0,4	382,469	0,0	178	99
1264,2202	1,0	1393,1732	0,0	336	99
489,788	0,0	561,675	1,0	178	99
40,71	2,2	49,81	4,8	222	99
31,37	2,2	34,50	4,8	193	99
68,86	0,0	70,91	0,3	193	99
904,1358	0,0	1383,1717	1,0	195	99
674,934	0,0	933,1037	1,0	187	99
469,820	1,1	467,637	0,0	276	99
1,1	75,94	0,1	78,85	136	99
2,1	2,3	0,0	6,3	136	99
9381,12477	4,4	12333,10235	1,1	291	99
207,300	0,0	275,298	1,0	182	99
669,1104	12,14	663,896	8,7	150	99
476,735	4,12	481,667	4,10	108	99
51,134	3,2	99,77	3,1	231	99
21,62	3,2	46,31	3,1	194	99
202,296	1,6	200,297	8,9	245	99
95,165	1,6	111,148	8,9	208	99
8,11	0,3	3,2	0,0	135	99
804,993	0,2	694,779	0,0	165	99
296,314	0,0	418,463	4,0	131	99
95,149	2,3	101,109	1,0	307	99
122,175	2,3	122,125	1,0	327	99
102,154	2,3	118,125	1,0	352	99
48,48	0,1	31,37	0,1	250	99
14,1	19,20	4,9	20,23	140	99
244,299	7,5	398,417	3,12	166	99
32,55	71,95	26,28	116,136	226	99
459,515	0,0	591,649	2,0	172	99
100,94	0,1	89,74	0,0	273	99
6,4	27,34	13,3	27,31	143	99
218,335	0,1	300,344	0,0	224	99
10,20	0,0	8,25	0,1	137	99
396,540	0,0	513,519	1,0	235	99
437,669	4,9	509,702	4,2	209	99
50,54	0,0	51,62	0,1	201	99
2420,3268	5,7	3965,3946	4,5	260	99
161,246	1,0	185,227	0,0	123	99
41,47	2,0	50,44	0,2	189	99
554,856	1,0	638,813	1,0	188	99
1648,2366	1,0	1597,1826	0,0	249	99
124,220	0,1	177,156	1,9	242	99
1198,1443	0,0	1257,1387	2,1	185	99
43,66	1,0	57,70	0,0	273	99
43,78	2,5	41,59	4,5	195	99
137,180	0,0	203,153	0,1	183	99
2012,2875	0,1	2220,2598	0,0	156	99
598,824	0,0	697,748	0,1	299	99
116,183	1,0	171,194	0,0	223	99
335,482	1,0	414,430	1,5	176	99
504,777	0,4	336,503	0,0	171	99
8,7	0,0	6,12	0,1	129	99
9862,14875	2,10	15585,12980	0,10	398	99
7,11	228,293	4,5	424,427	145	99
407,534	0,1	594,534	0,0	156	99
3451,4569	0,1	4727,4379	0,0	885	99
1552,2313	0,4	2562,2292	1,0	313	99
18,21	3,5	10,26	1,1	242	99
6,15	3,5	7,11	1,1	166	99
40,47	0,2	52,48	0,0	148	99
376,611	0,0	584,544	2,0	179	99
47,94	0,0	58,73	0,2	175	99
1130,1623	2,1	1423,2002	0,0	144	99
66,95	0,2	84,119	2,1	143	99
24,46	6,7	15,50	18,7	143	99
89,87	6,7	82,78	18,7	216	99
136,138	0,1	153,153	0,3	216	99
614,887	1,0	804,871	0,1	225	99
1868,2623	0,0	2589,2345	2,1	2872	99
14,36	0,1	17,34	2,2	168	99
99,148	2,1	107,108	1,0	153	99
2042,2951	3,0	1988,2270	5,3	248	99
1407,2114	0,0	1537,1717	0,1	167	99
450,619	0,1	1293,1612	0,0	253	99
572,766	0,1	1765,2171	0,0	273	99
561,761	0,0	1574,1923	6,0	177	99
9,7	0,0	14,3	0,4	146	99
104,142	9,10	203,181	7,12	126	99
15113,21408	1,0	10887,17227	0,0	422	99
1029,1645	0,2	1268,1695	1,0	170	99
763,1230	0,0	997,1321	5,1	180	99
327,500	0,0	418,523	0,2	180	99
159,289	0,0	243,328	0,2	143	99
596,1001	0,0	810,1125	0,2	143	99
78,99	0,0	107,92	2,0	197	99
12,16	62,68	13,12	75,60	141	99
234,307	0,1	284,343	3,4	188	99
38,60	5,3	62,66	3,4	164	99
120,160	5,3	196,198	3,4	153	99
127,210	0,1	184,197	0,0	160	99
512,766	1,0	526,609	0,0	230	99
386,606	1,0	620,608	0,0	325	99
213,322	1,0	334,371	0,0	187	99
9,6	0,0	21,20	1,0	178	99
7,6	579,842	5,10	783,801	198	99
1196,1585	0,0	1767,1768	1,0	148	99
307,443	0,2	505,484	8,3	139	99
9,5	59,70	12,10	73,82	185	99
177,212	0,1	250,269	0,0	183	99
196,259	1,0	318,276	0,0	170	99
1129,1400	0,0	1173,1213	1,0	206	99
976,1408	1,0	964,924	0,0	213	99
85,81	1,2	97,102	2,2	133	99
322,421	2,3	415,450	1,0	193	99
424,541	0,0	561,493	0,1	242	99
80,139	693,859	114,149	900,1022	156	99
92,130	1,0	141,107	0,0	238	99
250,359	1,4	368,368	2,0	170	99
20,34	12,18	12,10	38,28	237	99
489,846	3,1	702,731	4,2	176	99
7,17	21,18	23,38	12,25	156	99
24,21	17,22	19,31	41,30	208	99
199,320	0,0	208,274	1,0	190	99
132,208	1,0	176,199	0,0	148	99
31370,48816	46,58	13281,29251	15,36	571	99
36080,56263	46,58	15293,33755	15,36	567	99
177,297	45,80	217,248	43,51	145	99
125,149	0,0	188,150	0,1	178	99
721,1179	0,0	681,1015	1,0	191	99
34,48	1,1	35,44	0,0	224	99
752,1195	3,1	935,1125	0,0	194	99
1158,1587	0,2	1201,1399	0,0	168	99
2,0	1,0	3,2	3,3	199	99
30,44	0,0	23,27	1,0	162	99
24,44	0,0	39,29	2,0	152	99
38,28	0,1	69,29	0,0	186	99
0,0	779,1205	1,0	855,1000	130	99
57,49	0,2	39,45	0,1	191	99
259,394	0,0	455,465	1,0	164	99
273,495	0,4	331,401	1,2	192	99
30,49	2,0	53,75	0,0	181	99
1361,1873	1,0	2165,2630	0,0	174	99
113,133	0,0	147,172	1,0	186	99
189,228	0,0	285,299	1,0	182	99
96,107	0,0	109,104	0,2	153	99
213,297	2,0	272,353	2,1	180	99
464,568	0,1	507,634	0,0	178	99
64,110	0,1	80,94	0,0	153	99
2,0	102,150	2,0	116,194	219	99
1724,2461	0,0	2197,2197	0,1	279	99
1943,2790	0,0	2715,2813	0,1	282	99
3,0	0,0	105,1	13,0	187	99
749,1097	0,3	1465,1858	1,0	137	99
1097,1516	25,35	2163,2439	9,18	186	99
228,294	0,1	285,376	0,0	389	99
351,532	19,38	495,646	11,12	163	99
8,14	2,7	7,13	6,1	136	99
134,215	0,1	155,150	0,0	200	99
237,308	4,2	321,309	1,2	145	99
158,210	9,8	197,183	4,4	138	99
213,266	0,1	284,328	0,0	117	99
193,260	0,3	260,271	0,0	142	99
17,21	22,26	20,32	2,6	171	99
18,25	61,110	24,36	52,67	171	99
18,15	11,9	20,31	11,5	171	99
9444,13412	2,6	7736,10062	0,3	219	99
354,525	12,8	298,419	2,6	121	99
587,715	0,0	766,755	0,2	822	99
112,156	0,1	101,74	0,0	183	99
1335,1771	2,2	1863,2210	0,0	193	99
29,48	103,165	47,69	166,137	206	99
41,51	103,165	35,45	166,137	163	99
15,27	103,165	8,12	166,137	189	99
43,46	103,165	58,62	166,137	605	99
3,0	2,0	5,5	0,0	149	99
21,26	103,165	26,34	166,137	149	99
452,780	2,0	454,603	0,0	159	99
204,287	0,0	309,267	1,0	160	99
100,163	0,0	172,149	0,1	230	99
488,893	1,0	575,701	5,0	179	99
91,137	2,2	95,99	1,2	176	99
19,10	0,2	32,20	3,0	316	99
38,57	1,0	56,60	1,0	209	99
102,168	1,4	147,153	0,1	173	99
141,186	0,0	180,188	0,1	203	99
117,162	5,1	130,132	0,0	209	99
251,345	5,1	278,236	0,0	226	99
3,3	25,28	0,0	27,40	138	99
2,1	25,28	0,2	27,40	141	99
174,289	1,0	85,166	0,1	231	99
14,14	29,60	16,11	26,37	145	99
41,47	29,60	63,53	26,37	125	99
148,234	4,8	137,154	0,3	244	99
183,333	4,8	199,218	0,3	218	99
61,113	4,8	60,86	0,3	123	99
103,146	2,1	238,179	0,4	229	99
198,362	1,4	256,221	0,0	151	99
286,461	0,0	473,543	1,0	210	99
38,51	0,0	31,41	1,0	141	99
81,127	0,0	87,123	1,0	156	99
6,23	0,1	4,5	0,0	103	99
17,22	0,1	28,29	0,0	184	99
108,139	0,0	180,124	1,0	138	99
303,364	0,0	485,471	1,0	425	99
129,198	1,0	156,183	0,0	258	99
6,12	1,0	27,22	0,0	323	99
5,1	0,0	17,29	0,2	187	99
2328,3299	0,1	2821,3199	0,0	276	99
16,23	344,595	12,17	484,542	244	99
570,923	4,0	745,821	1,2	240	99
45,71	36,46	64,75	34,55	228	99
1839,2766	0,0	1984,2308	1,0	177	99
236,347	0,2	195,286	0,0	136	99
309,355	0,0	328,318	0,1	166	99
7,6	0,0	12,9	1,0	160	99
21,13	0,0	32,26	1,0	139	99
345,445	0,3	382,418	2,2	187	99
536,836	1,0	617,726	0,0	181	99
1393,1820	1,2	1501,1793	0,3	226	99
766,915	1,2	764,939	0,3	214	99
0,0	696,851	0,2	696,868	126	99
97,119	0,1	130,131	0,0	215	99
186,388	6,4	296,348	1,0	210	99
158,211	0,0	174,196	1,0	183	99
127,198	1,3	178,176	2,2	185	99
180,270	2,0	216,229	0,2	211	99
1425,2167	1,0	1806,2168	0,1	175	99
1752,2539	0,0	1930,2293	1,0	272	99
119,190	0,0	111,125	1,0	216	99
487,663	4,7	548,687	0,6	150	99
79,122	1,0	123,131	0,0	192	99
119,135	152,281	101,128	181,203	181	99
12,42	1,0	23,29	0,2	270	99
16,42	1,5	33,42	2,0	270	99
13,13	1,5	15,24	2,0	184	99
12,16	0,0	7,4	0,1	133	99
237,366	0,0	228,286	0,1	206	99
124,148	0,0	141,147	0,1	176	99
16,22	88,108	4,9	104,98	120	99
3221,4787	7,18	2564,4207	7,6	366	99
4838,7311	0,1	3838,6517	1,0	369	99
501,662	3,2	643,638	1,1	194	99
14,32	0,0	17,32	2,0	251	99
539,998	0,1	499,757	0,0	262	99
250,362	6,7	353,293	12,11	128	99
125,193	0,0	158,203	0,4	163	99
55,104	2,0	78,99	0,0	177	99
419,685	0,1	413,394	0,0	225	99
80,117	2,1	78,99	1,1	142	99
4,7	2,8	7,10	5,4	185	99
2,1	2,8	6,4	5,4	186	99
4,11	0,1	12,7	1,2	151	99
4,9	6,4	8,9	0,3	151	99
0,0	25,35	2,2	49,31	154	99
3,6	50,90	7,7	95,100	173	99
179,302	3,3	333,307	2,1	189	99
78,173	2,2	161,161	12,11	127	99
156,204	1,1	186,256	0,0	189	99
136,198	2,0	165,227	0,0	198	99
31,37	0,1	36,42	2,1	156	99
26,30	0,1	60,52	2,1	152	99
423,565	29,51	383,471	67,89	164	99
665,996	1,0	984,862	0,0	129	99
54,68	1,2	43,71	1,1	137	99
9,2	1,2	3,3	1,1	205	99
506,873	0,2	1182,1103	0,0	182	99
98,214	14,12	144,147	3,6	163	99
250,345	0,0	454,537	0,2	304	99
315,448	2,3	580,701	2,1	304	99
4,19	2,3	10,27	2,1	249	99
13,31	74,115	22,40	138,179	249	99
140,257	2,1	289,392	0,1	143	99
338,572	0,2	463,357	0,0	140	99
144,221	0,0	199,207	2,0	227	99
58,171	0,1	98,126	0,0	218	99
26,32	0,1	17,9	0,3	161	99
105,178	0,0	158,173	1,0	200	99
148,207	0,0	245,257	0,1	156	99
69,63	3,5	97,93	4,3	150	99
19,42	134,227	56,49	155,205	573	99
95,156	2,0	156,128	1,5	217	99
400,695	0,0	583,677	0,2	204	99
31,43	2,3	24,21	1,0	165	99
10,13	39,43	15,14	47,66	207	99
1486,2095	2,2	2475,2475	0,9	184	99
15,22	17,14	17,31	9,6	562	99
423,529	1,0	639,636	0,0	301	99
42,49	0,0	55,51	1,0	157	99
619,934	0,0	1009,933	0,1	176	99
591,777	1,0	959,1039	0,0	171	99
68,83	0,1	70,71	0,0	168	99
37,64	10,2	78,103	22,24	141	99
141,179	0,1	179,156	0,0	459	99
56,94	1,0	107,85	0,0	190	99
185,312	0,2	325,440	0,0	171	99
3,14	0,1	0,5	0,0	226	99
2,15	0,1	0,6	0,0	229	99
212293,259984	0,0	398844,434441	1,1	234	99
122136,149946	0,0	227253,258906	1,1	227	99
380,467	0,0	485,512	0,1	138	99
1075,1535	0,0	1618,1540	0,1	158	99
1,1	71,112	0,5	79,118	186	99
2286,3192	10,22	2586,3074	11,26	132	99
777,1041	0,0	877,1036	0,1	132	99
336,444	0,0	291,300	4,1	148	99
52,92	1,1	47,69	2,3	162	99
82,106	0,0	107,80	2,0	130	99
309,548	7,7	325,424	1,9	697	99
320,403	0,0	314,338	0,1	134	99
290,399	1,0	354,443	0,0	202	99
1,0	0,0	6,2	0,2	195	99
303,409	0,0	340,452	1,0	161	99
7,22	10,12	9,15	2,6	186	99
49,70	35,41	135,137	47,52	165	99
97,99	1,0	149,184	2,0	204	99
48,58	1,0	75,105	2,0	177	99
4,4	0,0	6,3	0,1	144	99
4,10	12,24	8,8	20,23	174	99
9,9	14,29	13,7	21,26	178	99
32,46	0,0	104,49	1,0	225	99
4,5	0,0	2,4	1,1	158	99
8,4	9,13	5,16	10,20	144	99
53,94	13,19	72,84	9,2	458	99
56,97	33,43	80,108	36,42	458	99
24,32	13,19	20,24	9,2	221	99
27,35	33,43	28,48	36,42	221	99
21,19	0,1	11,9	1,0	221	99
24,22	0,5	19,33	4,5	221	99
7,15	33,43	4,17	36,42	147	99
14,37	0,3	36,21	1,2	199	99
22,30	57,83	25,35	65,122	198	99
537,763	8,22	636,560	17,16	177	99
2,3	0,1	8,8	0,0	185	99
179,265	17,31	203,219	17,24	180	99
242,339	1,0	529,470	0,0	168	99
76,104	1,0	135,133	0,0	172	99
187,219	2,1	170,233	4,2	155	99
277,376	0,1	339,383	0,0	124	99
403,532	0,0	505,473	1,0	176	99
34,44	1,2	70,57	2,0	190	99
12,28	1,2	39,23	2,0	195	99
209,282	0,1	198,223	0,0	153	99
442,550	1,0	549,514	0,0	169	99
3653,3849	2,0	4378,4952	0,0	202	99
350,397	0,2	726,613	0,0	177	99
7,11	58,100	9,6	76,94	132	99
502,806	0,0	687,697	1,1	200	99
182,302	1,0	306,327	0,0	158	99
390,533	0,1	456,504	0,0	261	99
172,258	0,1	238,260	0,0	155	99
277,403	1,0	375,452	0,0	163	99
176,228	1,0	273,307	0,1	266	99
390,531	4,7	513,536	17,15	392	99
354,559	0,1	642,649	0,0	2243	99
187,334	0,0	255,284	0,1	242	99
169,202	1,0	246,267	0,0	241	99
206,375	0,0	314,362	0,1	228	99
309,542	0,0	466,505	0,1	180	99
853,1316	0,1	817,1129	0,0	184	99
67,89	4,7	66,83	2,0	205	99
79,113	4,7	77,103	2,0	492	99
79,113	4,7	77,104	2,0	495	99
7,3	11,15	8,13	10,4	122	99
18,14	11,15	25,34	10,4	125	99
2541,4058	0,0	3324,4155	0,1	186	99
100,161	0,0	145,131	1,6	172	99
215,343	0,1	136,189	0,0	133	99
462,622	0,0	671,719	0,1	204	99
149,192	0,2	157,144	0,4	165	99
57,97	0,0	84,76	0,1	162	99
112,177	0,0	129,123	0,1	188	99
100,126	0,2	132,83	1,0	167	99
140,178	3,0	156,117	0,0	167	99
52,93	0,1	42,62	0,0	365	99
521,835	0,2	677,930	0,0	209	99
4,5	217,353	2,2	284,365	279	99
1043,1740	0,2	1240,1631	0,0	207	99
148,252	1,1	171,166	3,3	254	99
84,164	1,1	94,108	3,3	212	99
1,3	116,186	0,2	115,168	243	99
275,401	0,1	489,347	0,0	758	99
97,210	0,1	268,372	0,0	161	99
532,776	1,5	549,691	1,0	196	99
476,669	1,0	257,372	0,0	155	99
360,500	1,0	445,515	0,0	163	99
153,190	0,0	178,177	0,1	152	99
656,1101	0,0	593,786	0,2	217	99
33,31	3,1	49,25	2,8	151	99
170,232	0,0	148,220	2,0	156	99
220,412	0,1	287,306	0,0	276	99
22,39	52,129	13,19	66,101	154	99
43,59	1,0	45,37	0,0	157	99
31,59	2,3	25,15	0,3	256	99
1,2	388,564	3,1	414,472	297	99
822,1237	2,4	885,1035	1,3	162	99
275,429	0,1	435,373	1,0	194	99
0,1	1,2	0,0	5,2	166	99
107,136	0,0	101,104	0,3	168	99
463,573	0,0	593,490	1,0	152	99
120,171	0,0	166,167	3,1	155	99
537,794	2,0	667,796	0,0	190	99
215,379	2,6	283,361	2,0	174	99
24,27	1,2	18,45	1,4	151	99
77,207	0,4	99,150	0,1	167	99
98,139	0,0	186,112	0,1	319	99
103,146	2,0	83,187	0,0	215	99
756,914	0,1	917,954	0,0	639	99
102,105	1,0	154,110	0,2	213	99
107,163	8,12	128,140	20,18	180	99
7869,9605	0,2	8690,12322	0,1	165	99
179,240	0,0	229,242	0,3	145	99
576,729	1,0	675,826	0,0	309	99
123,224	1,0	180,172	0,0	142	99
123,205	2,1	228,256	3,1	213	99
1336,1687	1,0	2195,2286	0,0	285	99
742,1200	1,6	819,1091	0,6	247	99
131,197	0,0	176,174	0,1	190	99
81,106	0,1	91,88	1,0	145	99
39,46	7,18	35,47	14,10	190	99
406,609	0,0	516,589	1,1	203	99
10,8	32,46	3,18	25,36	186	99
52,55	49,64	34,49	51,48	149	99
48,59	0,0	65,56	0,3	132	99
9850,15525	8,3	8183,13603	1,3	226	99
70,147	0,1	97,104	0,1	236	99
604,719	0,0	724,662	0,1	818	99
130,183	0,1	167,181	0,0	221	99
191,296	0,0	343,289	3,0	206	99
152,262	1,0	227,238	1,0	164	99
35,60	4,0	63,56	0,2	165	99
46,56	0,4	81,49	1,1	191	99
34,56	1,0	7,19	0,0	148	99
7,12	24,28	10,6	43,38	130	99
1,0	146,195	0,0	189,175	190	99
94,122	1,1	111,107	1,2	145	99
14,21	46,60	38,29	61,72	324	99
17,32	46,60	52,42	61,72	309	99
117,113	1,2	75,110	2,2	196	99
15,36	95,145	42,40	89,79	135	99
2,0	5,11	3,1	12,10	177	99
846,1045	0,0	1164,1029	1,0	204	99
45,52	0,0	46,28	1,0	151	99
41,63	0,0	34,26	0,1	160	99
11,15	0,0	10,11	0,1	148	99
141,206	3,0	200,232	0,0	188	99
1,0	0,0	2,0	2,0	304	99
191,258	1,0	211,188	0,0	199	99
1,1	755,990	0,0	905,906	159	99
88,100	0,14	80,44	6,5	575	99
89,94	0,14	76,43	6,5	555	99
45,49	0,14	45,17	6,5	336	99
53,90	1,0	34,68	0,0	213	99
2,3	25,39	0,0	31,43	172	99
0,1	3,4	0,2	3,0	172	99
2757,4382	2,0	3279,4511	0,1	165	99
22,27	3,3	44,63	1,1	167	99
128,193	22,46	248,213	30,35	274	99
114,171	0,0	66,73	1,0	124	99
523,770	0,0	604,700	0,1	163	99
40,68	5,14	27,39	2,3	124	99
15,20	5,14	10,21	2,3	151	99
63,87	5,14	55,77	2,3	112	99
16,16	5,14	24,57	2,3	139	99
3473,5843	0,1	3949,5937	0,0	213	99
94,135	0,2	138,84	0,0	135	99
216,311	0,0	193,261	0,1	184	99
72,121	0,4	75,97	1,4	162	99
171,266	1,0	151,242	0,0	159	99
89,74	2,0	106,63	0,0	170	99
161,233	0,1	186,198	0,0	178	99
81,119	0,0	88,91	0,2	119	99
90,192	0,0	305,389	1,1	172	99
113,161	0,0	167,127	1,0	156	99
13,31	310,423	23,13	398,445	265	99
34,47	21,31	56,67	29,26	139	99
39,79	1,0	83,58	0,1	145	99
145,229	2,1	142,169	0,0	139	99
30,57	2,0	29,41	0,0	155	99
28,29	2,0	26,23	7,4	137	99
35,38	0,5	27,28	1,4	137	99
1714,2529	1,0	2169,2314	0,0	221	99
1220,1488	1,0	1907,1779	1,3	192	99
794,1182	1,0	1084,1364	0,0	154	99
1032,1451	1,0	1246,1223	0,0	127	99
747,1059	3,2	1392,1516	6,6	150	99
232,348	0,3	291,383	0,0	163	99
67,81	0,1	70,81	3,0	143	99
49,88	0,1	90,75	3,0	146	99
1978,2649	2,1	2345,2751	1,1	213	99
245,280	190,255	209,260	193,256	115	99
16,9	246,255	15,11	344,275	142	99
146,239	0,2	236,281	0,2	182	99
242,282	0,1	374,356	0,0	216	99
852,1396	1,2	686,1160	0,0	159	99
215,269	4,13	238,254	11,11	347	99
64,80	6,10	51,49	4,4	137	99
336,530	0,0	558,531	3,0	205	99
164,215	2,0	188,187	0,1	153	99
317,456	0,2	370,337	0,0	222	99
262,333	0,0	288,313	2,0	170	99
4334,5697	3068,4355	3545,4932	1983,2868	215	99
1,2	4,1	4,3	4,3	147	99
575,801	2,0	805,716	0,0	226	99
290,469	0,1	355,415	0,0	184	99
193,325	0,0	239,229	1,0	205	99
59,91	1,0	114,78	0,0	211	99
73,74	4,8	183,119	5,0	223	99
1031,1523	2,2	1379,1481	4,15	277	99
899,1310	2,2	1006,1168	4,15	274	99
0,1	551,707	1,1	666,855	166	99
206,273	0,0	363,380	4,2	229	99
55,66	27,56	43,24	26,39	261	99
58,72	27,56	45,24	26,39	274	99
137,216	0,1	142,350	0,0	116	99
2677,4296	0,1	3065,4845	0,0	158	99
7140,11035	0,0	7612,12429	1,0	511	99
7566,11736	0,0	8115,13203	1,0	550	99
8596,13347	0,0	9258,14996	1,0	559	99
1268,1999	0,5	1420,2252	0,0	173	99
186,242	33,34	174,216	55,59	157	99
229,486	1,0	391,438	0,0	385	99
270,377	25,24	228,350	19,31	104	99
175,172	0,0	156,165	1,0	297	99
1,2	246,308	1,0	254,356	201	99
427,544	0,0	420,619	0,2	176	99
21,24	782,1087	43,20	1108,947	277	99
208,309	1,1	156,226	1,1	178	99
235,451	0,0	403,403	1,0	174	99
376,554	1,0	512,698	0,0	198	99
0,7	4028,5874	8,3	4893,6394	225	99
8,6	821,1135	6,16	890,1138	240	99
431,595	0,1	577,611	0,0	282	99
382,499	2,0	656,816	0,0	186	99
352,432	0,0	442,650	1,0	206	99
127,186	0,0	184,239	1,0	345	99
34,54	0,0	78,60	0,1	200	99
302,475	15,21	314,420	4,11	126	99
808,1313	0,2	891,1296	0,0	246	99
78,109	0,0	112,116	0,1	142	99
1763,2575	3,11	2251,2479	1,1	222	99
926,1320	3,11	1165,1273	1,1	453	99
930,1322	3,11	1176,1285	1,1	539	99
83,143	8,5	128,116	4,5	188	99
112,137	1,4	147,183	1,7	301	99
590,887	3,0	940,1139	0,1	4435	99
119,153	1,0	145,151	0,0	188	99
15,37	260,382	16,14	298,398	309	99
16,28	260,382	4,6	298,398	176	99
3,21	7,23	10,16	20,10	145	99
7,12	2,9	16,11	14,4	140	99
1001,1134	0,2	1615,1479	2,0	186	99
82,146	0,2	106,112	0,1	176	99
1272,1471	0,0	1643,2521	0,1	165	99
2873,3845	2,0	3246,3615	1,0	178	99
4,5	6,18	5,15	15,20	214	99
47,67	3,0	58,61	0,0	158	99
23,54	1,0	56,59	0,0	165	99
208,429	0,1	340,356	0,0	199	99
131,172	0,0	157,116	1,0	218	99
10055,11866	1,1	8198,10687	1,0	567	99
2,7	313,407	3,3	386,404	268	99
724,998	1,0	900,993	0,0	159	99
379,513	0,1	469,465	4,3	155	99
367,524	2,0	463,450	0,0	162	99
281,394	0,1	460,396	0,0	230	99
193,270	0,2	285,242	2,1	220	99
1466,1964	0,1	1859,2082	0,6	226	99
240,325	1,0	280,372	0,0	229	99
150,234	6,16	238,194	11,5	178	99
92,139	0,2	107,120	0,0	354	99
11,14	0,2	18,7	0,0	133	99
61,92	4,4	97,66	2,3	208	99
164,273	2,4	213,284	0,2	186	99
150,259	8,12	203,271	18,24	186	99
74,92	1,0	78,77	1,0	162	99
1,4	71,75	8,5	66,61	132	99
23,71	0,1	40,37	0,0	168	99
969,1559	0,1	1165,1253	0,0	162	99
130,158	0,2	86,134	0,0	159	99
406,557	0,0	443,410	1,0	157	99
922,1373	1,0	896,1203	0,0	480	99
140,151	1,0	220,175	0,0	262	99
155,252	2,1	261,249	0,0	158	99
299,445	0,0	373,460	1,0	138	99
234,301	7,11	338,381	4,6	228	99
659,1170	0,0	955,1474	0,5	226	99
29,45	2,2	38,29	2,0	174	99
271,509	0,1	457,529	0,0	131	99
506,912	6,14	792,902	11,3	231	99
453,553	127,148	520,619	149,171	239	99
896,1346	0,0	1250,1288	2,0	165	99
289,356	0,0	253,296	0,1	156	99
729,1220	4,3	646,934	3,0	170	99
11,26	65,95	25,31	62,60	139	99
154,209	0,0	151,164	0,2	166	99
82,95	0,0	86,82	0,1	230	99
337,545	0,0	447,528	1,0	205	99
1,9	2236,2965	3,6	2816,3252	343	99
3,14	18,14	7,15	36,15	346	99
3,12	18,14	7,15	36,15	343	99
24,19	0,0	18,20	0,1	175	99
81,115	1,4	100,79	2,1	170	99
73,80	0,0	76,87	0,1	154	99
288,381	0,0	467,428	0,2	135	99
1327,1910	0,3	1941,2132	0,0	219	99
315,441	0,1	255,333	0,0	195	99
227,361	4,2	235,336	1,5	202	99
423,602	0,0	662,750	0,2	186	99
167,195	1,0	182,192	0,0	160	99
50,76	0,1	78,78	0,0	188	99
44,85	105,155	107,121	112,104	201	99
21,54	0,0	70,77	0,1	201	99
159,257	0,0	205,221	0,1	162	99
90,139	0,0	147,169	5,0	162	99
0,2	0,0	0,0	5,0	154	99
1642,2210	0,0	2264,2378	2,0	448	99
334,387	2,6	404,384	9,3	188	99
519,644	0,0	743,670	1,0	174	99
7,15	124,139	0,3	134,119	149	99
32,41	0,4	18,28	1,2	206	99
31,36	0,4	28,40	1,2	211	99
0,0	14,22	1,0	25,32	153	99
41,64	49,34	67,71	47,45	318	99
28,50	49,34	45,52	47,45	297	99
5,13	49,34	21,18	47,45	309	99
507,791	0,6	598,582	1,0	251	99
56,92	164,235	82,89	189,138	134	99
296,417	1,0	264,290	1,1	1077	99
39,77	0,0	83,58	0,1	207	99
11,12	0,0	53,58	1,4	172	99
156,252	1,0	135,158	0,1	265	99
274,333	0,2	281,333	0,0	169	99
2551,2731	0,0	2688,2359	0,1	157	99
370,488	1,0	388,469	0,0	203	99
237,392	2,2	273,398	1,3	162	99
117,129	0,0	127,140	0,1	153	99
77,134	6,7	125,124	6,2	153	99
38,81	6,7	60,59	6,2	184	99
0,1	120,183	0,0	122,161	159	99
24,24	5,9	46,53	7,4	133	99
249,350	5,9	282,405	7,4	162	99
321,410	1,2	341,512	4,4	152	99
54,100	0,0	133,114	0,2	310	99
9,7	0,2	12,12	0,0	154	99
109,149	0,0	164,164	3,0	155	99
184,266	1,2	178,162	0,2	182	99
85,109	1,0	136,155	0,0	186	99
3,5	1461,2097	0,4	1696,1584	163	99
49,102	1461,2097	78,97	1696,1584	255	99
61,132	1461,2097	106,113	1696,1584	252	99
39,71	17,22	51,36	10,21	345	99
379,582	1,0	448,595	0,0	264	99
313,539	0,0	340,446	1,0	165	99
66,104	0,2	81,68	4,2	179	99
151,203	2,0	312,345	0,0	192	99
26,64	2,2	100,77	0,0	177	99
756,985	0,0	948,1047	0,1	118	99
751,1018	0,6	1062,1058	1,0	147	99
4,7	17,24	0,3	21,17	146	99
703,963	75,97	888,1082	57,128	285	99
658,926	75,97	834,1017	57,128	587	99
1255,1835	1,4	1490,1438	3,1	2103	99
1030,1755	6,13	1376,1543	10,9	169	99
123,194	0,1	143,145	1,0	119	99
230,428	12,11	350,340	14,4	160	99
89,111	0,1	121,142	0,1	147	99
145,258	1,4	198,195	9,6	202	99
218,408	0,0	262,279	0,1	197	99
41,52	0,2	86,96	0,1	159	99
119,150	0,2	85,110	0,0	189	99
31,34	201,230	41,19	144,193	195	99
232,409	0,1	311,285	0,0	1821	99
311,399	0,1	236,310	0,0	157	99
603,785	1,0	857,1070	0,0	180	99
503,595	0,2	664,863	0,0	129	99
30,48	0,0	34,36	1,1	196	99
549,706	26,27	647,751	23,31	179	99
308,409	4,6	477,566	2,8	179	99
277,354	471,604	349,423	533,618	179	99
47,50	0,10	45,39	0,3	196	99
573,734	0,0	810,759	0,1	323	99
196,236	0,0	234,247	0,1	255	99
238,401	3,3	300,378	0,0	156	99
241,285	2,6	323,344	1,4	825	99
782,1039	1,0	1060,1341	0,0	202	99
867,1206	3,6	1208,1345	8,23	197	99
661,875	0,0	916,1003	1,0	152	99
77,139	3,3	88,125	1,2	118	99
1,0	359,418	2,0	423,505	193	99
502,361	0,0	767,302	2,0	352	99
6,10	25,17	5,11	11,18	620	99
70,136	0,1	134,98	2,0	206	99
99,168	0,1	130,167	0,0	155	99
6,6	111,175	3,0	131,170	151	99
170,172	0,0	240,155	2,0	245	99
43,44	0,1	38,50	0,2	149	99
4,11	0,1	11,2	0,0	319	99
859,1118	0,0	820,1084	1,0	319	99
77,153	1,1	91,151	0,0	360	99
82,135	1,0	134,74	0,0	162	99
108,176	6,2	154,99	1,2	162	99
131,200	0,1	200,133	0,0	162	99
17,15	0,1	22,7	0,0	166	99
152,267	1,0	129,222	0,0	216	99
38,55	0,0	44,57	4,0	180	99
1,7	16,27	2,1	7,18	237	99
37,46	10,16	15,25	8,14	144	99
421,501	0,1	514,552	0,0	139	99
1603,2320	0,0	2696,2822	1,0	202	99
100,131	226,299	108,78	202,255	206	99
225,303	1,4	202,255	6,5	159	99
1730,2945	1,0	1768,2309	0,0	323	99
1233,2141	3,0	1286,1737	4,0	323	99
20,32	3,0	22,32	4,0	137	99
501,804	0,0	494,578	0,1	137	99
389,608	0,0	491,410	0,2	2929	99
12,16	0,0	26,11	1,0	244	99
15,25	0,0	33,40	0,1	227	99
8,24	2,4	13,15	6,6	160	99
82,137	0,2	109,120	0,0	182	99
730,914	0,0	824,757	0,1	187	99
615,745	0,0	749,701	0,2	196	99
353,439	0,0	303,320	0,3	262	99
50,73	0,1	116,106	0,0	252	99
435,560	0,1	755,569	0,0	162	99
89,122	1,0	66,87	1,2	177	99
165,231	1,0	107,155	1,2	183	99
147,237	1,3	192,218	0,0	352	99
1449,2063	0,0	1927,2151	2,0	309	99
3699,5010	0,1	6159,9031	0,0	190	99
701,1141	1,1	784,1050	1,2	237	99
655,984	0,2	940,1014	1,1	183	99
628,872	369,517	684,1040	342,468	245	99
723,1099	0,0	1135,1292	1,0	155	99
103,176	0,1	176,252	0,0	184	99
404,657	0,0	626,895	0,1	354	99
22,26	0,4	12,36	1,2	145	99
182,375	0,1	217,197	1,0	163	99
124,173	0,0	161,164	0,1	146	99
64,135	1,1	119,132	1,7	173	99
98,160	0,2	137,143	0,0	145	99
225,432	2,0	322,351	0,0	185	99
258,408	0,0	341,425	0,1	165	99
370,564	0,2	533,551	0,2	184	99
203,323	0,0	275,257	0,1	143	99
189,309	39,94	248,211	78,148	162	99
99,151	1,1	139,109	0,0	162	99
175,343	1,1	280,387	0,0	159	99
231,419	3,3	318,348	0,0	159	99
35,33	1,0	34,32	0,0	153	99
105,112	7,0	160,80	0,1	241	99
256,335	0,1	342,322	0,0	154	99
176,267	0,0	225,284	1,0	152	99
17,24	1,1	18,15	0,0	156	99
28,62	3,7	25,68	5,0	181	99
9,14	0,0	14,23	1,0	210	99
56,114	0,0	95,78	0,1	200	99
1872,2634	0,0	2411,2581	1,1	147	99
111,154	56,77	120,128	149,135	180	99
48,50	1734,2035	71,41	2204,2270	263	99
495,741	0,0	662,662	1,0	271	99
105,166	0,0	143,187	6,0	141	99
131,196	0,4	248,203	1,0	217	99
1217,1516	0,0	1786,1815	2,0	153	99
508,715	1,1	690,593	5,4	217	99
67,100	2,0	60,89	1,0	194	99
154,188	0,0	259,237	1,0	301	99
1088,1593	2,0	2249,2508	0,0	114	99
2018,3000	0,0	3781,4086	2,4	162	99
2684,4271	0,0	5847,6100	1,0	201	99
202,311	0,0	266,280	1,1	173	99
655,959	2,3	624,847	1,7	161	99
77,105	0,0	88,112	0,1	270	99
169,247	1,0	279,318	0,0	146	99
143,228	0,0	239,342	2,8	138	99
54,68	0,0	106,129	2,8	162	99
1074,1454	0,0	1179,1289	0,1	571	99
464,736	0,0	691,740	0,2	226	99
0,0	19,24	0,7	92,69	181	99
178,303	0,0	270,330	1,0	249	99
180,245	0,0	218,267	0,3	175	99
422,633	2,0	516,523	0,0	164	99
4844,8687	1,0	470,3667	0,0	777	99
103,180	2,1	159,150	0,0	289	99
172,249	1,1	232,209	1,0	346	99
67,131	1,2	113,89	0,0	261	99
384,614	9,13	437,415	14,7	366	99
361,468	1,0	432,538	0,0	178	99
16,29	2,0	26,14	2,1	213	99
4,2	1,0	4,4	0,0	159	99
72,143	0,0	80,118	0,1	165	99
123,287	0,0	182,235	0,1	241	99
143,310	0,0	197,192	1,0	185	99
406,537	0,0	506,498	0,1	197	99
326,427	1,0	417,419	1,0	191	99
131,200	1,0	188,190	2,0	191	99
3897,6279	0,4	3778,6122	2,3	211	99
57,90	4,14	73,104	4,8	180	99
100,104	0,1	155,143	0,0	253	99
17,35	76,106	15,28	147,165	133	99
14,36	34,35	18,15	42,69	138	99
3298,5035	11,44	2900,3864	4,10	159	99
4100,6133	4,5	3530,4817	2,5	192	99
5236,8159	0,0	4649,6558	1,0	204	99
11747,15709	1,0	15000,14025	0,0	1818	99
173,247	0,0	216,240	1,1	159	99
10184,13898	0,1	20828,20702	0,1	264	99
349,461	0,1	391,465	0,0	213	99
35,71	1,0	90,90	0,0	346	99
28,16	0,4	39,27	1,1	281	99
46,27	0,4	51,39	1,1	261	99
108,111	0,0	125,118	1,0	147	99
47,92	0,0	88,84	0,1	186	99
73,148	0,0	145,101	0,1	247	99
2,12	0,0	13,6	0,1	232	99
46,50	2,1	70,31	0,0	155	99
18,20	0,1	31,16	0,2	184	99
31,30	0,1	32,31	0,0	146	99
413,517	0,0	611,503	0,1	153	99
18,17	2,3	23,21	4,3	206	99
37,56	2,3	79,89	4,3	298	99
193,243	1,0	195,315	0,0	136	99
132,187	0,0	162,167	1,0	195	99
239,314	0,0	237,278	1,0	201	99
0,4	29,36	2,3	31,39	224	99
20,26	3,2	18,27	0,3	159	99
248,405	0,0	403,367	1,5	209	99
86,118	0,0	91,92	0,1	225	99
2236,3251	11,7	2733,2798	1,2	1729	99
1,0	419,653	0,1	574,662	146	99
41,69	1,0	77,101	0,3	188	99
254,260	2,1	268,277	0,0	107	99
4234,5359	0,0	4230,4553	0,1	1796	99
4237,5382	0,0	4235,4567	0,1	1799	99
4252,5413	0,0	4283,4598	0,1	1836	99
327,502	0,1	435,461	0,0	287	99
17,47	1,1	32,30	1,2	155	99
40,83	0,4	86,95	0,0	185	99
831,1335	0,1	1231,1366	0,0	250	99
1004,1692	1,3	1565,1626	1,0	259	99
130,173	0,0	169,184	0,1	144	99
5,11	148,187	11,11	177,163	167	99
1,0	17,6	0,2	8,3	156	99
170,265	1,0	208,272	0,1	160	99
249,354	1,2	279,375	1,0	179	99
733,983	0,0	1018,977	2,0	162	99
64,74	3,2	111,114	8,3	212	99
152,197	1,3	404,285	2,2	225	99
389,538	2,6	467,490	8,6	310	99
66,120	0,1	119,148	1,2	180	99
363,673	0,1	304,567	0,0	132	99
74,99	0,1	98,89	0,0	172	99
130,155	1,1	167,189	0,1	164	99
18,20	23,47	15,23	28,35	155	99
274,416	6,13	452,499	4,3	273	99
303,464	0,0	494,525	0,2	273	99
884,1286	0,1	942,1195	0,2	204	99
823,1327	0,1	969,1233	0,0	174	99
189,287	0,0	211,304	0,1	133	99
13,23	0,1	18,23	0,0	157	99
7118,8768	0,0	8925,9041	0,1	201	99
6569,8684	0,0	10126,10107	1,0	201	99
276,350	0,0	444,348	0,1	181	99
168,276	1,0	280,400	0,0	162	99
22,40	4,3	44,58	3,3	149	99
13922,20024	0,4	18969,25216	0,1	165	99
31,16	0,0	57,49	3,0	141	99
289,438	0,1	323,361	2,3	216	99
20,14	5,15	16,9	10,7	150	99
465,639	0,0	597,772	0,4	144	99
1,2	7,12	2,1	5,18	172	99
2,0	7,12	4,3	5,18	146	99
10,17	0,1	16,12	0,0	128	99
10,21	14,18	20,27	44,45	180	99
106,160	4,10	139,137	4,5	169	99
233,329	0,0	299,249	0,1	161	99
54,97	1,2	98,80	0,4	233	99
49,48	1,3	48,42	0,1	156	99
283,432	1,0	335,336	0,0	240	99
87,157	0,0	72,99	0,1	189	99
22,38	0,0	40,32	0,1	168	99
29,31	0,0	25,23	0,1	168	99
86,135	1,0	105,116	0,0	168	99
270,352	8,18	207,252	5,7	161	99
105,148	183,256	102,98	247,217	200	99
3,0	0,2	0,2	0,2	163	99
19,42	2,1	39,22	0,0	157	99
38,54	2,1	48,32	0,0	151	99
1129,1712	0,0	1652,1814	0,1	182	99
2038,2618	0,0	2326,2428	0,2	273	99
227,351	0,0	608,591	1,0	182	99
270,374	1,14	299,329	8,5	170	99
153,166	0,1	212,216	0,0	175	99
72,78	0,1	106,111	0,0	352	99
171,210	0,0	128,157	1,0	155	99
2122,2675	12,18	2603,2846	13,12	126	99
1323,1894	0,2	1906,2309	0,3	176	99
240,291	0,0	305,294	0,2	162	99
58,86	1,0	99,60	0,1	205	99
6,6	2,0	7,7	1,0	163	99
147,227	0,0	236,254	0,1	185	99
154,221	1,0	208,248	0,0	237	99
666,983	1,0	986,978	0,0	202	99
25,32	0,0	36,72	1,0	220	99
554,1098	1,0	794,993	1,0	152	99
185,384	0,2	221,324	0,0	152	99
309,553	0,2	448,486	0,0	192	99
702,1312	1,0	1070,1197	0,0	192	99
679,1074	0,3	770,1011	0,0	153	99
1223,1690	0,0	1845,1802	0,1	196	99
1961,2939	0,0	3304,3431	0,1	145	99
1,2	1,0	1,0	0,0	141	99
2,2	893,1134	5,5	1158,1288	165	99
243,327	0,1	277,350	0,0	177	99
64,93	0,0	54,87	0,1	202	99
10,14	0,0	8,27	0,2	138	99
167,200	0,0	189,207	0,3	331	99
100,155	1,7	178,181	6,3	162	99
1366,1849	1,1	1941,1861	0,0	164	99
167,285	1,4	207,226	0,3	188	99
51,63	0,5	28,65	0,0	164	99
36,66	6,5	121,87	4,11	311	99
1084,1343	1,1	1009,1303	0,0	190	99
225,279	0,0	438,326	0,2	198	99
4,2	8,14	2,7	18,13	155	99
122,198	1,0	158,155	0,0	192	99
242,291	0,0	219,282	0,1	164	99
538,867	2,2	565,690	0,0	193	99
630,924	1,1	813,761	0,0	191	99
655,890	0,0	886,898	0,1	241	99
757,1242	0,0	871,925	1,0	194	99
388,617	1,3	466,554	4,2	397	99
434,640	1,3	428,602	4,2	192	99
770,1186	1,3	848,1040	4,2	222	99
275,382	2,1	280,305	1,3	208	99
28,48	1,1	34,37	1,7	171	99
189,259	0,0	285,319	2,0	161	99
4,12	2,0	5,10	0,0	383	99
2,4	2,0	1,5	0,0	238	99
25,30	0,2	11,30	0,0	157	99
9,24	0,1	18,15	1,0	149	99
2811,3664	0,0	4772,4687	0,1	260	99
2,6	0,0	5,23	0,3	163	99
204,279	2,0	300,400	0,0	194	99
385,467	9,1	550,710	6,2	197	99
323,470	1,0	546,594	1,0	192	99
103,172	1,0	158,235	0,0	156	99
1077,1451	0,1	1812,1311	0,0	367	99
103,140	1,1	115,99	0,0	218	99
770,1200	3,8	1205,1174	1,1	206	99
107,171	0,1	160,198	0,0	171	99
455,518	1,1	494,577	4,3	165	99
14,26	0,0	19,9	1,0	160	99
29,68	13,19	51,38	18,25	160	99
161,336	1,3	124,194	0,3	122	99
688,1691	11,41	508,893	6,14	221	99
0,1	62,122	0,0	53,144	127	99
322,413	1,0	401,372	0,1	205	99
67,103	1,0	104,100	0,0	155	99
76,87	1,1	148,151	3,0	287	99
4,2	2,1	7,5	0,6	117	99
7,13	37,53	8,18	53,79	118	99
358,474	1,0	546,652	0,1	192	99
149,189	0,0	224,260	1,0	149	99
386,579	3,9	522,592	2,12	358	99
278,430	3,9	368,406	2,12	468	99
20,37	0,3	30,42	0,4	123	99
46,65	120,107	41,39	100,101	232	99
27,52	39,43	27,64	37,33	208	99
57,102	0,1	63,82	0,0	143	99
242,425	0,0	97,141	1,3	235	99
345,559	0,0	371,449	0,2	169	99
89,92	0,2	99,141	0,1	159	99
490,685	0,0	598,597	1,0	268	99
241,325	0,1	303,349	0,0	239	99
3,4	0,0	5,6	0,2	210	99
803,1196	0,1	1062,931	0,0	160	99
244,362	5,6	327,423	8,2	206	99
24,38	8,13	27,44	19,23	155	99
6,14	8,13	5,11	19,23	141	99
9,14	82,154	14,11	131,137	148	99
201,254	0,0	245,249	0,1	345	99
314,420	0,0	388,409	1,0	221	99
1456,2006	2,0	1992,2106	0,0	194	99
3,4	113,185	5,9	128,156	191	99
6,2	174,305	1,2	220,234	139	99
103,136	0,1	201,222	0,0	208	99
1043,1558	1,0	1311,1489	0,0	168	99
90,116	1,3	98,95	0,2	140	99
123,143	1,0	163,125	0,0	192	99
273,467	1,0	339,408	0,0	167	99
41,82	1,2	53,69	2,0	145	99
124,211	2,0	159,142	0,0	251	99
16,28	109,138	22,47	168,117	236	99
29,36	109,138	19,38	168,117	266	99
11,9	8,7	17,11	22,17	157	99
8,9	0,0	15,11	0,2	213	99
42,57	0,0	68,69	0,1	125	99
841,1234	1,0	1440,1373	0,0	161	99
504,779	0,1	460,535	0,1	220	99
439,640	1,2	337,488	0,0	151	99
222,259	1,2	167,242	0,0	155	99
348,542	0,0	288,369	1,0	138	99
343,603	2,4	526,525	9,14	215	99
177,247	0,1	112,139	3,0	140	99
80,131	0,1	64,105	0,0	189	99
0,0	174,239	2,0	265,229	189	99
236,292	1,7	300,242	7,9	164	99
607,708	1,1	1008,1007	0,0	132	99
155,169	0,0	211,187	1,1	207	99
56,75	1,0	84,88	0,0	168	99
65,106	0,2	118,113	0,2	194	99
42,82	0,2	103,83	0,2	161	99
4017,5186	0,2	4533,4665	2,3	237	99
119,231	0,0	193,231	1,1	230	99
7,5	4,4	14,18	2,9	129	99
3,1	22,33	6,3	29,17	129	99
5,7	41,77	18,10	37,67	129	99
96,148	1,0	125,115	0,0	310	99
0,0	218,329	2,0	219,259	231	99
28,62	65,51	36,51	68,60	410	99
20,29	65,51	35,37	68,60	155	99
93,126	0,1	132,120	0,0	181	99
197,254	0,1	243,237	1,0	162	99
238,338	0,1	245,294	0,0	237	99
649,805	0,0	419,625	2,0	108	99
2112,2764	0,0	1282,2035	1,0	344	99
23,20	0,0	26,8	1,0	159	99
981,1312	0,2	1282,1243	0,0	373	99
954,1331	0,2	1227,1198	0,0	366	99
400,513	0,1	399,383	0,0	295	99
1,2	133,177	8,4	110,114	272	99
41,39	0,0	85,76	0,2	162	99
103,182	0,0	73,127	1,0	177	99
16,23	1,1	16,16	0,0	118	99
88,159	1,0	111,130	0,0	168	99
306,476	0,1	114,128	0,0	219	99
409,544	4,4	556,537	2,7	284	99
378,495	4,4	470,546	2,7	177	99
80,100	11,26	75,88	17,26	195	99
121,209	0,1	150,152	0,1	186	99
0,0	1,0	1,0	1,1	160	99
485,625	1,0	744,704	0,0	197	99
1847,2545	1,0	1764,2585	0,0	242	99
99,159	0,1	182,166	0,0	130	99
91,140	1,1	116,124	4,1	182	99
279,438	1,0	259,301	0,0	232	99
3279,5301	0,1	3715,4297	0,0	1351	99
3607,5854	0,1	4137,4778	0,0	906	99
67,54	72,57	30,31	64,55	188	99
77,62	72,57	46,33	64,55	185	99
595,731	0,0	658,607	1,0	138	99
452,434	0,1	391,379	0,2	167	99
1420,2276	0,1	1861,1898	0,2	159	99
1278,1658	2,4	1633,1690	1,3	184	99
1775,2358	2,4	2475,2765	1,3	179	99
330,423	0,0	283,316	0,1	234	99
170,283	1,0	224,215	0,1	167	99
14,40	0,0	42,51	1,0	258	99
7,14	1,0	14,19	2,1	200	99
23,27	1,2	32,20	0,0	171	99
2,1	1,2	7,0	0,0	431	99
186,283	0,3	354,343	0,0	144	99
30,62	15,18	30,26	9,28	114	99
1219,1827	5,4	1753,1824	0,1	141	99
347,492	1,0	435,448	0,0	141	99
91,129	0,1	118,183	0,0	158	99
2834,4000	1,1	3289,3952	0,1	166	99
1950,3033	1,0	3276,3437	0,0	315	99
75,64	1,0	127,86	2,0	212	99
78,80	1,0	113,90	2,0	190	99
104,155	0,1	101,105	1,0	157	99
6,7	4,0	10,11	2,2	151	99
468,609	2,4	574,594	1,0	161	99
739,931	1,0	1095,915	0,1	156	99
1124,1627	0,0	1006,1392	0,1	165	99
907,1355	0,1	824,1034	0,0	175	99
177,299	0,0	193,216	1,0	219	99
174,212	0,2	235,222	0,0	157	99
313,417	1,1	495,404	1,1	200	99
566,689	1,0	537,679	0,0	188	99
19,31	458,625	40,31	705,623	253	99
507,705	1,1	775,775	1,0	183	99
867,1119	2,0	1222,1350	1,0	156	99
755,1102	0,4	1021,1035	1,1	184	99
47,70	4,1	79,60	0,1	137	99
461,816	0,2	606,697	0,0	195	99
429,781	0,1	545,747	1,1	241	99
237,433	0,1	320,433	0,0	241	99
118,241	0,1	163,229	0,0	167	99
304,575	1,0	377,540	0,1	167	99
511,615	1,0	578,642	1,0	163	99
0,0	710,904	1,1	865,885	222	99
155,243	0,2	130,138	0,0	157	99
106,134	0,2	46,68	0,0	145	99
0,3	135,211	2,9	106,130	149	99
36,63	0,0	46,32	1,0	183	99
15,24	2,1	38,35	2,2	181	99
26,54	2,0	44,43	1,0	346	99
9,19	12,23	15,20	16,9	185	99
24,51	2,6	61,53	2,2	1177	99
22,37	2,6	51,40	2,2	1150	99
4,17	2,6	14,9	2,2	181	99
12,31	2,6	27,10	2,2	145	99
40,62	0,0	56,56	0,1	280	99
152,206	0,0	159,186	2,0	180	99
123,173	0,1	187,207	0,0	183	99
354,617	1,0	412,616	0,0	249	99
50,51	29,55	81,51	48,65	286	99
90,198	0,1	215,207	0,0	254	99
818,1116	4,4	1042,1179	1,2	227	99
323,411	0,1	416,407	0,0	150	99
175,188	2,0	272,251	0,0	185	99
92,112	0,1	124,124	0,0	136	99
790,1183	0,0	821,1002	2,0	175	99
566,868	0,2	715,884	1,0	166	99
466,582	0,0	646,807	1,0	148	99
1987,3049	0,0	1699,2125	2,2	231	99
143,249	0,0	217,257	1,0	147	99
277,361	0,0	315,357	3,1	119	99
92,127	1,2	99,74	0,0	168	99
22,31	120,204	24,42	156,209	233	99
1347,2112	2,1	1559,2161	4,2	147	99
2848,3819	1,0	4919,4565	0,0	201	99
106,140	0,0	124,185	0,1	188	99
2143,3255	0,0	3859,3594	2,3	1154	99
2261,3473	0,0	4082,3850	2,3	1202	99
39,83	1,0	58,90	2,0	232	99
142,217	0,2	209,187	0,4	142	99
15,27	97,163	15,21	137,181	209	99
161,202	1,0	208,195	0,0	1033	99
223,307	1,0	252,236	0,0	197	99
62,116	0,0	80,106	0,1	248	99
394,527	1,0	542,411	0,0	124	99
1144,1592	0,0	1498,1335	2,1	207	99
481,630	1,0	655,603	0,0	183	99
939,1066	7,1	899,1084	5,8	165	99
27,47	23,36	70,78	35,40	628	99
1118,1698	0,1	1410,1944	0,0	158	99
799,1038	0,0	675,774	0,1	276	99
128,231	2,2	173,190	0,0	338	99
50,47	2,0	66,37	0,0	294	99
388,567	0,0	463,554	0,1	151	99
471,613	55,80	1111,1055	49,53	520	99
459,708	0,0	505,602	0,1	170	99
256,346	0,3	276,328	0,0	152	99
1185,1896	1,1	1664,1727	1,4	166	99
43,76	2,2	69,83	1,0	193	99
103,169	0,4	161,162	1,1	185	99
121,121	4,8	186,168	4,5	159	99
1,0	92,119	0,0	71,96	125	99
344,453	4,6	534,412	1,3	214	99
74,115	0,0	93,110	4,0	170	99
72,115	1,0	104,99	0,0	226	99
552,736	0,0	654,632	1,0	387	99
180,236	0,0	288,272	0,1	216	99
38,51	236,398	29,17	349,320	189	99
122,178	1,2	167,149	0,0	182	99
1,4	133,209	2,8	133,159	135	99
68,66	0,2	78,72	0,0	145	99
82,103	0,0	64,65	0,1	226	99
329,421	12,11	505,451	16,20	158	99
39,48	0,1	31,37	0,0	162	99
159,272	12,22	239,229	14,8	239	99
96,138	0,0	111,120	1,0	164	99
65,94	0,0	95,85	0,1	221	99
91,140	0,0	155,135	1,0	172	99
79,113	1,0	104,109	2,5	161	99
39,58	1,0	46,37	2,5	165	99
27,36	1,0	26,47	2,5	156	99
105,154	2,2	140,133	3,5	133	99
20,14	0,1	34,48	0,0	139	99
137,238	0,1	220,183	0,0	187	99
10,17	1,0	29,19	0,0	176	99
86,114	0,0	130,134	0,2	172	99
328,445	1,0	476,477	0,0	154	99
82,143	0,0	172,160	1,0	147	99
13,17	0,5	2,11	0,0	324	99
73,101	2,0	94,80	1,0	166	99
13,10	134,216	12,5	211,173	223	99
42,80	0,0	50,79	0,1	237	99
98,158	0,0	192,174	2,0	167	99
1117,1708	2,0	1196,1434	0,2	192	99
39,59	0,0	20,37	1,0	171	99
1759,2539	0,1	3116,3962	0,0	258	99
562,895	0,2	916,1212	0,3	159	99
396,638	1,3	553,652	10,2	234	99
303,504	4,1	411,470	1,5	136	99
11,19	3,10	12,9	5,6	176	99
26,43	87,159	42,22	140,123	176	99
132,196	3,3	162,149	2,14	130	99
88,151	2,0	143,142	0,0	198	99
232,304	0,0	306,311	3,0	185	99
299,470	0,0	429,397	4,0	188	99
500,805	5,1	612,743	1,0	219	99
158,301	0,0	170,200	1,3	184	99
117,208	1,0	151,160	0,1	124	99
79,110	0,1	118,99	0,0	146	99
265,428	0,0	385,406	3,0	162	99
139,229	5,1	156,170	1,2	183	99
115,154	2,0	100,120	0,2	135	99
26,40	2,0	13,20	0,2	150	99
145,215	0,0	127,155	0,1	172	99
142,217	16,23	142,190	5,7	194	99
1335,1859	0,1	1649,1700	0,0	348	99
195,270	2,4	226,275	0,0	257	99
177,236	0,0	198,244	2,0	257	99
163,206	0,0	166,132	2,0	170	99
11,21	2,6	7,10	1,0	321	99
1,2	2,6	4,2	1,0	142	99
2,1	2,6	4,2	1,0	147	99
19,48	3,2	24,17	6,8	159	99
3,2	33,60	0,3	43,46	138	99
0,1	6,14	0,1	16,9	138	99
13,16	82,121	5,15	96,117	192	99
187,223	0,0	165,155	2,0	240	99
302,419	0,0	382,434	1,0	209	99
1321,1930	1,0	1926,2450	0,0	751	99
1,3	34,61	4,5	25,40	155	99
24,42	11,36	71,68	22,10	230	99
71,103	16,30	109,162	3,20	493	99
72,109	15,23	111,164	22,11	493	99
88,111	16,30	133,185	3,20	564	99
123,142	16,30	186,231	3,20	745	99
122,136	15,23	194,240	22,11	745	99
247,313	2,0	388,365	0,0	1087	99
125,188	2,0	170,142	0,0	302	99
121,176	2,0	188,132	0,0	299	99
60,69	0,0	143,133	2,0	162	99
1022,1487	1,0	1371,1550	0,0	237	99
496,747	2,0	706,745	0,0	156	99
354,474	0,1	488,459	0,0	189	99
20716,28155	0,6	28619,36642	1,4	276	99
337,404	3,7	349,420	1,2	287	99
109,139	3,7	110,159	1,2	200	99
1,2	1,6	5,5	3,7	141	99
135,212	0,0	193,175	1,1	180	99
1953,2276	1,2	3090,3492	2,1	161	99
7,19	156,310	16,26	224,286	159	99
24,39	0,3	20,21	0,0	160	99
22,41	0,3	21,14	0,0	151	99
59,126	0,1	89,61	0,0	213	99
6,13	21,13	6,7	14,12	131	99
0,1	80,83	3,1	90,94	195	99
11,24	204,297	66,66	263,267	144	99
215,286	0,0	316,301	0,2	396	99
380,557	0,0	503,478	0,2	245	99
50,50	229,355	59,71	254,355	182	99
162,263	1,0	221,260	0,2	106	99
192,235	1,0	297,256	0,0	124	99
12,20	0,1	44,23	0,0	160	99
614,723	0,2	367,462	0,0	239	99
11,23	0,4	4,19	0,2	195	99
234,302	0,0	227,270	0,4	178	99
378,541	1,1	455,417	4,5	145	99
74,91	4,9	49,64	5,3	176	99
480,709	0,1	545,755	0,0	212	99
255,436	0,0	330,496	1,5	161	99
308,557	1,0	454,646	0,0	199	99
953,1116	0,3	1530,1775	0,0	199	99
134,146	0,1	125,130	0,0	252	99
34,46	8,17	95,87	9,10	164	99
31,42	24,30	89,90	15,20	164	99
26,32	24,30	48,48	15,20	140	99
41,49	25,26	90,71	53,36	140	99
75,167	0,0	111,100	0,2	176	99
182,318	0,0	228,227	0,2	164	99
1,0	18,28	2,4	43,34	161	99
24,50	0,0	76,56	0,1	168	99
191,291	0,1	262,315	0,0	160	99
52,59	2,5	78,57	6,5	200	99
102,111	2,5	115,99	6,5	252	99
113,115	2,5	137,120	6,5	348	99
116,115	2,5	144,125	6,5	355	99
11,17	0,3	19,9	0,1	157	99
848,1120	0,0	1248,1153	0,1	179	99
1,1	14,23	3,10	17,16	249	99
1475,1535	0,2	1423,1540	2,0	194	99
154,221	5,1	199,193	0,1	203	99
132,201	0,1	9,20	0,0	305	99
115,151	0,1	128,175	0,3	172	99
4,3	0,0	14,13	1,0	426	99
87,121	0,6	144,122	0,2	212	99
74,100	5,6	99,120	2,6	193	99
78,99	0,3	125,115	0,0	254	99
93,137	0,3	118,123	0,0	257	99
106,201	0,0	213,211	0,1	139	99
62,104	0,1	131,121	0,0	198	99
864,1215	1,2	1033,1191	1,0	257	99
91,99	1,3	111,120	0,0	210	99
25,28	69,115	38,18	90,82	171	99
17,16	69,115	24,9	90,82	148	99
0,2	0,0	0,1	1,0	265	99
0,1	141,147	8,3	135,125	222	99
2,7	0,1	12,0	0,2	187	99
417,560	0,0	523,537	0,1	224	99
847,1104	1,0	899,995	0,0	417	99
1355,2109	0,0	1700,1983	0,1	152	99
54,88	20,13	108,100	11,14	179	99
118,188	65,104	185,182	51,83	179	99
109,150	0,0	129,136	1,0	142	99
56,87	0,0	68,55	1,0	159	99
181,219	1,0	190,234	0,0	156	99
122,170	2,0	156,162	0,0	206	99
319,412	1,2	481,420	0,0	219	99
186,224	4,5	202,198	1,12	198	99
12,15	1,1	22,24	0,1	159	99
9,8	0,1	11,19	3,2	143	99
139,181	0,1	226,168	0,0	210	99
53,78	0,1	114,90	0,0	183	99
3606,4788	0,1	4547,4489	0,0	2504	99
1,1	46,95	0,0	89,109	130	99
100,165	0,0	161,235	1,3	145	99
9521,11896	0,0	10295,12036	1,0	371	99
1467,1991	2,2	2235,2529	1,4	142	99
185,227	0,1	179,154	0,0	162	99
48,61	1,0	53,47	1,0	138	99
0,1	36,52	0,0	44,40	145	99
218,313	0,0	299,324	1,0	194	99
209,291	0,0	227,203	1,0	184	99
240,338	1,4	320,360	2,1	187	99
87,144	0,0	75,140	1,0	171	99
98,177	0,3	83,144	0,0	168	99
62,115	0,0	74,130	1,0	168	99
70,98	0,0	91,113	0,1	155	99
133,196	0,2	182,206	0,0	143	99
151,180	0,0	202,211	0,2	147	99
226,417	0,0	321,328	4,0	243	99
415,507	0,0	573,618	0,2	290	99
2294,3564	1,8	2659,3975	1,1	135	99
68,104	0,0	147,121	0,2	300	99
54,54	153,202	16,20	215,227	155	99
22,31	0,1	23,47	0,0	137	99
97,171	0,4	152,233	0,6	149	99
55,75	3,9	23,36	0,7	180	99
455,705	0,0	528,567	0,3	151	99
177,271	0,0	209,215	0,3	463	99
22,14	1,2	28,43	0,1	176	99
1,2	0,0	3,2	0,1	280	99
130,214	1,1	58,78	0,0	199	99
185,285	0,0	209,245	0,1	229	99
27,18	3,0	14,51	5,6	669	99
1,2	84,104	7,11	171,134	163	99
45,75	1,0	76,81	0,0	162	99
68,73	0,1	72,77	7,9	172	99
936,1120	1,0	1275,1121	0,0	150	99
26,15	159,267	16,28	190,253	199	99
225,310	1,0	251,263	0,0	158	99
11896,19327	1,0	11130,17537	0,1	558	99
47,59	0,0	73,40	1,0	133	99
374,730	0,1	332,396	1,0	204	99
127,192	0,0	194,187	0,1	185	99
83,180	0,1	62,154	0,0	141	99
475,669	6,4	708,631	12,10	223	99
368,476	0,1	502,461	0,0	164	99
87,95	0,0	96,95	3,0	149	99
464,627	0,1	707,595	1,0	768	99
22,25	25,48	20,21	40,26	176	99
150,201	1,2	117,182	0,3	255	99
223,327	1,2	210,301	0,3	237	99
122,171	1,2	99,172	0,3	231	99
95,144	3,4	82,61	2,7	139	99
1,0	214,300	0,4	264,262	139	99
8,12	3,4	15,5	2,7	127	99
21,29	0,0	4,21	1,0	211	99
24,78	1,1	21,46	0,0	344	99
18,26	1,0	7,7	0,0	170	99
46,69	0,0	25,52	0,1	153	99
401,556	0,1	388,535	0,0	147	99
278,285	3,0	375,425	2,3	129	99
503,697	1,0	545,671	0,0	128	99
652,858	0,0	724,858	0,1	152	99
32,54	0,0	88,54	1,0	207	99
78,94	7,3	124,80	2,3	173	99
88,155	0,0	140,143	1,2	181	99
9,32	0,0	29,37	0,1	192	99
114,142	0,0	144,134	1,0	267	99
0,1	36,36	0,0	37,30	201	99
3,4	4,18	6,6	9,14	161	99
2155,3072	0,1	2206,2653	0,0	187	99
2836,4165	0,0	3156,3762	1,0	229	99
75,136	0,0	193,178	1,0	921	99
39,74	0,0	96,115	1,0	149	99
124,239	0,0	287,329	1,0	290	99
88,146	3,8	95,138	9,11	289	99
344,471	0,1	359,326	0,0	357	99
569,844	1,1	911,800	1,1	207	99
518,804	0,2	769,755	0,0	243	99
9,44	0,3	37,22	3,0	246	99
255,398	0,0	295,281	1,1	167	99
2887,4090	0,1	2971,3447	1,0	183	99
3882,5467	0,0	3930,4756	5,0	252	99
1882,2802	0,0	1997,2563	1,0	252	99
1820,3004	68,86	2442,2890	54,56	117	99
252,377	0,7	339,401	11,5	117	99
175,223	1,0	248,278	0,0	172	99
5124,8666	0,0	5996,8129	2,1	238	99
152,221	0,1	217,175	2,0	255	99
63,82	0,1	135,97	0,0	172	99
9,13	0,1	11,11	0,0	165	99
10,11	0,1	22,31	0,0	174	99
34,58	0,3	48,74	3,1	235	99
53,93	0,3	72,115	3,1	246	99
20,31	5,4	23,19	18,10	144	99
33,43	0,0	65,55	0,1	233	99
16879,24872	0,0	23999,25445	0,2	561	99
929,1476	3,1	1197,1443	2,2	208	99
6,10	29,32	15,22	17,26	195	99
7,2	68,102	8,9	83,79	263	99
147,187	1,2	207,191	0,7	160	99
76,69	0,0	91,113	1,0	148	99
26,30	12,26	21,21	6,20	155	99
14,12	12,26	17,16	6,20	206	99
564,721	0,0	608,641	1,0	222	99
628,1001	2,0	694,821	4,1	260	99
166,269	6,4	192,235	0,0	178	99
96,159	0,0	159,228	0,1	173	99
73,129	1,0	174,164	0,0	177	99
61,92	2,4	137,149	1,16	171	99
126,148	4,17	151,192	11,12	117	99
24,17	0,2	13,17	0,0	165	99
1008,1536	0,0	1078,1183	1,0	153	99
667,956	1,1	640,776	0,8	104	99
1988,2911	1,0	2039,2635	0,0	225	99
701,942	0,0	1243,1368	4,0	229	99
53,92	0,1	85,92	1,3	158	99
7138,9111	2,0	8441,8152	0,0	3157	99
102,120	0,0	115,122	1,0	201	99
176,235	144,284	144,172	208,197	147	99
118,246	1,0	53,135	0,0	218	99
2366,3540	3,8	2634,3650	3,2	175	99
29,45	0,4	42,43	0,0	144	99
68,124	0,0	151,111	1,0	246	99
4,9	299,300	7,6	336,352	189	99
1,4	2,0	4,12	3,4	122	99
11,14	2,0	26,37	3,4	197	99
70,123	0,0	41,84	0,1	176	99
53,107	0,0	45,71	1,0	137	99
89,154	3,3	67,110	3,8	224	99
132,145	1,0	136,112	0,1	137	99
2699,5264	2,10	4141,5204	3,10	219	99
1145,2239	2,10	1719,2125	3,10	192	99
1481,2827	0,1	2256,2944	2,3	137	99
1776,2929	0,0	2491,3382	0,3	145	99
640,998	0,0	939,1305	0,3	149	99
5269,7407	0,0	5541,7369	1,0	140	99
23,22	1,2	39,45	0,0	188	99
887,1343	2,4	1250,1204	1,2	173	99
122,201	1,0	152,123	5,4	234	99
473,626	0,0	557,480	0,1	405	99
921,1113	0,0	1019,778	1,1	855	99
9,8	36,45	30,33	46,24	180	99
7,12	36,45	20,6	46,24	137	99
154,260	0,0	243,260	1,0	197	99
137,192	0,0	187,171	2,0	171	99
551,991	1,0	878,1034	1,0	234	99
155,224	0,0	247,216	1,0	180	99
2905,4300	0,0	3627,4203	1,0	189	99
125,209	1,0	166,215	1,0	160	99
50,100	1,0	89,90	1,0	316	99
523,720	0,1	566,831	0,0	491	99
9249,11819	0,0	10638,12534	1,3	217	99
39,62	0,0	44,57	1,3	222	99
65,90	0,0	77,66	1,3	525	99
120,192	0,0	178,120	1,3	1057	99
136,224	0,0	203,140	1,3	1452	99
19788,26081	5,5	24072,29011	2,2	249	99
20,46	42,65	43,47	52,54	161	99
14,36	42,65	18,23	52,54	127	99
8755,15393	0,0	8449,11116	1,0	202	99
823,1119	0,0	979,1171	0,1	226	99
615,904	0,1	841,857	0,0	181	99
345,548	0,0	461,609	3,0	161	99
2108,2949	0,2	2263,2994	0,3	126	99
0,0	2,3	1,2	5,2	222	99
560,804	0,1	775,754	0,0	167	99
246,328	0,1	308,299	0,0	158	99
162,286	0,1	236,284	0,0	172	99
86,179	0,1	108,166	0,2	162	99
80,116	0,1	102,67	0,0	187	99
49,61	0,0	72,62	0,1	280	99
39,64	1,0	63,74	0,0	186	99
61,94	7,3	125,92	1,5	158	99
153,242	0,1	243,254	0,0	222	99
330,386	10,4	441,440	0,12	200	99
203,297	0,0	230,294	0,2	155	99
194,250	0,0	216,215	0,1	198	99
81,117	0,1	87,92	0,0	197	99
709,945	0,0	1325,1460	0,1	935	99
705,967	0,0	1300,1508	0,1	1024	99
186,199	2,0	131,155	2,0	145	99
252,360	0,1	202,276	1,0	201	99
265,345	1,1	189,176	5,0	185	99
732,850	0,0	705,816	0,1	170	99
15,21	0,4	22,23	0,3	175	99
677,900	0,0	1014,1220	0,1	170	99
9,10	114,171	6,12	112,135	297	99
270,391	2,0	371,302	6,1	284	99
664,974	0,1	638,814	0,3	174	99
33,39	0,1	54,28	0,0	152	99
636,910	0,2	1130,992	1,2	202	99
21,34	9,28	41,53	10,15	129	99
56,77	9,28	100,100	10,15	166	99
45,67	9,28	105,102	10,15	187	99
192,284	0,0	300,267	1,0	252	99
8,3	1,0	10,2	0,0	161	99
160,280	1,0	244,215	0,0	272	99
1021,1843	0,0	1264,1869	1,0	1125	99
0,0	171,210	1,0	189,180	192	99
114,209	1,1	241,253	0,4	192	99
140,158	1,0	157,108	0,0	150	99
2751,3967	0,0	3160,3800	2,0	207	99
229,370	2,0	359,371	0,0	170	99
106,150	1,0	113,134	0,0	167	99
124,144	0,2	148,104	0,1	155	99
33,58	2,0	32,35	0,0	185	99
353,477	0,1	224,363	0,0	187	99
0,0	0,1	1,0	0,0	141	99
21,52	0,1	54,42	0,0	335	99
1514,1843	0,0	1785,1956	0,1	174	99
2,3	0,1	2,2	0,0	235	99
1572,1817	0,0	1048,1438	2,1	131	99
0,7	0,3	6,4	0,0	171	99
372,579	0,1	583,694	0,0	371	99
387,600	0,1	566,722	0,0	368	99
571,529	0,1	962,701	0,0	189	99
724,963	2,0	915,915	4,1	144	99
308,398	0,1	418,419	2,2	305	99
350,465	1,0	173,339	1,0	246	99
176,325	1,0	325,205	0,2	175	99
109,180	3,11	214,167	13,20	113	99
204,264	2,1	340,292	0,0	185	99
71,104	0,0	129,109	0,1	183	99
3,6	0,2	9,4	0,0	125	99
134,179	0,2	164,186	0,0	161	99
29,61	1,2	40,48	1,1	186	99
92,104	1,5	127,150	2,1	163	99
61,73	1,5	85,104	2,1	167	99
71,106	0,1	94,107	2,0	163	99
117,109	0,0	237,200	0,2	236	99
160,242	0,2	195,192	2,2	269	99
26,39	0,0	9,16	0,5	150	99
1039,1144	4,3	1332,1483	0,0	416	99
790,883	4,3	1036,1121	0,0	337	99
611,635	0,0	805,834	0,1	178	99
688,690	2,0	927,949	5,2	186	99
640,615	0,0	831,937	1,0	176	99
18,20	1,0	23,24	0,0	203	99
115,170	0,3	210,142	0,0	152	99
124,187	0,0	200,193	0,1	199	99
1,0	135,189	0,0	119,219	240	99
288,462	1,0	397,445	0,0	216	99
0,0	146,209	0,3	174,146	252	99
8,13	0,0	5,16	0,1	159	99
50,44	32,50	75,76	57,71	315	99
153,202	0,0	231,206	0,1	152	99
111,162	0,2	192,204	2,0	145	99
160,259	1,0	345,344	0,1	231	99
312,467	1,0	479,428	0,0	356	99
54,80	0,2	88,36	4,2	152	99
4825,7138	1,5	6000,7767	0,3	236	99
147,267	2,3	125,131	2,1	191	99
133,169	2,1	94,97	3,6	191	99
175,323	2,3	190,180	2,1	188	99
152,212	2,1	158,144	3,6	188	99
33,51	0,1	60,67	0,0	179	99
241,342	0,0	290,301	0,1	159	99
269,362	1,0	308,324	0,0	179	99
377,426	1,0	471,438	0,0	332	99
15,50	2,4	13,40	0,0	225	99
6,8	144,283	2,6	186,178	154	99
24,30	0,0	31,26	1,1	165	99
28,37	0,0	42,45	0,1	186	99
4,11	0,0	21,14	1,0	170	99
1,9	0,0	14,10	1,0	156	99
238,384	4,0	389,295	1,2	207	99
417,626	1,1	427,564	0,0	131	99
3,14	961,1563	14,6	949,1216	224	99
144,157	1,0	195,175	0,0	165	99
110,133	0,0	193,131	3,0	171	99
347,520	3,7	314,424	14,8	180	99
129,248	7,7	205,290	3,9	164	99
185,252	3,7	175,261	1,0	162	99
2419,3387	0,0	3799,4241	0,1	138	99
19,32	3,5	66,70	9,8	434	99
11,18	19,20	18,7	18,8	145	99
103,172	1,0	142,110	0,1	180	99
2,1	1,6	3,5	1,3	149	99
247,329	0,0	264,286	1,0	249	99
655,959	0,0	931,921	1,0	266	99
895,1318	0,1	1375,1549	0,0	180	99
36,62	0,1	74,62	0,0	167	99
288,336	3,0	211,280	0,0	168	99
504,758	1,1	690,730	2,1	184	99
367,554	4,5	460,502	3,15	344	99
19,46	0,0	46,30	1,0	229	99
43,72	1,1	55,60	3,1	131	99
218,309	3,8	282,292	2,3	178	99
221,274	0,0	271,261	0,2	167	99
246,325	0,0	239,272	0,2	176	99
1269,1744	0,5	1477,1720	0,0	242	99
1528,2035	0,5	1796,2293	0,0	239	99
113,194	2,0	142,142	0,0	419	99
4,3	7,6	8,8	11,7	161	99
1242,2054	0,0	1156,1520	2,0	153	99
124,95	0,0	183,195	1,0	207	99
179,230	0,1	269,235	3,3	155	99
200,209	1,4	164,154	1,0	142	99
261,403	0,0	417,544	1,1	139	99
161,197	0,0	236,208	0,1	174	99
243,273	3,3	327,345	6,8	152	99
170,184	1,1	212,223	0,0	192	99
70,75	1,1	100,117	0,0	187	99
22,54	99,242	44,43	201,236	227	99
7,12	99,242	21,18	201,236	161	99
119,167	0,0	200,219	0,1	197	99
51,86	2,4	42,50	5,5	193	99
369,531	0,0	447,531	3,0	154	99
190,234	2,7	228,231	1,2	158	99
135,176	2,7	156,161	1,2	151	99
97,175	0,0	89,111	0,1	184	99
3,16	0,0	16,16	0,3	249	99
181,236	0,0	199,223	2,0	216	99
191,315	0,6	276,307	0,2	137	99
49,64	0,0	57,70	3,1	154	99
40,77	0,0	56,66	0,1	165	99
486,703	0,0	557,565	0,1	163	99
9,12	59,73	3,4	91,85	168	99
7628,9919	1,0	9150,13383	1,0	395	99
6167,7976	1,0	7449,10632	1,0	1034	99
59,123	1,2	94,80	0,0	169	99
437,507	0,0	559,647	0,1	193	99
99,144	1,1	126,111	0,0	145	99
96,122	1,0	140,174	0,0	147	99
417,634	21,24	531,662	28,34	103	99
745,892	2,4	741,1028	0,1	201	99
804,1169	0,0	970,1030	0,1	201	99
269,420	1,2	163,330	0,0	167	99
334,875	1,1	339,483	4,3	143	99
122,165	0,1	104,179	0,0	169	99
14,25	0,1	27,40	2,0	144	99
9,13	65,87	6,18	75,61	277	99
67,80	0,0	80,82	1,0	245	99
34,62	1,0	90,90	0,0	159	99
776,948	1,1	817,892	1,1	180	99
130,254	0,0	240,174	1,0	157	99
254,376	1,0	368,358	1,1	191	99
109,202	1,0	195,213	1,1	573	99
110,202	1,0	204,221	1,1	856	99
45,55	0,1	53,50	1,2	161	99
9,7	88,124	6,4	95,78	111	99
16,23	129,227	11,15	131,158	161	99
5,8	0,0	20,18	2,0	158	99
272,354	87,91	421,490	103,117	530	99
16,20	0,0	33,28	0,2	159	99
88,124	0,1	171,162	0,0	195	99
20416,27745	1,0	27503,27397	0,0	2033	99
903,1215	0,3	1141,1181	2,3	154	99
190,316	0,1	295,271	0,0	154	99
15,8	62,97	13,17	65,84	149	99
526,787	0,1	555,709	0,0	838	99
530,841	0,1	577,746	0,0	520	99
274,458	0,0	341,368	0,1	108	99
84,132	7,8	55,108	7,29	154	99
29,54	7,8	16,32	7,29	141	99
99,141	1,2	82,100	7,4	145	99
72,100	0,0	127,100	0,2	171	99
261,402	0,0	357,389	0,4	212	99
168,250	0,0	193,262	0,1	145	99
138,199	0,1	133,208	0,0	113	99
339,384	1,0	318,301	0,0	367	99
178,224	0,1	198,248	1,3	159	99
250,329	2,19	330,395	4,11	244	99
116,169	3,2	188,205	0,2	231	99
61,101	228,333	75,79	329,317	261	99
56,101	228,333	60,60	329,317	258	99
35,46	0,0	44,62	0,1	159	99
1,1	4,11	1,2	10,2	138	99
288,464	2,7	364,484	9,3	171	99
223,334	4,1	217,395	7,2	196	99
38,73	0,1	36,40	0,0	277	99
4,7	0,3	3,6	0,1	161	99
150,223	1,0	136,155	0,0	186	99
23,39	144,163	31,42	116,156	145	99
169,306	1,4	247,256	5,3	142	99
131,177	0,0	155,182	1,4	282	99
1,0	18,11	0,3	10,8	236	99
679,937	0,0	1026,1237	1,0	160	99
1,1	23,38	0,0	30,35	225	99
74,118	1,2	79,68	0,0	231	99
45,58	0,2	54,55	0,0	170	99
24,27	0,2	27,39	0,0	184	99
15,35	0,0	27,31	0,1	168	99
1,2	0,1	2,4	0,0	197	99
232,338	6,8	326,314	10,9	163	99
386,573	0,0	637,611	1,0	216	99
230,302	2,1	258,279	0,3	232	99
160,193	2,1	168,195	0,3	246	99
210,351	0,0	251,265	0,1	141	99
3,14	19,26	3,4	20,39	214	99
200,292	1,0	317,297	0,0	362	99
326,523	1,0	522,494	0,0	194	99
60,96	0,0	85,143	2,0	149	99
180,359	15,45	290,293	37,46	147	99
0,3	6,11	0,0	10,8	120	99
31,56	157,201	55,45	180,243	240	99
468,610	0,1	477,622	0,0	132	99
944,1188	0,0	535,520	0,2	188	99
149,149	1,0	75,106	0,2	153	99
1,0	273,336	0,6	446,369	142	99
70,106	4,5	96,121	2,2	140	99
768,1209	0,0	1374,1436	0,1	910	99
8,16	79,102	5,3	59,84	265	99
1936,2510	0,3	3007,3356	0,0	235	99
98,176	0,0	158,158	0,1	166	99
269,374	0,1	272,289	0,0	167	99
70,108	1,0	87,80	0,0	180	99
162,163	0,0	145,94	1,0	209	99
159,137	0,0	151,150	1,0	186	99
1885,2266	0,1	2153,2335	0,0	550	99
24,70	0,2	31,48	6,2	235	99
14,32	0,0	20,27	2,1	135	99
38,80	0,0	90,107	2,1	179	99
10,6	5,19	21,26	15,17	178	99
48,75	5,19	93,86	15,17	373	99
24,66	0,0	57,47	4,2	170	99
62,57	0,1	73,77	0,0	141	99
95,124	0,1	106,150	0,0	244	99
70,87	0,3	76,89	0,0	244	99
82,89	0,3	69,115	0,0	238	99
113,132	6,7	100,183	1,7	238	99
89,146	0,1	152,118	0,0	151	99
294,406	0,1	384,363	0,0	360	99
55,64	130,209	100,88	153,122	154	99
359,549	0,0	482,558	0,1	132	99
212,320	221,261	262,267	239,257	323	99
190,300	221,261	202,207	239,257	344	99
192,231	0,0	223,304	1,0	147	99
1,1	46,81	0,0	90,77	155	99
621,833	0,4	679,793	1,1	589	99
750,1007	0,4	786,918	1,1	305	99
600,798	0,4	644,747	1,1	301	99
463,627	0,4	519,599	1,1	248	99
478,647	0,4	516,605	1,1	233	99
303,455	0,3	435,350	3,4	203	99
75,90	6,7	69,92	10,3	224	99
193,267	1,0	230,261	0,0	136	99
0,0	2,1	4,0	1,6	183	99
135,240	0,2	152,181	1,0	159	99
97,157	0,0	153,102	1,0	277	99
9,19	0,0	11,13	2,5	288	99
114,148	0,0	136,158	2,5	194	99
191,264	0,0	251,273	2,5	213	99
2,22	6,0	7,9	4,3	123	99
847,1246	0,1	981,1047	0,0	155	99
32,89	2,3	34,48	4,2	141	99
229,330	0,0	259,380	0,3	222	99
93,145	0,2	124,115	0,0	225	99
14,30	0,4	23,30	0,0	133	99
16,27	1,1	10,22	0,0	184	99
20,29	1,1	18,25	0,0	157	99
191,292	0,1	192,282	0,1	146	99
87,109	3,4	79,105	12,7	169	99
2,1	0,1	2,1	0,0	169	99
118,154	0,1	186,225	0,0	298	99
96,128	0,1	118,157	0,0	162	99
207,268	0,0	204,289	7,0	162	99
96,127	2,4	106,139	4,4	191	99
33,44	1,0	35,20	0,0	161	99
62,135	0,0	92,100	1,0	154	99
7,13	0,0	25,20	1,0	142	99
496,578	0,1	544,586	0,0	170	99
420,614	0,1	503,622	2,1	136	99
380,616	0,0	581,552	0,1	149	99
2381,3591	0,0	3191,3302	2,0	261	99
1015,1380	1,1	912,982	1,1	155	99
1013,1581	2,1	1031,1202	5,1	183	99
19,60	11,18	66,50	17,8	319	99
28,71	11,18	73,63	17,8	246	99
16,35	11,18	35,27	17,8	198	99
559,827	1,0	594,609	0,0	220	99
64,79	3,4	115,75	1,13	215	99
15,21	0,1	21,12	0,0	169	99
57,68	0,0	71,84	1,0	170	99
81,146	1,0	160,195	3,3	140	99
186,329	0,0	249,346	0,2	205	99
84555,105672	1,0	117575,143707	0,0	366	99
170,223	1,0	210,186	1,1	202	99
82,140	1,0	134,106	0,0	188	99
122,187	1,0	164,123	1,0	212	99
130,151	1,2	168,156	0,0	170	99
1,5	52,90	0,4	75,56	116	99
28,90	2,6	30,63	1,3	380	99
21,34	2,0	42,37	0,0	280	99
344,446	0,0	378,490	0,2	270	99
264,391	0,0	286,300	0,2	187	99
50,100	0,0	98,66	2,1	152	99
926,1637	0,1	1212,1377	0,0	240	99
333,434	1,2	461,531	0,1	163	99
1,3	217,259	1,8	258,271	265	99
564,846	0,1	742,816	0,0	213	99
96,109	1,0	94,106	1,2	153	99
23,34	0,1	34,41	2,1	198	99
286,490	23,22	441,509	8,23	136	99
46,40	1,2	57,41	4,0	754	99
12,18	1,2	17,15	4,0	137	99
58,62	1,2	77,61	4,0	460	99
6,4	42,66	4,9	55,44	159	99
562,728	0,0	926,879	3,0	177	99
127,145	0,1	155,159	0,2	153	99
64,84	2,0	82,76	0,0	223	99
62,80	2,0	76,71	0,0	215	99
196,351	0,0	298,321	2,0	425	99
184,214	0,3	201,236	0,0	136	99
1380,1915	0,2	1735,1607	1,0	2443	99
81,67	2,0	143,68	0,0	204	99
259,449	0,0	536,564	1,0	169	99
123,175	0,0	173,166	1,0	311	99
45,69	0,0	79,96	2,0	181	99
60,84	9,8	69,77	6,10	197	99
26,25	1,3	38,25	1,0	149	99
35,62	90,139	25,28	61,105	242	99
301,438	90,139	340,405	61,105	924	99
86,97	20,29	84,123	19,32	192	99
108,124	90,139	102,155	61,105	192	99
101,122	7,13	92,141	2,3	192	99
86,97	0,1	81,122	0,0	192	99
355,492	0,0	423,534	0,1	159	99
162,238	0,2	175,237	0,0	190	99
184,253	1,0	211,233	0,0	207	99
45,67	81,114	60,72	100,119	191	99
17,28	81,114	24,16	100,119	266	99
281,370	0,0	264,307	0,3	199	99
51,122	42,58	80,103	36,53	212	99
230,333	42,58	348,425	36,53	150	99
266,285	0,0	303,325	0,1	167	99
158,206	1,0	89,114	1,0	153	99
0,0	4,8	0,1	1,9	152	99
233,330	0,0	218,303	2,0	170	99
116,164	0,0	130,179	2,0	377	99
38,63	16,36	34,51	23,32	227	99
207,309	1,0	197,282	0,0	250	99
279,415	1,1	354,463	1,0	212	99
73,110	1,2	89,124	3,2	165	99
595,753	11,12	580,649	12,19	217	99
583,640	0,0	664,611	0,1	297	99
357,427	0,0	435,403	0,1	292	99
158,282	0,0	244,197	0,1	175	99
654,962	16,15	648,743	16,13	157	99
425,640	9,14	538,595	6,6	141	99
1597,2238	0,3	2024,2197	1,0	186	99
720,949	0,0	948,791	0,1	179	99
2,9	24,24	7,4	18,24	167	99
802,1010	0,0	1102,1080	1,0	257	99
73,73	10,32	104,138	34,16	145	99
30,18	10,32	67,109	34,16	172	99
92,110	0,2	110,119	9,3	191	99
17,7	0,0	66,74	0,1	186	99
49,88	1,4	41,57	0,2	139	99
247,312	1,2	222,273	0,0	231	99
112,127	0,1	127,104	0,0	216	99
66,66	0,1	77,59	0,0	210	99
125,107	0,1	58,93	0,0	192	99
530,578	0,2	703,763	0,0	169	99
3,1	68,103	2,3	63,77	256	99
0,0	68,103	1,0	63,77	155	99
127,160	0,0	137,161	0,1	181	99
100,186	0,0	202,172	1,1	187	99
138,174	0,0	208,179	1,0	160	99
226,306	1,0	250,298	0,0	252	99
445,651	0,0	601,696	1,0	191	99
143,197	0,1	202,195	0,0	146	99
61,137	1,0	82,74	0,1	135	99
20,35	1,0	12,28	0,1	204	99
52,78	2,0	71,113	5,0	895	99
29,41	118,180	21,29	152,169	145	99
227,328	1,0	335,337	0,0	123	99
199,202	0,2	216,243	1,0	157	99
265,328	1,0	380,274	0,0	168	99
564,738	0,1	495,652	0,0	215	99
266,304	0,0	213,263	0,1	175	99
309,469	0,0	347,409	0,1	153	99
333,531	2,0	380,441	2,2	182	99
255,408	0,0	344,354	0,1	208	99
386,528	1,0	833,725	0,0	240	99
267,358	19,42	314,328	19,29	160	99
35,27	30,42	22,18	50,58	173	99
9,15	30,42	2,10	50,58	141	99
5,4	49,68	14,15	32,36	174	99
106,128	0,0	96,129	2,3	151	99
527,809	0,4	703,707	0,0	160	99
68,60	1,0	72,74	2,0	179	99
53,58	3,1	78,73	3,1	166	99
105,196	4,6	114,182	2,4	385	99
112,245	4,6	123,204	2,4	374	99
134,164	0,4	267,262	0,0	191	99
30,25	644,769	37,32	911,887	259	99
3,3	19,12	3,4	22,27	177	99
259,402	0,0	421,488	2,0	152	99
490,697	0,0	623,587	1,0	166	99
64,46	0,2	65,95	0,0	180	99
209,283	0,0	309,357	1,0	169	99
71,111	1,0	90,110	1,0	146	99
40,61	0,0	57,48	1,0	173	99
160,231	0,0	187,196	1,0	205	99
737,906	0,0	804,796	1,0	805	99
5,1	0,0	2,3	0,1	185	99
2504,3607	0,2	3649,1829	0,0	139	99
201,317	0,0	201,274	0,1	362	99
13,17	48,58	7,12	60,54	169	99
711,939	1,0	871,927	0,1	321	99
80,79	0,0	59,62	1,4	178	99
87,89	0,0	60,88	3,0	429	99
42,44	0,0	32,54	3,0	255	99
274,378	2,0	416,358	2,0	195	99
1368,2125	0,0	2072,2281	0,1	129	99
1868,2778	0,0	2668,2933	0,1	132	99
878,1310	0,0	1278,1395	1,1	150	99
0,2	0,0	0,0	1,1	147	99
428,770	0,4	695,753	0,0	147	99
2140,3392	0,2	3044,3115	0,0	165	99
624,1070	0,0	938,1046	0,1	147	99
1574,2781	0,0	2405,2357	2,0	215	99
59,87	0,1	79,82	0,0	321	99
58,85	0,1	76,80	0,0	200	99
63,91	0,1	97,87	0,0	197	99
109,154	5,3	125,109	1,3	148	99
151,250	0,0	159,153	1,0	137	99
65,72	0,1	51,41	2,0	144	99
394,624	0,4	448,510	0,0	401	99
254,381	0,4	278,319	0,0	386	99
110,178	0,2	326,396	0,0	444	99
181,311	0,2	528,625	0,0	693	99
177,296	0,2	515,599	0,0	820	99
16,18	10,24	35,40	38,37	153	99
235,440	0,0	420,440	1,0	457	99
3610,6032	4,5	2292,4377	6,0	561	99
29,45	0,0	37,48	0,1	126	99
25,40	5,10	41,34	8,7	152	99
625,892	0,0	726,868	1,0	275	99
795,1354	0,1	1172,745	0,0	172	99
2731,4191	0,0	5449,6942	2,0	146	99
2244,3149	3,1	4020,5336	0,1	199	99
5011,6819	21,36	7952,10909	32,34	230	99
10,16	7,10	0,7	7,13	205	99
16,23	0,0	36,43	0,1	228	99
170,255	0,1	288,195	0,0	207	99
42,65	1,0	51,68	0,0	245	99
259,392	0,0	282,352	1,0	208	99
439,706	6,0	622,566	0,0	229	99
469,606	0,0	504,566	0,1	188	99
704,962	0,1	1249,1434	0,5	180	99
247,352	0,2	301,327	1,0	127	99
6,8	0,1	19,9	0,0	131	99
611,535	0,1	593,494	0,0	187	99
460,699	1,1	566,431	0,0	377	99
427,665	2,1	499,401	5,0	377	99
16,29	9,8	39,56	4,13	388	99
240,397	490,682	244,334	706,884	237	99
3255,4351	0,0	4248,6100	1,0	174	99
119,215	0,0	164,187	1,0	141	99
662,1254	0,1	836,778	0,0	1100	99
6,15	0,0	9,12	2,1	168	99
10,18	0,0	14,20	2,1	165	99
3,9	0,0	3,3	2,1	149	99
77,125	0,1	151,169	3,0	147	99
41,58	0,1	89,101	3,0	318	99
7,18	480,672	38,43	664,682	411	99
27,65	7,12	81,57	2,2	114	99
253,428	7,12	350,325	2,2	388	99
308,516	7,12	398,376	2,2	409	99
411,680	1,3	532,651	2,0	156	99
82,103	0,0	86,63	2,0	178	99
310,446	2,0	290,432	0,0	159	99
1456,2285	0,2	1298,1713	0,0	800	99
207,269	1,3	296,316	1,0	166	99
106,175	0,0	132,151	3,0	133	99
11,6	46,57	14,7	29,49	649	99
656,1078	2,2	749,812	1,0	328	99
43,55	0,0	92,81	3,0	167	99
273,356	0,2	376,344	0,1	176	99
3012,3541	0,0	2198,2281	0,2	172	99
120,225	0,2	127,156	0,2	173	99
397,609	0,1	583,636	0,4	182	99
579,732	0,0	1000,837	0,1	177	99
0,0	28,46	1,1	39,51	356	99
181,272	11,5	191,271	7,6	407	99
3,3	1,2	3,7	3,8	172	99
106,207	0,0	171,212	0,2	198	99
490,656	165,278	452,647	221,293	171	99
52,59	5,9	53,68	0,2	153	99
41,53	5,9	48,65	0,2	174	99
1225,1624	0,0	2230,1958	1,0	174	99
282,553	0,1	391,415	0,2	192	99
658,1127	0,2	865,980	0,0	254	99
79,67	0,0	141,63	2,0	248	99
405,569	1,0	528,510	0,0	186	99
105,142	0,0	134,146	3,0	135	99
127,187	1,0	69,97	1,2	195	99
7,5	5,12	18,16	3,2	165	99
5,8	2,6	17,16	1,0	165	99
1291,1861	1,0	1470,1651	0,0	170	99
674,818	0,0	876,809	0,2	164	99
46,99	0,1	93,111	1,3	275	99
201,311	0,1	294,299	0,0	167	99
292,463	2,2	474,442	1,0	317	99
23,45	0,2	55,24	0,0	438	99
22,45	0,2	58,29	0,0	445	99
11,25	0,2	30,15	0,0	373	99
4,3	0,0	14,4	0,3	144	99
31,33	34,54	36,28	69,74	287	99
67,52	0,1	84,51	0,0	168	99
164,228	0,3	274,311	0,0	153	99
115,153	0,4	154,174	0,0	159	99
22,34	1,5	29,36	0,0	159	99
6792,9949	1,5	7446,11138	0,0	1031	99
6532,9548	0,1	7082,10632	0,1	721	99
6415,9403	1,5	6914,10448	0,0	721	99
361,539	0,0	499,495	0,5	228	99
23,43	0,0	16,30	0,1	181	99
236,395	0,0	282,309	1,0	183	99
392,679	0,1	504,507	0,0	189	99
312,581	0,0	421,420	0,1	165	99
8,6	340,546	9,3	293,418	187	99
345,477	4,0	365,522	1,4	194	99
284,433	0,0	263,281	1,0	160	99
17,18	0,1	18,13	1,0	170	99
49,138	2,1	162,112	1,0	219	99
1726,2990	0,0	2435,2757	0,1	284	99
204,264	0,0	274,240	0,2	150	99
139,170	1,2	247,294	9,3	196	99
10,31	0,0	19,18	0,1	213	99
17,23	1,0	16,15	5,1	261	99
6,9	0,0	6,11	1,0	140	99
220,325	0,0	268,308	0,2	234	99
56,66	2,0	67,72	0,0	186	99
1870,2934	0,0	2517,3121	1,0	234	99
1942,2739	0,0	2204,2647	1,0	207	99
814,1024	6,10	1269,1289	14,6	179	99
158,193	5,7	234,157	8,6	164	99
23,33	0,0	35,35	1,0	124	99
155,204	0,0	195,214	1,0	145	99
134,159	5,11	190,194	6,1	226	99
11,20	1,3	5,5	1,1	173	99
25,60	1,3	33,25	1,1	291	99
111,162	3,3	125,167	0,3	244	99
0,1	0,2	0,0	0,2	205	99
59,107	0,1	62,55	0,0	162	99
45,68	36,55	26,26	65,62	160	99
31,48	36,55	15,18	65,62	204	99
1489,2037	1,0	1538,1927	0,0	165	99
129,191	3,1	216,222	0,4	336	99
560,794	0,1	803,747	2,0	173	99
10,23	0,0	17,26	1,0	177	99
25,43	0,0	34,32	1,0	160	99
527,724	519,755	729,690	380,508	210	99
44,78	0,0	59,58	0,1	153	99
252,427	4,6	462,543	3,3	1534	99
252,429	4,6	463,540	3,3	1515	99
28,39	36,45	31,28	37,40	245	99
1,1	95,140	1,5	116,113	116	99
195,240	7,11	215,167	20,16	175	99
52,96	1,4	54,52	0,0	210	99
43,58	0,3	32,29	0,0	210	99
6,31	1,1	15,16	0,0	158	99
11,14	15,22	6,6	17,27	212	99
150,173	0,0	174,181	1,0	178	99
91,138	0,1	101,133	6,13	137	99
319,442	20,15	380,382	14,29	162	99
49,48	0,3	47,61	0,0	251	99
1,2	9,25	3,3	21,15	322	99
564,888	0,1	780,894	0,0	132	99
109,138	1,0	116,177	0,2	260	99
0,1	34,59	4,4	54,57	154	99
193,250	0,0	182,164	1,0	199	99
170,236	0,0	194,155	1,0	172	99
294,362	0,0	392,297	0,2	158	99
233,359	2,0	351,364	0,1	148	99
333,401	1,0	474,477	0,2	167	99
70,95	6,5	80,77	9,9	172	99
42,47	0,0	31,22	3,0	207	99
72,92	0,1	83,106	0,0	166	99
19,32	0,0	24,24	0,1	129	99
37,30	29,13	45,85	62,82	182	99
19,18	29,13	38,53	62,82	143	99
201,269	0,1	337,274	0,0	192	99
90,135	1,12	114,112	8,5	174	99
250,358	1,12	285,320	8,5	181	99
84,104	0,0	74,72	0,1	171	99
19,29	8,29	12,23	23,40	166	99
2341,3782	0,0	2127,3213	0,3	148	99
