IJC_SAMPLE_1	SJC_SAMPLE_1	IJC_SAMPLE_2	SJC_SAMPLE_2	IncFormLen	SkipFormLen
56,76,70,54,55,78	105,176,128,135,157,141	67,27,53,54,68,31	121,86,107,147,159,51	230	218
0,1,0,0,0,0	63,92,53,67,114,66	0,0,0,0,0,0	55,49,46,61,85,27	283	298
26,34,36,26,50,36	4,10,9,11,12,5	27,25,32,37,52,14	6,1,3,2,6,1	262	219
6,9,6,11,12,5	63,92,53,61,109,63	8,8,13,6,10,1	55,49,46,58,83,26	262	298
6,9,6,11,12,5	63,92,53,67,114,66	8,8,13,6,10,1	55,49,46,61,85,27	262	298
5,11,4,4,10,3	34,75,63,41,84,33	4,4,5,9,13,6	30,32,29,44,44,18	230	230
185,324,207,204,249,226	80,88,54,57,78,75	236,149,168,240,235,82	74,48,57,91,71,30	239	203
95,98,61,45,90,89	115,140,75,71,129,124	52,34,31,18,44,28	85,48,57,39,75,46	226	272
102,213,143,154,215,222	64,117,75,87,132,107	161,139,130,212,212,61	85,79,100,133,123,39	255	216
166,262,121,118,192,147	78,109,55,53,121,88	256,206,239,258,399,126	118,71,108,144,143,69	231	218
22,20,17,21,19,16	19,22,33,31,37,23	34,6,14,20,22,5	26,13,21,24,34,15	197	196
0,5,1,1,2,0	3,5,6,7,15,2	3,2,0,2,3,0	1,3,5,3,4,6	260	253
251,382,317,261,414,336	6,19,22,10,22,10	298,217,241,270,357,110	8,3,13,14,7,11	216	167
31,28,28,32,30,37	15,11,18,20,24,22	36,22,26,37,33,16	17,14,14,29,28,7	245	200
159,230,188,195,262,201	110,221,152,154,200,155	170,165,187,274,250,77	134,108,127,149,222,58	224	197
16,23,33,9,12,8	28,28,38,32,31,26	7,10,8,17,27,8	23,12,21,38,29,15	201	298
5,6,8,5,11,5	14,28,13,21,27,15	4,2,1,0,10,0	4,9,6,17,11,9	266	259
24,54,33,33,54,44	39,59,39,57,62,28	18,31,22,37,34,23	30,26,24,54,39,8	230	230
12,21,23,31,31,20	41,64,42,32,60,35	23,10,15,15,8,8	30,29,29,54,42,13	230	230
3,4,3,0,0,8	61,110,76,52,116,81	2,2,2,1,4,5	63,43,61,64,95,29	256	232
54,87,51,43,57,61	61,110,76,52,116,81	46,24,37,46,68,33	63,43,61,64,95,29	217	232
20,21,18,21,19,17	20,31,30,14,38,29	16,16,18,19,25,9	30,18,36,41,24,15	188	206
5,13,6,5,9,7	19,37,29,38,53,36	8,15,7,8,7,2	37,28,22,50,43,20	298	285
87,140,81,106,136,101	33,65,30,60,90,69	107,81,91,67,102,39	70,37,46,42,75,30	250	222
15,27,22,25,24,30	47,70,42,41,75,56	24,24,23,38,34,19	49,38,47,87,101,25	201	271
61,82,94,57,108,56	20,23,25,25,23,22	69,47,39,66,77,23	24,21,17,33,50,11	219	177
20,21,24,27,46,46	9,32,7,7,19,20	48,18,33,47,52,19	6,4,4,6,19,4	251	260
160,191,162,173,194,188	129,157,147,133,165,192	139,111,156,234,213,78	136,86,112,170,208,70	298	234
29,33,34,15,46,51	30,63,40,32,47,30	50,35,34,41,51,23	45,31,33,43,68,23	197	218
14,32,26,15,39,19	42,76,53,31,59,46	26,21,13,25,36,6	71,60,48,58,83,24	169	202
8,32,16,16,19,37	155,293,230,193,251,288	38,9,21,18,39,9	231,195,220,237,295,100	244	234
96,113,76,72,98,101	59,146,80,57,93,69	62,47,46,86,87,32	77,59,57,96,77,27	247	225
41,52,38,37,65,59	117,136,101,103,160,116	45,29,43,74,83,28	127,112,105,163,215,69	220	290
20,32,56,26,40,41	16,47,48,34,51,52	26,27,29,51,48,18	24,46,34,82,68,24	193	201
19,34,24,22,21,21	25,67,37,52,41,59	15,12,17,49,29,10	42,50,35,49,54,15	208	263
52,94,61,58,86,52	50,63,55,59,71,60	40,33,38,66,79,29	30,27,43,60,36,18	208	216
25,32,22,21,23,16	36,39,40,39,61,41	20,11,33,32,42,12	55,37,50,43,63,28	198	264
24,26,24,13,14,15	22,32,34,13,32,30	15,13,13,24,22,8	29,12,22,25,36,5	248	271
142,190,205,215,303,226	162,277,227,258,417,268	299,251,309,467,391,122	399,344,363,561,479,184	298	298
464,890,597,490,705,529	358,568,400,391,536,403	569,337,531,538,644,188	402,243,317,440,457,118	195	206
39,39,49,22,57,43	28,45,50,35,62,45	26,16,38,40,53,20	47,39,37,81,57,22	273	298
15,23,12,23,21,14	37,45,40,39,51,35	18,9,16,8,31,4	50,26,27,39,41,17	193	266
29,71,55,40,58,61	237,325,273,187,356,326	53,42,50,40,61,21	241,178,198,285,331,119	220	230
405,524,438,345,580,439	78,122,73,48,88,76	417,278,334,412,576,215	97,63,87,105,124,41	230	193
417,677,438,364,572,378	438,631,583,462,742,537	597,451,454,514,600,205	626,461,495,728,713,299	226	272
36,54,42,40,50,60	40,51,57,46,52,75	43,30,19,55,59,19	55,35,49,63,58,16	226	220
145,234,194,186,236,221	147,195,198,209,235,240	246,186,244,285,309,116	239,204,218,264,319,133	253	265
15,22,29,10,25,14	24,39,29,32,48,29	34,11,13,21,31,11	29,30,30,56,47,11	209	209
798,1229,782,862,1278,1271	764,1283,885,911,1414,1200	905,605,690,691,1083,382	1160,724,825,715,1187,502	298	298
130,209,165,125,220,174	2,4,4,1,12,7	146,152,216,201,285,114	9,5,3,4,11,7	298	298
4,7,6,1,0,2	3,4,4,3,0,4	0,1,6,3,3,1	1,0,2,3,5,2	242	242
80,118,67,80,93,73	92,145,102,98,124,108	91,59,88,92,109,34	120,84,76,86,156,60	211	260
19,29,22,17,14,22	36,50,36,26,54,60	12,15,12,19,23,0	24,14,23,36,56,19	217	238
30,44,31,49,63,61	19,28,21,22,43,34	21,34,31,40,34,17	11,17,21,20,41,9	298	226
274,383,281,245,403,349	89,161,114,89,176,139	296,229,241,298,371,122	139,81,98,102,148,64	298	214
5,4,2,1,5,6	56,98,68,54,103,58	7,4,2,4,7,2	73,58,56,112,86,34	183	278
23,25,36,25,27,27	58,98,68,54,103,58	18,24,18,28,20,12	73,57,56,112,86,35	183	278
84,151,135,97,162,126	51,69,59,63,91,54	122,104,112,158,177,64	37,53,45,74,45,14	255	203
14,19,11,13,22,12	107,129,109,88,157,112	27,13,21,27,50,4	92,66,93,132,132,33	251	212
5,20,14,27,27,14	175,200,174,155,241,180	22,31,31,40,42,33	164,123,149,196,280,92	183	212
58,83,50,50,86,75	64,76,69,64,95,88	59,51,71,81,117,39	72,62,64,79,111,27	212	202
38,38,45,50,63,47	94,145,105,66,142,86	32,24,23,48,53,10	62,44,47,82,87,23	252	247
2,2,0,1,0,0	10,18,15,10,10,16	1,3,3,1,1,2	9,5,12,9,8,2	298	298
1,1,0,2,4,1	388,621,502,434,744,618	6,1,1,3,3,0	369,373,347,476,610,195	187	298
76,98,91,84,133,97	63,102,58,75,132,101	115,94,134,130,179,40	96,88,95,141,147,43	298	298
27,38,34,29,33,25	40,65,54,30,59,41	24,22,15,29,23,11	39,24,27,55,47,13	223	235
18,36,27,19,24,22	27,51,42,36,65,44	18,14,19,13,29,4	37,24,23,47,52,20	195	223
49,90,82,55,90,57	60,109,82,56,122,75	59,33,33,64,66,14	99,111,103,110,161,46	212	209
34,58,29,29,48,51	5,29,15,23,41,28	33,26,29,35,34,17	12,11,16,28,24,9	298	298
7,4,3,3,1,4	9,4,3,4,1,6	3,1,0,1,3,1	2,0,0,1,4,1	209	209
38,52,31,21,73,48	62,91,57,46,94,63	36,19,31,34,42,21	46,34,32,71,81,20	215	291
517,887,732,701,1079,846	1075,1830,1232,1141,1772,1418	613,477,549,629,824,293	1136,842,1008,998,1430,510	209	242
33,36,38,43,33,40	5,10,14,9,8,15	19,9,17,28,28,8	9,15,5,6,12,6	298	157
29,43,58,36,57,44	5,10,14,9,8,15	30,25,34,41,54,12	9,15,5,6,12,6	298	157
41,58,48,33,61,44	5,10,14,9,8,15	27,19,25,56,61,22	9,15,5,6,12,6	298	157
27,33,39,46,54,34	21,27,21,31,34,39	22,15,42,40,44,16	16,19,31,27,31,11	209	194
0,4,3,0,2,2	412,631,503,497,761,523	0,1,2,2,2,0	542,438,442,505,705,253	298	254
453,717,530,534,887,731	412,631,503,497,761,523	552,408,457,662,663,205	542,438,442,505,705,253	298	254
137,237,142,123,180,100	73,94,108,73,104,100	175,118,146,193,176,44	91,59,65,108,119,30	231	227
4,2,2,3,5,2	14,15,20,7,12,16	1,2,2,3,3,5	8,15,14,16,14,8	218	218
68,95,63,72,74,69	31,59,52,28,31,37	46,27,28,65,56,12	27,14,12,26,23,8	245	205
8,13,5,6,5,6	7,4,4,6,4,3	7,8,3,10,12,2	1,4,3,5,3,3	270	224
311,367,326,300,437,387	383,556,491,365,528,508	233,137,235,355,343,83	350,190,275,474,479,135	210	252
59,97,80,73,90,69	35,54,54,44,80,63	65,42,38,78,101,39	42,29,26,44,61,29	201	188
68,80,69,69,84,76	204,297,220,258,324,303	45,32,48,70,71,33	158,110,138,219,247,98	171	206
10,20,22,18,32,24	31,29,13,21,28,22	21,15,19,16,32,19	23,10,17,29,26,11	211	231
26,47,31,26,36,32	381,627,504,484,669,541	13,14,7,19,17,12	373,220,304,271,457,184	158	298
119,176,151,138,154,115	176,254,217,182,262,237	152,97,125,219,186,56	234,160,199,287,308,95	206	233
27,56,45,31,62,53	24,27,37,26,32,36	31,36,24,51,51,7	11,25,21,32,33,10	298	298
66,89,88,63,132,93	123,197,181,121,251,193	99,66,68,86,145,27	187,104,131,174,238,81	217	291
2,1,1,2,3,3	141,192,161,92,183,155	4,0,0,3,0,1	77,62,78,96,116,37	274	247
14,15,15,18,14,12	10,35,27,17,26,17	10,2,9,11,12,5	18,16,16,29,24,13	226	238
6,18,16,11,11,8	21,32,29,16,23,29	13,4,8,12,15,5	39,19,33,42,52,19	189	226
158,204,157,152,214,187	353,554,354,338,450,411	92,69,129,195,177,44	241,210,318,501,383,124	224	257
0,0,0,0,2,0	18,14,11,14,12,12	0,2,0,1,5,0	15,12,12,13,25,8	244	231
2,12,4,12,10,3	18,14,11,14,12,12	3,6,10,7,24,4	15,12,12,13,25,8	231	231
242,286,242,194,303,247	643,956,743,736,1044,769	289,218,226,314,300,131	925,624,710,879,931,306	216	298
157,249,236,181,268,252	266,439,367,301,493,444	283,219,282,329,413,161	587,433,490,586,826,260	209	252
24,24,19,19,22,28	25,32,33,25,49,26	15,18,13,20,27,8	17,12,12,32,31,15	185	233
0,0,0,2,0,0	25,32,33,25,49,26	0,0,0,1,1,0	17,12,12,32,31,15	200	233
22,38,24,15,26,14	10,9,9,11,10,22	15,10,13,29,27,9	8,6,13,14,6,5	215	194
3919,6786,5350,4963,6608,5616	5182,8609,6725,5668,7977,7305	6687,5332,5484,6471,8270,2967	8572,6535,7031,8199,10557,3656	298	298
17,40,38,36,46,34	28,44,43,21,37,32	15,17,22,41,44,11	16,11,17,37,34,4	230	188
57,73,78,39,104,65	104,163,131,94,158,112	57,43,44,54,126,40	139,100,121,134,185,63	211	249
23,38,38,21,26,33	29,40,27,23,18,39	28,15,20,29,14,9	32,20,36,50,47,11	190	214
6,7,11,4,14,7	0,3,1,0,1,6	4,1,4,14,5,4	0,0,1,1,1,0	298	298
67,76,70,67,93,79	256,371,253,237,337,214	76,66,76,90,98,20	303,221,216,255,298,98	178	233
562,856,683,589,829,729	837,1197,967,918,1339,1221	531,368,505,671,697,232	768,549,813,995,1169,414	233	298
32,30,32,29,45,36	27,28,26,28,31,30	20,24,28,38,26,13	19,30,17,38,38,13	202	210
9,15,23,12,17,20	13,19,18,14,33,27	13,20,21,21,26,16	17,24,14,26,33,16	221	227
96,162,133,97,132,103	27,42,35,21,54,46	112,67,89,86,163,46	36,20,17,38,32,26	298	210
32,57,41,40,58,57	61,104,87,88,94,86	48,17,36,51,60,17	92,60,69,110,117,26	198	250
0,0,0,0,1,0	0,0,0,0,0,1	0,0,1,0,2,0	0,0,0,0,2,0	298	298
68,102,90,83,121,128	172,305,244,231,305,227	101,50,103,106,113,50	254,173,194,315,305,99	194	222
61,85,93,75,88,96	31,54,29,36,53,48	48,37,49,105,71,25	27,22,27,56,40,23	229	209
26,47,50,53,61,63	42,51,24,32,54,29	85,51,51,80,110,34	29,12,19,23,28,8	189	196
116,197,223,147,189,209	94,174,142,126,169,162	183,163,169,225,231,81	169,114,141,202,245,92	212	212
34,45,37,39,28,36	32,51,48,38,38,41	22,15,18,30,49,13	11,17,14,39,41,2	288	294
36,57,35,31,54,21	30,35,26,17,30,15	31,15,33,52,28,10	23,12,33,42,17,7	262	238
6,19,17,13,27,14	53,97,58,61,71,72	0,8,7,2,6,6	65,44,49,60,83,20	292	242
5,2,10,5,7,9	0,2,0,0,0,1	0,3,1,1,6,0	0,0,0,0,0,0	214	202
13,42,28,30,40,20	20,36,19,24,20,28	34,19,27,40,34,8	24,12,19,15,24,10	210	196
298,487,367,376,571,495	320,458,424,341,572,507	428,336,391,547,521,166	465,414,398,580,612,172	197	197
331,509,484,389,632,513	337,493,435,460,545,490	497,364,403,630,625,188	458,410,399,591,619,213	215	218
0,0,0,1,0,0	0,0,0,0,0,0	0,0,0,0,0,0	0,0,0,0,1,0	197	197
141,201,224,211,288,231	0,0,0,0,0,0	183,133,178,238,253,88	0,0,0,0,1,0	197	197
141,201,223,210,281,231	269,399,336,355,512,382	183,135,178,238,253,86	428,304,379,479,503,137	197	197
552,748,697,683,1062,884	274,350,333,346,464,374	764,567,652,903,960,317	393,279,262,434,465,145	197	197
0,0,0,1,0,0	274,350,334,346,464,374	0,0,0,0,0,0	392,279,262,434,466,145	197	197
141,198,223,208,281,233	274,350,334,346,464,374	183,133,178,238,253,86	392,279,262,434,466,145	197	197
225,337,331,283,489,461	272,326,400,338,518,500	321,242,290,467,399,151	394,304,336,464,483,173	215	212
141,201,224,211,288,231	0,0,0,1,0,0	183,133,178,238,253,88	0,0,0,0,0,0	197	197
141,198,223,208,281,233	0,0,0,1,0,0	183,133,178,238,253,86	0,0,0,0,0,0	197	197
141,197,223,208,281,233	174,234,206,189,320,294	183,134,178,238,253,86	242,148,188,320,274,101	197	197
8,7,7,6,5,7	30,29,28,22,41,29	3,5,2,4,6,3	15,15,24,33,20,8	247	198
212,400,249,277,367,266	83,97,74,78,106,81	273,214,271,268,376,95	78,57,71,69,88,40	284	206
137,207,157,115,184,166	46,68,57,53,65,74	127,96,111,131,162,53	43,32,43,62,63,14	239	215
10,14,6,10,12,12	35,30,61,36,76,49	8,2,7,6,4,6	41,43,34,77,64,24	210	212
2,5,6,7,6,3	35,30,61,36,76,49	0,1,1,1,1,1	41,43,34,77,64,24	254	212
1,0,1,1,1,1	10,22,16,22,21,22	0,2,0,0,0,0	13,13,8,18,19,8	208	260
