ID	IJC_SAMPLE_1	SJC_SAMPLE_1	IJC_SAMPLE_2	SJC_SAMPLE_2	IncFormLen	SkipFormLen
0	39,57	40,50	22,50	41,40	182	99
2	11,14	145,178	8,20	105,187	128	99
3	499,642	40,50	418,557	16,45	108	99
4	717,964	20,62	512,834	31,40	105	99
8	201,192	0,0	127,189	2,0	109	99
10	1005,1330	2,1	704,1093	2,6	103	99
11	59,77	7,9	27,60	2,19	132	99
13	35,26	214,276	15,31	166,303	110	99
14	11,14	339,372	9,13	187,277	198	99
15	473,523	3,3	382,565	3,1	104	99
17	781,1164	4,21	709,1157	5,14	106	99
18	21,23	99,96	6,13	50,98	102	99
19	109,70	12,13	38,44	5,13	107	99
20	2094,2142	0,1	1537,2456	0,0	130	99
21	344,375	10,11	218,310	10,9	117	99
22	214,266	2,5	137,223	3,6	102	99
23	6,5	8,11	2,0	0,3	111	99
24	10,25	0,1	0,5	0,0	198	99
25	3140,4711	424,641	3490,5387	835,1130	105	99
26	24,10	17,30	8,9	7,16	108	99
27	18,31	70,64	15,19	62,86	111	99
28	24,36	127,149	26,56	76,150	120	99
29	37,86	26,26	37,59	34,62	198	99
30	38,86	154,159	37,61	84,162	198	99
31	27,28	154,159	34,67	84,162	111	99
33	9,13	181,169	2,9	130,203	198	99
34	52,88	38,75	20,33	32,56	106	99
36	154,199	11,8	114,182	7,17	102	99
37	14,20	75,137	25,51	106,160	136	99
38	174,229	4,10	126,209	2,4	102	99
39	32,44	26,23	18,24	10,12	119	99
43	78,110	336,419	74,133	236,407	186	99
44	206,279	13,20	86,137	15,16	130	99
45	5,2	16,10	3,7	13,7	109	99
46	13,12	26,51	9,20	17,36	114	99
47	3,2	45,58	0,1	29,48	116	99
48	16,19	36,29	10,24	25,39	117	99
49	129,180	7,19	84,164	6,17	198	99
50	52,56	7,19	24,36	6,17	198	99
51	20,26	78,126	10,8	60,129	140	99
52	100,120	0,0	59,86	5,0	102	99
54	233,212	1,0	198,215	0,0	198	99
55	33,30	34,60	54,43	33,57	102	99
56	25,25	2,0	12,39	0,1	198	99
57	24,21	4,3	7,24	4,6	193	99
58	28,36	1,2	19,31	1,1	177	99
59	10,6	23,44	11,15	5,22	102	99
62	59,71	15,44	35,45	26,39	102	99
63	1757,1793	0,0	1361,1951	3,0	104	99
64	37,32	41,45	26,32	38,50	198	99
68	147,164	3,3	90,211	1,0	114	99
70	280,386	53,62	188,327	24,53	102	99
71	60,48	4,9	21,38	1,1	160	99
74	2,1	11,6	3,0	4,7	108	99
75	7,1	5,1	0,1	3,3	108	99
76	20,22	2,8	25,20	1,2	102	99
77	17,23	3,5	11,33	1,3	161	99
79	20,52	10,22	58,73	25,24	184	99
80	127,177	1,5	108,179	0,1	198	99
81	119,151	22,31	116,165	16,33	120	99
83	267,312	5,7	246,336	29,22	198	99
84	15,11	73,93	15,37	34,61	102	99
85	6,9	142,194	8,13	94,175	115	99
86	408,402	124,116	265,397	67,107	102	99
87	459,465	106,167	309,471	76,106	102	99
89	256,256	40,40	157,257	33,59	114	99
90	2,5	111,125	7,0	93,140	198	99
91	1,11	3,9	6,8	10,15	132	99
92	26,26	331,398	17,32	241,406	108	99
93	2,11	62,114	3,16	68,108	117	99
94	1734,2450	6,4	1417,2141	0,1	103	99
95	257,272	742,1006	116,214	538,876	182	99
97	135,219	23,43	85,126	16,28	180	99
98	9,4	80,89	4,9	106,119	113	99
100	91,150	117,172	113,168	97,146	106	99
101	331,448	0,0	278,271	1,0	198	99
102	0,7	318,458	3,2	276,390	132	99
103	735,894	32,29	558,872	14,30	111	99
104	1205,1509	0,0	938,1525	0,1	117	99
105	213,264	5,3	99,243	1,4	122	99
106	100,102	4301,5392	102,163	4114,5654	108	99
107	5947,7932	1,0	5417,8512	0,0	198	99
108	19,20	6,2	14,21	3,3	114	99
110	127,170	1,3	135,178	0,3	198	99
111	11,8	12,17	0,7	7,25	102	99
112	32,23	0,1	15,19	1,1	134	99
114	30,34	9,11	20,19	16,23	108	99
115	77,118	0,1	48,73	2,0	134	99
116	127,140	0,1	63,104	0,3	198	99
119	211,215	5,4	121,223	1,1	172	99
120	5,21	65,73	4,14	28,62	120	99
121	6,4	377,446	0,14	401,675	135	99
122	64969,71570	652,757	67094,107914	674,1249	120	99
123	97,100	2,3	20,49	6,4	156	99
125	6,6	26,56	3,22	20,45	198	99
126	53,100	26,56	48,80	20,45	198	99
127	48,97	0,1	52,65	0,0	142	99
128	64,72	30,26	73,109	50,60	198	99
129	61,78	42,51	36,73	57,56	198	99
130	27,36	2,0	28,44	4,11	116	99
131	17,31	769,943	15,29	608,1021	198	99
133	249,370	9,34	189,216	13,19	198	99
134	97,92	728,967	63,79	624,971	118	99
135	86,99	58,63	40,97	33,41	104	99
136	6,10	224,284	1,3	219,394	198	99
137	0,0	41,86	0,1	14,63	105	99
138	3,0	9,6	1,0	3,0	102	99
139	1292,1775	1,0	1167,1749	0,0	127	99
140	5,1	0,0	3,3	1,0	104	99
141	1,2	30,34	0,0	19,15	111	99
142	38,42	192,277	34,28	173,229	198	99
144	51,62	8,2	65,78	1,8	102	99
145	4,6	268,306	3,6	158,254	147	99
146	403,571	105,149	341,418	66,112	159	99
147	4909,7517	5,2	5347,8436	8,9	168	99
148	225,223	15,27	84,152	15,18	121	99
149	17,16	2,8	17,21	6,6	108	99
150	15,19	17,10	10,28	19,28	107	99
152	17,21	1,0	14,22	0,1	198	99
154	10,7	1,2	9,23	1,0	111	99
155	208,335	70,117	238,383	53,91	198	99
156	19,33	118,139	8,21	97,220	129	99
157	39,39	0,0	18,47	1,2	108	99
158	6,2	73,76	5,2	50,61	198	99
159	0,1	71,111	0,1	38,110	159	99
161	39,65	32,31	24,44	14,32	114	99
162	81,123	0,3	70,84	1,1	112	99
163	10,11	118,198	10,11	104,138	111	99
164	86,102	7,9	50,87	8,6	160	99
165	304,460	13,30	312,531	18,20	138	99
166	32,33	63,87	35,46	75,108	116	99
168	50,55	311,321	30,39	182,295	102	99
169	5,9	119,110	2,2	73,91	198	99
170	33,75	1,0	48,65	0,2	106	99
171	538,675	49,72	364,614	53,84	198	99
172	136,165	12,31	90,117	8,9	102	99
173	13,16	122,168	13,19	122,157	140	99
175	149,193	4,8	128,153	6,3	102	99
176	120,161	0,5	98,105	0,2	111	99
177	233,235	12,3	168,250	2,3	198	99
178	20,17	2,6	6,21	2,1	121	99
179	1436,1317	37,33	1013,1492	8,26	102	99
182	349,428	73,107	251,443	64,49	114	99
183	264,358	0,2	212,368	0,0	106	99
184	13,17	80,71	7,13	46,69	159	99
185	383,436	0,0	460,545	1,1	102	99
187	41,47	1,0	37,69	0,0	102	99
188	7,8	0,2	7,10	2,1	105	99
189	6,2	1,1	10,1	6,10	128	99
190	299,295	2,2	209,299	5,9	105	99
191	10,10	153,133	10,1	104,156	126	99
192	53,71	78,101	41,58	84,127	109	99
193	18,21	153,209	8,19	112,191	132	99
194	598,673	25,59	493,801	32,47	111	99
196	95,111	48,65	76,119	16,37	113	99
197	14,19	122,163	9,4	109,139	118	99
198	87,112	444,504	54,99	327,491	198	99
200	107,179	47,53	96,152	24,44	152	99
202	49,37	0,0	20,52	8,4	106	99
203	77,68	0,0	52,75	8,4	112	99
204	30,31	2,0	35,23	3,0	105	99
205	4,12	476,539	5,6	323,520	198	99
206	12,8	31,20	8,14	17,6	113	99
207	4,12	66,50	3,10	37,69	102	99
208	46,87	0,0	60,174	0,1	104	99
210	12,10	595,646	10,23	376,620	102	99
211	18,8	11,9	5,10	7,6	120	99
212	92,81	80,122	18,34	84,176	102	99
213	299,363	6,12	209,331	5,13	110	99
214	116,114	947,900	167,302	615,911	102	99
215	24,16	1320,1243	21,32	1007,1474	123	99
216	71,85	6,9	44,97	2,3	111	99
217	0,2	0,1	1,1	6,0	107	99
218	26,19	9,20	22,29	10,22	102	99
219	19,26	487,528	6,23	401,514	198	99
220	25,26	92,102	61,49	151,234	102	99
221	209,270	146,238	128,225	146,308	102	99
222	1,6	457,516	0,7	409,600	107	99
223	74,107	0,2	40,75	0,3	102	99
224	10,20	383,520	16,26	300,422	102	99
225	8,20	533,555	9,19	324,519	130	99
226	6,16	35,25	3,6	28,18	102	99
227	21,35	135,163	17,30	85,141	153	99
228	59,67	135,163	52,76	85,141	174	99
229	40,36	2,4	38,47	2,1	120	99
230	79,106	32,23	58,90	18,32	102	99
231	69,59	112,131	34,45	113,122	108	99
234	9,11	1,0	7,8	0,0	126	99
235	101,121	45,71	73,113	52,62	102	99
236	49,42	2,4	11,49	1,0	198	99
237	12,26	7,8	15,27	7,3	127	99
238	26,35	7,8	22,40	7,3	160	99
239	17,16	3,7	7,18	0,5	132	99
240	2,5	177,196	1,4	128,163	103	99
241	2,3	60,38	0,7	34,74	102	99
243	755,915	2,3	631,902	1,1	106	99
244	12563,16145	258,325	10330,14222	283,393	105	99
245	1142,1385	258,325	896,1104	283,393	198	99
246	162,212	11581,14965	158,148	9587,13263	198	99
247	5,5	94,119	2,0	71,82	153	99
248	3,3	16,20	5,5	4,13	112	99
249	103,113	9,8	57,94	9,3	132	99
250	3,5	0,0	3,5	0,1	144	99
252	165,212	0,1	99,181	0,0	198	99
253	75,110	90,94	59,128	35,60	102	99
254	13,35	0,2	27,15	7,2	117	99
255	50,96	0,2	62,93	7,2	139	99
256	42,63	5,2	39,80	4,2	121	99
258	357,431	25,21	270,458	17,26	198	99
259	18,13	110,132	23,33	76,125	139	99
260	11,31	478,724	28,49	1111,1584	198	99
261	206,278	1,0	143,233	0,0	198	99
262	75,119	111,127	41,65	89,136	198	99
263	0,2	3,2	0,0	1,0	110	99
264	193,207	11,20	134,225	5,26	102	99
265	42,48	15,11	35,61	6,10	115	99
266	216,176	167,153	172,256	83,127	102	99
267	433,405	23,19	268,414	14,7	111	99
268	275,273	34,15	175,245	8,22	136	99
269	108,105	34,15	79,99	8,22	148	99
270	22,20	189,188	17,27	113,173	111	99
271	4,1	83,94	4,7	55,86	105	99
272	114,141	4,3	101,117	3,10	198	99
273	6,13	1,2	2,4	0,0	111	99
275	6,4	0,2	1,16	1,3	198	99
276	1,0	3,1	2,0	2,1	102	99
278	383,496	0,0	335,497	1,0	198	99
279	13,16	42,61	27,21	32,68	111	99
280	92,168	42,61	119,165	32,68	130	99
281	79,153	0,1	92,144	0,0	118	99
282	11,7	17,8	8,16	6,7	108	99
283	241,378	15,27	469,701	28,30	102	99
284	203,304	158,265	376,630	233,381	102	99
285	95,99	34,57	58,87	16,35	115	99
286	19,4	134,165	6,7	70,108	110	99
287	37,35	3,2	10,26	0,3	110	99
288	1690,2084	0,2	1243,1989	0,1	198	99
289	0,1	30,14	0,0	36,51	126	99
290	24,27	3,4	18,20	4,0	159	99
291	177,241	0,2	150,235	0,0	106	99
292	37,36	170,184	21,19	133,228	113	99
293	13,19	64,64	19,31	52,62	102	99
294	2,3	48,76	1,0	37,68	104	99
295	110,122	22,23	69,114	11,26	118	99
296	39,68	19,25	28,57	17,23	112	99
297	111,157	280,262	80,165	144,238	198	99
298	97,127	280,262	72,137	144,238	198	99
299	5,4	120,178	9,15	196,329	198	99
300	221,188	5,12	87,160	1,0	108	99
301	28,31	11,4	27,35	6,9	102	99
302	5,0	2,1	2,0	0,0	113	99
303	44,54	0,4	33,70	0,0	118	99
304	806,985	637,805	655,1042	555,836	162	99
305	533,662	0,0	433,700	1,0	103	99
306	8,4	10,17	5,6	20,12	112	99
307	8,7	2,4	6,12	1,1	117	99
308	10,20	2,4	21,18	1,1	104	99
309	139,188	1,7	69,134	3,8	105	99
310	41,61	134,156	60,87	42,99	102	99
311	29,18	18,20	26,32	14,16	162	99
313	44,71	56,87	45,52	45,65	198	99
315	20,25	657,690	20,42	460,820	198	99
316	5,1	171,206	2,7	97,112	123	99
317	0,5	97,124	3,1	77,105	118	99
318	28,31	6,10	15,21	4,4	105	99
320	12,18	85,72	2,6	46,49	198	99
322	927,1216	0,0	854,1463	1,0	198	99
323	1151,1522	16,37	1067,1609	18,28	120	99
324	8,20	490,630	26,51	429,663	144	99
326	0,3	237,269	1,0	135,222	102	99
327	79,112	0,0	79,106	3,2	108	99
329	41,44	16,20	25,79	15,36	102	99
330	120,142	3,6	72,140	0,0	172	99
331	131,165	3,6	81,154	0,0	176	99
332	12,23	1,0	9,15	0,1	103	99
333	242,271	18,39	180,278	4,12	176	99
334	697,1062	229,304	809,1319	148,166	119	99
336	45,39	804,882	55,70	814,1056	108	99
337	32,34	54,72	13,25	44,67	109	99
338	92,103	29,27	31,68	22,32	172	99
339	5,17	49,63	0,4	10,22	124	99
340	83,86	6,1	75,99	0,0	120	99
341	86,86	4,5	75,98	3,1	198	99
342	12,2	4,5	1,1	3,1	198	99
343	4,1	30,6	0,2	7,21	118	99
345	10,18	9,12	7,18	3,19	104	99
346	289,379	12,12	283,425	18,30	141	99
347	717,920	26,23	508,906	11,16	102	99
348	1430,1775	289,261	1291,2187	170,285	198	99
349	160,135	0,1	90,139	1,0	102	99
350	18,43	3,3	12,27	9,12	198	99
351	23,41	2532,4010	17,48	2369,3774	198	99
352	8,11	2532,4010	17,36	2369,3774	124	99
353	7,18	14,13	10,27	7,12	124	99
354	49,62	52,76	61,57	26,62	104	99
356	392,463	2,3	331,436	3,3	198	99
357	525,652	117,148	247,359	90,152	198	99
358	13,19	344,371	1,16	200,297	144	99
359	11,9	28,17	6,9	8,11	102	99
360	0,1	2028,2363	1,2	2021,3062	123	99
361	21,24	14,39	10,14	16,23	109	99
362	264,316	6,7	177,301	1,3	110	99
363	185,250	90,134	158,276	68,106	175	99
364	78,107	62,56	80,98	36,60	198	99
365	1,2	1895,2279	9,2	1944,2633	198	99
366	99,109	5,13	54,74	2,12	174	99
367	20,37	505,645	20,17	398,529	110	99
368	526,618	4,5	430,538	1,4	114	99
369	39,20	32,36	9,19	33,41	116	99
370	59,49	12,24	42,45	3,10	159	99
371	52,65	12,24	66,67	3,10	142	99
372	0,3	2,7	0,1	1,6	113	99
373	0,4	252,312	1,1	278,423	113	99
374	23,18	1,0	2,9	0,0	103	99
375	8,13	5,1	1,10	0,0	103	99
376	62,65	1,0	48,65	1,1	198	99
377	84,96	104,120	38,65	75,93	135	99
378	208,240	9,0	143,208	0,0	145	99
380	9,8	586,620	11,16	457,623	198	99
381	1,0	28,11	0,0	17,23	112	99
382	4,3	11,9	1,8	10,7	102	99
384	127,157	532,740	163,267	348,592	198	99
385	479,748	125,164	401,615	116,216	135	99
386	187,212	0,1	110,207	0,1	108	99
387	64,82	1,0	57,91	0,0	108	99
389	16,5	109,202	11,16	91,140	137	99
390	115,113	7,1	52,101	2,7	105	99
392	97,143	10,9	80,138	11,13	192	99
393	610,701	112,169	392,535	131,166	102	99
394	253,126	11,8	130,174	11,8	198	99
397	218,265	17,14	125,223	10,13	102	99
398	46,58	598,658	41,56	456,677	112	99
401	15,0	293,343	0,7	218,270	198	99
402	3,7	490,680	4,4	451,625	102	99
403	5,11	302,443	7,14	269,478	198	99
404	36,74	141,182	16,27	128,191	102	99
405	10,22	710,897	12,20	489,853	198	99
406	1,0	9,17	0,0	6,4	108	99
407	7,3	148,216	6,4	102,165	120	99
408	325,359	218,240	209,337	139,208	135	99
410	6,6	7,4	0,0	1,0	108	99
411	206,243	17,13	174,236	15,17	110	99
412	136,54	106,81	26,57	20,18	102	99
415	124,177	5,5	60,74	3,3	108	99
416	126,124	10,9	76,94	8,5	104	99
417	88,94	4,2	64,87	2,0	123	99
420	69,127	149,193	73,123	143,200	108	99
421	14,23	15,18	11,17	21,29	122	99
422	6,1	0,0	2,3	0,5	198	99
424	519,724	4,4	478,736	5,6	173	99
425	122,123	374,448	84,166	255,373	102	99
426	12,25	429,588	16,31	378,500	111	99
428	216,237	176,196	168,240	79,131	103	99
429	16,39	5,0	20,25	2,1	103	99
430	14,23	8,4	16,24	2,3	198	99
431	30,51	1,1	43,60	0,0	106	99
433	282,389	862,886	258,358	439,791	198	99
434	2,6	12,13	3,7	5,11	102	99
435	1194,1519	839,953	1350,1939	857,1284	142	99
436	51,45	20,18	17,35	6,24	108	99
437	6,2	44,58	2,13	44,97	120	99
438	23,27	120,207	8,23	97,154	102	99
439	1,4	130,142	1,4	78,105	141	99
440	2,11	60,60	2,13	22,42	102	99
441	20,12	38,58	3,10	32,40	111	99
442	25,16	216,296	21,44	139,272	114	99
443	319,427	0,2	276,406	0,0	198	99
444	512,720	0,1	418,575	0,0	148	99
445	4,12	51,71	10,18	31,62	107	99
446	3523,4365	65,88	3024,4819	50,69	102	99
447	10,4	11,20	6,13	8,19	114	99
448	0,1	38,38	1,2	15,33	102	99
450	159,166	0,1	65,127	0,0	105	99
451	52,47	34,36	28,40	30,54	102	99
452	11,6	157,224	8,5	143,239	117	99
453	91,91	0,1	62,102	0,0	198	99
454	11,10	64,72	3,17	62,73	133	99
455	76,88	18,16	67,84	2,2	198	99
456	13,18	4,2	5,11	2,2	198	99
457	31,30	19,14	25,27	13,21	160	99
458	40,64	12,17	48,79	9,8	116	99
460	9,10	70,77	4,2	38,45	111	99
461	53,70	139,202	27,39	100,125	102	99
462	42,44	15,9	35,44	16,9	102	99
463	1,1	39,34	0,0	28,24	198	99
464	3,4	6,3	0,0	3,12	108	99
468	340,408	23,24	324,466	11,28	141	99
469	21,42	113,145	41,54	86,141	102	99
470	8,7	74,57	6,6	30,59	102	99
475	258,327	757,1002	259,350	512,731	198	99
476	794,926	1,2	516,780	3,4	117	99
477	103,105	6,12	44,73	3,7	105	99
479	61,59	8,2	48,89	4,3	154	99
480	75,71	313,349	58,106	262,407	157	99
481	79,78	109,142	65,114	84,153	160	99
482	22,14	313,349	14,20	262,407	102	99
483	26,21	109,142	21,28	84,153	105	99
484	317,356	109,142	269,415	84,153	102	99
485	4,6	8,9	0,2	5,6	115	99
486	10,6	12,19	9,7	7,14	137	99
487	16,12	1,0	13,15	0,0	150	99
488	27,25	0,0	17,27	2,0	178	99
489	14,9	12,19	14,11	7,14	121	99
490	20,15	1,0	18,19	0,0	134	99
491	31,28	0,0	22,31	2,0	162	99
492	18,25	1,0	11,22	0,0	112	99
493	29,38	0,0	15,34	2,0	140	99
494	12,13	0,0	4,12	2,0	127	99
495	46,62	4,3	44,37	2,1	118	99
496	6931,9990	69,129	5804,8772	63,81	118	99
497	7231,10328	44,74	6050,9148	34,67	128	99
498	369,467	44,74	309,457	34,67	109	99
499	32,32	5166,7063	25,50	4259,6621	102	99
500	683,902	16,7	487,739	11,15	139	99
501	176,234	2,2	107,192	0,9	103	99
502	7,7	45,59	1,10	38,60	121	99
503	13,13	63,65	4,32	69,106	109	99
504	47,58	13,14	12,29	8,8	104	99
505	107,109	13,14	56,98	8,8	163	99
506	103,104	43,53	52,94	8,25	158	99
507	25,34	1276,1582	11,31	868,1378	198	99
508	3,4	64,106	1,8	64,108	116	99
509	7,14	159,175	8,14	132,149	138	99
510	428,447	1014,1097	320,488	659,900	108	99
512	65,93	134,207	49,97	114,150	140	99
513	215,232	0,0	82,152	0,2	129	99
514	576,614	53,83	408,555	22,62	114	99
515	17,4	4,2	11,3	0,1	198	99
517	178,178	0,2	93,201	0,0	129	99
518	23,29	51,30	19,30	15,29	102	99
520	18,29	23,21	21,32	20,32	102	99
521	8,10	872,893	15,13	523,923	198	99
522	67,103	5,11	92,147	3,4	198	99
523	28,43	43,89	20,38	37,66	110	99
524	472,660	436,605	554,838	390,562	102	99
525	151,230	840,1148	211,314	867,1369	114	99
526	56,49	84,85	31,58	25,62	112	99
527	3,0	3,5	0,0	0,2	118	99
528	0,0	2,1	0,1	6,2	140	99
529	49,19	22,3	27,40	7,16	130	99
530	2,1	1,0	1,4	0,0	105	99
532	6,6	169,229	1,1	139,200	118	99
534	65,65	5,3	46,72	0,1	145	99
535	120,142	23,26	129,207	16,28	113	99
536	174,167	32,31	149,249	21,40	109	99
537	20,54	1,0	12,16	0,0	106	99
539	99,173	3,14	112,206	16,12	126	99
542	14,15	0,0	26,32	0,1	146	99
543	113,160	65,74	86,155	43,92	121	99
544	10,10	2,0	6,3	2,0	123	99
545	4,8	100,125	7,1	85,132	102	99
546	23,31	1,1	17,33	0,2	102	99
547	107,99	62,92	43,63	49,77	102	99
548	16,36	15,29	10,15	24,22	198	99
549	14,37	127,131	9,18	78,88	198	99
550	628,731	0,0	481,744	0,1	116	99
551	501,494	2,2	266,407	3,0	114	99
552	421,492	14,12	244,410	10,11	105	99
554	387,413	3,10	220,367	5,4	198	99
556	42,41	1123,1353	46,59	859,1422	198	99
558	13,12	544,603	19,24	597,903	198	99
559	411,460	0,1	318,531	3,2	103	99
560	1,4	180,231	3,0	128,195	105	99
562	20,44	15,7	65,65	23,58	198	99
563	6,1	57,114	4,1	69,90	118	99
564	1016,1859	3,3	1260,1819	6,2	105	99
565	119,107	19,6	131,213	27,38	108	99
566	230,255	5,0	256,317	7,13	182	99
567	57,69	227,292	75,72	180,285	198	99
568	0,5	2,1	0,8	1,1	108	99
569	15,27	3,5	11,23	2,6	198	99
570	58,141	4,11	65,98	6,16	198	99
572	240,338	90,143	148,280	125,143	198	99
573	169,208	24,25	143,214	15,25	105	99
575	56,32	12,25	29,39	8,13	105	99
576	87,97	12,25	55,86	8,13	108	99
577	77,92	46,27	44,73	18,26	102	99
578	0,0	10,1	0,3	4,0	121	99
579	6,2	1,0	1,4	3,0	120	99
580	439,409	0,2	171,305	0,0	198	99
581	1,0	2,1	0,2	0,4	111	99
583	155,182	3,3	108,137	1,2	198	99
584	70,120	3,11	50,104	0,0	114	99
585	79,58	1,0	56,83	0,2	114	99
586	0,5	11,7	5,6	5,11	141	99
587	16,20	4,5	15,37	4,10	198	99
589	7,27	520,683	12,17	358,566	198	99
590	150,182	1,6	91,184	2,0	162	99
591	0,1	97,117	1,3	56,110	105	99
592	101,125	1,0	58,121	1,5	198	99
593	180,248	973,1118	154,255	663,1161	198	99
594	101,153	183,171	103,166	111,173	110	99
595	110,81	107,152	39,66	100,147	102	99
596	167,201	24,22	141,183	14,18	102	99
597	32,20	7,3	19,23	1,7	119	99
599	116,158	27,20	147,260	12,24	134	99
600	533,721	279,345	538,782	191,192	102	99
601	23,38	5,4	11,28	1,5	174	99
604	50,64	10,11	19,44	8,18	110	99
606	46,35	4,10	33,59	0,5	112	99
607	44,43	5,10	31,64	3,8	198	99
609	4,12	67,111	8,4	31,52	112	99
610	3,3	4,4	12,9	7,2	121	99
611	12,16	132,163	8,12	67,100	113	99
612	62,51	4,5	33,38	8,6	102	99
614	1,3	153,167	1,1	135,200	110	99
615	5,10	2,0	4,6	1,0	130	99
617	39,60	7,13	26,39	6,3	198	99
618	3,1	248,289	1,1	172,295	171	99
620	71,76	1,5	17,36	0,0	111	99
621	122,175	0,1	114,160	1,3	113	99
625	9,8	1,1	8,19	0,4	102	99
626	1,4	32,39	6,2	33,42	111	99
627	4,12	51,63	2,5	27,70	115	99
628	4,1	8,0	0,3	0,1	150	99
629	2,3	110,166	3,4	68,136	123	99
630	7,12	41,32	7,2	8,35	145	99
631	0,4	0,0	4,2	0,1	106	99
633	20,14	38,70	6,16	68,94	198	99
635	166,196	74,115	164,249	75,102	102	99
636	3007,3030	40,44	2116,3297	35,48	102	99
638	84,125	50,60	44,87	57,123	110	99
639	30,35	4,3	22,27	4,6	105	99
640	66,91	120,168	48,87	130,170	102	99
643	20,19	68,53	12,12	16,33	172	99
644	376,574	122,104	252,397	52,60	129	99
645	544,696	2,3	315,555	1,4	105	99
646	13,9	12,5	6,5	6,3	138	99
647	320,401	28,31	279,398	23,17	102	99
648	60,84	72,101	45,64	80,114	102	99
649	2,11	131,148	3,8	103,150	110	99
651	0,2	158,201	6,10	150,209	132	99
652	566,662	0,1	338,583	0,0	198	99
653	239,239	56,56	97,188	18,56	198	99
654	10,19	77,81	22,41	73,92	198	99
655	11,15	10,12	4,10	3,13	104	99
656	138,118	9,15	114,159	3,17	102	99
657	531,787	75,79	342,577	30,64	110	99
658	317,362	0,1	165,244	0,0	198	99
659	86,73	2,0	59,102	4,2	125	99
660	4140,4824	10,6	4055,6016	4,14	109	99
662	22,21	6,18	22,47	5,7	105	99
663	167,213	15,20	121,149	4,22	111	99
664	36,43	122,176	13,29	68,124	102	99
665	19,37	0,2	8,11	1,2	137	99
666	66,73	41,48	48,96	33,51	123	99
667	9,17	154,228	17,33	114,217	112	99
668	67,59	79,70	48,38	72,108	115	99
669	364,312	1,4	172,324	0,0	198	99
670	372,311	0,1	191,337	0,0	198	99
671	46,33	0,1	28,42	0,0	198	99
672	93,76	8,12	69,58	9,3	111	99
673	3433,3695	8,3	3625,5349	2,5	102	99
674	18,14	204,193	31,80	133,218	114	99
675	23,20	0,2	7,12	0,2	198	99
677	24,27	1,0	21,24	0,0	102	99
678	90,103	1907,2441	76,87	1690,2625	119	99
679	99,71	0,0	67,114	1,0	198	99
680	2006,2511	0,0	1757,2739	1,0	198	99
681	8,18	2,0	10,19	0,0	111	99
682	31,38	3,3	16,38	1,3	102	99
683	8,11	0,1	7,2	1,0	102	99
684	18,32	196,283	8,13	157,207	105	99
685	198,312	17,28	179,245	10,13	105	99
686	799,1139	0,2	584,967	2,0	132	99
687	52,41	18,31	20,42	7,18	110	99
688	15,5	11,2	11,15	9,1	105	99
689	14,15	11,2	8,8	9,1	108	99
690	8,14	9,4	8,6	11,13	102	99
692	5,14	160,183	8,16	112,200	147	99
693	41,17	19,24	20,25	6,16	164	99
694	85,125	32,27	96,108	17,20	107	99
695	37,64	3,9	45,60	19,13	109	99
696	28,24	41,74	11,32	51,96	102	99
697	109,156	0,4	64,113	0,0	198	99
698	565,739	28,32	447,812	40,43	182	99
699	372,502	11,12	241,397	11,22	144	99
700	44,36	2,1	40,46	1,0	110	99
701	17,31	201,246	34,33	142,209	132	99
702	548,708	9,0	458,643	2,8	134	99
703	2793,3183	0,0	2598,4060	0,2	101	99
704	15,24	62,73	11,26	46,73	102	99
705	1,0	43,37	0,2	34,38	159	99
706	30,45	40,50	27,48	32,58	105	99
707	9,7	30,32	8,2	15,19	131	99
708	92,94	1,0	59,113	0,3	105	99
710	53,78	2,3	57,87	3,5	107	99
711	391,494	2,3	344,683	3,5	129	99
712	365,457	27,41	323,639	36,43	121	99
713	42,72	1186,1641	33,48	911,1477	198	99
714	34,31	718,1102	26,65	508,849	198	99
715	39,39	0,2	31,35	1,3	118	99
717	383,419	253,318	231,421	319,467	198	99
718	115,159	253,318	108,165	319,467	113	99
719	230,226	253,318	152,262	319,467	198	99
720	207,207	80,120	141,249	78,124	198	99
721	360,400	80,120	220,408	78,124	198	99
722	272,322	93,88	180,315	76,112	198	99
723	106,158	235,301	141,199	171,272	102	99
724	54,76	257,418	37,84	274,419	130	99
725	17,17	126,170	21,24	90,173	105	99
726	1197,1709	1,0	1003,1556	0,0	103	99
727	24,30	109,121	23,74	94,120	185	99
728	15,25	3,8	16,43	2,4	185	99
729	20,26	725,812	45,60	531,834	198	99
730	245,259	1,2	122,165	0,0	198	99
731	4,12	325,427	7,7	248,398	198	99
732	151,230	97,125	174,242	74,99	102	99
733	8,9	35,45	4,5	37,54	119	99
734	31,35	561,660	15,18	357,490	198	99
735	17,28	6,4	8,5	0,9	102	99
736	87,112	0,1	75,95	0,0	198	99
737	1,1	5,6	2,5	7,8	119	99
738	548,595	21,33	1884,2895	107,185	136	99
739	7,6	148,193	2,2	94,191	102	99
740	6,19	6,10	22,33	9,1	198	99
741	8,25	33,32	26,36	19,38	198	99
742	9,21	33,32	18,7	19,38	114	99
743	17,23	41,32	9,5	13,32	194	99
745	110,120	6,12	68,117	1,8	138	99
746	0,1	123,111	4,1	128,179	102	99
747	14,12	9,13	10,14	11,3	102	99
748	387,388	222,285	398,571	193,310	198	99
751	4,8	169,147	2,18	132,205	198	99
752	67,69	76,106	40,68	62,72	198	99
753	11,15	1879,2593	15,14	1949,2664	153	99
754	121,167	61,76	103,176	35,38	110	99
755	69,65	168,220	38,62	129,232	198	99
756	6,0	62,109	4,1	61,91	102	99
757	96,122	9,6	77,142	10,23	106	99
758	6,9	357,384	0,8	221,370	198	99
759	135,138	2,0	102,186	0,0	135	99
760	8,23	105,137	1,2	66,141	162	99
761	5,14	1008,1179	14,17	846,1110	126	99
762	18,11	1,0	9,13	0,0	102	99
763	20,39	3,12	18,18	3,10	116	99
764	230,278	15,31	196,249	12,15	114	99
765	13,24	2,0	20,16	0,0	103	99
769	25,21	10,9	15,32	6,14	198	99
770	12,10	4,3	12,22	3,2	198	99
771	8,4	4,5	10,15	2,15	198	99
773	324,377	0,3	267,407	4,0	103	99
774	60,46	24,8	35,61	11,27	163	99
775	51,47	64,68	35,61	32,62	113	99
776	7,22	17,32	22,16	17,16	115	99
777	5,0	1,1	6,0	3,12	104	99
779	0,2	13,4	0,3	3,4	174	99
780	228,264	7,12	179,246	0,7	143	99
781	11,7	236,266	12,19	221,274	102	99
782	17,28	33,56	18,9	35,41	117	99
783	6,15	0,0	4,5	1,2	128	99
784	7,15	6,8	4,6	12,3	142	99
785	1,0	6,8	1,3	12,3	113	99
786	10,15	70,59	4,24	22,55	123	99
788	304,300	0,1	188,318	0,0	165	99
789	550,577	3,1	314,486	2,0	110	99
792	1,2	2,5	0,0	0,8	174	99
794	80,79	7,6	54,63	7,0	112	99
795	69,91	0,1	58,99	0,0	198	99
796	11,16	74,86	11,10	61,75	198	99
797	0,0	5,9	0,2	2,4	143	99
798	27,45	0,2	23,44	0,0	198	99
799	201,254	51,56	122,207	21,39	102	99
800	19,13	2,4	9,17	2,14	119	99
801	26,18	0,0	22,37	0,1	171	99
802	242,257	0,1	124,241	0,4	106	99
803	8,2	0,3	1,7	0,3	159	99
804	8,6	3,0	1,9	2,0	173	99
805	0,7	3,0	0,5	2,0	113	99
806	4,6	0,2	0,8	0,2	173	99
807	0,0	3,5	0,5	2,10	102	99
808	2,4	6,20	0,2	3,0	102	99
809	2,6	569,682	7,11	450,710	177	99
810	5,5	49,66	4,7	20,30	122	99
812	62,59	120,140	45,79	100,152	102	99
813	729,935	0,1	567,932	0,0	123	99
814	15,11	45,20	2,14	23,46	109	99
816	16,2	10,20	6,12	7,8	198	99
818	362,467	3,0	293,416	1,4	112	99
819	20,14	62,82	11,17	31,42	102	99
820	30,26	47,45	20,29	26,38	102	99
821	51,68	8,14	20,47	11,24	117	99
822	111,138	4,1	121,220	0,3	198	99
823	840,1116	12,13	712,1175	14,22	141	99
824	1631,2152	5,8	1575,2286	6,4	162	99
825	805,1053	5,8	877,1134	6,4	120	99
826	696,946	1,4	630,1008	2,3	141	99
827	1487,1982	1,2	1493,2119	4,2	162	99
828	794,1044	1,2	865,1115	4,2	120	99
829	1074,1448	787,1192	1123,1520	733,1467	120	99
830	11,28	60,153	8,9	16,20	105	99
831	131,151	4,8	142,269	3,4	103	99
832	18,25	33,64	14,20	18,44	103	99
833	59,68	2,1	68,132	1,8	102	99
834	140,181	2,0	133,180	0,0	108	99
837	352,422	19,26	186,305	22,24	102	99
839	272,302	78,87	164,275	81,130	129	99
840	164,246	0,1	151,244	1,1	106	99
841	54,56	120,171	37,61	93,134	102	99
842	127,133	36,60	88,132	41,54	124	99
843	82,91	8,10	69,111	12,12	124	99
844	147,212	1,0	152,220	0,1	198	99
845	809,1275	190,330	590,876	252,351	105	99
846	54,72	16,18	33,55	12,21	104	99
847	1008,1159	209,266	701,1117	158,268	102	99
848	27,26	1,6	24,54	1,2	163	99
849	6,3	173,178	1,4	125,161	141	99
850	144,191	6,9	119,203	2,13	127	99
852	74,56	33,34	50,53	28,39	145	99
853	162,249	0,1	151,197	0,0	198	99
854	190,275	0,1	179,231	0,0	198	99
855	6,9	377,404	2,5	297,425	103	99
856	5,7	34,38	1,5	17,36	103	99
857	277,204	7,6	205,378	5,7	105	99
858	2,6	2,1	3,4	2,0	168	99
859	2,6	0,2	3,4	0,0	171	99
860	2,1	0,2	2,0	0,0	102	99
861	2,8	5,4	0,4	3,4	168	99
862	9,13	27,17	0,8	10,21	182	99
864	12,9	27,17	3,8	10,21	113	99
867	13,16	341,478	14,16	300,475	126	99
868	4,4	386,389	5,7	262,428	102	99
869	129,196	15,19	124,179	11,29	139	99
870	2,0	1,0	0,3	0,0	141	99
871	125,101	141,112	91,91	71,95	102	99
872	37,27	14,8	19,26	11,11	111	99
873	3,14	37,32	2,7	17,29	103	99
874	0,2	99,129	0,1	95,98	129	99
875	3,3	3,4	1,3	5,10	132	99
876	102,130	3,4	96,100	5,10	102	99
877	12,31	281,334	21,25	270,369	145	99
880	3,8	509,493	8,18	369,522	198	99
881	20,38	1,0	24,30	0,2	103	99
883	61,49	22,31	11,26	32,52	105	99
884	62,87	12,4	24,53	1,2	198	99
885	38,41	18,32	36,75	8,13	102	99
886	4,11	17,12	4,22	8,33	102	99
887	203,227	15,21	131,239	24,11	136	99
888	129,166	3,11	99,168	1,10	198	99
889	28,10	59,64	9,26	28,58	130	99
890	61,124	0,1	36,86	0,2	108	99
891	20,40	272,307	23,13	244,367	111	99
892	9,36	133,144	23,34	155,196	198	99
894	27,23	145,210	4,16	125,200	102	99
895	14,14	1,4	1,14	0,0	102	99
896	74,60	91,81	40,102	68,112	102	99
898	193,215	15,29	148,237	14,24	113	99
899	3,2	20,24	0,1	19,33	137	99
900	5,7	256,323	3,11	308,476	111	99
901	309,384	11,7	252,414	10,13	102	99
902	76,62	1,0	29,52	0,2	198	99
903	14,16	0,1	9,38	0,0	105	99
904	194,212	5,6	115,190	2,12	109	99
906	0,1	5,8	1,0	2,2	116	99
908	23,20	39,28	3,12	22,35	198	99
909	382,522	1,0	340,461	0,0	198	99
911	677,969	0,4	317,568	0,0	198	99
912	77,82	633,743	28,48	573,1009	102	99
913	300,317	0,1	258,500	3,0	111	99
914	14,18	3,4	5,15	4,6	135	99
915	44,78	73,82	37,83	67,117	105	99
916	78,76	59,59	60,90	39,49	102	99
917	140,199	24,46	106,175	16,28	105	99
918	207,260	71,78	146,200	40,56	139	99
919	68,67	0,4	40,59	3,0	104	99
920	283,306	0,1	586,897	0,0	198	99
921	283,301	73,87	621,911	42,74	119	99
922	110,167	295,384	110,130	757,1152	102	99
923	219,239	14,8	221,278	22,24	103	99
924	71,78	6,12	49,79	12,16	142	99
925	14,12	184,196	6,12	156,226	110	99
926	21,23	10,6	15,10	4,22	111	99
927	104,97	792,854	63,71	432,698	128	99
928	260,184	23,14	130,139	8,19	138	99
931	22,24	1,0	13,21	0,0	129	99
933	7,26	523,734	40,70	466,782	102	99
934	17,15	2,4	13,19	9,6	105	99
935	16,35	1,2	5,24	3,3	105	99
936	22,40	6,7	13,16	2,4	102	99
937	10,22	123,125	14,14	57,117	108	99
938	4,1	12,17	1,3	28,18	111	99
939	2,2	36,56	0,4	36,61	111	99
940	32,52	14,12	40,51	8,16	198	99
941	110,123	10,13	72,105	10,16	112	99
942	159,224	68,75	139,203	41,113	102	99
943	349,521	35,39	450,625	20,36	113	99
944	8,9	16,28	0,7	20,41	198	99
945	33,60	853,1150	27,49	635,1024	198	99
947	11,9	2,2	5,22	0,2	106	99
949	9,7	8,33	1,10	7,13	108	99
950	114,120	26,41	73,110	31,29	111	99
952	9,10	0,0	6,8	2,0	102	99
954	3,2	157,167	3,0	100,202	138	99
955	91,118	40,49	58,94	74,108	105	99
956	211,271	54,48	170,262	64,81	102	99
957	108,100	1,5	56,114	0,0	114	99
958	3,3	78,86	0,0	34,89	198	99
960	49,61	0,0	48,38	0,3	147	99
961	1,4	32,28	1,0	30,42	120	99
962	0,6	107,124	1,2	56,137	145	99
963	108,108	0,0	108,132	0,2	150	99
965	681,646	1,0	344,569	0,0	105	99
967	4,10	52,48	3,8	27,30	102	99
969	272,283	28,35	148,300	17,15	116	99
970	60,68	110,162	51,115	142,268	123	99
971	686,995	3,1	912,1481	6,2	103	99
972	17,18	55,103	7,8	40,62	117	99
973	954,983	385,449	775,1162	183,272	102	99
974	0,0	1,0	0,1	1,2	102	99
976	104,165	0,1	151,253	0,0	198	99
977	1,2	134,145	0,1	103,134	113	99
979	47,62	120,190	50,54	63,133	111	99
980	33,23	6,1	12,15	4,7	105	99
982	1301,1489	1,2	800,1379	1,0	111	99
983	0,3	43,84	3,7	49,89	198	99
985	333,214	1,5	148,209	1,1	117	99
986	338,448	120,202	254,353	227,273	102	99
987	33,27	567,738	20,18	440,596	108	99
988	577,645	0,0	468,703	0,4	103	99
989	20,17	57,102	15,26	35,55	102	99
991	60,74	168,197	52,59	135,221	198	99
992	809,898	11,20	620,1095	17,26	198	99
993	1,0	3,4	0,2	3,1	113	99
994	1523,2131	0,3	1417,2331	0,2	160	99
995	9,17	0,1	22,17	1,0	123	99
997	103,111	7,14	74,128	0,10	104	99
998	82,86	28,13	75,94	3,6	122	99
999	17,34	96,106	24,53	87,100	110	99
1000	22,18	28,28	25,68	14,17	142	99
1001	30,34	10,1	35,81	11,14	156	99
1002	36,44	10,1	24,30	11,14	113	99
1003	24,27	189,236	16,23	183,205	198	99
1004	18,27	51,62	14,24	48,87	198	99
1007	56,62	7,6	40,47	1,4	116	99
1008	58,65	2,0	51,60	1,0	133	99
1009	193,262	0,0	151,169	3,0	116	99
1010	2,0	12,16	0,1	14,19	123	99
1011	6,3	3,4	5,6	0,1	102	99
1012	268,385	56,89	173,254	34,59	194	99
1015	608,972	0,1	538,822	0,0	150	99
1016	7,2	1,0	6,7	0,1	102	99
1017	0,2	58,63	0,5	24,62	112	99
1019	23,30	8,13	25,23	5,6	110	99
1020	49,69	6,9	44,46	16,16	110	99
1021	112,123	18,11	97,131	4,16	107	99
1023	25,26	11,22	28,25	8,21	112	99
1024	41,49	35,29	28,47	11,34	154	99
1025	14,12	75,64	13,11	51,77	198	99
1026	363,431	150,143	309,612	60,155	198	99
1027	18,44	577,883	21,42	548,787	198	99
1029	41,41	25,37	26,37	31,41	172	99
1030	2,3	0,0	4,6	1,0	103	99
1032	26,26	82,66	20,32	90,132	108	99
1033	303,316	123,109	190,262	81,189	108	99
1035	0,0	32,14	0,1	15,21	120	99
1036	36,35	1,0	16,57	0,0	198	99
1037	9,12	0,2	9,7	1,0	136	99
1038	6,13	103,86	13,11	80,120	120	99
1039	230,363	0,5	211,353	1,3	198	99
1040	88,157	0,0	80,83	1,0	109	99
1041	3,5	23,31	1,3	54,90	115	99
1042	1237,1370	22,11	749,1299	12,22	111	99
1043	23,35	1123,1280	11,32	732,1273	198	99
1044	62,102	56,53	48,60	33,55	103	99
1045	3,0	16,21	0,1	12,8	125	99
1046	91,93	2391,3322	102,99	2335,2799	198	99
1047	3,15	14,14	3,9	9,33	108	99
1048	37,20	56,64	40,52	40,31	104	99
1049	83,100	3,5	53,104	10,8	108	99
1050	10,21	153,145	16,19	134,211	110	99
1051	170,232	130,178	177,362	110,146	156	99
1053	28,23	233,203	20,37	154,229	109	99
1054	504,693	7,12	427,584	11,17	109	99
1055	14,17	426,589	6,13	413,525	119	99
1056	100,101	2,0	55,110	0,0	198	99
1057	2,4	73,72	0,2	42,52	102	99
1058	86,126	0,0	62,125	3,2	101	99
1059	268,302	2,0	183,278	0,0	198	99
1060	5,10	158,200	8,4	133,161	198	99
1061	141,142	41,51	100,123	16,51	138	99
1062	0,0	0,2	0,4	0,2	134	99
1063	1,0	115,162	0,3	110,122	159	99
1064	3,13	122,120	1,20	93,143	198	99
1065	5,8	194,238	3,4	146,208	117	99
1068	313,398	1,0	302,472	2,0	104	99
1069	371,431	5,9	146,284	5,3	101	99
1070	1509,1554	13,9	1166,1778	6,3	102	99
1071	15,14	55,96	5,9	56,76	102	99
1072	12,24	569,641	15,16	309,449	111	99
1073	80,126	0,2	50,85	1,0	198	99
1075	5,9	387,436	6,18	301,415	102	99
1076	249,352	286,377	137,220	282,428	102	99
1077	439,632	28,59	369,622	38,54	102	99
1078	19,13	4,2	20,26	3,5	102	99
1079	21,14	59,59	21,30	44,66	111	99
1080	6,3	59,59	4,9	44,66	108	99
1081	336,344	335,361	217,323	276,412	102	99
1082	1,5	49,45	3,2	30,68	110	99
1083	122,204	0,2	104,225	1,0	107	99
1084	19,17	3,3	17,25	0,0	103	99
1085	1498,1568	0,0	924,1430	0,1	113	99
1086	112,112	17,22	69,120	26,40	102	99
1088	27,16	805,981	11,12	460,827	114	99
1089	61,82	63,100	24,35	70,136	105	99
1090	41,64	5,7	58,73	9,3	129	99
1091	4,3	0,0	0,3	0,1	120	99
1092	1,0	85,84	0,0	44,61	102	99
1093	33,29	273,406	28,34	201,337	117	99
1094	67,50	82,57	37,41	45,78	102	99
1095	209,281	6,13	140,228	9,24	103	99
1096	68,104	3,0	29,63	0,0	198	99
1097	5,17	29,46	5,13	33,46	114	99
1098	756,930	49,52	631,895	19,34	102	99
1099	160,278	5,1	217,353	1,4	198	99
1100	133,224	1,0	190,309	1,0	198	99
1101	52,53	2,0	34,55	0,7	162	99
1102	4,8	8,1	3,9	4,18	102	99
1103	68,90	24,33	34,71	24,44	102	99
1104	158,192	0,3	136,185	0,1	188	99
1105	1,6	25,38	1,2	20,16	124	99
1106	4,9	79,125	7,5	64,97	127	99
1107	28,41	79,125	26,19	64,97	102	99
1108	13,12	1,0	6,20	0,0	102	99
1109	527,601	0,0	326,535	0,2	198	99
1110	8,25	0,1	14,7	0,0	108	99
1111	12,17	1,0	7,8	0,0	110	99
1112	1,0	1,7	2,5	2,0	114	99
1113	13,31	164,240	12,10	143,157	126	99
1114	23,56	15,12	53,62	10,9	198	99
1116	62,80	10,29	33,113	11,17	177	99
1117	359,486	0,1	280,454	0,0	180	99
1118	0,1	207,300	0,0	69,124	119	99
1119	2,5	2,0	3,1	0,1	102	99
1120	5,12	90,137	0,9	49,98	198	99
1121	46,29	0,0	35,43	0,2	110	99
1123	13,26	4,11	15,35	13,12	102	99
1124	26,24	12,17	23,24	6,30	198	99
1125	12,22	26,27	21,18	9,2	198	99
1126	20,39	26,27	20,19	9,2	198	99
1127	27,46	0,1	25,27	1,0	198	99
1129	146,104	2103,1981	85,181	1649,2590	117	99
1130	18,48	117,166	14,31	100,183	143	99
1133	39,26	24,12	28,16	8,11	132	99
1134	61,77	16,13	31,61	15,26	104	99
1135	9,5	0,1	8,6	2,2	103	99
1136	366,440	17,23	226,379	14,20	198	99
1137	15,6	33,34	10,12	21,30	106	99
1139	6,10	29,42	1,9	26,37	114	99
1142	99,123	11,14	63,107	2,4	118	99
1143	10,10	104,127	14,27	82,115	102	99
1144	44,65	109,143	37,46	89,151	198	99
1145	549,583	554,548	349,504	293,526	198	99
1146	6,10	191,282	13,35	156,218	198	99
1147	1,6	57,44	5,1	39,55	102	99
1148	636,788	91,119	430,682	80,142	102	99
1149	364,418	3,7	227,388	1,3	106	99
1150	250,259	6,10	237,310	3,3	141	99
1151	219,299	1132,1263	246,425	697,1058	102	99
1152	42,32	14,15	28,19	24,36	102	99
1153	473,628	106,127	385,569	77,141	102	99
1154	315,290	0,1	180,387	1,0	134	99
1156	28,53	4,9	48,45	2,6	198	99
1157	12,25	1,2	19,24	2,2	198	99
1158	7,11	63,47	8,13	37,58	115	99
1159	10,8	136,149	12,20	93,189	115	99
1161	82,146	2,7	71,106	1,3	108	99
1162	143,190	74,110	144,147	79,105	166	99
1163	5,2	81,52	2,6	40,55	124	99
1164	177,189	3,8	98,138	3,5	111	99
1165	17,18	157,157	5,11	99,125	102	99
1166	223,261	15,25	147,253	16,6	177	99
1167	150,172	42,44	68,100	36,42	125	99
1168	3324,3500	97,126	2814,4040	89,107	102	99
1169	3423,3616	2,2	2894,4205	4,1	105	99
1170	3558,3769	17,22	3006,4488	10,30	108	99
1171	3942,4284	39,39	3345,5278	20,81	111	99
1172	196,242	2,2	169,272	4,1	102	99
1173	331,395	17,22	281,555	10,30	105	99
1174	715,910	39,39	620,1345	20,81	108	99
1175	137,155	17,22	116,284	10,30	102	99
1176	521,670	39,39	455,1074	20,81	105	99
1177	401,537	39,39	349,820	20,81	102	99
1178	24,39	0,1	42,88	0,0	102	99
1179	124,164	14,22	72,101	4,14	141	99
1180	141,138	16,14	65,143	11,21	198	99
1181	338,400	6,17	236,408	17,17	116	99
1182	345,398	16,21	267,395	33,39	111	99
1183	4,0	158,241	5,5	153,205	156	99
1184	444,524	15,39	353,481	19,48	105	99
1185	4,5	1,0	6,2	0,0	106	99
1187	45,63	101,96	36,71	67,73	102	99
1188	6,7	74,75	6,10	36,59	105	99
1189	7,11	169,183	8,10	100,187	102	99
1190	13,20	60,48	16,23	22,35	102	99
1191	46,41	3,0	32,41	3,3	116	99
1192	15,2	18,5	6,4	13,20	102	99
1193	68,89	9,13	30,45	6,8	154	99
1194	100,137	1,3	44,60	1,3	198	99
1195	13,22	93,74	5,15	25,41	198	99
1196	0,0	1,3	0,2	0,2	153	99
1197	19,41	20,16	18,24	10,11	133	99
1198	323,371	9,16	221,375	11,12	106	99
1199	1524,1939	33,50	1432,2366	88,93	116	99
1200	11,24	0,1	5,23	0,0	102	99
1201	32,31	0,0	18,23	0,4	102	99
1202	32,26	551,452	18,27	290,475	198	99
1204	93,82	0,4	66,118	0,2	120	99
1205	2,10	24,34	5,7	28,22	102	99
1206	514,712	295,395	556,863	300,394	114	99
1207	122,173	1,15	54,183	6,9	117	99
1208	5,27	84,107	8,9	59,85	124	99
1209	42,45	22,21	29,40	22,33	102	99
1210	14,8	50,73	12,28	41,78	102	99
1211	10,11	6,8	14,5	6,3	102	99
1212	26,16	124,120	17,16	114,227	198	99
1213	33,39	182,215	30,41	123,233	114	99
1214	0,0	204,322	3,0	171,298	138	99
1215	23,12	1,1	4,11	0,3	108	99
1216	12,26	96,104	9,22	7,10	144	99
1217	2,1	9,6	4,6	6,5	108	99
1218	107,139	149,200	72,123	96,226	119	99
1219	4,9	110,98	5,7	59,102	198	99
1220	73,64	21,27	11,21	19,30	103	99
1223	47,59	8,5	27,39	6,1	102	99
1224	77,60	0,10	45,68	7,18	105	99
1225	1464,1732	1,0	1120,1853	0,0	107	99
1226	17,19	112,111	7,6	94,144	114	99
1227	32,46	121,128	32,41	84,112	102	99
1228	267,317	5,0	245,350	3,1	172	99
1229	20,49	156,342	15,48	161,340	112	99
1230	68,77	1,0	71,116	0,0	105	99
1232	1,1	54,57	2,10	44,89	117	99
1234	99,168	234,338	47,92	136,184	102	99
1235	170,179	0,2	146,232	3,3	148	99
1236	1132,1101	2,2	791,1294	3,0	132	99
1237	96,104	0,1	59,89	0,0	102	99
1238	2,1	18,19	2,5	11,23	114	99
1239	83,93	62,70	60,83	24,39	105	99
1240	9,22	1680,2252	11,9	1000,1398	135	99
1241	157,208	335,390	170,251	251,538	102	99
1242	178,210	0,0	96,135	1,0	102	99
1243	21,22	24,30	13,20	9,8	121	99
1244	14,39	5,8	14,25	0,6	106	99
1245	150,189	21,21	115,243	4,7	122	99
1246	75,145	14,25	86,117	4,7	126	99
1247	10,26	39,82	17,32	45,66	198	99
1248	8,3	1,2	3,5	4,4	127	99
1249	18,7	9,14	1,5	5,19	106	99
1250	13,23	10,9	16,29	2,2	115	99
1253	48,88	12,7	44,78	3,5	120	99
1254	4,3	297,394	9,8	232,369	141	99
1255	2,9	2,2	3,1	1,0	119	99
1256	28,44	0,0	11,25	1,0	198	99
1257	29,43	0,0	12,25	1,0	198	99
1258	13,14	11,17	2,20	5,9	198	99
1259	59,94	77,78	51,81	20,59	102	99
1260	16,13	77,78	8,24	20,59	115	99
1261	14,11	57,92	5,17	48,74	112	99
1262	5,6	0,4	0,9	0,1	116	99
1263	8,13	54,55	3,8	26,65	116	99
1264	140,193	185,189	146,221	144,192	144	99
1265	27,36	28,27	18,36	35,73	163	99
1266	496,688	83,138	376,569	93,146	102	99
1267	10,7	259,348	7,9	208,313	132	99
1271	405,409	3,4	294,419	4,11	118	99
1272	655,745	10,15	495,797	11,12	162	99
1273	19,29	64,95	14,25	35,55	102	99
1274	72,104	98,148	34,48	101,148	111	99
1275	71,101	12,23	46,62	6,9	198	99
1276	5,3	11,1	0,0	1,0	120	99
1278	33,33	9,4	39,49	1,10	103	99
1279	15,10	42,50	3,12	24,35	102	99
1280	66,63	21,27	35,45	19,35	122	99
1281	25,45	590,632	19,32	456,665	198	99
1282	22,39	0,2	14,21	1,0	103	99
1283	101,150	1,1	59,95	2,0	198	99
1284	184,243	1,1	79,167	2,0	198	99
1285	170,187	45,56	98,177	43,62	126	99
1286	3,4	0,1	0,1	1,0	139	99
1287	174,149	1,0	167,190	0,0	198	99
1288	116,140	47,42	87,136	40,48	122	99
1289	403,639	1,3	346,616	2,4	106	99
1290	36,59	3,8	44,46	4,5	172	99
1291	21,45	5,1	25,34	7,5	172	99
1292	65,104	5,1	65,79	7,5	198	99
1293	50,71	0,6	52,53	0,5	198	99
1294	97,89	3262,3078	94,124	2642,3777	198	99
1295	2,2	88,86	0,0	46,57	120	99
1297	0,2	0,3	0,0	4,0	169	99
1298	88,114	1,0	44,81	0,0	118	99
1299	72,99	9,18	60,96	14,20	105	99
1300	194,266	3,8	179,249	1,8	114	99
1301	192,164	132,124	78,143	111,188	102	99
1302	350,340	30,35	226,322	25,30	111	99
1303	26,23	0,0	33,58	1,0	105	99
1304	4,15	65,70	17,15	19,6	104	99
1305	97,150	18,37	64,120	9,20	102	99
1306	6,11	55,39	3,8	18,28	112	99
1307	15,4	136,130	1,9	102,103	112	99
1308	390,540	3,1	372,584	2,0	198	99
1310	51,52	1118,1421	42,52	937,1435	102	99
1311	273,320	5,4	174,282	1,4	103	99
1313	0,1	403,564	0,3	358,605	198	99
1314	860,1211	274,443	483,817	263,438	102	99
1315	73,137	7,16	63,67	6,4	198	99
1317	2,8	114,139	10,19	88,146	198	99
1318	127,194	21,23	116,189	21,22	103	99
1319	48,60	21,23	36,58	21,22	174	99
1320	44,55	123,189	34,53	114,184	170	99
1321	83,107	6,4	47,80	6,7	117	99
1322	17,15	94,97	17,71	67,128	198	99
1323	23,31	5,2	17,21	2,3	198	99
1325	142,123	1,0	84,165	0,0	103	99
1328	116,164	14,11	87,114	18,19	123	99
1329	21,10	82,147	7,10	62,139	119	99
1330	471,472	142,181	426,584	82,103	102	99
1331	132,145	0,0	124,288	2,3	198	99
1332	3588,6202	3,8	4852,6859	2,5	141	99
1333	628,1089	4,17	808,1182	5,24	138	99
1334	2061,3445	4,17	2553,3858	5,24	147	99
1335	1440,2369	6,12	1762,2691	16,12	108	99
1336	60,94	89,153	62,95	59,59	102	99
1337	58,70	13,14	51,51	11,9	160	99
1338	2,2	7,0	2,0	7,13	102	99
1339	203,276	1,0	106,174	0,0	198	99
1340	242,306	59,52	264,345	20,30	123	99
1341	38,12	1314,1704	18,23	1034,1739	198	99
1343	1,2	0,4	1,2	0,0	131	99
1344	1,0	0,4	0,2	0,0	172	99
1345	3,1	0,4	2,2	0,0	176	99
1346	1,0	1,2	0,2	1,2	140	99
1347	3,1	1,2	2,2	1,2	144	99
1349	56,109	20,22	61,139	19,31	198	99
1350	10,13	174,246	9,17	108,158	117	99
1351	0,1	0,3	0,0	12,20	151	99
1352	57,95	23,22	17,33	7,22	111	99
1353	18,13	1338,1871	18,12	1147,1829	198	99
1354	682,931	1734,2464	539,976	1536,2485	102	99
1356	140,165	4,2	120,230	2,0	119	99
1357	146,168	34,32	91,190	43,43	105	99
1358	343,334	3,9	229,427	7,6	119	99
1359	180,256	144,214	158,233	162,235	173	99
1360	806,1008	269,292	867,1289	149,239	102	99
1361	11,28	10,18	10,24	5,3	198	99
1362	623,578	15,6	432,782	8,12	103	99
1363	13,6	163,207	5,7	123,234	126	99
1364	95,138	21,23	74,132	19,21	114	99
1365	20,23	11,26	14,30	14,14	198	99
1366	482,514	3,0	311,529	0,1	168	99
1367	3,7	4,1	3,10	1,3	102	99
1368	3318,3633	0,0	2168,3583	0,1	102	99
1370	2,5	44,49	0,0	29,35	172	99
1371	119,114	99,96	72,145	49,78	102	99
1372	0,0	41,27	0,2	19,60	129	99
1373	8,23	20,16	12,13	18,12	120	99
1374	9,5	406,422	4,7	297,443	198	99
1375	186,154	0,0	167,233	3,0	111	99
1376	99,117	8,15	74,99	7,6	128	99
1377	0,1	0,0	0,3	2,0	198	99
1378	192,304	3,5	179,340	4,4	107	99
1379	211,297	0,0	186,370	1,0	198	99
1380	378,354	267,249	263,348	175,271	105	99
1381	9,22	12,21	12,15	8,16	105	99
1383	7,12	1,0	5,2	0,0	114	99
1385	210,195	146,185	136,177	121,196	108	99
1386	7,7	46,31	5,2	45,30	105	99
1387	3,14	0,2	1,5	0,0	102	99
1388	0,1	0,1	0,0	1,4	132	99
1389	16,18	37,108	22,24	61,105	103	99
1390	799,1114	142,234	794,1197	96,169	198	99
1391	14,20	316,447	10,23	257,463	117	99
1392	54,65	1,0	21,58	0,0	107	99
1395	170,224	0,0	85,130	1,0	137	99
1396	14,9	0,0	11,14	1,0	198	99
1397	23,15	88,107	9,18	36,68	136	99
1398	25,7	59,58	20,17	45,73	110	99
1399	14,48	118,220	27,26	73,132	102	99
1400	12,3	1,0	5,9	0,1	129	99
1403	151,156	0,0	143,213	2,0	135	99
1404	60,39	1,1	16,25	0,2	105	99
1405	269,582	0,1	288,429	1,0	105	99
1408	206,255	4,10	144,279	3,7	165	99
1410	5,7	8,3	1,1	2,9	121	99
1411	220,318	2,0	163,250	0,0	198	99
1412	1,2	9,39	1,0	16,33	114	99
1413	0,6	39,24	1,0	28,26	198	99
1414	26,11	0,0	4,16	0,1	198	99
1415	151,186	4,15	125,199	9,11	106	99
1416	97,105	40,39	72,110	40,43	121	99
1417	0,0	86,85	0,4	57,90	138	99
1418	78,64	13,21	44,60	8,17	102	99
1419	123,132	19,19	71,140	12,6	114	99
1420	148,114	21,37	85,160	17,12	105	99
1421	42,39	148,179	26,39	98,166	103	99
1422	7,0	3,0	0,0	2,0	198	99
1423	27,18	37,39	18,20	32,55	102	99
1424	2732,3283	3,4	1756,2926	0,1	108	99
1428	16,21	225,308	5,29	210,298	123	99
1430	65,71	1306,1260	43,85	843,1371	198	99
1431	15,6	0,2	3,0	0,1	108	99
1432	27,19	1,1	11,17	1,7	108	99
1433	1,1	76,83	0,4	39,73	102	99
1434	154,217	5,4	142,186	1,2	102	99
1435	33,54	73,60	29,50	33,72	198	99
1436	109,134	141,120	88,201	37,61	102	99
1437	260,460	173,297	371,512	181,400	198	99
1438	22,19	4,7	11,12	3,15	129	99
1439	0,7	16,18	2,3	24,43	171	99
1440	11,24	14,17	3,13	7,26	102	99
1441	144,184	8,14	76,146	5,4	198	99
1443	2,6	12,22	4,11	10,19	114	99
1444	16,13	0,2	19,6	0,0	198	99
1445	40,48	9,20	29,30	7,13	105	99
1446	4646,6968	1,1	3783,6363	0,0	113	99
1447	60,51	10,5	33,66	7,4	102	99
1448	6,14	98,150	18,21	67,80	158	99
1449	1,6	434,478	0,6	308,463	180	99
1450	389,478	709,789	300,568	448,775	118	99
1451	239,338	12,35	169,316	22,26	104	99
1452	41,28	150,179	32,54	128,196	198	99
1453	39,24	150,179	35,31	128,196	198	99
1454	25,43	15,19	23,24	9,31	198	99
1455	4674,5408	0,1	3244,4534	0,1	198	99
1456	1333,1532	5,5	1051,1641	6,10	136	99
1457	99,116	2,7	62,86	1,7	198	99
1458	60,76	0,1	35,62	0,0	198	99
1459	9,7	23,10	4,4	8,14	172	99
1460	51,90	9,11	57,90	17,9	145	99
1461	669,917	1,1	579,778	3,3	198	99
1462	80,169	27,37	85,168	23,46	102	99
1463	48,33	255,351	32,37	176,290	198	99
1464	5,0	86,68	6,13	50,92	115	99
1465	135,136	2,4	117,167	3,3	107	99
1466	7,7	109,121	9,11	84,145	165	99
1467	21,28	1,1	27,32	0,3	107	99
1469	433,660	25,49	438,793	49,40	198	99
1470	899,1311	945,903	913,1546	574,882	198	99
1471	512,724	945,903	550,843	574,882	198	99
1472	846,1186	0,2	808,1300	2,0	198	99
1473	1,4	167,146	0,4	114,187	115	99
1474	736,792	4,3	457,763	0,1	117	99
1475	198,255	44,42	145,216	23,60	103	99
1476	7,10	1,2	5,12	0,0	103	99
1478	9,4	65,92	17,35	90,117	198	99
1479	88,141	25,35	96,116	26,49	106	99
1480	145,194	6,9	148,213	6,19	105	99
1481	2,5	21,28	2,3	16,27	113	99
1482	31,33	99,76	19,22	57,93	102	99
1483	49,41	0,0	43,44	1,0	169	99
1484	6,0	2,0	1,0	1,0	198	99
1485	71,149	53,64	66,117	24,31	102	99
1486	1,3	1489,1406	5,19	967,1398	198	99
1487	27,44	17,11	19,37	11,19	123	99
1488	3,14	2,3	5,6	0,0	127	99
1489	120,158	25,47	92,124	28,39	116	99
1490	13,11	53,58	4,8	32,54	116	99
1491	37,53	305,397	53,90	222,333	102	99
1492	0,0	51,33	1,1	24,49	144	99
1493	3,11	3,0	0,3	0,0	102	99
1495	12,11	4,3	2,5	5,6	111	99
1497	136,107	72,88	81,99	43,81	102	99
1498	42,64	3,2	18,18	3,3	180	99
1499	3,5	4,13	4,6	3,5	102	99
1500	90,59	1,0	38,80	0,0	130	99
1501	38,41	1,0	20,26	0,0	141	99
1502	4,7	56,25	6,6	24,60	110	99
1503	31,41	1,0	30,60	0,0	106	99
1504	10,18	182,198	8,20	142,197	198	99
1506	632,779	1,4	572,694	4,5	105	99
1507	8,17	526,650	10,20	385,634	123	99
1508	163,181	18,25	94,117	7,11	105	99
1509	23,16	181,217	11,28	133,247	114	99
1510	73,130	0,3	69,128	0,0	198	99
1511	187,158	118,126	95,142	79,101	117	99
1512	98,107	516,551	46,97	322,602	118	99
1513	382,512	18,26	302,493	17,28	102	99
1514	130,173	2,11	96,150	6,4	102	99
1515	35,50	46,52	18,43	23,63	151	99
1516	204,207	1,0	154,241	2,0	133	99
1517	237,300	7,18	175,266	6,10	114	99
1518	115,168	9,3	79,127	1,7	130	99
1519	909,896	8,8	836,1224	9,19	104	99
1520	119,142	4,3	58,80	4,1	119	99
1521	156,115	29,17	141,212	35,51	144	99
1523	49,48	4,0	47,49	0,0	115	99
1524	13,19	50,35	21,35	17,11	113	99
1525	477,611	0,0	369,632	0,2	198	99
1526	153,173	1,4	88,91	1,1	198	99
1528	6,3	31,16	5,3	12,10	118	99
1529	67,97	2,4	52,68	0,2	102	99
1530	10,12	2,1	8,32	0,6	110	99
1531	4,6	124,159	1,1	93,150	123	99
1532	255,226	1,1	169,295	1,0	102	99
1533	131,198	0,0	129,193	1,0	111	99
1534	151,156	51,33	107,195	34,65	120	99
1535	12,14	57,58	19,11	21,62	102	99
1536	23,38	1745,1853	17,38	1311,2044	198	99
1537	16,9	26,34	7,14	29,38	112	99
1538	246,294	9,16	276,352	10,19	120	99
1540	223,331	0,0	202,357	1,2	105	99
1541	2,0	50,31	0,2	9,16	198	99
1542	47,41	4,2	25,56	5,4	105	99
1543	259,379	5,4	303,397	3,2	171	99
1544	188,241	11,8	147,213	1,1	134	99
1545	22,48	875,1163	42,47	583,925	102	99
1546	116,109	235,319	68,79	168,276	117	99
1547	444,685	295,358	271,489	305,533	180	99
1548	56,75	26,34	43,79	17,25	108	99
1550	32,36	15,15	88,119	13,34	102	99
1551	0,1	0,0	0,0	0,6	135	99
1552	9,7	27,21	5,4	7,25	102	99
1553	45,77	19,14	52,72	7,7	106	99
1554	96,83	14,16	50,93	11,9	105	99
1556	78,66	9,13	37,78	10,30	118	99
1557	69,88	3,2	43,91	3,10	131	99
1558	41,40	892,1003	30,52	789,1031	186	99
1559	20,3	4,3	9,9	6,4	102	99
1560	168,175	5,6	94,183	11,8	105	99
1561	85,121	0,1	86,90	0,0	198	99
1562	61,73	0,2	44,60	0,0	198	99
1563	7,17	151,230	6,7	79,142	122	99
1564	65,54	55,106	36,76	63,120	102	99
1565	8,11	15,15	3,1	15,16	106	99
1566	10,17	2,0	6,9	2,0	122	99
1567	17,21	2,0	18,24	2,0	115	99
1568	0,1	161,226	1,5	127,194	113	99
1570	0,1	16,13	1,0	10,26	108	99
1571	273,429	4,0	224,454	0,0	198	99
1572	338,473	12,17	259,470	11,16	119	99
1573	69,162	2042,3225	76,130	1882,3097	198	99
1574	2477,4006	1,6	2443,3849	4,4	198	99
1575	11,8	26,43	5,5	22,30	114	99
1576	393,428	80,100	151,222	39,79	102	99
1577	32,31	0,0	18,28	0,5	106	99
1578	0,2	7,5	7,3	3,3	122	99
1579	0,2	17,18	0,0	3,10	117	99
1581	9,1	18,20	0,2	7,27	119	99
1582	27,27	0,4	10,32	2,1	198	99
1583	4891,5755	0,0	3904,6258	0,1	129	99
1584	51,102	2,0	50,71	1,0	198	99
1585	0,10	22,8	3,2	26,26	107	99
1586	9,18	18,21	12,6	11,23	116	99
1587	6,5	218,317	3,5	141,332	144	99
1588	22,53	153,155	43,72	121,126	115	99
1589	166,200	0,4	159,296	4,0	157	99
1590	18,23	15,15	17,42	2,14	102	99
1591	1038,1509	30,42	805,1237	24,30	172	99
1592	6,13	156,221	4,6	120,188	189	99
1593	436,394	404,423	346,634	95,203	102	99
1594	186,228	48,41	117,210	12,27	105	99
1595	3,4	3,2	5,11	3,10	118	99
1596	3,0	0,1	5,5	0,0	105	99
1597	72,62	0,1	41,40	0,0	111	99
1599	100,104	1,1	58,82	0,0	111	99
1600	2,5	45,41	9,6	23,48	102	99
1601	2,1	49,58	0,3	34,46	111	99
1602	13,7	22,23	3,5	10,14	111	99
1603	26,27	208,241	18,26	187,278	103	99
1604	5119,5567	172,174	4880,7446	152,216	102	99
1605	7277,7648	1,1	8035,11221	0,2	103	99
1606	13,14	774,972	7,12	704,976	198	99
1607	11,14	774,972	5,10	704,976	198	99
1608	1,3	2,3	0,2	2,2	102	99
1610	5,7	365,199	2,2	163,191	198	99
1611	82,123	14,8	62,88	7,15	105	99
1612	5,4	0,0	3,6	0,4	105	99
1613	3,1	3,1	7,2	2,8	102	99
1614	104,130	52,78	61,84	41,48	136	99
1615	15,22	75,61	16,35	61,97	198	99
1616	1,0	5,9	0,3	2,10	112	99
1617	252,259	4,1	167,263	1,12	106	99
1618	16,9	19,11	4,15	11,26	111	99
1619	24,20	19,11	17,26	11,26	117	99
1620	23,17	15,6	16,20	3,9	105	99
1621	312,347	74,94	192,286	69,89	116	99
1622	0,11	15,35	10,11	5,10	123	99
1624	4,10	188,222	2,7	161,249	122	99
1625	180,227	0,0	154,227	0,3	198	99
1626	66,46	70,71	56,53	32,49	102	99
1627	6,9	15,16	3,13	16,22	102	99
1628	1,2	33,44	0,0	22,27	111	99
1629	71,94	135,202	83,107	163,232	126	99
1630	386,696	75,87	340,521	62,100	102	99
1631	1,4	5,2	0,10	1,2	102	99
1632	7,11	18,12	3,1	8,17	113	99
1633	558,752	81,95	497,823	62,120	114	99
1634	9,15	620,717	6,22	484,850	129	99
1635	85,88	18,42	53,83	11,21	140	99
1636	0,0	15,25	0,5	16,21	114	99
1638	1117,1277	0,1	705,1225	0,0	107	99
1641	109,153	0,0	85,111	0,1	107	99
1642	36,38	21,29	28,45	20,30	103	99
1643	1,1	119,144	0,2	94,172	126	99
1644	4,7	64,69	9,19	77,85	105	99
1647	4,3	56,61	3,2	32,56	198	99
1648	45,79	193,238	29,56	126,246	117	99
1649	80,99	8,17	53,95	9,9	105	99
1651	33,38	1248,1877	31,45	762,1349	102	99
1652	482,671	119,180	288,479	73,80	110	99
1653	414,409	10,21	267,388	5,17	114	99
1654	12,14	0,0	4,9	1,0	110	99
1655	76,77	10,9	43,49	13,12	156	99
1656	19,15	5,1	6,16	1,4	196	99
1658	150,187	1,0	110,170	0,0	198	99
1659	224,318	86,138	155,258	77,137	102	99
1660	22,33	395,472	23,29	285,450	105	99
1661	0,10	294,353	4,7	181,349	198	99
1662	269,256	1028,1004	139,253	441,595	124	99
1663	2755,2978	3,0	1483,1924	0,0	109	99
1664	71,58	0,0	43,83	0,2	104	99
1665	974,1125	0,0	1460,1826	0,1	198	99
1666	10,24	0,0	10,31	1,1	108	99
1667	254,348	293,420	163,182	267,454	102	99
1669	5,7	1,3	2,0	4,1	102	99
1670	18,25	0,0	30,67	0,3	132	99
1671	70,90	1,5	28,42	0,0	132	99
1672	108,195	23,32	76,84	15,41	198	99
1673	19,9	29,23	4,7	24,30	110	99
1674	74,64	86,95	53,46	78,96	105	99
1675	0,0	2,2	1,3	1,3	111	99
1677	14,20	366,487	10,20	315,476	198	99
1678	18,17	0,1	17,22	0,0	198	99
1679	3,1	2,1	7,6	0,2	102	99
1680	5,1	145,137	4,2	222,224	114	99
1682	6,12	1,0	6,13	1,0	128	99
1683	0,1	20,9	2,1	12,22	198	99
1684	5,12	3,1	8,7	3,4	198	99
1685	25,20	3,1	18,29	3,4	128	99
1686	1305,1485	88,83	1070,1495	216,245	105	99
1687	1327,1516	8,18	1092,1538	29,40	108	99
1688	110,114	8,18	238,288	29,40	102	99
1690	3,9	64,62	1,1	22,66	111	99
1691	48,50	1013,801	49,39	707,1136	198	99
1692	1,0	0,1	0,0	2,5	111	99
1693	214,313	0,1	201,285	1,0	104	99
1694	1,0	318,294	1,0	231,325	115	99
1695	6,9	114,192	6,14	115,154	129	99
1696	38,43	13,5	9,24	7,2	121	99
1697	4,14	28,32	14,12	25,17	109	99
1698	75,79	1,4	62,88	6,6	174	99
1699	1014,1227	36,39	830,1239	48,85	105	99
1700	22,41	2,8	15,21	0,1	104	99
1701	5,11	0,0	4,5	2,6	104	99
1702	21,14	12,6	12,17	4,8	104	99
1703	36,17	0,1	22,25	1,0	117	99
1704	49,58	4,2	32,44	1,0	189	99
1706	71,56	23,40	37,44	9,5	114	99
1707	8,12	1,2	0,10	0,0	104	99
1708	51,63	14,31	30,54	7,33	119	99
1709	12,18	26,24	9,3	24,39	102	99
1710	14,16	33,31	27,17	27,32	114	99
1711	19,13	753,851	15,20	499,773	132	99
1712	883,1278	2,6	973,1302	3,6	198	99
1714	44,82	7,4	57,66	5,7	148	99
1715	50,66	4,5	29,58	0,0	198	99
1716	64,45	687,732	29,41	436,715	198	99
1717	9,3	2,0	20,31	0,0	128	99
1718	27,20	1,1	37,44	7,4	128	99
1719	10,6	1,1	30,72	7,4	198	99
1720	3,4	20,18	13,56	18,18	198	99
1721	5,9	553,720	7,16	367,552	198	99
1722	22,8	145,186	13,20	74,88	102	99
1723	28,27	220,224	33,64	145,185	102	99
1724	123,190	91,109	86,158	28,62	115	99
1725	18,12	129,171	17,14	106,174	152	99
1727	9,16	581,675	16,18	539,785	198	99
1728	62,83	2,0	35,57	1,2	104	99
1729	718,926	374,451	525,783	258,424	104	99
1730	1,1	10,7	2,0	3,16	105	99
1731	7,9	0,1	2,5	1,2	198	99
1732	18,29	90,143	56,81	63,122	102	99
1734	537,621	64,68	442,653	28,59	104	99
1735	623,671	19,45	440,738	19,41	105	99
1736	71,102	0,3	86,125	2,3	105	99
1737	61,127	14,22	53,108	39,35	103	99
1738	135,125	4,3	85,95	2,0	123	99
1740	8,12	245,293	9,9	151,293	102	99
1741	44,67	32,35	32,32	29,35	198	99
1742	245,293	11,30	187,247	17,23	183	99
1743	585,1075	25,51	350,576	3,17	198	99
1744	10,11	148,181	9,12	109,207	198	99
1745	83,142	224,177	94,152	201,275	103	99
1747	1,1	1059,866	2,0	506,893	198	99
1748	137,175	4,4	102,198	4,2	109	99
1749	102,125	1,8	57,142	11,2	146	99
1750	88,124	6,2	52,109	3,0	111	99
1751	5,7	172,193	1,8	110,186	102	99
1752	117,168	1,2	95,94	0,0	114	99
1753	329,385	24,37	268,351	22,22	119	99
1754	238,257	1,0	169,280	0,0	108	99
1755	265,327	11,11	175,285	4,15	105	99
1756	25,43	9,12	27,40	6,9	168	99
1757	42,69	130,165	36,76	98,135	115	99
1759	1285,1712	0,0	1080,1692	1,0	101	99
1760	1933,2544	70,106	1645,2533	53,77	102	99
1761	71,100	0,0	148,261	2,0	124	99
1763	152,177	38,49	98,140	55,110	102	99
1764	1,2	16,16	0,0	24,41	144	99
1765	242,284	132,163	298,346	39,77	102	99
1766	53,58	0,0	36,82	0,2	145	99
1767	15,20	28,20	14,25	3,21	103	99
1768	68,103	6,8	73,148	12,9	103	99
1769	80,85	2,0	41,97	0,0	125	99
1770	499,502	106,92	375,575	72,114	120	99
1771	33,36	17,16	22,50	12,17	189	99
1772	15,14	1,0	13,4	2,1	198	99
1773	20,25	1,0	16,14	2,1	198	99
1774	23,28	2,1	9,26	1,1	151	99
1776	55,52	119,52	39,66	51,67	198	99
1777	15,14	247,283	14,22	161,275	120	99
1778	18,26	608,791	10,21	597,936	198	99
1779	1,2	3,9	1,0	6,8	127	99
1780	2,4	5,8	5,3	3,2	109	99
1781	10,5	0,3	2,1	0,0	114	99
1782	33,61	285,383	40,69	167,256	102	99
1783	393,445	12,13	187,339	7,20	136	99
1784	213,319	4,0	130,212	0,0	198	99
1785	7,20	241,435	19,32	279,459	117	99
1786	102,144	1446,2268	36,92	987,1876	198	99
1787	82,79	36,45	48,71	27,34	132	99
1788	46,39	4,6	24,21	0,0	132	99
1789	79,77	2,1	45,48	0,1	102	99
1790	215,251	13,23	154,290	10,28	102	99
1791	29,31	16,20	25,45	10,28	171	99
1792	34,46	4,4	10,25	1,4	162	99
1793	41,35	70,111	25,52	61,93	134	99
1794	31,33	0,1	27,52	2,2	123	99
1795	46,47	9,11	34,64	16,10	134	99
1796	15,16	9,11	9,14	16,10	110	99
1799	23,43	37,45	16,36	21,41	198	99
1800	35,38	107,82	18,26	76,87	198	99
1801	55,61	107,82	27,46	76,87	198	99
1802	5,4	78,106	0,1	76,69	102	99
1803	27,23	82,60	12,18	28,51	114	99
1804	159,195	0,1	114,174	0,0	198	99
1805	22,38	214,245	7,25	127,197	127	99
1806	151,186	2,1	155,204	0,4	114	99
1808	30,32	161,211	28,66	147,235	102	99
1810	161,243	23,32	166,321	27,27	140	99
1811	162,204	15,14	99,212	19,28	166	99
1812	162,203	40,61	97,217	31,72	166	99
1813	489,627	241,223	348,641	176,329	150	99
1814	432,415	219,339	259,411	220,385	198	99
1815	403,526	9,9	364,600	5,8	198	99
1816	122,128	37,41	64,102	19,44	198	99
1817	394,474	1,0	285,347	0,0	104	99
1818	10,14	416,378	14,11	288,472	198	99
1819	96,75	78,73	22,34	60,97	102	99
1820	0,1	110,135	3,1	68,91	116	99
1821	5,2	5,2	1,3	0,0	198	99
1823	22,26	3,5	13,18	6,5	160	99
1824	2,2	125,137	1,4	104,145	102	99
1825	8,8	4,2	2,5	0,0	103	99
1826	21,12	18,12	15,19	13,15	103	99
1827	154,177	236,229	110,156	149,212	118	99
1828	12,19	2697,2753	12,21	3075,4726	145	99
1829	67,94	3,1	60,88	0,4	198	99
1830	547,605	1,0	335,492	1,4	104	99
1832	125,79	0,0	63,79	0,1	111	99
1833	341,492	190,251	218,288	102,153	116	99
1834	2,0	0,0	0,0	0,2	117	99
1836	76,79	250,324	77,108	161,229	102	99
1837	4,6	229,276	2,10	206,314	119	99
1838	2,3	4,5	2,0	0,0	132	99
1839	2,1	4,4	2,0	0,4	102	99
1842	119,216	22,43	117,145	12,40	105	99
1844	1,0	0,0	3,1	0,3	124	99
1845	106,200	43,69	123,168	38,36	117	99
1847	41,43	17,17	33,60	8,13	128	99
1848	49,44	58,56	54,63	68,71	121	99
1849	87,71	7,13	50,72	11,17	112	99
1850	158,190	3,2	120,191	7,6	105	99
1851	66,79	0,2	45,79	2,1	103	99
1852	94,151	166,180	78,121	126,204	102	99
1854	4,7	438,500	2,3	321,503	135	99
1855	30,34	704,1168	16,36	554,866	102	99
1856	1,8	74,110	4,3	59,139	106	99
1857	40,58	0,1	44,73	0,0	129	99
1858	957,1175	161,170	854,1296	159,212	106	99
1859	1222,1715	1,0	1614,2162	0,0	120	99
1860	96,112	1,2	31,69	0,2	198	99
1861	67,95	50,50	25,68	36,54	114	99
1862	13,27	394,473	14,16	240,326	198	99
1863	33,48	18,22	21,74	9,15	108	99
1864	16,9	162,203	7,10	123,226	102	99
1865	4,7	10,1	1,6	14,9	126	99
1866	4,2	1,0	1,0	0,0	106	99
1868	3,1	0,0	0,4	0,1	104	99
1869	141,253	3,0	130,214	0,1	123	99
1870	229,283	22,40	201,316	20,30	110	99
1871	3,6	156,154	0,1	112,206	108	99
1872	15,20	46,57	15,21	30,21	120	99
1873	4,3	39,32	2,0	21,28	126	99
1874	35,49	265,305	32,52	233,419	104	99
1875	34,18	78,62	42,54	76,73	103	99
1876	63,50	207,164	45,60	139,211	146	99
1877	134,138	10,17	103,192	5,10	164	99
1879	362,442	15,13	349,419	15,17	105	99
1880	3,3	198,231	0,2	160,210	126	99
1881	117,216	1,1	165,225	2,3	198	99
1882	15,70	0,1	30,59	0,0	198	99
1883	237,219	140,145	168,224	81,135	126	99
1884	219,280	0,3	152,261	0,4	198	99
1885	69,71	1,0	55,87	0,2	121	99
1886	3,1	32,33	5,5	20,51	128	99
1887	670,982	37,34	869,1478	34,62	191	99
1888	42,91	167,253	100,153	108,172	126	99
1889	420,594	13,22	332,376	8,6	102	99
1890	2,2	19,17	4,10	0,11	109	99
1892	0,5	21,29	0,5	33,58	112	99
1894	9,8	170,185	10,13	157,192	122	99
1895	442,593	6,3	374,485	4,9	179	99
1896	8,10	219,252	6,15	153,232	126	99
1897	13,10	241,294	4,12	268,444	198	99
1898	305,371	7,16	208,319	4,2	111	99
1899	15,19	29,17	13,11	3,16	104	99
1900	5,6	81,91	1,2	88,110	198	99
1901	134,126	12,11	121,172	5,10	198	99
1902	8,13	29,22	3,11	15,19	102	99
1903	14,13	29,32	2,8	23,31	135	99
1905	205,200	96,131	102,126	84,135	119	99
1906	518,557	34,33	463,745	26,34	147	99
1908	9,12	199,218	10,17	111,216	198	99
1909	4,6	2,5	0,2	0,1	198	99
1910	203,315	13,17	196,329	19,9	146	99
1911	556,888	0,6	662,1084	3,4	114	99
1913	3,12	287,355	0,4	216,242	198	99
1914	77,111	0,6	74,144	1,3	113	99
1915	623,721	415,525	491,773	194,328	102	99
1916	81,67	16,19	39,59	16,19	104	99
1917	59,66	10,18	25,40	7,8	165	99
1918	76,89	25,28	31,52	13,19	188	99
1919	27,41	25,28	13,20	13,19	122	99
1920	10,4	69,76	3,4	49,71	198	99
1921	143,203	814,900	53,72	448,753	120	99
1922	173,230	13,24	177,217	19,12	198	99
1923	5,5	0,0	20,37	2,0	117	99
1924	1,1	93,90	0,0	75,126	121	99
1928	433,419	146,127	265,387	140,207	108	99
1929	164,201	146,127	158,222	140,207	111	99
1930	128,164	397,382	125,177	232,342	102	99
1932	3099,3377	1,2	2787,4249	0,3	101	99
1933	236,366	301,358	269,375	206,325	110	99
1936	0,2	5,2	0,0	2,13	133	99
1937	1,3	5,2	0,0	2,13	121	99
1938	102,103	39,39	62,71	30,40	198	99
1939	17,11	223,343	11,33	199,256	198	99
1940	163,185	1,0	82,168	0,0	198	99
1942	0,0	79,85	0,1	36,79	120	99
1944	1,1	3,2	1,0	1,1	138	99
1945	1138,1378	248,327	1489,2266	235,398	121	99
1946	394,522	2,6	475,623	5,2	198	99
1947	78,83	0,0	53,54	0,1	121	99
1948	14,29	329,395	13,27	324,413	183	99
1949	26,22	2,3	29,22	2,7	101	99
1950	847,827	1,0	589,870	0,0	108	99
1951	4,0	0,0	1,4	1,0	198	99
1952	135,125	252,290	77,133	223,251	102	99
1953	35,63	122,212	22,37	129,185	181	99
1954	147,224	180,225	77,146	145,224	106	99
1956	655,883	5,5	573,815	3,4	198	99
1957	12,7	8,2	9,9	10,16	105	99
1958	8,3	167,182	6,2	70,152	114	99
1959	119,139	61,96	52,88	34,72	112	99
1960	1308,1810	42,53	1018,1596	30,64	168	99
1961	31,37	91,114	13,12	29,39	111	99
1962	12,8	6,2	6,5	4,5	112	99
1964	113,101	1,1	80,123	0,2	156	99
1966	76,130	96,122	85,113	71,122	119	99
1968	31,25	70,117	12,17	46,76	102	99
1969	1,1	5,2	2,1	1,4	104	99
1970	12,29	21,24	4,8	9,13	104	99
1971	945,1269	24,21	828,1255	15,18	105	99
1972	12,8	4,9	10,11	5,4	114	99
1973	17,16	1,0	10,27	0,0	198	99
1974	92,117	18,17	44,88	9,14	115	99
1975	21,43	1,1	14,23	0,1	115	99
1976	158,144	0,0	88,173	3,0	198	99
1977	110,142	19,21	58,88	7,3	110	99
1978	612,746	0,0	710,905	0,1	101	99
1979	14,35	216,293	21,54	158,232	102	99
1980	2,7	1,1	3,10	0,0	102	99
1981	6,4	17,8	3,10	9,9	102	99
1983	43,63	42,45	54,92	17,33	198	99
1984	1,8	6,9	2,4	3,6	102	99
1985	8,19	12,3	2,14	13,24	102	99
1986	75,101	88,120	60,75	63,92	131	99
1987	19,19	7,4	7,5	3,7	114	99
1988	99,88	0,0	135,207	0,1	116	99
1989	58,44	199,235	44,77	112,183	120	99
1993	6,4	10,8	14,11	2,11	101	99
1995	49,39	53,66	19,9	22,31	114	99
1996	92,97	66,87	52,51	30,34	108	99
1997	43,65	97,135	20,24	55,62	102	99
1998	10,4	4,0	10,7	2,7	151	99
2000	80,109	0,1	63,95	1,1	141	99
2001	40,50	443,443	72,137	210,405	198	99
2002	228,229	1,0	151,276	1,2	198	99
2003	52,54	379,518	72,61	322,541	198	99
2004	4,1	116,115	2,2	49,71	120	99
2005	583,669	3,8	387,542	8,8	106	99
2006	41,17	0,1	17,18	0,1	109	99
2007	8,15	1,0	9,10	1,0	127	99
2008	1,1	12,11	0,1	8,10	108	99
2009	5,3	41,35	2,8	15,44	102	99
2010	57,47	10,14	23,42	3,20	120	99
2012	18,18	1,0	23,21	0,1	183	99
2013	17,19	303,298	5,8	191,378	198	99
2014	20,22	1,1	16,22	2,0	170	99
2015	33,19	446,560	16,24	310,455	198	99
2016	17,14	55,56	9,14	53,79	102	99
2017	2,3	1,0	4,1	0,0	110	99
2018	56,68	40,26	55,68	18,17	198	99
2019	68,56	38,41	46,76	6,27	198	99
2020	37,54	9,15	9,35	7,12	159	99
2021	4,7	66,60	15,6	41,60	112	99
2022	0,5	109,104	3,10	100,180	123	99
2024	56,49	27,44	31,55	32,15	198	99
2025	227,282	2,3	116,183	1,0	141	99
2026	2249,2099	79,72	1736,2569	55,75	102	99
2028	38,25	14,5	21,12	4,21	105	99
2030	206,336	0,5	230,263	0,1	143	99
2031	22,12	234,326	2,2	144,259	113	99
2032	0,1	56,25	1,0	20,46	147	99
2033	1,3	36,43	5,3	27,40	111	99
2034	59,74	0,3	60,109	0,0	198	99
2035	61,112	13,19	77,85	13,24	129	99
2037	2,0	1,1	0,1	0,0	198	99
2039	168,186	215,312	122,155	210,299	119	99
2040	12,18	233,210	14,15	169,285	103	99
2042	19,17	15,18	9,24	21,26	162	99
2047	168,195	10,20	120,169	25,16	110	99
2048	143,177	27,21	87,160	12,19	110	99
2050	88,51	157,180	44,80	174,240	102	99
2051	616,731	18,17	510,703	5,18	102	99
2052	110,119	2,0	63,96	0,0	138	99
2053	40,108	2,4	31,58	2,3	129	99
2054	3,2	31,59	5,8	19,26	119	99
2058	23,23	202,297	32,41	209,265	119	99
2059	44,73	202,297	50,102	209,265	198	99
2060	38,74	11,17	42,93	13,18	198	99
2061	24,24	38,24	20,30	26,23	102	99
2062	8,22	38,24	10,19	26,23	108	99
2063	6,20	22,22	5,10	15,21	105	99
2066	2,15	17,15	7,7	20,22	132	99
2067	6,4	84,70	3,2	46,67	123	99
2068	0,1	1,0	1,0	0,0	110	99
2069	162,208	3,4	106,145	1,3	164	99
2070	125,141	0,2	85,133	0,0	198	99
2072	6,4	285,383	8,13	379,576	129	99
2073	4,8	308,337	8,4	213,423	168	99
2074	298,426	0,0	238,375	1,2	102	99
2076	518,676	2,1	363,500	1,0	198	99
2077	29,38	556,747	24,32	459,587	198	99
2078	66,77	3,1	61,89	0,3	198	99
2079	23,17	4,1	3,10	0,3	122	99
2081	180,239	0,4	116,140	0,4	126	99
2082	27,30	73,123	30,35	61,72	198	99
2083	15,24	8,13	2,19	9,12	198	99
2084	715,796	111,126	638,923	81,130	111	99
2085	9,13	238,214	3,7	132,190	198	99
2086	396,665	41,90	305,525	43,106	116	99
2087	148,304	48,66	156,276	45,70	135	99
2088	503,879	48,66	418,695	45,70	152	99
2089	14,23	172,273	30,50	208,358	105	99
2090	3,2	25,21	2,2	21,39	198	99
2091	71,65	19,25	48,75	18,16	123	99
2092	101,89	307,290	67,96	201,298	108	99
2093	382,419	5,7	300,420	3,6	105	99
2094	19,26	143,209	12,15	111,194	117	99
2095	196,268	20,19	155,210	9,11	105	99
2096	623,798	400,444	331,572	291,403	198	99
2097	68,92	0,0	41,74	4,0	198	99
2099	375,557	107,127	257,432	57,111	111	99
2100	71,43	42,37	27,42	24,45	105	99
2101	0,0	197,198	0,1	136,200	115	99
2103	137,228	1,0	83,114	1,4	118	99
2104	194,231	52,75	192,215	68,67	166	99
2105	21,36	0,0	32,45	0,1	198	99
2106	0,7	0,0	0,1	1,0	105	99
2107	13,3	41,31	8,5	14,14	102	99
2108	14,8	5,2	7,6	2,0	113	99
2109	2515,2277	489,371	1900,2685	349,504	102	99
2111	20,15	192,236	12,34	168,221	198	99
2112	662,766	4,4	447,857	3,5	103	99
2113	1,2	52,65	0,1	31,42	117	99
2114	115,171	0,0	115,209	1,0	198	99
2115	1,3	34,43	3,5	24,23	198	99
2117	37,51	2,9	63,88	5,18	198	99
2119	2,5	4167,4552	3,1	1858,2803	126	99
2121	3562,4452	1,0	2513,3969	0,0	164	99
2123	120,151	3,8	56,91	6,7	102	99
2124	18,12	22,23	18,14	10,9	120	99
2125	2104,1371	316,207	925,1849	246,464	102	99
2127	402,541	46,55	262,381	61,66	108	99
2128	146,141	12,19	100,147	10,19	136	99
2129	19,11	12,8	10,25	2,3	108	99
2130	44,52	2,3	43,66	3,5	110	99
2131	5,2	32,28	3,5	19,42	126	99
2132	3,0	2,0	0,1	1,0	146	99
2133	570,534	28,26	445,745	23,43	102	99
2134	13,9	110,107	6,12	73,107	110	99
2136	6,8	2,9	3,2	0,4	111	99
2137	142,157	18,26	82,155	13,30	104	99
2138	67,78	118,153	66,75	141,285	105	99
2140	999,1100	74,109	717,1167	53,84	114	99
2141	34,40	23,31	18,37	26,76	102	99
2142	7,7	16,27	1,13	11,13	150	99
2143	9,5	441,569	3,5	304,438	198	99
2144	88,93	7,11	66,124	7,12	111	99
2147	6,4	1,0	4,6	2,2	107	99
2148	2,3	90,155	0,0	75,152	198	99
2149	837,1113	0,0	585,1052	0,5	116	99
2150	66,33	7,3	22,27	1,2	162	99
2151	19,9	130,171	4,23	106,170	102	99
2152	186,280	9,2	152,187	6,12	105	99
2155	2784,4478	3,3	3147,4595	4,9	126	99
2156	111,165	3,11	175,252	4,5	103	99
2158	708,684	52,91	384,682	58,83	105	99
2159	25,22	47,61	17,27	25,47	198	99
2161	58,66	0,2	57,85	0,0	198	99
2162	9,13	9,25	3,4	13,10	108	99
2163	199,220	0,0	194,336	1,0	198	99
2166	2,5	7,13	1,3	8,7	105	99
2168	1,5	189,182	3,16	116,211	198	99
2169	16028,19609	5,8	14970,20786	4,8	102	99
2170	16758,20590	3,1	15731,21876	5,6	106	99
2171	735,989	3,1	765,1098	5,6	103	99
2173	5,2	35,49	2,1	17,24	117	99
2174	31,25	513,619	9,18	222,349	115	99
2176	5,1	3,1	3,0	5,0	107	99
2177	9,7	3,1	9,6	5,0	198	99
2178	8,10	4,1	8,6	2,0	198	99
2179	230,296	45,38	123,183	9,19	110	99
2180	396,340	8,13	263,353	2,0	158	99
2181	21,21	2,10	13,22	8,6	126	99
2182	1,3	64,93	4,1	66,132	198	99
2185	1,5	4,8	0,6	0,1	198	99
2186	2294,2973	0,3	1732,3079	0,2	103	99
2187	0,4	5,4	2,4	3,7	112	99
2189	667,720	1,3	458,718	4,2	108	99
2190	12,16	27,29	17,25	15,20	102	99
2191	682,812	3,4	614,998	6,1	108	99
2192	1,4	48,58	1,1	32,65	106	99
2193	80,143	5,5	56,101	0,1	154	99
2194	2,2	16,13	2,1	19,43	165	99
2195	2,4	100,130	1,4	104,144	122	99
2196	57,63	28,19	43,46	12,22	182	99
2197	20,15	2316,2120	18,12	1788,2732	198	99
2198	348,467	6,7	323,469	2,1	135	99
2199	249,240	0,0	120,197	0,1	198	99
2200	0,3	29,47	2,4	35,35	131	99
2201	38,60	109,222	44,55	162,211	114	99
2202	3,7	217,182	1,0	81,114	120	99
2203	691,878	16,23	698,1037	21,44	108	99
2204	36,70	32,46	46,70	13,45	155	99
2207	618,895	0,1	490,782	0,3	198	99
2208	50,73	21,15	23,55	9,26	114	99
2209	133,148	37,26	84,118	9,23	101	99
2210	347,443	86,141	307,473	121,180	198	99
2211	122,174	20,36	142,234	12,21	198	99
2212	60,66	82,113	63,93	59,88	102	99
2213	11,4	7,6	3,13	7,2	104	99
2214	11,0	1,0	0,3	0,0	104	99
2215	1,1	1,4	0,0	0,3	107	99
2216	73,193	1,2	94,220	0,2	105	99
2217	81,117	352,430	85,151	300,430	102	99
2218	8,2	2,3	2,4	1,3	198	99
2219	28,63	2,1	32,52	5,8	119	99
2220	60,92	8,12	41,77	9,8	115	99
2221	13,17	91,111	9,16	62,76	102	99
2222	486,579	62,50	323,509	45,56	141	99
2224	218,228	9,17	151,184	3,5	142	99
2227	2,0	0,5	2,0	2,6	115	99
2229	1029,1165	0,1	789,1020	0,0	103	99
2230	80,76	3542,4439	82,94	3163,4644	198	99
2232	5,7	20,46	5,3	13,29	134	99
2233	6,4	218,257	17,32	279,460	118	99
2235	37,48	23,40	11,31	11,30	102	99
2236	384,390	1,0	269,495	0,0	198	99
2237	78,64	161,200	40,105	166,281	115	99
2238	55,37	746,824	29,59	640,886	118	99
2239	13,19	2,0	10,18	1,4	111	99
2241	18,19	4,10	6,9	1,6	120	99
2242	108,121	4,10	30,69	1,6	141	99
2243	91,102	1,0	24,60	0,0	120	99
2245	173,210	120,126	121,184	90,114	111	99
2246	202,242	121,207	135,141	143,195	102	99
2247	5,11	258,311	5,17	265,392	129	99
2248	70,58	6,12	70,104	11,4	113	99
2249	1,1	6,12	0,0	4,13	102	99
2250	8,10	589,806	6,14	373,573	116	99
2251	63,89	7,15	33,57	1,6	117	99
2253	31,21	271,297	55,93	327,458	198	99
2254	60,55	2478,2698	28,88	1632,2646	198	99
2255	141,175	4,3	91,158	1,3	198	99
2256	17,41	31,42	14,36	28,37	145	99
2258	148,208	98,114	67,98	106,166	171	99
2259	12,13	82,127	15,28	58,81	103	99
2260	887,490	174,89	497,654	85,102	178	99
2261	4,4	18,15	3,4	11,14	129	99
2262	21,24	6,5	16,20	5,4	102	99
2263	62,81	39,46	37,35	15,29	125	99
2264	24,41	986,1062	15,46	722,1115	102	99
2265	56,70	13,18	46,70	27,28	104	99
2266	3,7	16,24	4,5	5,21	112	99
2267	3,7	335,424	1,1	272,388	147	99
2268	65,104	8,12	57,90	7,12	198	99
2269	61,51	41,25	38,63	23,46	105	99
2270	19,26	62,61	13,33	33,62	102	99
2271	252,361	334,433	214,327	329,515	198	99
2272	32,41	0,0	37,50	0,1	198	99
2274	196,264	91,96	130,153	60,83	102	99
2275	303,369	313,324	141,130	279,347	105	99
2276	45,69	21,24	41,69	28,33	121	99
2277	2771,2735	10,5	1815,2876	2,16	143	99
2279	216,305	0,0	202,256	0,1	105	99
2280	455,456	0,0	296,495	0,1	189	99
2282	269,187	8,2	156,251	2,5	114	99
2283	1,4	50,53	1,4	14,30	110	99
2285	7,4	1,2	7,14	4,5	113	99
2286	39,78	2,7	45,86	2,2	117	99
2289	26,22	10,2	8,17	6,5	198	99
2290	26,53	610,794	28,22	473,749	198	99
2291	36,53	610,794	34,27	473,749	198	99
2292	1472,1890	3,4	953,1597	1,5	104	99
2293	53,78	1611,2027	24,56	1043,1739	102	99
2294	12,7	346,265	5,13	196,357	102	99
2296	24,17	25,38	3,6	13,21	102	99
2297	14,13	2,0	3,12	1,1	135	99
2299	3,1	6,7	0,2	1,5	198	99
2300	24,43	424,506	23,25	318,408	198	99
2301	569,517	5,2	317,445	3,0	198	99
2303	14,19	38,34	4,12	23,31	102	99
2304	16,38	6,6	1,3	0,6	102	99
2305	10,25	12,15	3,1	0,8	130	99
2306	67,138	2,7	58,110	5,5	115	99
2307	289,287	7,7	172,263	1,19	198	99
2308	1,3	3,1	0,7	0,1	119	99
2309	20,17	44,34	10,27	64,84	107	99
2310	36,29	1,1	25,23	1,0	198	99
2311	1,3	42,36	1,5	26,36	120	99
2312	52,77	2,2	34,77	0,3	198	99
2313	129,115	14,21	82,120	12,25	104	99
2314	49,54	330,342	46,86	241,343	127	99
2315	643,813	0,0	435,688	3,0	198	99
2316	24,49	163,186	16,17	164,210	120	99
2317	0,0	6,6	0,7	0,1	118	99
2318	328,400	18,36	192,334	9,20	104	99
2319	411,531	0,0	534,859	2,0	198	99
2320	5,2	88,101	0,3	74,106	138	99
2322	118,222	19,38	238,410	44,84	102	99
2323	16,25	99,101	5,16	60,102	102	99
2324	166,196	12,17	124,179	10,10	102	99
2325	166,179	1,2	100,167	1,1	104	99
2327	12,11	99,125	7,10	106,186	198	99
2329	21,54	1,4	23,24	0,0	105	99
2330	0,0	6,16	0,1	16,13	108	99
2331	1002,1155	386,459	782,1357	118,139	102	99
2332	79,67	0,4	48,92	0,0	103	99
2333	89,111	15,15	61,116	12,14	191	99
2334	22,29	78,96	25,22	99,104	102	99
2335	4,3	0,2	3,4	0,0	103	99
2336	49,54	2,2	45,63	1,0	128	99
2337	228,283	98,105	136,267	65,123	156	99
2338	5,7	3,4	2,9	9,4	117	99
2340	25,34	81,93	46,56	51,75	107	99
2341	29,37	129,103	13,14	90,129	198	99
2346	97,153	0,1	79,119	0,0	103	99
2347	355,387	2,7	320,469	2,13	103	99
2348	265,322	22,37	228,358	38,45	103	99
2349	205,263	126,176	164,289	122,171	102	99
2350	12,18	6,12	22,25	8,9	102	99
2351	15,8	109,113	5,19	32,58	112	99
2353	127,200	1,9	124,190	4,13	120	99
2354	5,0	18,15	11,4	14,15	102	99
2355	21,21	10,11	18,24	18,13	124	99
2356	21,12	159,192	7,17	107,112	198	99
2358	8,13	79,92	14,25	54,125	125	99
2359	32,47	20,18	32,63	25,26	128	99
2362	7,2	54,51	0,5	37,56	117	99
2363	13,16	133,153	7,20	91,149	102	99
2365	45,34	81,120	33,32	59,73	118	99
2366	30,57	17,33	51,55	26,28	102	99
2367	5,17	67,96	2,12	26,50	150	99
2369	47,59	336,357	32,54	238,355	114	99
2370	94,132	1,4	44,119	2,4	112	99
2371	126,198	1,2	90,123	6,7	198	99
2373	215,225	112,121	147,217	106,186	102	99
2374	3,1	169,262	4,6	140,239	152	99
2375	77,95	8,13	60,80	8,15	115	99
2376	12,12	9,15	5,8	7,17	104	99
2377	489,533	1,0	328,596	0,0	198	99
2378	386,495	61,85	311,449	32,75	102	99
2379	9,2	133,144	9,19	108,167	111	99
2381	94,120	43,57	78,113	20,39	102	99
2382	38,41	280,440	41,48	197,364	137	99
2384	24,44	3,1	16,32	0,2	120	99
2385	71,80	1,0	46,61	0,0	165	99
2386	90,124	1,0	72,91	0,1	165	99
2387	86,89	1,0	64,74	1,4	165	99
2388	183,282	17,29	132,211	18,15	152	99
2389	126,195	17,29	80,146	18,15	175	99
2390	41,50	98,137	18,36	70,101	122	99
2391	373,520	299,426	280,492	267,404	128	99
2392	0,1	75,126	0,0	85,133	128	99
2393	100,127	30,30	66,123	19,33	102	99
2394	36,32	13,12	13,34	29,31	102	99
2396	1,2	9,4	1,0	9,13	102	99
2397	7,7	9,4	0,0	1,0	102	99
2398	19,43	33,35	13,27	1,14	118	99
2401	0,4	23,31	1,2	13,26	198	99
2404	273,223	22,18	204,293	14,10	102	99
2405	1,3	4,2	3,5	9,13	110	99
2406	6,1	26,46	8,23	33,57	113	99
2407	4,3	3,0	1,6	0,0	103	99
2408	95,101	233,252	56,113	127,232	150	99
2409	23,20	278,379	17,37	253,326	198	99
2410	16,10	33,39	10,21	13,31	102	99
2412	224,298	618,668	140,259	573,763	113	99
2413	449,509	8,1	372,641	0,0	114	99
2414	7,5	13,5	11,9	2,1	111	99
2415	283,280	16,11	176,276	6,14	135	99
2416	2,9	78,85	5,8	75,136	198	99
2417	36,30	28,27	23,60	16,27	115	99
2418	2,3	249,349	1,5	203,239	198	99
2419	9,5	1,5	4,4	1,5	105	99
2420	1356,1077	0,4	832,1335	0,0	198	99
2422	25,51	0,0	29,50	0,2	198	99
2423	198,163	390,410	221,359	192,337	102	99
2424	201,277	27,12	131,208	13,17	177	99
2426	167,117	3,1	79,103	1,0	117	99
2427	271,398	28,29	199,294	18,19	104	99
2429	53,61	22,18	32,66	14,10	107	99
2430	27,42	23,21	29,42	13,30	198	99
2431	68,106	23,21	49,95	13,30	198	99
2432	77,95	1,0	37,92	0,2	198	99
2433	10,5	50,52	3,12	26,36	114	99
2434	6,3	114,136	3,6	88,125	198	99
2435	110,116	8,14	92,177	9,17	143	99
2436	324,328	376,354	120,197	273,431	198	99
2437	9,3	38,52	0,10	43,52	115	99
2439	677,703	10,14	422,669	12,17	150	99
2440	22,28	318,340	15,32	200,269	198	99
2441	36,36	20,21	23,49	21,15	198	99
2442	243,252	1,0	140,219	0,0	198	99
2443	302,316	119,112	184,308	98,104	198	99
2444	332,348	20,21	208,287	21,15	103	99
2445	543,572	1,0	332,471	0,0	156	99
2446	606,639	119,112	377,562	98,104	171	99
2447	231,245	1,0	145,199	0,0	152	99
2448	294,312	119,112	190,290	98,104	167	99
2449	64,67	119,112	45,91	98,104	114	99
2450	273,353	12,17	231,340	9,9	116	99
2451	6,8	5,21	2,9	7,24	125	99
2452	37,29	331,329	18,37	240,326	128	99
2453	39,32	1,3	18,25	2,0	119	99
2454	1,3	68,92	0,1	43,85	114	99
2455	182,284	0,2	166,238	7,2	198	99
2456	3454,4558	8,10	2062,2820	2,0	133	99
2457	3013,3772	1,0	1696,2437	0,2	161	99
2458	886,1035	17,30	673,869	19,14	102	99
2459	3,4	40,20	9,9	11,35	198	99
2460	364,377	161,175	147,345	226,263	105	99
2461	90,158	148,198	71,121	118,121	102	99
2462	145,106	2,0	91,132	0,0	105	99
2463	114,127	2,3	105,131	1,0	108	99
2464	2,4	16,22	0,0	15,30	126	99
2465	1,6	10,9	0,1	9,11	126	99
2466	27,34	8,6	48,80	6,11	198	99
2467	328,385	0,2	222,378	0,1	198	99
2468	18,21	664,841	18,31	486,692	132	99
2469	1,3	56,81	1,0	37,73	137	99
2471	12,9	0,0	40,33	0,1	108	99
2472	0,1	1,1	0,1	5,0	125	99
2474	25,44	4,7	20,33	1,5	198	99
2475	13,22	756,1217	11,26	566,773	198	99
2476	116,134	1,0	45,91	0,1	108	99
2478	199,198	45,62	105,217	42,51	111	99
2479	29,12	6,3	4,7	4,2	117	99
2480	0,1	1112,1374	1,2	961,1381	141	99
2481	88,134	130,199	61,77	139,218	102	99
2482	19,21	218,325	12,35	228,323	198	99
2484	266,428	174,258	160,227	190,289	198	99
2485	458,506	24,20	334,518	5,15	129	99
2486	101,106	9,19	55,74	13,6	119	99
2487	8,6	330,413	1,11	275,409	198	99
2488	169,233	2,0	138,247	0,3	198	99
2489	103,129	2,1	58,82	0,2	198	99
2490	41,61	3,2	37,60	0,0	102	99
2491	168,196	153,210	155,295	115,162	102	99
2492	15,4	7,8	13,15	18,13	166	99
2493	1,4	2,1	3,5	0,2	112	99
2495	3,20	55,86	12,9	40,72	198	99
2496	72,112	9,10	55,72	4,2	156	99
2497	318,395	0,1	231,398	0,0	129	99
2498	105,140	3,2	104,151	0,1	103	99
2499	149,184	0,2	128,182	0,0	198	99
2501	74,95	36,42	59,76	31,40	102	99
2502	0,0	1,0	0,1	0,1	102	99
2503	86,85	245,158	31,66	148,225	111	99
2504	6,5	15,24	2,10	12,28	127	99
2505	7,3	0,5	5,8	1,0	123	99
2506	120,101	0,0	92,80	0,1	113	99
2508	9,7	173,221	3,11	181,303	114	99
2509	94,75	84,97	70,84	65,81	113	99
2510	209,306	47,61	192,189	45,57	117	99
2511	145,144	184,226	50,71	156,250	102	99
2513	7,4	39,25	1,6	12,18	110	99
2514	7,3	5,12	1,2	0,2	110	99
2516	15,20	3,3	23,17	8,8	179	99
2517	21,3	34,49	8,18	27,56	198	99
2518	517,658	15,21	476,711	21,34	198	99
2519	0,0	1,2	0,1	1,1	144	99
2521	339,482	38,64	209,348	23,26	132	99
2523	63,104	20,41	89,135	27,27	198	99
2524	19,22	20,41	42,85	27,27	198	99
2525	17,23	56,94	43,89	81,123	126	99
2526	21,28	3,8	13,18	3,3	103	99
2527	99,126	38,37	66,104	30,42	134	99
2528	232,366	11,6	180,229	7,4	102	99
2529	287,419	7,2	231,336	4,9	180	99
2530	433,581	0,4	364,476	1,4	198	99
2531	120,104	19,16	46,87	11,11	116	99
2532	29,22	16,19	29,21	12,10	114	99
2533	2,0	22,19	1,3	7,16	172	99
2534	53,38	9,7	19,32	2,0	111	99
2535	15,11	26,31	40,51	24,39	121	99
2536	2,0	7,16	3,2	2,7	118	99
2537	202,241	0,0	250,431	0,1	198	99
2539	123,156	0,0	73,116	0,2	198	99
2540	19,17	1,0	14,20	0,0	135	99
2541	27,30	126,164	17,39	118,132	198	99
2542	7,10	278,339	3,9	225,310	198	99
2543	105,126	432,461	131,200	274,321	121	99
2544	197,268	0,0	116,168	2,0	114	99
2545	39,62	168,282	41,55	147,240	102	99
2546	130,167	57,88	108,201	55,91	102	99
2547	448,595	0,0	449,663	0,3	103	99
2548	0,6	27,29	4,5	13,19	165	99
2550	1,2	6,9	0,5	0,0	104	99
2551	27,23	5,14	8,14	6,13	104	99
2552	42,70	1,1	23,68	0,1	128	99
2553	7,2	8,2	0,1	3,7	102	99
2556	1328,1616	28,20	1034,1686	15,18	198	99
2557	187,266	102,100	149,250	38,67	102	99
2558	234,320	2,0	187,259	4,2	141	99
2559	3,4	212,279	2,1	118,248	123	99
2561	87,100	224,205	72,138	138,222	102	99
2562	5,13	149,121	7,11	69,117	104	99
2563	7,11	30,25	3,8	14,19	112	99
2564	6,7	85,93	4,12	77,60	136	99
2565	0,1	55,85	2,0	40,43	102	99
2566	36,36	2,1	27,34	2,0	198	99
2567	30,35	19,15	26,37	15,21	198	99
2568	14,19	396,396	5,14	274,465	198	99
2569	359,337	16,20	217,334	4,10	102	99
2571	11,9	38,70	2,10	39,104	108	99
2572	115,73	5,7	78,116	5,3	144	99
2573	24,22	156,73	16,24	47,98	198	99
2574	25,32	1,5	27,38	3,7	128	99
2575	45,51	7,3	40,48	2,3	145	99
2576	21,24	7,3	16,17	2,3	116	99
2577	1,2	320,428	9,4	222,375	158	99
2578	946,1231	277,426	769,1218	261,431	105	99
2579	44,40	0,0	25,20	1,1	102	99
2580	27,20	0,3	13,18	0,0	174	99
2581	0,2	2,2	0,0	0,2	135	99
2583	14,21	0,0	11,10	0,1	198	99
2584	208,272	3,5	110,219	5,7	105	99
2585	19,29	0,0	16,20	0,1	198	99
2586	21,32	281,333	26,38	214,318	104	99
2587	6,1	1,6	1,4	2,3	106	99
2588	1850,2355	2,3	1573,2320	1,7	108	99
2589	64,110	5,11	118,155	1,10	116	99
2590	14,8	23,22	1,7	5,15	198	99
2591	79,71	0,1	26,51	0,0	198	99
2593	11,15	32,34	13,38	44,58	198	99
2594	22,20	287,357	5,16	208,338	198	99
2595	48,59	0,0	51,72	0,2	198	99
2596	28,37	16,13	29,40	11,13	198	99
2597	149,245	16,47	106,205	20,20	198	99
2598	78,97	142,150	43,72	85,149	102	99
2599	542,987	0,1	244,500	0,0	198	99
2600	1,2	0,2	6,6	3,0	102	99
2601	17,18	7,16	9,15	2,9	102	99
2602	555,652	4,4	384,518	0,5	102	99
2603	29,53	64,95	20,40	44,45	115	99
2604	20,28	478,631	18,26	395,645	198	99
2605	12,16	65,61	5,8	53,87	126	99
2607	21,16	213,287	16,38	144,206	104	99
2608	139,108	13,6	89,110	8,13	125	99
2609	4,7	528,737	5,3	400,645	198	99
2610	60,74	25,23	27,62	11,10	133	99
2611	100,117	199,235	72,125	170,250	113	99
2617	104,146	0,2	114,229	2,0	198	99
2618	19,15	190,227	12,26	108,118	198	99
2619	156,143	1,1	131,123	1,4	103	99
2620	459,527	8,16	360,632	5,2	198	99
2621	542,702	2,4	492,701	0,1	198	99
2622	22,42	6,13	30,42	0,20	102	99
2623	64,104	183,235	66,91	184,288	110	99
2624	2,3	0,1	5,1	0,0	102	99
2625	8,17	126,109	8,1	99,121	102	99
2626	160,194	115,125	49,97	41,56	198	99
2627	2,11	335,415	5,6	216,325	117	99
2628	30,21	170,254	10,42	143,228	135	99
2630	18,26	107,96	14,14	48,88	135	99
2632	21,25	183,170	17,17	132,166	129	99
2633	8,18	97,121	4,4	60,80	116	99
2634	56,74	37,85	68,63	30,35	114	99
2635	144,165	875,999	98,160	638,894	102	99
2636	9,10	36,63	10,14	44,69	110	99
2639	16,34	43,50	13,41	17,48	120	99
2640	40,46	1514,1880	28,51	1214,1842	198	99
2641	521,446	52,44	364,612	39,76	105	99
2642	484,568	35,76	429,642	39,60	143	99
2643	238,301	1,2	189,309	1,0	198	99
2644	16,13	40,38	10,9	13,32	102	99
2645	24,20	32,34	8,18	30,46	198	99
2647	216,275	6,2	163,238	1,2	150	99
2649	24,23	68,83	11,16	62,117	198	99
2651	140,175	1,0	118,187	0,0	104	99
2652	163,261	0,0	208,237	0,1	183	99
2653	234,325	5,8	242,397	0,0	198	99
2654	2102,2366	2,1	1810,3019	0,1	198	99
2655	21,46	524,785	21,25	475,684	198	99
2656	37,38	46,56	33,31	44,61	115	99
2657	28,28	0,1	10,14	0,0	128	99
2658	19,19	75,92	18,37	21,82	102	99
2659	120,175	6,3	88,130	2,2	131	99
2666	193,275	4,2	178,256	0,0	120	99
2668	22,37	0,0	9,13	2,1	116	99
2669	87,72	50,34	60,74	28,26	113	99
2670	14,24	52,58	7,6	18,22	143	99
2672	3,1	62,86	5,5	36,107	121	99
2673	2,7	32,40	5,8	23,16	116	99
2674	1,0	7,12	0,2	1,5	121	99
2675	1,1	29,18	2,2	19,30	126	99
2676	7,13	29,18	3,5	19,30	104	99
2678	228,319	6,5	183,270	4,13	198	99
2679	74,74	0,0	38,54	0,1	198	99
2680	177,158	1,0	78,134	0,0	198	99
2681	166,167	1,3	84,150	1,1	108	99
2682	3252,3329	6,4	1595,2232	6,0	198	99
2683	4096,4136	0,0	2033,2889	0,1	198	99
2684	5249,5321	0,0	2506,3522	0,2	198	99
2685	225,296	4,4	112,148	1,2	120	99
2686	1287,1260	0,0	631,917	0,1	129	99
2687	2824,2855	0,0	1325,1869	0,2	162	99
2688	1541,1595	0,0	694,953	0,2	132	99
2689	849,881	52,55	384,504	26,46	120	99
2690	2821,2854	1,0	1319,1869	1,0	162	99
2691	1934,1923	51,48	930,1310	20,32	138	99
2692	1285,1256	282,235	625,917	116,219	129	99
2693	47,40	10,9	22,54	2,3	198	99
2694	15,12	21,38	11,23	12,21	123	99
2695	8,5	92,80	11,4	37,80	108	99
2696	5,4	5,11	2,4	4,15	130	99
2697	0,0	205,241	0,1	134,183	123	99
2698	88,109	19,43	57,80	22,35	105	99
2699	5,3	131,141	10,14	78,158	102	99
2700	220,250	1,2	145,205	2,3	103	99
2701	7,10	128,183	4,10	133,199	183	99
2702	0,7	12,21	0,0	7,9	164	99
2703	38,93	1,0	45,44	0,0	107	99
2704	2,0	14,11	3,3	5,12	198	99
2705	16,16	111,128	20,45	61,102	102	99
2707	124,146	1,1	106,101	0,1	114	99
2708	21,8	30,31	2,6	18,24	111	99
2709	368,282	0,1	204,354	0,0	108	99
2710	43,50	2,4	40,28	1,6	104	99
2711	18,18	19,30	3,18	24,28	104	99
2712	289,343	1,2	182,338	1,1	106	99
2713	7,10	161,211	4,6	83,205	119	99
2714	31,15	0,0	30,19	0,2	165	99
