IncLevel1	IncLevel2	IncLevelDifference
1.0,0.997	0.997,1.0	0.0
1.0,0.935	1.0,1.0	-0.032
0.99,1.0	0.978,1.0	0.006
0.987,0.988	0.971,1.0	0.002
0.995,1.0	1.0,0.992	0.002
0.993,1.0	1.0,1.0	-0.004
0.081,0.0	0.0,0.076	0.003
1.0,0.999	1.0,1.0	-0.0
0.578,0.609	0.332,0.262	0.296
0.935,1.0	1.0,1.0	-0.032
0.99,1.0	0.983,1.0	0.003
0.517,1.0	0.333,0.1	0.542
0.99,1.0	1.0,1.0	-0.005
0.982,0.964	0.989,0.981	-0.012
1.0,1.0	0.976,1.0	0.012
1.0,1.0	0.986,1.0	0.007
0.0,0.0	0.333,NA	-0.333
0.964,0.991	0.986,1.0	-0.015
1.0,0.993	1.0,1.0	-0.004
0.919,1.0	1.0,0.82	0.05
0.921,1.0	1.0,0.87	0.025
0.705,0.902	0.0,1.0	0.303
0.859,1.0	1.0,1.0	-0.071
0.333,1.0	NA,0.0	0.666
0.843,1.0	1.0,0.574	0.135
0.996,1.0	1.0,1.0	-0.002
1.0,0.98	1.0,1.0	-0.01
0.998,1.0	1.0,1.0	-0.001
0.988,0.998	1.0,1.0	-0.007
1.0,0.984	0.962,1.0	0.011
0.989,0.991	0.978,1.0	0.001
1.0,1.0	0.999,1.0	0.0
0.009,0.052	0.13,0.092	-0.081
0.115,0.097	0.239,0.207	-0.117
0.98,0.985	1.0,0.991	-0.013
0.961,0.969	1.0,0.984	-0.027
0.994,1.0	1.0,1.0	-0.003
0.997,1.0	1.0,1.0	-0.002
1.0,0.996	1.0,1.0	-0.002
1.0,1.0	1.0,0.911	0.044
0.999,1.0	0.994,1.0	0.003
0.993,0.995	0.995,0.994	-0.0
0.011,0.016	0.016,0.0	0.005
1.0,1.0	0.957,1.0	0.022
0.003,0.001	0.003,0.002	-0.001
0.998,0.997	1.0,1.0	-0.002
0.541,0.546	0.415,0.541	0.066
0.221,0.208	0.156,0.288	-0.007
0.192,0.208	0.191,0.228	-0.01
1.0,0.998	1.0,1.0	-0.001
0.995,1.0	0.99,1.0	0.003
1.0,0.991	1.0,1.0	-0.004
0.619,0.579	0.0,0.333	0.432
1.0,0.8	1.0,1.0	-0.1
1.0,1.0	0.955,1.0	0.022
1.0,0.999	1.0,1.0	-0.0
1.0,0.923	1.0,1.0	-0.038
1.0,0.975	1.0,1.0	-0.012
1.0,0.864	1.0,0.92	-0.028
1.0,0.54	1.0,0.745	-0.103
0.54,0.482	0.369,0.345	0.154
0.996,1.0	1.0,1.0	-0.002
0.994,1.0	1.0,1.0	-0.003
1.0,1.0	0.936,1.0	0.032
0.678,0.737	0.784,0.858	-0.113
0.993,0.974	0.967,0.976	0.012
1.0,0.86	1.0,0.711	0.075
0.978,1.0	0.989,1.0	-0.005
0.987,1.0	1.0,1.0	-0.006
0.971,1.0	1.0,1.0	-0.014
0.979,1.0	1.0,1.0	-0.01
0.96,1.0	1.0,1.0	-0.02
1.0,1.0	0.944,0.963	0.046
0.967,0.98	0.842,0.928	0.089
1.0,0.995	1.0,1.0	-0.002
0.99,1.0	1.0,1.0	-0.005
0.975,1.0	0.985,0.976	0.007
0.757,0.664	0.757,0.482	0.091
0.663,0.604	0.744,0.859	-0.168
0.274,0.321	0.407,0.756	-0.284
0.181,0.346	0.335,0.121	0.035
1.0,0.973	1.0,1.0	-0.014
1.0,0.985	1.0,1.0	-0.008
1.0,0.997	1.0,1.0	-0.002
0.023,0.0	0.0,0.0	0.011
1.0,0.938	0.881,0.92	0.068
0.857,1.0	1.0,0.714	0.072
1.0,0.993	1.0,1.0	-0.004
0.941,0.944	0.963,0.988	-0.033
0.513,1.0	0.678,0.0	0.417
0.991,1.0	1.0,1.0	-0.004
0.989,1.0	1.0,1.0	-0.006
0.842,0.812	0.875,0.867	-0.044
0.993,1.0	1.0,1.0	-0.004
0.0,0.082	0.0,0.36	-0.139
0.984,1.0	1.0,1.0	-0.008
0.988,0.994	1.0,1.0	-0.009
1.0,1.0	1.0,0.999	0.0
0.128,0.118	0.18,0.155	-0.044
0.73,0.595	0.842,0.569	-0.043
1.0,0.991	0.992,0.986	0.007
0.994,0.988	0.965,0.971	0.023
0.22,0.169	0.505,0.71	-0.413
1.0,0.99	1.0,1.0	-0.005
1.0,0.859	1.0,1.0	-0.071
0.942,0.743	0.816,1.0	-0.065
0.879,1.0	1.0,1.0	-0.06
0.846,1.0	1.0,1.0	-0.077
0.915,1.0	1.0,1.0	-0.042
0.846,1.0	1.0,1.0	-0.077
1.0,0.993	1.0,1.0	-0.004
1.0,1.0	0.777,1.0	0.111
0.875,0.844	0.904,0.822	-0.004
1.0,1.0	1.0,0.939	0.03
0.959,0.946	1.0,1.0	-0.048
1.0,1.0	0.967,1.0	0.016
1.0,0.333	1.0,1.0	-0.334
0.857,0.953	1.0,0.889	-0.039
0.984,1.0	1.0,1.0	-0.008
0.967,0.947	0.985,1.0	-0.035
1.0,1.0	0.976,1.0	0.012
0.0,0.0	0.0,0.0	0.0
1.0,1.0	0.948,1.0	0.026
0.991,1.0	1.0,1.0	-0.004
0.333,0.381	0.304,0.52	-0.055
0.392,0.357	0.437,0.466	-0.077
0.499,0.553	0.531,0.705	-0.092
0.524,0.454	0.595,0.531	-0.074
1.0,0.981	1.0,1.0	-0.01
0.991,1.0	1.0,1.0	-0.004
0.964,1.0	0.935,1.0	0.014
0.899,0.939	0.94,0.817	0.041
1.0,0.962	1.0,1.0	-0.019
1.0,0.875	0.769,1.0	0.053
0.951,0.985	0.951,0.964	0.01
0.99,0.996	0.991,1.0	-0.003
1.0,1.0	1.0,0.999	0.0
1.0,1.0	0.999,1.0	0.0
0.009,0.007	0.014,0.011	-0.005
1.0,1.0	1.0,1.0	0.0
0.051,0.044	0.017,0.031	0.024
0.988,1.0	0.962,1.0	0.013
0.999,0.999	0.999,1.0	-0.001
0.995,1.0	1.0,1.0	-0.002
1.0,1.0	0.876,1.0	0.062
0.995,1.0	1.0,1.0	-0.002
0.956,1.0	0.97,1.0	-0.007
1.0,1.0	0.0,NA	1.0
0.451,0.538	0.593,0.495	-0.049
1.0,0.999	1.0,1.0	-0.0
1.0,0.975	1.0,1.0	-0.012
1.0,1.0	1.0,0.978	0.011
0.867,0.976	0.928,0.906	0.004
0.016,0.0	0.0,0.011	0.003
1.0,1.0	1.0,0.986	0.007
0.293,0.51	0.219,0.201	0.191
1.0,1.0	1.0,0.932	0.034
0.006,0.0	0.0,0.0	0.003
0.926,0.938	0.903,0.894	0.033
0.472,0.683	0.502,0.565	0.044
1.0,1.0	0.987,1.0	0.006
1.0,0.975	1.0,1.0	-0.012
0.967,1.0	1.0,1.0	-0.016
0.97,0.993	0.983,0.975	0.003
0.994,1.0	1.0,1.0	-0.003
1.0,0.992	1.0,1.0	-0.004
0.973,1.0	1.0,1.0	-0.014
0.107,0.123	0.046,0.059	0.062
0.991,1.0	1.0,1.0	-0.004
0.996,1.0	1.0,1.0	-0.002
0.88,0.818	0.915,0.958	-0.088
0.999,0.995	0.992,0.993	0.005
0.059,0.115	0.197,0.167	-0.095
1.0,1.0	1.0,0.982	0.009
0.993,1.0	1.0,1.0	-0.004
1.0,1.0	1.0,0.994	0.003
0.872,0.857	0.789,1.0	-0.03
1.0,1.0	1.0,0.992	0.004
0.994,1.0	1.0,1.0	-0.003
1.0,0.981	1.0,1.0	-0.01
1.0,0.995	1.0,1.0	-0.002
1.0,1.0	0.996,1.0	0.002
1.0,0.0	1.0,NA	-0.5
NA,1.0	0.0,1.0	0.5
0.983,0.982	1.0,1.0	-0.018
0.967,0.968	1.0,1.0	-0.032
0.998,1.0	1.0,1.0	-0.001
0.999,1.0	1.0,1.0	-0.0
1.0,0.993	1.0,1.0	-0.004
0.976,1.0	1.0,1.0	-0.012
0.279,0.241	0.16,0.154	0.103
0.959,1.0	0.973,0.977	0.005
0.99,1.0	1.0,1.0	-0.005
1.0,1.0	1.0,0.786	0.107
1.0,0.995	1.0,1.0	-0.002
0.996,0.983	0.99,0.973	0.008
0.911,0.972	1.0,0.902	-0.01
0.956,0.99	1.0,0.951	-0.003
0.98,1.0	1.0,1.0	-0.01
0.986,1.0	1.0,1.0	-0.007
1.0,0.922	1.0,1.0	-0.039
0.999,1.0	1.0,1.0	-0.0
0.997,1.0	1.0,1.0	-0.002
0.986,1.0	1.0,1.0	-0.007
1.0,0.978	1.0,0.917	0.03
1.0,0.384	0.0,1.0	0.192
1.0,1.0	1.0,0.92	0.04
1.0,1.0	1.0,0.896	0.052
0.008,0.008	0.004,0.004	0.004
0.948,1.0	1.0,1.0	-0.026
1.0,1.0	1.0,0.998	0.001
1.0,0.861	1.0,NA	-0.07
0.978,1.0	1.0,1.0	-0.011
0.953,1.0	1.0,1.0	-0.024
1.0,0.988	1.0,1.0	-0.006
0.972,0.956	0.952,1.0	-0.012
1.0,0.996	1.0,1.0	-0.002
0.982,0.985	1.0,0.949	0.009
0.995,0.993	0.971,1.0	0.008
0.993,1.0	1.0,1.0	-0.004
0.997,1.0	1.0,1.0	-0.002
1.0,1.0	1.0,0.922	0.039
1.0,0.995	1.0,0.984	0.006
0.989,0.99	0.988,1.0	-0.004
1.0,1.0	0.947,1.0	0.026
0.877,0.901	0.904,0.9	-0.013
0.976,1.0	1.0,0.942	0.017
0.997,1.0	1.0,1.0	-0.002
1.0,1.0	0.987,1.0	0.006
1.0,1.0	0.857,1.0	0.072
1.0,1.0	1.0,1.0	0.0
0.089,0.072	0.113,0.081	-0.017
1.0,1.0	1.0,0.778	0.111
0.875,1.0	1.0,1.0	-0.062
0.926,0.879	1.0,1.0	-0.097
1.0,1.0	0.975,1.0	0.012
0.0,0.005	0.0,0.0	0.003
0.985,1.0	1.0,1.0	-0.008
0.92,1.0	1.0,1.0	-0.04
0.963,1.0	1.0,1.0	-0.018
1.0,0.992	0.995,1.0	-0.002
1.0,1.0	1.0,0.883	0.058
0.677,0.894	1.0,1.0	-0.214
0.191,0.32	0.316,0.333	-0.069
1.0,1.0	1.0,0.972	0.014
1.0,1.0	1.0,0.894	0.053
1.0,1.0	0.989,1.0	0.006
1.0,0.996	1.0,1.0	-0.002
1.0,0.993	1.0,1.0	-0.004
1.0,0.99	1.0,1.0	-0.005
0.202,0.147	0.151,0.137	0.03
0.977,0.976	0.997,0.983	-0.014
0.066,0.085	0.01,0.022	0.06
0.08,0.112	0.01,0.022	0.08
0.993,0.997	1.0,1.0	-0.005
0.995,1.0	1.0,0.98	0.008
1.0,1.0	1.0,1.0	0.0
0.0,0.0	0.151,NA	-0.151
0.943,1.0	1.0,0.861	0.041
0.001,0.0	0.0,0.0	0.001
0.998,0.993	0.996,0.997	-0.001
1.0,1.0	1.0,0.997	0.002
0.987,1.0	0.978,1.0	0.005
1.0,0.999	1.0,1.0	-0.0
1.0,0.997	1.0,1.0	-0.002
1.0,0.98	1.0,1.0	-0.01
0.997,1.0	1.0,1.0	-0.002
0.677,0.579	0.739,0.713	-0.098
0.8,0.922	0.911,0.925	-0.057
0.988,1.0	1.0,1.0	-0.006
0.999,1.0	1.0,1.0	-0.0
0.962,1.0	1.0,1.0	-0.019
0.955,1.0	0.972,1.0	-0.008
1.0,0.996	1.0,1.0	-0.002
0.995,0.99	1.0,1.0	-0.008
1.0,1.0	1.0,0.966	0.017
0.927,1.0	1.0,1.0	-0.036
0.985,1.0	1.0,1.0	-0.008
1.0,1.0	0.999,1.0	0.0
1.0,0.999	1.0,1.0	-0.0
0.04,0.067	0.045,0.011	0.026
0.046,0.078	0.034,0.011	0.04
1.0,0.996	1.0,1.0	-0.002
0.999,1.0	1.0,1.0	-0.0
1.0,1.0	0.994,1.0	0.003
0.991,0.978	0.993,1.0	-0.012
1.0,1.0	0.833,1.0	0.084
0.983,1.0	1.0,1.0	-0.008
0.982,0.983	0.989,0.987	-0.006
1.0,0.961	1.0,1.0	-0.02
1.0,1.0	1.0,0.993	0.004
0.828,1.0	1.0,1.0	-0.086
1.0,0.999	1.0,1.0	-0.0
0.013,0.036	0.015,0.003	0.015
0.996,0.986	0.996,0.984	0.001
0.992,0.993	1.0,0.967	0.009
0.889,0.968	0.908,0.814	0.068
1.0,1.0	0.997,1.0	0.002
1.0,1.0	0.995,1.0	0.002
0.998,1.0	1.0,1.0	-0.001
0.315,0.367	0.347,0.406	-0.036
0.591,0.685	0.643,0.677	-0.022
0.436,0.454	0.555,0.571	-0.118
1.0,0.998	1.0,1.0	-0.001
0.992,1.0	1.0,1.0	-0.004
1.0,1.0	0.994,1.0	0.003
1.0,1.0	0.997,1.0	0.002
1.0,1.0	1.0,1.0	0.0
1.0,1.0	1.0,1.0	0.0
0.994,1.0	0.994,0.99	0.005
0.935,0.836	0.965,0.923	-0.058
0.778,0.637	0.909,0.715	-0.105
0.751,0.809	1.0,1.0	-0.22
0.394,0.479	0.451,0.538	-0.058
0.406,0.514	0.51,0.552	-0.071
0.309,0.334	0.379,0.387	-0.061
0.989,0.99	1.0,0.988	-0.004
1.0,1.0	0.948,1.0	0.026
1.0,1.0	0.978,1.0	0.011
1.0,0.996	1.0,1.0	-0.002
1.0,1.0	0.996,1.0	0.002
0.993,1.0	0.984,1.0	0.004
0.618,0.729	0.428,0.445	0.237
0.98,1.0	1.0,1.0	-0.01
0.282,0.245	0.28,0.191	0.028
0.517,0.408	0.414,0.458	0.027
0.872,0.85	0.985,0.957	-0.11
1.0,0.993	1.0,1.0	-0.004
0.957,0.983	0.971,1.0	-0.016
1.0,0.997	1.0,1.0	-0.002
0.981,1.0	1.0,1.0	-0.01
0.512,0.659	0.407,0.282	0.241
0.014,0.007	0.006,0.01	0.003
0.879,0.92	1.0,1.0	-0.101
0.992,1.0	1.0,1.0	-0.004
0.97,0.956	0.955,1.0	-0.015
0.942,0.972	0.971,0.961	-0.009
0.999,0.999	1.0,0.998	0.0
1.0,1.0	0.997,1.0	0.002
0.053,0.0	0.0,0.101	-0.024
0.846,1.0	1.0,1.0	-0.077
0.941,0.961	1.0,1.0	-0.049
0.997,1.0	1.0,1.0	-0.002
1.0,1.0	1.0,1.0	0.0
1.0,1.0	0.996,1.0	0.002
1.0,0.975	1.0,1.0	-0.012
0.04,0.035	0.005,0.007	0.032
0.027,0.015	0.005,0.007	0.015
0.003,0.0	0.0,0.0	0.002
1.0,1.0	0.98,1.0	0.01
1.0,0.984	1.0,0.985	-0.0
1.0,0.822	0.846,1.0	-0.012
0.0,0.0	0.607,0.0	-0.303
0.358,0.172	0.172,0.143	0.108
0.986,0.995	0.998,0.993	-0.005
1.0,0.999	1.0,1.0	-0.0
0.991,1.0	1.0,0.99	0.001
0.954,0.985	0.988,0.98	-0.014
1.0,0.986	1.0,0.962	0.012
1.0,0.991	1.0,1.0	-0.004
0.062,0.052	0.036,0.04	0.019
1.0,0.996	1.0,1.0	-0.002
1.0,1.0	1.0,0.966	0.017
0.416,0.356	0.386,0.261	0.062
0.262,0.176	0.209,0.149	0.04
1.0,1.0	1.0,0.98	0.01
0.385,0.51	0.342,0.321	0.116
1.0,0.982	1.0,1.0	-0.009
1.0,0.983	1.0,1.0	-0.008
0.036,0.09	0.337,0.374	-0.293
0.064,0.176	0.728,0.843	-0.665
0.998,0.997	1.0,1.0	-0.002
1.0,0.999	1.0,1.0	-0.0
0.997,0.998	0.995,1.0	0.0
0.996,1.0	1.0,1.0	-0.002
0.064,0.079	0.072,0.091	-0.01
1.0,0.995	0.995,1.0	0.0
0.989,0.984	1.0,1.0	-0.014
1.0,1.0	1.0,0.951	0.024
0.388,0.303	0.224,0.378	0.045
0.932,0.813	1.0,1.0	-0.127
0.081,0.0	0.047,0.217	-0.091
0.345,0.353	0.235,0.283	0.09
1.0,1.0	1.0,0.999	0.0
0.298,0.236	0.404,0.404	-0.137
1.0,1.0	1.0,0.879	0.06
1.0,0.998	1.0,1.0	-0.001
0.99,0.981	0.99,1.0	-0.009
0.989,1.0	0.97,1.0	0.009
0.054,0.068	0.095,0.1	-0.037
0.145,0.208	0.216,0.264	-0.064
0.263,0.293	0.34,0.432	-0.108
1.0,0.952	1.0,1.0	-0.024
0.803,1.0	1.0,1.0	-0.099
0.986,0.995	1.0,1.0	-0.01
0.711,0.695	0.746,0.667	-0.004
0.664,0.689	0.622,0.553	0.089
1.0,1.0	0.99,1.0	0.005
1.0,1.0	1.0,0.986	0.007
1.0,1.0	1.0,0.982	0.009
0.778,0.773	0.767,0.867	-0.041
0.892,0.899	0.876,0.932	-0.009
0.998,1.0	1.0,1.0	-0.001
0.998,1.0	1.0,1.0	-0.001
1.0,1.0	0.998,1.0	0.001
1.0,1.0	0.997,1.0	0.002
0.976,1.0	1.0,1.0	-0.012
1.0,1.0	0.979,1.0	0.01
1.0,1.0	0.982,1.0	0.009
0.89,0.858	0.808,0.801	0.07
0.999,1.0	1.0,1.0	-0.0
1.0,0.997	1.0,1.0	-0.002
0.446,0.0	0.0,NA	0.223
0.953,0.967	1.0,1.0	-0.04
0.98,1.0	0.857,1.0	0.061
0.927,0.767	1.0,0.789	-0.048
0.75,0.231	1.0,0.5	-0.26
0.966,0.861	1.0,0.902	-0.038
0.944,0.778	1.0,0.862	-0.07
0.948,0.762	1.0,0.867	-0.079
0.667,0.143	0.2,0.4	0.105
1.0,1.0	0.976,1.0	0.012
1.0,0.982	1.0,1.0	-0.009
0.0,0.002	0.0,0.0	0.001
1.0,0.995	1.0,1.0	-0.002
1.0,0.988	1.0,1.0	-0.006
0.995,1.0	1.0,1.0	-0.002
0.996,1.0	1.0,1.0	-0.002
1.0,0.996	1.0,1.0	-0.002
1.0,0.0	1.0,1.0	-0.5
0.819,0.86	1.0,0.847	-0.084
0.999,0.999	1.0,0.998	0.0
0.988,1.0	1.0,0.973	0.008
0.96,1.0	1.0,0.909	0.025
0.045,0.051	0.091,0.13	-0.062
0.313,0.394	0.202,0.625	-0.06
1.0,1.0	0.985,1.0	0.008
0.992,0.991	0.993,1.0	-0.005
1.0,1.0	0.998,1.0	0.001
1.0,1.0	0.991,1.0	0.004
1.0,1.0	0.369,NA	0.631
1.0,1.0	1.0,0.9	0.05
1.0,1.0	0.8,1.0	0.1
0.929,0.839	1.0,0.215	0.276
0.917,0.817	1.0,0.208	0.263
0.988,1.0	1.0,0.966	0.011
1.0,1.0	0.989,1.0	0.006
1.0,0.994	1.0,1.0	-0.003
1.0,0.988	1.0,1.0	-0.006
1.0,1.0	0.993,1.0	0.004
0.035,0.039	0.026,0.046	0.001
0.999,1.0	1.0,1.0	-0.0
0.995,0.999	1.0,1.0	-0.003
0.995,0.999	1.0,1.0	-0.003
0.996,1.0	1.0,1.0	-0.002
0.975,0.989	1.0,1.0	-0.018
1.0,0.987	1.0,1.0	-0.006
1.0,0.987	1.0,1.0	-0.006
1.0,0.969	1.0,0.957	0.006
1.0,1.0	1.0,0.959	0.02
0.986,1.0	1.0,1.0	-0.007
0.265,0.171	0.163,0.154	0.06
0.42,0.242	0.172,0.137	0.176
1.0,0.967	1.0,0.958	0.005
0.978,1.0	1.0,1.0	-0.011
1.0,0.996	0.986,1.0	0.005
1.0,0.995	1.0,1.0	-0.002
0.061,0.055	0.025,0.017	0.037
1.0,1.0	0.987,1.0	0.006
1.0,0.99	1.0,1.0	-0.005
1.0,0.998	1.0,1.0	-0.001
1.0,0.997	1.0,1.0	-0.002
1.0,0.936	1.0,1.0	-0.032
1.0,1.0	0.907,1.0	0.046
0.283,0.306	0.379,0.222	-0.006
0.115,0.089	0.126,0.088	-0.005
0.13,0.138	0.216,0.088	-0.018
0.199,0.24	0.218,0.197	0.012
0.515,0.706	1.0,0.485	-0.132
0.985,0.956	0.96,1.0	-0.01
0.994,0.994	1.0,1.0	-0.006
1.0,0.996	1.0,1.0	-0.002
0.722,0.882	1.0,1.0	-0.198
0.994,1.0	1.0,1.0	-0.003
0.979,1.0	0.988,1.0	-0.004
0.876,0.954	0.975,1.0	-0.073
0.995,0.994	1.0,1.0	-0.006
1.0,0.993	1.0,1.0	-0.004
0.629,0.69	0.733,0.744	-0.079
1.0,1.0	0.994,1.0	0.003
0.124,0.072	0.154,0.18	-0.069
0.975,0.926	0.98,0.968	-0.023
0.821,0.747	0.817,0.704	0.024
0.619,0.852	1.0,1.0	-0.264
0.68,0.882	1.0,1.0	-0.219
0.998,1.0	1.0,1.0	-0.001
1.0,1.0	0.972,1.0	0.014
1.0,1.0	0.976,1.0	0.012
1.0,1.0	0.979,1.0	0.01
1.0,1.0	0.981,1.0	0.01
1.0,1.0	0.978,1.0	0.011
1.0,1.0	0.958,1.0	0.021
1.0,1.0	0.98,1.0	0.01
1.0,1.0	1.0,0.992	0.004
0.993,1.0	1.0,1.0	-0.004
0.904,1.0	1.0,1.0	-0.048
1.0,0.993	1.0,1.0	-0.004
0.982,0.973	1.0,1.0	-0.022
0.759,0.957	1.0,1.0	-0.142
1.0,0.957	1.0,1.0	-0.022
1.0,1.0	0.572,1.0	0.214
0.401,0.527	0.641,0.401	-0.057
0.974,0.968	0.958,0.878	0.053
1.0,1.0	1.0,1.0	0.0
0.0,0.0	0.0,0.0	0.0
1.0,0.991	0.989,1.0	0.001
1.0,1.0	0.987,1.0	0.006
1.0,1.0	0.963,1.0	0.018
1.0,1.0	1.0,0.977	0.012
0.994,0.991	0.987,0.993	0.002
1.0,1.0	0.915,1.0	0.042
1.0,1.0	0.947,1.0	0.026
1.0,1.0	0.978,1.0	0.011
0.251,0.213	0.334,0.304	-0.087
1.0,1.0	0.993,1.0	0.004
0.995,1.0	1.0,1.0	-0.002
0.995,1.0	1.0,1.0	-0.002
0.988,0.991	1.0,1.0	-0.01
1.0,1.0	0.941,1.0	0.03
0.073,0.08	0.087,0.12	-0.027
0.557,0.619	0.464,0.483	0.115
0.434,0.423	0.534,0.523	-0.1
0.371,0.387	0.513,0.515	-0.135
0.983,0.98	1.0,1.0	-0.018
1.0,0.996	1.0,1.0	-0.002
1.0,0.986	1.0,1.0	-0.007
0.994,1.0	1.0,1.0	-0.003
0.999,1.0	1.0,1.0	-0.0
0.091,0.0	0.0,0.143	-0.026
0.0,0.0	0.0,0.062	-0.031
0.084,0.207	0.198,0.1	-0.004
0.932,1.0	1.0,1.0	-0.034
0.975,1.0	1.0,0.948	0.014
0.982,0.995	0.997,1.0	-0.01
0.975,0.984	0.97,0.978	0.006
0.948,1.0	1.0,1.0	-0.026
0.867,1.0	1.0,1.0	-0.067
0.979,0.983	0.975,0.991	-0.002
0.987,1.0	1.0,1.0	-0.006
0.951,1.0	1.0,1.0	-0.024
0.982,1.0	1.0,1.0	-0.009
0.98,1.0	1.0,1.0	-0.01
1.0,1.0	0.985,1.0	0.008
0.508,0.744	0.727,0.579	-0.027
0.006,0.0	0.0,0.0	0.003
1.0,0.0	0.0,0.0	0.5
0.983,1.0	1.0,0.991	-0.004
0.977,1.0	1.0,0.988	-0.006
1.0,0.996	1.0,1.0	-0.002
1.0,0.998	1.0,1.0	-0.001
0.974,1.0	1.0,1.0	-0.013
1.0,0.986	1.0,1.0	-0.007
1.0,0.999	0.997,1.0	0.001
0.989,1.0	0.99,1.0	-0.001
1.0,1.0	0.857,1.0	0.072
1.0,1.0	0.789,1.0	0.105
0.961,1.0	0.88,0.98	0.05
1.0,1.0	0.991,1.0	0.004
1.0,0.962	1.0,1.0	-0.019
0.568,0.356	0.364,0.125	0.217
NA,1.0	1.0,0.391	0.304
0.994,1.0	1.0,1.0	-0.003
1.0,0.975	1.0,1.0	-0.012
1.0,0.962	1.0,1.0	-0.019
0.047,0.177	0.069,0.067	0.044
0.99,1.0	1.0,1.0	-0.005
1.0,1.0	0.997,1.0	0.002
1.0,0.999	1.0,1.0	-0.0
0.998,0.999	0.999,0.998	0.0
0.953,0.923	0.987,1.0	-0.056
1.0,0.998	1.0,1.0	-0.001
0.992,1.0	1.0,1.0	-0.004
0.786,1.0	1.0,0.917	-0.066
0.941,1.0	1.0,0.97	-0.015
0.988,1.0	1.0,1.0	-0.006
0.013,0.002	0.006,0.004	0.002
0.997,1.0	1.0,1.0	-0.002
1.0,0.999	1.0,1.0	-0.0
1.0,0.992	1.0,1.0	-0.004
0.786,0.829	0.908,0.818	-0.055
0.982,0.98	0.93,0.888	0.072
1.0,0.962	1.0,1.0	-0.019
1.0,0.963	1.0,1.0	-0.018
1.0,0.991	1.0,1.0	-0.004
1.0,1.0	0.994,1.0	0.003
1.0,1.0	1.0,0.981	0.01
0.984,0.981	0.979,1.0	-0.007
0.976,1.0	1.0,1.0	-0.012
0.036,0.022	0.013,0.013	0.016
0.991,0.995	1.0,1.0	-0.007
0.786,1.0	1.0,1.0	-0.107
1.0,0.984	1.0,0.958	0.013
0.991,0.972	1.0,0.972	-0.004
0.996,1.0	1.0,1.0	-0.002
0.838,0.725	0.93,1.0	-0.184
1.0,0.995	1.0,1.0	-0.002
0.989,0.972	1.0,0.98	-0.01
0.978,0.941	1.0,0.952	-0.016
0.986,0.986	0.975,0.967	0.015
0.995,0.995	0.993,0.993	0.002
1.0,1.0	1.0,1.0	0.0
0.995,0.994	0.985,0.995	0.004
0.981,1.0	0.982,0.985	0.007
0.985,1.0	0.991,1.0	-0.003
0.079,0.01	0.085,0.02	-0.008
0.812,1.0	0.788,NA	0.118
0.989,0.987	1.0,1.0	-0.012
NA,0.287	0.334,1.0	-0.38
0.994,0.972	0.925,0.988	0.026
0.93,0.897	0.833,0.526	0.234
0.973,0.949	0.968,0.916	0.019
0.923,0.946	1.0,1.0	-0.066
0.984,1.0	1.0,1.0	-0.008
0.992,1.0	1.0,1.0	-0.004
0.85,1.0	1.0,0.85	0.0
1.0,0.922	1.0,1.0	-0.039
1.0,0.739	1.0,1.0	-0.131
0.998,1.0	1.0,1.0	-0.001
0.995,0.996	1.0,0.986	0.003
0.998,0.999	1.0,1.0	-0.002
0.999,1.0	1.0,1.0	-0.0
1.0,0.984	1.0,1.0	-0.008
0.971,0.984	0.977,1.0	-0.011
0.19,0.0	0.0,NA	0.095
0.931,1.0	1.0,0.961	-0.015
1.0,0.993	1.0,1.0	-0.004
1.0,0.993	0.968,0.985	0.02
1.0,1.0	0.857,1.0	0.072
0.94,0.813	1.0,1.0	-0.124
0.926,1.0	1.0,1.0	-0.037
0.732,0.747	0.683,0.839	-0.021
0.532,0.532	0.493,0.609	-0.019
0.999,0.999	0.999,1.0	-0.001
0.0,NA	1.0,NA	-1.0
0.889,0.962	0.941,0.948	-0.019
0.99,1.0	1.0,1.0	-0.005
1.0,0.997	1.0,1.0	-0.002
0.959,0.971	1.0,1.0	-0.035
0.998,0.998	1.0,1.0	-0.002
1.0,0.993	1.0,1.0	-0.004
0.963,1.0	1.0,1.0	-0.018
1.0,0.887	1.0,1.0	-0.056
0.296,0.347	0.333,0.26	0.025
1.0,1.0	0.96,1.0	0.02
1.0,0.851	1.0,1.0	-0.075
1.0,0.818	1.0,1.0	-0.091
0.99,1.0	1.0,1.0	-0.005
0.966,0.973	1.0,1.0	-0.03
0.95,0.96	1.0,1.0	-0.045
0.946,0.951	1.0,1.0	-0.052
0.995,0.995	0.992,1.0	-0.001
0.98,0.981	0.971,1.0	-0.005
0.993,1.0	1.0,1.0	-0.004
1.0,0.988	1.0,1.0	-0.006
0.687,0.706	0.753,0.736	-0.048
0.999,1.0	1.0,1.0	-0.0
0.001,0.0	0.0,0.0	0.001
0.99,0.966	1.0,0.981	-0.012
0.981,1.0	1.0,1.0	-0.01
0.931,1.0	1.0,1.0	-0.034
0.975,1.0	0.972,1.0	0.002
0.995,0.995	1.0,1.0	-0.005
0.971,0.986	0.979,1.0	-0.011
0.991,0.994	1.0,1.0	-0.008
0.956,1.0	1.0,1.0	-0.022
0.891,0.948	0.916,0.917	0.003
1.0,0.986	1.0,1.0	-0.007
0.993,1.0	1.0,1.0	-0.004
0.985,1.0	1.0,1.0	-0.008
0.021,0.023	0.026,0.0	0.009
0.006,0.0	0.0,0.0	0.003
1.0,1.0	1.0,0.994	0.003
0.998,1.0	1.0,1.0	-0.001
0.12,0.084	0.078,0.031	0.048
1.0,0.95	1.0,1.0	-0.025
0.022,0.036	0.042,0.056	-0.02
0.977,1.0	1.0,1.0	-0.012
0.929,1.0	0.895,1.0	0.017
0.969,0.978	0.92,1.0	0.014
0.031,0.048	0.048,0.034	-0.002
0.998,1.0	1.0,1.0	-0.001
1.0,1.0	0.989,1.0	0.006
0.749,0.737	0.61,0.91	-0.017
0.187,0.149	0.265,0.215	-0.072
0.05,0.034	0.066,0.045	-0.013
0.193,0.215	0.067,0.369	-0.014
0.215,0.268	0.282,0.299	-0.049
0.986,1.0	1.0,1.0	-0.007
1.0,1.0	1.0,0.995	0.002
0.781,0.889	0.81,0.963	-0.052
0.326,0.482	0.372,0.809	-0.186
0.974,0.96	0.966,1.0	-0.016
0.976,0.961	0.968,1.0	-0.016
0.998,1.0	1.0,1.0	-0.001
0.966,0.981	1.0,0.985	-0.019
1.0,1.0	1.0,1.0	0.0
1.0,0.998	1.0,1.0	-0.001
0.375,0.623	0.629,0.712	-0.171
0.016,0.003	0.057,0.047	-0.043
1.0,0.985	1.0,1.0	-0.008
0.987,1.0	1.0,1.0	-0.006
0.941,0.866	0.606,1.0	0.101
0.661,1.0	1.0,1.0	-0.169
1.0,0.996	1.0,1.0	-0.002
0.963,0.9	0.898,1.0	-0.018
1.0,0.947	1.0,1.0	-0.026
1.0,0.939	1.0,1.0	-0.03
1.0,0.978	1.0,1.0	-0.011
0.993,1.0	1.0,1.0	-0.004
1.0,1.0	0.954,1.0	0.023
1.0,0.917	1.0,1.0	-0.041
1.0,1.0	1.0,1.0	0.0
1.0,0.998	1.0,1.0	-0.001
1.0,1.0	1.0,0.999	0.0
1.0,0.972	1.0,1.0	-0.014
1.0,0.863	1.0,1.0	-0.069
0.932,1.0	0.963,1.0	-0.016
1.0,0.978	0.917,1.0	0.03
0.962,0.937	1.0,0.945	-0.023
0.988,0.995	1.0,1.0	-0.008
0.993,0.997	1.0,1.0	-0.005
1.0,1.0	1.0,0.818	0.091
0.265,NA	1.0,NA	-0.735
1.0,0.951	1.0,1.0	-0.024
0.079,0.0	0.0,0.0	0.04
0.534,0.782	0.301,1.0	0.008
1.0,1.0	0.994,1.0	0.003
0.161,0.099	0.187,0.111	-0.019
0.995,0.978	1.0,0.987	-0.007
0.995,1.0	1.0,1.0	-0.002
0.982,1.0	1.0,1.0	-0.009
1.0,0.886	1.0,1.0	-0.057
0.943,1.0	1.0,0.939	0.002
0.959,1.0	1.0,0.944	0.008
0.476,NA	0.377,1.0	-0.213
0.996,1.0	0.994,1.0	0.001
0.99,1.0	0.986,1.0	0.002
1.0,1.0	0.995,1.0	0.002
1.0,0.998	0.999,1.0	-0.001
0.895,0.797	1.0,0.879	-0.093
0.992,1.0	1.0,1.0	-0.004
1.0,1.0	0.333,1.0	0.334
0.996,0.989	0.994,1.0	-0.005
0.036,0.036	0.058,0.064	-0.025
0.999,1.0	1.0,1.0	-0.0
0.997,0.993	1.0,0.997	-0.003
0.267,0.194	0.36,0.176	-0.038
0.098,0.089	0.461,0.384	-0.329
1.0,0.909	1.0,1.0	-0.045
0.155,0.245	0.074,0.165	0.081
0.992,1.0	1.0,1.0	-0.004
0.998,1.0	1.0,1.0	-0.001
0.983,0.991	1.0,1.0	-0.013
1.0,0.969	1.0,1.0	-0.016
0.993,0.995	1.0,1.0	-0.006
0.92,1.0	1.0,1.0	-0.04
1.0,1.0	1.0,0.98	0.01
1.0,1.0	1.0,0.98	0.01
0.991,0.984	1.0,1.0	-0.012
1.0,1.0	1.0,0.991	0.004
0.997,0.996	1.0,1.0	-0.004
0.998,0.998	1.0,1.0	-0.002
0.997,0.999	0.997,1.0	-0.0
0.166,0.374	NA,1.0	-0.73
0.979,0.979	1.0,1.0	-0.021
1.0,1.0	1.0,1.0	0.0
0.998,1.0	1.0,1.0	-0.001
0.997,1.0	1.0,1.0	-0.002
1.0,0.997	1.0,1.0	-0.002
0.991,0.991	0.988,1.0	-0.003
1.0,1.0	1.0,0.962	0.019
0.91,0.872	0.697,1.0	0.042
0.907,0.872	0.672,1.0	0.053
0.982,0.972	1.0,1.0	-0.023
1.0,0.998	1.0,1.0	-0.001
1.0,0.991	1.0,1.0	-0.004
0.988,1.0	1.0,1.0	-0.006
0.99,1.0	1.0,1.0	-0.005
0.421,0.0	1.0,0.421	-0.5
1.0,1.0	1.0,1.0	0.0
0.998,1.0	1.0,1.0	-0.001
0.976,0.985	0.983,0.986	-0.004
0.982,0.988	0.992,0.995	-0.009
0.907,0.84	0.952,1.0	-0.103
0.846,0.689	0.897,1.0	-0.181
0.99,0.972	0.982,0.881	0.049
0.983,0.954	0.976,0.844	0.058
1.0,1.0	1.0,0.846	0.077
1.0,0.994	1.0,1.0	-0.003
0.932,0.971	1.0,0.882	0.01
0.952,0.975	1.0,0.889	0.019
0.932,0.966	1.0,0.889	0.005
0.826,0.867	0.778,0.75	0.083
1.0,0.739	1.0,1.0	-0.131
0.089,0.156	0.042,0.0	0.101
1.0,0.993	1.0,1.0	-0.004
0.951,0.937	0.951,0.964	-0.014
0.128,0.197	0.071,0.195	0.029
0.127,0.229	0.142,0.217	-0.002
1.0,1.0	1.0,1.0	0.0
0.989,1.0	1.0,1.0	-0.006
1.0,1.0	0.853,1.0	0.074
0.982,0.985	0.978,0.983	0.003
0.998,0.995	0.999,0.998	-0.002
0.881,0.969	0.923,0.905	0.011
1.0,0.882	1.0,1.0	-0.059
0.995,1.0	1.0,1.0	-0.002
0.966,0.982	1.0,1.0	-0.026
0.973,1.0	1.0,1.0	-0.014
0.992,0.991	1.0,1.0	-0.008
0.998,1.0	1.0,1.0	-0.001
0.995,1.0	0.989,1.0	0.003
0.998,0.999	0.999,0.999	-0.001
0.011,0.019	0.018,0.016	-0.002
1.0,0.99	1.0,1.0	-0.005
1.0,0.996	1.0,1.0	-0.002
0.44,0.6	1.0,1.0	-0.48
0.405,0.511	1.0,1.0	-0.542
1.0,1.0	0.995,1.0	0.002
1.0,1.0	1.0,0.772	0.114
0.928,1.0	0.889,1.0	0.019
0.984,0.964	0.958,1.0	-0.005
0.757,0.75	0.634,0.624	0.125
0.848,0.798	0.774,0.655	0.108
0.986,0.982	0.967,0.957	0.022
1.0,1.0	0.994,1.0	0.003
1.0,0.984	1.0,1.0	-0.008
0.957,1.0	1.0,1.0	-0.022
0.898,0.968	1.0,1.0	-0.067
0.996,1.0	0.998,1.0	-0.001
1.0,0.997	1.0,1.0	-0.002
0.704,1.0	0.67,0.826	0.104
0.942,0.989	0.952,0.958	0.011
0.998,1.0	1.0,1.0	-0.001
0.999,1.0	0.985,1.0	0.007
0.118,0.204	0.134,0.131	0.028
0.824,0.866	0.942,1.0	-0.126
0.929,0.958	0.983,1.0	-0.048
0.999,1.0	1.0,0.997	0.001
1.0,0.984	1.0,1.0	-0.008
0.973,1.0	1.0,1.0	-0.014
0.984,1.0	1.0,1.0	-0.008
0.004,0.007	0.002,0.004	0.002
0.061,0.057	0.0,0.0	0.059
1.0,0.75	1.0,1.0	-0.125
1.0,1.0	0.999,1.0	0.0
0.993,0.997	0.993,1.0	-0.001
1.0,0.976	0.977,1.0	-0.0
0.022,0.126	0.142,0.1	-0.047
1.0,0.993	1.0,1.0	-0.004
1.0,1.0	0.993,0.972	0.018
0.093,0.08	0.073,0.076	0.012
0.947,1.0	1.0,1.0	-0.026
0.98,0.982	0.99,0.977	-0.003
0.28,0.344	0.188,0.143	0.147
0.995,0.997	1.0,0.992	0.0
1.0,0.929	1.0,1.0	-0.035
0.163,0.188	0.538,0.488	-0.338
0.349,0.342	0.239,0.273	0.09
0.987,0.986	0.988,0.984	0.0
0.993,0.993	0.994,0.992	0.0
1.0,0.997	1.0,1.0	-0.002
0.73,0.743	0.729,0.678	0.033
1.0,1.0	1.0,0.993	0.004
0.998,1.0	1.0,1.0	-0.001
1.0,0.959	1.0,1.0	-0.02
0.999,1.0	1.0,1.0	-0.0
0.997,1.0	1.0,1.0	-0.002
1.0,0.176	0.75,1.0	-0.287
0.964,1.0	1.0,1.0	-0.018
1.0,1.0	0.999,1.0	0.0
1.0,1.0	1.0,1.0	0.0
0.0,0.001	0.0,0.0	0.001
0.833,1.0	0.688,1.0	0.073
0.99,1.0	1.0,1.0	-0.005
0.99,0.991	0.967,1.0	0.007
0.972,1.0	1.0,1.0	-0.014
0.999,1.0	1.0,1.0	-0.0
1.0,0.992	1.0,1.0	-0.004
1.0,0.997	1.0,1.0	-0.002
1.0,1.0	0.997,1.0	0.002
0.997,0.995	1.0,1.0	-0.004
0.957,0.964	0.967,0.984	-0.015
1.0,0.991	1.0,1.0	-0.004
0.936,0.915	0.963,0.966	-0.039
0.913,0.897	0.778,0.9	0.066
0.853,0.621	1.0,0.836	-0.181
1.0,1.0	1.0,0.867	0.067
1.0,1.0	0.933,1.0	0.033
0.98,0.99	1.0,0.966	0.002
0.978,0.953	1.0,1.0	-0.034
1.0,1.0	1.0,0.98	0.01
0.994,1.0	1.0,1.0	-0.003
1.0,1.0	0.997,1.0	0.002
0.268,0.335	0.903,0.743	-0.521
0.087,0.139	0.224,0.233	-0.116
0.347,0.394	0.903,0.743	-0.452
1.0,1.0	1.0,1.0	0.0
0.97,0.997	0.992,1.0	-0.012
1.0,1.0	1.0,0.992	0.004
1.0,0.979	1.0,1.0	-0.01
0.972,1.0	1.0,1.0	-0.014
0.998,1.0	1.0,0.997	0.001
1.0,1.0	1.0,0.995	0.002
0.091,0.101	0.168,0.189	-0.082
0.149,0.164	0.17,0.182	-0.019
0.073,0.1	0.061,0.05	0.031
0.064,0.084	0.033,0.048	0.034
0.091,0.061	0.183,0.158	-0.094
0.998,1.0	1.0,1.0	-0.001
1.0,0.986	1.0,1.0	-0.007
0.991,0.997	1.0,1.0	-0.006
0.994,1.0	1.0,1.0	-0.003
0.97,0.984	1.0,0.957	-0.001
0.667,0.333	0.143,0.714	0.072
0.964,1.0	1.0,1.0	-0.018
0.987,0.989	1.0,0.921	0.027
0.989,0.986	1.0,1.0	-0.012
0.993,0.993	1.0,1.0	-0.007
0.074,0.02	0.0,0.052	0.021
0.0,0.0	0.0,0.051	-0.025
0.316,0.211	0.218,0.215	0.047
0.606,0.468	0.483,0.473	0.059
0.876,0.973	0.973,0.946	-0.035
0.918,0.983	0.98,0.959	-0.019
0.855,0.971	0.972,0.953	-0.049
1.0,1.0	0.993,1.0	0.004
1.0,1.0	1.0,0.962	0.019
0.995,0.99	1.0,1.0	-0.008
0.999,1.0	1.0,1.0	-0.0
0.984,0.972	1.0,1.0	-0.022
0.616,0.896	1.0,0.49	0.011
0.942,1.0	1.0,1.0	-0.029
0.99,1.0	1.0,1.0	-0.005
1.0,0.984	1.0,1.0	-0.008
0.8,1.0	1.0,1.0	-0.1
1.0,1.0	1.0,0.57	0.215
1.0,1.0	0.999,1.0	0.0
1.0,0.999	1.0,1.0	-0.0
0.022,0.015	0.006,0.011	0.01
0.997,0.987	0.981,1.0	0.002
0.977,1.0	1.0,1.0	-0.012
0.364,0.311	0.333,0.429	-0.043
0.997,1.0	1.0,1.0	-0.002
1.0,0.981	1.0,1.0	-0.01
1.0,1.0	0.969,1.0	0.016
1.0,1.0	1.0,0.99	0.005
1.0,0.991	1.0,1.0	-0.004
0.999,1.0	1.0,1.0	-0.0
0.998,1.0	1.0,1.0	-0.001
0.0,0.001	0.0,0.0	0.001
0.987,1.0	0.954,0.982	0.026
1.0,0.969	1.0,1.0	-0.016
1.0,0.957	0.978,1.0	-0.011
1.0,0.986	1.0,1.0	-0.007
1.0,0.99	1.0,1.0	-0.005
0.996,1.0	1.0,1.0	-0.002
0.971,1.0	1.0,1.0	-0.014
0.985,0.995	1.0,0.986	-0.003
1.0,1.0	1.0,1.0	0.0
0.157,0.181	0.287,0.293	-0.121
1.0,1.0	0.4,1.0	0.3
0.958,0.625	1.0,1.0	-0.209
0.938,0.604	1.0,1.0	-0.229
1.0,1.0	0.993,1.0	0.004
0.982,1.0	1.0,1.0	-0.009
0.927,1.0	1.0,1.0	-0.036
0.994,0.994	1.0,1.0	-0.006
1.0,0.949	1.0,1.0	-0.026
0.066,0.061	0.084,0.023	0.01
0.999,1.0	1.0,1.0	-0.0
0.985,0.989	0.998,0.983	-0.003
1.0,0.999	1.0,1.0	-0.0
0.986,0.99	0.998,0.987	-0.004
1.0,0.997	1.0,1.0	-0.002
1.0,1.0	0.983,1.0	0.008
1.0,1.0	NA,0.5	0.5
0.926,0.976	0.886,0.867	0.075
0.883,1.0	1.0,1.0	-0.058
0.652,0.349	0.349,0.682	-0.015
0.594,0.242	0.347,0.516	-0.014
0.621,0.724	0.396,1.0	-0.025
0.766,1.0	0.0,1.0	0.383
0.039,0.0	0.031,0.084	-0.038
0.993,0.982	0.989,1.0	-0.007
0.945,0.901	0.936,0.933	-0.012
0.978,1.0	1.0,1.0	-0.011
0.813,0.951	0.884,1.0	-0.06
0.787,0.943	0.917,1.0	-0.094
0.868,0.849	0.781,0.753	0.092
0.924,0.963	0.966,1.0	-0.039
0.375,0.667	0.5,1.0	-0.229
0.995,1.0	1.0,1.0	-0.002
0.934,0.96	1.0,1.0	-0.053
1.0,0.98	1.0,1.0	-0.01
0.97,0.989	0.975,0.984	0.0
0.333,0.857	0.714,0.778	-0.151
0.043,0.087	0.174,0.121	-0.082
0.995,1.0	0.989,1.0	0.003
0.963,1.0	1.0,1.0	-0.018
0.953,1.0	1.0,1.0	-0.024
0.973,1.0	1.0,1.0	-0.014
1.0,0.902	0.95,0.962	-0.005
0.038,0.026	0.03,0.069	-0.018
0.976,1.0	1.0,1.0	-0.012
0.929,0.952	1.0,0.846	0.017
0.992,0.983	0.995,0.991	-0.005
1.0,0.993	1.0,1.0	-0.004
0.914,0.961	1.0,0.737	0.069
0.089,0.1	0.182,0.209	-0.101
1.0,1.0	0.998,1.0	0.001
0.996,1.0	1.0,0.998	-0.001
0.091,0.119	0.429,0.0	-0.11
0.992,1.0	1.0,0.985	0.004
0.973,1.0	1.0,1.0	-0.014
1.0,0.969	1.0,1.0	-0.016
1.0,0.974	1.0,1.0	-0.013
0.992,1.0	1.0,1.0	-0.004
1.0,0.96	1.0,1.0	-0.02
0.811,0.861	0.867,0.72	0.043
0.82,1.0	1.0,1.0	-0.09
0.789,1.0	1.0,NA	-0.105
0.0,0.006	0.04,0.0	-0.017
1.0,1.0	0.988,1.0	0.006
1.0,0.951	1.0,1.0	-0.024
0.99,0.984	0.991,0.992	-0.005
1.0,1.0	0.991,1.0	0.004
1.0,0.936	0.888,0.647	0.2
0.99,0.978	1.0,1.0	-0.016
1.0,1.0	0.65,0.65	0.35
0.937,0.897	0.901,1.0	-0.033
1.0,0.994	0.985,1.0	0.005
0.371,0.228	0.0,NA	0.299
0.68,0.587	0.713,0.788	-0.117
1.0,1.0	0.856,1.0	0.072
0.98,1.0	1.0,1.0	-0.01
0.505,0.442	0.562,0.771	-0.193
1.0,0.917	0.981,1.0	-0.032
1.0,0.87	0.964,1.0	-0.047
0.993,1.0	1.0,1.0	-0.004
1.0,1.0	1.0,0.981	0.01
0.082,0.211	0.112,0.14	0.02
0.2,0.1	0.11,0.188	0.001
1.0,0.564	NA,0.0	0.782
1.0,1.0	1.0,0.0	0.5
0.186,0.209	0.508,0.733	-0.423
0.186,0.632	0.478,1.0	-0.33
0.188,0.533	0.273,0.385	0.032
0.21,0.229	0.158,0.289	-0.004
0.235,0.632	0.273,0.2	0.197
0.236,0.282	0.158,0.238	0.061
0.92,0.913	0.833,1.0	0.0
0.157,0.126	0.128,0.112	0.022
0.871,0.825	0.771,1.0	-0.037
0.962,1.0	1.0,1.0	-0.019
1.0,1.0	0.714,1.0	0.143
0.84,1.0	1.0,1.0	-0.08
1.0,1.0	1.0,0.98	0.01
1.0,0.999	1.0,1.0	-0.0
0.96,1.0	1.0,1.0	-0.02
0.149,0.135	0.123,0.151	0.005
0.996,0.997	1.0,1.0	-0.004
0.99,0.993	1.0,1.0	-0.008
1.0,0.997	1.0,1.0	-0.002
0.959,0.963	0.964,0.939	0.009
0.572,1.0	1.0,1.0	-0.214
0.994,1.0	1.0,1.0	-0.003
1.0,1.0	1.0,0.982	0.009
0.815,0.795	0.815,0.837	-0.021
0.993,1.0	1.0,1.0	-0.004
1.0,1.0	1.0,0.944	0.028
1.0,1.0	0.865,1.0	0.068
1.0,1.0	0.796,1.0	0.102
0.857,1.0	1.0,1.0	-0.072
0.988,0.99	1.0,1.0	-0.011
1.0,1.0	0.0,NA	1.0
0.0,0.0	0.002,0.0	-0.001
1.0,0.943	1.0,1.0	-0.028
1.0,0.976	1.0,1.0	-0.012
1.0,0.975	1.0,1.0	-0.012
0.995,1.0	1.0,1.0	-0.002
0.068,0.04	0.068,0.0	0.02
1.0,0.996	1.0,0.989	0.004
0.989,1.0	0.986,0.942	0.03
1.0,1.0	1.0,0.986	0.007
0.901,0.928	0.856,0.91	0.032
0.917,0.929	1.0,1.0	-0.077
1.0,0.99	1.0,1.0	-0.005
0.949,0.784	0.956,1.0	-0.111
0.933,0.754	0.943,1.0	-0.128
0.932,0.765	0.944,1.0	-0.123
0.309,0.387	0.327,0.575	-0.103
0.477,0.659	0.357,0.725	0.027
1.0,1.0	0.999,1.0	0.0
0.988,0.989	1.0,0.959	0.009
1.0,1.0	1.0,0.994	0.003
1.0,1.0	0.968,1.0	0.016
1.0,1.0	1.0,0.934	0.033
1.0,1.0	0.972,1.0	0.014
1.0,1.0	1.0,0.899	0.05
0.989,1.0	1.0,1.0	-0.006
0.966,1.0	1.0,1.0	-0.017
0.952,1.0	1.0,1.0	-0.024
0.923,1.0	1.0,1.0	-0.038
0.997,1.0	1.0,1.0	-0.002
0.992,1.0	1.0,1.0	-0.004
0.006,0.007	0.005,0.0	0.004
0.992,1.0	1.0,1.0	-0.004
0.917,0.95	1.0,1.0	-0.067
0.894,0.928	1.0,1.0	-0.089
0.995,1.0	1.0,1.0	-0.002
1.0,0.995	1.0,1.0	-0.002
0.993,1.0	1.0,1.0	-0.004
1.0,0.98	1.0,0.935	0.022
0.991,1.0	1.0,1.0	-0.004
0.998,1.0	1.0,1.0	-0.001
1.0,1.0	1.0,0.974	0.013
0.995,0.995	1.0,1.0	-0.005
0.957,1.0	0.84,0.868	0.124
0.088,0.075	0.042,0.051	0.035
1.0,1.0	1.0,0.815	0.093
0.767,0.778	1.0,1.0	-0.228
1.0,0.951	1.0,1.0	-0.024
0.995,0.999	0.987,0.995	0.006
0.99,1.0	1.0,1.0	-0.005
0.826,1.0	1.0,NA	-0.087
0.544,0.0	0.374,0.0	0.085
1.0,1.0	0.994,1.0	0.003
1.0,1.0	1.0,0.913	0.043
1.0,1.0	1.0,1.0	0.0
1.0,0.963	1.0,1.0	-0.018
0.949,1.0	1.0,0.966	-0.009
0.871,0.804	1.0,1.0	-0.162
0.945,1.0	0.972,1.0	-0.014
0.5,1.0	NA,1.0	-0.25
1.0,1.0	1.0,0.957	0.022
0.854,0.875	0.897,0.873	-0.02
1.0,1.0	1.0,1.0	0.0
1.0,1.0	1.0,0.994	0.003
1.0,0.988	1.0,1.0	-0.006
1.0,0.951	1.0,1.0	-0.024
0.974,1.0	0.978,1.0	-0.002
0.999,1.0	1.0,1.0	-0.0
0.989,1.0	1.0,1.0	-0.006
1.0,1.0	1.0,0.987	0.006
0.973,0.948	1.0,1.0	-0.04
0.559,0.442	0.51,0.741	-0.125
1.0,1.0	1.0,1.0	0.0
0.799,1.0	1.0,1.0	-0.101
1.0,1.0	0.993,0.99	0.008
0.997,1.0	1.0,1.0	-0.002
0.115,0.094	0.139,0.132	-0.031
0.408,0.462	0.496,0.474	-0.05
1.0,0.976	1.0,0.953	0.012
0.978,1.0	1.0,0.961	0.009
0.997,0.998	0.999,1.0	-0.002
1.0,0.964	1.0,1.0	-0.018
1.0,1.0	1.0,0.964	0.018
0.993,1.0	1.0,1.0	-0.004
0.964,0.699	1.0,0.915	-0.126
1.0,0.993	1.0,1.0	-0.004
0.132,0.243	0.023,0.0	0.176
0.003,0.0	0.0,0.014	-0.005
1.0,0.986	1.0,1.0	-0.007
0.996,0.996	1.0,1.0	-0.004
0.122,0.118	0.069,0.062	0.054
0.222,0.222	0.194,0.167	0.042
0.96,0.963	0.969,1.0	-0.023
0.167,0.223	0.225,0.324	-0.08
0.029,0.0	0.251,0.251	-0.236
1.0,0.998	1.0,1.0	-0.001
0.977,1.0	1.0,1.0	-0.012
0.988,1.0	1.0,1.0	-0.006
0.969,1.0	1.0,1.0	-0.016
0.621,1.0	1.0,1.0	-0.19
0.998,1.0	1.0,1.0	-0.001
0.379,0.517	0.455,0.2	0.12
0.357,0.517	0.455,0.2	0.109
0.357,0.533	0.455,0.2	0.117
1.0,0.979	1.0,1.0	-0.01
0.058,0.052	0.136,0.0	-0.013
0.277,0.0	0.0,0.0	0.139
1.0,0.998	1.0,1.0	-0.001
0.998,1.0	1.0,1.0	-0.001
1.0,0.943	1.0,1.0	-0.028
0.761,0.698	0.722,0.735	0.001
0.899,0.857	0.957,1.0	-0.1
0.614,0.605	0.868,1.0	-0.325
0.935,0.909	0.982,1.0	-0.069
0.647,0.748	0.937,1.0	-0.271
1.0,0.968	1.0,1.0	-0.016
0.981,0.994	1.0,1.0	-0.012
0.946,1.0	1.0,1.0	-0.027
0.964,0.97	1.0,0.962	-0.014
1.0,0.982	1.0,1.0	-0.009
1.0,1.0	1.0,0.951	0.024
0.999,1.0	1.0,1.0	-0.0
0.982,0.984	1.0,0.967	-0.001
0.99,0.99	1.0,1.0	-0.01
1.0,1.0	0.976,0.95	0.037
1.0,1.0	0.986,1.0	0.007
0.012,0.005	0.02,0.007	-0.005
0.469,0.406	0.774,0.619	-0.259
1.0,0.935	1.0,1.0	-0.032
0.943,0.978	1.0,1.0	-0.04
0.96,0.986	1.0,1.0	-0.027
0.955,0.965	1.0,1.0	-0.04
1.0,1.0	0.986,1.0	0.007
0.979,1.0	1.0,1.0	-0.01
1.0,1.0	0.943,1.0	0.028
0.885,0.934	0.904,1.0	-0.042
0.998,0.999	0.995,1.0	0.001
1.0,1.0	0.998,1.0	0.001
0.999,1.0	1.0,1.0	-0.0
1.0,0.998	1.0,1.0	-0.001
0.997,1.0	1.0,1.0	-0.002
1.0,0.993	0.99,0.997	0.003
1.0,1.0	1.0,0.985	0.008
1.0,0.987	0.974,1.0	0.007
1.0,0.985	0.969,1.0	0.008
1.0,0.999	1.0,1.0	-0.0
0.998,0.998	1.0,1.0	-0.002
0.504,0.514	0.463,0.474	0.04
1.0,0.983	1.0,0.99	-0.003
0.019,0.054	0.046,0.036	-0.004
0.985,0.981	1.0,0.986	-0.01
0.998,0.999	1.0,1.0	-0.002
1.0,0.975	1.0,1.0	-0.012
0.822,0.963	0.807,0.887	0.045
0.954,0.88	0.789,1.0	0.022
1.0,1.0	0.993,1.0	0.004
0.995,1.0	1.0,1.0	-0.002
0.375,0.399	0.461,0.435	-0.061
0.144,0.574	0.183,0.0	0.267
0.974,0.935	1.0,1.0	-0.045
0.944,0.877	0.957,0.909	-0.023
1.0,0.998	1.0,1.0	-0.001
0.993,0.998	0.986,0.988	0.009
0.99,0.997	0.979,0.98	0.014
0.003,0.0	0.003,0.003	-0.002
1.0,1.0	0.961,0.964	0.038
0.474,0.397	0.451,0.333	0.043
0.481,0.375	0.44,0.294	0.061
0.994,1.0	1.0,1.0	-0.003
0.999,1.0	1.0,1.0	-0.0
0.999,1.0	1.0,1.0	-0.0
0.732,0.823	0.755,0.757	0.021
0.993,1.0	1.0,1.0	-0.004
1.0,1.0	1.0,0.98	0.01
0.913,0.947	0.884,0.943	0.016
0.007,0.006	0.004,0.003	0.003
0.986,0.978	1.0,1.0	-0.018
0.004,0.001	0.001,0.001	0.002
1.0,1.0	1.0,0.931	0.034
0.002,0.0	0.0,0.0	0.001
0.975,1.0	1.0,1.0	-0.012
0.963,1.0	1.0,1.0	-0.018
0.938,0.96	1.0,0.992	-0.047
1.0,1.0	1.0,0.994	0.003
0.997,0.997	1.0,1.0	-0.003
0.993,0.993	1.0,1.0	-0.007
0.993,0.993	1.0,1.0	-0.007
0.894,0.934	0.98,0.877	-0.014
0.937,0.963	0.875,1.0	0.012
0.997,1.0	1.0,1.0	-0.002
0.016,0.038	0.035,0.0	0.009
0.031,0.052	0.024,0.005	0.027
0.989,1.0	1.0,1.0	-0.006
0.995,1.0	1.0,1.0	-0.002
0.875,1.0	1.0,1.0	-0.062
0.226,0.332	0.12,0.339	0.05
0.653,0.469	0.653,1.0	-0.266
0.994,0.998	1.0,0.996	-0.002
0.975,0.948	1.0,1.0	-0.038
1.0,1.0	1.0,0.998	0.001
1.0,1.0	1.0,1.0	0.0
0.154,0.067	0.182,0.0	0.02
1.0,0.974	1.0,1.0	-0.013
1.0,0.996	1.0,1.0	-0.002
1.0,1.0	0.989,1.0	0.006
0.933,1.0	1.0,1.0	-0.033
1.0,1.0	0.986,1.0	0.007
1.0,1.0	0.962,1.0	0.019
1.0,0.996	1.0,1.0	-0.002
1.0,0.997	1.0,1.0	-0.002
0.996,0.998	1.0,1.0	-0.003
0.997,1.0	1.0,1.0	-0.002
0.997,1.0	1.0,1.0	-0.002
1.0,1.0	0.983,1.0	0.008
1.0,1.0	1.0,0.948	0.026
1.0,1.0	0.958,1.0	0.021
0.874,0.935	0.924,0.928	-0.021
1.0,1.0	0.967,1.0	0.016
1.0,1.0	0.788,1.0	0.106
1.0,0.271	1.0,1.0	-0.365
0.91,1.0	0.951,1.0	-0.02
0.977,0.957	0.987,1.0	-0.027
0.858,0.867	0.909,0.91	-0.047
1.0,1.0	0.995,1.0	0.002
0.993,1.0	1.0,1.0	-0.004
0.023,0.039	0.097,0.03	-0.033
1.0,0.987	0.99,1.0	-0.001
1.0,0.985	1.0,1.0	-0.008
0.979,1.0	1.0,1.0	-0.01
0.997,1.0	0.98,1.0	0.008
0.923,0.894	0.965,0.978	-0.063
1.0,0.991	1.0,1.0	-0.004
0.958,0.913	0.909,1.0	-0.019
0.952,0.979	0.987,1.0	-0.028
0.532,0.579	0.584,0.549	-0.011
0.997,1.0	1.0,1.0	-0.002
1.0,1.0	1.0,1.0	0.0
1.0,1.0	0.981,1.0	0.01
1.0,1.0	0.994,1.0	0.003
1.0,0.998	1.0,1.0	-0.001
0.991,1.0	1.0,1.0	-0.004
0.985,0.994	0.987,1.0	-0.004
0.171,0.221	0.166,0.089	0.069
0.976,1.0	1.0,1.0	-0.012
1.0,0.969	1.0,1.0	-0.016
1.0,1.0	0.971,1.0	0.014
0.172,0.039	0.0,0.25	-0.02
0.172,0.039	0.0,0.333	-0.061
1.0,1.0	0.92,1.0	0.04
0.982,1.0	0.968,1.0	0.007
1.0,1.0	0.967,1.0	0.016
1.0,0.998	1.0,1.0	-0.001
0.97,0.978	0.958,0.955	0.018
0.142,0.196	0.353,0.308	-0.162
0.973,0.951	0.98,1.0	-0.028
0.243,NA	0.0,NA	0.243
0.996,1.0	1.0,1.0	-0.002
0.985,0.969	0.992,0.978	-0.008
0.027,0.03	0.0,0.024	0.016
0.677,0.722	0.833,0.556	0.005
0.787,0.767	0.867,0.556	0.066
0.0,0.227	0.0,0.0	0.114
0.234,0.25	0.316,0.448	-0.14
0.176,0.188	0.161,0.333	-0.065
0.988,0.973	0.978,0.992	-0.005
0.202,0.195	0.244,0.267	-0.057
0.902,0.944	1.0,1.0	-0.077
0.989,0.981	1.0,1.0	-0.015
1.0,0.964	1.0,1.0	-0.018
1.0,0.994	0.99,1.0	0.002
1.0,0.972	1.0,1.0	-0.014
1.0,0.904	1.0,1.0	-0.048
1.0,1.0	0.999,1.0	0.0
0.988,0.985	1.0,1.0	-0.014
0.894,0.882	0.916,0.829	0.015
0.801,0.747	0.847,0.696	0.003
0.0,0.004	0.007,0.0	-0.002
1.0,1.0	0.982,1.0	0.009
0.995,1.0	1.0,1.0	-0.002
0.885,0.763	0.891,0.951	-0.097
0.985,0.984	0.974,0.987	0.004
1.0,0.992	1.0,1.0	-0.004
0.996,0.996	1.0,0.972	0.01
0.973,1.0	1.0,1.0	-0.014
0.993,1.0	1.0,1.0	-0.004
0.002,0.003	0.003,0.001	0.001
0.009,0.01	0.011,0.01	-0.001
0.012,0.015	0.014,0.019	-0.003
1.0,0.691	1.0,1.0	-0.155
0.25,0.344	0.75,0.333	-0.244
0.978,0.988	1.0,1.0	-0.017
0.996,1.0	1.0,1.0	-0.002
0.984,0.909	0.764,0.898	0.116
1.0,0.99	1.0,1.0	-0.005
1.0,0.939	0.938,1.0	0.001
0.998,1.0	0.998,1.0	0.0
1.0,1.0	0.998,1.0	0.001
0.055,0.064	0.043,0.078	-0.001
0.977,1.0	1.0,1.0	-0.012
0.958,1.0	1.0,1.0	-0.021
0.638,0.664	0.731,0.552	0.01
0.528,0.524	0.61,0.418	0.012
1.0,0.958	0.931,0.938	0.044
0.972,1.0	1.0,1.0	-0.014
0.982,0.989	0.989,1.0	-0.009
1.0,1.0	0.988,1.0	0.006
0.953,0.974	0.968,0.926	0.016
1.0,0.983	1.0,1.0	-0.008
0.969,0.948	1.0,0.975	-0.029
0.981,0.987	1.0,0.983	-0.008
0.086,0.064	0.051,0.024	0.037
1.0,1.0	1.0,0.906	0.047
1.0,1.0	0.995,1.0	0.002
1.0,0.997	1.0,1.0	-0.002
1.0,1.0	0.993,1.0	0.004
0.917,1.0	1.0,1.0	-0.041
0.928,0.863	0.915,0.907	-0.016
0.99,0.987	1.0,0.991	-0.007
0.224,0.188	0.303,0.291	-0.091
0.683,0.953	0.839,0.896	-0.049
0.961,1.0	1.0,1.0	-0.02
1.0,0.98	1.0,1.0	-0.01
1.0,1.0	0.25,1.0	0.375
1.0,0.429	1.0,0.0	0.215
0.857,0.926	0.6,1.0	0.091
0.92,0.8	0.556,0.636	0.264
0.998,1.0	1.0,1.0	-0.001
0.989,0.994	0.971,0.953	0.03
0.996,1.0	1.0,1.0	-0.002
0.91,0.97	0.962,1.0	-0.041
0.994,1.0	1.0,1.0	-0.003
0.002,0.0	0.0,0.0	0.001
0.116,0.0	0.077,0.143	-0.052
0.009,0.028	0.049,0.022	-0.017
1.0,1.0	1.0,1.0	0.0
0.979,0.926	0.921,1.0	-0.008
1.0,0.991	1.0,1.0	-0.004
0.993,1.0	1.0,1.0	-0.004
0.991,1.0	1.0,1.0	-0.004
0.025,0.073	0.0,0.0	0.049
0.083,0.182	0.0,0.0	0.133
0.593,0.745	0.325,0.716	0.149
0.99,1.0	1.0,1.0	-0.005
0.239,0.102	0.137,0.098	0.053
0.976,0.969	0.985,0.945	0.007
0.998,1.0	1.0,1.0	-0.001
0.875,0.796	0.92,0.743	0.004
NA,0.0	1.0,NA	-1.0
0.0,NA	NA,1.0	-1.0
0.867,0.634	0.382,1.0	0.059
1.0,1.0	1.0,0.991	0.004
0.969,0.936	0.97,1.0	-0.032
0.966,1.0	1.0,1.0	-0.017
1.0,1.0	1.0,0.8	0.1
0.998,0.997	1.0,1.0	-0.002
0.933,1.0	1.0,1.0	-0.033
0.991,1.0	1.0,1.0	-0.004
1.0,0.986	1.0,1.0	-0.007
0.955,0.988	1.0,0.879	0.032
0.973,0.993	1.0,0.93	0.018
0.988,1.0	1.0,1.0	-0.006
0.997,1.0	1.0,1.0	-0.002
1.0,1.0	0.994,1.0	0.003
0.365,0.368	0.385,0.459	-0.056
0.999,1.0	1.0,1.0	-0.0
1.0,1.0	1.0,0.987	0.006
1.0,0.991	1.0,1.0	-0.004
0.993,1.0	1.0,1.0	-0.004
1.0,0.866	1.0,1.0	-0.067
1.0,1.0	0.98,0.977	0.022
0.989,1.0	1.0,1.0	-0.006
1.0,1.0	0.989,0.984	0.014
1.0,1.0	0.992,1.0	0.004
0.923,0.946	1.0,1.0	-0.066
0.963,0.988	1.0,0.956	-0.002
1.0,0.991	1.0,1.0	-0.004
0.997,0.996	1.0,1.0	-0.004
0.729,0.755	0.541,0.527	0.208
0.982,1.0	0.962,0.959	0.031
0.989,1.0	0.986,0.987	0.008
0.987,0.976	0.993,1.0	-0.015
0.962,0.934	0.886,1.0	0.005
0.979,0.934	0.909,0.949	0.027
0.87,0.943	1.0,0.937	-0.062
0.999,1.0	0.999,1.0	0.0
1.0,1.0	0.998,1.0	0.001
0.42,0.518	0.43,0.318	0.095
0.011,0.012	0.011,0.011	0.001
1.0,0.995	1.0,1.0	-0.002
1.0,1.0	1.0,0.952	0.024
0.959,1.0	0.937,1.0	0.011
0.984,0.997	0.986,0.966	0.014
1.0,0.945	0.897,1.0	0.024
0.986,0.983	1.0,1.0	-0.016
0.999,0.999	0.998,0.996	0.002
0.994,0.992	0.992,0.989	0.003
0.967,1.0	1.0,1.0	-0.016
0.994,1.0	1.0,1.0	-0.003
1.0,1.0	0.971,0.966	0.032
1.0,1.0	0.919,0.905	0.088
1.0,1.0	0.994,1.0	0.003
0.01,0.011	0.01,0.0	0.005
0.943,1.0	1.0,0.917	0.013
0.999,1.0	1.0,1.0	-0.0
1.0,1.0	0.986,1.0	0.007
1.0,0.997	1.0,1.0	-0.002
1.0,0.995	1.0,1.0	-0.002
0.974,1.0	1.0,1.0	-0.013
0.942,1.0	1.0,0.923	0.009
0.86,1.0	1.0,1.0	-0.07
0.972,0.946	0.958,0.959	0.001
0.667,0.905	0.846,1.0	-0.137
0.949,1.0	1.0,0.882	0.033
1.0,0.972	0.974,1.0	-0.001
0.977,0.994	0.993,1.0	-0.011
0.982,0.989	1.0,1.0	-0.014
0.998,1.0	0.999,0.999	0.0
0.918,0.881	1.0,0.943	-0.072
1.0,0.979	1.0,1.0	-0.01
1.0,1.0	1.0,0.333	0.334
0.222,0.191	0.089,0.096	0.114
0.136,0.237	0.252,0.193	-0.036
0.976,0.983	0.997,0.995	-0.016
0.996,0.998	0.996,0.999	-0.001
1.0,0.998	1.0,1.0	-0.001
0.985,1.0	1.0,1.0	-0.008
1.0,1.0	1.0,0.714	0.143
1.0,1.0	1.0,1.0	0.0
0.913,0.778	1.0,1.0	-0.154
0.944,0.87	1.0,1.0	-0.093
0.965,0.908	1.0,1.0	-0.064
0.979,0.95	1.0,1.0	-0.036
1.0,0.98	0.961,1.0	0.01
1.0,1.0	0.867,1.0	0.067
1.0,1.0	0.935,1.0	0.032
1.0,1.0	0.893,1.0	0.053
1.0,0.866	0.855,1.0	0.006
1.0,0.967	1.0,1.0	-0.016
0.706,1.0	0.875,1.0	-0.085
0.706,1.0	0.875,1.0	-0.085
0.988,1.0	1.0,1.0	-0.006
1.0,0.979	1.0,1.0	-0.01
1.0,0.963	1.0,1.0	-0.018
1.0,0.994	1.0,1.0	-0.003
0.014,0.0	0.0,0.0	0.007
0.721,0.789	0.779,0.651	0.04
0.994,1.0	1.0,1.0	-0.003
1.0,0.971	1.0,1.0	-0.014
1.0,0.979	1.0,1.0	-0.01
0.936,0.942	0.895,0.904	0.04
0.007,0.0	0.0,0.0	0.004
0.913,0.909	1.0,0.667	0.078
0.981,1.0	1.0,1.0	-0.01
1.0,1.0	1.0,0.947	0.026
0.993,0.992	1.0,1.0	-0.008
0.995,0.993	1.0,1.0	-0.006
0.995,0.993	1.0,1.0	-0.006
0.995,0.994	1.0,1.0	-0.006
1.0,1.0	1.0,0.867	0.067
1.0,0.998	1.0,1.0	-0.001
0.025,0.011	0.037,0.009	-0.005
1.0,1.0	0.846,1.0	0.077
0.995,1.0	1.0,1.0	-0.002
0.089,0.0	0.0,NA	0.044
1.0,1.0	1.0,0.98	0.01
0.995,1.0	1.0,1.0	-0.002
1.0,0.981	1.0,1.0	-0.01
1.0,0.999	1.0,1.0	-0.0
0.999,1.0	1.0,1.0	-0.0
0.896,0.968	0.816,1.0	0.024
1.0,1.0	0.987,0.981	0.016
0.977,0.93	1.0,0.962	-0.027
1.0,0.993	1.0,1.0	-0.004
1.0,0.98	1.0,1.0	-0.01
1.0,1.0	0.979,1.0	0.01
1.0,1.0	0.986,1.0	0.007
0.254,0.166	0.221,0.615	-0.208
0.462,0.077	1.0,0.333	-0.397
0.962,0.961	1.0,1.0	-0.038
1.0,1.0	0.98,1.0	0.01
0.863,1.0	0.835,0.85	0.089
1.0,1.0	0.349,1.0	0.326
0.995,1.0	1.0,1.0	-0.002
1.0,0.999	1.0,1.0	-0.0
0.95,1.0	1.0,1.0	-0.025
0.973,1.0	1.0,1.0	-0.014
0.859,0.782	0.901,1.0	-0.13
1.0,1.0	1.0,1.0	0.0
1.0,1.0	0.969,1.0	0.016
1.0,0.942	1.0,1.0	-0.029
0.954,0.982	0.988,1.0	-0.026
0.623,0.452	0.373,0.452	0.125
1.0,0.997	1.0,1.0	-0.002
0.968,1.0	0.929,1.0	0.019
0.0,0.223	0.223,0.103	-0.052
0.07,0.253	0.311,0.289	-0.138
1.0,1.0	0.976,1.0	0.012
1.0,0.986	1.0,1.0	-0.007
0.178,0.109	0.208,0.236	-0.078
0.989,0.932	0.901,0.966	0.027
1.0,0.994	1.0,1.0	-0.003
0.989,1.0	1.0,1.0	-0.006
0.986,1.0	1.0,1.0	-0.007
0.997,1.0	1.0,1.0	-0.002
0.905,1.0	1.0,1.0	-0.047
0.878,1.0	1.0,1.0	-0.061
1.0,0.966	1.0,1.0	-0.017
0.927,0.971	0.966,0.911	0.011
0.21,0.2	0.17,0.252	-0.006
0.0,NA	0.0,1.0	-0.5
0.984,1.0	1.0,1.0	-0.008
0.989,1.0	1.0,1.0	-0.006
0.982,0.966	1.0,0.969	-0.01
0.997,1.0	1.0,1.0	-0.002
0.947,0.935	0.961,0.97	-0.024
1.0,1.0	0.981,1.0	0.01
0.993,0.991	0.994,0.987	0.002
1.0,0.99	1.0,1.0	-0.005
1.0,1.0	0.997,0.996	0.004
0.951,1.0	1.0,1.0	-0.024
1.0,0.953	1.0,1.0	-0.024
1.0,1.0	0.962,1.0	0.019
0.978,0.973	0.959,0.935	0.028
0.988,1.0	1.0,1.0	-0.006
1.0,0.708	1.0,NA	-0.146
1.0,0.992	1.0,1.0	-0.004
1.0,0.997	1.0,1.0	-0.002
1.0,1.0	0.999,1.0	0.0
0.002,0.003	0.003,0.001	0.001
0.988,1.0	1.0,1.0	-0.006
1.0,0.969	1.0,1.0	-0.016
1.0,0.963	1.0,0.885	0.039
0.848,0.915	0.921,0.962	-0.06
0.999,1.0	1.0,1.0	-0.0
1.0,0.997	1.0,0.991	0.003
0.987,1.0	0.986,1.0	0.001
0.984,0.978	1.0,0.95	0.006
0.867,1.0	1.0,1.0	-0.067
0.971,0.821	0.962,1.0	-0.085
0.6,0.771	0.762,0.818	-0.105
1.0,0.998	1.0,1.0	-0.001
0.107,0.055	0.089,0.221	-0.074
1.0,1.0	0.941,1.0	0.03
0.982,1.0	1.0,1.0	-0.009
1.0,0.992	1.0,1.0	-0.004
1.0,0.991	1.0,1.0	-0.004
1.0,0.985	1.0,1.0	-0.008
0.996,1.0	1.0,1.0	-0.002
1.0,0.995	0.966,1.0	0.015
0.994,0.989	1.0,1.0	-0.008
1.0,0.996	0.975,1.0	0.01
0.997,0.994	1.0,1.0	-0.004
1.0,0.998	0.984,1.0	0.007
0.99,0.994	1.0,0.98	0.002
0.846,0.761	1.0,1.0	-0.197
1.0,0.991	0.992,0.967	0.016
0.983,1.0	1.0,1.0	-0.008
1.0,0.998	1.0,1.0	-0.001
1.0,0.933	1.0,1.0	-0.033
1.0,0.889	1.0,1.0	-0.055
0.998,1.0	1.0,1.0	-0.001
0.975,0.957	0.995,1.0	-0.032
0.992,1.0	1.0,1.0	-0.004
0.98,1.0	0.98,1.0	0.0
1.0,1.0	0.992,1.0	0.004
0.966,1.0	1.0,1.0	-0.017
0.998,0.996	0.997,0.996	0.001
1.0,1.0	1.0,0.984	0.008
0.994,1.0	1.0,1.0	-0.003
0.582,0.418	0.486,0.65	-0.068
0.938,0.944	0.99,0.956	-0.032
0.015,0.0	0.013,0.0	0.001
0.995,1.0	1.0,1.0	-0.002
1.0,0.913	1.0,1.0	-0.043
1.0,0.221	1.0,1.0	-0.389
0.717,0.835	1.0,0.458	0.047
0.083,0.089	0.126,0.123	-0.039
1.0,1.0	1.0,0.99	0.005
1.0,1.0	1.0,0.987	0.006
0.991,0.98	0.951,0.977	0.022
0.978,0.955	0.884,0.953	0.048
0.899,0.916	0.889,0.913	0.006
0.158,0.146	0.19,0.08	0.017
1.0,1.0	0.994,1.0	0.003
0.996,1.0	1.0,1.0	-0.002
0.276,0.205	0.48,0.217	-0.108
1.0,1.0	1.0,0.973	0.014
0.987,1.0	1.0,1.0	-0.006
1.0,1.0	0.843,1.0	0.079
0.968,0.987	1.0,1.0	-0.022
1.0,0.958	1.0,1.0	-0.021
0.667,0.619	0.333,1.0	-0.023
0.972,0.994	0.978,1.0	-0.006
0.701,0.618	0.622,0.752	-0.028
0.584,0.319	0.474,0.612	-0.091
1.0,1.0	0.918,1.0	0.041
0.079,0.075	0.151,0.052	-0.024
1.0,0.994	1.0,0.986	0.004
1.0,0.999	1.0,1.0	-0.0
0.004,0.01	0.0,0.007	0.004
0.003,0.009	0.0,0.007	0.003
1.0,0.986	1.0,0.956	0.015
1.0,1.0	0.968,1.0	0.016
0.989,1.0	1.0,1.0	-0.006
1.0,1.0	0.961,0.911	0.064
0.045,0.027	0.082,0.036	-0.023
0.062,0.047	0.07,0.019	0.01
1.0,1.0	1.0,0.987	0.006
0.112,0.24	0.147,0.486	-0.141
1.0,1.0	0.714,1.0	0.143
1.0,1.0	0.875,1.0	0.062
1.0,0.993	1.0,0.989	0.002
0.981,0.985	0.988,1.0	-0.011
0.889,1.0	1.0,1.0	-0.055
0.996,0.991	1.0,1.0	-0.006
1.0,1.0	0.977,1.0	0.012
1.0,1.0	0.95,1.0	0.025
0.972,0.979	0.96,0.893	0.049
0.997,1.0	1.0,1.0	-0.002
1.0,1.0	0.978,1.0	0.011
1.0,0.973	1.0,1.0	-0.014
0.949,0.925	1.0,0.884	-0.005
0.942,0.902	1.0,0.876	-0.016
1.0,1.0	1.0,1.0	0.0
0.526,0.657	0.561,0.606	0.008
0.15,0.0	0.065,0.0	0.042
0.086,0.05	0.19,0.228	-0.141
1.0,1.0	0.991,1.0	0.004
1.0,1.0	0.995,1.0	0.002
0.185,0.176	0.146,0.273	-0.029
0.224,0.251	0.141,0.218	0.058
0.991,1.0	1.0,1.0	-0.004
1.0,1.0	0.951,1.0	0.024
1.0,1.0	0.976,1.0	0.012
1.0,0.986	1.0,1.0	-0.007
1.0,1.0	0.993,1.0	0.004
0.999,1.0	1.0,1.0	-0.0
0.996,1.0	1.0,1.0	-0.002
0.996,1.0	1.0,1.0	-0.002
0.006,0.006	0.0,0.0	0.006
0.978,0.972	0.969,1.0	-0.009
0.0,0.001	0.0,0.0	0.001
0.0,0.001	0.0,0.0	0.001
1.0,0.5	1.0,NA	-0.25
0.995,1.0	1.0,1.0	-0.002
0.956,0.993	0.865,0.946	0.069
0.976,0.996	0.93,0.972	0.035
0.564,0.706	0.822,0.797	-0.174
NA,0.236	1.0,NA	-0.764
1.0,0.997	1.0,1.0	-0.002
0.997,0.991	1.0,0.991	-0.002
1.0,0.992	1.0,1.0	-0.004
0.993,1.0	1.0,1.0	-0.004
0.998,1.0	1.0,1.0	-0.001
0.325,0.253	0.256,0.2	0.061
0.393,0.298	0.259,0.326	0.053
1.0,0.996	0.987,1.0	0.004
0.997,1.0	1.0,1.0	-0.002
0.998,0.991	0.994,0.988	0.003
0.998,0.994	0.996,0.993	0.002
0.999,1.0	1.0,1.0	-0.0
1.0,0.999	1.0,1.0	-0.0
0.995,1.0	1.0,1.0	-0.002
1.0,1.0	1.0,0.942	0.029
1.0,0.998	1.0,1.0	-0.001
0.379,0.8	0.667,1.0	-0.244
0.698,1.0	0.776,1.0	-0.039
1.0,1.0	1.0,0.994	0.003
0.832,0.542	0.924,0.575	-0.062
0.995,0.99	1.0,0.983	0.001
1.0,0.997	1.0,1.0	-0.002
0.997,1.0	1.0,1.0	-0.002
0.999,0.999	0.999,0.999	0.0
0.958,1.0	0.913,1.0	0.022
0.971,1.0	0.916,1.0	0.028
0.97,1.0	1.0,1.0	-0.015
1.0,0.855	1.0,0.567	0.144
0.991,1.0	1.0,1.0	-0.004
0.997,0.984	1.0,0.991	-0.005
0.992,0.971	1.0,0.983	-0.01
1.0,1.0	1.0,0.96	0.02
1.0,0.986	1.0,1.0	-0.007
1.0,1.0	0.999,1.0	0.0
0.018,0.024	0.014,0.007	0.01
0.997,0.994	1.0,1.0	-0.004
0.999,0.998	1.0,0.996	0.0
0.985,1.0	1.0,1.0	-0.008
0.966,1.0	1.0,1.0	-0.017
0.992,0.996	1.0,1.0	-0.006
0.99,0.962	0.984,1.0	-0.016
0.991,0.961	0.987,1.0	-0.018
1.0,0.992	1.0,1.0	-0.004
1.0,0.973	1.0,1.0	-0.014
1.0,0.989	1.0,1.0	-0.006
1.0,0.997	1.0,1.0	-0.002
1.0,1.0	0.945,1.0	0.028
0.987,1.0	1.0,1.0	-0.006
0.978,1.0	1.0,1.0	-0.011
0.01,0.003	0.019,0.0	-0.003
1.0,0.987	1.0,1.0	-0.006
1.0,0.962	1.0,1.0	-0.019
0.912,1.0	0.857,0.831	0.112
1.0,0.83	1.0,1.0	-0.085
0.543,0.222	0.234,0.445	0.043
1.0,0.913	0.833,1.0	0.04
1.0,0.905	0.857,1.0	0.024
1.0,0.884	0.845,1.0	0.019
1.0,0.938	0.891,1.0	0.023
0.991,0.983	1.0,1.0	-0.013
1.0,1.0	1.0,0.988	0.006
0.194,0.289	0.22,0.282	-0.01
0.986,0.988	0.997,0.988	-0.005
1.0,1.0	1.0,0.979	0.01
0.983,1.0	1.0,1.0	-0.008
0.925,1.0	1.0,1.0	-0.037
1.0,1.0	0.997,0.993	0.005
0.999,1.0	1.0,0.992	0.004
1.0,0.993	1.0,1.0	-0.004
0.027,0.01	0.011,0.012	0.007
0.999,0.998	1.0,1.0	-0.002
0.988,1.0	1.0,1.0	-0.006
1.0,0.962	1.0,1.0	-0.019
0.944,1.0	1.0,1.0	-0.028
0.993,0.992	1.0,1.0	-0.008
0.994,0.994	1.0,1.0	-0.006
1.0,0.984	1.0,1.0	-0.008
1.0,1.0	1.0,0.917	0.041
0.039,0.047	0.059,0.022	0.003
1.0,1.0	0.882,1.0	0.059
1.0,0.983	0.93,1.0	0.026
0.995,0.998	1.0,1.0	-0.004
1.0,0.993	1.0,1.0	-0.004
0.991,0.993	1.0,0.991	-0.004
0.037,0.058	0.026,0.059	0.005
1.0,0.998	1.0,1.0	-0.001
1.0,1.0	0.97,1.0	0.015
0.506,0.336	0.577,0.745	-0.24
0.967,1.0	1.0,0.985	-0.009
0.997,1.0	0.996,1.0	0.0
0.997,1.0	1.0,1.0	-0.002
0.871,0.945	0.93,0.875	0.005
1.0,0.981	1.0,1.0	-0.01
1.0,0.987	1.0,1.0	-0.006
0.924,0.902	0.826,0.878	0.061
1.0,1.0	1.0,0.987	0.006
1.0,1.0	0.983,1.0	0.008
1.0,0.99	1.0,1.0	-0.005
0.971,0.949	1.0,1.0	-0.04
1.0,0.931	1.0,1.0	-0.034
1.0,1.0	0.926,1.0	0.037
1.0,1.0	1.0,0.986	0.007
0.978,1.0	1.0,1.0	-0.011
0.051,0.042	0.016,0.029	0.024
1.0,0.983	1.0,1.0	-0.008
0.0,0.016	0.009,0.014	-0.003
1.0,0.896	1.0,1.0	-0.052
1.0,1.0	1.0,0.895	0.052
0.94,0.974	0.952,0.967	-0.003
0.939,0.959	0.945,0.83	0.061
0.851,0.845	0.899,0.87	-0.037
0.939,0.986	0.942,1.0	-0.009
0.868,0.967	0.878,1.0	-0.022
0.872,0.971	0.892,1.0	-0.024
0.979,0.964	1.0,0.96	-0.008
0.986,1.0	1.0,1.0	-0.007
0.992,0.989	1.0,1.0	-0.01
0.712,0.894	0.673,1.0	-0.034
0.979,1.0	1.0,1.0	-0.01
0.939,0.964	1.0,1.0	-0.048
0.02,0.022	0.053,0.056	-0.034
0.993,1.0	1.0,1.0	-0.004
1.0,1.0	0.994,1.0	0.003
0.966,1.0	1.0,0.889	0.038
1.0,1.0	0.998,1.0	0.001
0.993,0.975	0.983,0.972	0.006
0.994,1.0	1.0,1.0	-0.003
0.628,0.36	0.086,0.663	0.119
0.182,0.146	0.077,0.208	0.021
0.935,0.956	0.983,0.884	0.012
0.994,1.0	1.0,1.0	-0.003
1.0,0.973	1.0,1.0	-0.014
NA,0.517	0.0,NA	0.517
0.982,0.995	1.0,1.0	-0.012
1.0,1.0	0.819,0.601	0.29
0.993,0.984	0.986,1.0	-0.005
0.97,1.0	1.0,1.0	-0.015
1.0,0.992	1.0,1.0	-0.004
0.991,1.0	1.0,1.0	-0.004
0.976,0.948	0.979,1.0	-0.028
0.992,1.0	1.0,1.0	-0.004
0.972,1.0	1.0,1.0	-0.014
1.0,1.0	0.964,1.0	0.018
0.993,1.0	1.0,1.0	-0.004
0.85,0.866	0.745,0.969	0.001
1.0,0.975	1.0,1.0	-0.012
0.968,1.0	1.0,1.0	-0.016
1.0,0.987	1.0,1.0	-0.006
1.0,0.333	0.6,0.333	0.2
1.0,0.317	0.677,0.411	0.114
1.0,0.31	0.402,0.402	0.253
0.583,0.873	0.536,0.384	0.268
0.016,0.048	0.0,0.0	0.032
0.052,0.0	0.0,0.0	0.026
1.0,0.977	1.0,1.0	-0.012
1.0,1.0	0.945,1.0	0.028
0.107,0.121	0.076,0.082	0.035
0.989,1.0	1.0,1.0	-0.006
1.0,1.0	1.0,1.0	0.0
1.0,0.989	1.0,1.0	-0.006
0.99,0.985	1.0,1.0	-0.012
0.079,0.078	0.109,0.036	0.006
0.278,0.379	0.378,0.688	-0.204
0.27,0.355	0.45,0.769	-0.297
0.265,0.38	0.655,0.667	-0.339
0.182,0.355	0.45,0.769	-0.341
0.206,0.375	0.488,0.793	-0.35
0.345,0.362	0.744,0.714	-0.376
0.978,1.0	1.0,1.0	-0.011
0.981,1.0	1.0,1.0	-0.01
0.979,1.0	1.0,1.0	-0.01
0.986,1.0	1.0,1.0	-0.007
0.995,1.0	1.0,1.0	-0.002
1.0,1.0	1.0,0.934	0.033
1.0,0.994	1.0,1.0	-0.003
1.0,1.0	0.999,1.0	0.0
0.967,0.962	0.961,1.0	-0.016
0.938,0.917	0.931,1.0	-0.038
0.995,1.0	1.0,1.0	-0.002
0.413,0.413	0.737,0.0	0.044
0.138,0.39	0.203,0.242	0.042
0.974,0.991	1.0,0.942	0.011
1.0,0.993	1.0,1.0	-0.004
0.997,0.999	0.998,1.0	-0.001
0.034,0.031	0.05,0.043	-0.014
0.98,0.972	1.0,1.0	-0.024
1.0,0.995	1.0,1.0	-0.002
0.496,0.286	0.502,0.502	-0.111
0.987,1.0	1.0,1.0	-0.006
0.009,0.0	0.0,0.0	0.004
0.039,0.088	0.122,0.092	-0.043
0.107,0.135	0.114,0.095	0.016
0.996,1.0	1.0,0.989	0.004
0.982,1.0	1.0,1.0	-0.009
1.0,1.0	0.756,1.0	0.122
1.0,0.993	1.0,1.0	-0.004
1.0,1.0	1.0,0.78	0.11
0.991,0.981	0.994,0.981	-0.002
0.898,0.948	0.952,0.724	0.085
1.0,1.0	1.0,1.0	0.0
1.0,0.995	0.994,0.983	0.009
0.996,1.0	1.0,1.0	-0.002
1.0,1.0	0.953,1.0	0.024
0.563,0.54	0.908,0.662	-0.234
0.667,0.607	0.933,0.735	-0.197
0.687,0.617	0.902,0.748	-0.173
0.563,0.483	0.625,0.68	-0.13
0.692,0.963	0.8,0.714	0.07
0.771,0.976	0.814,0.758	0.087
0.714,0.968	0.8,0.714	0.084
0.704,0.965	0.814,0.714	0.071
0.85,1.0	0.716,0.791	0.171
1.0,0.997	1.0,1.0	-0.002
1.0,0.969	1.0,1.0	-0.016
0.982,0.972	1.0,0.975	-0.011
0.989,0.98	0.955,0.977	0.018
0.966,0.941	1.0,0.949	-0.021
0.94,0.923	0.96,0.944	-0.02
0.977,1.0	1.0,1.0	-0.012
0.981,1.0	1.0,1.0	-0.01
0.991,0.992	0.996,0.993	-0.003
0.909,0.976	0.944,1.0	-0.029
0.148,0.176	0.265,0.193	-0.067
0.129,0.103	0.224,0.09	-0.041
1.0,NA	NA,0.0	1.0
1.0,0.878	1.0,1.0	-0.061
1.0,1.0	0.998,1.0	0.001
0.746,0.805	0.612,0.778	0.081
0.541,0.45	0.54,0.47	-0.009
1.0,0.993	1.0,1.0	-0.004
1.0,0.985	1.0,1.0	-0.008
1.0,1.0	0.995,1.0	0.002
0.991,1.0	1.0,1.0	-0.004
0.991,0.989	1.0,1.0	-0.01
0.978,0.981	1.0,1.0	-0.02
1.0,1.0	0.99,1.0	0.005
0.966,0.984	1.0,0.966	-0.008
1.0,0.88	1.0,1.0	-0.06
0.581,0.874	0.829,0.675	-0.024
1.0,0.98	1.0,1.0	-0.01
1.0,1.0	1.0,0.999	0.0
0.999,0.999	1.0,0.998	0.0
0.962,0.886	0.866,1.0	-0.009
0.028,0.034	0.0,0.0	0.031
1.0,0.303	0.0,NA	0.651
0.0,0.014	0.0,0.0	0.007
0.99,1.0	1.0,1.0	-0.005
1.0,0.976	1.0,1.0	-0.012
1.0,0.987	0.964,1.0	0.012
0.982,0.984	0.989,0.969	0.004
0.986,0.982	1.0,1.0	-0.016
0.998,0.998	0.997,0.998	0.0
0.147,0.098	0.027,0.049	0.084
0.937,1.0	1.0,1.0	-0.031
0.966,0.986	1.0,0.976	-0.012
0.858,0.846	0.839,0.945	-0.04
0.998,1.0	1.0,1.0	-0.001
0.99,1.0	1.0,1.0	-0.005
1.0,0.94	0.835,0.771	0.167
0.5,1.0	1.0,NA	-0.25
1.0,1.0	0.902,1.0	0.049
0.991,1.0	1.0,1.0	-0.004
0.462,0.2	1.0,0.6	-0.469
1.0,1.0	1.0,0.963	0.018
0.049,0.049	0.029,0.024	0.022
0.924,1.0	1.0,1.0	-0.038
1.0,0.975	1.0,1.0	-0.012
1.0,0.92	0.905,0.789	0.113
1.0,0.999	1.0,1.0	-0.0
0.031,0.033	0.038,0.011	0.007
1.0,0.993	1.0,1.0	-0.004
0.988,0.994	1.0,1.0	-0.009
0.996,1.0	1.0,1.0	-0.002
0.995,1.0	1.0,1.0	-0.002
1.0,0.991	1.0,1.0	-0.004
0.963,0.984	0.968,0.974	0.003
1.0,0.996	1.0,1.0	-0.002
0.351,0.17	0.38,0.478	-0.168
0.96,0.932	1.0,1.0	-0.054
0.979,0.964	1.0,1.0	-0.028
0.957,0.93	1.0,1.0	-0.056
0.903,0.973	0.929,0.868	0.039
0.163,0.609	0.438,0.369	-0.017
0.9,1.0	1.0,1.0	-0.05
0.957,1.0	1.0,1.0	-0.022
0.7,0.949	1.0,1.0	-0.175
0.972,1.0	1.0,1.0	-0.014
0.98,1.0	1.0,1.0	-0.01
0.974,0.98	1.0,1.0	-0.023
0.968,0.964	0.963,0.863	0.053
0.953,0.94	1.0,1.0	-0.054
0.995,1.0	0.996,1.0	-0.0
0.683,0.278	1.0,0.381	-0.21
0.979,1.0	1.0,1.0	-0.01
0.614,0.72	0.263,0.037	0.517
0.992,1.0	0.996,1.0	-0.002
1.0,0.996	0.994,1.0	0.001
0.2,0.5	0.4,1.0	-0.35
1.0,0.999	1.0,1.0	-0.0
1.0,0.999	1.0,0.997	0.001
1.0,0.999	1.0,1.0	-0.0
1.0,0.995	1.0,1.0	-0.002
0.956,0.967	0.987,0.983	-0.023
0.981,0.989	0.982,1.0	-0.006
0.933,1.0	1.0,1.0	-0.033
1.0,0.993	1.0,1.0	-0.004
1.0,1.0	1.0,0.989	0.006
0.983,1.0	1.0,1.0	-0.008
1.0,1.0	0.985,1.0	0.008
1.0,1.0	0.965,1.0	0.018
0.949,0.957	0.636,1.0	0.135
0.97,0.971	0.745,1.0	0.098
0.77,0.486	0.654,0.371	0.116
0.959,0.929	1.0,0.789	0.049
1.0,1.0	0.984,1.0	0.008
1.0,0.995	0.997,0.996	0.001
0.696,0.859	0.604,1.0	-0.025
0.225,0.241	0.295,0.145	0.013
0.024,0.021	0.099,0.087	-0.071
0.992,1.0	1.0,1.0	-0.004
0.991,0.993	1.0,1.0	-0.008
0.533,0.561	0.438,0.444	0.106
0.321,0.294	0.28,0.429	-0.047
0.996,1.0	1.0,1.0	-0.002
1.0,0.994	1.0,0.979	0.007
0.969,0.989	0.962,0.967	0.015
1.0,1.0	1.0,0.911	0.044
0.914,0.952	0.888,0.906	0.036
0.998,1.0	1.0,1.0	-0.001
0.865,0.94	0.953,0.935	-0.041
0.996,1.0	0.995,0.993	0.004
0.998,1.0	1.0,1.0	-0.001
1.0,0.97	0.942,1.0	0.014
1.0,1.0	1.0,0.979	0.01
0.477,0.407	0.323,0.327	0.117
1.0,0.999	1.0,0.998	0.001
1.0,1.0	1.0,0.925	0.037
0.02,0.0	0.023,0.008	-0.005
0.764,0.802	1.0,1.0	-0.217
0.895,0.931	1.0,1.0	-0.087
0.887,1.0	1.0,1.0	-0.056
1.0,0.948	1.0,1.0	-0.026
1.0,1.0	0.925,1.0	0.037
1.0,0.952	1.0,1.0	-0.024
0.989,1.0	1.0,1.0	-0.006
0.803,0.971	1.0,1.0	-0.113
1.0,0.908	1.0,1.0	-0.046
0.991,0.993	1.0,1.0	-0.008
1.0,0.994	1.0,1.0	-0.003
0.998,0.992	0.996,1.0	-0.003
0.997,0.984	0.992,1.0	-0.006
0.999,0.998	0.999,1.0	-0.001
1.0,1.0	1.0,0.999	0.0
1.0,0.999	1.0,1.0	-0.0
1.0,0.998	1.0,1.0	-0.001
0.952,1.0	1.0,1.0	-0.024
0.926,1.0	1.0,1.0	-0.037
0.99,0.996	0.997,0.989	0.0
0.11,0.06	0.419,0.248	-0.249
0.14,0.098	0.289,0.162	-0.106
1.0,0.991	0.972,1.0	0.01
0.989,1.0	0.991,0.994	0.002
1.0,1.0	1.0,1.0	0.0
0.895,1.0	1.0,0.778	0.058
0.0,NA	1.0,0.333	-0.666
0.333,NA	1.0,0.333	-0.333
0.6,NA	1.0,0.333	-0.067
0.999,1.0	0.999,1.0	0.0
0.988,1.0	1.0,1.0	-0.006
0.319,0.368	0.381,0.337	-0.015
0.229,0.229	0.245,0.169	0.022
1.0,1.0	0.999,1.0	0.0
1.0,1.0	1.0,1.0	0.0
1.0,1.0	1.0,0.867	0.067
1.0,0.871	1.0,1.0	-0.065
1.0,0.75	1.0,1.0	-0.125
0.996,1.0	1.0,1.0	-0.002
1.0,1.0	0.995,1.0	0.002
1.0,0.999	0.999,1.0	0.0
0.0,0.0	0.6,NA	-0.6
0.958,0.958	1.0,0.968	-0.026
1.0,1.0	0.996,1.0	0.002
1.0,1.0	1.0,0.939	0.03
1.0,0.967	1.0,1.0	-0.016
1.0,0.986	1.0,1.0	-0.007
0.007,0.0	0.0,0.0	0.004
0.999,1.0	1.0,1.0	-0.0
0.998,0.999	1.0,1.0	-0.002
0.935,0.975	0.992,0.986	-0.034
1.0,1.0	1.0,0.982	0.009
0.996,1.0	1.0,1.0	-0.002
1.0,0.99	1.0,1.0	-0.005
1.0,0.938	0.862,1.0	0.038
1.0,1.0	0.989,1.0	0.006
1.0,1.0	0.987,1.0	0.006
0.994,0.985	1.0,1.0	-0.01
0.995,0.986	0.974,1.0	0.003
0.99,1.0	0.986,0.974	0.015
0.696,1.0	0.0,NA	0.848
0.814,0.919	0.867,1.0	-0.067
0.021,0.01	0.0,0.0	0.015
0.981,0.968	1.0,1.0	-0.026
1.0,0.954	1.0,1.0	-0.023
1.0,0.942	1.0,1.0	-0.029
0.993,0.998	0.989,1.0	0.001
0.646,0.697	0.754,0.697	-0.054
0.746,0.829	0.814,0.848	-0.043
0.723,0.786	0.818,0.832	-0.071
0.381,1.0	1.0,1.0	-0.309
0.978,1.0	1.0,1.0	-0.011
1.0,0.97	1.0,1.0	-0.015
1.0,0.968	1.0,1.0	-0.016
1.0,0.997	1.0,1.0	-0.002
1.0,1.0	0.994,1.0	0.003
0.0,0.002	0.0,0.0	0.001
0.991,0.97	1.0,1.0	-0.02
1.0,1.0	1.0,0.994	0.003
1.0,1.0	0.991,1.0	0.004
1.0,1.0	1.0,0.959	0.02
0.991,0.986	0.975,1.0	0.001
1.0,0.952	1.0,0.781	0.085
1.0,1.0	1.0,0.966	0.017
1.0,1.0	0.999,1.0	0.0
0.995,1.0	1.0,1.0	-0.002
0.997,0.998	1.0,0.996	-0.0
1.0,0.998	1.0,1.0	-0.001
0.955,0.992	0.988,1.0	-0.02
1.0,0.994	1.0,1.0	-0.003
0.994,1.0	1.0,0.951	0.021
0.893,0.927	0.97,0.936	-0.043
0.986,1.0	1.0,1.0	-0.007
0.801,0.727	0.939,0.854	-0.132
0.99,1.0	1.0,1.0	-0.005
0.981,1.0	1.0,1.0	-0.01
0.988,0.971	0.98,1.0	-0.01
0.975,1.0	1.0,1.0	-0.012
0.996,0.991	0.991,1.0	-0.002
0.995,0.988	0.988,1.0	-0.002
1.0,0.997	1.0,1.0	-0.002
1.0,0.992	0.997,1.0	-0.002
1.0,0.789	1.0,0.714	0.038
1.0,0.979	1.0,1.0	-0.01
0.995,1.0	1.0,1.0	-0.002
0.294,0.483	0.397,0.379	0.0
1.0,1.0	0.971,0.978	0.026
1.0,0.99	0.987,1.0	0.001
0.998,1.0	1.0,1.0	-0.001
1.0,1.0	0.999,1.0	0.0
0.959,0.958	1.0,1.0	-0.042
0.998,1.0	1.0,0.997	0.001
1.0,0.991	1.0,1.0	-0.004
0.967,0.977	1.0,1.0	-0.028
1.0,0.991	1.0,1.0	-0.004
0.972,0.979	1.0,1.0	-0.024
0.998,1.0	1.0,1.0	-0.001
0.992,1.0	1.0,1.0	-0.004
1.0,1.0	1.0,0.886	0.057
1.0,1.0	1.0,0.636	0.182
0.005,0.014	0.043,0.028	-0.026
1.0,0.986	1.0,0.982	0.002
1.0,1.0	0.978,1.0	0.011
1.0,1.0	0.996,1.0	0.002
0.004,0.003	0.002,0.008	-0.002
1.0,0.988	1.0,1.0	-0.006
0.985,1.0	1.0,1.0	-0.008
0.935,0.965	0.977,1.0	-0.038
0.883,0.921	0.978,1.0	-0.087
0.964,0.966	0.988,0.976	-0.017
0.885,0.654	0.833,1.0	-0.147
0.185,0.313	0.447,0.254	-0.102
0.996,0.996	1.0,1.0	-0.004
0.399,0.0	1.0,0.181	-0.391
0.995,1.0	1.0,0.992	0.002
1.0,1.0	0.769,1.0	0.115
0.972,1.0	1.0,1.0	-0.014
0.997,1.0	0.995,0.993	0.004
0.966,0.939	0.878,0.944	0.041
0.937,1.0	1.0,0.952	-0.007
0.965,1.0	1.0,0.979	-0.007
1.0,0.978	1.0,1.0	-0.011
0.987,0.985	0.989,0.987	-0.002
0.995,1.0	1.0,1.0	-0.002
0.994,1.0	1.0,1.0	-0.003
0.997,0.998	1.0,0.995	0.0
0.997,0.999	1.0,0.996	0.0
0.628,0.425	0.27,0.0	0.391
0.972,1.0	1.0,1.0	-0.014
1.0,0.994	1.0,1.0	-0.003
1.0,0.996	1.0,1.0	-0.002
0.999,0.996	1.0,1.0	-0.002
0.99,1.0	1.0,1.0	-0.005
0.981,1.0	1.0,1.0	-0.01
0.994,0.963	0.967,0.973	0.008
0.976,0.992	0.971,1.0	-0.002
0.966,1.0	1.0,1.0	-0.017
0.972,0.987	0.982,0.919	0.029
1.0,0.977	1.0,1.0	-0.012
0.983,1.0	1.0,1.0	-0.008
0.956,1.0	1.0,1.0	-0.022
0.101,0.06	0.074,0.107	-0.01
0.06,0.035	0.034,0.114	-0.027
1.0,0.975	1.0,1.0	-0.012
0.934,1.0	1.0,1.0	-0.033
0.988,1.0	1.0,1.0	-0.006
0.719,0.755	0.694,0.822	-0.021
1.0,1.0	0.996,1.0	0.002
0.946,0.982	0.931,1.0	-0.002
0.904,0.974	0.9,1.0	-0.011
1.0,1.0	0.564,1.0	0.218
0.833,1.0	0.6,0.846	0.194
1.0,0.994	0.983,1.0	0.005
0.932,1.0	0.906,0.794	0.116
0.071,0.097	0.01,0.067	0.045
1.0,1.0	1.0,1.0	0.0
1.0,0.999	1.0,1.0	-0.0
0.913,0.985	1.0,1.0	-0.051
1.0,1.0	0.958,1.0	0.021
0.944,0.947	0.937,0.957	-0.002
0.998,0.991	1.0,1.0	-0.006
0.999,1.0	1.0,1.0	-0.0
0.996,1.0	1.0,1.0	-0.002
1.0,0.994	0.988,0.992	0.007
0.995,1.0	1.0,1.0	-0.002
0.988,0.979	1.0,1.0	-0.016
1.0,1.0	0.632,1.0	0.184
0.025,0.009	0.106,0.053	-0.062
0.96,1.0	1.0,1.0	-0.02
1.0,1.0	1.0,0.987	0.006
0.949,1.0	1.0,1.0	-0.026
1.0,0.949	1.0,1.0	-0.026
0.998,0.993	1.0,1.0	-0.004
0.82,1.0	1.0,1.0	-0.09
0.114,0.129	0.148,0.0	0.048
0.085,0.072	0.091,0.073	-0.003
0.999,1.0	1.0,1.0	-0.0
1.0,0.913	1.0,1.0	-0.043
1.0,0.925	1.0,1.0	-0.037
1.0,0.789	1.0,1.0	-0.105
0.246,0.21	0.389,0.54	-0.237
0.986,1.0	1.0,1.0	-0.007
1.0,0.999	1.0,0.996	0.002
0.983,1.0	1.0,1.0	-0.008
0.989,0.993	1.0,1.0	-0.009
0.149,0.116	0.186,0.074	0.003
1.0,1.0	0.908,1.0	0.046
0.898,0.939	0.855,1.0	-0.009
0.814,0.835	0.755,1.0	-0.053
1.0,0.989	0.954,0.949	0.043
1.0,0.985	1.0,1.0	-0.008
1.0,0.989	1.0,1.0	-0.006
1.0,1.0	0.988,1.0	0.006
0.973,1.0	1.0,1.0	-0.014
0.891,0.802	0.912,0.956	-0.087
0.974,0.946	0.959,0.974	-0.006
0.998,1.0	1.0,1.0	-0.001
0.992,1.0	1.0,1.0	-0.004
0.088,0.098	0.086,0.126	-0.013
0.068,0.079	0.072,0.104	-0.014
0.978,1.0	1.0,1.0	-0.011
1.0,1.0	1.0,0.89	0.055
0.999,1.0	1.0,1.0	-0.0
0.966,0.968	0.973,1.0	-0.019
0.965,1.0	1.0,1.0	-0.018
0.977,0.958	0.947,1.0	-0.006
0.648,0.381	0.381,NA	0.133
0.066,0.084	0.123,0.118	-0.045
0.994,1.0	1.0,1.0	-0.003
0.979,0.99	1.0,0.972	-0.002
1.0,0.948	1.0,1.0	-0.026
0.027,0.0	0.0,0.0	0.013
1.0,0.997	1.0,1.0	-0.002
0.998,0.998	1.0,1.0	-0.002
0.05,0.0	0.0,0.0	0.025
1.0,1.0	0.96,1.0	0.02
1.0,0.967	1.0,1.0	-0.016
1.0,0.901	1.0,1.0	-0.049
1.0,0.946	1.0,1.0	-0.027
1.0,0.988	1.0,1.0	-0.006
0.989,0.994	0.915,0.908	0.08
1.0,1.0	0.994,1.0	0.003
1.0,0.988	1.0,1.0	-0.006
1.0,0.992	1.0,1.0	-0.004
1.0,0.988	1.0,1.0	-0.006
1.0,1.0	1.0,0.981	0.01
1.0,1.0	1.0,0.978	0.011
0.067,0.093	0.143,0.034	-0.008
1.0,1.0	0.992,1.0	0.004
0.73,0.838	0.848,0.876	-0.078
1.0,0.992	1.0,1.0	-0.004
0.064,0.114	0.085,0.104	-0.006
0.994,1.0	1.0,1.0	-0.003
0.979,1.0	1.0,1.0	-0.01
1.0,0.994	1.0,1.0	-0.003
0.0,0.0	0.012,0.0	-0.006
0.886,0.893	0.9,1.0	-0.06
0.042,0.035	0.068,0.017	-0.004
1.0,0.975	1.0,0.98	-0.002
1.0,1.0	1.0,0.993	0.004
0.957,1.0	1.0,1.0	-0.022
0.983,0.984	1.0,1.0	-0.016
0.955,0.871	1.0,1.0	-0.087
1.0,0.926	1.0,1.0	-0.037
0.97,1.0	0.961,1.0	0.005
0.406,0.471	0.715,0.769	-0.303
0.536,0.655	0.857,0.882	-0.274
1.0,1.0	0.928,0.865	0.103
0.984,1.0	1.0,1.0	-0.008
1.0,0.983	1.0,1.0	-0.008
0.832,0.933	0.919,1.0	-0.077
0.996,1.0	1.0,1.0	-0.002
0.18,0.181	0.235,0.31	-0.092
0.962,1.0	1.0,1.0	-0.019
1.0,1.0	1.0,0.994	0.003
0.198,0.216	0.198,0.207	0.005
0.139,0.167	0.117,0.141	0.024
1.0,1.0	0.99,1.0	0.005
1.0,1.0	0.993,1.0	0.004
1.0,1.0	0.991,1.0	0.004
1.0,1.0	0.99,1.0	0.005
1.0,1.0	0.992,1.0	0.004
0.997,0.997	0.991,1.0	0.001
0.991,0.99	0.991,1.0	-0.005
1.0,0.997	1.0,1.0	-0.002
0.894,0.949	0.944,0.87	0.014
0.0,0.0	0.0,0.351	-0.175
1.0,0.991	1.0,1.0	-0.004
1.0,0.986	1.0,0.977	0.005
0.999,0.999	1.0,1.0	-0.001
1.0,1.0	1.0,0.995	0.002
0.25,0.818	0.556,0.778	-0.133
0.881,0.984	0.94,0.959	-0.017
0.917,0.99	0.96,0.974	-0.013
0.913,1.0	0.828,0.326	0.38
0.999,0.999	1.0,1.0	-0.001
1.0,1.0	0.875,1.0	0.062
0.941,0.875	1.0,1.0	-0.092
0.977,0.97	0.989,1.0	-0.021
1.0,0.978	1.0,1.0	-0.011
0.856,1.0	1.0,1.0	-0.072
0.843,1.0	1.0,1.0	-0.079
0.887,1.0	1.0,1.0	-0.056
1.0,0.99	1.0,1.0	-0.005
1.0,1.0	0.988,0.981	0.016
0.922,0.926	0.932,0.83	0.043
0.0,1.0	1.0,1.0	-0.5
0.946,1.0	1.0,1.0	-0.027
0.956,1.0	1.0,1.0	-0.022
1.0,0.994	1.0,0.945	0.025
0.993,1.0	1.0,1.0	-0.004
0.879,0.849	0.93,0.956	-0.079
1.0,0.962	1.0,1.0	-0.019
1.0,0.989	1.0,1.0	-0.006
0.987,1.0	1.0,1.0	-0.006
1.0,1.0	0.922,1.0	0.039
0.997,1.0	1.0,1.0	-0.002
0.995,1.0	1.0,1.0	-0.002
0.998,0.997	1.0,1.0	-0.002
0.998,1.0	1.0,1.0	-0.001
1.0,0.998	0.997,1.0	0.001
0.442,0.647	0.84,0.545	-0.148
0.647,0.739	0.886,0.697	-0.098
0.489,0.667	0.852,0.545	-0.12
1.0,1.0	1.0,0.993	0.004
0.84,0.815	0.778,0.625	0.126
0.934,1.0	1.0,1.0	-0.033
0.017,0.0	0.0,0.0	0.009
0.995,1.0	1.0,1.0	-0.002
0.999,1.0	1.0,1.0	-0.0
0.943,0.983	0.945,0.936	0.022
0.99,1.0	1.0,1.0	-0.005
0.988,1.0	1.0,1.0	-0.006
1.0,1.0	0.954,1.0	0.023
0.972,1.0	1.0,1.0	-0.014
0.013,0.023	0.048,0.034	-0.023
0.947,0.833	0.455,0.5	0.412
0.993,1.0	0.988,1.0	0.002
1.0,1.0	1.0,0.894	0.053
1.0,0.984	1.0,1.0	-0.008
0.0,0.0	0.004,0.0	-0.002
0.997,1.0	1.0,1.0	-0.002
1.0,1.0	0.977,0.942	0.04
1.0,1.0	0.789,0.778	0.216
0.949,0.911	0.946,0.972	-0.029
1.0,0.99	1.0,1.0	-0.005
1.0,0.75	0.6,1.0	0.075
1.0,0.904	0.853,1.0	0.025
1.0,0.917	0.857,1.0	0.03
0.0,0.029	0.074,0.037	-0.041
0.884,1.0	1.0,1.0	-0.058
0.869,1.0	1.0,1.0	-0.066
0.968,1.0	1.0,1.0	-0.016
1.0,0.992	1.0,1.0	-0.004
1.0,0.993	1.0,1.0	-0.004
0.968,0.907	1.0,1.0	-0.062
1.0,1.0	1.0,0.99	0.005
0.724,0.659	0.635,0.768	-0.01
0.863,1.0	1.0,1.0	-0.069
0.116,0.082	0.071,0.079	0.024
0.367,0.359	0.345,0.352	0.015
0.866,0.84	0.766,0.783	0.079
0.387,0.399	0.393,0.382	0.006
0.836,0.875	0.868,0.87	-0.014
1.0,1.0	1.0,0.9	0.05
0.997,1.0	1.0,1.0	-0.002
1.0,0.997	1.0,1.0	-0.002
1.0,1.0	1.0,0.979	0.01
0.988,0.992	1.0,1.0	-0.01
1.0,1.0	1.0,0.996	0.002
0.194,0.187	0.132,0.251	-0.001
0.052,0.074	0.051,0.016	0.029
0.993,1.0	1.0,1.0	-0.004
0.995,1.0	1.0,1.0	-0.002
0.463,0.406	0.544,0.543	-0.109
0.797,0.771	0.886,0.881	-0.099
0.494,1.0	1.0,NA	-0.253
0.707,1.0	1.0,NA	-0.147
0.993,1.0	0.989,1.0	0.002
0.984,1.0	0.965,1.0	0.01
0.302,0.304	0.265,0.368	-0.014
0.994,0.988	0.989,1.0	-0.003
0.972,0.983	0.938,0.952	0.033
1.0,1.0	0.985,1.0	0.008
0.97,0.963	0.967,0.948	0.009
0.957,0.945	0.966,0.963	-0.013
0.957,0.972	0.962,0.945	0.011
1.0,0.998	0.999,1.0	-0.001
0.311,0.35	0.471,0.0	0.095
0.832,0.827	0.7,0.832	0.063
0.633,0.691	0.463,0.697	0.082
0.88,0.98	1.0,1.0	-0.07
0.987,1.0	1.0,1.0	-0.006
1.0,0.895	1.0,1.0	-0.052
1.0,0.991	1.0,1.0	-0.004
0.957,1.0	0.919,1.0	0.019
1.0,0.98	1.0,1.0	-0.01
1.0,0.967	1.0,1.0	-0.016
0.952,1.0	1.0,0.937	0.007
1.0,1.0	1.0,1.0	0.0
0.998,1.0	1.0,1.0	-0.001
1.0,1.0	0.992,1.0	0.004
0.01,0.014	0.0,0.0	0.012
0.964,1.0	1.0,1.0	-0.018
0.84,1.0	1.0,1.0	-0.08
0.852,1.0	1.0,1.0	-0.074
0.84,1.0	1.0,1.0	-0.08
0.889,1.0	1.0,1.0	-0.055
0.992,1.0	1.0,1.0	-0.004
0.99,1.0	1.0,1.0	-0.005
0.989,1.0	1.0,1.0	-0.006
0.994,0.991	1.0,1.0	-0.008
0.988,0.973	1.0,1.0	-0.02
0.913,0.826	1.0,1.0	-0.131
0.992,1.0	1.0,1.0	-0.004
0.992,1.0	1.0,1.0	-0.004
0.935,1.0	1.0,1.0	-0.032
0.988,1.0	0.985,1.0	0.002
1.0,0.985	1.0,1.0	-0.008
0.135,0.145	0.104,0.11	0.033
1.0,1.0	0.984,1.0	0.008
1.0,1.0	0.989,1.0	0.006
1.0,1.0	0.99,0.989	0.01
1.0,0.996	1.0,1.0	-0.002
0.983,1.0	1.0,1.0	-0.008
0.984,1.0	0.978,1.0	0.003
0.883,0.859	0.812,0.855	0.037
0.326,0.258	0.1,0.119	0.183
0.086,0.155	0.064,0.076	0.05
0.047,0.09	0.24,0.159	-0.131
1.0,1.0	0.973,0.947	0.04
0.966,1.0	1.0,1.0	-0.017
1.0,0.937	0.921,1.0	0.008
0.841,0.88	0.684,1.0	0.018
0.894,0.932	0.727,1.0	0.05
0.009,0.01	0.004,0.002	0.006
0.059,0.305	0.359,NA	-0.177
1.0,0.996	0.994,1.0	0.001
0.998,1.0	1.0,1.0	-0.001
1.0,1.0	0.926,1.0	0.037
0.994,1.0	1.0,0.954	0.02
1.0,1.0	0.984,1.0	0.008
1.0,0.969	1.0,1.0	-0.016
0.174,0.113	0.219,0.18	-0.056
1.0,1.0	0.952,1.0	0.024
1.0,0.968	1.0,1.0	-0.016
1.0,0.889	1.0,1.0	-0.055
1.0,0.996	1.0,1.0	-0.002
1.0,0.98	1.0,1.0	-0.01
0.997,1.0	1.0,1.0	-0.002
0.961,0.97	0.959,0.874	0.049
1.0,1.0	0.947,0.965	0.044
0.998,1.0	1.0,1.0	-0.001
0.986,1.0	1.0,1.0	-0.007
0.989,1.0	1.0,1.0	-0.006
1.0,0.997	1.0,1.0	-0.002
0.404,0.345	0.35,0.363	0.018
0.984,1.0	1.0,1.0	-0.008
1.0,0.998	1.0,1.0	-0.001
0.99,0.993	1.0,0.996	-0.006
0.646,0.729	0.772,0.746	-0.072
0.998,0.993	1.0,1.0	-0.004
0.999,1.0	1.0,1.0	-0.0
0.996,0.996	1.0,1.0	-0.004
0.989,0.99	0.993,0.991	-0.002
0.289,0.286	0.333,0.333	-0.046
1.0,1.0	0.917,1.0	0.041
0.999,1.0	1.0,1.0	-0.0
1.0,1.0	0.993,1.0	0.004
1.0,0.996	0.998,1.0	-0.001
0.997,1.0	1.0,1.0	-0.002
1.0,1.0	1.0,0.983	0.008
0.955,0.932	0.85,0.92	0.058
0.945,1.0	1.0,1.0	-0.028
0.977,1.0	1.0,1.0	-0.012
0.29,0.172	0.829,0.769	-0.568
0.07,0.072	0.057,0.074	0.006
1.0,1.0	1.0,0.999	0.0
0.965,1.0	1.0,0.977	-0.006
1.0,1.0	1.0,1.0	0.0
1.0,1.0	0.974,1.0	0.013
0.371,0.834	0.747,1.0	-0.271
0.545,0.878	0.808,1.0	-0.193
0.0,0.769	0.399,1.0	-0.315
0.995,1.0	1.0,1.0	-0.002
1.0,1.0	0.965,0.956	0.04
1.0,1.0	0.911,0.826	0.131
0.007,0.007	0.009,0.01	-0.002
0.839,0.795	1.0,0.887	-0.127
0.883,0.853	1.0,0.92	-0.092
0.916,0.883	1.0,0.933	-0.067
1.0,0.987	1.0,1.0	-0.006
1.0,0.988	1.0,0.994	-0.003
0.981,1.0	1.0,1.0	-0.01
0.985,1.0	1.0,1.0	-0.008
1.0,0.992	1.0,1.0	-0.004
1.0,1.0	1.0,1.0	0.0
1.0,1.0	1.0,1.0	0.0
1.0,1.0	0.99,1.0	0.005
1.0,0.995	1.0,1.0	-0.002
NA,1.0	1.0,0.0	0.5
0.972,1.0	1.0,1.0	-0.014
0.979,0.994	1.0,0.986	-0.007
0.999,1.0	1.0,1.0	-0.0
0.0,0.0	0.014,0.0	-0.007
0.994,0.985	0.992,1.0	-0.006
0.999,1.0	1.0,1.0	-0.0
0.985,1.0	1.0,1.0	-0.008
0.99,0.99	0.983,1.0	-0.002
0.876,0.892	0.972,0.935	-0.07
0.0,0.088	0.0,1.0	-0.456
1.0,0.991	1.0,1.0	-0.004
0.651,0.597	0.589,0.517	0.071
0.974,0.792	0.965,1.0	-0.099
0.961,0.701	0.958,1.0	-0.148
1.0,1.0	1.0,0.991	0.004
1.0,0.962	1.0,1.0	-0.019
0.988,0.988	0.962,1.0	0.007
0.996,1.0	1.0,1.0	-0.002
0.991,0.914	0.921,1.0	-0.008
0.474,0.286	0.75,0.231	-0.11
1.0,0.999	1.0,1.0	-0.0
0.995,1.0	1.0,1.0	-0.002
0.953,1.0	0.957,1.0	-0.002
0.991,0.97	0.947,1.0	0.007
1.0,1.0	0.997,1.0	0.002
1.0,1.0	0.993,1.0	0.004
1.0,1.0	0.5,1.0	0.25
1.0,1.0	0.667,1.0	0.166
NA,1.0	0.0,NA	1.0
0.076,0.117	0.182,0.13	-0.059
0.996,1.0	1.0,1.0	-0.002
1.0,0.993	0.99,1.0	0.001
0.972,0.971	1.0,0.973	-0.015
0.822,1.0	1.0,1.0	-0.089
0.994,1.0	1.0,1.0	-0.003
1.0,0.995	1.0,1.0	-0.002
0.994,1.0	1.0,1.0	-0.003
1.0,0.994	1.0,1.0	-0.003
1.0,0.997	1.0,1.0	-0.002
0.003,0.009	0.009,0.0	0.002
0.982,0.983	0.975,1.0	-0.005
0.953,1.0	1.0,1.0	-0.024
0.922,1.0	1.0,1.0	-0.039
1.0,0.998	1.0,1.0	-0.001
1.0,1.0	0.998,1.0	0.001
0.938,0.988	0.97,1.0	-0.022
0.871,0.636	1.0,1.0	-0.246
1.0,1.0	1.0,0.893	0.053
0.987,0.99	0.99,0.991	-0.002
1.0,0.995	1.0,1.0	-0.002
0.886,0.947	0.978,0.869	-0.007
0.947,0.855	0.978,0.933	-0.054
0.821,1.0	0.774,0.462	0.292
0.913,1.0	0.905,0.556	0.226
0.919,0.915	0.889,1.0	-0.027
0.945,0.952	0.93,1.0	-0.017
0.561,0.585	0.45,0.382	0.157
0.41,0.418	0.26,0.167	0.2
1.0,0.999	1.0,1.0	-0.0
1.0,0.978	1.0,1.0	-0.011
1.0,0.998	1.0,0.993	0.003
0.848,1.0	1.0,1.0	-0.076
0.9,1.0	1.0,1.0	-0.05
0.272,0.271	0.392,0.391	-0.12
1.0,0.981	1.0,1.0	-0.01
0.852,0.689	0.765,0.75	0.013
0.852,0.708	0.765,0.75	0.022
0.098,0.074	0.077,0.077	0.009
0.0,0.0	0.0,0.04	-0.02
0.948,0.951	0.873,0.808	0.109
0.966,0.918	0.953,1.0	-0.034
0.807,1.0	0.923,1.0	-0.058
0.996,1.0	1.0,1.0	-0.002
0.12,0.333	0.267,0.364	-0.089
1.0,0.986	1.0,1.0	-0.007
0.98,0.975	0.984,0.934	0.018
0.961,0.88	0.937,0.989	-0.043
0.2,0.024	0.158,0.0	0.033
1.0,0.985	1.0,1.0	-0.008
0.0,0.03	0.0,0.03	0.0
0.976,1.0	0.993,1.0	-0.008
1.0,1.0	0.994,1.0	0.003
0.817,0.832	0.808,0.838	0.002
0.471,0.547	0.352,0.418	0.124
0.43,0.487	0.389,0.257	0.136
1.0,0.993	1.0,1.0	-0.004
0.902,0.962	0.951,0.872	0.02
0.962,0.983	0.981,0.937	0.013
1.0,0.994	1.0,1.0	-0.003
0.329,0.374	0.488,0.427	-0.106
1.0,1.0	0.999,0.999	0.001
1.0,1.0	1.0,1.0	0.0
