ID	IJC_SAMPLE_1	SJC_SAMPLE_1	IJC_SAMPLE_2	SJC_SAMPLE_2	IncFormLen	SkipFormLen	PValue
0	1295,1328	0,0	1785,1961	4,4	238	149	1
2	166,230	0,0	224,291	0,2	211	149	1
3	2865,2902	0,0	3631,3729	0,2	223	149	1
4	20,32	0,0	21,40	0,10	199	149	0.720099193715
5	236,227	0,0	271,321	4,0	229	149	1
6	0,2	34,31	0,2	40,22	170	149	1
7	29,27	10,0	23,21	14,14	207	149	0.0359537754187
9	186,114	2,0	146,198	0,0	269	149	1
10	10,6	2,6	14,20	0,10	279	149	0.479065822207
13	80,84	0,0	97,129	0,1	297	149	1
14	4,0	6,2	0,0	4,0	279	149	1
15	0,0	2,2	0,2	4,6	208	149	1
16	4,0	6,2	0,0	4,0	208	149	1
17	148,121	6,18	203,140	0,8	219	149	1
19	209,166	0,0	214,153	2,0	218	149	1
20	45,57	0,0	52,80	0,2	224	149	1
21	250,238	2,0	297,250	0,0	252	149	1
22	2,27	8,0	21,20	0,0	202	149	0.525773263148
23	10,27	8,0	21,18	0,0	205	149	0.626548779688
24	16,12	0,2	23,15	0,0	211	149	1
25	6,10	4,2	29,18	2,5	191	149	0.699912951315
28	216,251	0,2	355,334	0,0	238	149	1
29	173,156	2,0	239,196	0,0	215	149	1
30	51,44	0,5	33,59	0,0	236	149	1
31	8,7	46,84	0,7	59,90	178	149	1
32	22,23	46,84	28,31	59,90	182	149	1
33	269,188	0,6	315,331	0,0	227	149	1
34	1186,1162	0,0	1246,1452	2,0	221	149	1
35	28,51	0,0	28,24	0,2	231	149	1
36	721,577	0,0	787,876	0,2	219	149	1
37	62,60	3,0	57,61	0,0	224	149	1
38	201,174	0,2	103,99	0,0	266	149	1
39	18,8	0,0	0,7	0,2	223	149	1
40	374,376	0,0	412,456	4,2	167	149	1
41	67,95	3,0	162,159	4,0	216	149	1
42	8,11	309,294	0,16	363,407	295	149	1
43	0,5	0,0	6,8	2,0	196	149	1
44	2,0	269,323	0,0	368,439	214	149	1
45	22,17	6,16	32,48	2,6	492	149	0.0120394847652
46	14,26	55,67	38,16	62,76	207	149	1
47	8,19	55,67	33,55	62,76	210	149	0.0596248757508
48	167,174	1,3	197,265	4,2	245	149	1
51	22,20	1,0	16,27	0,0	219	149	1
52	101,101	0,1	126,124	0,0	211	149	1
53	15,10	4,0	6,3	0,0	283	149	1
54	17,14	4,0	12,13	0,0	262	149	1
55	21,14	0,6	10,14	0,1	262	149	0.628179242034
56	22,2	0,6	7,0	0,1	219	149	0.0699053116775
57	20,8	10,8	13,0	4,3	219	149	0.649675445005
58	34,32	4,0	31,26	0,0	248	149	1
59	11,4	4,1	34,14	8,8	197	149	1
60	158,217	0,0	288,258	0,4	384	149	1
62	287,369	0,1	386,422	0,0	556	149	1
63	19,53	0,0	68,81	0,4	189	149	1
64	190,181	4,0	156,205	12,1	205	149	1
66	128,158	4,0	146,151	0,0	224	149	1
67	53,43	2,0	72,79	0,0	239	149	1
68	30,41	4,12	62,45	15,0	196	149	1
69	12,40	1,6	60,60	8,6	196	149	1
70	4,17	1,6	21,10	8,6	194	149	1
71	8,11	2,14	15,17	9,22	194	149	1
72	62,82	0,0	55,71	0,2	365	149	1
75	1319,1322	0,0	1824,2134	0,4	210	149	1
76	7228,7191	10,2	6828,7435	0,0	3718	149	1
78	29,19	0,0	45,32	1,8	273	149	0.558802742958
79	73,59	0,0	87,95	0,4	245	149	1
80	12,15	15,6	4,16	13,8	238	149	0.898249267809
81	103,90	0,0	152,168	0,2	260	149	1
82	12,14	2,0	25,20	0,6	210	149	1
84	16,18	0,0	32,16	0,2	206	149	1
86	4498,4284	0,0	5437,5896	0,2	1042	149	1
87	6,8	76,59	18,23	45,61	230	149	0.265520766926
88	71,66	34,29	77,86	10,12	230	149	0.00588458047684
89	51,55	0,0	58,64	0,2	201	149	1
90	143,103	8,2	184,128	1,0	191	149	1
91	8,32	2,0	39,59	0,0	285	149	1
92	0,0	2,0	0,4	0,0	212	149	1
94	112,125	4,12	133,198	2,12	190	149	1
95	68,29	0,2	67,58	0,0	232	149	1
96	54,57	0,2	67,43	0,2	263	149	1
97	119,129	0,2	189,188	0,0	278	149	1
98	99102,95454	6,0	118350,127452	2,3	299	149	1
99	155047,150089	6,0	189765,208366	2,3	284	149	1
100	128,112	2,2	168,157	0,6	367	149	1
101	84,77	0,0	79,107	2,0	234	149	1
104	0,3	6,0	2,5	2,2	220	149	0.56402610994
105	8,8	6,0	0,20	2,2	192	149	0.537235518708
106	0,8	10,4	0,12	8,2	192	149	1
107	53,23	2,0	36,49	6,2	195	149	1
109	53,50	6,0	29,37	0,2	255	149	1
110	11,14	2,0	29,36	0,0	240	149	1
112	1096,987	2,0	1202,1297	0,8	208	149	1
114	0,4	271,296	2,0	386,491	222	149	1
115	67,69	0,0	100,136	2,0	187	149	1
117	69,65	8,0	113,100	4,0	216	149	1
118	1404,1212	0,0	1492,1718	0,4	647	149	1
119	19,20	0,0	28,70	4,0	215	149	1
120	64,40	0,0	82,99	0,6	232	149	1
121	1196,1243	0,2	1714,1764	0,0	316	149	1
123	28,24	0,2	57,46	2,1	208	149	1
125	56,46	42,35	108,80	34,50	356	149	0.666253501934
126	0,4	0,0	0,0	6,0	230	149	1
129	88,89	0,11	119,106	0,0	211	149	1
130	10,10	0,0	32,14	3,2	263	149	0.554421478564
131	163,181	0,0	243,276	0,2	242	149	1
134	2,2	5,8	3,0	28,6	173	149	0.639773612101
137	17,27	0,0	60,53	2,10	210	149	1
138	86,67	0,0	101,86	0,2	207	149	1
140	16,8	14,6	14,14	13,22	185	149	0.92292848059
142	180,180	5,4	247,268	6,9	244	149	1
143	28,38	0,4	60,80	0,0	178	149	1
144	22,4	8,13	4,8	22,14	231	149	0.404044585771
145	590,604	0,0	804,772	0,2	768	149	1
146	657,670	0,0	900,871	0,2	810	149	1
147	125,104	2,0	138,211	0,2	277	149	1
148	24,56	10,0	38,74	2,0	237	149	0.773784042289
149	154,124	0,0	115,114	0,4	231	149	1
150	113,55	0,0	105,127	0,2	232	149	1
152	206,188	0,2	242,306	0,0	212	149	1
154	188,149	0,0	264,272	2,0	255	149	1
155	852,762	0,0	921,1019	0,2	221	149	1
156	196,190	2,0	283,242	0,0	221	149	1
160	0,0	6,0	18,6	2,6	229	149	1
161	516,448	0,0	612,732	0,4	201	149	1
163	10,6	6,13	6,10	2,0	268	149	0.0036390095319
165	78,97	0,0	60,143	0,1	184	149	1
166	40,39	68,111	50,60	142,98	155	149	1
167	44,58	0,0	63,53	0,2	368	149	1
168	3,10	0,2	15,6	0,2	211	149	1
170	2037,1999	6,0	2778,3331	6,0	231	149	1
172	73,84	4,0	69,113	0,0	226	149	1
173	76,87	0,8	79,77	6,4	238	149	1
174	150,159	0,8	164,179	6,4	247	149	1
175	71,62	0,2	79,98	0,0	176	149	1
176	149,163	0,0	219,146	4,0	219	149	1
177	343,370	0,0	516,481	4,0	216	149	1
178	43,66	0,6	82,81	0,2	208	149	1
179	55,39	0,2	48,77	0,0	382	149	1
180	6,0	0,2	0,2	0,2	209	149	1
181	518,513	0,2	581,643	0,0	219	149	1
182	4,0	83,57	4,0	53,43	276	149	1
183	183,110	0,2	134,207	0,0	196	149	1
185	17,56	0,0	47,28	12,0	191	149	0.775669010582
186	74,40	0,4	26,61	0,0	216	149	1
187	704,716	0,0	815,886	0,8	266	149	1
188	375,399	0,0	405,551	4,0	266	149	1
189	292,267	0,0	343,375	4,0	249	149	1
190	502,503	0,0	604,659	4,0	218	149	1
193	202,121	0,2	234,258	4,0	199	149	1
195	246,311	21,24	421,321	22,16	190	149	1
196	104,118	0,5	75,112	0,0	206	149	1
197	128,86	0,0	129,140	2,0	257	149	1
198	52,64	0,12	96,110	0,0	254	149	1
202	129,86	411,306	140,141	301,433	574	149	1
203	8,10	0,0	10,13	8,0	378	149	0.295013226913
206	20,0	0,0	20,14	2,0	194	149	1
207	2,8	4,6	4,1	0,6	215	149	0.795816465132
208	8,2	0,0	9,14	0,2	220	149	1
210	220,166	2,0	207,223	0,0	232	149	1
211	113,63	2,0	151,137	0,0	229	149	1
212	87,79	0,4	52,101	0,0	215	149	1
213	6,4	25,29	2,6	34,40	151	149	1
214	48,78	0,0	111,86	0,2	187	149	1
215	559,597	0,0	677,731	0,2	248	149	1
216	443,480	8,10	503,604	6,1	209	149	1
219	2,0	15,16	0,0	11,24	267	149	1
220	2,0	15,16	2,0	11,24	279	149	1
221	200,209	0,4	241,333	6,2	193	149	1
222	10,14	2,0	28,14	0,0	224	149	1
223	2,2	8,8	0,2	8,10	236	149	1
224	22,15	0,0	22,22	2,0	241	149	1
225	6,0	832,766	2,0	757,743	248	149	1
227	296,239	0,0	328,456	4,0	167	149	1
228	238,256	4,2	291,332	0,0	205	149	1
229	136,117	2,0	189,150	0,0	480	149	1
230	21,48	12,14	32,76	34,12	247	149	1
231	20,41	4,0	31,25	2,4	250	149	1
232	29,44	4,0	39,61	2,0	266	149	1
233	759,792	0,0	795,992	0,2	212	149	1
234	13,3	0,0	19,18	6,0	254	149	0.703516552047
236	235,264	0,2	292,356	0,0	224	149	1
237	64,70	0,0	50,40	0,4	300	149	1
238	3106,3300	0,8	3759,3831	0,0	265	149	1
239	116,109	0,0	96,160	0,2	284	149	1
240	791,742	8,0	958,1115	0,0	168	149	1
241	1136,1109	0,2	1281,1447	0,0	214	149	1
242	4,0	13,10	0,2	10,17	304	149	1
243	0,0	13,10	0,2	10,17	290	149	1
244	171,212	4,0	240,223	4,8	233	149	1
249	373,354	0,0	445,397	6,0	252	149	1
250	2,32	517,457	10,12	563,746	239	149	1
251	71,55	0,4	43,59	0,0	318	149	1
252	446,448	0,0	456,658	2,0	206	149	1
253	440,399	0,0	469,408	0,2	224	149	1
256	564,527	0,2	797,770	6,8	183	149	1
258	15,21	2,0	24,34	0,0	225	149	1
259	204,169	0,0	155,204	2,0	227	149	1
260	767,728	0,0	845,986	0,6	257	149	1
262	10,13	55,57	11,19	34,63	241	149	1
263	146,92	55,57	99,100	34,63	222	149	1
264	22,29	55,57	36,35	34,63	165	149	0.8161305557
265	4,20	0,0	13,8	0,4	191	149	1
266	4,2	0,0	6,6	0,4	216	149	0.637484795315
267	7246,7219	0,0	8886,10392	4,0	227	149	1
268	486,370	4,0	451,493	0,0	259	149	1
269	403,420	2,0	435,460	0,0	206	149	1
270	79,63	4,2	57,62	4,5	170	149	1
271	10,9	4,2	14,11	4,5	208	149	1
273	184,117	0,0	184,166	2,0	281	149	1
275	65,51	162,113	72,62	162,152	336	149	1
276	65,43	162,113	67,62	162,152	315	149	1
277	20,22	162,113	22,20	162,152	186	149	1
278	64,62	0,0	52,84	6,0	172	149	1
280	39,74	2,0	88,123	0,0	207	149	1
281	193,261	2,0	338,325	0,0	218	149	1
282	888,889	0,0	1297,1437	2,0	344	149	1
286	48,17	4,10	26,38	1,6	191	149	0.797671368732
287	69,49	175,157	116,84	251,169	201	149	1
288	181,212	175,157	304,284	251,169	214	149	1
289	132,162	9,8	179,187	2,8	214	149	1
290	2,11	2,6	6,8	0,0	171	149	0.00538237928879
291	45,28	6,0	54,48	2,0	182	149	1
292	143,93	0,0	191,169	2,0	272	149	1
293	217,202	2,4	226,274	3,0	259	149	1
294	91,103	0,2	133,141	0,0	510	149	1
295	357,322	0,2	396,442	0,0	231	149	1
297	202,159	12,13	256,256	10,2	185	149	1
298	2,0	0,4	0,0	2,0	218	149	1
299	143,115	2,0	102,187	4,2	264	149	1
300	697,592	26,6	695,633	15,9	406	149	1
302	2599,2253	3,0	2557,2921	4,2	197	149	1
303	0,5	14,24	2,2	19,6	197	149	1
304	9,12	0,0	14,6	0,2	266	149	1
305	42,33	0,0	40,84	4,4	259	149	1
307	9,12	115,140	10,2	127,127	327	149	1
308	5,12	115,140	7,7	127,127	403	149	1
309	4,2	115,140	0,2	127,127	229	149	1
310	0,0	0,4	0,2	0,0	178	149	1
311	4,8	8,22	3,2	16,15	389	149	1
312	149,154	2,2	311,234	0,2	189	149	1
314	70,52	4,0	82,64	0,0	208	149	1
315	58,92	6,2	72,53	3,0	230	149	1
316	73,63	2,0	78,62	0,0	228	149	1
317	8,7	148,173	16,12	185,218	210	149	1
319	130,102	0,0	149,173	1,0	215	149	1
320	76,107	68,55	81,109	89,44	232	149	1
321	34,69	68,55	31,75	89,44	271	149	1
322	14,18	0,11	14,9	19,20	223	149	0.0133376391921
323	283,246	2,0	152,206	0,0	250	149	1
324	300,219	2,0	144,182	0,0	247	149	1
325	12,6	0,0	21,20	0,2	214	149	1
326	0,6	18,18	11,14	18,16	198	149	0.0347220692361
327	0,6	14,18	11,14	8,6	198	149	0.000393388302239
328	969,835	2,0	1033,1260	0,0	234	149	1
329	20,14	92,122	24,21	105,119	209	149	1
330	103,136	0,0	104,101	0,1	218	149	1
331	37,18	24,14	28,25	42,48	213	149	0.0917400809786
333	4,19	16,18	5,10	32,24	228	149	0.722590445693
336	88,78	0,0	114,54	0,4	227	149	1
337	951,913	38,6	1201,1294	4,23	167	149	1
338	50,84	1,0	82,74	0,0	204	149	1
339	2,2	132,122	4,2	133,160	216	149	1
340	82,91	170,179	143,115	220,218	406	149	1
341	24,18	31,69	28,10	18,33	206	149	1
343	5103,4983	0,0	6770,7161	2,0	272	149	1
344	2375,2367	0,0	2948,3261	2,0	308	149	1
347	30413,28971	0,2	35829,38599	0,4	879	149	1
348	197,147	0,1	207,296	2,0	264	149	1
349	37,39	33,25	100,72	24,15	198	149	0.00362237156787
350	150,175	29,29	279,190	73,65	339	149	0.712314892985
351	61,79	6,0	76,124	0,0	206	149	1
352	26,43	4,2	28,66	4,6	266	149	1
353	45,61	4,2	50,90	4,6	224	149	1
354	58,33	0,0	80,88	4,0	187	149	1
355	48,48	0,3	57,64	3,4	206	149	1
356	690,766	2,0	944,1148	0,0	267	149	1
359	8,7	2,0	25,30	4,0	288	149	1
360	14,20	2,0	10,16	4,0	593	149	0.440160145528
361	18,13	2,0	39,75	4,0	254	149	1
362	16,16	2,0	18,55	4,0	311	149	1
363	24,26	2,0	24,63	4,0	559	149	1
364	2,4	2,4	2,0	0,0	299	149	1
365	46,64	0,6	97,60	0,0	253	149	1
366	0,0	2,0	0,1	4,9	288	149	1
370	14,48	0,2	22,42	0,0	286	149	1
371	66,46	0,0	39,51	0,10	300	149	0.702366274118
372	22,10	4,0	28,23	0,0	238	149	1
373	2,4	14,26	16,0	26,18	400	149	1
374	0,0	8,2	0,2	8,2	228	149	1
375	624,747	2,0	646,800	2,0	1081	149	1
377	271,210	0,2	300,321	0,0	204	149	1
378	8,14	2,0	9,16	0,0	219	149	1
379	70,51	6,0	97,117	0,0	290	149	1
380	392,385	0,0	423,407	0,2	218	149	1
381	2,1	0,0	0,6	2,0	231	149	0.605836913109
382	2,0	0,0	0,6	2,0	238	149	1
383	2,0	0,2	2,4	0,0	181	149	0.942327461974
384	80,73	4,2	77,123	0,0	174	149	1
388	6,10	0,0	2,9	2,0	275	149	1
389	194,183	0,0	257,295	2,0	216	149	1
390	59,34	214,215	29,50	253,296	326	149	1
391	1354,1332	0,0	1358,1527	2,0	1251	149	1
392	1338,1326	0,0	1383,1521	2,0	1240	149	1
393	1493,1505	0,0	1573,1756	2,0	970	149	1
394	451,469	2,0	620,722	6,2	1227	149	1
395	218,159	0,0	199,182	0,1	356	149	1
396	33,14	51,57	29,24	65,78	231	149	1
397	35,19	40,46	19,15	88,70	231	149	0.217476201
399	106,91	0,0	140,128	2,0	257	149	1
402	450,508	2,0	506,568	0,0	227	149	1
403	90,111	0,1	92,122	2,0	206	149	1
407	472,421	0,0	527,542	6,0	236	149	1
409	6,6	0,2	6,12	0,0	212	149	1
410	8,4	0,2	16,12	0,0	212	149	1
411	0,2	0,0	4,8	10,0	259	149	1
412	0,2	20,4	12,8	9,52	259	149	0.251935500343
413	8,6	20,4	8,15	9,52	452	149	1
414	0,4	20,4	14,3	9,52	190	149	0.886725003442
415	0,4	0,0	6,3	10,0	190	149	1
417	14,7	0,0	20,21	0,2	232	149	1
418	22,34	0,0	43,49	0,2	346	149	1
419	96,82	0,0	111,114	0,2	201	149	1
420	119,123	0,0	149,134	0,2	315	149	1
421	95,111	2,4	182,193	4,14	177	149	1
422	7,4	2,0	12,16	6,8	268	149	0.0660014305485
423	158,165	2,0	189,246	0,0	159	149	1
424	84,101	0,0	116,143	1,4	213	149	1
425	1088,1108	0,0	1729,1743	2,0	187	149	1
427	1374,1203	2,4	1609,1624	6,4	2280	149	1
428	99,118	0,0	110,93	2,0	260	149	1
430	119,99	47,85	175,168	94,91	960	149	1
431	59,69	2,0	88,74	0,2	290	149	1
432	49,36	3,4	67,57	0,4	220	149	1
433	52,46	0,0	79,49	0,2	340	149	1
434	82,72	0,0	118,84	0,2	446	149	1
437	162,125	6,0	249,258	0,0	196	149	1
438	138,84	0,2	127,124	0,4	234	149	1
440	10,18	2,0	22,17	0,0	228	149	1
442	87,66	0,0	77,71	0,2	247	149	1
443	12,2	4,2	8,14	4,9	198	149	1
444	182,179	4,2	295,250	4,9	218	149	1
445	6470,6270	0,0	9052,9867	8,0	173	149	1
447	125,126	0,0	128,150	6,0	204	149	1
449	493,506	6,0	574,633	2,8	190	149	1
450	37,24	18,9	71,52	45,39	223	149	0.841089916135
451	79,110	0,0	88,108	6,0	218	149	1
452	95,89	274,305	155,116	320,456	475	149	1
453	74,44	26,39	72,116	34,65	273	149	1
454	124,107	93,60	168,208	95,58	273	149	0.696656365894
455	111,116	93,60	205,221	95,58	284	149	0.334792082518
458	384,277	2,4	394,492	0,2	239	149	1
459	270,315	2,0	356,359	0,0	253	149	1
461	258,168	0,0	217,258	0,6	215	149	1
462	151,180	0,0	206,267	4,0	299	149	1
463	6,0	11,12	0,4	8,23	308	149	1
464	2,0	33,45	2,0	40,55	308	149	1
465	4,15	72,69	8,16	104,89	191	149	1
466	685,676	2,0	942,927	0,0	252	149	1
467	286,290	12,10	593,659	4,4	212	149	1
468	168,193	2,0	347,527	0,0	239	149	1
471	658,632	0,0	911,1040	0,4	223	149	1
473	10,13	4,6	4,35	14,4	271	149	1
475	126,174	0,0	277,279	0,2	362	149	1
477	24,25	0,11	29,45	10,2	299	149	1
478	16,21	2,6	26,35	0,4	223	149	0.422239659789
479	44,48	0,0	89,109	2,2	356	149	1
480	512,409	0,0	646,513	2,0	264	149	1
481	2,0	54,36	0,0	53,104	179	149	1
484	53,51	0,2	26,42	2,0	171	149	1
485	2,25	6,2	12,10	6,14	299	149	0.796388190007
486	2,0	0,2	2,2	0,0	230	149	0.225235742217
492	127,105	0,0	159,198	4,0	224	149	1
493	46,36	0,6	28,17	0,0	203	149	1
494	104,145	0,6	106,174	0,0	326	149	1
496	72,67	0,1	73,101	0,0	172	149	1
497	22,16	0,1	11,53	0,0	245	149	1
498	4,4	956,961	10,14	1142,1271	210	149	1
499	291,272	4,0	376,437	0,0	359	149	1
500	49,66	12,33	44,58	14,20	273	149	1
501	42,16	0,9	62,58	10,0	237	149	1
503	507,431	0,6	547,673	0,0	215	149	1
504	120,174	2,0	147,136	0,4	185	149	1
505	4,0	46,22	11,2	58,74	285	149	1
506	112,90	4,0	161,204	14,8	637	149	0.304319864195
507	103,129	0,0	91,121	2,0	333	149	1
508	240,178	2,0	322,387	0,1	225	149	1
509	251,163	2,0	337,337	0,0	237	149	1
511	14,18	0,4	6,10	2,2	215	149	0.669583888795
512	172,144	0,2	231,230	0,0	219	149	1
513	111,81	2,0	117,140	2,6	293	149	1
514	72,51	2,0	62,73	2,6	516	149	0.627263901611
515	1065,888	0,8	1006,1257	2,5	2482	149	1
516	1917,1885	24,11	2090,2370	9,16	207	149	1
517	1078,940	4,2	1329,1392	0,9	196	149	1
518	0,2	89,32	5,12	54,93	210	149	1
519	155,179	0,0	314,285	0,2	268	149	1
521	43,45	0,2	30,68	0,1	169	149	1
522	85,63	0,0	50,100	2,2	202	149	1
523	2,2	0,2	17,14	0,0	225	149	1
524	15,3	2,0	9,10	0,0	225	149	1
526	96,108	0,2	91,187	0,0	281	149	1
527	58,68	0,2	78,87	0,0	278	149	1
529	76,51	0,1	63,75	0,0	208	149	1
530	50,43	0,0	24,62	0,2	276	149	1
531	9,12	0,0	24,26	0,4	225	149	1
532	340,388	0,0	474,638	0,1	265	149	1
533	49,73	0,0	83,106	2,0	247	149	1
534	0,2	0,2	0,4	0,0	191	149	1
536	81,73	0,6	86,73	2,0	220	149	1
537	6,8	0,2	4,8	0,0	299	149	1
538	2793,2792	14,0	3501,3796	0,2	233	149	1
539	87,113	46,18	111,78	34,19	215	149	1
540	21,21	46,18	27,31	34,19	188	149	0.869616712747
541	163,156	0,2	192,132	0,0	242	149	1
543	19,38	2,8	44,38	4,6	202	149	1
544	1663,1710	6,0	1947,1980	0,0	267	149	1
545	13,4	0,0	10,6	2,0	609	149	1
546	19,25	0,0	22,43	2,0	175	149	1
547	50,61	0,0	68,84	2,0	383	149	1
548	27,20	0,0	12,35	2,0	275	149	1
550	24,17	0,2	17,21	0,0	266	149	1
551	30,35	0,2	36,24	0,1	191	149	1
552	60,48	0,0	34,100	0,6	263	149	1
553	276,228	0,0	227,231	0,2	204	149	1
554	167,140	0,0	142,140	0,2	227	149	1
555	30,44	0,6	26,22	0,2	222	149	1
556	17418,16564	4,0	19756,21950	6,0	371	149	1
557	0,4	524,536	4,2	627,800	251	149	1
558	75,62	2,0	63,101	4,0	204	149	1
560	72,94	0,0	82,126	0,2	230	149	1
562	76,123	0,2	116,106	0,2	206	149	1
563	221,150	14,14	201,351	7,24	228	149	1
564	89,64	2,0	122,143	0,0	250	149	1
565	31,36	2,0	78,50	0,0	420	149	1
566	0,0	58,28	2,0	47,95	208	149	1
567	61,20	0,0	50,52	2,0	270	149	1
568	50,83	0,4	81,142	0,0	229	149	1
569	0,0	44,60	0,6	45,88	248	149	1
570	230,172	0,0	197,307	2,0	257	149	1
571	221,196	0,0	260,322	0,2	224	149	1
572	5,0	26,54	4,0	55,87	221	149	1
573	4,6	94,124	9,16	83,99	288	149	1
574	57,29	0,0	33,23	1,0	256	149	1
577	1067,1085	4,2	571,574	0,2	232	149	1
578	6,0	77,65	2,0	110,100	223	149	1
579	106,89	2,0	127,178	2,0	255	149	1
580	10,4	0,0	11,22	0,4	237	149	1
581	8,1	11,20	8,26	14,43	227	149	0.559698063698
582	2,2	6,1	2,0	8,24	195	149	0.399703165851
583	2,5	6,18	18,12	14,9	219	149	0.017503546531
584	121,65	0,0	90,92	2,0	208	149	1
586	44,40	8,8	41,30	0,16	203	149	1
587	8,2	8,8	2,6	0,16	167	149	0.604673902025
588	586,559	0,0	872,744	1,0	907	149	1
589	579,551	0,0	880,751	1,0	902	149	1
591	20,32	0,0	32,34	0,4	217	149	1
592	609,508	0,2	687,717	0,0	1834	149	1
593	0,0	2,4	0,3	0,11	200	149	1
594	4,4	43,22	8,2	38,20	329	149	1
595	748,734	1,0	887,888	0,0	271	149	1
596	269,260	0,0	296,401	6,0	177	149	1
597	45,82	4,6	32,37	4,4	249	149	1
598	21,28	0,6	37,2	0,2	227	149	1
599	970,1003	0,0	992,1052	0,1	2869	149	1
600	963,997	0,0	994,1038	0,1	2885	149	1
601	87,79	0,0	71,93	4,0	203	149	1
603	14,20	1,0	24,19	0,0	320	149	1
604	64,66	6,0	31,63	2,2	201	149	1
605	414,388	2,0	412,591	2,0	288	149	1
606	765,713	2,0	851,1037	2,0	307	149	1
608	57,50	2,0	55,75	0,0	205	149	1
609	12,16	4,0	12,20	0,0	225	149	1
610	6,0	52,64	2,2	56,41	185	149	1
611	54,93	0,2	127,124	2,0	242	149	1
612	2,0	5,4	8,0	0,4	188	149	0.241643091255
613	2,2	14,34	0,0	17,25	198	149	1
615	60,94	0,0	115,113	0,2	241	149	1
617	25,41	0,0	35,48	8,0	232	149	1
619	1554,1396	0,0	1399,1689	6,0	1673	149	1
620	548,592	4,8	744,929	0,0	209	149	1
621	164,220	4,8	267,331	0,0	211	149	1
622	1976,2122	2,0	2251,2545	2,0	191	149	1
623	126,139	0,0	189,139	6,0	271	149	1
624	66,102	0,6	128,103	0,0	248	149	1
625	38,38	0,0	30,67	2,0	376	149	1
628	546,565	0,4	588,648	0,0	397	149	1
629	10,20	0,0	25,44	0,4	241	149	1
630	1737,1905	8,0	2409,2418	0,2	206	149	1
631	56,70	0,0	88,132	2,0	218	149	1
632	2,0	32,68	2,0	93,88	260	149	1
633	51,40	2,6	62,53	0,0	281	149	0.858500398995
634	0,6	18,4	6,0	7,20	204	149	1
635	4,6	18,4	5,6	7,20	209	149	1
636	0,0	70,41	2,1	51,90	185	149	1
637	111,141	0,0	144,165	0,2	248	149	1
638	40,57	0,0	49,55	0,2	241	149	1
643	1699,1419	0,2	1685,2001	0,0	242	149	1
644	1682,1545	0,0	1893,2412	2,6	344	149	1
646	169,96	0,6	111,101	0,0	235	149	1
648	162,135	4,0	229,212	0,4	228	149	1
649	46,53	0,1	44,51	0,0	272	149	1
650	13,10	0,0	14,42	4,2	243	149	0.828947808772
651	921,997	1,0	1214,1270	0,0	245	149	1
652	0,4	15,14	0,0	8,7	186	149	1
654	470,497	2,0	442,565	0,0	256	149	1
656	36,15	4,4	67,63	0,0	200	149	0.495991321172
657	22,31	0,2	44,57	0,0	158	149	1
658	6,12	0,2	0,24	0,0	281	149	1
659	2,2	0,2	0,4	0,0	244	149	1
660	212,255	0,2	202,242	4,0	295	149	1
661	125,164	0,2	123,114	4,0	258	149	1
662	383,421	0,0	527,650	0,4	182	149	1
663	529,417	0,4	636,660	0,0	215	149	1
664	135,116	0,2	135,167	0,0	282	149	1
666	47,41	4,0	10,32	0,6	357	149	0.749763564619
667	57,45	4,0	18,43	0,6	377	149	1
668	49,41	4,0	18,41	0,6	402	149	1
669	16,20	2,0	22,16	0,0	300	149	1
670	6,12	3,8	3,14	4,4	190	149	1
671	4,12	35,49	3,2	40,50	190	149	1
672	267,293	0,0	299,360	2,0	203	149	1
674	230,169	6,0	252,291	6,13	216	149	1
675	293,264	0,0	314,331	0,2	251	149	1
676	3,24	36,15	20,33	36,32	276	149	0.92622835631
677	4,11	0,8	8,14	0,4	187	149	0.784906163482
678	110,95	2,0	172,138	0,0	323	149	1
679	6,2	27,14	10,8	21,18	193	149	0.586241802014
680	4,2	0,8	16,16	0,0	193	149	0.293637470551
682	1416,1290	0,0	1428,1711	0,6	200	149	1
683	188,286	4,6	237,280	2,4	259	149	1
684	2476,2187	12,2	2518,3024	2,0	310	149	1
685	69,71	0,0	69,102	2,0	292	149	1
686	34,35	12,2	46,57	2,11	245	149	1
687	47,26	0,0	30,26	2,0	320	149	1
688	77,35	0,0	37,40	2,0	303	149	1
689	321,384	0,2	320,372	0,0	255	149	1
690	72,67	0,8	108,138	6,0	226	149	1
692	5,5	26,49	6,8	69,45	195	149	1
693	115,148	2,0	147,146	0,0	440	149	1
694	2,0	2,8	20,12	4,12	292	149	0.00338740292991
695	0,0	2,8	19,4	4,12	216	149	0.0103153362703
697	12,25	2,0	16,27	0,0	225	149	1
698	4,4	0,0	0,0	1,0	255	149	1
699	1811,1896	0,0	2379,2526	2,0	194	149	1
700	6,2	2,0	2,2	0,0	218	149	1
701	133,147	0,0	147,176	6,0	203	149	1
702	80,91	0,0	129,139	2,0	293	149	1
703	186,166	15,10	248,292	10,7	176	149	1
704	440,337	0,0	529,529	2,2	227	149	1
705	13,30	51,94	43,27	116,88	191	149	1
706	59,67	0,2	32,40	0,0	222	149	1
707	73,54	0,0	80,70	4,0	234	149	1
709	16,19	2,0	13,26	6,2	214	149	0.21178715897
710	43,32	2,0	40,50	6,2	203	149	1
712	136,137	0,0	176,179	8,0	176	149	1
714	311,398	0,0	368,451	4,0	211	149	1
715	6,2	691,638	4,0	545,699	248	149	1
716	860,893	4,0	1042,1142	0,2	198	149	1
717	50,53	2,0	52,86	6,1	189	149	1
718	43,31	2,0	38,58	0,0	195	149	1
719	26,26	0,0	24,55	4,0	344	149	1
720	6,6	47,41	4,8	48,38	235	149	1
721	178,108	2,0	193,194	0,0	233	149	1
722	20,24	120,184	29,33	123,175	206	149	1
723	9,9	13,10	8,20	21,6	287	149	1
724	300,284	0,0	331,382	0,2	226	149	1
725	209,241	0,0	310,341	0,2	257	149	1
726	0,0	3,0	2,0	0,0	206	149	1
727	3,0	0,2	0,2	2,2	258	149	1
728	6982,6914	0,0	9004,8928	0,1	621	149	1
729	9107,8874	0,0	11507,11630	0,1	617	149	1
730	196,230	1,0	288,268	0,0	233	149	1
731	143,103	16,5	132,154	29,46	195	149	0.0921098542366
732	428,524	0,6	559,594	0,0	244	149	1
733	790,760	0,0	1054,1077	4,0	218	149	1
734	0,2	0,2	2,0	0,0	249	149	1
737	19,16	0,2	5,0	0,0	305	149	1
738	105,75	0,0	133,125	1,0	203	149	1
739	762,801	0,0	894,876	6,0	233	149	1
740	30,26	2,0	35,75	0,0	231	149	1
741	973,961	2,0	1223,1375	0,4	224	149	1
742	50,44	0,0	30,43	0,2	203	149	1
743	106,110	0,8	171,130	0,0	230	149	1
744	28,68	0,0	77,61	0,2	228	149	1
747	1244,1193	2,2	1497,1584	0,0	187	149	1
748	1902,1710	36,27	2413,2691	26,35	236	149	1
750	60,68	4,1	110,102	0,0	213	149	1
752	159,149	6,6	207,147	0,0	195	149	1
753	117,85	26,2	224,149	6,0	188	149	0.847853204883
754	319,300	0,2	376,362	0,0	350	149	1
756	144,134	0,0	151,203	0,2	230	149	1
757	7,8	4,12	10,14	4,4	221	149	0.157128670817
758	7,8	10,18	12,14	23,25	221	149	1
759	185,222	0,0	199,220	0,2	171	149	1
760	248,203	0,2	323,359	0,0	197	149	1
761	63,52	0,0	94,114	4,0	269	149	1
762	743,588	0,4	922,889	0,0	266	149	1
763	10,10	68,31	23,18	48,30	256	149	0.488851737347
764	8,12	68,31	19,16	48,30	213	149	0.785274021329
765	0,2	68,31	0,0	48,30	239	149	1
766	0,8	68,31	4,8	48,30	655	149	1
767	4,6	68,31	19,16	48,30	199	149	0.0546051797978
769	24,15	0,0	34,41	0,4	168	149	1
770	359,323	2,0	276,412	0,2	229	149	1
773	54,20	2,0	68,53	0,6	226	149	1
774	156,113	0,0	200,248	0,2	200	149	1
779	272,329	4,0	248,238	0,0	198	149	1
780	14,6	14,18	6,15	18,21	195	149	1
781	38,25	14,18	13,29	18,21	175	149	0.542903671102
782	90,60	2,0	82,91	8,6	294	149	0.68142246753
783	119,86	2,0	116,117	8,6	268	149	1
784	44,34	2,0	46,49	8,6	173	149	0.530814420911
785	135,157	0,2	170,200	0,0	279	149	1
786	2,6	0,0	0,6	0,6	201	149	1
787	63,30	0,0	80,56	0,2	211	149	1
788	4,0	0,0	0,0	0,4	153	149	1
789	32,24	0,2	28,34	0,0	234	149	1
791	188,144	0,4	173,252	0,0	203	149	1
792	68,61	0,0	76,84	0,8	239	149	1
793	69,70	0,0	95,92	6,2	308	149	1
794	83,63	0,0	91,72	0,6	373	149	1
795	24,24	4,0	50,34	6,2	237	149	1
796	2056,1741	0,5	2153,2249	4,0	326	149	1
798	6,6	20,9	8,0	13,5	278	149	1
800	30,15	0,0	26,41	2,0	193	149	1
801	39,56	0,0	50,86	2,0	276	149	1
802	148,138	0,4	195,171	2,0	237	149	1
803	546,584	0,2	694,726	0,2	276	149	1
804	272,275	0,2	353,333	0,2	264	149	1
806	22,45	2,0	24,41	0,0	265	149	1
807	36,29	0,0	45,28	2,2	260	149	1
808	963,773	0,0	1284,1495	2,0	269	149	1
809	663,572	0,0	910,1030	2,0	233	149	1
810	18,12	0,0	18,20	0,4	235	149	1
811	208,169	4,0	167,231	2,0	200	149	1
812	20,8	69,62	18,24	57,61	231	149	1
813	11,4	0,2	18,42	0,0	320	149	1
814	9,4	0,2	12,14	0,0	234	149	1
815	85,64	2,0	84,111	0,0	256	149	1
817	131,87	0,0	171,184	2,3	216	149	1
818	104,115	2,0	131,148	0,0	226	149	1
819	2,6	32,32	4,2	28,57	170	149	1
820	176,265	9,6	246,255	8,8	178	149	1
821	399,404	0,4	436,543	0,0	275	149	1
822	55,43	2,6	84,121	2,2	192	149	1
823	1,2	0,2	8,6	0,0	194	149	1
824	0,2	0,2	22,6	0,0	401	149	1
825	4,2	0,2	24,8	0,0	603	149	0.573350284107
826	0,4	4,8	4,2	2,14	235	149	1
827	0,4	4,8	0,2	2,14	236	149	1
829	8,8	1,2	8,16	0,0	201	149	0.643921063477
830	4,0	0,0	10,2	6,0	201	149	1
833	42,30	0,0	40,44	1,0	226	149	1
834	315,281	2,2	524,517	2,8	239	149	1
835	28,20	2,0	21,37	2,2	177	149	1
836	201,157	0,2	147,206	0,0	239	149	1
837	190,195	8,2	180,261	10,5	214	149	1
839	2057,2011	0,0	1940,2105	0,2	179	149	1
840	43,33	0,2	35,52	0,0	187	149	1
841	2,6	0,2	2,3	0,0	255	149	1
842	74,84	2,0	63,77	0,2	213	149	1
843	494,512	0,4	560,497	0,0	354	149	1
844	578,610	6,8	630,601	7,9	354	149	1
845	36,36	6,8	34,33	7,9	299	149	1
846	55,40	103,106	54,57	90,128	299	149	1
847	169,148	0,0	155,206	4,0	193	149	1
848	47,37	0,0	47,59	2,0	219	149	1
849	56,49	0,4	55,54	0,0	218	149	1
850	19,22	0,6	4,49	0,0	212	149	1
851	88,107	0,0	55,85	0,4	258	149	1
852	7,4	60,57	15,8	92,62	623	149	1
853	36,65	0,2	68,73	0,0	319	149	1
854	55,30	0,4	77,63	8,2	215	149	1
855	4,4	22,21	8,4	22,33	257	149	1
856	1595,1541	0,12	2054,2224	0,2	234	149	1
857	6,3	14,2	18,19	6,37	612	149	1
858	280,290	0,0	447,410	4,0	234	149	1
859	12,32	3,0	30,37	0,2	218	149	1
860	110,25	2,2	44,39	0,0	191	149	1
862	45,32	2,0	51,80	0,0	240	149	1
863	38,52	0,6	119,90	0,0	221	149	1
864	5,2	0,2	6,4	0,0	209	149	1
865	5,0	36,6	1,1	22,37	236	149	1
866	1057,944	8,4	1221,1331	14,5	182	149	1
868	39,29	0,0	14,23	2,0	212	149	1
869	36,35	0,0	42,58	0,2	237	149	1
870	2,7	4,2	12,4	9,0	210	149	0.647388277075
871	217,194	0,0	348,283	2,4	232	149	1
872	226,178	0,0	206,198	2,0	747	149	1
873	248,302	0,0	342,354	0,2	177	149	1
874	109,149	0,0	183,171	0,11	252	149	1
875	48,56	0,2	52,40	0,0	227	149	1
882	26,30	29,33	91,110	39,30	215	149	0.00300615282124
883	42,34	2,0	45,42	0,0	254	149	1
884	16,25	2,0	20,17	0,0	227	149	1
887	4,2	2,8	0,0	0,6	224	149	1
888	2,0	0,0	2,0	2,8	228	149	1
889	2,2	0,2	4,12	0,0	206	149	1
890	17,40	0,0	16,49	2,0	275	149	1
891	4,2	4,0	8,2	2,6	194	149	0.617341832037
892	24,0	2,8	19,21	4,0	508	149	0.0432107910022
893	28,24	4,8	23,35	8,9	508	149	1
894	10,0	2,8	7,10	4,0	271	149	0.0740361192746
895	14,24	4,8	11,24	8,9	271	149	0.88150168883
896	6,2	0,0	5,6	2,2	271	149	0.1134603452
897	10,26	6,4	9,20	0,0	271	149	0.0113932395796
898	4,8	4,8	4,12	8,9	197	149	1
899	44,48	0,0	25,59	0,2	222	149	1
900	14,14	43,54	6,11	42,66	248	149	1
901	547,569	0,0	863,718	4,2	207	149	1
902	264,336	0,0	405,368	0,2	242	149	1
904	117,95	2,5	74,141	4,0	227	149	1
905	1277,1160	0,0	2418,2583	2,0	199	149	1
908	72,53	0,0	110,119	0,2	205	149	1
909	56,30	2,0	43,55	0,0	240	149	1
911	35,36	0,0	30,55	1,0	219	149	1
912	92,106	0,0	163,106	6,0	216	149	1
916	220,283	0,0	366,442	0,4	227	149	1
917	285,272	0,2	499,540	0,0	236	149	1
918	6,10	110,138	10,2	192,143	182	149	1
919	658,603	4,0	775,901	0,0	264	149	1
921	254,248	0,0	382,421	2,0	316	149	1
922	26,30	2,2	43,68	4,9	442	149	1
923	136,152	0,0	234,212	2,0	292	149	1
924	47,53	0,2	80,43	0,0	255	149	1
925	48,73	0,2	83,55	0,0	542	149	1
926	48,75	0,2	83,55	0,0	545	149	1
927	4,11	11,8	14,14	23,0	172	149	0.225014427015
928	19,19	11,8	22,30	23,0	175	149	0.546832086086
929	2714,2830	0,0	4208,4793	0,4	236	149	1
930	18,27	0,4	51,34	0,0	415	149	1
931	0,0	58,75	2,18	77,58	329	149	1
932	49,75	2,0	95,96	8,2	304	149	1
933	26,45	2,0	63,72	8,2	262	149	1
934	516,502	2,6	483,513	0,0	808	149	1
935	425,501	0,0	600,672	0,4	284	149	1
936	69,43	0,2	104,97	0,0	202	149	1
937	440,560	2,0	707,807	0,0	267	149	1
938	701,608	0,0	603,806	0,4	363	149	1
939	610,536	0,0	516,702	0,4	191	149	1
940	18,38	0,0	38,52	0,2	198	149	1
941	26,18	10,0	7,8	14,6	201	149	0.00927725427967
942	75,31	0,2	62,108	0,0	250	149	1
943	4,8	25,16	4,22	42,24	204	149	1
944	38,50	0,0	42,88	2,0	207	149	1
945	22,10	0,2	8,12	2,2	306	149	0.329109566581
946	2,2	200,239	0,0	243,275	347	149	1
947	421,482	14,0	576,602	0,8	212	149	1
951	1737,1553	1,0	2303,2553	0,0	199	149	1
952	856,884	2,0	1225,1228	0,0	212	149	1
954	61,28	2,0	22,34	0,0	187	149	1
956	237,209	6,6	253,350	13,10	224	149	1
957	37,42	0,4	36,23	0,0	191	149	1
958	26,18	2,2	9,19	0,4	201	149	1
960	78,89	0,0	86,90	2,0	263	149	1
961	54,53	0,6	60,97	14,12	230	149	0.40916357031
962	454,449	0,0	427,483	0,10	229	149	1
963	28,11	0,4	38,59	0,0	324	149	1
964	92,103	0,2	162,122	0,0	192	149	1
965	109,78	2,4	126,129	2,2	263	149	1
966	206,194	10,0	224,309	0,4	297	149	1
968	5,6	2,4	4,17	2,2	240	149	0.344076112853
969	0,0	1,8	1,2	2,20	236	149	1
970	16,20	33,39	6,3	48,72	199	149	0.00420432550123
971	135,128	0,1	143,160	0,0	218	149	1
972	16,22	4,0	20,32	0,0	182	149	1
973	40,42	0,2	82,73	0,0	233	149	1
974	304,383	0,0	375,455	2,8	276	149	1
976	57,75	4,2	45,85	0,0	214	149	1
977	15,42	4,9	32,46	0,0	215	149	0.0197197830498
979	481,590	0,0	639,690	10,0	197	149	1
980	6,0	27,19	12,5	6,25	180	149	0.198208602248
982	128,108	0,0	166,171	6,0	209	149	1
983	14,14	10,27	12,20	26,26	374	149	1
984	28,19	10,27	16,45	26,26	359	149	1
985	3,11	66,77	17,9	54,55	185	149	1
986	1,0	11,20	2,4	7,20	227	149	1
989	715,655	0,0	651,810	0,8	261	149	1
991	1545,1388	0,2	1701,1926	0,0	326	149	1
992	55,48	0,4	35,37	4,2	625	149	0.790123069515
993	55,48	0,4	35,39	4,2	605	149	0.842318270391
994	36,18	0,4	13,17	4,2	386	149	0.482724719117
996	0,0	30,14	0,2	38,30	222	149	1
997	1101,1092	0,0	1421,1727	0,2	215	149	1
998	15,20	1,0	40,13	0,0	183	149	1
999	59,73	0,2	99,101	8,0	217	149	1
1001	113,89	8,11	138,120	13,16	324	149	1
1003	12,14	0,0	20,16	0,2	217	149	1
1004	14,16	18,13	13,29	6,12	174	149	0.196678815029
1005	0,8	18,13	0,21	6,12	201	149	0.850793853051
1006	14,18	18,13	44,33	6,12	162	149	0.0165465828407
1007	8,4	18,13	6,6	6,12	189	149	0.904467411867
1008	87,65	0,4	91,136	0,0	234	149	1
1009	9,29	0,0	30,52	0,2	193	149	1
1010	76,79	0,2	104,123	0,0	312	149	1
1011	173,161	0,0	189,187	2,2	222	149	1
1012	8,14	357,362	10,2	431,431	315	149	1
1013	21,4	2,11	34,40	11,7	189	149	0.73685345233
1014	28,36	2,9	46,40	0,10	214	149	1
1015	18,60	2,9	51,82	0,10	241	149	1
1016	54,79	0,0	70,93	0,4	262	149	1
1021	1206,1229	2,0	1459,1617	0,0	242	149	1
1022	809,756	0,2	1016,1074	0,0	204	149	1
1023	285,300	2,0	311,456	2,0	230	149	1
1024	2400,2219	0,0	3178,3383	2,0	200	149	1
1025	1091,1066	0,0	1421,1528	12,2	200	149	1
1026	75,132	0,0	138,128	0,2	213	149	1
1027	21,14	0,0	43,50	2,0	193	149	1
1028	16,20	0,0	48,19	2,0	196	149	1
1029	67,73	94,122	70,99	95,146	165	149	1
1030	110,107	0,0	125,101	0,2	247	149	1
1031	2,0	161,206	4,3	275,246	192	149	1
1033	110,144	10,6	180,154	4,0	232	149	1
1034	145,139	4,8	114,117	14,13	397	149	0.402000813152
1035	0,23	6,0	26,14	0,2	187	149	0.342917893253
1037	628,610	234,181	782,969	316,351	265	149	1
1038	0,0	1,2	0,2	2,2	197	149	1
1039	69,77	2,6	114,74	0,2	255	149	1
1040	4,4	2,0	6,14	0,0	213	149	1
1041	285,369	0,4	422,467	0,2	190	149	1
1042	50,73	0,2	86,67	2,0	273	149	1
1043	1621,1622	4,7	1918,2005	14,9	327	149	1
1044	1220,1296	4,7	1262,1450	14,9	324	149	1
1045	8,6	1408,1263	9,7	1929,1888	216	149	1
1047	54,68	4,0	57,97	2,2	279	149	1
1048	23,13	4,4	14,34	6,8	311	149	1
1049	23,13	4,4	14,34	6,8	324	149	1
1052	65,94	6,0	124,129	0,0	215	149	1
1054	38,38	14,10	50,51	24,25	207	149	0.965416379094
1055	67,87	0,6	70,116	2,2	154	149	1
1056	149,212	0,0	254,192	2,0	215	149	1
1058	0,0	143,95	4,2	167,101	251	149	1
1059	6,10	473,359	8,4	471,451	327	149	1
1061	0,4	864,824	4,0	1011,1054	275	149	1
1063	4,4	570,643	4,0	780,805	290	149	1
1064	293,276	2,0	354,450	0,0	203	149	1
1067	41,28	0,2	55,58	0,2	176	149	1
1068	44,91	0,0	62,116	0,2	192	149	1
1069	41,26	0,2	82,75	8,0	238	149	1
1070	49,41	0,2	99,78	2,2	351	149	1
1071	8,10	0,2	7,30	0,0	174	149	1
1072	78,39	0,2	77,106	0,0	194	149	1
1073	14,24	0,2	46,28	0,0	172	149	1
1074	0,4	24,23	0,10	58,34	359	149	1
1075	0,2	24,23	0,2	58,34	226	149	1
1076	10,15	0,2	30,20	0,0	275	149	1
1077	3,2	0,10	2,10	2,8	195	149	0.949074145442
1078	23,2	2,4	2,12	2,8	190	149	0.680008688907
1079	1115,1240	6,1	1274,1623	1,0	236	149	1
1081	5821,5716	0,0	7880,8836	6,0	228	149	1
1083	286,303	0,2	375,369	0,0	283	149	1
1084	259,292	0,2	334,398	0,0	289	149	1
1085	0,2	182,179	8,0	168,233	318	149	1
1086	47,36	2,0	28,44	0,0	301	149	1
1087	47,70	0,0	111,103	0,2	205	149	1
1088	58,98	4,2	73,59	16,14	228	149	0.0135270601139
1089	52,77	0,2	45,68	4,0	335	149	1
1090	16,28	0,2	14,36	4,0	183	149	1
1091	40,59	0,4	60,51	0,12	258	149	1
1092	33,36	1,0	35,29	0,6	236	149	1
1093	9238,8615	0,0	10650,11847	0,4	236	149	1
1094	0,0	14,14	2,2	20,8	182	149	1
1097	87,86	0,0	110,139	0,6	206	149	1
1098	6763,6608	8,0	6835,7655	0,0	308	149	1
1099	204,320	6,0	386,288	2,0	281	149	1
1100	208,249	28,29	228,284	26,26	289	149	1
1101	1589,1524	0,0	1658,1575	2,0	197	149	1
1102	38,44	0,2	53,70	0,0	181	149	1
1103	286,254	2,0	464,555	0,10	220	149	1
1104	2,0	0,14	31,20	5,4	189	149	0.112261900344
1106	107,50	0,0	116,89	2,0	222	149	1
1107	0,0	1647,1556	0,4	1674,2073	393	149	1
1108	6,2	35,37	4,4	32,29	396	149	1
1109	3,2	35,37	6,4	32,29	393	149	1
1112	20,14	0,2	22,40	0,2	286	149	1
1113	78,74	2,0	87,86	0,0	252	149	1
1114	219,248	2,0	277,353	4,0	210	149	1
1115	28,6	66,42	29,4	34,45	251	149	1
1116	0,6	0,0	0,0	2,2	204	149	1
1117	0,0	79,51	4,0	72,82	199	149	1
1118	14,16	1,2	16,33	2,0	256	149	1
1119	16,20	1,2	16,47	2,0	261	149	1
1120	0,2	22,20	0,0	27,42	203	149	1
1121	26,32	0,0	30,23	2,0	203	149	1
1122	32,40	46,61	64,72	64,80	368	149	1
1123	36,30	46,61	50,68	64,80	347	149	1
1124	22,6	46,61	14,22	64,80	359	149	1
1125	10,0	24,11	15,18	28,21	184	149	0.220203819082
1126	78,75	0,0	108,100	8,2	1127	149	0.0515998432548
1127	396,434	2,4	505,624	0,0	194	149	1
1128	6,10	0,0	14,13	0,2	195	149	1
1129	0,2	0,0	2,0	2,0	222	149	1
1130	55,37	4,0	23,45	2,0	315	149	1
1131	185,164	0,0	209,287	0,6	212	149	1
1132	42,43	0,0	45,52	2,0	203	149	1
1133	32,18	0,8	21,53	0,2	203	149	1
1134	11,8	0,8	9,25	0,2	234	149	0.355332499449
1136	3,2	2,0	14,10	0,0	183	149	1
1137	67,28	2,0	42,79	0,0	212	149	1
1138	106,112	4,0	133,98	0,0	202	149	1
1139	175,112	0,6	156,160	6,0	360	149	1
1140	4,4	1818,1789	6,6	1851,2166	213	149	1
1141	72,41	1818,1789	82,135	1851,2166	305	149	1
1142	72,45	1818,1789	106,143	1851,2166	302	149	1
1143	6,9	8,8	28,30	10,20	395	149	0.393766726808
1144	55,60	2,2	77,84	0,4	242	149	1
1147	106,94	0,0	102,92	0,4	235	149	1
1148	2,1	0,0	2,0	2,0	196	149	1
1149	106,51	0,0	114,106	2,0	215	149	1
1150	730,696	2,10	842,840	6,4	335	149	1
1151	626,618	2,10	693,733	6,4	637	149	1
1152	654,638	0,4	725,816	0,2	2153	149	1
1153	246,212	0,1	262,273	0,2	219	149	1
1154	2,0	6,0	0,6	0,0	231	149	1
1155	55,72	14,4	89,75	2,4	210	149	0.778484851367
1157	99,82	0,0	127,197	0,8	260	149	1
1158	64,43	2,0	39,54	0,0	239	149	1
1159	201,224	0,2	180,174	0,0	482	149	1
1160	14,0	58,42	35,33	72,101	245	149	0.442764027774
1162	404,348	0,0	531,530	4,0	179	149	1
1163	46,58	6,16	47,122	4,12	229	149	0.859891044824
1164	22,22	423,430	12,57	514,519	229	149	1
1165	324,368	0,0	393,515	2,0	283	149	1
1168	105,74	0,0	165,103	4,0	206	149	1
1169	167,197	2,4	183,181	0,0	875	149	1
1170	703,723	4,1	869,832	8,2	247	149	1
1172	6,5	4,4	0,12	0,2	670	149	1
1173	20,4	0,2	12,13	0,0	205	149	1
1176	37,35	0,0	43,39	2,0	199	149	1
1177	7,12	0,0	26,32	2,0	410	149	1
1178	25,49	0,0	44,46	2,0	212	149	1
1179	166,164	0,0	133,139	2,0	242	149	1
1181	0,6	0,0	9,14	2,0	197	149	1
1182	125,134	0,4	103,125	0,0	266	149	1
1184	44,46	0,0	52,29	1,0	230	149	1
1187	0,18	14,14	0,0	7,4	287	149	0.574267120475
1188	26,12	15,19	18,23	40,27	194	149	0.74546297253
1189	2456,2381	0,0	3086,3207	11,0	252	149	1
1190	103,128	51,60	83,63	62,40	256	149	1
1191	51,57	2,8	62,40	5,1	209	149	1
1192	64,40	0,0	41,59	2,0	187	149	1
1193	2,4	2,0	1,8	0,0	210	149	1
1195	2,10	2,0	20,13	0,0	225	149	1
1196	103,132	0,0	228,210	0,4	362	149	1
1197	941,1043	6,0	1017,1097	0,0	237	149	1
1198	630,723	2,0	649,740	0,0	246	149	1
1199	802,739	2,0	846,943	0,0	333	149	1
1200	39,37	2,2	68,61	2,2	227	149	1
1201	73,59	2,2	101,114	2,2	233	149	1
1202	153,120	0,2	152,179	0,0	284	149	1
1203	241,207	0,2	253,273	0,0	265	149	1
1206	303,256	0,0	277,337	2,0	1458	149	1
1208	227,257	0,0	316,279	0,10	233	149	1
1209	291,271	24,28	261,282	21,32	295	149	1
1211	7,24	0,0	12,25	2,0	195	149	1
1212	4,6	2,0	17,27	0,0	213	149	1
1214	70,56	10,5	42,65	4,4	212	149	1
1215	60,52	2,0	38,71	4,0	209	149	1
1216	55,63	0,0	44,67	0,4	203	149	1
1217	182,212	0,0	236,208	2,0	291	149	1
1219	7,8	2,2	4,8	4,0	231	149	0.495699077809
1221	56,46	0,0	77,72	0,6	254	149	1
1222	193,161	0,0	349,312	0,6	269	149	1
1223	21,31	6,10	21,36	25,28	230	149	0.0341817596553
1224	28,16	747,717	32,21	771,869	313	149	1
1225	407,425	0,0	452,580	4,0	267	149	1
1226	145,231	0,0	217,179	2,2	351	149	1
1227	257,242	2,0	228,227	2,0	211	149	1
1228	69,71	0,0	86,85	6,0	188	149	1
1229	36,30	0,0	37,29	6,0	212	149	1
1234	562,645	0,0	643,604	4,0	270	149	1
1235	501,516	0,2	628,726	0,0	257	149	1
1236	114,68	2,0	68,142	0,0	339	149	1
1237	250,183	0,1	301,312	2,0	191	149	1
1240	109,87	0,0	102,105	2,0	263	149	1
1241	7,6	2,2	10,8	0,4	263	149	0.64713577196
1242	10,8	0,2	11,10	0,0	256	149	1
1244	33,39	0,0	27,37	0,4	235	149	1
1246	161,98	0,0	149,209	0,2	241	149	1
1247	20,20	4,0	40,30	4,6	230	149	1
1248	8,10	91,59	8,9	100,129	183	149	1
1250	31,30	0,0	47,65	0,2	196	149	1
1251	658,640	0,0	800,916	2,0	230	149	1
1252	12,6	20,21	22,19	22,40	188	149	0.978979668832
1253	39,19	0,0	41,36	0,1	181	149	1
1254	34,30	0,4	55,72	2,4	209	149	1
1255	3447,3356	0,2	3706,3917	0,0	1868	149	1
1257	20545,19378	0,4	24122,26381	0,0	314	149	1
1258	143,127	0,0	203,142	0,2	396	149	1
1259	14,36	0,6	74,61	0,0	331	149	0.687570866911
1260	41,57	0,6	118,75	0,0	311	149	1
1262	33,38	2,0	41,76	0,0	305	149	1
1264	59,71	0,0	64,85	0,4	205	149	1
1265	43,38	2,0	52,58	0,17	234	149	0.620069057359
1266	40,43	0,2	64,47	0,0	196	149	1
1267	37,40	0,2	77,35	0,0	209	149	1
1268	86,115	0,0	70,112	2,0	203	149	1
1269	229,172	0,0	362,314	0,2	173	149	1
1270	65,32	29,20	50,57	42,35	256	149	1
1271	81,56	29,20	98,123	42,35	348	149	1
1275	2,9	2,0	24,22	1,4	209	149	1
1277	24,26	2,0	32,41	0,0	194	149	1
1278	244,220	0,0	300,270	0,4	259	149	1
1280	271,245	0,0	282,282	0,2	232	149	1
1281	20,9	8,0	28,10	0,0	193	149	0.411006518183
1282	4,0	377,364	0,0	462,334	196	149	1
1283	71,103	0,0	102,151	0,2	322	149	1
1284	179,187	0,2	217,332	0,0	157	149	1
1285	44,25	0,0	53,58	0,2	209	149	1
1286	3,10	84,67	12,12	104,78	217	149	1
1287	6,2	56,42	5,20	48,37	206	149	0.84052471056
1288	2,0	6,0	0,2	10,2	206	149	1
1290	30,18	4,0	28,30	10,0	262	149	1
1291	117,176	0,0	163,211	0,2	360	149	1
1292	60,92	0,0	53,111	2,0	299	149	1
1294	119,176	0,2	174,214	0,0	214	149	1
1295	2,10	6,20	2,4	6,21	205	149	1
1296	117,97	0,0	191,206	2,0	323	149	1
1297	117,86	0,0	114,135	0,2	236	149	1
1298	7085,6593	1,0	8549,9818	0,0	251	149	1
1299	93,106	0,0	158,148	0,4	212	149	1
1301	8543,7925	0,4	9405,10021	0,0	310	149	1
1302	558,621	0,0	677,654	4,0	305	149	1
1304	8,9	0,0	28,32	2,0	191	149	1
1306	90,89	0,0	131,117	2,0	266	149	1
1307	4,8	0,2	1,0	2,2	200	149	2.39852196728e-05
1308	59,85	2,0	69,61	0,0	171	149	1
1312	0,2	10,10	2,4	16,25	196	149	1
1313	196,163	8,0	109,159	0,0	197	149	1
1314	3,8	14,15	10,4	47,28	230	149	1
1315	34,27	0,2	40,41	2,2	219	149	1
1316	82,47	0,0	62,54	0,4	655	149	1
1317	32,22	0,0	21,10	0,4	412	149	0.670461509126
1322	190,240	4,0	230,206	0,2	211	149	1
1323	38,38	2,0	82,66	0,0	272	149	1
1324	11,15	154,167	67,43	150,270	250	149	1
1326	59,64	0,0	47,101	0,7	314	149	1
1327	89,79	0,0	93,138	0,7	263	149	1
1329	86,68	0,4	43,72	0,0	210	149	1
1330	247,240	0,0	246,198	4,0	220	149	1
1331	2178,2263	14,4	2515,2875	8,10	176	149	1
1332	169,158	0,0	281,280	0,2	269	149	1
1333	1682,1663	0,2	1993,2093	0,6	226	149	1
1335	60,45	2,0	24,54	0,0	186	149	1
1337	2,7	0,0	2,4	2,0	213	149	1
1340	1877,1829	0,2	1921,2442	0,0	189	149	1
1341	7,13	0,4	16,20	0,4	224	149	1
1342	2070,2150	0,0	2618,2649	2,0	195	149	1
1344	19,31	0,0	18,20	0,10	252	149	0.3681560807
1345	6,6	4,0	5,20	0,0	188	149	0.735103555874
1346	28,50	0,2	37,32	0,0	212	149	1
1347	1114,1125	4,0	1291,1406	0,0	214	149	1
1348	20,37	0,4	40,50	0,0	303	149	1
1350	4,13	0,0	8,42	2,13	361	149	3.96597088692e-06
1351	848,898	0,2	1079,1169	0,0	240	149	1
1352	4,0	10,12	16,0	36,16	205	149	1
1354	105,96	0,0	150,149	6,0	213	149	1
1355	24,33	0,2	34,34	0,0	228	149	1
1356	31,33	0,2	21,31	0,0	242	149	1
1357	55,69	0,2	52,89	0,0	272	149	1
1358	193,131	2,0	164,205	0,0	258	149	1
1359	12,11	0,0	6,28	4,0	221	149	1
1360	103,234	6,0	123,182	0,0	211	149	1
1361	16,10	0,0	14,46	6,0	213	149	1
1362	242,261	0,2	448,407	0,0	247	149	1
1363	230,219	0,0	299,288	0,2	242	149	1
1364	868,927	0,0	1146,1192	2,0	194	149	1
1365	49,75	0,0	40,104	0,2	271	149	1
1366	274,238	2,0	276,346	0,4	256	149	1
1367	33,32	0,0	78,88	2,2	215	149	1
1368	72,79	10,18	55,62	31,39	210	149	0.00594909830142
1369	55,60	0,3	84,99	0,4	271	149	1
1370	0,0	53,46	2,0	37,79	177	149	1
1371	153,144	0,0	147,212	0,4	255	149	1
1372	8,0	0,4	0,5	0,0	167	149	1
1373	4,4	21,4	2,8	36,42	168	149	0.786732227163
1376	14,27	50,59	24,23	69,54	282	149	1
1377	467,351	0,0	399,440	6,0	239	149	1
1378	10,6	4,2	4,6	9,13	258	149	0.0127528572244
1379	39,28	0,0	68,34	8,0	222	149	1
1380	2231,2277	0,0	2315,2305	4,0	328	149	1
1381	126,94	0,2	123,120	0,0	285	149	1
1382	120,99	0,0	121,142	0,2	209	149	1
1383	559,701	0,0	856,951	2,0	210	149	1
1384	294,268	0,0	340,384	0,6	381	149	1
1385	6,10	10,18	2,14	8,8	205	149	1
1386	0,2	10,18	0,0	8,8	191	149	1
1387	16,3	78,96	8,10	102,83	198	149	1
1388	0,8	189,189	2,0	247,181	189	149	1
1389	48,42	0,0	46,65	2,0	266	149	1
1391	42,41	0,2	55,45	0,0	242	149	1
1392	16,16	2,0	12,16	0,0	195	149	1
1393	4,0	49,34	14,2	49,57	286	149	1
1394	4,0	49,34	10,7	49,57	316	149	1
1395	2,0	0,0	0,4	0,4	207	149	1
1397	265,254	4,4	318,394	8,10	265	149	1
1399	86,99	10,0	104,112	0,4	214	149	1
1400	763,746	0,0	822,986	0,2	182	149	1
1401	155,155	0,2	179,117	0,0	257	149	1
1403	65,37	0,0	78,73	0,4	280	149	1
1405	0,0	20,13	2,2	6,13	179	149	0.838437306364
1406	0,0	24,36	2,10	26,33	179	149	0.813997816946
1407	47,50	0,0	46,78	4,0	360	149	1
1410	32,20	61,68	34,40	88,64	460	149	1
1411	42,27	61,68	38,38	88,64	205	149	1
1413	8,8	4,0	0,2	0,0	180	149	1
1416	35,47	0,4	28,37	0,0	212	149	1
1417	71,117	4,2	117,121	0,2	334	149	1
1418	75,124	4,2	91,123	0,2	227	149	1
1419	63,73	14,17	120,158	4,12	245	149	0.0509831510625
1422	1394,1440	0,2	1761,2019	0,0	292	149	1
1423	148,166	0,4	192,187	0,0	214	149	1
1424	190,181	0,2	242,244	0,0	221	149	1
1425	323,356	0,0	366,365	0,4	248	149	1
1426	6,15	0,0	6,4	0,1	236	149	1
1427	32,18	46,69	49,32	51,77	238	149	1
1428	38,34	46,69	53,45	51,77	235	149	1
1429	138,208	2,0	220,166	0,0	180	149	1
1430	236,217	0,0	241,265	2,0	217	149	1
1431	745,799	2,0	915,1126	0,0	197	149	1
1432	90,101	0,2	94,111	0,0	251	149	1
1435	27,13	0,2	31,28	0,0	283	149	1
1436	6,10	0,2	21,20	0,0	207	149	1
1437	45,55	0,2	96,93	0,2	275	149	1
1438	9,16	0,10	14,19	0,0	221	149	0.274052750994
1440	320,340	0,2	360,439	0,0	206	149	1
1441	8,8	8,5	16,20	11,29	164	149	1
1442	344,325	0,4	427,519	0,0	191	149	1
1443	1952,1552	2,2	2177,2425	2,0	216	149	1
1445	158,146	0,0	144,230	2,4	215	149	1
1446	160,176	0,2	167,151	0,0	211	149	1
1450	65,63	0,0	74,108	1,0	323	149	1
1451	2290,2418	0,0	2631,2955	0,2	215	149	1
1452	0,1	154,160	7,0	188,203	303	149	1
1453	512,526	2,4	686,672	0,2	234	149	1
1454	28,33	0,0	53,68	0,2	187	149	1
1455	393,407	0,0	396,489	0,2	247	149	1
1459	0,7	6,12	8,4	10,14	235	149	1
1460	2,18	0,2	34,10	0,0	1227	149	1
1461	2,13	0,2	31,8	0,0	1200	149	1
1462	0,10	0,2	14,4	0,0	231	149	1
1463	6,20	0,2	24,14	0,0	195	149	1
1464	42,28	45,52	63,54	46,49	336	149	0.783783354082
1465	353,411	0,0	422,595	0,2	277	149	1
1468	75,107	0,0	157,143	2,0	281	149	1
1469	95,73	0,2	102,101	0,0	169	149	1
1470	61,105	0,0	44,93	0,2	218	149	1
1472	0,6	71,56	12,4	82,105	283	149	1
1474	318,352	0,2	350,486	2,0	197	149	1
1476	22,30	0,0	41,55	2,0	282	149	1
1477	101,113	0,0	108,159	6,2	192	149	1
1478	25,10	0,2	26,47	0,0	377	149	1
1479	2,1	8,8	0,2	8,20	259	149	1
1481	28,38	43,30	8,39	43,14	678	149	1
1482	51,51	2,0	43,65	0,0	193	149	1
1484	138,101	0,0	134,161	0,2	201	149	1
1485	162,155	25,35	295,350	20,42	570	149	0.313671801343
1486	159,167	2,2	129,239	2,0	202	149	1
1487	366,449	0,0	412,586	4,0	216	149	1
1490	839,894	1,0	1081,1161	0,0	264	149	1
1491	65,84	0,2	91,96	2,14	209	149	1
1492	59,86	4,0	64,132	0,0	230	149	1
1493	71,89	0,2	128,122	0,0	215	149	1
1494	0,0	19,26	2,2	44,49	175	149	1
1496	148,113	6,2	179,163	0,6	264	149	1
1497	91,75	0,0	123,186	0,4	220	149	1
1498	5,4	49,68	11,10	123,94	239	149	1
1499	0,2	48,91	0,0	93,44	185	149	1
1500	27,28	0,2	20,23	4,0	195	149	1
1501	46,35	0,0	73,77	0,2	276	149	1
1502	168,145	2,8	216,248	19,9	208	149	1
1503	6,32	0,0	32,21	2,0	212	149	1
1504	159,134	4,12	192,148	6,6	289	149	1
1505	33,24	0,0	40,36	0,4	211	149	1
1506	2,15	0,0	24,18	0,4	215	149	1
1507	69,49	6,0	66,70	1,0	183	149	1
1509	0,6	2,2	0,2	0,4	217	149	1
1510	12,4	6,0	15,4	0,0	226	149	0.318123973668
1512	2,0	0,2	2,0	0,1	213	149	0.440163064193
1513	460,418	0,2	357,479	0,4	204	149	1
1514	4,8	61,76	8,12	82,89	273	149	1
1515	105,135	2,0	102,83	0,2	217	149	1
1516	369,342	0,2	319,420	0,0	242	149	1
1518	295,301	2,0	386,533	4,0	191	149	1
1519	24,24	0,0	30,36	0,8	264	149	0.822392281196
1520	47,55	0,0	59,81	0,8	195	149	1
1521	3330,2944	0,0	3661,4107	0,2	266	149	1
1522	245,187	0,2	297,264	0,0	308	149	1
1523	134,100	0,0	174,178	2,2	186	149	1
1524	4,6	38,68	3,20	86,59	226	149	1
1525	305,236	0,0	298,311	0,2	356	149	1
1526	81,55	0,0	33,67	2,0	180	149	1
1529	136,122	0,2	167,127	0,0	269	149	1
1530	188,142	0,0	101,132	2,0	197	149	1
1531	95,76	0,6	79,111	4,0	235	149	1
1532	208,197	0,0	264,298	0,2	238	149	1
1535	87,87	0,0	170,175	6,0	200	149	1
1536	73,66	0,0	39,30	8,0	222	149	1
1537	60,80	4,8	78,61	6,16	244	149	1
1540	3,14	0,0	7,4	0,2	371	149	1
1541	0,4	0,0	1,0	0,2	192	149	1
1542	0,4	0,0	1,0	0,2	197	149	1
1544	70,66	4,4	52,74	6,4	209	149	1
1546	83,87	0,0	122,94	4,0	215	149	1
1547	555,467	0,0	488,512	2,0	259	149	1
1548	2,8	12,10	0,4	14,26	242	149	0.445656468044
1549	98,44	0,2	56,56	2,0	245	149	1
1550	4,0	4,10	2,7	4,6	205	149	0.293553989375
1551	58,72	0,0	61,70	0,2	187	149	1
1552	6,14	8,3	34,10	4,18	280	149	1
1553	70,72	24,15	121,155	17,16	543	149	0.162289058012
1554	70,72	4,0	121,152	18,3	543	149	0.584385433949
1555	74,82	24,15	130,155	17,16	614	149	0.236633608239
1556	88,110	24,15	176,208	17,16	795	149	0.187127772613
1557	86,110	4,0	178,196	18,3	795	149	0.562851461654
1559	77,87	0,1	97,121	2,1	212	149	1
1560	139,108	0,0	140,184	2,0	337	149	1
1561	68,53	0,0	79,102	2,0	250	149	1
1566	49,73	0,0	80,104	0,6	230	149	1
1567	1078,1141	0,0	1341,1555	2,0	211	149	1
1568	0,0	101,117	2,4	166,153	209	149	1
1569	66,77	2,0	45,46	0,0	263	149	1
1570	0,4	2,2	5,6	2,18	181	149	0.875266752622
1572	7,12	171,190	31,29	144,158	194	149	1
1573	332,409	4,0	444,456	0,0	446	149	1
1574	486,551	4,0	555,562	0,0	295	149	1
1576	25,6	66,71	10,14	83,109	232	149	1
1577	301,228	0,4	370,560	0,2	156	149	1
1579	26,39	0,0	100,138	0,4	292	149	1
1580	20,15	1,0	20,30	0,4	261	149	1
1581	562,565	0,0	334,331	2,0	289	149	1
1582	4,16	0,0	19,57	8,0	245	149	1
1583	130,123	0,2	160,179	0,4	298	149	1
1584	184,191	0,4	198,221	2,0	195	149	1
1586	14,26	0,0	22,29	2,4	226	149	0.622648098218
1587	109,135	4,0	191,181	2,0	211	149	1
1588	4137,4325	8,3	5167,5746	14,2	249	149	1
1589	105,111	60,34	107,138	33,63	214	149	1
1590	97,109	41,39	149,140	16,25	214	149	0.0338144757573
1591	101,68	41,39	75,97	16,25	190	149	0.336349198107
1592	119,99	64,61	77,110	85,71	190	149	1
1594	61,38	2,0	29,26	0,6	250	149	1
1595	81,58	2,0	57,54	0,6	302	149	1
1596	87,60	2,0	59,64	0,6	398	149	1
1597	87,62	2,0	55,56	0,6	405	149	1
1599	138,111	6,0	98,165	0,0	275	149	1
1600	0,4	12,5	0,0	26,12	299	149	1
1602	1216,1267	0,2	1639,1739	2,3	244	149	1
1603	572,665	8,2	537,586	0,0	253	149	1
1604	288,291	0,0	475,605	0,2	244	149	1
1605	233,281	0,0	400,564	4,6	216	149	1
1606	190,193	0,0	305,373	5,0	179	149	1
1607	22,29	0,0	16,22	2,0	262	149	1
1608	23,14	0,0	25,20	0,2	243	149	1
1611	160,129	0,0	184,148	0,2	400	149	1
1613	50,53	0,0	78,65	2,0	209	149	1
1614	79,86	0,0	103,106	2,0	202	149	1
1615	129,105	0,0	179,166	10,0	847	149	1
1616	10,4	12,2	4,10	30,14	221	149	0.2802102573
1617	4,4	12,2	0,8	30,14	198	149	0.426826808719
1618	94,151	4,0	89,133	0,0	226	149	1
1621	124,107	0,6	167,175	0,0	213	149	1
1623	1455,1364	0,0	1546,1530	0,2	290	149	1
1627	942,965	0,0	1035,1129	0,4	239	149	1
1628	522,626	0,0	828,862	0,2	299	149	1
1629	0,0	38,51	0,2	82,47	272	149	1
1630	79,46	0,2	68,127	0,1	219	149	1
1631	476,478	0,0	599,555	0,2	246	149	1
1632	845,922	0,0	936,1032	2,0	202	149	1
1633	16,17	0,2	24,16	0,0	229	149	1
1634	58,30	28,18	53,50	10,24	229	149	0.778492647567
1635	77,81	0,2	70,77	0,0	248	149	1
1637	150,133	2,13	198,191	12,10	248	149	1
1638	83,102	4,0	52,101	2,0	209	149	1
1639	41,35	8,2	15,27	2,0	193	149	0.748500395617
1640	34,51	2,0	56,32	0,0	209	149	1
1641	36,42	0,0	18,33	2,0	260	149	1
1645	3110,3041	0,6	3796,4245	0,1	192	149	1
1646	113,121	2,0	124,184	0,0	200	149	1
1648	2,0	69,53	0,2	91,77	221	149	1
1649	0,0	2,0	0,2	0,0	221	149	1
1650	0,4	69,53	0,0	91,77	195	149	1
1653	163,163	0,0	141,240	0,1	234	149	1
1656	9,4	2,0	0,2	0,0	195	149	1
1657	133,110	2,0	162,118	0,0	340	149	1
1658	139,145	0,0	214,180	0,2	221	149	1
1659	3,8	107,78	2,8	88,130	205	149	1
1660	18,21	0,4	24,59	0,0	187	149	1
1661	81,93	1,0	171,177	0,0	199	149	1
1662	6,8	0,0	8,20	2,2	230	149	0.851294767746
1663	367,323	2,0	427,447	0,0	201	149	1
1664	107,94	2,0	160,194	0,0	513	149	1
1665	20,10	0,2	31,18	0,0	237	149	1
1668	59,47	2,2	36,34	0,0	249	149	1
1669	43,53	15,0	59,76	5,18	719	149	0.64617209334
1670	17,11	118,110	12,10	142,157	213	149	1
1671	34,29	0,0	45,51	2,0	222	149	1
1672	0,0	149,114	6,3	175,200	249	149	1
1678	13,18	0,7	51,18	0,2	191	149	0.622729794001
1679	291,254	6,0	352,354	8,4	273	149	1
1680	1276,1087	0,0	1338,1424	0,2	818	149	1
1681	26,9	33,31	22,19	43,39	226	149	1
1682	30,18	0,0	35,18	6,4	189	149	0.255447250751
1683	0,6	0,0	0,0	6,4	177	149	1
1685	9,6	0,2	8,6	0,0	261	149	1
1687	358,422	12,2	468,536	8,6	179	149	1
1688	372,329	0,2	460,507	0,0	178	149	1
1689	451,354	0,0	462,504	4,0	218	149	1
1690	186,192	10,12	170,168	2,4	223	149	1
1691	81,78	0,0	91,93	0,2	317	149	1
1694	144,131	0,0	149,201	2,0	235	149	1
1695	131,172	0,0	156,202	2,0	236	149	1
1696	87,94	0,0	88,88	6,0	481	149	1
1697	12,10	12,0	29,6	2,5	339	149	1
1698	138,103	0,0	164,180	2,0	224	149	1
1699	340,423	2,2	470,445	6,0	257	149	1
1701	2179,1964	103,88	2641,2702	118,94	167	149	1
1702	325,321	27,12	479,362	22,12	167	149	1
1703	8237,8178	0,0	9450,10444	2,0	313	149	1
1704	58,50	4,0	93,72	0,0	247	149	1
1707	16,8	0,0	20,32	0,2	285	149	1
1708	28,11	0,0	22,30	0,2	296	149	1
1709	6,5	15,6	18,8	12,18	194	149	0.914728493253
1710	26,53	4,4	52,43	2,0	283	149	0.756641184378
1712	441,435	0,0	425,554	0,2	258	149	1
1714	4,8	14,3	8,6	17,10	245	149	1
1715	0,2	57,51	0,2	47,54	313	149	1
1716	1994,1890	2,0	2091,2133	0,0	361	149	1
1717	39,24	0,2	36,41	0,0	231	149	1
1718	74,45	2,0	62,51	0,2	210	149	1
1719	13,11	2,0	18,17	11,3	205	149	0.0285172392257
1720	8,6	2,0	6,22	11,3	256	149	0.0660264264775
1721	136,107	0,0	270,257	0,2	201	149	1
1722	146,149	0,0	204,192	2,0	310	149	1
1724	83,67	2,4	91,101	0,8	221	149	1
1725	30,53	12,5	54,66	6,14	167	149	1
1726	154,134	0,0	182,182	0,2	154	149	1
1728	78,93	56,56	74,59	87,78	197	149	0.216553237525
1729	92,31	3,0	70,92	0,0	268	149	1
1730	2970,3071	2,0	3810,4143	10,2	225	149	1
1731	10,0	335,409	12,12	412,520	239	149	1
1733	0,2	2,0	4,0	0,4	172	149	1
1734	8,6	2,0	12,14	0,4	247	149	1
1736	44,54	7,0	46,37	2,1	226	149	1
1737	33,43	1,4	34,36	0,0	187	149	1
1738	33,34	0,0	33,50	4,0	274	149	1
1739	81,89	0,0	87,110	2,2	267	149	1
1740	84,76	4,2	83,84	2,2	187	149	1
1741	657,609	0,2	934,1020	10,0	269	149	1
1742	313,289	0,2	428,454	10,0	242	149	1
1743	9,35	2,0	26,10	4,0	223	149	1
1744	20,14	2,0	30,32	4,0	506	149	1
1745	804,777	0,2	987,1146	4,6	223	149	1
1746	1,2	23,27	0,2	4,21	230	149	1
1747	1,0	23,27	2,0	4,21	187	149	1
1748	59,60	0,0	69,101	0,2	286	149	1
1749	70,70	0,0	82,157	6,0	221	149	1
1751	88,103	0,0	117,113	0,6	230	149	1
1753	22040,21091	8,4	22062,24262	4,15	299	149	1
1754	10,5	53,59	23,12	52,48	211	149	0.784169095216
1755	10,12	53,59	8,6	52,48	177	149	1
1756	250,239	0,0	315,278	1,0	307	149	1
1757	6194,6327	0,2	6787,7609	0,0	252	149	1
1760	68,36	0,0	37,54	2,0	402	149	1
1761	43,34	0,0	23,36	2,0	417	149	1
1762	68,61	0,0	75,47	2,0	242	149	1
1763	333,319	6,0	311,349	2,6	211	149	1
1764	28,28	4,6	35,48	2,2	195	149	0.602156218753
1765	546,571	2,0	701,713	2,0	415	149	1
1768	1111,1181	0,0	1494,1670	2,0	176	149	1
1769	4,0	0,2	0,0	7,5	272	149	0.678494347538
1770	532,614	0,0	761,811	2,0	217	149	1
1771	173,183	0,0	267,246	2,0	208	149	1
1772	79,70	0,0	77,108	2,0	223	149	1
1773	27,40	0,2	54,38	1,0	212	149	1
1774	802,846	0,2	853,876	0,0	290	149	1
1775	31,45	2,0	42,47	5,6	208	149	0.620940072016
1776	682,615	0,0	811,820	0,2	320	149	1
1777	0,4	41,37	0,0	73,48	182	149	1
1778	8896,8342	0,2	9236,9909	0,0	308	149	1
1779	5820,5496	0,2	6255,6624	0,0	302	149	1
1780	110,109	0,4	205,187	4,2	250	149	1
1781	329,301	0,0	331,567	2,0	221	149	1
1782	83,112	2,0	142,147	0,0	248	149	1
1785	73,93	4,0	73,62	0,0	195	149	1
1786	1075,900	0,0	961,1057	0,2	227	149	1
1787	12,0	2,0	10,0	0,0	180	149	1
1789	10,6	0,4	18,19	0,2	225	149	0.694766086024
1791	0,0	31,48	0,8	42,59	347	149	1
1792	38,20	0,0	24,49	2,0	219	149	1
1795	703,754	0,4	750,1002	0,0	252	149	1
1796	5,6	4,4	10,5	8,10	179	149	0.74109272622
1797	18,38	4,4	32,16	8,10	216	149	0.302749242792
1798	14,23	4,4	22,18	8,10	237	149	0.471237773233
1799	2,0	2,0	2,2	0,0	211	149	1
1801	61,50	0,0	79,109	2,0	327	149	1
1802	285,313	0,0	377,468	0,2	260	149	1
1804	50,47	0,2	26,66	0,0	185	149	1
1805	138,151	0,0	171,202	6,0	220	149	1
1807	179,241	0,0	307,369	2,0	237	149	1
1808	33,61	0,0	66,63	2,2	189	149	1
1809	2,0	0,0	6,0	0,2	191	149	1
1810	3026,2782	0,2	3238,3550	0,0	181	149	1
1812	328,370	0,0	444,496	0,4	194	149	1
1814	84,138	2,0	146,187	0,4	163	149	1
1815	180,202	4,0	212,305	0,0	235	149	1
1816	15,4	0,1	2,0	2,0	175	149	1
1817	12,1	0,0	10,13	2,4	236	149	0.117317308851
1820	96,108	6,0	140,125	4,0	286	149	1
1821	536,447	2,0	565,610	0,0	466	149	1
1822	369,309	2,0	362,423	0,0	387	149	1
1823	237,252	1,0	259,297	0,0	228	149	1
1824	311,382	2,0	288,456	2,0	236	149	1
1825	14,15	0,2	8,40	0,0	253	149	1
1827	871,832	0,0	868,996	2,0	226	149	1
1828	52,71	2,0	84,89	2,0	393	149	1
1830	0,0	77,80	0,6	138,114	302	149	1
1831	2,8	0,2	6,16	0,2	209	149	1
1832	65,50	6,26	80,93	9,24	365	149	1
1833	25,20	0,0	56,28	0,2	195	149	1
1835	22,17	0,0	12,10	2,0	181	149	1
1836	30,24	0,0	36,35	0,2	202	149	1
1837	15,18	0,0	10,18	0,2	241	149	1
1838	31,12	0,0	26,24	0,2	238	149	1
1839	37,13	0,0	66,64	4,2	229	149	1
1841	126,147	0,0	136,110	2,0	262	149	1
1842	60,99	2,0	88,92	0,2	275	149	1
1843	0,2	115,69	4,4	86,122	204	149	1
1844	226,168	0,0	209,263	1,0	257	149	1
1845	27,16	0,0	54,36	2,0	242	149	1
1849	0,6	0,0	7,4	0,2	215	149	1
1850	117,123	1,2	177,257	4,4	230	149	1
1851	65,71	6,4	138,106	0,0	214	149	1
1852	90,62	2,8	141,159	0,4	212	149	1
1853	39,66	0,2	65,42	4,0	484	149	1
1854	4,6	12,11	2,6	7,12	195	149	1
1856	34,34	0,2	56,78	0,0	258	149	1
1857	7488,7080	0,2	9389,10497	4,0	238	149	1
1858	123,152	4,0	173,148	0,0	218	149	1
1859	219,135	0,0	320,213	2,0	234	149	1
1860	331,279	0,2	319,330	6,4	394	149	1
1862	0,1	9,9	0,0	12,15	396	149	1
1863	47,26	0,0	66,60	2,7	181	149	1
1864	139,114	0,0	160,211	4,0	228	149	1
1865	178,161	0,2	177,223	2,6	374	149	1
1866	659,666	10,0	827,988	0,0	292	149	1
1867	714,801	10,0	933,1166	0,0	289	149	1
1870	349,426	2,0	405,491	0,0	192	149	1
1871	450,417	0,4	494,658	0,0	279	149	1
1872	82,73	2,0	92,84	0,14	202	149	1
1873	62,57	1,0	31,89	0,0	215	149	1
1874	43,29	1,0	18,32	0,0	254	149	1
1877	8,2	138,139	10,2	151,158	277	149	1
1878	8,2	138,139	6,0	151,158	211	149	1
1880	150,176	0,0	184,174	0,1	323	149	1
1881	18,12	6,9	28,14	0,3	243	149	0.0105913215166
1882	83,89	0,0	107,81	2,0	239	149	1
1883	52,69	0,0	87,114	0,4	208	149	1
1884	39,24	0,0	59,74	0,4	201	149	1
1885	133,93	2,0	131,165	0,0	214	149	1
1886	365,402	6,2	714,616	0,4	187	149	1
1887	49,35	0,0	57,46	2,0	204	149	1
1888	76,72	0,0	62,52	2,0	215	149	1
1889	0,4	65,46	10,2	67,99	218	149	1
1891	86,85	0,0	108,138	0,2	180	149	1
1892	214,148	0,6	293,223	2,6	153	149	1
1894	502,506	0,0	555,622	2,0	251	149	1
1897	36,67	2,0	58,88	0,0	219	149	1
1899	4,4	36,10	5,2	10,27	327	149	1
1900	251,230	0,0	162,311	0,4	218	149	1
1902	28,11	0,0	35,50	0,10	295	149	0.656956331385
1903	18,41	6,0	60,48	0,2	209	149	1
1904	556,467	0,6	536,544	0,0	230	149	1
1906	0,0	36,19	4,8	23,20	161	149	0.138306958062
1907	0,0	52,90	3,0	147,75	211	149	1
1908	49,46	52,68	63,77	64,124	580	149	1
1909	4,0	0,0	24,14	2,0	232	149	1
1910	112,102	2,0	85,126	0,0	204	149	1
1911	15,16	0,0	17,21	0,2	177	149	1
1912	2,0	16,22	6,0	16,19	199	149	1
1913	13,22	4,6	27,26	22,8	204	149	0.658936348374
1914	9,1	4,6	15,10	22,8	191	149	1
1915	31,28	0,0	23,29	4,2	195	149	1
1916	79,54	0,0	104,91	0,8	209	149	1
1917	183,188	0,0	209,228	2,2	294	149	1
1918	61,59	2,0	147,90	4,7	281	149	1
1919	725,700	0,0	808,962	0,2	305	149	1
1921	58,56	118,139	72,67	170,153	311	149	1
1922	62,44	118,139	66,76	170,153	308	149	1
1923	16,12	2,0	52,37	0,0	209	149	1
1924	0,0	6,19	2,0	10,0	188	149	1
1925	105,153	0,0	141,195	2,2	221	149	1
1927	105,64	0,4	170,154	0,4	246	149	1
1928	0,8	0,0	0,0	0,2	211	149	1
1929	6,4	61,58	16,12	89,77	195	149	1
1930	210,198	0,0	245,284	0,2	308	149	1
1932	87,50	0,3	75,86	2,6	192	149	1
1933	53,47	4,0	73,90	0,6	332	149	1
1934	22,38	0,0	53,65	0,4	214	149	1
1935	947,951	1,0	1009,1290	0,0	240	149	1
1936	0,4	14,28	4,0	26,40	286	149	1
1937	403,386	0,0	493,541	0,1	203	149	1
1938	542,526	2,0	712,713	4,2	210	149	1
1940	23,29	2,0	46,40	0,0	220	149	1
1941	17,7	2,0	33,32	0,0	234	149	1
1942	28,34	0,2	58,40	2,0	218	149	1
1943	0,2	0,0	0,0	0,6	247	149	1
1944	56,66	0,0	97,80	2,3	213	149	1
1945	49,77	0,2	92,92	0,0	209	149	1
1946	192,246	0,2	370,296	0,0	246	149	1
1947	137,193	0,2	253,218	0,0	297	149	1
1948	0,2	8,33	0,1	46,26	264	149	1
1951	8,6	0,2	10,13	0,0	301	149	1
1952	45,50	18,2	77,66	8,8	197	149	1
1954	14,11	23,67	12,4	54,56	290	149	1
1956	441,477	4,10	587,670	2,0	230	149	1
1958	0,5	379,307	5,0	449,445	192	149	1
1959	43,43	0,0	95,63	6,8	190	149	1
1961	56,21	0,0	46,48	0,2	212	149	1
1962	0,6	27,32	2,4	25,37	315	149	1
1963	128,175	0,0	123,168	0,2	238	149	1
1964	118,109	0,0	136,139	2,0	255	149	1
1965	309,226	6,2	227,277	4,4	236	149	1
1966	16,13	0,2	22,14	0,0	285	149	1
1967	12,6	10,4	21,19	4,2	228	149	0.0140926670135
1968	20,9	10,4	32,30	4,2	423	149	0.0117393916105
1969	16,15	0,0	15,37	0,8	220	149	0.740072559566
1970	35,30	0,0	54,72	4,0	288	149	1
1971	6,7	54,52	23,23	38,43	204	149	0.0103454173017
1973	44,53	129,124	93,78	121,169	373	149	1
1974	37,42	129,124	82,44	121,169	394	149	1
1975	33068,31345	6,0	34703,38355	2,0	308	149	1
1976	340,337	0,2	327,385	0,0	304	149	1
1978	144,102	0,0	146,261	0,1	639	149	1
1979	157,116	0,0	150,278	0,1	355	149	1
1980	139,102	0,0	136,251	0,1	351	149	1
1981	98,82	0,0	122,183	0,1	298	149	1
1982	98,73	0,0	122,179	0,1	283	149	1
1983	195,194	0,2	325,295	0,0	207	149	1
1984	30,34	14,4	61,82	2,12	274	149	0.405641285775
1986	64,65	0,6	78,70	2,0	209	149	1
1987	447,392	0,0	590,623	0,4	198	149	1
1988	0,6	0,6	9,12	2,4	173	149	1
1989	4,23	6,2	0,6	0,0	191	149	1
1990	112,108	8,2	137,217	4,4	272	149	1
1991	51,52	6,0	59,72	0,0	275	149	1
1992	74,133	6,6	139,127	4,8	183	149	1
1994	121,102	0,0	143,145	2,0	219	149	1
1995	29,14	4,0	19,8	3,2	234	149	0.679662664765
1996	32,14	4,0	20,12	3,2	207	149	0.663299170281
1997	89,83	0,0	42,55	0,2	196	149	1
1998	49,34	13,2	36,37	2,6	219	149	1
1999	177,133	6,10	191,160	2,0	198	149	1
2000	34,24	0,2	38,34	0,2	241	149	1
2001	2,0	0,0	8,4	0,6	192	149	1
2003	105,112	0,0	113,133	0,4	233	149	1
2004	8,7	2,4	32,49	11,6	369	149	0.725170748762
2005	12,35	2,4	44,35	11,6	296	149	1
2006	6,9	2,4	20,21	11,6	248	149	1
2008	44,22	0,10	61,69	4,0	265	149	0.866534192417
2009	0,0	106,81	1,0	83,77	160	149	1
2010	61,79	2,0	51,38	0,0	255	149	1
2012	56,38	0,2	55,58	0,0	252	149	1
2014	4,0	17,20	0,0	26,40	166	149	1
2015	46,62	0,4	86,88	0,0	199	149	1
2016	42,27	14,6	23,65	2,2	430	149	0.00359973069896
2017	162,158	0,4	170,216	0,0	320	149	1
2019	509,430	0,0	661,629	6,0	213	149	1
2020	0,0	79,115	4,8	103,132	315	149	1
2021	4,19	2,2	12,12	11,2	248	149	0.396986531305
2022	128,101	6,7	216,143	6,4	186	149	1
2023	57,42	4,0	56,86	0,0	178	149	1
2026	18,16	0,0	17,33	4,0	804	149	0.51990279694
2027	0,4	0,0	0,2	4,0	187	149	1
2028	18,20	0,0	19,33	4,0	510	149	1
2029	0,0	16,24	2,0	21,12	209	149	1
2033	432,486	0,0	645,605	2,0	219	149	1
2034	36,26	0,0	39,32	2,0	231	149	1
2035	8,4	2,0	4,14	6,5	247	149	0.0366631336214
2036	10,4	2,0	4,4	0,0	199	149	1
2037	17,8	25,38	16,27	20,38	292	149	0.915715914411
2038	122,101	25,38	123,126	20,38	974	149	1
2039	59,49	9,8	45,41	12,11	242	149	1
2040	61,55	25,38	59,53	20,38	242	149	1
2041	99,71	8,0	65,44	6,4	242	149	1
2042	94,127	0,0	207,198	0,4	181	149	1
2044	12,13	42,50	10,16	48,52	241	149	1
2045	10,8	42,50	4,8	48,52	316	149	1
2046	131,148	0,0	105,160	2,0	197	149	1
2048	13,10	14,6	10,14	6,7	262	149	0.844884676125
2049	45,27	14,6	43,78	6,7	200	149	0.448188560912
2052	116,137	0,0	206,209	2,0	220	149	1
2053	58,54	0,0	128,108	2,0	427	149	1
2055	12,14	14,2	14,12	0,6	277	149	0.412763061284
2056	44,61	0,0	78,115	0,2	262	149	1
2057	58,32	0,0	45,46	7,11	215	149	0.0135512085038
2058	154,133	6,2	191,258	9,16	267	149	1
2059	210,293	0,0	334,287	2,0	245	149	1
2060	231,193	0,0	243,273	0,4	341	149	1
2061	118,197	0,0	136,169	0,8	207	149	1
2062	399,232	2,2	459,368	10,6	191	149	1
2063	795,820	4,6	1190,1312	0,0	236	149	1
2065	33,20	2,0	45,42	0,11	195	149	1
2066	19,29	2,0	41,47	0,11	222	149	1
2067	9,7	0,0	12,18	0,2	189	149	1
2068	13,11	0,0	12,20	6,0	189	149	0.866628277574
2069	102,88	2,2	160,173	0,0	266	149	1
2070	62,42	2,2	91,113	0,0	260	149	1
2071	8004,7608	0,0	8795,9462	2,0	227	149	1
2072	42,54	0,2	64,56	0,0	227	149	1
2073	2,0	87,105	2,0	113,120	306	149	1
2076	16,16	4,0	28,49	0,4	945	149	0.907031835229
2077	9,6	46,55	10,16	74,75	195	149	1
2078	225,205	0,0	201,215	0,4	264	149	1
2079	184,178	2,0	149,197	4,6	201	149	1
2080	59,43	0,0	90,46	2,0	201	149	1
2083	195,177	12,8	170,214	19,10	210	149	1
2084	2,4	12,8	9,2	4,16	223	149	0.938838607525
2085	2,0	12,8	5,8	4,16	191	149	0.0112456710473
2086	2,0	26,8	0,0	24,16	224	149	1
2087	34,42	0,0	78,67	0,2	201	149	1
2088	255,291	0,0	275,269	2,0	266	149	1
2089	315,317	0,2	339,361	0,0	210	149	1
2090	19,20	0,0	26,51	0,1	229	149	1
2091	30,26	0,0	39,55	2,0	236	149	1
2094	14,2	530,515	12,28	606,702	309	149	1
2095	0,2	10,4	0,0	14,20	227	149	1
2096	232,175	0,2	269,235	0,0	280	149	1
2099	119,58	0,0	85,115	0,2	223	149	1
2100	190,157	0,2	230,257	0,0	438	149	1
2101	19,25	0,0	13,46	0,4	268	149	1
2103	0,4	14,4	6,0	24,10	219	149	1
2104	41,33	0,0	31,48	6,8	479	149	7.72876669506e-05
2105	379,477	2,0	419,387	0,0	203	149	1
2106	224,237	0,0	255,298	0,2	245	149	1
2107	18,9	2,0	5,39	0,0	251	149	1
2108	24,8	2,0	9,31	0,0	244	149	1
2109	302,309	0,0	326,406	3,6	249	149	1
2110	124,64	2,2	133,115	0,2	198	149	1
2111	6,3	13,12	18,20	20,16	203	149	0.105012430997
2113	8,22	4,1	32,32	8,0	202	149	1
2114	45,42	1,2	94,86	0,0	222	149	1
2115	1483,1511	7,2	1996,2224	2,3	196	149	1
2116	1168,1210	5,2	1464,1532	0,2	249	149	1
2117	3259,3355	18,4	4558,5011	2,4	280	149	1
2118	10,20	8,4	6,12	7,14	255	149	0.208435143187
2119	30,32	0,0	44,34	0,2	278	149	1
2120	737,687	2,0	845,913	0,0	359	149	1
2121	127,108	0,0	144,201	2,0	258	149	1
2122	0,4	0,0	4,4	0,2	181	149	1
2123	93,127	0,2	161,140	0,0	427	149	1
2124	82,106	2,1	125,122	6,0	427	149	1
2125	0,6	0,12	0,3	2,4	438	149	1
2126	11,3	6,49	4,8	38,19	287	149	1
2127	1241,1224	0,0	1356,1510	0,4	494	149	1
2128	5361,5030	2,0	6258,6701	2,0	269	149	1
2131	13,2	284,364	4,2	384,456	461	149	1
2135	56,75	0,0	77,116	2,0	231	149	1
2136	215,245	0,0	286,298	4,2	206	149	1
2139	6836,6688	0,0	7880,8639	0,2	224	149	1
2140	3356,3300	0,0	3951,4359	0,2	227	149	1
2141	1866,1943	4,1	1881,1918	4,0	199	149	1
2142	42,49	0,0	37,52	0,6	216	149	1
2144	4,1	18,16	4,6	43,30	699	149	1
2145	165,150	0,2	180,234	0,0	221	149	1
2146	162,173	2,0	181,314	0,0	194	149	1
2147	66,49	0,4	79,87	0,0	223	149	1
2149	60,44	2,4	65,80	0,2	457	149	1
2150	0,0	0,6	4,0	2,4	222	149	1
2151	263,223	143,97	271,226	130,151	221	149	1
2152	7,20	4,4	17,27	8,4	203	149	1
2153	7,6	4,4	7,15	8,4	224	149	1
2154	3014,2858	0,0	3447,3862	0,7	224	149	1
2155	116,74	0,4	92,136	0,0	305	149	1
2156	86,57	0,0	123,121	0,1	198	149	1
2157	68,68	0,2	79,72	2,16	245	149	0.388998598583
2159	20,42	0,0	32,48	2,0	220	149	1
2163	10,9	106,78	13,26	117,152	337	149	1
2164	265,275	0,4	333,391	2,3	203	149	1
2165	601,586	2,0	852,920	4,0	242	149	1
2168	2,0	121,67	0,4	86,125	237	149	1
2169	270,209	0,6	445,394	6,4	244	149	1
2170	2,8	0,0	8,14	0,8	220	149	0.312490649115
2172	79,75	2,0	99,57	0,0	263	149	1
2173	128,108	0,0	127,130	2,0	396	149	1
2174	53,57	12,2	84,84	4,2	311	149	0.687881046329
2179	2444,2301	27,26	3010,2886	27,10	229	149	1
2180	177,187	23,12	168,142	6,6	214	149	1
2181	57,44	0,0	70,133	0,6	276	149	1
2182	2,2	0,0	2,4	0,4	223	149	0.408216282414
2183	17,10	0,0	13,28	0,4	341	149	1
2184	14,22	15,3	16,22	7,8	210	149	1
2185	2,10	15,3	4,12	7,8	254	149	1
2186	30,59	2,0	36,56	0,0	386	149	1
2187	175,156	0,0	237,224	2,0	223	149	1
2188	89,69	136,118	142,127	125,153	260	149	1
2190	88,48	0,0	83,55	0,1	1584	149	1
2191	88,48	0,0	81,57	0,1	1565	149	1
2192	2,0	10,8	0,1	10,9	295	149	1
2193	14,8	0,0	10,6	2,0	234	149	1
2196	68,77	8,6	63,98	6,10	225	149	1
2197	19,24	0,0	12,20	2,0	260	149	1
2200	2,3	9,12	2,2	20,11	262	149	1
2202	51,64	0,6	34,80	3,8	187	149	1
2203	68,95	3,0	86,94	2,7	212	149	1
2204	84,47	3,0	74,67	0,0	301	149	1
2205	0,0	35,10	0,12	8,7	372	149	0.665513396996
2206	30,48	0,2	36,60	0,0	310	149	1
2208	98,60	0,2	86,81	0,0	208	149	1
2209	340,340	0,0	387,468	4,0	217	149	1
2210	34,44	2,0	46,47	6,6	222	149	0.361730487876
2211	2,22	0,0	18,15	0,1	252	149	1
2213	13,10	14,14	41,43	49,33	232	149	1
2214	10,4	14,14	23,32	49,33	193	149	1
2215	21,37	2,0	40,30	0,0	206	149	1
2216	21,36	4,6	46,44	2,5	224	149	0.916647613517
2217	55,96	4,6	104,104	2,5	231	149	1
2218	2,12	4,0	10,20	2,6	216	149	1
