IJC_SAMPLE_1	SJC_SAMPLE_1	IJC_SAMPLE_2	SJC_SAMPLE_2	IncFormLen	SkipFormLen
1,3	177,168	0,0	79,131	180	99
13,4	0,7	7,6	0,6	158	99
2,0	11,11	0,0	9,11	109	99
113,134	14,11	64,122	10,12	134	99
104,124	1,0	58,104	0,0	134	99
2,1	263,265	4,9	98,186	198	99
2,2	714,743	0,1	416,723	106	99
266,218	5,4	95,260	0,1	198	99
31,17	3,1	2,5	0,0	198	99
5,6	1,8	2,7	5,10	192	99
6,3	9,9	1,5	5,18	198	99
3,2	9,9	1,1	5,18	134	99
40,33	0,0	16,32	0,1	105	99
5,3	62,68	3,8	37,77	198	99
217,225	30,15	124,186	27,41	120	99
42,40	30,15	30,48	27,41	186	99
8,1	183,186	12,12	106,150	165	99
80,70	0,2	33,61	1,1	198	99
13,9	0,3	7,11	0,0	103	99
45,51	0,0	24,62	1,0	102	99
1,0	65,44	0,0	25,38	198	99
0,1	2,4	0,0	3,2	114	99
148,139	0,1	43,73	0,0	198	99
670,614	2,3	327,652	0,0	111	99
19,9	23,37	5,8	17,47	129	99
1,11	230,250	2,4	136,202	198	99
16,13	113,177	18,15	68,131	138	99
0,4	83,77	6,2	19,54	198	99
1,1	105,146	3,4	67,120	198	99
5,1	18,9	0,1	6,11	111	99
125,129	6,11	32,107	8,13	198	99
5,3	323,317	1,3	150,355	138	99
44,57	0,0	21,32	0,5	198	99
156,139	9,4	91,124	0,6	111	99
31,30	0,1	25,37	0,0	105	99
23,21	269,302	17,30	148,274	198	99
13,8	251,206	6,18	98,178	127	99
49,53	151,137	21,43	68,111	198	99
3,4	205,200	1,6	160,238	107	99
0,4	0,0	4,4	0,1	198	99
141,135	0,1	68,129	0,0	198	99
81,79	0,1	46,101	0,0	117	99
101,116	1,0	62,136	0,0	198	99
98,129	1,0	73,145	0,0	198	99
16,28	1,0	19,36	0,0	198	99
73,118	0,2	49,111	2,1	198	99
18,20	69,68	15,36	49,83	198	99
224,179	6,5	119,224	17,12	198	99
8,8	198,205	1,0	103,149	198	99
217,222	0,2	151,214	0,0	107	99
6,3	203,214	4,3	117,221	101	99
16,10	58,42	10,16	29,72	154	99
13,7	10,9	9,8	5,16	154	99
0,0	248,243	1,0	152,330	198	99
25,17	1,2	4,3	3,6	119	99
16,31	1,1	10,15	0,1	103	99
19,33	21,14	7,10	16,29	111	99
34,32	0,3	13,20	0,0	140	99
68,93	153,195	13,17	114,180	117	99
2,3	244,340	2,0	121,271	107	99
21,19	55,89	5,13	22,40	198	99
11,19	25,26	1,7	10,11	183	99
19,11	13,8	6,9	3,2	198	99
12,28	3,1	7,27	1,3	198	99
33,56	3,1	21,38	1,3	198	99
3,2	0,1	1,1	0,0	103	99
41,46	2,6	19,31	12,9	198	99
21,12	700,711	12,28	358,662	103	99
4,2	22,41	0,7	16,16	127	99
31,43	28,40	16,19	16,30	198	99
1,1	9,14	0,1	7,8	127	99
4,2	0,0	3,1	3,8	131	99
257,246	0,1	90,193	0,0	198	99
7,8	1500,1557	9,7	1096,1855	103	99
382,414	3,2	290,522	0,0	198	99
25,27	824,919	15,48	549,884	102	99
22,18	183,175	12,10	87,138	198	99
0,0	5,5	1,2	1,0	117	99
8,3	5,5	13,12	1,0	159	99
174,161	5,0	107,182	2,2	198	99
0,0	24,16	1,0	25,20	104	99
1,6	0,2	0,2	6,2	198	99
6,13	34,48	0,0	27,20	105	99
1,3	16,7	1,0	14,27	125	99
10,13	106,98	7,19	91,163	156	99
3,0	69,65	1,0	28,86	192	99
125,90	1,4	24,49	0,1	141	99
155,145	3,7	113,187	1,2	198	99
22,16	561,583	17,24	352,546	198	99
168,233	9,6	103,164	4,10	198	99
6,7	34,43	0,3	28,52	119	99
1246,1265	7,10	720,1159	0,5	126	99
3,1	5,6	0,6	5,19	121	99
2,4	80,95	6,9	48,109	104	99
166,222	0,0	98,138	0,3	198	99
10,5	922,803	3,3	298,625	198	99
29,21	0,2	8,6	0,0	198	99
3,2	25,16	0,2	3,13	115	99
0,9	17,14	4,6	6,10	115	99
4,1	17,23	0,1	9,18	181	99
1,0	353,383	1,1	199,325	132	99
5,3	347,361	0,3	207,360	198	99
143,91	5,5	116,181	3,6	198	99
5,1	678,507	8,12	506,893	103	99
72,59	1,4	21,23	2,3	198	99
200,186	1,0	87,155	0,0	124	99
65,58	23,29	31,60	5,8	124	99
1048,1185	2,2	600,1096	4,6	105	99
134,118	0,0	87,214	0,1	149	99
44,44	0,1	29,41	0,0	113	99
9,8	40,19	6,3	15,15	110	99
15,22	6,9	9,17	0,3	102	99
13,27	22,10	19,39	16,38	198	99
4,5	302,274	3,0	184,299	198	99
13,10	85,95	3,3	27,60	198	99
151,137	5,1	79,129	1,6	103	99
0,0	4,13	1,0	5,19	195	99
1,1	80,64	0,3	51,92	198	99
112,94	28,20	19,37	29,65	164	99
3,2	29,38	0,10	17,25	198	99
14,10	55,57	7,16	27,53	198	99
33,40	129,144	12,15	147,200	108	99
1,0	479,271	0,0	106,233	101	99
1,1	12,15	1,1	7,13	198	99
30,39	33,25	37,46	13,15	198	99
8,8	429,417	3,4	167,326	198	99
2,5	495,505	4,2	306,525	130	99
0,2	61,78	0,3	33,63	198	99
29,26	120,82	2,2	50,86	198	99
0,2	8,5	0,6	8,9	198	99
13,4	1,1	16,6	0,0	135	99
173,161	51,69	18,45	30,54	123	99
2,4	1460,1523	2,0	1025,1724	198	99
1181,1077	2,4	512,1051	2,0	198	99
17,7	8,3	20,36	6,11	180	99
4,5	0,1	0,2	0,0	127	99
191,188	49,48	141,233	27,45	198	99
4,4	0,0	1,7	1,2	193	99
2,4	406,501	0,4	213,402	198	99
2,4	406,501	1,3	213,402	198	99
6,6	6,7	3,7	3,3	198	99
4,1	2,0	0,1	0,0	141	99
110,101	8,24	47,84	5,22	109	99
108,119	51,41	81,169	67,79	125	99
188,204	0,1	96,189	0,1	198	99
57,55	6,20	35,66	0,5	111	99
88,85	9,7	31,60	8,5	119	99
378,332	4,1	364,710	2,1	198	99
5,0	0,1	1,11	0,1	198	99
6,10	13,21	3,4	6,6	111	99
8,9	0,2	1,3	4,0	122	99
3,12	5,6	1,6	1,1	104	99
28,52	33,23	23,33	5,21	198	99
33,54	33,23	24,34	5,21	198	99
1,1	172,186	0,3	65,142	144	99
11,6	0,1	9,17	0,0	138	99
64,62	22,19	52,92	2,6	121	99
6452,5161	190,118	3028,5713	61,129	198	99
16,9	189,290	9,30	96,165	118	99
91,82	87,78	40,74	56,120	175	99
264,363	87,78	127,209	56,120	156	99
10,16	16,27	8,19	2,0	113	99
4,7	67,63	2,5	21,61	137	99
28,11	283,345	7,20	218,321	198	99
16,19	377,392	6,11	234,433	102	99
82,108	3,2	39,97	1,6	198	99
81,113	2187,2609	42,101	1162,2532	198	99
79,57	11,8	55,53	4,5	156	99
95,97	11,8	73,88	4,5	198	99
56,72	27,12	39,68	8,17	153	99
16,22	1,1	20,26	0,0	198	99
51,59	17,31	26,40	31,53	120	99
223,259	23,26	90,180	7,13	198	99
232,280	23,26	112,221	7,13	198	99
52,85	0,0	53,86	1,0	116	99
10,17	12,12	1,9	0,5	114	99
7,14	1,1	5,7	0,2	198	99
99,141	56,76	58,132	48,105	198	99
238,238	286,292	35,85	184,487	132	99
5,3	1,0	0,1	1,1	167	99
0,2	35,26	0,1	13,36	104	99
16,21	43,48	9,18	23,38	129	99
14,19	55,75	5,2	36,51	127	99
46,43	119,126	10,18	123,160	144	99
48,33	179,195	8,21	192,262	144	99
252,225	27,12	126,198	18,14	112	99
15,7	246,204	3,8	122,276	103	99
6,2	1,1	3,2	3,0	103	99
0,1	3,0	2,0	0,3	103	99
96,77	0,0	50,64	0,2	101	99
7,3	8,2	0,7	6,1	198	99
33,38	0,1	26,44	0,1	198	99
61,56	175,157	56,112	50,96	107	99
64,101	9,4	49,124	6,18	198	99
480,513	2,1	276,437	2,0	129	99
321,330	1,0	178,323	0,0	129	99
12,7	15,23	9,16	12,20	114	99
7,6	0,0	4,3	0,2	103	99
2,2	24,22	0,1	6,15	198	99
19,37	18,14	6,23	2,14	104	99
22,18	181,188	24,57	87,149	110	99
6,3	44,35	4,11	75,158	113	99
11,15	117,184	9,9	88,138	198	99
2,5	83,74	0,1	18,67	198	99
19,6	144,181	3,6	53,141	198	99
8,4	179,228	2,3	100,182	198	99
2,1	179,228	2,3	100,182	198	99
8,4	7,4	1,7	0,3	175	99
192,203	0,0	114,195	0,3	198	99
8,12	212,219	3,12	114,223	126	99
24,17	2,0	16,14	1,0	154	99
0,0	0,2	2,0	0,4	105	99
5,19	71,49	24,38	25,42	198	99
0,0	5,3	1,1	0,2	198	99
0,1	0,0	0,1	1,0	104	99
2,3	133,86	3,0	51,61	198	99
79,69	76,74	22,43	58,104	198	99
423,404	0,0	197,360	0,1	198	99
27,16	233,194	17,25	113,240	123	99
9,12	114,84	5,4	37,84	198	99
15,23	134,170	4,6	71,152	116	99
261,312	1,2	123,303	0,1	159	99
2,1	23,16	0,3	5,13	198	99
216,209	714,579	153,265	269,524	198	99
2,1	3,0	3,2	0,0	105	99
102,89	8,10	58,111	5,10	149	99
38,42	240,286	25,51	112,217	198	99
223,184	0,0	105,170	0,1	198	99
262,308	0,2	119,277	0,0	198	99
2,0	46,76	1,0	36,78	114	99
37,55	1,0	19,32	1,1	157	99
0,1	23,34	1,4	15,46	198	99
8,12	3,2	7,9	1,1	198	99
64,55	1,0	24,51	3,0	198	99
54,59	2,6	32,55	0,2	198	99
15,15	2,6	8,14	0,2	198	99
34,24	48,47	8,15	25,46	198	99
9,14	2,6	9,11	0,2	198	99
15,12	48,47	7,3	25,46	156	99
26,24	3,2	7,17	2,2	198	99
83,77	0,0	37,66	1,0	198	99
6,13	47,45	1,1	17,49	162	99
12,7	160,116	3,9	34,129	198	99
412,436	0,0	255,526	0,1	135	99
208,189	3,2	164,205	9,6	198	99
9,6	0,2	4,1	0,0	122	99
2,2	1,1	0,0	0,6	103	99
0,1	43,33	0,0	19,31	147	99
13,8	33,32	4,7	16,22	198	99
12,8	33,32	4,6	16,22	198	99
7,4	33,32	3,4	16,22	178	99
0,4	3,4	0,0	1,0	181	99
15,8	938,1052	4,13	538,882	198	99
444,487	3,2	159,342	1,2	198	99
10,5	183,231	8,11	73,145	198	99
119,158	451,580	36,94	232,376	125	99
4,6	38,38	2,3	18,50	198	99
3,11	71,88	4,3	62,91	130	99
6,17	0,0	3,8	1,0	198	99
0,3	200,192	1,1	101,207	114	99
401,492	11,9	248,486	2,10	103	99
7,3	37,34	8,21	36,46	198	99
239,221	11,14	104,191	5,8	198	99
128,88	1,0	71,163	0,0	198	99
37,19	17,23	7,20	10,24	103	99
257,276	29,29	138,236	7,19	198	99
3,7	53,63	2,1	28,63	198	99
239,222	13,16	118,224	14,43	121	99
2,1	2012,2128	2,1	883,1818	198	99
21,31	77,83	17,27	38,60	198	99
7,3	1,0	4,3	0,1	122	99
32,53	190,179	22,58	109,209	130	99
214,245	3,7	128,255	5,4	198	99
23,21	8,4	28,42	8,35	198	99
5,3	57,61	10,10	42,83	104	99
299,400	18,27	179,317	18,43	152	99
77,58	16,3	31,49	0,2	198	99
27,25	102,107	33,29	30,70	145	99
143,182	272,336	120,263	142,269	198	99
411,435	34,25	188,331	12,6	131	99
11,4	0,0	6,8	1,0	198	99
115,99	0,0	69,126	1,0	198	99
115,97	3,1	65,130	3,5	198	99
10,9	3,1	3,7	3,5	198	99
16,9	2,8	3,9	9,14	198	99
7,3	105,81	31,25	40,47	110	99
0,0	2,1	1,0	1,6	118	99
14,23	46,68	2,10	17,46	107	99
6,4	41,29	1,11	40,56	157	99
1937,1944	0,1	1172,1762	1,0	198	99
126,131	811,761	92,159	457,813	198	99
1,7	29,23	1,5	9,23	198	99
16,23	50,52	13,23	15,35	111	99
1,0	23,30	0,3	5,19	198	99
0,2	0,2	1,5	0,1	198	99
1,6	37,19	2,4	17,13	198	99
457,634	4,5	273,589	0,8	198	99
1,3	808,747	3,4	367,648	132	99
8,6	3,2	9,13	2,6	118	99
15,12	4,4	9,17	0,3	198	99
33,61	4,6	27,56	1,7	116	99
0,0	12,16	1,0	12,13	174	99
29,24	8,11	11,14	7,15	198	99
2,0	23,25	2,3	7,27	104	99
9,13	0,2	9,12	0,1	198	99
1049,1068	4,14	542,1064	1,4	144	99
7,4	40,46	2,6	21,62	170	99
256,250	0,1	137,227	0,0	198	99
355,370	3,1	279,413	4,6	144	99
3,2	141,140	15,21	36,109	198	99
12,6	881,828	1,0	424,837	198	99
36,28	0,1	25,49	2,10	114	99
196,175	8,24	133,246	14,15	177	99
47,84	257,270	12,28	163,277	198	99
298,336	11,15	153,304	16,17	142	99
85,115	101,147	96,144	22,34	103	99
19,34	37,44	1,13	20,54	198	99
2,1	17,8	0,0	7,3	198	99
66,71	293,398	12,39	226,395	198	99
0,1	8,7	8,13	3,6	111	99
324,276	35,37	94,143	124,193	105	99
161,169	6,9	31,35	15,22	130	99
229,231	0,3	82,169	4,3	108	99
0,6	175,187	8,6	149,183	198	99
10,9	193,194	1,10	153,225	198	99
1,0	989,872	1,2	565,993	103	99
83,95	64,75	73,125	26,49	120	99
2,9	11,8	1,0	10,6	183	99
252,305	330,358	137,269	172,295	102	99
9,9	74,96	7,10	51,60	198	99
46,29	152,128	15,41	69,93	128	99
192,187	0,0	104,180	4,0	194	99
7,6	460,334	3,5	240,418	198	99
320,309	2,1	169,286	0,2	198	99
161,148	7,5	44,90	2,1	126	99
5,1	118,124	5,7	72,150	117	99
1,2	60,81	1,2	44,58	198	99
326,304	28,32	263,472	5,25	191	99
14,22	595,721	19,30	274,579	198	99
689,845	1,1	305,651	0,0	198	99
186,197	27,19	162,263	12,21	158	99
32,16	3,5	10,22	0,0	138	99
25,14	1182,1185	10,27	810,1311	103	99
8,4	598,539	5,18	273,549	198	99
1402,1244	3,1	797,1410	1,15	102	99
148,131	1,2	45,94	0,0	198	99
189,177	31,16	191,236	10,17	198	99
25,19	2,0	12,24	0,0	198	99
75,60	3,5	23,65	0,1	165	99
61,52	2,0	20,62	0,0	102	99
8,7	304,306	4,8	147,254	198	99
0,1	131,116	0,0	59,79	198	99
24,31	1,0	17,14	0,0	198	99
241,221	155,117	340,494	443,723	102	99
8,2	286,332	3,1	139,285	198	99
555,533	2,4	376,683	1,1	103	99
35,32	282,267	6,16	161,289	198	99
393,486	0,0	237,465	0,1	198	99
44,53	10165,8082	68,100	4991,8279	162	99
3405,3232	0,2	1581,3088	2,5	135	99
159,78	4,0	19,44	1,0	198	99
223,197	226,215	74,135	111,202	102	99
0,0	906,954	5,2	673,1147	147	99
591,548	1944,1756	198,307	993,1761	102	99
10,23	1130,1255	1,15	525,1115	122	99
116,162	2,2	97,159	3,0	198	99
56,91	2,2	67,106	3,0	198	99
58,119	111,150	66,142	88,154	198	99
18,22	25,23	10,20	18,26	153	99
0,0	10608,8134	4,10	7549,14431	103	99
14,9	5,3	10,16	0,1	198	99
79,107	2,6	57,113	3,0	198	99
85,106	0,0	40,75	0,1	198	99
12,12	14,20	0,5	7,12	122	99
13,2	0,0	8,12	0,1	198	99
4,3	2165,2323	3,5	963,2048	198	99
10,6	1,0	7,15	0,0	108	99
0,0	76,64	0,1	33,76	104	99
64,48	101,150	25,53	35,93	198	99
2,3	0,2	1,0	0,2	173	99
9,5	4,4	9,16	1,0	159	99
2,2	101,111	0,4	56,70	123	99
15,14	10,7	7,14	12,15	198	99
25,23	2,0	13,39	0,2	198	99
28,24	2,0	23,45	0,2	169	99
66,60	17,22	12,32	18,37	114	99
0,0	6,5	1,0	0,8	198	99
5695,7109	3,12	3554,6790	0,2	117	99
2483,3130	110,122	1452,2873	63,123	117	99
2478,3122	1,11	1442,2860	6,16	117	99
2865,3617	1,11	1720,3353	6,16	138	99
391,498	4,3	279,494	1,1	120	99
2474,3120	3,5	1442,2861	3,2	117	99
3430,4139	3,5	2091,4024	3,2	138	99
956,1020	0,1	650,1165	1,2	120	99
147,183	1158,1500	25,60	604,1115	112	99
102,117	115,157	19,57	119,222	112	99
3,5	149,173	1,2	77,151	198	99
68,109	90,97	12,51	70,176	120	99
424,383	1,3	179,380	3,10	139	99
9,5	186,196	4,15	173,333	111	99
1,4	41,51	0,2	26,49	198	99
8,3	1,0	3,2	0,0	103	99
5,19	23,44	7,8	8,28	198	99
4,18	11,20	7,8	1,8	104	99
5,0	0,0	0,1	0,1	123	99
314,316	3,8	168,297	0,2	113	99
481,515	17,8	240,475	0,1	126	99
9,5	14,15	2,5	10,10	146	99
178,300	1,0	127,180	0,1	198	99
40,54	2,0	14,33	0,0	198	99
17,27	79,70	10,36	26,33	129	99
5,7	169,160	45,87	32,69	103	99
33,21	47,53	17,21	24,25	198	99
13,6	28,17	5,12	16,21	169	99
269,189	0,4	168,244	6,13	103	99
0,0	3,4	0,2	1,7	103	99
102,119	2,0	48,103	0,0	198	99
16,8	57,71	0,2	12,39	198	99
1,2	115,103	5,0	64,94	198	99
260,274	17,24	131,288	7,26	103	99
0,6	0,1	4,0	0,0	162	99
24,33	247,281	12,32	116,304	198	99
2,5	323,264	0,0	151,292	103	99
614,496	0,0	257,400	0,2	123	99
668,654	32,44	437,668	1,4	129	99
1034,1015	13,12	536,900	3,10	198	99
84,98	7,2	45,105	2,1	179	99
2,0	0,3	0,1	0,1	110	99
7,5	37,28	20,33	2,6	117	99
58,64	1,2	14,30	1,0	198	99
80,168	37,46	66,102	40,45	159	99
42,39	10,13	14,25	4,9	119	99
17,18	10,13	29,25	4,9	144	99
10,5	35,26	24,19	9,19	124	99
4,3	200,167	3,3	114,206	102	99
82,96	85,95	30,58	78,136	198	99
0,2	1,0	0,1	0,0	116	99
20,23	26,22	1,10	26,62	122	99
29,14	9,5	0,9	9,7	198	99
20,17	9,5	15,35	9,7	198	99
15,14	24,11	15,33	0,1	104	99
3,3	55,76	1,0	42,42	102	99
14,3	28,42	1,6	12,12	111	99
3,0	110,132	1,3	51,114	198	99
33,31	0,2	20,29	0,0	198	99
2,4	0,2	3,9	0,0	198	99
16,12	110,118	1,2	52,119	114	99
2,2	96,84	1,1	9,33	103	99
78,78	99,117	16,30	84,125	117	99
66,39	2,0	26,55	2,4	198	99
10,11	33,31	13,18	9,14	124	99
145,132	7,10	92,166	4,12	198	99
3,5	111,106	0,2	33,97	198	99
0,4	9,3	0,0	2,7	110	99
9,6	53,72	13,25	38,84	198	99
283,207	0,1	103,188	0,0	144	99
180,192	5,2	131,253	0,6	130	99
2,0	13,12	0,0	15,5	111	99
0,2	0,1	1,2	0,1	110	99
1,2	3,2	1,2	0,0	126	99
1,1	3,2	0,1	0,0	115	99
5,13	784,874	0,6	312,681	198	99
2,7	26,29	5,1	16,8	198	99
40,49	20,15	13,19	16,10	118	99
4,12	20,15	2,2	16,10	127	99
4,5	40,42	0,0	11,17	108	99
1,1	49,67	1,4	25,83	120	99
11,28	148,137	25,52	39,106	117	99
20,23	6,3	4,17	0,0	198	99
36,22	2,0	10,33	0,1	122	99
185,187	7,5	83,116	3,1	190	99
4,13	0,2	8,22	0,0	198	99
71,79	3,1	25,60	2,1	112	99
0,1	0,0	0,1	1,0	106	99
2273,2410	3,0	1213,2429	0,0	198	99
0,1	10,4	1,0	3,6	198	99
84,105	25,24	56,92	13,9	103	99
0,0	112,115	0,1	72,127	103	99
30,33	5,2	10,29	4,1	198	99
4,0	40,37	0,4	14,49	198	99
19,12	375,311	9,12	156,294	116	99
11,6	824,852	12,15	569,1162	198	99
0,1	78,101	2,0	80,132	103	99
2,5	0,2	0,2	0,0	103	99
7,4	72,61	7,0	33,56	102	99
45,64	11,13	26,58	3,5	115	99
12,6	1,0	3,14	0,1	166	99
51,76	85,110	35,91	40,67	146	99
28,15	0,0	12,15	2,3	103	99
75,82	0,2	38,81	0,0	115	99
8,7	5,7	2,10	6,12	198	99
54,58	160,165	54,81	89,137	198	99
9,15	34,43	7,11	34,58	125	99
8,4	34,43	5,29	34,58	198	99
5,5	5,15	4,31	5,2	198	99
1,0	5,1	0,1	1,2	107	99
47,49	6,5	29,57	1,2	116	99
449,441	4,0	183,329	0,0	198	99
7,8	52,55	8,16	44,105	198	99
181,173	1,1	56,146	0,0	198	99
4,5	105,107	8,6	89,141	198	99
50,34	100,101	11,28	69,106	198	99
36,26	100,101	7,23	69,106	198	99
8,6	16,9	3,8	4,5	139	99
12,22	213,230	12,33	70,136	198	99
212,264	1,4	83,182	0,0	198	99
87,97	19,17	38,85	6,0	114	99
29,41	22,12	15,35	12,12	103	99
5,7	22,7	7,19	1,6	103	99
18,8	19,9	4,10	7,22	120	99
64,35	0,3	24,55	0,1	198	99
65,36	0,3	27,67	0,1	180	99
3,2	225,221	5,3	144,231	105	99
19,17	38,43	11,11	32,57	198	99
0,3	29,25	3,1	15,18	198	99
4,1	4,2	3,9	2,4	137	99
0,2	317,298	2,7	159,298	117	99
312,235	46,58	142,220	25,39	198	99
216,210	4,9	109,170	10,11	105	99
93,88	70,46	79,133	68,78	105	99
4,0	2,1	0,2	1,2	130	99
157,144	24,26	99,186	9,17	127	99
16,16	282,271	4,18	195,289	102	99
11,9	64,72	3,10	51,65	122	99
5,4	349,350	2,3	237,281	198	99
1,3	126,92	1,0	36,108	102	99
4,6	0,3	0,3	4,9	158	99
2,0	983,1209	1,0	667,1098	198	99
1167,1538	14,20	737,1394	16,35	198	99
391,544	267,408	260,592	115,175	134	99
0,0	66,72	0,1	35,39	108	99
3,8	4,1	6,5	2,2	198	99
13,18	4,1	6,14	2,2	198	99
12,20	2,4	1,14	1,3	198	99
9,25	0,1	7,21	1,3	113	99
9,7	128,108	24,27	53,139	115	99
22,19	14,10	2,20	9,32	103	99
1,7	35,29	1,4	12,40	198	99
47,57	264,227	6,14	127,275	102	99
403,370	60,51	185,278	50,89	198	99
13,8	217,229	8,9	185,285	129	99
188,216	23,24	81,207	15,49	120	99
4,4	3,1	0,2	3,0	125	99
2,0	12,9	0,1	2,7	198	99
9,18	12,11	0,7	0,5	198	99
0,2	4,5	0,0	3,8	118	99
10,12	10,14	6,9	2,6	198	99
10960,10200	0,1	5170,9728	0,0	169	99
5,5	1533,1408	5,6	753,1302	174	99
2,3	72,54	0,1	28,75	198	99
210,228	57,64	73,156	30,78	102	99
56,53	86,108	5,28	15,56	188	99
456,589	3,1	235,488	2,0	198	99
60,54	22,22	34,75	11,26	106	99
0,2	975,990	0,1	414,848	153	99
6,7	58,64	2,5	38,37	102	99
101,109	0,2	54,99	0,1	123	99
1,0	80,59	3,1	29,68	198	99
7,9	0,2	0,1	5,15	102	99
3,2	0,0	0,1	6,10	102	99
39,42	9,7	21,38	5,8	198	99
79,60	0,0	28,34	0,3	180	99
40,50	5,9	55,91	1,14	126	99
4,6	1,0	2,9	0,0	198	99
3,0	294,259	1,0	131,240	124	99
18,28	819,904	11,28	561,849	198	99
4,0	120,107	2,0	66,106	198	99
28,32	9,13	29,55	4,20	198	99
20,31	20,15	7,11	8,26	153	99
47,48	3,10	28,53	3,1	198	99
77,86	3,1	29,82	0,1	185	99
82,106	25,17	53,79	31,36	120	99
1,1	238,257	0,0	83,210	198	99
3,4	460,438	3,6	239,365	103	99
4,4	0,2	2,6	0,0	103	99
18,18	4,0	22,32	9,8	157	99
2,4	222,220	2,7	115,184	198	99
28,29	579,556	16,48	564,1092	198	99
0,1	136,98	0,1	75,117	103	99
7,2	850,887	2,5	539,962	102	99
0,0	296,236	1,0	213,341	103	99
93,97	0,1	61,87	1,0	198	99
296,307	0,1	189,349	0,0	198	99
16,17	4,0	15,36	0,0	198	99
10,19	38,35	18,41	10,24	130	99
11,15	38,35	9,28	10,24	135	99
3,4	2,8	1,4	10,17	104	99
3,1	58,51	4,8	13,45	119	99
62,91	14,11	43,63	4,13	198	99
11,6	123,148	5,3	97,162	102	99
34,28	102,100	12,21	51,94	198	99
11,7	0,0	4,15	0,1	103	99
434,423	13,16	280,422	1,2	144	99
2,3	1424,1361	1,4	723,1221	198	99
2,1	953,857	13,5	486,827	104	99
24,7	5,5	14,4	1,6	198	99
27,48	1,1	21,50	0,0	198	99
7,9	212,297	9,6	104,176	198	99
130,122	28,35	69,83	16,56	121	99
4,0	21,27	2,0	23,20	198	99
1805,1724	4,8	962,1924	15,13	102	99
907,845	656,611	744,1277	157,274	113	99
142,155	8,1	60,105	0,3	198	99
5,7	0,2	3,7	1,2	108	99
24,28	17,28	38,31	0,0	122	99
25,30	4,1	11,21	0,0	104	99
180,193	7,15	90,208	5,15	146	99
10,17	33,18	7,17	8,16	103	99
1,1	2,0	1,0	0,4	103	99
3,1	109,110	3,10	123,223	103	99
22,18	16,9	18,14	1,2	104	99
0,0	13,17	1,0	8,14	138	99
175,220	6,4	148,220	1,1	120	99
1,5	72,60	0,9	38,76	198	99
16,22	30,17	4,13	15,30	128	99
109,138	154,148	36,102	62,109	198	99
13,20	45,28	3,7	32,38	198	99
15,17	0,1	16,20	0,0	125	99
1,6	242,244	0,2	154,300	198	99
3,2	2,1	1,8	0,1	196	99
10,3	665,775	0,3	367,659	166	99
15,25	7,14	13,43	1,3	198	99
14,20	158,132	17,54	76,86	126	99
166,147	7,14	77,92	1,3	198	99
61,65	32,29	37,54	4,9	116	99
30,24	18,9	23,25	7,14	116	99
45,47	4,3	27,52	2,10	103	99
21,23	27,44	8,24	7,18	110	99
42,35	304,332	24,63	189,370	198	99
0,1	249,216	0,0	106,240	103	99
167,168	46,31	101,154	10,26	198	99
115,152	4,0	80,150	0,0	198	99
44,29	0,0	15,22	1,0	198	99
24,19	5,5	10,16	2,4	198	99
82,46	6,0	24,56	0,0	157	99
185,201	80,67	113,196	48,76	198	99
14,15	74,114	5,7	34,96	143	99
19,9	5,3	2,12	4,6	198	99
1,2	124,100	1,12	52,75	198	99
17,21	0,1	4,22	1,3	198	99
4,1	256,308	5,3	137,273	198	99
19,15	226,276	18,20	124,284	198	99
225,232	56,70	89,197	19,79	114	99
95,117	360,374	50,61	164,279	198	99
20,18	897,707	10,18	440,855	198	99
57,47	1,0	29,74	0,0	117	99
92,75	61,67	36,65	65,96	168	99
143,138	0,0	89,176	3,2	198	99
62,52	35,56	22,17	14,39	198	99
149,134	41,48	42,68	28,66	117	99
319,339	151,171	177,306	85,173	120	99
6,7	116,73	5,9	47,78	118	99
7,7	307,312	4,4	109,231	198	99
70,58	0,1	23,36	0,0	141	99
27,27	83,72	13,22	22,57	139	99
18,11	8,3	3,6	4,3	168	99
2,4	49,43	5,14	8,17	104	99
8,11	1136,1280	12,8	595,1226	198	99
7,10	1136,1280	12,7	595,1226	198	99
5,4	1,1	7,13	0,1	185	99
145,109	1,3	80,134	14,1	198	99
7,13	308,270	6,13	165,284	198	99
100,115	5,11	61,113	2,2	105	99
165,160	17,18	90,184	3,8	107	99
7,2	1,3	0,3	8,0	144	99
18,18	0,0	9,9	0,1	102	99
35,35	30,46	17,43	26,27	110	99
1,0	11,6	3,9	10,4	117	99
137,138	78,69	143,296	35,56	113	99
32,37	476,468	18,38	253,422	103	99
4,7	2,1	3,5	2,20	198	99
3,12	203,240	3,14	179,326	198	99
123,154	15,16	67,129	5,5	198	99
122,154	0,2	66,133	1,0	198	99
25,22	0,2	5,12	1,0	198	99
71,80	60,60	39,68	39,47	162	99
64,75	7,9	28,61	11,22	110	99
14,8	7,9	12,18	11,22	198	99
14,10	64,75	15,21	28,61	198	99
2,0	38,37	0,1	11,32	132	99
10,2	5,1	7,7	5,12	119	99
3,2	8,14	0,0	15,28	110	99
12,15	130,94	3,24	44,99	117	99
49,60	87,93	3,6	68,113	104	99
10,5	1,0	6,10	0,0	137	99
88,88	1,2	46,50	2,0	198	99
108,118	0,0	93,126	1,4	113	99
2,4	48,27	1,0	11,29	198	99
4,2	30,28	2,1	11,18	152	99
216,203	690,628	159,326	178,297	117	99
56,113	69,95	50,105	25,60	198	99
5,6	563,621	5,18	314,609	103	99
10,13	118,114	20,25	33,101	104	99
102,104	4,1	26,74	1,5	118	99
44,54	0,3	34,44	0,0	143	99
5,9	12,14	0,8	9,15	198	99
25,36	63,62	26,24	45,51	135	99
221,206	13,5	108,168	0,3	134	99
49,60	13,5	23,30	0,3	198	99
4,4	176,150	6,2	91,140	164	99
3,0	6,2	0,0	3,6	105	99
37,46	0,0	32,53	1,0	198	99
335,285	23,13	165,345	3,5	146	99
239,182	146,135	243,326	22,31	111	99
234,218	3,6	147,225	1,3	198	99
898,855	35,39	415,662	28,49	181	99
11,12	28,20	18,20	1,9	144	99
7,1	26,26	3,3	11,11	198	99
12,19	2,5	11,19	0,0	120	99
26,12	161,148	14,23	115,146	198	99
25,12	179,194	15,24	108,270	198	99
25,23	3,2	23,73	2,6	198	99
59,92	8,7	35,78	4,2	198	99
10,25	8,7	7,12	4,2	198	99
9,21	53,75	7,6	32,69	130	99
745,643	4,2	473,660	1,0	111	99
616,643	51,62	235,480	66,124	144	99
1590,2344	1334,1526	1107,1972	767,1404	156	99
3718,4787	0,2	2243,3997	0,0	114	99
3994,4939	1,0	2618,4472	4,0	117	99
51,31	34,37	36,52	9,16	125	99
224,311	47,48	120,217	17,29	198	99
75,125	5,7	37,105	0,1	191	99
44,41	1,0	24,55	0,0	198	99
48,42	136,118	22,46	83,123	198	99
12,18	136,118	12,6	83,123	198	99
24,26	18,13	13,8	7,22	198	99
22,27	12,9	12,24	8,13	198	99
18,33	30,22	14,18	3,21	198	99
97,47	2,2	29,61	1,6	138	99
28,19	2,0	22,29	0,1	123	99
1,2	1830,1998	4,5	935,1686	120	99
0,0	4,1	0,2	1,3	116	99
0,2	0,1	0,0	0,2	104	99
3,1	265,286	0,1	162,297	198	99
0,5	467,483	5,7	214,447	103	99
19,17	38,34	11,26	15,26	118	99
7,6	164,177	6,1	90,131	103	99
7,6	34,26	4,1	10,41	103	99
11,5	263,176	6,9	106,229	103	99
3,0	0,0	3,5	3,0	116	99
3,0	1136,930	3,11	526,928	198	99
0,0	1136,930	4,7	526,928	198	99
25,27	744,926	17,39	359,651	198	99
21,23	744,926	12,29	359,651	198	99
5,14	6,7	4,11	5,13	198	99
15,21	7,3	2,4	9,19	103	99
12,17	6,2	9,29	3,13	198	99
16,21	224,219	17,15	130,248	198	99
109,98	18,13	53,59	14,19	108	99
12,8	941,964	4,11	460,805	103	99
26,35	810,819	20,22	400,670	135	99
0,1	0,0	0,0	1,0	198	99
21,11	112,147	37,52	93,142	198	99
1,2	62,75	4,1	43,73	198	99
31,26	1,0	6,17	0,0	198	99
21,19	806,871	5,11	342,652	198	99
1,1	0,0	0,0	0,1	117	99
4,9	85,64	2,5	30,80	198	99
15,13	398,420	17,20	218,410	198	99
6,14	127,138	2,5	51,132	198	99
36,29	0,1	30,42	0,0	198	99
55,55	0,3	23,47	0,0	198	99
68,70	156,117	58,103	30,43	105	99
11,12	0,1	4,9	1,0	163	99
0,0	108,139	1,4	83,114	138	99
3,1	22,16	3,7	18,18	130	99
1,0	2942,2795	2,4	1731,3672	139	99
59,49	3012,2861	63,130	2045,3543	117	99
37,27	0,4	6,31	0,2	198	99
236,201	66,61	57,76	67,122	122	99
15,29	11,16	6,23	1,0	103	99
369,412	2,1	258,396	2,0	198	99
16,18	17,43	5,16	12,19	131	99
14,8	0,4	6,18	7,10	110	99
2,6	3,7	2,2	5,5	198	99
11,21	164,207	24,39	97,223	135	99
731,643	36,35	414,682	3,12	138	99
14,7	155,180	17,27	152,251	123	99
212,241	0,0	160,278	0,1	103	99
6,11	138,142	5,8	90,133	198	99
17,13	1,0	30,24	0,0	198	99
76,63	16,22	7,16	18,34	111	99
0,2	52,50	1,5	12,51	198	99
2,3	84,83	0,0	66,101	103	99
54,90	1,0	33,39	4,1	128	99
24,52	2,2	22,39	0,0	198	99
596,567	9,10	352,737	1,0	122	99
147,133	0,1	72,187	0,2	122	99
98,116	1757,2112	72,127	1040,2026	198	99
94,101	1757,2112	55,101	1040,2026	198	99
90,99	16,32	47,91	23,39	198	99
1,8	13,6	0,1	0,1	132	99
16,24	235,252	14,21	199,208	160	99
9,14	449,456	9,19	256,381	198	99
101,106	102,106	38,66	84,165	198	99
58,63	18,20	31,47	11,14	159	99
273,264	106,127	151,196	86,169	198	99
3,1	12,13	0,2	7,9	121	99
2883,3235	0,3	1996,3057	0,0	114	99
12,6	26,17	1,6	16,23	141	99
0,1	101,87	0,0	24,69	105	99
61,73	3,8	52,146	0,4	104	99
1,0	21,34	0,2	16,27	108	99
4,3	25,22	2,6	24,36	124	99
5,6	1,1	1,9	0,0	198	99
7,1	227,257	0,2	122,199	103	99
24,11	5,3	14,16	1,3	198	99
833,693	6,3	156,431	0,0	132	99
8,7	0,0	11,9	0,1	181	99
194,186	3,1	85,155	3,7	109	99
17,21	41,57	4,7	31,36	166	99
1,1	7213,6396	1,5	4764,9384	103	99
1,0	0,1	0,1	0,2	103	99
4,5	613,653	4,5	337,662	198	99
1,7	613,653	4,5	337,662	198	99
1,3	24,35	1,0	25,22	117	99
1,1	301,293	4,13	120,207	108	99
2,0	27,57	1,1	16,47	198	99
13,16	1,0	8,25	0,0	198	99
0,0	2201,2259	1,0	1122,2238	103	99
1,8	48,65	2,9	57,78	198	99
46,50	52,68	10,33	36,87	138	99
0,2	78,76	1,0	33,74	198	99
1,3	2,6	0,0	6,5	127	99
7,13	38,33	25,38	65,88	110	99
1376,1412	19,46	984,1595	25,49	123	99
1,7	3204,2741	0,10	1465,2981	198	99
9,11	0,1	2,11	0,0	198	99
14,16	487,409	5,9	175,395	198	99
32,37	40,19	14,28	5,19	111	99
350,375	7,15	203,289	14,13	140	99
382,469	1,0	245,301	0,0	143	99
130,160	28,25	68,110	5,8	117	99
5,4	41,53	3,6	6,43	198	99
83,88	23,17	57,107	1,1	104	99
106,92	2,6	90,154	0,0	155	99
3,5	18,43	1,1	23,71	119	99
0,0	105,97	0,1	59,105	102	99
12,13	20,10	9,26	21,26	102	99
200,277	7,1	102,211	1,3	198	99
1,4	3500,4201	2,0	2084,3413	198	99
61,43	1,0	26,61	1,0	198	99
125,131	12,13	85,108	6,4	198	99
2,3	54,48	1,1	40,37	113	99
3,5	0,1	2,11	0,1	198	99
7,13	68,82	15,31	38,64	198	99
7,13	0,0	8,31	0,1	198	99
3,10	9,12	5,6	5,12	198	99
0,2	9,12	2,0	6,18	198	99
5,14	6,4	5,11	0,4	198	99
117,135	24,9	50,113	17,26	146	99
6,7	131,122	3,9	77,107	198	99
155,152	1,10	42,112	4,5	198	99
46,56	6,5	23,69	0,1	104	99
0,3	21,32	0,2	12,18	103	99
13987,9958	14697,10001	15015,25186	5256,9482	110	99
89,56	2,2	7,20	11,29	105	99
4,7	0,0	0,0	1,3	105	99
51,72	17,19	27,67	11,15	198	99
17,17	5,9	9,6	0,6	166	99
7,3	263,296	2,5	133,241	198	99
0,0	60,77	2,4	42,59	117	99
14,5	0,0	12,19	1,1	126	99
210,200	2,0	116,224	0,0	198	99
1,0	72,64	0,2	30,64	198	99
2,3	95,89	0,8	76,117	198	99
4,0	85,108	0,4	66,106	103	99
448,485	0,0	254,510	0,3	102	99
56,51	1,1	17,49	0,1	128	99
11,15	20,37	2,2	20,46	158	99
54,68	74,100	6,28	53,70	180	99
9,10	0,1	1,1	0,1	198	99
159,143	13,7	100,182	5,3	198	99
5,7	16,14	13,31	13,13	198	99
46,42	54,60	48,106	8,10	111	99
5,3	33,30	5,11	0,5	111	99
40,77	62,60	33,43	50,88	115	99
2,1	57,71	0,0	17,39	106	99
99,116	39,55	63,117	14,25	149	99
5,5	533,479	8,6	257,398	103	99
5,6	244,338	1,4	151,287	198	99
7,6	508,581	1,2	248,493	198	99
2,3	130,157	3,4	82,142	198	99
13,27	4,1	10,28	0,7	198	99
29,58	18,16	22,61	5,9	170	99
4,3	4,10	2,1	1,1	136	99
10,6	0,0	9,30	0,3	198	99
0,5	92,98	1,4	34,65	198	99
0,0	343,295	0,4	148,255	198	99
29,51	3,0	8,37	0,0	139	99
0,0	7,4	2,9	7,1	198	99
4,3	130,151	5,8	44,117	198	99
11,7	130,151	11,5	44,117	198	99
1,2	2,5	1,0	1,2	198	99
2,7	116,115	3,5	52,99	198	99
3,6	18,21	1,3	20,29	198	99
4,12	116,115	3,7	52,99	198	99
17,28	814,908	5,10	292,464	105	99
12,17	5,3	4,7	0,2	103	99
46,52	82,110	34,57	41,64	183	99
3,0	15,18	4,2	14,18	127	99
31,37	132,138	27,53	55,131	198	99
46,36	3,1	12,29	13,18	126	99
54,62	65,53	33,59	29,79	198	99
85,98	1,3	26,63	0,0	175	99
0,1	18,14	0,0	17,36	117	99
53,74	2,5	23,53	0,0	118	99
304,353	434,636	117,284	228,502	198	99
25,33	28,24	17,21	9,18	198	99
76,78	6,18	25,32	5,18	114	99
266,312	5,4	146,241	1,6	109	99
17,21	0,1	17,21	4,5	109	99
33,37	85,79	25,40	32,68	156	99
8,8	3,3	3,11	2,1	149	99
47,85	10,11	52,92	7,9	107	99
11,18	24,11	16,9	0,14	107	99
14,10	2,2	1,6	2,15	129	99
4,11	144,159	2,3	58,114	198	99
10,3	319,280	1,6	154,303	103	99
31,18	231,247	10,25	209,285	198	99
4,1	293,259	2,3	184,304	132	99
9,18	0,2	5,6	13,8	117	99
31,52	3,1	20,28	0,3	154	99
9,10	11,17	4,14	5,6	152	99
1,1	5,7	0,2	22,17	198	99
4,1	186,222	1,2	118,213	198	99
14,10	353,391	12,16	118,262	103	99
18,7	2,0	4,13	1,1	102	99
34,49	103,95	19,52	39,53	111	99
13,10	97,105	9,6	46,82	198	99
103,90	1,0	33,89	0,2	118	99
105,103	165,130	47,82	73,136	102	99
74,62	1,4	46,80	2,1	146	99
0,2	398,406	6,5	292,432	198	99
17,20	120,100	18,47	42,66	103	99
179,194	650,786	44,97	508,877	116	99
89,75	16,13	36,73	2,2	198	99
135,126	36,35	57,126	50,42	198	99
71,73	36,35	25,65	50,42	116	99
3,2	5,2	1,1	2,3	110	99
0,1	179,211	0,0	117,274	101	99
95,102	0,0	34,104	1,0	127	99
127,138	8,12	44,151	6,23	127	99
639,582	7,4	360,628	12,7	198	99
17,18	51,98	2,10	37,62	198	99
8,2	28,7	0,4	5,13	105	99
2,1	6,6	0,0	3,11	111	99
5,4	15,7	0,2	7,15	111	99
12,7	3257,2689	15,16	2375,4121	103	99
702,757	1,1	362,589	0,0	198	99
69,75	268,310	30,33	165,310	182	99
11,15	0,0	0,3	5,4	106	99
96,105	30,52	61,81	48,71	175	99
2,1	686,699	3,2	317,592	198	99
23,15	4,4	4,17	2,1	198	99
284,241	174,132	159,211	96,170	142	99
413,366	24,21	241,359	13,28	181	99
490,419	1,1	282,429	0,0	196	99
305,257	24,21	178,318	13,28	138	99
382,312	1,1	219,388	0,0	153	99
101,76	1,1	54,98	0,0	114	99
17,27	9,3	14,22	0,0	116	99
4,1	179,199	0,0	118,233	103	99
84,73	30,35	42,72	18,16	143	99
26,23	74,108	16,28	84,135	198	99
3,1	5,5	2,8	6,5	198	99
0,3	1408,1382	0,0	666,1448	126	99
9,7	98,101	5,7	47,86	198	99
86,66	2,0	54,84	3,0	198	99
30,23	0,0	16,23	0,2	198	99
1,0	4,2	0,0	1,0	103	99
8,7	246,264	5,11	125,264	102	99
4,7	760,803	5,4	352,691	159	99
3,0	75,64	0,0	39,47	103	99
7,7	55,55	7,13	17,24	126	99
200,166	6830,6311	128,241	4003,6789	106	99
3,5	4582,4651	4,6	2739,5213	103	99
28,31	0,3	17,39	3,1	175	99
3,3	60,59	1,2	16,45	198	99
36,41	56,63	47,73	4,4	111	99
4,11	47,46	8,10	21,49	103	99
102,92	2,2	30,54	0,0	198	99
154,138	322,267	224,339	60,76	111	99
95,91	15,13	44,77	33,49	105	99
25,22	7,8	5,22	6,9	126	99
26,19	0,5	5,23	4,4	198	99
24,21	9,23	6,24	7,9	198	99
10,8	0,5	7,11	4,4	198	99
8,10	9,23	8,12	7,9	198	99
0,7	9,23	5,5	7,9	135	99
12,15	1,0	10,24	0,0	198	99
60,71	50,55	43,52	39,65	198	99
1346,1526	1,0	448,792	0,2	198	99
4,3	3,2	4,0	0,0	150	99
54,44	56,50	16,35	44,62	103	99
0,3	8,3	0,1	1,1	180	99
50,54	27,20	43,82	20,19	198	99
36,53	171,163	19,39	72,181	198	99
0,1	109,144	0,3	51,86	198	99
15,30	0,2	12,19	0,2	198	99
1,0	20,51	2,0	11,32	198	99
1,3	2,4	1,7	1,6	107	99
46,65	67,63	36,75	50,74	198	99
5,0	223,184	2,0	122,190	198	99
6,5	0,2	2,2	0,0	103	99
11,11	420,448	2,2	212,339	198	99
211,176	64,80	241,406	40,53	198	99
0,0	145,120	1,0	51,116	102	99
142,139	0,3	111,186	0,0	104	99
7,20	63,103	19,58	41,104	198	99
3,0	431,501	0,2	183,382	198	99
196,247	81,112	93,174	64,149	198	99
20,12	7,6	8,7	1,4	174	99
28,37	2,0	17,29	0,0	102	99
109,92	7,3	42,78	1,4	198	99
2,5	2,2	3,8	0,0	120	99
5,2	3,2	4,8	6,14	103	99
53,61	104,125	21,50	60,105	140	99
0,1	59,56	0,0	33,73	103	99
20,2	116,117	5,8	59,146	198	99
2,5	130,150	1,4	55,91	198	99
5,7	4,8	4,5	6,4	198	99
4,6	216,216	4,12	99,173	198	99
7,14	216,216	9,16	99,173	198	99
4,2	99,90	0,0	43,69	168	99
61,53	9,14	25,50	4,19	122	99
1,5	3,0	3,0	0,0	198	99
2,3	37,23	1,2	4,20	198	99
5,3	37,23	1,2	4,20	198	99
18,15	984,1122	26,42	892,1553	198	99
5,6	301,287	5,5	175,301	198	99
113,155	3,0	38,65	0,2	163	99
29,21	100,106	20,33	51,62	149	99
23,15	1,0	12,19	1,3	149	99
203,225	1,0	107,166	1,3	198	99
188,220	3,0	97,152	0,0	198	99
0,2	27,11	0,0	15,12	123	99
4,5	0,0	2,4	2,0	143	99
13,10	43,43	5,7	19,37	148	99
154,145	0,4	72,137	0,0	198	99
46,60	1,0	30,37	0,0	198	99
2,2	15,10	1,2	10,10	131	99
12,15	5,3	3,12	5,2	198	99
13,12	64,52	11,10	39,59	163	99
277,214	8,3	122,219	1,5	105	99
304,258	748,707	123,216	403,606	102	99
3,6	2,0	8,2	0,2	114	99
6,9	6,3	3,6	0,4	121	99
5,6	13,14	0,1	8,9	198	99
99,75	0,0	33,106	1,0	198	99
0,1	14,5	0,0	5,14	108	99
12,6	2,0	17,8	0,0	126	99
21,13	480,566	10,16	222,432	198	99
31,26	116,121	13,17	69,117	198	99
506,409	88,64	326,591	45,109	123	99
3,4	102,98	2,6	28,69	198	99
8,9	8,1	11,25	0,2	170	99
14,24	8,1	17,36	0,2	198	99
18,18	1,7	28,45	1,4	198	99
6,3	318,291	4,1	165,235	198	99
16,9	1,0	5,13	0,1	198	99
8,5	69,101	6,8	47,60	198	99
282,267	4,2	160,261	0,0	186	99
7,8	20,10	2,8	5,13	137	99
98,74	657,657	14,62	343,698	198	99
30,30	369,297	43,96	169,267	198	99
2,1	1,0	0,3	0,2	103	99
20,29	558,584	24,37	237,564	104	99
35,37	64,71	20,25	36,78	143	99
1,0	9,5	0,1	2,7	198	99
4,9	711,704	2,5	367,701	102	99
7,5	199,156	7,8	140,197	192	99
1,1	2,1	1,3	0,0	143	99
28,46	12,8	17,28	9,20	102	99
0,1	7,8	0,1	5,5	173	99
10,5	50,41	6,2	26,39	114	99
77,38	10,2	43,56	1,4	111	99
6,8	29,45	0,8	28,46	181	99
3,1	0,2	1,4	0,0	162	99
25,20	90,115	18,12	37,82	198	99
1,0	76,82	0,4	37,66	102	99
2,4	582,651	2,2	342,600	102	99
3,0	255,263	1,7	142,297	116	99
20,31	110,92	14,13	55,93	116	99
186,136	2,2	92,180	3,6	140	99
5,5	183,168	3,6	103,146	198	99
1,1	136,118	1,1	65,120	108	99
1,1	36,40	0,0	16,20	198	99
15,12	12,9	7,41	3,4	123	99
5,3	98,101	0,2	39,74	180	99
6,4	1008,1144	6,5	506,1100	198	99
7,7	39,56	10,8	28,44	198	99
6,1	1,0	0,1	0,0	103	99
2,0	10,12	0,1	5,18	198	99
35,21	482,507	8,20	257,406	198	99
12,10	23,22	4,4	8,24	129	99
5,2	0,0	1,2	2,2	105	99
101,84	1,0	54,69	0,0	198	99
4,4	7,0	3,9	0,6	198	99
3,0	3,0	0,0	3,1	126	99
9,7	286,239	12,16	191,330	198	99
9,7	286,239	15,17	191,330	198	99
1,0	1,11	3,4	0,2	198	99
13,9	95,104	6,9	80,134	198	99
13,20	95,104	3,8	80,134	142	99
12,12	9,2	3,6	2,9	142	99
133,151	65,59	108,224	62,105	120	99
4,4	51,53	0,2	17,33	198	99
12,14	252,267	8,19	126,253	198	99
5,3	3,0	3,4	0,0	147	99
59,67	42,70	18,38	11,25	103	99
36,51	103,143	32,44	103,181	124	99
8,2	119,142	7,3	75,111	198	99
3,5	28,16	0,2	14,24	198	99
2,3	73,49	0,6	31,57	198	99
40,67	72,93	28,52	58,62	161	99
4,5	195,204	2,2	132,202	138	99
15,23	171,158	7,18	54,125	198	99
3,19	83,83	5,4	30,63	198	99
257,234	2,2	117,200	0,0	177	99
109,100	55,55	52,145	46,78	111	99
19,18	18,19	18,15	0,1	122	99
41,46	524,634	93,200	161,360	136	99
10,5	565,569	2,4	359,519	126	99
6,30	2,0	6,7	0,0	115	99
59,54	1,0	17,35	0,0	198	99
301,265	7,0	177,383	0,3	198	99
0,3	133,158	0,2	57,104	198	99
2,0	48,52	0,0	24,42	198	99
3,1	181,153	0,0	84,141	135	99
1,1	150,179	2,0	80,155	165	99
34,21	160,170	9,22	100,140	198	99
114,114	0,0	43,66	1,1	102	99
13,7	176,134	6,7	105,210	198	99
4,3	112,151	1,2	96,202	198	99
37,43	71,99	10,44	44,79	198	99
1,1	7,11	1,5	7,12	172	99
35,30	7,6	15,23	0,1	110	99
12,6	132,124	0,1	25,109	198	99
219,235	208,220	166,328	151,273	118	99
6,4	0,0	2,3	1,3	111	99
2,2	284,384	1,1	146,285	198	99
4,1	0,3	1,3	1,1	144	99
37,41	73,91	28,38	87,125	103	99
0,0	3,6	0,3	4,4	109	99
0,1	1,3	1,0	0,3	144	99
298,265	178,284	144,237	147,197	198	99
186,145	118,118	94,202	37,76	198	99
16,15	0,2	13,31	0,1	174	99
4,5	22,23	2,4	24,33	103	99
54,60	1658,2061	29,51	1186,1942	101	99
8,12	67,79	1,4	30,53	121	99
2,1	3,0	1,0	0,0	103	99
0,1	2,4	0,1	1,4	101	99
32,62	46,82	4,9	25,70	198	99
13,3	1,0	8,11	0,0	198	99
13,24	1,3	9,18	0,1	127	99
8,7	7,9	15,30	2,1	142	99
21,19	4,3	11,13	0,1	198	99
17,27	12819,11784	4,12	6213,12489	104	99
23,16	12819,11784	5,7	6213,12489	198	99
24,16	12819,11784	5,7	6213,12489	198	99
26,16	12819,11784	5,7	6213,12489	198	99
23,16	17,27	6,7	4,12	198	99
24,16	17,27	6,7	4,12	198	99
26,16	17,27	6,7	4,12	198	99
18,12	1,0	1,3	0,0	198	99
90,103	13485,12911	50,127	7129,13663	103	99
90,103	1,0	50,127	0,3	103	99
39,32	14,23	18,36	4,12	133	99
2,5	6,5	3,8	2,3	123	99
0,1	5,5	1,2	0,5	126	99
34,34	62,108	17,24	30,71	117	99
57,42	0,2	20,75	0,2	103	99
10,4	139,191	5,3	44,88	198	99
7,6	3,4	7,10	1,1	112	99
2,7	1,1	2,9	0,0	153	99
24,11	111,102	9,20	53,90	119	99
2653,2383	4,5	1820,3135	3,17	105	99
0,2	1497,1454	1,2	1004,1830	198	99
5,6	276,189	2,8	136,237	111	99
50,36	122,86	18,42	70,122	129	99
219,232	0,0	202,345	1,1	198	99
327,348	6,4	171,253	5,7	136	99
225,299	184,195	135,243	100,163	198	99
13,17	165,171	1,8	84,135	198	99
22,19	1,1	5,16	0,0	141	99
146,170	9,14	78,151	3,8	198	99
46,43	4,0	21,58	1,11	136	99
45,33	4,0	28,63	1,11	157	99
13,10	14,20	10,18	3,13	120	99
8,8	381,413	13,15	188,336	105	99
11,2	51,50	0,2	22,31	198	99
58,69	9,21	32,55	3,10	113	99
4,12	123,147	4,7	95,136	103	99
10,8	4,4	10,11	1,0	198	99
13,10	41,25	7,33	42,68	198	99
12,0	288,245	4,11	178,299	198	99
58,31	2498,2758	29,67	1545,2867	103	99
4,9	0,2	0,0	0,3	198	99
33,28	0,2	6,13	0,3	198	99
56,43	4,9	9,19	0,0	184	99
23,29	2625,2968	16,30	1670,3174	198	99
7,11	71,105	7,8	38,85	198	99
3,5	167,196	0,3	100,148	103	99
78,78	0,2	40,97	4,5	121	99
83,91	1799,1774	35,74	874,1756	198	99
203,239	5,6	126,228	3,2	171	99
0,4	24,21	0,1	23,24	108	99
61,66	0,0	40,95	0,2	198	99
0,0	234,255	1,0	135,222	198	99
168,108	15,12	81,139	4,0	112	99
247,250	4,7	74,124	6,2	123	99
3,13	65,88	10,30	14,34	135	99
7,15	591,783	5,11	454,791	198	99
0,1	707,724	0,0	407,596	198	99
7,8	542,390	3,5	224,380	156	99
5,4	39,35	5,7	10,13	139	99
1,0	187,189	4,0	113,154	104	99
158,162	27,41	88,200	19,36	114	99
6,11	3,3	5,11	3,0	121	99
10,15	197,154	2,4	92,169	198	99
4,1	80,61	0,3	36,91	123	99
4,3	177,249	3,4	106,185	198	99
29,43	492,534	11,20	240,493	198	99
25,35	492,534	12,21	240,493	198	99
5,10	4,12	2,6	1,3	117	99
1,0	0,0	0,0	0,1	165	99
29,16	5,1	18,40	0,0	122	99
6,0	58,43	0,0	19,37	198	99
2,6	123,126	16,28	70,107	198	99
10,5	46,26	0,3	30,65	103	99
181,154	3,0	153,280	13,11	104	99
2,1	1,6	2,7	0,3	198	99
3,2	15,28	1,7	4,18	169	99
11,4	58,42	5,8	16,37	124	99
2,2	105,119	1,0	57,106	198	99
6,3	3,8	6,15	4,3	146	99
4,2	3,8	11,25	4,3	175	99
3,0	5,1	6,11	1,1	128	99
3,10	28,39	1,7	16,24	198	99
0,2	72,82	3,0	43,70	198	99
76,73	3,8	59,144	0,0	104	99
9,26	107,85	11,17	32,89	198	99
75,96	77,77	54,105	26,66	111	99
8,8	19,9	0,0	11,17	198	99
0,2	21,33	0,0	8,16	129	99
18,29	156,171	10,30	103,153	171	99
179,199	2,8	100,194	1,3	198	99
3,1	226,192	2,1	79,157	198	99
12,5	242,236	0,2	87,198	198	99
842,855	136,168	546,784	106,143	198	99
985,931	35,32	513,1030	18,29	102	99
494,457	821,748	169,300	484,873	102	99
2,4	89,68	4,2	36,85	198	99
17,26	122,138	5,20	66,135	198	99
2,4	178,158	0,1	73,171	107	99
2,0	6,6	1,2	4,3	111	99
1,3	135,106	1,4	59,104	104	99
1,3	2,0	1,1	0,1	104	99
94,92	2,1	56,129	0,0	198	99
5,5	3,1	4,0	0,0	198	99
5,5	0,2	0,0	1,2	153	99
1,2	3,1	5,2	0,0	155	99
78,122	152,161	103,144	54,108	114	99
0,2	2,4	0,1	0,2	120	99
59,49	0,0	22,55	0,1	198	99
2,3	1,0	0,1	0,2	110	99
3,4	147,150	0,0	51,123	198	99
2,1	147,150	0,2	51,123	198	99
25,20	93,73	10,16	56,85	198	99
11,4	2,2	5,18	1,5	183	99
1,0	0,0	3,0	0,1	127	99
3,1	2,1	1,5	0,0	103	99
226,208	2501,2380	145,238	1794,3181	198	99
0,3	86,71	0,1	43,58	162	99
4,1	80,29	2,2	10,20	198	99
74,75	5,2	25,53	0,0	198	99
53,65	111,105	22,39	42,70	198	99
3,6	74,47	3,3	13,45	198	99
3,4	74,47	3,2	13,45	198	99
25,17	145,113	7,16	54,148	117	99
30,37	3,2	32,48	5,3	198	99
1,5	42,47	3,7	11,28	198	99
8,3	1,6	1,5	0,1	198	99
33,20	76,124	13,16	41,78	198	99
6,5	0,0	13,10	1,0	174	99
50,72	54,48	51,96	38,104	164	99
81,86	4,4	43,70	1,6	162	99
7,4	107,88	1,2	41,108	198	99
61,58	49,46	21,34	20,26	103	99
1,0	215,258	0,1	157,208	117	99
2,3	137,165	2,2	85,149	159	99
100,103	0,2	55,79	2,4	198	99
244,222	13,19	181,305	6,11	198	99
21,14	1,0	7,7	0,1	198	99
24,22	11,22	13,24	7,5	102	99
4,8	278,263	3,5	123,259	198	99
27,18	5,0	3,5	0,2	105	99
4,0	2,0	0,3	0,2	198	99
12,5	14,27	5,3	5,19	198	99
10,7	7,10	5,4	7,9	198	99
15,31	7,10	7,21	7,9	130	99
6,12	159,174	10,5	148,181	102	99
1,5	0,2	1,0	0,0	103	99
2,3	4,2	0,0	2,10	103	99
0,0	28,26	0,2	13,25	138	99
66,59	112,126	38,92	76,119	194	99
88,66	112,126	39,49	76,119	198	99
115,85	55,52	41,64	24,79	198	99
2,1	237,223	8,6	106,189	144	99
2,1	40,41	3,10	15,25	131	99
91,108	7,10	28,72	6,14	123	99
68,45	0,1	29,52	0,0	141	99
2,0	27,26	0,0	11,27	171	99
618,666	0,0	313,594	1,0	198	99
8,19	1,0	14,16	0,0	198	99
2,3	4734,4721	1,11	2808,4642	103	99
92,88	66,56	48,61	21,34	198	99
150,176	43,44	114,202	3,7	168	99
1,3	371,302	1,6	160,323	198	99
1927,2286	8,1	333,963	0,0	171	99
2,15	744,743	8,5	383,672	104	99
242,261	0,0	113,177	0,1	156	99
193,170	4,5	128,163	6,11	102	99
1,0	67,61	0,6	54,61	103	99
3,9	76,59	4,3	26,31	198	99
20,22	0,0	9,23	0,1	198	99
47,33	13,19	17,55	2,17	198	99
52,63	0,0	16,47	1,2	198	99
2,1	77,91	0,1	37,70	198	99
0,2	328,330	0,0	133,258	198	99
64,41	325,261	37,75	154,257	198	99
10,14	55,34	1,7	35,67	120	99
36,66	1197,1376	14,32	474,1085	198	99
4,6	191,215	2,3	84,172	198	99
393,401	0,4	208,382	1,1	198	99
88,81	15,4	47,85	0,3	120	99
18,24	14,11	11,6	0,4	112	99
15,13	1843,1854	12,16	901,1756	103	99
7,8	126,157	2,3	55,87	198	99
2,5	1,0	1,6	0,0	153	99
8,17	1,0	5,18	0,0	198	99
10,23	2,5	6,24	1,4	198	99
148,128	0,2	76,120	0,0	198	99
19,11	673,675	5,15	424,681	159	99
1,5	34,33	2,0	20,25	198	99
5,8	133,143	2,0	57,153	193	99
71,64	21,10	31,61	3,11	198	99
25,24	1,0	10,19	1,3	198	99
6,4	14,16	4,7	18,23	104	99
1,2	23,12	2,5	15,15	131	99
66,85	7,4	49,86	3,4	198	99
2,2	4,5	4,3	15,18	103	99
17,15	2,4	4,3	5,16	115	99
13,6	27,7	5,7	0,7	198	99
10,5	27,7	3,8	0,7	143	99
19,17	1235,1063	15,16	759,1155	198	99
65,60	81,107	46,114	93,148	103	99
4,9	88,84	4,4	32,89	198	99
2,1	77,64	0,0	26,62	103	99
237,285	15,18	201,341	23,27	101	99
1,1	1,0	0,2	2,0	104	99
700,780	19,13	407,844	12,19	198	99
30,30	27,14	5,14	21,28	134	99
0,5	93,101	0,0	22,65	108	99
10,7	6,5	15,17	2,11	136	99
21,24	38,38	9,19	15,24	192	99
0,2	43,66	4,9	31,44	198	99
36,52	21,25	10,27	7,21	198	99
82,98	925,754	27,26	261,436	121	99
38,35	126,139	33,33	78,105	198	99
182,139	15,13	94,152	7,3	198	99
3,1	199,119	0,5	89,158	198	99
165,182	4,4	106,194	0,0	123	99
7,10	41,50	4,3	12,62	174	99
20,31	213,242	6,9	100,217	126	99
7,39	210,250	5,14	175,340	161	99
23,16	7,10	5,15	0,1	114	99
0,0	61,94	2,0	34,93	120	99
607,658	26,15	245,521	8,13	198	99
12,30	10,10	6,15	4,5	198	99
63,58	7,2	59,94	0,3	198	99
124,103	3,4	49,121	2,2	198	99
284,316	0,7	100,231	0,0	197	99
24,19	72,58	40,65	32,54	183	99
171,184	1,0	58,109	0,1	198	99
9,19	124,141	5,12	32,73	168	99
3,1	80,77	0,4	56,70	104	99
1403,1297	1,0	584,1368	0,0	102	99
128,118	11,4	68,130	1,1	105	99
348,320	0,3	189,336	1,1	102	99
109,104	100,80	29,76	71,118	134	99
10,7	7,9	1,0	11,8	104	99
0,0	14,13	0,3	11,6	104	99
5,11	392,427	6,6	259,448	102	99
3,1	68,78	3,1	46,77	105	99
88,102	407,405	28,51	165,337	198	99
14,9	46,68	20,40	9,36	198	99
2,6	69,73	0,7	43,66	198	99
0,0	521,502	0,1	252,393	103	99
0,0	352,393	3,3	191,403	198	99
52,51	1,12	26,44	0,2	102	99
5,2	164,150	1,5	89,118	120	99
14,15	623,608	28,35	230,389	123	99
14,28	1,3	11,11	0,0	198	99
199,160	1,4	93,179	1,2	198	99
2,3	79,84	0,0	42,45	153	99
325,304	85,103	12,22	206,348	105	99
204,207	0,0	66,184	2,0	198	99
176,188	3,0	100,149	0,0	107	99
1,1	107,99	1,2	49,66	171	99
197,176	1,0	89,168	0,0	198	99
69,47	0,0	27,40	1,4	198	99
2,0	20,14	0,0	2,17	198	99
0,0	19,13	3,0	26,48	198	99
55,48	0,2	38,126	0,0	198	99
4,1	60,58	4,6	19,45	111	99
379,383	8,6	365,598	2,1	111	99
1,0	40,36	1,0	13,45	133	99
55,33	0,0	22,34	0,1	198	99
579,904	1,1	336,568	0,0	198	99
1,4	112,125	1,4	40,115	198	99
2,1	0,0	0,0	0,3	105	99
2,15	114,103	2,2	36,53	172	99
51,57	705,703	24,53	320,608	198	99
37,47	22,31	34,41	11,27	111	99
2,2	8,2	0,3	1,4	103	99
2,3	18,19	1,5	8,15	101	99
19,19	137,142	4,9	67,119	110	99
4,5	43,50	6,13	27,51	123	99
66,87	0,1	51,109	2,0	198	99
4,9	61,82	11,29	49,107	198	99
268,248	28,37	92,180	22,26	198	99
1073,1197	113,123	755,1339	16,29	178	99
2,3	209,190	3,7	115,188	198	99
495,476	0,2	179,371	0,0	198	99
1,3	86,62	0,1	52,70	198	99
1,2	2,8	0,1	0,0	198	99
16,7	3565,3198	9,29	2386,3772	102	99
1,0	0,2	0,0	0,2	128	99
227,245	13,9	103,238	2,3	132	99
77,91	11,24	24,72	6,27	198	99
70,70	130,119	5,10	111,159	105	99
15,21	18,27	9,19	15,33	198	99
4,3	56,57	2,1	36,49	198	99
31,36	91,149	41,53	36,96	161	99
4,5	213,220	7,9	155,262	198	99
97,97	17,5	41,88	2,9	187	99
11,12	108,88	4,11	43,72	198	99
75,48	174,137	23,55	64,100	111	99
3821,3152	10,8	2573,4666	3,2	102	99
30,17	5,6	7,28	3,5	198	99
3,2	54,57	0,9	30,44	154	99
0,0	1,4	2,0	4,6	198	99
10,11	49,63	20,18	91,189	198	99
10,5	0,4	6,11	0,0	198	99
10,12	0,6	9,31	0,0	198	99
14,42	57,53	18,43	61,105	156	99
11,8	653,665	6,20	358,722	198	99
1,0	42,23	1,1	19,27	127	99
35,23	1,5	8,26	5,9	198	99
0,2	14,11	0,1	7,9	198	99
77,70	0,0	35,41	0,1	167	99
224,268	1,0	122,250	0,0	198	99
37,36	39,29	21,31	31,66	126	99
12,24	479,520	8,14	243,447	198	99
4,3	2,1	1,19	2,2	116	99
3,4	483,546	1,6	175,418	198	99
2,3	483,546	3,6	175,418	198	99
583,581	0,0	259,582	1,0	117	99
25,20	58,64	22,62	23,46	198	99
43,43	0,1	12,20	0,0	111	99
28,7	9,13	1,3	0,5	197	99
15,25	0,0	9,14	0,1	198	99
289,310	1,4	219,417	7,6	105	99
0,1	43,33	1,1	30,24	105	99
12,21	1,3	10,11	1,1	198	99
22,38	0,2	16,17	0,0	198	99
30,33	18,13	6,4	14,15	127	99
52,49	31,55	37,29	37,62	198	99
7,2	6,2	2,10	0,1	150	99
828,1052	652,755	418,959	216,508	198	99
541,570	0,1	199,389	0,3	120	99
225,236	5,2	90,172	0,2	120	99
223,238	1,6	107,200	1,4	120	99
183,196	3,3	75,141	1,0	120	99
230,236	3,3	85,177	1,0	141	99
197,201	3,3	77,154	1,0	183	99
47,42	0,2	11,36	1,0	120	99
14,8	0,2	3,13	1,0	162	99
5,9	34,36	1,5	8,24	141	99
361,368	1,0	133,296	0,1	183	99
624,527	0,0	216,366	0,2	162	99
0,2	0,3	0,3	0,0	118	99
14,16	2,6	6,22	2,3	198	99
3,2	256,206	1,0	95,179	177	99
32,40	177,211	56,90	114,163	110	99
131,100	98,87	35,79	29,70	126	99
4,1	9,8	1,1	6,5	198	99
0,0	257,290	1,1	175,301	105	99
0,2	106,113	3,8	59,137	101	99
16,26	78,56	10,14	114,174	110	99
1,5	8,21	0,6	10,19	103	99
44,35	10,10	13,21	4,10	103	99
23,27	123,69	9,25	45,81	111	99
3,4	123,69	2,5	45,81	123	99
0,0	20,23	1,0	8,20	111	99
20,29	56,70	32,48	45,60	136	99
136,126	7,4	72,123	10,10	110	99
