ID	IJC_SAMPLE_1	SJC_SAMPLE_1	IJC_SAMPLE_2	SJC_SAMPLE_2	IncFormLen	SkipFormLen	PValue
3	4,0	92,168	0,0	76,45	180	99	1
4	1,5	4,1	3,2	0,1	158	99	0.0200526999405
5	0,0	5,13	1,0	1,1	120	99	1
6	1,0	8,12	1,0	4,0	109	99	1
7	0,0	9,16	1,0	14,17	150	99	1
8	54,48	5,6	95,43	9,7	134	99	1
9	2,0	148,304	1,3	181,77	198	99	1
12	149,220	0,0	177,58	0,2	198	99	1
13	11,6	2,0	1,1	0,0	198	99	1
14	5,4	4,9	3,2	5,1	192	99	1
15	0,4	10,11	0,0	8,2	198	99	1
17	2,0	10,11	0,0	8,2	134	99	1
18	18,34	0,0	35,6	2,0	105	99	1
19	2,0	38,57	6,0	46,19	198	99	1
20	154,233	18,24	177,82	32,11	120	99	1
21	22,31	18,24	28,14	32,11	186	99	1
22	7,7	139,209	5,2	154,70	165	99	1
23	45,78	0,1	31,27	1,0	198	99	1
24	2,6	0,2	9,6	1,1	103	99	1
25	50,47	1,0	27,21	0,0	102	99	1
26	4,3	38,58	1,2	34,5	198	99	1
28	101,101	1,0	57,17	0,0	198	99	1
29	444,559	1,5	451,186	1,0	111	99	1
30	13,15	21,32	3,5	24,13	129	99	0.371279158076
31	4,3	155,217	0,3	174,72	198	99	1
32	12,9	93,133	19,4	83,46	138	99	1
33	1,6	44,65	1,3	40,25	198	99	1
34	4,0	76,138	3,4	65,63	198	99	1
35	0,0	9,11	1,0	7,5	111	99	1
36	82,93	4,3	66,57	12,4	198	99	0.599112798656
37	2,1	207,226	1,0	223,85	138	99	1
38	25,29	6,8	25,6	0,1	198	99	0.00161819353668
39	105,178	6,5	111,66	2,0	111	99	1
41	13,15	148,164	19,13	182,96	198	99	1
42	5,7	130,202	10,6	140,62	127	99	1
43	25,45	82,127	24,21	97,42	198	99	1
44	4,2	120,184	2,1	158,85	107	99	1
45	1,3	1,1	5,2	0,0	198	99	0.469990900256
47	79,89	1,0	77,44	0,0	198	99	1
48	43,82	0,1	32,36	0,0	117	99	1
51	41,73	0,0	71,28	3,0	120	99	1
52	48,78	0,0	61,36	1,1	198	99	1
53	13,19	49,58	18,7	38,21	198	99	1
54	129,165	8,3	178,72	18,4	198	99	1
55	1,4	151,216	0,0	70,61	198	99	1
56	133,214	0,0	199,72	2,0	107	99	1
57	7,2	110,204	2,3	182,89	101	99	1
58	7,12	29,42	4,3	56,16	154	99	1
59	8,8	9,11	4,3	7,8	154	99	0.76972520626
60	1,0	177,203	0,0	243,126	198	99	1
61	22,13	1,0	4,5	4,0	119	99	0.61633579748
62	8,7	0,0	12,6	1,0	103	99	1
63	2,8	1,0	5,1	0,0	103	99	1
64	6,11	8,12	2,6	24,4	111	99	0.437704708085
65	19,15	5,0	25,6	0,2	140	99	1
66	42,46	103,134	15,10	126,89	117	99	0.0912647066677
67	3,2	198,265	5,0	196,93	107	99	1
68	14,9	44,69	9,5	29,18	198	99	1
69	8,13	13,19	3,3	17,2	183	99	0.0685950542329
71	4,7	3,6	7,6	1,1	198	99	0.0468642930946
72	77,125	0,1	76,21	0,0	198	99	1
73	70,100	1,0	64,24	0,0	198	99	1
74	9,25	0,2	12,8	0,0	198	99	1
75	21,45	0,2	20,18	0,0	198	99	1
77	18,38	3,2	32,8	5,2	198	99	0.94163346022
78	9,11	446,698	23,7	444,222	103	99	1
79	4,3	24,16	3,1	17,16	127	99	1
80	25,19	20,18	18,16	19,7	198	99	1
81	2,4	3,8	0,0	21,1	127	99	0.166870541561
82	3,2	3,0	0,1	0,1	131	99	1
84	3,12	953,1514	4,0	1429,562	103	99	1
85	221,367	3,2	338,192	0,0	198	99	1
86	17,27	554,809	39,19	657,295	102	99	1
87	1,2	1,1	3,1	0,0	111	99	0.470220970348
88	7,12	112,157	4,3	117,81	198	99	1
89	2,3	3,2	4,1	0,1	117	99	0.00595398267079
90	8,5	3,2	25,11	0,1	159	99	0.0142929382756
91	6,3	0,1	21,10	0,0	141	99	1
92	94,110	0,0	147,47	1,0	139	99	1
93	94,131	0,1	120,69	0,0	198	99	1
94	0,1	20,16	0,0	11,1	156	99	1
95	0,0	10,17	0,1	13,11	104	99	1
97	6,4	13,35	0,0	29,11	105	99	0.460803901734
98	0,1	6,12	1,1	6,6	125	99	1
99	12,6	71,79	8,8	92,44	156	99	1
100	1,0	54,81	0,2	48,23	192	99	1
101	68,99	1,3	76,30	1,0	141	99	1
103	94,107	5,8	101,55	2,1	198	99	1
104	16,15	393,546	15,17	384,214	198	99	1
105	118,165	6,13	118,67	11,1	198	99	1
106	3,13	31,35	3,3	56,29	119	99	1
108	747,990	5,3	978,426	6,0	126	99	1
109	1,0	7,2	3,4	10,2	121	99	1
110	2,8	54,113	4,0	67,28	104	99	1
111	80,75	0,0	92,50	1,1	198	99	1
112	12,13	582,653	9,3	522,175	198	99	1
113	9,16	1,0	12,3	0,0	198	99	1
114	0,0	12,18	0,1	19,5	115	99	1
116	1,3	11,10	8,4	0,3	115	99	0.000553379315794
117	0,2	8,19	0,0	13,1	181	99	1
118	2,3	218,344	2,0	272,115	132	99	1
119	4,0	240,282	1,0	312,114	198	99	1
120	81,83	1,0	187,45	5,1	198	99	1
121	73,73	1,2	26,9	1,6	198	99	0.23643369003
122	669,905	4,1	867,428	8,3	105	99	1
123	78,112	0,0	125,44	0,1	149	99	1
124	37,48	0,0	19,10	0,1	113	99	1
126	1,1	21,26	1,0	9,7	110	99	1
127	11,14	4,6	20,2	1,0	102	99	0.00958037026485
128	5,25	15,20	14,16	22,4	198	99	0.739619491393
129	0,0	179,215	3,0	220,103	198	99	1
130	7,22	53,88	3,3	38,22	198	99	1
131	104,129	0,5	97,70	3,1	103	99	1
134	0,3	9,6	0,0	8,3	195	99	1
136	1,0	41,80	1,1	77,43	198	99	1
137	56,86	17,25	36,17	43,14	164	99	0.00161884795152
138	4,3	34,38	4,0	9,12	198	99	1
140	6,10	32,56	13,3	41,8	198	99	1
141	16,37	84,93	12,11	145,65	108	99	0.602062371596
143	0,1	6,14	0,0	4,3	198	99	1
144	17,34	9,14	40,13	11,6	198	99	1
145	4,9	288,404	2,0	243,101	198	99	1
146	1,4	329,420	1,2	377,148	130	99	1
147	0,4	58,74	0,2	43,27	198	99	1
148	15,30	81,75	0,2	67,22	198	99	0.60039958653
149	1,2	5,5	1,2	0,1	198	99	0.00457996077849
150	1,16	2,2	8,5	0,0	135	99	0.350252563247
151	104,175	45,74	23,13	25,12	123	99	0.0879539537544
152	1,1	985,1336	4,2	1478,527	198	99	1
154	662,782	4,5	720,315	0,1	198	99	1
155	11,7	8,11	22,13	3,2	180	99	0.00190827663236
156	6,6	0,0	16,6	1,0	198	99	1
158	106,143	23,53	184,71	43,17	198	99	1
159	2,9	0,0	3,1	2,0	193	99	1
160	0,5	320,536	1,0	380,191	198	99	1
161	0,5	320,536	3,0	380,191	198	99	1
162	4,3	5,6	6,0	6,4	198	99	1
164	84,106	10,19	55,35	15,4	109	99	1
166	81,81	37,36	119,82	80,46	125	99	1
167	120,166	0,0	103,72	2,2	198	99	1
169	40,37	6,11	48,17	6,0	111	99	0.75787730443
170	48,54	3,2	44,19	9,3	119	99	0.5777101371
171	230,281	0,3	389,297	1,2	198	99	1
173	693,915	0,0	947,495	0,3	198	99	1
174	1,3	2,2	5,5	0,0	198	99	0.00261331357954
175	3,4	11,17	5,3	3,7	111	99	0.39570392653
176	8,9	1,5	4,1	1,1	122	99	0.294260801669
177	2,5	1,1	3,1	1,1	104	99	1
178	17,24	14,20	22,15	14,14	198	99	1
179	18,25	14,20	23,15	14,14	198	99	1
180	0,1	97,157	3,1	121,53	144	99	1
181	17,15	2,0	8,6	0,0	138	99	1
183	53,88	9,16	71,36	6,1	121	99	0.757345520986
185	4599,4692	112,135	4291,2059	81,42	198	99	1
187	11,17	158,243	12,11	130,63	118	99	1
188	65,97	82,83	42,27	72,33	175	99	1
189	212,323	82,83	160,79	72,33	156	99	1
190	6,5	23,18	21,4	2,1	113	99	2.52486119789e-08
192	15,7	43,41	5,1	41,23	137	99	1
193	9,15	196,311	15,10	309,129	198	99	1
194	8,7	224,336	3,1	258,203	102	99	1
195	60,74	3,2	70,53	5,3	198	99	1
196	62,78	1467,2362	74,55	1664,849	198	99	1
197	39,58	9,10	52,18	7,4	156	99	1
198	58,108	9,10	67,33	7,4	198	99	1
199	46,77	16,8	38,24	17,7	153	99	0.650388143292
200	12,23	1,0	18,11	0,0	198	99	1
201	28,46	17,36	22,14	42,11	120	99	0.496158059587
202	126,188	16,11	118,77	15,3	198	99	1
203	141,214	16,11	155,81	15,3	198	99	1
204	36,46	2,5	60,35	0,0	116	99	1
205	5,14	8,22	6,4	4,4	114	99	0.595216278533
206	5,4	1,5	1,2	0,0	198	99	0.00686478668658
208	82,92	43,49	91,39	57,30	198	99	1
209	134,194	179,283	62,22	312,155	132	99	1.09054996489e-06
210	0,4	0,0	1,0	2,0	167	99	1
212	2,1	19,40	1,0	13,12	104	99	1
213	10,9	32,56	17,6	42,17	129	99	1
214	8,10	62,62	5,3	53,11	127	99	1
215	30,49	104,153	3,3	134,37	144	99	0.0125752739828
216	29,46	198,251	2,4	183,78	144	99	1
217	158,191	16,17	195,91	28,5	112	99	1
218	6,3	133,187	3,2	204,90	103	99	1
219	4,3	1,1	3,1	0,0	103	99	0.248691310311
220	0,0	2,0	1,0	0,2	103	99	1
221	107,170	0,1	179,92	0,0	198	99	1
222	56,75	1,0	63,23	0,0	101	99	1
223	1,1	7,3	5,3	3,0	198	99	0.0095316203816
224	45,31	0,1	26,11	0,0	198	99	1
225	25,36	67,119	80,35	67,20	107	99	3.36412077462e-05
226	63,93	9,7	57,42	9,6	198	99	1
227	282,422	1,1	383,173	0,1	129	99	1
228	189,276	0,1	238,101	0,0	129	99	1
229	1,12	17,18	7,5	8,7	114	99	0.378835127777
233	3,2	10,16	0,1	6,6	198	99	1
234	14,26	5,8	10,8	4,0	104	99	0.782822928261
235	9,13	121,188	41,25	110,37	110	99	0.000529481239504
236	0,0	1,0	1,0	0,2	198	99	1
237	1,2	23,17	6,1	92,30	113	99	1
238	12,8	75,134	13,4	97,54	198	99	1
239	2,1	40,49	0,2	51,18	198	99	1
241	29,45	0,1	46,24	0,0	124	99	1
242	16,13	102,157	3,7	87,50	198	99	1
243	4,12	160,237	2,0	142,76	198	99	1
244	0,1	160,237	4,0	142,76	198	99	1
245	0,5	4,11	8,0	1,0	175	99	1
246	151,176	0,3	143,94	1,1	198	99	1
247	0,1	549,916	0,0	716,308	103	99	1
248	7,6	139,198	3,2	134,93	126	99	1
249	9,18	0,0	15,5	1,1	154	99	1
250	0,0	0,1	1,0	0,0	105	99	1
251	8,11	37,54	20,17	29,19	198	99	0.0833541816318
252	0,2	5,2	0,0	2,0	198	99	1
253	2,1	0,1	2,1	0,0	104	99	1
257	5,1	76,70	0,1	73,19	198	99	1
259	42,69	53,50	29,12	77,38	198	99	0.0442431103213
260	17,30	144,144	8,8	206,66	123	99	1
261	5,6	1,0	6,1	1,0	198	99	1
262	6,12	56,76	7,1	38,26	198	99	1
263	7,13	88,141	6,0	98,51	116	99	1
264	144,255	1,0	197,92	0,0	159	99	1
265	3,2	14,15	1,0	17,8	198	99	1
266	144,247	503,516	198,110	435,128	198	99	1
267	1,1	1,0	5,0	0,0	105	99	1
269	57,76	2,4	65,38	9,7	149	99	0.528719433467
270	44,43	157,212	45,22	138,92	198	99	1
272	1,2	24,57	4,0	63,16	114	99	1
273	32,32	1,0	21,11	4,0	157	99	1
274	0,1	25,29	1,0	18,11	198	99	1
275	7,5	2,3	1,2	2,0	198	99	0.885232637528
276	30,36	5,5	39,17	5,2	198	99	1
277	12,6	5,5	4,6	5,2	198	99	1
278	7,18	23,30	13,9	38,15	198	99	1
279	7,9	5,5	1,5	5,2	198	99	0.488213830962
280	1,9	23,30	6,7	38,15	156	99	1
281	8,17	0,3	8,5	0,3	198	99	1
285	6,5	29,32	0,2	20,15	162	99	1
287	6,3	121,145	7,1	82,28	198	99	1
290	136,180	1,4	191,73	1,2	198	99	1
291	13,6	0,2	5,9	1,1	122	99	1
292	0,1	2,0	0,0	2,1	103	99	1
294	5,8	16,17	7,2	9,3	198	99	0.96603675734
297	6,8	17,32	8,3	16,8	198	99	1
299	5,8	17,32	6,2	16,8	198	99	1
300	1,5	17,32	2,2	16,8	178	99	1
301	2,2	1,1	4,1	0,2	181	99	0.570739729617
302	7,14	615,881	12,5	689,348	198	99	1
304	362,419	7,3	266,142	0,0	198	99	1
305	10,13	136,178	8,5	112,46	198	99	1
307	71,118	317,534	51,32	316,147	125	99	1
309	1,2	26,39	4,1	26,17	198	99	1
310	2,7	62,73	7,1	62,24	130	99	1
311	1,0	143,185	3,1	156,59	114	99	1
312	294,422	5,5	331,162	6,6	103	99	1
313	1,1	26,38	14,4	52,13	198	99	1
315	131,178	7,8	144,52	9,7	198	99	1
316	6,13	7,22	13,1	14,2	103	99	1
317	181,227	26,50	178,64	21,5	198	99	0.967233893011
320	5,1	40,61	5,2	31,25	198	99	1
321	0,1	9,4	1,0	1,2	114	99	1
323	166,210	6,23	154,66	20,15	121	99	1
324	2,7	1363,1830	1,1	1525,615	198	99	1
325	11,26	58,56	9,8	60,26	198	99	1
326	18,29	119,167	26,19	151,62	130	99	1
327	174,192	2,7	152,77	3,0	198	99	1
328	12,10	3,7	38,8	11,12	198	99	1
330	7,17	29,40	16,6	77,23	104	99	1
331	191,287	11,22	281,100	35,18	152	99	1
332	26,46	8,2	32,17	4,0	198	99	0.917047062774
333	14,17	64,106	13,7	46,24	145	99	1
334	89,114	194,243	151,90	273,94	198	99	1
335	1,1	0,0	2,0	2,0	198	99	1
336	234,307	19,26	194,137	3,2	131	99	1
338	50,52	0,2	43,8	0,0	198	99	1
339	89,107	1,3	117,36	2,4	198	99	1
340	8,7	3,5	2,0	4,2	198	99	0.00978961008927
341	5,1	60,95	29,20	44,12	110	99	2.77062595755e-07
343	0,0	2,2	2,0	6,2	118	99	1
344	16,16	18,56	5,4	36,18	107	99	0.307728260439
345	2,4	39,39	5,2	34,17	157	99	1
346	1078,1411	0,0	1684,634	3,0	198	99	1
347	73,93	492,589	90,46	629,198	198	99	1
350	2,2	22,22	1,3	17,7	198	99	1
351	12,11	16,44	12,5	32,13	111	99	1
352	1,1	28,29	7,0	10,8	198	99	1
354	1,5	8,20	1,1	14,6	198	99	1
356	322,550	0,0	381,226	3,1	198	99	1
358	2,0	482,741	2,1	490,214	132	99	1
361	7,19	0,0	9,12	0,2	118	99	1
362	4,13	0,0	12,9	3,0	198	99	1
363	21,33	5,0	31,15	3,7	116	99	0.800995248607
364	1,0	11,17	0,0	12,6	174	99	1
365	13,29	14,19	18,3	14,7	198	99	1
366	0,1	12,19	2,2	16,4	104	99	1
368	719,1017	2,15	666,320	1,0	144	99	1
369	2,10	39,60	2,1	29,29	170	99	1
370	141,192	1,0	174,88	0,0	198	99	1
371	211,317	5,0	281,162	2,6	144	99	1
372	5,4	95,126	14,7	66,30	198	99	1
373	5,5	587,857	1,2	492,277	198	99	1
375	23,45	0,0	35,5	5,3	114	99	0.365869883803
377	98,145	5,34	151,83	8,8	177	99	1
379	29,48	175,252	24,14	179,98	198	99	1
381	217,274	4,10	243,124	14,3	142	99	1
382	46,96	71,149	101,44	34,14	103	99	1.02618422315e-07
383	29,33	41,58	8,11	32,18	198	99	1
384	2,0	3,9	0,0	2,2	198	99	1
385	44,35	212,351	23,15	333,116	198	99	1
386	0,0	7,6	1,0	11,1	111	99	1
387	235,293	34,38	108,69	109,51	105	99	6.17828010974e-12
388	138,180	6,5	29,13	22,6	130	99	2.83742074725e-07
389	28,41	1,0	32,21	0,0	198	99	1
391	132,222	0,1	110,51	3,6	108	99	1
393	1,9	107,128	0,3	143,80	198	99	1
394	1,3	124,146	3,0	141,114	198	99	1
395	1,4	603,658	0,0	809,345	103	99	1
396	45,60	20,82	121,37	57,19	120	99	0.749381557516
398	167,312	224,329	242,87	244,109	102	99	1
400	6,19	64,83	3,5	52,26	198	99	1
401	20,34	92,122	39,18	56,37	128	99	0.224279586039
402	111,138	1,0	154,70	0,1	194	99	1
403	0,2	282,282	4,1	375,90	198	99	1
404	26,25	3,0	30,11	0,0	101	99	1
405	1211,1450	0,0	981,524	0,1	108	99	1
406	189,218	0,4	267,134	0,0	198	99	1
407	103,139	4,9	50,40	4,1	126	99	1
408	5,4	71,117	10,6	97,72	117	99	1
410	1,0	57,72	1,1	65,34	198	99	1
411	207,265	28,22	254,166	17,8	191	99	1
412	11,23	375,603	15,7	374,228	198	99	1
413	450,729	1,1	400,256	0,0	198	99	1
414	125,190	19,31	169,119	22,9	158	99	1
416	26,8	0,0	13,9	0,1	138	99	1
417	15,11	732,1028	22,5	1212,502	103	99	1
418	8,4	403,551	10,11	322,205	198	99	1
419	1000,1272	1,1	1031,497	6,1	102	99	1
420	104,151	0,0	53,42	1,0	198	99	1
421	126,73	19,17	150,85	25,6	198	99	1
422	44,52	3,2	33,27	0,0	165	99	1
423	45,27	0,1	28,8	0,0	102	99	1
424	5,3	182,265	7,0	171,105	198	99	1
425	1,0	90,144	0,0	69,39	198	99	1
426	143,168	60,79	343,241	471,359	102	99	4.17181531875e-07
427	1,5	202,349	2,0	224,85	198	99	1
429	290,480	0,3	450,279	1,1	103	99	1
430	30,34	195,318	13,2	220,85	198	99	1
431	55,47	6897,8159	59,28	6178,2911	162	99	1
432	2371,3019	1,1	2403,997	2,0	135	99	1
433	63,117	0,2	30,15	0,0	198	99	1
434	139,196	139,222	131,55	153,50	102	99	1
435	0,2	605,954	0,1	797,449	147	99	1
436	382,387	1217,1282	369,115	1912,503	102	99	1
437	7,13	706,1152	9,5	924,381	122	99	1
438	94,138	1,1	109,62	2,0	198	99	1
439	38,78	1,1	51,48	2,0	198	99	1
440	51,88	94,131	59,56	105,59	198	99	1
442	13,13	27,21	27,6	21,8	153	99	0.486790246966
444	1,2	6557,8286	4,3	10664,4944	103	99	1
446	8,11	2,0	5,5	4,1	198	99	0.0203650123973
448	45,86	3,6	48,28	3,0	198	99	1
449	43,92	0,3	41,20	0,0	198	99	1
450	0,12	10,19	5,0	8,5	122	99	1
455	2971,3969	0,0	3412,1648	0,1	198	99	1
457	1,2	1625,2238	7,0	1451,678	198	99	1
460	1,0	0,0	0,0	1,0	104	99	1
462	50,46	81,97	31,28	80,32	198	99	1
463	0,3	3,1	1,1	0,1	173	99	0.0126922425379
464	4,11	3,2	5,2	0,0	159	99	0.101762778392
465	0,1	76,96	1,0	57,23	123	99	1
466	16,8	15,9	5,4	12,9	198	99	0.444951241092
470	34,51	17,29	17,13	24,8	114	99	0.53704729489
472	3607,4612	1,6	6214,2321	9,2	117	99	1
473	1644,2085	58,76	2575,1084	120,41	117	99	1
474	1632,2075	10,8	2563,1077	4,2	117	99	1
475	1872,2383	10,8	2998,1213	4,2	138	99	1
476	241,311	1,3	435,137	0,1	120	99	1
477	1633,2074	1,1	2565,1076	1,2	117	99	1
478	2150,2705	1,1	3427,1324	1,2	138	99	1
479	519,633	2,2	864,248	2,0	120	99	1
480	82,121	710,1109	64,20	904,363	112	99	1
481	65,72	75,99	60,17	188,97	112	99	0.00250952098514
482	8,6	91,161	5,3	103,57	198	99	1
483	53,63	50,67	27,21	116,67	120	99	0.000130608111598
484	324,377	3,2	285,151	0,0	139	99	1
485	3,10	137,204	7,2	253,102	111	99	1
486	2,0	27,49	0,0	27,22	198	99	1
488	3,5	146,199	7,0	141,69	103	99	1
490	4,5	27,32	11,9	7,9	198	99	0.00526656273865
491	3,5	7,10	11,8	2,2	104	99	0.000740116689295
495	182,301	9,7	206,126	2,1	113	99	1
496	341,546	12,12	369,150	1,0	126	99	1
497	6,6	10,18	4,2	10,2	146	99	1
498	119,204	0,1	143,65	0,0	198	99	1
499	14,16	37,47	31,17	38,20	129	99	0.216038397117
500	3,6	118,179	43,30	44,28	103	99	0
501	21,25	14,34	11,11	25,19	198	99	0.633812119282
502	6,5	18,23	11,6	11,9	169	99	0.253278225976
504	195,164	2,0	220,79	21,5	103	99	1
506	1,0	7,13	0,0	5,4	103	99	1
508	69,111	0,2	93,34	0,0	198	99	1
509	10,13	54,84	3,5	28,17	198	99	1
511	3,0	61,87	2,0	84,39	198	99	1
512	196,209	9,14	211,94	8,3	103	99	1
515	27,26	196,297	15,11	195,96	198	99	1
516	1,3	177,237	0,0	186,109	103	99	1
517	418,423	0,0	331,120	2,3	123	99	1
518	443,493	23,28	546,210	2,0	129	99	1
519	638,746	6,6	733,303	9,1	198	99	1
520	76,84	7,4	49,40	0,0	179	99	1
525	0,3	26,30	23,9	4,4	117	99	8.49798009739e-12
526	38,55	1,0	30,12	2,0	198	99	1
527	73,128	33,31	87,50	41,11	159	99	1
528	35,41	10,19	21,4	7,2	119	99	1
529	10,18	10,19	24,6	7,2	144	99	0.0440127257058
530	2,7	27,30	12,5	9,3	124	99	0.000796582647357
531	2,2	117,144	5,3	127,61	102	99	1
533	46,99	64,108	36,34	95,31	198	99	1
534	0,2	1,0	1,2	1,0	116	99	1
535	12,22	21,18	4,4	43,32	122	99	0.000862768494574
536	12,10	4,12	4,0	6,2	198	99	0.169269393356
537	13,33	4,12	23,8	6,2	198	99	1
538	11,31	10,8	22,9	2,0	104	99	0.00891597535357
539	0,5	32,60	1,1	74,17	102	99	1
540	8,9	24,28	9,7	9,5	111	99	0.0777015064145
541	0,2	66,102	0,1	72,34	198	99	1
544	13,27	0,0	9,10	2,0	198	99	1
546	2,1	36,29	2,1	37,13	198	99	1
547	5,15	80,106	0,0	74,43	114	99	1
549	2,2	50,76	1,1	22,8	103	99	1
550	41,90	90,94	18,13	89,41	117	99	0.0836272958316
551	39,51	0,0	40,25	3,1	198	99	1
552	10,11	39,45	6,3	13,7	124	99	1
553	79,99	4,1	118,49	2,2	198	99	1
554	2,2	63,89	4,0	67,29	198	99	1
556	1,0	2,9	1,0	2,1	110	99	1
557	7,6	29,59	15,4	29,23	198	99	1
558	164,185	0,0	228,40	1,0	144	99	1
559	1,1	313,473	0,0	358,99	103	99	1
560	118,144	3,5	186,62	4,1	130	99	1
562	2,2	0,2	4,0	0,1	110	99	1
563	4,2	2,5	4,0	0,0	126	99	1
564	2,2	2,5	0,1	0,0	115	99	1
565	3,5	537,691	5,0	494,190	198	99	1
566	6,7	3,22	2,1	17,4	198	99	0.302738525878
567	32,41	14,15	15,7	17,5	118	99	0.197182776149
568	13,11	14,15	2,1	17,5	127	99	0.00748335071268
569	9,6	28,36	1,1	14,7	108	99	0.618631955281
570	2,0	28,58	0,0	27,13	120	99	1
571	8,28	67,121	31,11	89,31	117	99	1
572	14,24	3,5	14,1	0,1	198	99	0.00672297783923
573	20,34	0,1	11,5	0,0	122	99	1
574	123,162	6,5	105,43	0,1	190	99	1
575	14,3	0,0	12,1	0,1	198	99	1
576	45,78	1,3	32,22	1,1	112	99	1
578	0,3	10,3	1,0	1,1	198	99	1
579	46,69	13,24	65,39	10,1	103	99	0.198187715507
581	1,1	16,33	0,1	10,6	198	99	1
582	21,25	1,0	13,6	0,0	198	99	1
583	0,0	27,28	1,0	27,15	198	99	1
584	11,15	273,265	5,3	251,110	116	99	1
586	7,7	465,846	8,6	766,436	198	99	1
587	2,3	99,94	1,0	83,51	103	99	1
588	2,4	1,1	1,4	2,0	103	99	0.93474643099
589	2,8	46,57	1,1	62,20	102	99	1
590	34,36	7,10	60,19	0,2	115	99	0.0178561079873
593	36,78	69,86	34,41	55,21	146	99	1
594	11,17	0,0	12,4	2,0	103	99	1
596	50,85	0,1	60,40	0,0	115	99	1
597	664,1054	0,0	566,199	0,1	198	99	1
598	4,11	10,15	5,3	12,4	198	99	1
599	43,51	84,142	42,33	119,60	198	99	1
600	2,12	30,33	0,5	28,25	125	99	1
601	2,9	30,33	5,5	28,25	198	99	1
602	1,7	1,10	5,6	0,3	198	99	0.0695893710558
604	40,62	7,9	38,17	0,1	116	99	1
605	219,351	0,1	235,137	1,0	198	99	1
607	8,10	41,81	7,5	60,21	198	99	1
608	110,152	0,1	114,35	0,0	198	99	1
609	3,8	60,90	9,7	108,64	198	99	1
611	28,46	72,112	7,20	89,62	198	99	1
612	18,36	72,112	5,15	89,62	198	99	1
613	2,0	10,10	4,2	2,5	139	99	0.0743642344598
614	7,22	130,190	26,17	88,59	198	99	1
616	137,252	1,2	143,84	0,0	198	99	1
617	70,103	14,8	81,34	5,1	114	99	1
618	0,0	6,6	1,0	5,3	105	99	1
619	21,41	11,13	11,12	6,2	103	99	1
620	8,15	8,6	8,3	2,2	103	99	0.632000760431
621	9,3	11,14	3,0	5,8	120	99	0.424047346425
622	30,33	1,1	21,16	1,0	198	99	1
623	32,44	1,1	24,24	1,0	180	99	1
624	28,30	0,1	21,16	0,0	198	99	1
625	1,2	156,203	7,10	125,84	105	99	1
626	8,18	27,39	6,3	23,12	198	99	1
627	2,0	31,28	2,0	12,13	198	99	1
628	0,1	3,0	3,1	0,0	137	99	0.0138648597215
629	1,2	4,4	8,3	1,3	137	99	0.0281068271784
630	2,3	164,264	1,1	220,86	117	99	1
631	167,182	19,44	150,69	49,20	198	99	0.609204683793
632	144,216	6,5	136,61	14,3	105	99	1
633	41,91	35,61	73,41	68,29	105	99	1
634	1,2	4,2	0,0	1,0	130	99	1
635	217,368	2,0	571,272	0,1	102	99	1
636	102,113	18,16	129,61	10,3	127	99	1
637	8,12	224,284	5,5	223,111	102	99	1
638	5,2	54,68	4,1	52,29	122	99	1
639	4,2	234,373	4,1	330,127	198	99	1
640	0,1	79,96	1,0	65,44	102	99	1
641	5,1	0,1	0,0	1,1	158	99	0.000161741430942
642	3,0	757,1195	1,0	840,457	198	99	1
643	751,1304	7,16	1104,453	19,18	198	99	1
644	232,411	155,292	457,224	154,75	134	99	0.0303960413313
646	1,0	59,81	0,2	21,20	108	99	1
648	7,3	0,3	0,0	2,0	198	99	1
649	14,12	0,3	5,3	2,0	198	99	1
650	10,9	1,0	5,3	0,0	198	99	1
651	8,11	1,1	7,5	1,0	113	99	1
652	3,21	82,134	16,13	78,27	115	99	0.773186299466
653	2,3	1,1	1,0	0,0	157	99	1
655	29,36	11,28	7,6	17,5	103	99	0.208114543188
656	6,11	39,39	0,2	17,12	198	99	1
657	24,45	156,214	5,4	216,102	102	99	0.170522701526
658	292,333	37,56	235,124	69,34	198	99	0.35288022015
659	5,6	157,256	6,4	230,98	129	99	1
661	158,244	25,14	166,74	11,20	120	99	1
662	2,6	1,2	0,0	0,1	125	99	1
663	0,2	3,10	0,0	5,1	198	99	1
664	4,10	0,0	3,2	1,0	198	99	1
665	4,8	9,10	3,4	14,4	198	99	1
666	0,1	5,13	0,0	3,2	118	99	1
667	2,11	11,26	4,0	4,5	198	99	1
669	6,2	1080,1168	3,0	1077,423	174	99	1
671	1,0	30,56	0,0	28,17	198	99	1
672	140,201	37,72	118,51	51,31	102	99	1
673	83314,122403	0,0	127297,64966	1,0	106	99	1
674	33,64	56,122	12,1	26,15	188	99	0.966272869491
675	283,442	1,1	334,178	0,2	198	99	1
677	6,7	37,40	2,4	19,15	102	99	1
678	61,110	1,1	47,34	1,0	123	99	1
680	5,5	50,41	2,4	39,22	198	99	1
681	21,11	0,2	0,4	2,2	102	99	0.0264059884426
682	5,7	6,0	0,0	4,4	102	99	8.91757613213e-05
683	15,44	17,3	40,21	5,6	198	99	0.9258786712
684	50,46	8,5	49,38	2,0	126	99	0.538927054913
685	2,3	0,0	1,5	2,0	198	99	1
686	1,0	156,227	0,1	187,69	124	99	1
687	21,14	599,709	13,7	901,293	198	99	1
688	0,4	56,83	0,0	76,44	198	99	1
689	26,22	3,13	24,14	13,2	198	99	1
690	18,25	10,21	7,3	16,8	153	99	0.0491512047955
691	37,51	1,2	44,20	2,0	198	99	1
692	23,41	0,0	26,14	0,1	173	99	1
693	46,71	0,1	47,25	1,0	185	99	1
694	71,81	16,21	31,25	15,8	120	99	1
695	0,0	155,198	1,0	147,54	198	99	1
696	11,14	7,5	22,14	8,6	157	99	1
697	7,5	141,214	0,2	121,71	198	99	1
698	15,14	354,525	39,14	826,434	198	99	1
699	2,2	0,1	2,1	0,0	103	99	1
700	2,5	561,821	3,3	681,313	102	99	1
701	0,0	191,272	0,1	230,114	103	99	1
702	75,86	3,1	84,42	6,0	198	99	1
703	10,15	33,52	24,14	19,7	130	99	0.00129385874125
704	7,5	33,52	14,9	19,7	135	99	0.00616201438002
705	3,1	6,11	4,2	14,7	104	99	1
708	3,1	27,29	4,0	23,10	119	99	1
709	47,35	11,2	55,19	6,0	198	99	0.91818357118
710	3,6	90,90	1,1	104,68	102	99	1
711	18,20	48,89	18,7	73,20	198	99	1
712	5,4	1,0	10,7	0,0	103	99	1
713	301,371	10,9	367,163	0,1	144	99	1
715	0,2	918,1065	1,0	1030,389	198	99	1
716	3,3	574,669	1,0	648,256	104	99	1
717	11,17	1,10	11,3	3,0	198	99	0.570824502607
718	16,31	0,1	24,23	0,0	198	99	1
719	5,6	157,250	3,8	166,87	198	99	1
720	60,85	33,34	88,27	33,14	121	99	1
721	1,3	17,27	0,1	22,7	198	99	1
722	1093,1585	8,13	1384,656	10,5	102	99	1
723	531,637	449,513	1138,455	201,115	113	99	8.71525074331e-14
724	82,131	2,5	109,44	0,0	198	99	1
726	1,8	0,3	2,1	5,0	108	99	0.646590106497
727	16,19	9,15	56,26	0,0	122	99	2.25941088061e-09
729	32,20	1,1	12,5	1,0	198	99	1
730	18,18	2,6	10,7	3,1	104	99	1
731	113,158	2,4	122,55	6,3	146	99	1
732	2,4	0,0	0,1	2,0	129	99	0.0237269360547
733	13,9	15,26	9,1	8,2	103	99	0.832134481837
735	3,5	62,77	1,1	213,90	103	99	1
738	6,12	5,16	22,7	0,1	104	99	8.20313184935e-07
741	117,151	7,2	177,86	3,2	120	99	1
743	2,0	47,56	3,0	47,22	198	99	1
745	3,11	13,31	6,5	23,6	128	99	1
746	0,0	0,2	1,1	2,5	105	99	1
747	91,113	85,149	84,38	98,45	198	99	1
748	12,15	30,19	7,2	19,7	198	99	1
749	13,10	0,2	21,3	0,0	125	99	1
750	3,3	149,218	1,0	171,142	198	99	1
751	0,0	4,2	1,0	0,4	113	99	1
752	1,2	4,3	1,2	2,1	196	99	1
753	3,8	400,718	3,0	540,239	166	99	1
754	24,28	8,6	17,8	4,0	198	99	0.512419833952
755	16,25	89,100	21,10	70,25	126	99	1
756	101,114	8,6	78,27	4,0	198	99	1
757	45,56	14,21	41,17	1,1	116	99	0.000444102206782
758	30,14	5,7	25,6	6,3	116	99	1
760	20,40	3,1	39,21	0,3	103	99	1
761	20,21	21,51	24,8	10,3	110	99	0.0131957863119
762	19,30	200,396	21,22	275,154	198	99	1
763	0,2	160,212	1,0	160,69	103	99	1
764	100,83	15,26	129,40	15,7	198	99	1
765	80,106	0,1	95,33	0,0	198	99	1
767	15,14	3,2	12,3	6,0	198	99	1
769	1,0	61,86	3,1	43,37	198	99	1
770	42,53	1,1	45,15	3,2	157	99	1
771	132,150	39,71	180,64	98,49	198	99	0.693771791281
772	8,19	55,82	5,0	68,32	143	99	1
773	12,6	2,2	4,2	3,3	198	99	0.0725125328345
774	1,4	64,87	5,10	67,21	198	99	1
775	10,10	0,0	15,1	2,3	198	99	0.0377115863099
776	0,6	192,271	0,3	180,85	198	99	1
777	8,22	168,229	8,4	161,70	198	99	1
778	168,214	29,54	125,61	52,24	114	99	0.614349612965
779	75,60	251,225	52,21	278,83	198	99	1
780	16,13	502,551	10,8	639,205	198	99	1
782	90,78	51,58	69,16	71,39	168	99	0.160513801719
783	95,129	2,0	137,66	1,2	198	99	1
784	48,42	36,35	35,5	24,6	198	99	1
785	79,126	34,50	53,21	36,16	117	99	0.62510272319
786	173,288	105,137	236,102	121,58	120	99	1
787	5,4	46,82	9,2	53,31	118	99	1
788	6,6	220,349	2,1	215,119	198	99	1
790	2,3	5,1	0,0	1,0	101	99	1
791	9,21	62,96	21,4	51,26	139	99	1
792	3,19	5,3	1,1	3,4	168	99	0.042064674352
793	1,3	27,35	8,6	6,8	104	99	0.000260834956005
794	5,8	758,996	9,1	713,402	198	99	1
795	4,6	758,996	7,1	713,402	198	99	1
796	7,4	1,2	5,2	3,0	185	99	1
797	86,149	4,0	95,46	5,1	198	99	1
798	6,8	168,251	5,3	252,104	198	99	1
799	74,67	2,1	91,30	3,2	105	99	1
800	7,9	183,268	5,6	229,120	104	99	1
801	211,321	0,0	312,149	2,0	198	99	1
802	107,155	8,13	147,72	4,2	107	99	1
803	10,4	4,3	1,3	1,0	144	99	0.0146953875134
804	14,14	1713,2303	8,0	1498,697	102	99	1
805	10,11	35,28	17,6	39,4	110	99	0.732727148077
806	1,0	7,10	8,2	0,0	117	99	0
807	94,106	39,55	210,84	47,26	113	99	0.524809328674
809	22,37	354,401	17,21	320,147	103	99	1
810	7,11	2,8	4,2	9,3	198	99	0.131829797557
811	5,5	149,223	9,8	232,132	198	99	1
812	103,122	10,7	82,53	12,3	198	99	1
813	36,34	1,0	46,17	0,0	198	99	1
814	50,63	38,47	67,26	36,12	162	99	0.964209226869
815	75,92	11,8	63,24	13,3	110	99	1
816	10,6	11,8	14,8	13,3	198	99	0.800941703506
817	11,6	75,92	15,8	63,24	198	99	1
818	2,0	23,31	0,0	27,8	132	99	1
819	6,13	2,8	6,1	9,2	119	99	0.146736005585
821	2,6	6,11	0,0	10,5	110	99	0.0528804369139
822	11,20	95,141	8,5	53,33	117	99	1
823	19,50	35,67	7,4	69,31	104	99	9.28125323012e-05
824	60,109	0,1	36,30	2,0	198	99	1
826	52,77	0,2	49,30	0,0	198	99	1
827	2,3	3,0	2,4	0,1	101	99	1
828	89,96	0,0	87,48	2,1	113	99	1
830	0,2	26,32	0,1	17,5	198	99	1
831	0,1	591,885	0,0	738,313	103	99	1
832	1,8	7,11	1,0	20,12	152	99	0.236168595436
833	113,150	426,518	198,58	190,97	117	99	0.00574454594766
834	47,77	59,83	64,29	55,29	198	99	1
835	2,3	345,494	4,1	427,208	103	99	1
836	10,7	93,109	19,6	59,27	104	99	0.370068458658
837	64,82	1,2	45,7	2,0	118	99	1
839	41,49	0,0	39,28	0,1	143	99	1
841	5,3	15,37	2,2	14,3	198	99	1
842	26,45	57,61	20,10	40,28	135	99	1
843	151,201	4,6	114,44	1,1	134	99	1
844	30,48	4,6	26,11	1,1	198	99	0.391491708747
845	1,4	122,157	4,0	90,33	164	99	1
847	194,283	18,29	217,96	7,0	146	99	0.955349789954
848	136,212	118,144	274,117	40,13	111	99	1.8161472326e-11
849	160,226	3,6	148,111	0,2	198	99	1
850	543,638	37,40	602,245	37,15	181	99	1
851	2,13	27,21	20,5	8,8	144	99	0.0806023918797
852	1,3	18,19	0,0	12,11	198	99	1
853	10,10	1,1	23,9	0,0	120	99	1
854	12,17	76,79	12,6	150,78	198	99	1
855	12,16	111,156	12,6	151,60	198	99	1
856	18,16	2,2	39,23	4,6	198	99	1
857	167,253	0,0	158,74	1,0	198	99	1
859	55,77	6,10	45,19	0,4	198	99	0.885169020764
860	9,11	6,10	2,4	0,4	198	99	0.671876469376
861	14,8	50,69	7,4	45,16	130	99	1
862	405,528	2,0	535,240	1,0	111	99	1
864	409,652	34,61	338,145	70,39	144	99	0.202148134507
865	1168,1650	754,1257	1551,810	1094,594	156	99	1
866	2204,3587	0,0	2851,1584	0,1	114	99	1
867	2368,3638	1,0	3302,1730	3,0	117	99	1
868	35,43	26,48	27,15	11,2	125	99	0.0518329753545
869	162,239	30,45	158,79	18,12	198	99	1
870	85,87	1,7	81,30	0,0	191	99	1
871	26,34	0,0	19,12	0,1	198	99	1
872	20,32	93,85	27,14	95,31	198	99	1
873	1,7	93,85	12,4	95,31	198	99	1
874	8,20	4,9	13,6	11,6	198	99	0.530437360067
875	25,15	6,1	16,5	7,3	198	99	0.222884905222
876	17,21	11,21	16,4	8,8	198	99	1
878	46,66	3,1	67,9	4,3	138	99	1
879	20,21	3,2	18,11	0,1	123	99	1
880	3,3	1227,1701	8,2	1417,581	120	99	1
882	1,2	173,267	1,1	238,102	198	99	1
883	322,405	0,0	326,167	1,0	198	99	1
884	3,0	318,444	4,0	364,157	103	99	1
885	6,15	17,26	10,5	46,15	118	99	0.857237110147
887	8,6	29,21	7,1	17,4	103	99	1
889	10,12	169,202	10,3	139,54	103	99	1
891	3,2	767,1019	11,3	637,300	198	99	1
892	0,2	767,1019	2,1	637,300	198	99	1
893	16,21	502,802	17,9	527,258	198	99	1
894	6,14	502,802	9,7	527,258	198	99	1
895	2,4	10,7	3,4	8,5	198	99	1
896	9,31	10,11	14,4	14,8	103	99	0.439395875434
897	10,12	2,0	9,8	4,2	198	99	0.0601409630533
898	5,22	156,217	10,7	243,110	198	99	1
900	52,65	12,16	66,19	15,8	108	99	1
901	1,8	623,826	5,3	536,322	103	99	1
902	25,33	576,765	18,11	437,195	135	99	1
904	14,16	68,122	24,18	88,53	198	99	1
905	0,0	32,55	1,0	67,30	198	99	1
907	15,21	560,754	5,0	479,255	198	99	1
910	0,9	47,81	2,2	29,26	198	99	1
911	10,21	241,387	17,4	315,127	198	99	1
912	3,8	95,126	2,2	110,34	198	99	1
913	37,51	91,116	116,30	53,22	105	99	7.1001130677e-06
914	10,3	3,0	12,2	0,0	163	99	1
916	3,4	91,113	6,1	111,45	138	99	1
917	273,321	2,0	348,157	1,0	198	99	1
918	2,1	14,15	1,1	16,7	130	99	1
919	2,8	1,1	8,9	3,0	198	99	1
920	1,1	2041,2944	2,1	2626,1240	139	99	1
921	24,32	1934,2848	85,39	2562,1292	117	99	1
922	21,22	0,2	12,7	1,0	198	99	1
923	112,158	46,36	71,31	114,31	122	99	2.26902349839e-05
924	13,12	11,19	11,14	3,2	103	99	0.00484158748921
925	216,300	3,0	323,152	0,1	198	99	1
927	11,29	16,15	8,7	18,9	131	99	0.42856820601
929	160,229	0,1	170,118	0,0	198	99	1
930	14,15	1,3	8,2	7,8	110	99	0.00149234614228
932	62,98	0,0	92,53	0,2	198	99	1
933	1,6	4,3	7,1	2,2	198	99	0.770313298408
934	12,31	0,0	28,6	3,0	198	99	1
935	8,14	0,3	20,14	0,0	135	99	1
936	8,16	101,196	24,14	125,60	135	99	1
937	498,632	32,41	569,262	8,5	138	99	1
938	9,17	122,136	29,12	159,100	123	99	1
939	137,141	1,1	244,98	2,0	103	99	1
940	3,2	108,128	3,2	90,39	198	99	1
941	11,14	0,0	39,12	0,1	198	99	1
942	37,46	6,13	17,12	36,3	111	99	0.207154062673
943	1,0	30,44	1,0	28,9	198	99	1
944	4,2	44,67	5,0	84,31	103	99	1
945	41,66	0,0	30,9	0,1	128	99	1
946	17,36	0,0	20,12	1,1	198	99	1
947	415,575	7,2	532,239	2,0	122	99	1
948	96,114	2,4	122,55	0,0	122	99	1
951	40,79	1074,1614	79,33	1559,702	198	99	1
952	47,79	1074,1614	65,29	1559,702	198	99	1
953	40,60	4,13	52,43	25,10	198	99	0.395280687097
954	1,1	2,6	4,0	3,1	132	99	0.613449926088
955	6,16	1,0	12,1	0,1	198	99	1
956	11,16	161,224	15,13	201,98	160	99	1
957	13,4	296,323	10,7	389,136	198	99	1
958	40,71	83,82	41,21	107,42	198	99	1
959	34,62	21,28	43,14	5,2	159	99	0.00821050625184
960	201,272	79,111	99,82	86,65	198	99	0.051929265569
961	0,0	9,14	0,1	7,2	121	99	1
965	6,1	13,29	1,2	19,5	141	99	1
966	0,0	72,86	0,1	46,22	105	99	1
967	43,75	1,3	84,32	0,0	104	99	1
968	0,1	30,27	0,0	21,8	108	99	1
969	0,0	9,19	3,3	11,5	124	99	0.359349662887
970	0,1	1,0	3,1	1,0	198	99	1
971	2,1	131,140	0,0	198,73	103	99	1
973	25,33	2,0	14,14	1,0	198	99	1
974	576,805	6,5	320,165	0,0	132	99	1
975	2,7	0,0	7,0	0,2	181	99	0.494965951412
976	98,157	3,1	115,51	3,0	109	99	1
978	15,17	27,33	11,1	41,16	166	99	0.445947245654
979	2,3	4419,7208	2,2	6600,3537	103	99	1
980	5,2	399,548	4,1	499,191	198	99	1
981	5,4	399,548	6,2	499,191	198	99	1
982	0,0	26,16	1,0	29,11	117	99	1
983	0,3	195,336	7,4	162,90	108	99	1
984	6,4	35,38	0,2	23,13	198	99	1
985	15,19	0,1	10,4	0,2	198	99	1
988	1,0	1598,2202	0,0	1546,635	103	99	1
990	4,2	26,52	2,2	62,37	198	99	1
991	21,44	39,81	24,17	41,24	138	99	1
992	0,0	51,67	0,1	50,18	198	99	1
994	4,4	6,12	4,0	2,2	127	99	1
996	4,5	36,26	13,19	78,37	110	99	1
997	897,1220	23,50	1232,574	46,31	123	99	1
998	2,1	2313,2766	1,0	2264,1091	198	99	1
999	6,9	0,2	6,5	0,0	198	99	1
1000	3,14	287,471	4,6	270,137	198	99	1
1002	23,21	17,25	28,10	12,4	111	99	0.238974266205
1003	168,212	2,8	315,99	12,3	140	99	1
1005	175,141	2,3	375,117	2,0	143	99	1
1006	69,148	20,40	103,42	8,3	117	99	0.0608944491679
1007	1,4	29,42	1,2	20,12	198	99	1
1008	63,85	6,15	77,50	4,2	104	99	1
1009	74,109	0,4	88,56	0,0	155	99	1
1010	0,0	23,41	1,0	41,8	119	99	1
1011	0,1	85,85	0,1	68,35	102	99	1
1012	10,5	21,15	14,3	31,8	102	99	1
1013	136,199	4,3	149,47	4,0	198	99	1
1014	0,5	2260,3627	1,0	3151,1451	198	99	1
1015	50,54	1,0	14,18	0,0	198	99	1
1016	94,107	11,4	50,41	0,1	198	99	0.891010037416
1017	7,13	32,47	2,5	18,18	113	99	1
1018	12,8	0,2	4,3	1,0	198	99	1
1019	9,11	55,79	18,10	15,23	198	99	0.116352972857
1020	6,9	0,0	32,6	1,0	198	99	1
1021	8,6	5,6	4,2	6,6	198	99	0.348796871622
1024	1,2	11,10	1,0	8,5	198	99	1
1026	9,7	1,7	7,8	2,0	198	99	0.0998183795141
1027	37,57	0,1	62,40	0,0	103	99	1
1028	74,96	9,13	79,23	15,6	146	99	1
1029	4,7	65,100	7,0	72,37	198	99	1
1030	127,113	6,5	84,34	1,1	198	99	1
1031	45,61	6,2	52,30	0,1	104	99	1
1033	0,0	15,15	2,3	13,10	103	99	0.75200307604
1035	8271,9346	8709,9854	22154,9096	7788,3195	110	99	1.78397296935e-11
1036	35,46	3,4	15,4	22,12	105	99	1.12077471748e-08
1037	35,44	18,20	29,15	13,6	198	99	1
1039	16,13	7,3	7,0	4,4	166	99	0.0868069902511
1040	5,4	207,265	5,3	216,71	198	99	1
1041	0,0	24,67	1,0	37,14	117	99	1
1042	4,6	2,1	11,0	0,0	126	99	1
1044	122,213	0,4	134,67	0,1	198	99	1
1045	3,0	46,49	2,5	42,16	198	99	1
1046	2,3	73,109	1,1	81,24	198	99	1
1048	0,0	77,99	5,3	76,33	103	99	1
1050	47,35	1,0	34,12	2,0	128	99	1
1051	8,5	18,18	3,1	24,16	158	99	0.578002525531
1052	1,0	0,0	3,0	1,0	198	99	1
1053	32,53	58,82	22,9	90,28	180	99	0.491569918901
1054	0,1	14,17	0,0	16,5	183	99	1
1055	5,8	1,0	1,1	1,0	198	99	1
1056	127,128	3,6	140,102	6,2	198	99	1
1057	9,7	4,11	10,13	25,9	198	99	1
1058	24,30	31,52	58,38	5,5	111	99	5.01065855474e-12
1059	5,2	13,23	10,1	5,6	111	99	0.373236540848
1060	55,56	38,74	37,25	71,32	115	99	0.706306190775
1062	86,120	29,35	85,44	19,10	149	99	1
1064	0,1	283,390	2,0	336,145	103	99	1
1065	6,3	206,298	3,3	239,128	198	99	1
1066	7,3	312,487	1,3	344,187	198	99	1
1067	6,6	107,118	0,0	118,44	198	99	1
1068	14,36	2,6	17,8	5,0	198	99	1
1069	30,43	13,14	40,11	1,2	170	99	0.00548472282077
1070	7,5	1,4	1,0	1,1	136	99	0.00271923415394
1072	4,6	61,72	4,4	67,21	198	99	1
1074	79,161	1,0	207,88	0,0	171	99	1
1075	0,0	225,252	1,1	201,111	198	99	1
1076	20,43	4,1	25,16	0,0	139	99	1
1077	3,9	2,1	3,2	3,0	198	99	1
1078	4,13	86,165	2,2	59,36	198	99	1
1079	4,10	86,165	4,2	59,36	198	99	1
1080	1,0	3,3	1,0	6,0	198	99	1
1081	3,5	93,105	8,2	60,22	198	99	1
1082	5,3	12,22	12,0	41,10	198	99	1
1083	6,8	93,105	14,2	60,22	198	99	1
1084	19,23	526,565	10,2	355,174	105	99	1
1085	7,9	1,1	7,1	4,1	103	99	0.170528814972
1086	40,36	52,83	43,28	54,21	183	99	0.868635952613
1087	4,2	11,22	4,1	14,4	127	99	1
1088	22,37	81,111	24,11	113,51	198	99	1
1089	41,41	0,0	16,10	16,7	126	99	1.0575329501e-10
1090	37,72	58,77	44,17	53,30	198	99	1
1091	164,233	0,0	312,135	0,1	198	99	1
1092	51,75	2,4	45,25	0,0	175	99	1
1093	1,0	15,29	0,0	16,7	117	99	1
1094	49,77	0,6	19,24	0,0	118	99	1
1095	180,316	319,553	232,95	261,129	198	99	1
1097	26,30	17,31	29,8	10,6	198	99	0.599804858264
1098	47,60	11,6	30,23	13,1	114	99	1
1099	187,250	0,0	170,104	3,4	109	99	1
1100	12,6	0,0	14,9	0,2	109	99	1
1101	20,17	45,50	42,12	38,29	156	99	0.792801102444
1102	6,8	2,9	1,3	2,2	149	99	0.824960372279
1103	52,48	6,25	81,50	10,2	107	99	0.451212788247
1104	15,17	14,21	20,12	6,4	107	99	0.0321382893217
1106	5,14	0,1	2,0	1,2	129	99	0.0199357650781
1107	5,2	92,151	0,0	99,31	198	99	1
1108	0,4	211,304	3,3	209,82	103	99	1
1109	14,25	175,243	7,11	195,109	198	99	1
1110	2,3	183,256	2,0	205,117	132	99	1
1111	9,10	1,3	6,2	8,1	117	99	0.0586396737243
1112	11,8	2,4	10,2	1,0	198	99	0.029168520656
1113	4,3	2,4	14,2	1,0	198	99	0.000199686391956
1114	12,26	1,2	41,9	0,1	154	99	1
1115	1,3	6,13	20,1	6,1	152	99	0.00150521229295
1117	1,2	143,182	0,1	150,70	198	99	1
1118	7,10	191,292	12,7	182,80	103	99	1
1119	1,1	120,181	5,0	129,83	198	99	1
1120	5,10	0,0	4,3	2,0	102	99	1
1121	23,30	55,86	26,15	39,11	111	99	0.266114324381
1122	13,12	60,90	5,0	55,26	198	99	1
1123	911,1450	1,0	908,427	0,0	198	99	1
1125	58,67	1,0	71,24	1,0	118	99	1
1126	85,109	90,159	79,43	128,35	102	99	1
1128	53,67	0,3	62,33	0,3	146	99	1
1129	0,1	242,351	8,3	360,162	198	99	1
1130	14,24	74,66	42,17	54,30	103	99	0.0957090190315
1131	92,103	417,474	86,22	842,309	116	99	1
1132	33,49	11,6	51,20	4,2	198	99	0.48702319731
1133	59,70	11,37	91,31	44,14	198	99	1
1134	44,31	11,37	49,15	44,14	116	99	0.865392892363
1135	1,1	3,0	1,1	1,0	110	99	0.63690760444
1137	3,0	128,223	0,0	144,84	101	99	1
1139	96,136	7,2	70,47	9,4	127	99	1
1140	439,569	3,1	399,217	3,3	198	99	1
1141	7,12	43,80	5,9	39,26	198	99	1
1142	1,0	0,4	1,0	0,0	198	99	1
1143	3,5	6,6	2,3	8,3	105	99	0.842206537139
1144	0,0	27,36	2,0	40,3	165	99	1
1145	0,5	11,6	0,0	8,1	111	99	1
1146	3,0	5,12	3,0	8,5	111	99	1
1147	5,11	2052,2592	6,6	3244,1429	103	99	1
1148	46,52	1,0	28,6	0,0	198	99	1
1149	57,46	195,257	26,16	252,121	182	99	1
1150	10,9	0,3	4,0	7,3	106	99	0.000702648452453
1152	0,0	0,2	1,0	1,0	111	99	1
1153	54,74	25,55	74,36	52,21	175	99	1
1154	1,2	471,613	2,1	463,216	198	99	1
1155	5,6	3,6	15,6	3,1	198	99	0.0544782375484
1156	175,198	87,107	194,66	130,64	142	99	0.984493719124
1157	279,312	13,17	304,110	10,7	181	99	1
1158	333,371	1,1	349,129	0,0	196	99	1
1159	192,221	13,17	241,108	10,7	138	99	1
1160	246,280	1,1	286,127	0,0	153	99	1
1161	67,76	1,1	55,26	0,0	114	99	1
1162	0,2	18,22	0,1	14,6	198	99	1
1163	16,24	3,9	15,15	0,0	116	99	0.02708765893
1165	53,60	26,25	38,36	12,12	143	99	1
1166	8,10	72,72	14,15	97,81	198	99	1
1167	1,1	7,4	1,5	7,4	198	99	1
1169	1,0	912,1431	0,0	1024,456	126	99	1
1170	7,9	66,109	1,0	65,29	198	99	1
1173	34,16	4,1	10,4	0,1	198	99	0.00603891774348
1174	1,0	0,3	1,5	8,5	103	99	0.0477039437835
1175	3,0	39,49	1,5	24,31	103	99	1
1176	5,5	172,220	3,0	217,111	102	99	1
1177	3,1	439,693	4,2	473,251	159	99	1
1178	0,1	44,56	1,0	48,25	103	99	1
1179	3,12	21,41	6,1	26,11	126	99	1
1181	123,167	4756,5229	201,94	5787,2495	106	99	1
1183	1,10	2871,4063	2,2	3764,1952	103	99	1
1184	0,1	39,54	0,0	40,20	156	99	1
1185	26,14	1,1	38,12	3,4	175	99	0.612282265433
1186	1,4	46,66	0,0	48,15	198	99	1
1187	34,39	26,59	64,31	14,3	111	99	6.98800257998e-05
1188	8,4	34,38	3,6	30,17	103	99	1
1189	90,89	2,0	44,19	0,0	198	99	1
1190	141,144	219,302	314,131	56,16	111	99	0
1191	59,46	9,7	52,8	61,26	105	99	5.60102391245e-07
1192	5,8	3,6	10,8	1,5	126	99	0.409936592453
1193	5,8	0,1	10,6	7,4	198	99	0.000376099060139
1194	5,11	3,15	10,7	11,4	198	99	1
1195	3,6	0,1	1,5	7,4	198	99	0.000115233685684
1196	3,9	3,15	1,6	11,4	198	99	0.916116171567
1197	0,4	3,15	7,5	11,4	135	99	0.134865693007
1199	1,3	76,102	2,4	73,38	103	99	1
1200	37,65	44,32	47,23	26,14	198	99	1
1202	868,1326	0,0	553,264	0,2	198	99	1
1203	4,1	0,1	0,2	0,0	150	99	1
1204	38,30	38,47	17,21	49,23	103	99	1
1207	0,1	2,5	0,0	1,2	180	99	1
1208	44,48	12,13	29,36	16,19	198	99	0.350449600119
1209	34,33	92,121	21,8	145,44	198	99	1
1210	4,2	85,114	0,2	89,34	198	99	1
1211	10,22	0,0	10,15	2,1	198	99	0.806236105671
1212	0,3	15,29	0,0	15,7	198	99	1
1213	0,1	0,4	5,2	0,1	107	99	1
1214	37,46	59,59	44,21	45,27	198	99	1
1215	1,0	186,238	4,0	123,51	198	99	1
1216	4,3	258,427	2,4	252,128	103	99	1
1217	4,3	0,0	2,3	1,0	103	99	1
1218	4,14	308,399	5,3	290,117	198	99	1
1219	1,1	247,326	3,3	364,142	103	99	1
1220	134,128	60,77	248,136	50,13	198	99	0.000639024829449
1222	2,0	86,94	0,0	63,38	102	99	1
1225	4,12	80,102	34,23	69,29	198	99	0.00660802387415
1226	0,2	316,465	0,0	278,130	198	99	1
1227	125,176	61,79	127,75	116,40	198	99	0.835258991653
1229	11,19	3,7	6,9	2,3	174	99	1
1230	39,67	1,0	33,10	0,0	102	99	1
1231	48,90	1,10	67,29	0,0	198	99	1
1232	6,6	1,0	3,1	0,0	120	99	1
1233	0,3	2,1	4,4	20,11	103	99	1
1234	56,77	57,123	31,17	76,35	140	99	0.716427892858
1236	9,8	80,71	10,2	93,36	198	99	1
1238	2,5	111,121	5,0	99,52	198	99	1
1239	0,7	8,6	11,2	5,4	198	99	0.374142375684
1240	0,2	139,197	2,3	157,93	198	99	1
1241	8,8	139,197	7,7	157,93	198	99	1
1242	6,18	0,0	2,4	1,0	141	99	1
1243	0,2	66,60	0,1	93,38	168	99	1
1244	48,52	13,13	23,17	7,5	122	99	1
1245	3,2	0,0	0,0	2,0	198	99	1
1246	2,3	32,24	1,0	11,8	198	99	1
1247	2,3	32,24	3,0	11,8	198	99	1
1248	4,4	583,907	22,21	1149,572	198	99	1
1250	7,7	162,318	6,1	223,100	198	99	1
1252	84,131	2,0	68,17	2,0	163	99	1
1253	8,29	74,103	21,14	80,28	149	99	1
1254	144,157	1,2	155,41	0,0	198	99	1
1256	8,5	0,2	1,2	1,1	143	99	0.762934245413
1257	11,14	25,22	8,3	34,16	148	99	0.535602114259
1258	2,0	18,11	1,0	8,5	131	99	1
1259	5,9	0,7	13,5	7,6	198	99	0.434317187264
1260	7,13	66,49	8,13	46,11	163	99	0.918246720592
1261	173,226	8,3	193,66	3,0	105	99	1
1262	166,219	469,573	199,73	617,198	102	99	1
1264	4,8	2,0	5,0	0,0	114	99	1
1265	9,9	5,3	2,0	1,1	121	99	0.133471591733
1266	5,2	9,14	4,0	12,2	198	99	1
1267	0,1	9,14	1,0	17,4	108	99	1
1268	5,24	2,0	7,2	0,0	126	99	1
1269	12,15	342,562	6,4	340,171	198	99	1
1270	27,30	48,105	13,8	63,46	198	99	1
1271	329,442	59,81	438,226	54,29	123	99	1
1272	0,1	65,86	1,1	66,19	198	99	1
1273	8,11	0,0	14,4	2,0	170	99	1
1274	13,19	0,0	17,8	2,0	198	99	1
1276	11,19	3,5	24,10	0,0	198	99	0.0105174225343
1277	5,5	171,217	8,1	187,87	198	99	1
1278	6,9	0,1	9,3	0,0	198	99	1
1279	3,3	49,65	7,5	41,28	198	99	1
1283	0,2	64,127	0,0	91,42	103	99	1
1284	168,265	0,1	251,91	0,0	186	99	1
1285	2,4	4,14	9,1	6,3	137	99	0.412874099103
1286	58,90	458,607	50,21	476,232	198	99	1
1288	28,27	209,193	71,14	233,68	198	99	1
1290	3,3	3,0	0,1	0,1	103	99	1
1291	15,24	325,488	40,17	359,184	104	99	1
1294	31,36	40,62	25,9	63,25	143	99	0.912486671332
1296	1,0	12,8	0,0	4,0	198	99	1
1297	3,3	510,715	0,1	513,279	102	99	1
1301	4,4	128,200	7,1	159,84	192	99	1
1302	0,1	132,170	0,0	161,74	114	99	1
1304	3,3	0,1	0,0	1,0	143	99	1
1306	21,48	8,15	20,5	6,6	102	99	1
1307	0,9	4,14	0,0	7,1	173	99	0.532102441122
1308	7,6	36,40	3,4	37,17	114	99	1
1309	39,27	2,1	50,20	2,0	111	99	1
1311	1,4	22,41	6,5	30,8	181	99	1
1313	16,24	82,87	10,8	41,34	198	99	1
1314	0,4	38,79	0,0	49,15	102	99	1
1316	2,0	434,569	1,2	499,262	102	99	1
1318	2,3	151,255	3,3	217,102	116	99	1
1319	20,40	64,81	15,18	62,31	116	99	1
1320	86,136	4,7	128,52	5,2	140	99	1
1321	5,8	116,153	1,1	79,59	198	99	1
1324	1,6	114,101	0,2	97,37	138	99	1
1325	0,2	87,131	5,0	73,46	108	99	1
1326	2,0	10,21	2,0	7,4	198	99	1
1327	11,28	2,10	29,5	0,3	123	99	0.324581375165
1329	1,6	91,83	3,0	54,17	180	99	1
1330	1,7	684,1114	0,1	880,416	198	99	1
1331	6,4	15,29	1,4	42,11	198	99	1
1332	97,148	4,0	118,55	2,0	198	99	1
1335	9,23	254,331	9,2	384,122	198	99	1
1336	13,29	0,3	8,9	0,0	117	99	1
1337	14,22	23,32	8,1	25,3	129	99	0.549951583914
1340	2,3	2,4	8,3	3,1	198	99	0.222650553404
1341	1,3	0,0	0,0	1,0	126	99	1
1342	9,15	187,279	10,8	229,90	198	99	1
1343	8,12	187,279	11,8	229,90	198	99	1
1344	1,5	3,6	2,0	2,0	198	99	1
1345	8,16	64,95	6,1	91,50	198	99	1
1346	10,19	64,95	6,1	91,50	142	99	1
1347	8,14	2,8	4,1	2,4	142	99	0.301185122647
1348	104,205	35,73	123,65	74,30	120	99	1
1349	1,6	20,63	0,0	43,19	198	99	1
1352	10,15	162,221	14,5	217,94	198	99	1
1353	22,37	41,47	28,20	19,5	103	99	0.0392855924585
1354	27,38	71,94	36,10	128,72	124	99	1
1355	6,6	68,81	3,3	91,28	198	99	1
1356	1,2	12,17	0,0	11,5	198	99	1
1357	5,4	53,67	2,2	20,8	198	99	1
1361	37,30	56,63	41,17	54,28	161	99	1
1362	2,0	139,161	4,1	107,69	138	99	1
1363	8,14	81,113	13,6	102,38	198	99	1
1365	4,9	57,78	9,4	45,27	198	99	1
1366	162,208	0,5	121,56	0,1	177	99	1
1367	43,97	38,52	77,39	50,24	111	99	1
1368	14,15	4,6	17,9	0,0	122	99	0.0150089395051
1369	27,42	373,554	151,52	260,96	136	99	1.80086501267e-10
1370	2,1	391,452	3,1	400,168	126	99	1
1372	19,11	0,1	9,1	0,0	115	99	1
1374	222,241	2,4	287,134	1,0	198	99	1
1375	0,0	86,129	2,0	76,33	198	99	1
1376	1,1	38,65	1,0	33,21	198	99	1
1377	2,1	82,165	2,0	124,79	135	99	1
1378	0,2	128,143	1,0	118,57	165	99	1
1380	13,11	88,142	10,9	150,65	198	99	1
1381	83,111	0,0	61,28	3,1	102	99	1
1382	8,11	106,134	6,2	98,70	198	99	1
1383	1,4	69,113	4,4	85,58	198	99	1
1384	86,132	2,0	120,57	2,0	198	99	1
1385	35,35	63,106	36,19	60,24	198	99	1
1386	0,1	13,11	4,0	5,3	172	99	1
1388	29,29	1,2	22,17	0,0	110	99	1
1389	10,13	93,141	0,1	35,20	198	99	1
1390	122,197	123,179	198,101	229,102	118	99	1
1392	106,176	1,0	199,99	0,1	150	99	1
1393	3,6	0,0	5,3	2,1	111	99	0.582133234685
1395	2,6	214,299	4,1	218,108	198	99	1
1396	2,0	0,1	2,2	0,0	144	99	1
1398	37,23	58,84	25,12	84,52	103	99	1
1399	0,2	8,4	0,1	5,2	109	99	1
1400	0,1	1,0	1,1	3,3	144	99	0.139620615489
1401	184,236	166,217	121,90	185,83	198	99	1
1402	113,150	93,137	75,69	61,28	198	99	1
1403	24,28	0,3	23,11	0,0	174	99	1
1404	3,2	21,26	3,3	46,12	103	99	1
1405	0,0	186,246	0,2	151,78	126	99	1
1406	36,65	1086,1862	61,34	1660,763	101	99	1
1407	4,8	24,68	0,0	26,28	121	99	1
1410	53,52	31,45	6,5	27,12	198	99	0.00127939072907
1411	7,13	0,3	13,7	0,0	127	99	1
1412	5,6	9,5	3,6	2,1	142	99	0.13504530266
1414	9,23	0,0	8,8	1,3	198	99	0.231539364465
1415	21,21	8616,11983	12,6	9920,5546	104	99	1
1416	10,9	8616,11983	2,1	9920,5546	198	99	1
1417	11,9	8616,11983	2,1	9920,5546	198	99	1
1418	11,9	8616,11983	3,1	9920,5546	198	99	1
1419	10,10	21,21	2,1	12,6	198	99	0.494214335343
1420	11,10	21,21	2,1	12,6	198	99	0.393815557001
1421	11,10	21,21	3,1	12,6	198	99	0.759370172208
1424	11,13	1,0	5,0	0,0	198	99	1
1425	70,89	8721,12291	76,43	10237,5063	103	99	1
1426	70,89	1,3	76,43	0,3	103	99	1
1427	33,44	6,13	17,15	4,2	133	99	1
1428	29,48	3481,5382	50,17	4644,1621	103	99	1
1429	418,542	0,0	266,145	1,0	198	99	1
1435	5,3	0,9	1,1	2,0	123	99	0.559742377187
1436	0,0	3,8	2,1	2,1	126	99	0.358438106204
1437	18,21	71,94	19,7	39,22	117	99	1
1438	37,40	0,1	42,20	1,0	103	99	1
1439	8,12	127,148	2,1	72,33	198	99	1
1441	3,1	3,0	2,1	0,1	112	99	0.700764704461
1442	8,1	0,0	7,2	2,1	153	99	0.55601008526
1443	11,10	52,98	14,1	71,42	119	99	1
1444	1741,2195	9,3	2248,929	12,3	105	99	1
1445	1,1	1098,1423	2,2	1396,582	198	99	1
1446	1,1	151,161	3,1	170,78	111	99	1
1447	27,28	66,61	38,13	99,38	129	99	1
1448	156,200	1,0	217,114	0,0	198	99	1
1449	267,339	5,2	233,98	4,4	136	99	1
1450	153,215	111,173	147,80	111,58	198	99	1
1451	14,4	135,98	1,0	131,31	198	99	1
1452	3,18	0,3	12,4	8,1	141	99	0.116478621799
1453	128,189	3,16	85,52	1,2	198	99	1
1454	2,0	68,79	1,1	48,20	198	99	1
1455	38,55	0,2	24,22	0,0	198	99	1
1456	24,71	0,2	28,19	6,0	136	99	1
1457	20,53	0,2	37,19	6,0	157	99	1
1458	7,14	11,32	14,9	5,9	120	99	0.102387073781
1460	2,8	268,342	16,10	254,123	105	99	1
1461	2,0	44,41	3,1	17,15	198	99	1
1462	39,58	15,15	52,24	4,1	113	99	0.0347099795082
1463	5,7	78,146	3,0	94,48	103	99	1
1464	6,10	1,5	14,2	1,0	198	99	0.0220547592568
1466	8,3	18,24	16,10	55,27	198	99	1
1467	4,1	165,284	3,1	210,95	198	99	1
1469	45,97	0,1	28,11	0,1	198	99	1
1470	40,65	1536,2386	35,16	2116,1026	103	99	1
1472	13,31	1,2	8,7	0,0	198	99	1
1473	20,41	2,1	13,8	0,0	184	99	1
1474	8,18	1798,2507	27,7	2351,1136	198	99	1
1476	97,163	0,1	135,82	0,0	198	99	1
1478	8,3	45,92	5,6	47,30	198	99	1
1479	1,2	122,156	3,0	133,46	103	99	1
1480	67,83	0,0	79,26	7,4	121	99	1
1481	56,115	1244,1701	61,24	1337,603	198	99	1
1482	183,202	5,4	101,81	0,2	171	99	1
1483	0,0	9,20	3,0	15,13	108	99	1
1484	1,0	137,242	0,0	176,72	198	99	1
1485	101,98	9,11	114,34	7,1	112	99	1
1487	162,229	0,0	105,69	1,0	123	99	1
1488	10,6	45,80	21,7	27,15	135	99	0.0206414376354
1489	3,2	457,641	4,3	588,274	198	99	1
1490	3,0	426,658	0,0	540,286	198	99	1
1491	5,2	314,319	7,6	258,120	156	99	1
1492	1,4	15,23	3,3	5,0	139	99	0.0631717932109
1493	14,14	1,0	9,6	1,0	114	99	1
1494	130,167	27,28	112,56	25,12	114	99	1
1495	5,8	4,3	6,1	3,1	121	99	1
1496	8,3	110,137	7,1	122,47	198	99	1
1497	0,6	45,45	1,1	78,18	123	99	1
1499	3,3	122,244	1,0	117,52	198	99	1
1500	21,25	296,410	25,8	405,155	198	99	1
1501	20,27	296,410	24,9	405,155	198	99	1
1502	4,8	4,2	7,2	5,0	117	99	0.912896489775
1504	18,22	0,2	15,6	2,0	122	99	1
1505	1,3	26,56	0,0	31,8	198	99	1
1507	2,7	104,118	15,10	77,30	198	99	1
1508	7,3	35,34	1,1	52,24	103	99	1
1509	131,134	2,2	235,116	7,5	104	99	1
1511	1,0	4,3	3,3	3,3	198	99	0.125421527571
1512	1,1	13,17	2,1	9,0	169	99	1
1513	5,9	29,60	8,6	32,8	124	99	0.914027840604
1514	5,3	87,120	1,0	60,52	198	99	1
1515	4,4	4,8	15,7	2,1	146	99	0.00104263008304
1516	10,1	4,8	11,6	2,1	175	99	0.0227285500087
1517	6,0	0,3	0,2	4,3	128	99	0.313513632798
1518	0,1	30,27	0,1	20,20	198	99	1
1519	0,2	49,85	0,2	65,37	198	99	1
1520	46,73	7,9	87,54	1,0	104	99	0.876294169246
1521	15,13	82,88	6,5	70,30	198	99	1
1522	62,73	49,65	66,23	52,27	111	99	1
1524	3,3	9,10	2,0	7,4	198	99	1
1526	25,38	85,117	9,10	124,72	171	99	1
1527	97,166	4,2	160,93	1,1	198	99	1
1528	1,8	115,219	0,0	111,50	198	99	1
1529	1,7	137,257	3,3	131,71	198	99	1
1530	493,642	97,186	664,279	141,54	198	99	1
1531	597,911	16,34	763,267	29,12	102	99	1
1532	254,390	525,667	289,103	752,245	102	99	1
1533	255,328	0,1	273,118	0,0	198	99	1
1534	4,4	53,45	3,2	50,17	198	99	1
1535	10,24	79,158	5,5	107,39	198	99	1
1536	1,3	60,144	0,0	97,36	107	99	1
1537	0,0	4,0	0,2	3,4	111	99	1
1538	4,2	97,110	4,1	115,39	104	99	1
1539	1,5	1,5	1,0	1,2	198	99	0.136385703989
1541	1,2	1,5	1,0	1,2	155	99	0.811735205232
1542	67,84	110,132	110,61	78,21	114	99	0.00586529258999
1544	0,4	4,1	0,1	2,4	120	99	0.678679916685
1545	2,2	1,0	0,0	4,7	110	99	5.35494603504e-05
1546	3,2	75,137	1,0	68,25	198	99	1
1547	3,0	75,137	5,7	68,25	198	99	1
1549	11,14	64,55	8,10	87,33	198	99	1
1550	15,11	6,2	8,0	3,1	183	99	0.412297689712
1553	133,133	1457,2163	194,111	2281,1172	198	99	1
1554	1,1	50,62	0,1	63,17	162	99	1
1555	2,2	35,50	0,3	25,12	198	99	1
1556	61,83	0,1	42,20	0,0	198	99	1
1557	44,65	59,89	47,16	50,43	198	99	1
1558	1,2	29,44	6,0	34,19	198	99	1
1559	0,0	29,44	4,0	34,19	198	99	1
1562	10,17	101,118	10,6	71,45	117	99	1
1563	7,34	5,8	30,9	2,1	198	99	0.0749087201509
1564	2,2	29,34	3,0	44,19	198	99	1
1565	5,2	0,3	3,2	0,1	198	99	0.512228828256
1566	11,20	99,90	6,4	92,37	198	99	1
1567	4,5	0,0	11,4	1,0	174	99	1
1568	59,78	48,49	67,33	56,23	164	99	1
1569	73,85	0,0	88,39	1,0	132	99	1
1570	84,114	0,0	99,49	1,0	197	99	1
1571	37,59	2,2	52,28	0,0	162	99	1
1572	1,2	73,93	5,0	57,41	198	99	1
1573	41,56	27,43	17,6	30,19	103	99	0.0248096762644
1574	8,10	1,0	3,0	3,0	198	99	1
1575	3,1	147,172	3,1	184,113	117	99	1
1576	3,2	86,159	3,2	126,66	159	99	1
1577	65,91	1,1	50,55	6,2	198	99	1
1578	167,154	7,19	263,95	7,2	198	99	1
1582	7,1	0,1	10,0	0,0	198	99	1
1584	11,21	6,7	14,9	6,4	102	99	1
1585	5,11	171,239	2,4	205,89	198	99	1
1586	6,24	3,0	9,4	1,0	105	99	1
1587	9,2	24,14	4,4	8,2	198	99	0.676238529391
1588	6,4	11,7	3,1	13,7	198	99	0.631715016253
1589	25,17	11,7	10,2	13,7	130	99	0.0282963530061
1590	10,10	80,145	9,6	140,80	102	99	1
1591	2,1	2,1	0,0	2,0	103	99	1
1592	1,4	1,0	0,0	3,3	103	99	2.75148035067e-05
1595	40,66	83,110	53,21	78,42	194	99	1
1596	63,73	83,110	36,22	78,42	198	99	1
1597	76,96	30,58	52,31	46,19	198	99	0.902214873289
1598	3,2	132,207	3,2	124,59	144	99	1
1599	2,1	13,30	12,7	29,6	131	99	0.0182371702475
1600	73,114	8,9	61,36	15,6	123	99	0.910083612354
1603	41,60	1,0	52,18	0,1	141	99	1
1604	1,0	29,25	0,0	28,8	171	99	1
1606	339,456	0,1	378,173	0,0	108	99	1
1607	6,6	3139,5464	4,0	4315,1823	103	99	1
1608	46,82	49,75	26,29	18,13	198	99	0.66055719818
1609	110,183	36,49	170,71	7,4	168	99	2.35907478542e-05
1611	2,5	274,258	3,0	212,95	198	99	1
1612	1451,1790	1,3	664,273	0,1	171	99	1
1613	7,7	499,592	5,1	547,206	104	99	1
1616	98,147	2,3	172,55	2,1	102	99	1
1617	4,0	39,57	1,1	48,21	103	99	1
1618	3,3	50,45	0,2	24,9	198	99	1
1620	22,18	0,1	17,6	5,0	198	99	0.442658770656
1621	30,45	10,10	33,21	6,1	198	99	0.452297069996
1622	28,38	1,0	32,27	2,2	198	99	1
1626	0,0	203,314	1,0	200,84	198	99	1
1627	29,36	193,214	31,19	205,88	198	99	1
1628	15,7	23,32	4,1	31,17	120	99	0.224607949823
1629	37,42	847,1445	25,13	737,467	198	99	1
1630	6,11	118,217	13,6	129,79	198	99	1
1631	239,328	5,0	318,111	2,0	198	99	1
1632	56,84	3,7	96,34	0,0	120	99	1
1633	1,2	714,1028	0,0	777,320	103	99	1
1634	12,23	4,9	16,5	0,0	112	99	0.00415511751959
1635	12,8	1281,1821	14,4	1297,561	103	99	1
1636	5,7	88,131	4,3	99,39	198	99	1
1637	1,1	0,1	2,0	0,3	153	99	0.130014377512
1638	5,8	0,1	7,3	0,3	198	99	0.628994519879
1639	7,19	1,1	10,4	1,0	198	99	1
1640	90,146	0,2	95,30	0,1	198	99	1
1641	19,16	455,590	19,6	484,197	159	99	1
1642	5,7	25,51	3,1	34,14	198	99	1
1643	2,5	78,122	5,4	123,42	193	99	1
1644	30,40	18,12	47,22	9,1	198	99	0.101396924903
1645	14,17	6,0	9,2	1,5	198	99	0.345505025866
1647	0,2	0,1	1,0	0,0	104	99	1
1648	3,10	9,14	2,2	19,8	104	99	0.146313945627
1649	4,3	13,11	4,2	11,7	131	99	1
1650	133,195	0,1	158,91	0,3	198	99	1
1651	60,92	7,13	42,27	3,1	198	99	0.676473844926
1653	2,5	0,16	4,2	8,14	103	99	0.312691113927
1654	16,19	5,5	6,0	10,0	115	99	1
1655	7,4	9,11	3,5	4,7	198	99	1
1656	1,6	9,11	7,3	4,7	143	99	0.455171213552
1657	9,10	793,890	24,11	1259,343	198	99	1
1658	53,85	61,68	42,28	125,59	103	99	0.00792524397208
1659	2,10	67,61	0,4	72,15	198	99	1
1660	1,0	45,54	0,0	59,19	103	99	1
1661	207,328	3,7	230,139	27,18	101	99	1
1662	0,1	2,0	1,0	0,0	104	99	1
1663	430,596	3,12	667,255	14,5	198	99	1
1664	28,22	13,11	9,4	21,6	134	99	0.00744322409401
1665	0,2	58,95	1,0	38,27	108	99	1
1666	6,4	2,2	14,6	11,3	136	99	0.795287414644
1667	13,7	20,29	7,4	19,16	192	99	1
1671	5,1	33,42	0,0	31,16	198	99	1
1672	22,26	17,30	7,13	17,8	198	99	1
1673	59,76	535,553	32,7	379,129	121	99	1
1674	19,30	78,107	15,7	72,35	198	99	1
1675	90,132	4,9	117,43	1,3	198	99	1
1676	2,3	152,197	1,0	117,50	198	99	1
1677	134,148	1,0	143,59	0,0	123	99	1
1678	10,4	27,37	6,4	31,20	174	99	1
1679	27,32	178,184	7,3	199,60	126	99	1
1680	14,19	143,214	8,3	201,144	161	99	1
1681	8,31	7,9	12,11	0,0	114	99	0.00206949238331
1682	1,1	0,2	8,2	0,0	114	99	1
1683	1,0	51,76	2,0	65,30	120	99	1
1687	364,604	19,31	269,158	8,6	198	99	1
1688	14,22	2,4	13,3	4,1	198	99	0.733065063314
1689	40,64	0,1	52,39	2,0	198	99	1
1690	64,79	1,0	87,35	0,0	198	99	1
1691	206,217	5,1	149,69	0,1	197	99	1
1693	18,14	34,53	36,13	41,12	183	99	0.225146757478
1694	109,148	1,2	109,57	0,0	198	99	1
1695	8,6	82,104	4,1	79,41	168	99	1
1697	70,112	14,11	84,53	0,2	105	99	0.68932194319
1698	212,247	0,0	264,136	2,0	102	99	1
1699	77,91	67,90	62,29	93,53	134	99	0.513870606854
1700	5,6	2,7	2,1	7,4	104	99	0.0693484154194
1701	1,1	9,15	3,0	9,4	104	99	1
1703	1,2	275,382	10,3	319,153	102	99	1
1704	3,1	55,75	0,0	26,29	105	99	1
1705	69,72	243,409	37,34	262,146	198	99	1
1706	12,18	33,23	30,11	18,12	198	99	0.268369727594
1707	0,4	37,84	0,0	66,22	198	99	1
1709	4,4	248,405	2,2	276,157	198	99	1
1710	26,40	0,1	41,18	0,0	116	99	1
1711	49,43	9,2	42,14	1,1	102	99	1
1715	3,8	117,150	2,2	48,61	120	99	1
1716	16,15	428,436	37,16	387,155	123	99	1
1718	7,15	0,1	6,2	0,0	198	99	1
1719	15,24	0,1	15,1	1,0	198	99	1
1723	112,118	3,5	154,68	1,0	198	99	1
1724	1,2	46,79	0,0	45,40	153	99	1
1725	200,265	54,79	19,6	234,112	105	99	0
1727	0,1	84,69	1,0	50,29	171	99	1
1728	140,172	0,0	115,56	0,2	198	99	1
1732	1,1	17,16	0,0	7,5	198	99	1
1734	3,1	22,42	3,6	47,33	111	99	1
1735	250,367	2,8	410,177	3,2	111	99	1
1736	0,3	22,28	0,0	26,13	133	99	1
1737	460,658	0,4	431,148	3,0	198	99	1
1738	1,5	84,81	2,0	86,29	198	99	1
1741	10,9	74,109	6,1	42,45	172	99	1
1742	38,65	451,496	34,13	437,203	198	99	1
1743	31,34	21,23	37,18	17,5	111	99	0.685101863637
1744	7,2	10,3	1,0	1,0	103	99	1
1745	7,4	7,7	2,0	8,5	101	99	0.0149533756078
1748	8,21	93,134	9,4	88,52	110	99	1
1749	4,3	30,56	2,6	25,23	123	99	1
1750	56,71	0,0	77,56	3,2	198	99	1
1751	3,11	53,69	4,2	73,49	198	99	1
1752	149,212	15,22	124,47	21,3	198	99	1
1753	705,1031	81,101	1123,541	27,11	178	99	0.166359647383
1754	11,6	127,162	3,1	145,67	198	99	1
1756	317,495	1,0	272,136	0,0	198	99	1
1757	0,2	0,9	1,0	1,0	198	99	1
1758	9,9	2174,2685	22,4	3539,1361	102	99	1
1759	0,2	0,0	0,2	1,0	128	99	1
1761	176,245	5,8	139,83	5,3	132	99	1
1762	56,73	21,26	41,31	10,11	198	99	1
1763	52,59	85,122	9,7	119,53	105	99	1.79803851269e-05
1764	24,20	12,21	17,5	15,10	198	99	0.885690350163
1765	3,2	36,62	0,1	24,14	198	99	1
1766	29,32	75,107	22,34	75,37	161	99	1
1767	6,9	167,168	10,4	225,103	198	99	1
1769	73,85	7,12	55,44	9,1	187	99	1
1770	6,8	40,80	2,0	39,35	198	99	1
1771	51,60	107,187	50,17	102,41	111	99	1
1772	2371,2815	0,3	3621,1690	0,3	102	99	1
1773	17,31	7,3	25,13	2,1	198	99	0.452481906611
1774	3,4	34,49	2,3	30,23	154	99	1
1775	0,0	1,1	1,0	4,1	198	99	1
1776	7,18	23,64	18,7	128,77	198	99	1
1777	9,4	1,2	29,8	2,1	198	99	1
1778	11,9	26,20	33,6	77,29	156	99	1
1779	7,18	461,661	12,4	473,272	198	99	1
1781	19,32	1,2	11,13	3,5	198	99	0.0574522771784
1782	0,1	4,9	0,0	3,3	198	99	1
1783	43,53	0,1	41,14	2,0	167	99	1
1786	32,32	25,25	16,10	41,18	126	99	0.0336824703541
1789	8,18	285,436	11,3	352,171	198	99	1
1791	1,3	6,5	3,3	2,0	116	99	0.00839433279117
1792	4,2	371,555	2,1	343,120	198	99	1
1793	10,7	371,555	4,1	343,120	198	99	1
1795	28,21	40,65	26,16	50,20	198	99	1
1797	8,6	12,12	3,1	3,0	197	99	0.777907188598
1798	191,271	9,3	282,120	8,1	105	99	1
1804	6,23	0,0	9,1	0,2	198	99	1
1805	18,35	2,0	23,3	0,0	198	99	1
1806	11,26	6,8	6,3	18,15	127	99	4.51567994868e-05
1808	3,3	2,0	4,2	0,0	198	99	1
1809	16,55	25,32	29,12	45,20	198	99	0.792191166435
1810	1,3	0,1	4,1	0,0	150	99	1
1811	542,861	365,790	747,403	354,177	198	99	0.256206950201
1812	582,416	1,0	348,105	0,1	120	99	1
1813	272,165	1,1	111,48	0,0	120	99	1
1814	272,158	0,1	126,47	4,0	120	99	1
1815	229,130	2,3	93,38	2,0	120	99	1
1816	263,166	2,3	104,45	2,0	141	99	1
1817	244,144	2,3	103,41	2,0	183	99	1
1818	38,36	4,0	11,7	0,0	120	99	1
1819	19,14	4,0	10,3	0,0	162	99	1
1820	6,6	24,23	9,0	8,4	141	99	1
1821	262,171	0,0	109,47	1,0	141	99	1
1822	243,143	0,0	97,41	1,0	183	99	1
1823	5,5	23,28	3,0	13,6	141	99	1
1824	0,1	1,5	3,1	1,0	118	99	7.35159516512e-05
1826	11,20	4,7	7,2	5,2	198	99	0.403941531754
1831	1,1	157,190	0,0	153,79	177	99	1
1833	25,35	149,132	46,27	131,44	110	99	0.626700062292
1835	70,96	81,99	30,23	26,22	126	99	1
1836	1,0	5,14	3,1	6,0	198	99	0.848953805066
1838	1,0	16,18	0,0	12,3	117	99	1
1840	1,0	180,223	0,0	244,106	105	99	1
1841	3,3	78,95	3,0	85,41	101	99	1
1843	14,25	40,66	11,6	140,47	110	99	0.0669995528773
1844	2,1	11,13	3,0	11,5	103	99	1
1845	32,30	12,15	16,10	10,4	103	99	1
1846	14,23	59,98	27,13	57,32	111	99	0.819262715028
1847	2,11	59,98	3,0	57,32	123	99	1
1849	23,26	54,27	31,14	55,27	136	99	1
1850	101,131	2,2	73,35	2,6	110	99	1
