IncLevel1	IncLevel2	IncLevelDifference
0.347,0.251	0.226,0.23	0.071
1.0,0.867	1.0,1.0	-0.067
0.055,0.066	0.056,0.038	0.013
0.92,0.901	0.96,0.946	-0.042
0.971,0.942	0.94,0.959	0.007
1.0,0.974	1.0,1.0	-0.013
1.0,1.0	1.0,0.966	0.017
1.0,1.0	0.983,1.0	0.008
0.998,0.999	0.997,1.0	0.0
0.863,0.702	0.91,1.0	-0.173
1.0,0.972	1.0,1.0	-0.014
0.128,0.07	0.075,0.122	0.001
0.014,0.002	0.033,0.025	-0.021
0.993,0.998	0.992,0.994	0.003
0.995,0.986	0.993,0.994	-0.003
0.171,0.139	0.104,0.069	0.069
0.894,0.876	0.875,0.526	0.184
0.967,0.966	0.949,1.0	-0.008
0.99,0.984	0.978,0.989	0.003
0.401,0.843	1.0,1.0	-0.378
0.875,0.861	0.798,0.798	0.07
0.564,0.175	0.512,0.314	-0.044
0.187,0.234	0.177,0.192	0.026
0.135,0.065	0.22,0.31	-0.165
0.426,0.472	0.396,0.439	0.031
0.109,0.12	0.204,0.257	-0.116
0.135,0.134	0.265,0.3	-0.148
0.019,0.017	0.005,0.031	0.0
0.561,0.346	0.369,0.406	0.066
0.931,0.963	0.941,0.945	0.004
0.12,0.107	0.147,0.085	-0.003
0.977,0.975	0.984,0.972	-0.002
0.506,0.538	0.6,0.156	0.144
0.111,0.118	0.143,0.11	-0.012
0.923,0.926	0.814,0.916	0.06
0.221,0.248	0.173,0.0	0.148
0.303,0.186	0.315,0.258	-0.042
0.054,0.019	0.0,0.0	0.036
0.273,0.371	0.253,0.246	0.073
0.897,0.9	0.842,0.765	0.095
0.856,0.826	0.751,0.597	0.167
0.153,0.066	0.105,0.041	0.037
1.0,1.0	0.92,1.0	0.04
0.991,1.0	1.0,1.0	-0.004
0.485,0.508	0.614,0.434	-0.028
0.859,0.815	1.0,1.0	-0.163
0.755,1.0	0.473,1.0	0.141
0.94,1.0	0.914,1.0	0.013
0.297,0.072	0.681,0.327	-0.32
0.792,0.621	0.566,0.493	0.177
1.0,1.0	0.998,0.997	0.002
0.688,0.495	0.469,0.706	0.004
0.271,0.351	0.234,0.256	0.066
0.977,0.965	0.987,0.972	-0.009
0.837,0.841	0.884,0.892	-0.049
0.903,0.894	0.929,0.889	-0.01
0.143,0.512	0.407,0.733	-0.242
0.562,0.314	0.0,0.478	0.199
0.907,0.909	0.96,1.0	-0.072
0.777,0.921	0.871,1.0	-0.087
0.518,0.566	0.555,0.538	-0.004
0.981,1.0	1.0,0.959	0.011
0.817,0.71	0.857,0.696	-0.013
0.957,0.965	0.794,0.867	0.13
0.166,0.157	0.3,0.244	-0.111
0.035,0.01	0.068,0.081	-0.052
0.762,0.738	0.793,0.752	-0.022
0.808,0.746	0.798,0.767	-0.005
0.848,0.797	0.805,0.756	0.042
1.0,0.977	1.0,1.0	-0.012
0.01,0.005	0.049,0.046	-0.04
0.2,0.529	0.31,1.0	-0.29
0.067,0.048	0.061,0.079	-0.013
0.027,0.11	0.036,0.201	-0.05
0.996,1.0	1.0,1.0	-0.002
0.159,0.12	0.105,0.115	0.03
0.763,0.777	0.745,0.761	0.017
0.09,0.07	0.032,0.0	0.064
0.421,0.359	0.521,0.592	-0.166
1.0,0.974	0.992,0.958	0.012
0.0,0.004	0.008,0.006	-0.005
0.953,0.968	0.973,0.96	-0.006
0.972,0.957	0.988,0.982	-0.021
0.021,0.024	0.022,0.014	0.005
0.999,1.0	1.0,1.0	-0.0
0.733,0.676	0.802,1.0	-0.197
0.0,0.054	0.0,0.0	0.027
0.992,0.971	1.0,0.982	-0.009
0.471,0.117	0.0,0.0	0.294
1.0,0.939	0.917,0.689	0.167
0.753,0.604	0.534,0.865	-0.021
1.0,0.979	0.947,1.0	0.016
1.0,0.92	1.0,1.0	-0.04
0.96,0.99	0.986,0.981	-0.009
0.06,0.056	0.105,0.0	0.005
0.012,0.009	0.0,0.011	0.005
0.988,0.99	0.988,0.99	0.0
0.969,0.933	0.679,1.0	0.112
0.173,0.248	0.144,0.133	0.072
0.306,0.332	0.325,0.334	-0.011
0.526,0.535	0.409,0.499	0.077
0.422,0.356	0.275,0.367	0.068
0.92,0.961	0.857,0.923	0.05
0.01,0.018	0.013,0.014	0.0
0.879,0.788	0.782,0.669	0.108
0.101,0.072	0.078,0.046	0.024
0.585,0.592	0.536,0.499	0.071
0.015,0.02	0.003,0.007	0.013
0.244,0.393	0.244,0.0	0.197
0.999,0.999	1.0,1.0	-0.001
1.0,NA	0.741,NA	0.259
0.029,0.0	0.0,0.09	-0.03
0.116,0.106	0.09,0.097	0.018
0.861,0.907	0.984,0.767	0.009
0.01,0.02	0.013,0.013	0.002
0.705,0.698	0.763,0.652	-0.006
0.998,0.998	0.998,0.999	-0.0
0.925,0.919	0.821,0.887	0.068
0.886,0.913	0.722,0.579	0.249
0.449,0.389	0.327,0.581	-0.035
0.941,1.0	1.0,1.0	-0.03
0.899,0.616	0.889,1.0	-0.187
0.589,0.568	0.65,0.539	-0.016
0.11,0.121	0.06,0.036	0.067
1.0,1.0	0.943,1.0	0.028
0.043,0.051	0.037,0.079	-0.011
0.0,0.036	0.0,0.0	0.018
1.0,0.988	1.0,1.0	-0.006
0.514,0.642	0.598,0.623	-0.032
1.0,1.0	0.984,0.969	0.024
0.07,0.092	0.079,0.108	-0.012
0.884,0.886	0.795,0.857	0.059
0.944,0.916	0.926,0.941	-0.004
0.302,0.314	0.285,0.096	0.117
0.135,0.162	0.138,0.121	0.019
0.02,0.044	0.011,0.018	0.018
0.969,1.0	1.0,0.899	0.035
0.843,0.873	0.781,0.785	0.075
0.917,0.946	0.916,0.892	0.027
0.07,0.043	0.07,0.024	0.01
0.973,0.971	0.954,0.901	0.044
1.0,0.992	1.0,1.0	-0.004
0.887,0.956	0.975,0.907	-0.02
0.891,0.914	0.711,0.29	0.402
0.974,0.987	0.992,0.985	-0.008
0.806,0.807	0.773,0.828	0.006
1.0,0.996	1.0,1.0	-0.002
0.092,0.119	0.087,0.237	-0.056
1.0,1.0	0.998,1.0	0.001
0.975,1.0	1.0,1.0	-0.012
1.0,0.386	0.767,1.0	-0.19
0.823,0.537	0.563,0.659	0.069
0.993,0.996	0.975,0.981	0.016
0.049,0.018	0.07,0.083	-0.043
0.382,0.464	0.307,0.34	0.1
0.081,0.087	0.051,0.064	0.026
0.955,0.947	0.932,0.913	0.028
0.634,0.668	0.806,0.597	-0.05
0.088,0.109	0.065,0.054	0.039
0.081,0.097	0.066,0.098	0.007
0.597,0.574	0.723,0.818	-0.185
1.0,1.0	0.7,1.0	0.15
1.0,1.0	0.852,1.0	0.074
0.934,0.813	0.917,0.925	-0.048
0.003,0.002	0.007,0.004	-0.003
0.253,0.422	0.292,0.0	0.192
0.056,0.169	0.073,0.0	0.076
0.019,0.039	0.025,0.005	0.014
0.574,0.623	0.371,0.419	0.204
0.527,0.427	0.172,0.288	0.247
0.978,0.965	0.974,0.987	-0.009
0.106,0.113	0.209,0.225	-0.107
0.014,0.013	0.017,0.018	-0.004
0.913,0.936	0.952,0.915	-0.009
0.737,0.606	0.681,0.781	-0.06
0.018,0.015	0.006,0.013	0.007
0.209,0.204	0.282,0.264	-0.067
0.581,0.52	0.46,0.433	0.104
0.025,0.037	0.049,0.054	-0.021
0.011,0.016	0.021,0.035	-0.015
0.143,0.139	0.094,0.097	0.046
0.091,0.14	0.115,0.107	0.005
0.199,0.264	0.262,0.215	-0.007
0.943,0.943	0.94,1.0	-0.027
0.706,0.715	0.758,0.744	-0.041
0.361,0.299	0.216,0.161	0.141
0.876,1.0	1.0,1.0	-0.062
0.685,0.727	0.577,0.604	0.115
0.957,0.875	0.954,1.0	-0.061
0.572,0.845	0.626,0.51	0.14
0.697,0.894	0.66,0.591	0.17
0.81,0.789	1.0,0.652	-0.026
0.011,0.005	0.007,0.034	-0.013
0.031,0.029	0.0,0.163	-0.052
0.997,1.0	0.998,1.0	-0.001
0.979,0.979	0.972,0.977	0.005
0.683,0.644	0.607,0.63	0.045
0.007,0.006	0.008,0.006	-0.0
0.033,0.116	0.018,0.019	0.056
0.142,0.078	0.525,0.639	-0.472
0.896,0.932	0.826,0.96	0.021
1.0,0.256	1.0,1.0	-0.372
0.447,0.572	0.621,0.513	-0.057
1.0,0.772	0.765,0.884	0.061
1.0,0.941	0.863,0.951	0.063
0.873,0.941	0.889,1.0	-0.037
0.91,0.941	0.915,0.968	-0.016
0.104,0.105	0.177,0.213	-0.091
0.013,0.02	0.012,0.018	0.002
0.984,0.984	1.0,1.0	-0.016
0.251,0.25	0.188,0.223	0.045
0.0,0.0	0.0,1.0	-0.5
0.945,0.917	0.963,0.917	-0.009
0.707,0.775	0.834,0.615	0.017
0.557,0.576	0.668,0.619	-0.077
0.944,0.96	0.945,0.943	0.008
0.855,0.921	0.941,0.931	-0.048
0.68,0.808	0.869,0.863	-0.122
0.094,0.132	0.118,0.129	-0.01
0.043,0.024	0.064,0.0	0.002
0.929,0.929	0.939,0.911	0.004
0.843,0.889	1.0,NA	-0.134
1.0,0.747	0.633,1.0	0.057
0.244,0.163	0.493,1.0	-0.543
1.0,0.995	0.994,1.0	0.001
0.216,0.196	0.429,0.426	-0.221
0.625,0.675	0.739,0.873	-0.156
0.372,0.416	0.55,0.256	-0.009
0.94,0.936	0.942,0.917	0.008
0.555,0.595	0.61,0.577	-0.018
0.706,0.847	0.757,0.801	-0.003
0.113,0.132	0.072,0.053	0.06
0.917,0.921	1.0,0.643	0.098
1.0,1.0	1.0,0.996	0.002
0.833,1.0	0.737,0.685	0.205
0.16,0.156	0.122,0.138	0.028
0.165,0.212	0.262,0.297	-0.091
0.038,0.015	0.025,0.041	-0.007
0.808,0.784	0.84,0.88	-0.064
0.645,0.819	0.593,0.65	0.111
0.193,0.282	0.303,0.325	-0.077
0.192,0.278	0.303,0.322	-0.077
0.017,0.018	0.023,0.019	-0.003
0.976,0.964	0.988,1.0	-0.024
0.712,0.784	0.814,1.0	-0.159
0.687,0.0	1.0,1.0	-0.656
1.0,0.977	1.0,1.0	-0.012
0.436,0.431	0.419,0.422	0.013
1.0,1.0	0.998,1.0	0.001
0.414,0.371	0.181,0.15	0.227
0.772,1.0	0.835,1.0	-0.031
0.826,1.0	0.952,1.0	-0.063
0.992,0.983	0.956,0.96	0.03
0.229,0.263	0.581,0.553	-0.321
0.496,0.53	0.532,0.604	-0.055
1.0,1.0	1.0,0.984	0.008
0.275,0.198	0.317,0.216	-0.03
0.019,0.029	0.019,0.024	0.003
0.023,0.029	0.016,0.0	0.018
0.0,0.008	0.032,0.081	-0.053
0.815,0.904	0.78,0.239	0.35
0.067,0.045	0.038,0.028	0.023
1.0,1.0	0.997,1.0	0.002
0.983,0.971	0.98,0.979	-0.003
0.011,0.029	0.04,0.033	-0.017
0.0,0.0	0.007,0.0	-0.004
1.0,1.0	0.96,1.0	0.02
0.713,0.878	0.618,0.836	0.069
0.958,0.978	1.0,1.0	-0.032
0.961,0.98	1.0,1.0	-0.03
0.92,0.822	1.0,1.0	-0.129
0.883,0.86	0.962,1.0	-0.11
0.717,0.743	0.82,0.887	-0.123
1.0,0.937	1.0,1.0	-0.031
0.049,0.045	0.058,0.073	-0.019
0.35,0.251	0.212,0.377	0.006
0.646,0.621	0.448,0.376	0.221
0.075,0.183	0.0,0.255	0.002
0.919,0.966	1.0,1.0	-0.057
0.866,0.704	0.883,0.858	-0.086
0.523,0.162	0.173,0.439	0.037
0.101,0.053	0.0,0.0	0.077
0.514,0.625	0.69,0.631	-0.091
0.944,0.977	0.917,0.967	0.018
0.964,0.97	0.978,0.956	0.0
0.703,0.783	0.784,0.788	-0.043
1.0,1.0	0.989,1.0	0.006
0.775,0.782	0.448,0.683	0.213
0.004,0.003	0.004,0.006	-0.002
0.003,0.002	0.006,0.004	-0.003
0.285,0.444	0.533,0.516	-0.16
0.473,0.562	0.691,0.611	-0.133
1.0,0.994	1.0,1.0	-0.003
0.99,0.975	0.983,1.0	-0.009
0.694,0.658	0.572,0.647	0.067
0.025,0.038	0.003,0.019	0.021
0.276,0.117	0.421,0.437	-0.232
0.0,0.0	0.0,0.0	0.0
0.577,0.38	0.362,0.353	0.121
0.975,0.97	0.994,0.959	-0.004
0.538,0.51	0.568,0.637	-0.079
0.434,0.339	0.512,0.497	-0.118
0.0,0.001	0.003,0.002	-0.002
0.918,0.816	0.939,0.958	-0.081
0.034,0.041	0.043,0.03	0.001
0.991,0.998	0.997,0.994	-0.001
0.51,0.44	0.189,0.577	0.092
0.754,0.808	0.897,0.926	-0.13
0.751,0.832	0.939,0.922	-0.139
0.0,0.003	0.003,0.0	0.0
0.957,0.916	1.0,NA	-0.064
0.606,1.0	1.0,NA	-0.197
0.95,1.0	0.933,1.0	0.008
0.372,0.451	0.271,0.328	0.112
0.94,0.992	1.0,1.0	-0.034
0.014,0.014	0.01,0.015	0.001
0.031,0.0	0.0,0.0	0.015
0.261,0.459	0.088,0.327	0.152
0.113,0.124	0.196,0.224	-0.092
0.738,0.738	0.717,0.774	-0.008
1.0,0.994	1.0,0.985	0.005
1.0,0.995	1.0,1.0	-0.002
0.983,0.984	1.0,1.0	-0.016
0.096,0.062	0.08,0.083	-0.003
0.939,0.964	0.961,1.0	-0.029
0.835,0.831	0.789,0.83	0.023
0.841,0.815	0.744,0.713	0.1
0.925,0.886	0.87,0.972	-0.016
0.926,0.912	0.924,0.931	-0.008
0.064,0.07	0.074,0.098	-0.019
1.0,0.941	1.0,1.0	-0.03
0.02,0.019	0.008,0.014	0.009
0.006,0.002	0.009,0.0	-0.0
0.007,0.01	0.014,0.026	-0.011
0.199,0.257	0.108,0.049	0.15
0.007,0.015	0.012,0.017	-0.004
0.092,0.208	0.0,0.0	0.15
0.038,0.019	0.046,0.0	0.005
0.522,0.548	0.524,0.517	0.015
0.44,0.478	0.0,NA	0.459
0.916,0.959	0.913,0.885	0.038
0.555,0.455	0.558,0.593	-0.071
0.958,0.957	0.948,1.0	-0.016
0.923,0.954	0.9,0.967	0.005
0.947,0.984	0.963,0.963	0.003
0.298,0.432	0.319,0.314	0.048
0.431,0.249	0.298,0.486	-0.052
1.0,0.298	1.0,NA	-0.351
1.0,0.506	1.0,1.0	-0.247
0.987,0.997	0.982,0.971	0.016
0.24,0.19	0.242,0.261	-0.037
0.024,0.036	0.036,0.036	-0.006
1.0,0.958	1.0,1.0	-0.021
0.541,0.487	0.671,0.681	-0.162
0.755,0.964	0.906,0.743	0.035
0.505,0.452	0.826,1.0	-0.434
0.966,1.0	1.0,1.0	-0.017
0.161,0.176	0.243,0.307	-0.107
0.139,0.081	0.368,0.493	-0.321
0.498,0.494	0.523,0.519	-0.025
0.7,0.707	0.722,0.328	0.178
0.101,0.082	0.036,0.068	0.039
0.157,0.084	0.074,0.097	0.035
0.005,0.005	0.009,0.016	-0.008
0.031,0.084	0.081,0.057	-0.012
0.319,0.162	0.077,0.064	0.17
0.091,0.05	0.116,0.145	-0.06
0.068,0.095	0.23,0.055	-0.061
0.981,0.983	0.983,0.985	-0.002
0.441,0.338	0.394,0.0	0.193
0.0,0.0	0.061,0.0	-0.03
1.0,0.992	1.0,1.0	-0.004
0.597,0.419	0.475,0.384	0.079
0.056,0.024	0.045,0.045	-0.005
0.113,0.168	0.035,0.062	0.092
0.576,0.753	0.894,0.714	-0.14
0.722,0.722	0.658,0.409	0.189
0.502,0.776	0.543,0.668	0.033
0.74,0.882	0.82,0.798	0.002
0.103,0.071	0.086,0.0	0.044
0.27,0.228	0.208,0.193	0.048
0.731,0.723	0.68,0.727	0.023
0.01,0.009	0.0,0.054	-0.018
0.314,0.379	0.0,0.478	0.108
0.0,0.437	0.0,0.0	0.218
0.912,0.942	0.954,0.938	-0.019
0.153,0.183	0.316,0.226	-0.103
0.095,0.241	0.163,0.244	-0.036
0.101,0.075	0.156,0.174	-0.077
0.999,0.984	0.993,1.0	-0.005
0.942,0.982	0.933,0.943	0.024
0.831,0.889	0.885,1.0	-0.083
0.131,0.109	0.122,0.12	-0.001
0.31,0.269	0.324,0.306	-0.026
0.064,0.054	0.049,0.039	0.015
0.184,0.171	0.191,0.125	0.019
0.738,0.732	0.757,0.759	-0.023
0.301,0.0	0.0,0.463	-0.081
0.376,0.098	0.482,0.153	-0.081
0.913,1.0	1.0,0.822	0.045
1.0,0.87	0.825,1.0	0.023
0.488,0.223	0.621,0.17	-0.04
0.937,1.0	1.0,0.838	0.049
1.0,0.907	0.871,1.0	0.018
0.941,1.0	1.0,0.92	0.01
1.0,0.954	0.841,1.0	0.056
1.0,0.824	0.609,1.0	0.107
0.906,0.978	0.949,1.0	-0.032
0.988,0.988	0.987,0.99	-0.0
0.992,0.994	0.993,0.992	0.001
0.884,0.91	0.892,0.887	0.008
0.006,0.006	0.006,0.006	0.0
0.968,0.988	0.969,0.976	0.006
0.988,0.994	1.0,0.962	0.01
0.113,0.098	0.021,0.12	0.035
0.158,0.131	0.05,0.158	0.041
0.775,0.621	0.588,0.526	0.141
0.833,0.811	0.81,0.806	0.014
0.6,0.758	0.803,0.83	-0.137
0.009,0.008	0.005,0.005	0.004
0.038,0.066	0.013,0.028	0.032
0.031,0.102	0.042,0.073	0.009
0.279,0.254	0.308,0.337	-0.056
0.255,0.291	0.233,0.313	0.0
1.0,0.993	1.0,1.0	-0.004
0.904,0.884	0.942,0.903	-0.028
0.643,0.457	1.0,0.107	-0.003
1.0,1.0	1.0,0.972	0.014
0.304,0.386	0.551,0.604	-0.233
0.432,0.543	0.505,0.625	-0.077
0.005,0.007	0.013,0.002	-0.001
0.773,0.922	0.893,0.769	0.017
0.37,0.46	0.327,0.512	-0.004
0.512,0.498	0.58,0.618	-0.094
0.135,0.128	0.174,0.177	-0.044
0.371,0.503	0.523,0.375	-0.012
0.456,0.0	NA,0.0	0.228
0.629,0.624	0.746,0.807	-0.15
0.653,0.825	1.0,1.0	-0.261
0.029,0.015	0.006,0.025	0.006
0.899,0.953	1.0,1.0	-0.074
0.82,0.867	0.876,0.79	0.01
0.832,0.83	0.866,0.846	-0.025
0.949,1.0	1.0,1.0	-0.026
0.963,0.925	0.846,1.0	0.021
0.0,0.014	0.0,0.0	0.007
0.587,0.682	0.621,0.699	-0.025
0.801,1.0	0.707,1.0	0.047
0.037,0.035	0.074,0.042	-0.022
0.626,0.534	0.46,0.482	0.109
0.287,0.281	0.138,0.305	0.063
0.029,0.065	0.038,0.088	-0.016
0.995,0.987	0.987,0.965	0.015
0.966,0.967	0.958,0.958	0.008
0.984,0.936	0.954,1.0	-0.017
0.019,0.021	0.024,0.015	0.001
0.009,0.009	0.012,0.008	-0.001
1.0,0.998	0.99,1.0	0.004
0.005,0.026	0.022,0.023	-0.007
0.578,0.63	0.626,0.599	-0.009
0.081,0.067	0.046,0.02	0.041
0.997,0.997	0.995,0.998	0.001
0.852,0.869	0.816,0.85	0.028
0.962,1.0	0.952,0.951	0.029
0.161,0.154	0.199,0.184	-0.034
0.0,0.478	0.0,0.478	0.0
0.898,0.844	0.909,1.0	-0.084
0.887,0.917	0.849,0.943	0.006
0.561,0.445	0.37,0.433	0.102
0.869,0.872	0.9,0.788	0.026
0.815,0.797	0.774,0.904	-0.033
0.869,0.872	0.863,0.951	-0.036
0.619,0.687	0.703,0.697	-0.047
0.832,1.0	0.216,1.0	0.308
0.308,0.877	NA,0.0	0.593
0.926,0.948	0.963,1.0	-0.044
0.953,1.0	1.0,1.0	-0.024
0.986,1.0	1.0,1.0	-0.007
0.0,0.0	0.413,0.513	-0.463
0.67,0.735	0.615,0.484	0.153
0.005,0.006	0.011,0.01	-0.005
0.989,0.957	0.965,1.0	-0.009
0.0,0.016	0.017,0.026	-0.013
0.951,1.0	0.93,1.0	0.01
0.12,0.147	0.134,0.171	-0.019
0.332,0.383	0.455,0.478	-0.109
0.499,0.423	0.275,0.386	0.13
0.871,0.904	0.907,0.883	-0.008
0.792,0.921	0.94,0.893	-0.06
0.76,0.905	0.901,0.958	-0.097
0.65,0.646	0.732,0.76	-0.098
0.724,0.829	0.862,0.74	-0.024
0.818,0.721	0.681,0.818	0.02
0.91,0.829	1.0,0.92	-0.091
0.785,0.756	0.833,0.477	0.115
0.05,0.025	0.186,0.044	-0.077
0.38,0.596	0.584,0.353	0.02
0.074,0.105	0.095,0.023	0.03
0.938,0.911	0.8,0.803	0.123
1.0,0.0	1.0,NA	-0.5
0.006,0.014	0.007,0.025	-0.006
0.656,0.842	0.753,1.0	-0.128
0.698,0.685	0.641,0.5	0.121
0.007,0.002	0.003,0.019	-0.006
0.038,0.029	0.026,0.056	-0.007
0.984,0.976	1.0,0.908	0.026
1.0,1.0	0.99,1.0	0.005
0.897,1.0	1.0,0.744	0.077
0.027,0.064	0.14,0.0	-0.025
0.063,0.019	0.06,0.104	-0.041
0.248,1.0	NA,1.0	-0.376
0.014,0.012	0.034,0.044	-0.026
0.104,0.202	0.374,0.0	-0.034
NA,0.0	1.0,0.651	-0.826
0.15,0.124	0.03,0.038	0.103
0.685,0.661	0.68,0.703	-0.018
0.986,0.985	0.983,0.98	0.004
0.602,0.637	0.41,0.42	0.204
0.876,0.807	0.838,0.934	-0.044
0.348,0.381	0.264,0.244	0.11
0.145,0.209	0.302,0.409	-0.178
0.703,0.731	0.788,0.704	-0.029
0.996,1.0	0.997,1.0	-0.0
0.437,0.193	0.418,1.0	-0.394
0.917,0.943	0.922,0.953	-0.008
0.447,0.402	0.353,0.456	0.02
0.014,0.061	0.026,0.063	-0.007
0.0,0.006	0.029,0.03	-0.026
0.643,0.662	0.715,0.554	0.018
0.06,0.047	0.13,0.088	-0.056
0.512,0.322	0.559,0.521	-0.123
0.937,0.936	0.974,0.961	-0.031
0.864,0.917	0.911,0.861	0.005
0.971,0.982	0.921,0.963	0.034
0.997,0.998	0.999,0.999	-0.001
0.776,0.714	0.806,1.0	-0.158
0.909,0.886	0.964,0.912	-0.04
0.223,0.194	0.157,0.179	0.041
1.0,0.858	0.853,1.0	0.003
1.0,0.932	1.0,1.0	-0.034
0.564,0.538	0.539,0.51	0.026
0.049,0.067	0.116,0.105	-0.052
0.422,0.403	0.365,0.403	0.028
0.997,1.0	1.0,1.0	-0.002
0.912,0.91	0.872,1.0	-0.025
0.998,0.998	0.999,1.0	-0.002
0.071,0.131	0.168,0.146	-0.056
1.0,1.0	1.0,1.0	0.0
0.959,1.0	1.0,1.0	-0.02
0.038,0.038	0.036,0.045	-0.002
1.0,1.0	0.972,1.0	0.014
1.0,1.0	0.997,1.0	0.002
0.781,1.0	1.0,1.0	-0.109
0.909,0.962	0.94,0.931	0.0
1.0,1.0	0.872,1.0	0.064
0.08,0.084	0.046,0.061	0.029
0.917,0.94	0.944,0.939	-0.013
1.0,0.998	0.995,1.0	0.001
0.722,0.638	0.72,0.435	0.102
0.562,0.636	0.535,0.32	0.171
0.538,0.512	0.449,0.579	0.011
0.463,0.327	0.414,0.744	-0.184
0.021,0.013	0.046,0.044	-0.028
0.566,0.579	0.668,0.446	0.015
0.711,0.834	0.839,0.783	-0.038
0.918,0.79	0.683,0.932	0.046
0.399,0.316	0.173,0.118	0.212
1.0,1.0	1.0,0.979	0.01
0.917,0.943	0.859,0.935	0.033
0.959,0.93	0.938,0.841	0.055
0.952,1.0	0.973,0.915	0.032
0.06,0.083	0.152,0.024	-0.016
0.978,0.984	0.994,0.986	-0.009
0.19,0.083	0.188,0.287	-0.101
0.014,0.017	0.0,0.0	0.015
0.414,0.442	0.443,0.356	0.029
0.185,0.201	0.287,0.232	-0.067
0.989,0.974	1.0,1.0	-0.018
0.961,0.912	0.946,1.0	-0.036
0.993,0.985	0.989,1.0	-0.005
0.917,0.896	0.88,0.859	0.037
0.013,0.017	0.014,0.014	0.001
0.025,0.033	0.034,0.029	-0.002
1.0,0.978	0.963,1.0	0.007
0.304,0.295	0.198,0.212	0.094
0.285,0.312	0.229,0.323	0.022
0.286,0.284	0.19,0.228	0.076
0.544,0.479	0.47,0.398	0.078
0.575,0.497	0.495,0.388	0.095
0.55,0.529	0.515,0.468	0.048
0.304,0.326	0.445,0.417	-0.116
0.138,0.141	0.093,0.189	-0.002
0.113,0.148	0.18,0.141	-0.03
0.999,1.0	1.0,1.0	-0.0
0.105,0.139	0.116,0.173	-0.022
0.728,0.922	0.811,1.0	-0.081
0.012,0.012	0.034,0.035	-0.023
0.99,1.0	1.0,1.0	-0.005
0.005,0.011	0.013,0.018	-0.007
0.602,0.626	0.695,0.657	-0.062
0.16,0.096	0.083,0.0	0.086
0.025,0.03	0.017,0.013	0.013
0.733,0.914	1.0,0.629	0.009
0.143,0.085	0.192,0.143	-0.053
0.95,0.928	0.928,0.934	0.008
0.044,0.038	0.02,0.015	0.023
0.379,0.274	0.497,0.797	-0.321
0.115,0.212	0.363,0.129	-0.082
0.191,0.42	0.451,0.082	0.039
0.175,0.232	0.261,0.424	-0.139
0.0,0.053	0.0,0.0	0.026
0.929,0.927	0.98,0.949	-0.036
0.0,0.034	0.029,0.0	0.003
0.602,0.447	0.469,0.244	0.168
0.502,0.437	0.565,0.591	-0.108
1.0,0.972	1.0,1.0	-0.014
0.013,0.015	0.005,0.031	-0.004
0.401,0.363	0.304,0.345	0.057
0.004,0.005	0.005,0.006	-0.001
0.641,0.702	0.726,0.626	-0.004
0.165,0.129	0.153,0.118	0.012
0.086,0.042	0.06,0.0	0.034
0.909,0.891	0.878,0.932	-0.005
0.006,0.001	0.0,0.01	-0.002
0.98,1.0	1.0,1.0	-0.01
0.044,0.071	0.009,0.047	0.029
0.004,0.013	0.013,0.015	-0.005
0.946,1.0	1.0,0.886	0.03
0.851,0.854	0.837,0.872	-0.002
0.93,0.948	0.934,0.946	-0.001
1.0,0.999	1.0,1.0	-0.0
0.862,1.0	1.0,1.0	-0.069
0.39,0.528	0.555,0.462	-0.05
0.706,1.0	0.799,0.909	-0.001
1.0,0.995	0.985,1.0	0.005
0.603,0.797	0.659,0.646	0.047
0.411,0.446	0.489,0.422	-0.027
0.262,0.33	0.527,0.418	-0.176
0.826,0.192	0.656,NA	-0.147
0.0,0.0	0.0,0.221	-0.111
0.958,0.97	1.0,1.0	-0.036
0.043,0.048	0.05,0.028	0.006
0.304,0.233	0.303,0.458	-0.112
1.0,0.942	1.0,1.0	-0.029
1.0,1.0	0.756,NA	0.244
0.449,0.677	0.189,0.0	0.469
0.127,0.467	0.068,0.0	0.263
0.103,0.08	0.128,0.356	-0.15
1.0,0.988	1.0,1.0	-0.006
0.994,1.0	0.993,1.0	0.001
1.0,0.94	1.0,1.0	-0.03
0.221,0.0	NA,0.0	0.111
0.91,0.986	0.872,0.949	0.037
1.0,0.978	1.0,1.0	-0.011
0.069,0.065	0.076,0.044	0.007
1.0,0.972	1.0,1.0	-0.014
0.793,0.806	0.849,0.849	-0.049
0.888,0.882	0.789,0.806	0.087
1.0,1.0	1.0,0.989	0.006
0.604,0.276	0.222,0.364	0.147
0.0,0.369	0.0,0.0	0.184
1.0,0.741	NA,0.364	0.507
0.0,1.0	0.0,0.0	0.5
0.244,0.261	0.0,0.493	0.006
0.002,0.009	0.009,0.002	0.0
0.076,0.221	0.14,0.125	0.016
0.334,0.26	0.304,0.233	0.029
1.0,0.998	1.0,1.0	-0.001
0.232,0.196	0.073,0.154	0.101
0.377,0.082	0.316,0.669	-0.263
0.991,0.997	0.996,1.0	-0.004
0.238,0.165	0.256,0.244	-0.048
0.383,0.21	0.427,0.261	-0.047
0.844,0.754	0.606,0.571	0.21
0.93,0.875	1.0,0.961	-0.078
0.98,0.979	0.973,0.986	0.0
0.995,0.999	0.994,0.995	0.003
0.993,0.998	0.992,0.992	0.004
0.998,0.993	0.996,0.994	0.001
0.999,0.998	0.996,1.0	0.0
0.998,0.997	0.994,1.0	0.001
0.53,0.516	0.558,0.564	-0.038
0.147,0.166	0.32,0.22	-0.114
0.969,0.965	0.978,0.968	-0.006
0.344,0.282	0.428,0.676	-0.239
0.966,0.946	0.985,1.0	-0.036
0.985,1.0	1.0,1.0	-0.008
0.947,0.951	0.891,0.917	0.045
0.728,0.71	0.608,0.575	0.128
1.0,1.0	0.993,1.0	0.004
0.304,0.322	0.279,0.272	0.037
0.738,0.61	0.631,0.768	-0.026
0.891,0.813	0.821,0.812	0.035
0.985,0.975	1.0,0.967	-0.004
0.801,0.759	0.688,0.681	0.096
0.763,0.758	0.724,0.785	0.006
0.824,0.829	0.812,0.825	0.008
0.943,1.0	0.936,0.81	0.099
0.024,0.023	0.006,0.0	0.021
0.949,0.89	0.979,0.912	-0.026
0.605,0.558	0.549,0.279	0.167
0.015,0.026	0.006,0.062	-0.014
0.124,0.155	0.054,0.292	-0.033
0.974,0.987	0.975,0.99	-0.002
0.371,1.0	0.469,1.0	-0.049
0.191,0.061	0.0,0.0	0.126
0.153,0.115	0.0,0.229	0.02
0.28,0.352	0.208,0.358	0.033
0.029,0.022	0.035,0.019	-0.002
0.01,0.015	0.018,0.007	0.0
0.86,0.774	0.889,0.786	-0.021
0.584,0.513	NA,0.0	0.548
0.462,0.442	0.554,0.457	-0.054
0.702,0.824	0.606,1.0	-0.04
0.072,0.06	0.102,0.407	-0.189
0.0,0.028	0.0,0.0	0.014
0.429,0.391	0.13,0.429	0.131
0.971,0.938	0.949,0.943	0.008
0.028,0.028	0.05,0.04	-0.017
1.0,0.866	1.0,NA	-0.067
0.002,0.011	0.012,0.005	-0.002
0.951,1.0	1.0,1.0	-0.024
0.723,0.446	0.245,0.44	0.242
0.698,0.739	0.944,0.87	-0.189
0.672,0.493	0.814,0.858	-0.253
0.186,0.108	0.327,0.538	-0.285
0.908,0.927	0.799,0.832	0.102
0.956,0.956	0.977,0.802	0.067
0.265,0.2	0.197,0.182	0.043
0.062,0.078	0.078,0.071	-0.004
0.109,0.131	0.075,0.144	0.011
0.153,0.048	0.03,0.093	0.039
0.931,1.0	1.0,1.0	-0.034
0.441,0.423	0.363,0.372	0.065
0.919,0.936	0.903,0.872	0.04
0.098,0.021	0.0,0.074	0.023
0.017,0.023	0.009,0.034	-0.002
0.965,0.984	0.961,0.991	-0.002
0.969,1.0	1.0,1.0	-0.016
0.972,0.994	0.981,0.988	-0.001
0.0,0.0	0.299,0.0	-0.149
0.23,0.229	0.106,0.201	0.076
0.993,1.0	1.0,1.0	-0.004
0.106,0.097	0.045,0.031	0.064
1.0,0.996	0.987,0.958	0.026
0.774,0.595	0.478,1.0	-0.054
0.362,0.401	0.342,0.32	0.05
1.0,1.0	1.0,0.989	0.006
0.562,0.599	0.599,0.502	0.03
0.846,0.744	0.862,0.843	-0.058
0.675,0.624	0.722,0.711	-0.067
0.741,1.0	1.0,NA	-0.129
1.0,1.0	0.927,1.0	0.036
0.763,0.79	0.925,0.887	-0.13
0.266,0.27	0.124,0.143	0.135
0.938,0.949	0.906,0.95	0.016
0.892,0.934	0.74,0.666	0.21
0.064,0.078	0.033,0.053	0.028
0.652,0.806	0.77,0.621	0.034
0.092,0.091	0.101,0.141	-0.029
0.89,0.947	0.921,0.928	-0.006
0.944,1.0	1.0,1.0	-0.028
0.013,0.038	0.077,0.076	-0.051
0.889,0.825	0.577,0.601	0.268
0.938,1.0	0.611,0.739	0.294
0.781,0.784	0.863,0.66	0.021
1.0,0.812	1.0,1.0	-0.094
0.069,0.11	0.184,0.084	-0.045
0.229,0.0	0.031,0.0	0.099
0.047,0.0	0.0,0.0	0.024
0.683,0.588	0.773,0.884	-0.193
0.907,0.915	0.864,0.938	0.01
0.694,0.67	0.767,0.664	-0.034
0.897,0.931	0.952,0.945	-0.034
0.164,0.148	0.019,0.089	0.102
0.016,0.018	0.016,0.017	0.001
0.837,1.0	1.0,0.651	0.093
0.508,0.411	0.116,0.478	0.163
0.796,0.749	0.677,0.76	0.054
1.0,0.886	0.744,1.0	0.071
0.014,0.02	0.021,0.0	0.007
0.682,0.59	0.425,0.391	0.228
0.791,0.802	0.721,0.591	0.141
0.989,1.0	1.0,1.0	-0.006
0.018,0.03	0.0,0.069	-0.011
1.0,0.988	1.0,1.0	-0.006
0.025,0.035	0.027,0.076	-0.021
0.0,0.034	0.012,0.062	-0.02
0.998,1.0	1.0,1.0	-0.001
0.069,0.134	0.097,0.0	0.053
0.892,0.866	0.881,0.874	0.002
0.305,0.275	0.224,0.298	0.029
0.995,0.994	0.993,0.996	0.0
0.207,0.077	0.129,0.207	-0.026
0.706,0.673	0.804,0.818	-0.121
1.0,0.98	1.0,1.0	-0.01
0.006,0.013	0.0,0.0	0.009
0.259,0.346	0.414,0.476	-0.142
0.838,0.8	0.739,1.0	-0.05
0.999,0.999	0.999,1.0	-0.001
0.01,0.04	0.026,0.031	-0.003
0.996,0.987	0.992,1.0	-0.004
0.732,0.716	0.521,0.566	0.18
0.051,0.04	0.04,0.055	-0.002
0.254,0.25	0.294,0.301	-0.045
0.155,0.229	0.176,0.178	0.015
0.971,0.98	0.944,0.982	0.013
0.226,0.0	0.0,NA	0.113
1.0,0.999	1.0,1.0	-0.0
1.0,1.0	0.947,1.0	0.026
0.933,0.899	1.0,1.0	-0.084
0.704,0.862	0.953,0.921	-0.154
0.137,0.188	0.199,0.33	-0.102
0.354,0.286	0.555,0.664	-0.29
0.656,0.927	0.669,0.816	0.049
0.759,0.961	0.657,0.745	0.159
0.075,0.055	0.042,0.054	0.017
0.219,0.187	0.139,0.141	0.063
0.872,0.975	0.972,1.0	-0.062
0.956,1.0	0.974,0.852	0.065
1.0,1.0	0.977,1.0	0.012
0.118,0.0	0.0,0.0	0.059
0.66,0.493	1.0,NA	-0.423
0.709,0.7	0.723,0.643	0.021
0.872,1.0	1.0,1.0	-0.064
0.721,0.771	0.818,0.643	0.016
0.88,0.825	0.712,0.9	0.046
0.852,0.913	0.957,0.962	-0.077
0.668,0.479	0.756,0.59	-0.1
0.43,0.604	0.621,0.355	0.029
0.13,0.168	0.181,0.207	-0.045
0.544,0.486	0.7,0.666	-0.168
0.014,0.018	0.017,0.017	-0.001
0.486,0.463	0.326,0.268	0.177
1.0,NA	0.794,1.0	0.103
0.225,0.17	0.169,0.216	0.005
0.693,0.695	0.683,0.617	0.044
0.0,0.051	0.0,0.0	0.025
0.934,1.0	1.0,1.0	-0.033
1.0,1.0	0.868,1.0	0.066
0.046,0.1	0.118,0.071	-0.021
1.0,1.0	0.987,0.981	0.016
1.0,0.982	0.986,1.0	-0.002
0.101,0.177	0.016,0.0	0.131
0.98,0.989	0.982,0.973	0.007
0.01,0.011	0.009,0.01	0.001
0.516,0.543	0.583,0.529	-0.026
0.129,0.0	0.0,0.0	0.065
0.018,0.019	0.024,0.042	-0.015
1.0,0.896	1.0,1.0	-0.052
0.164,0.234	0.234,0.186	-0.011
0.386,0.26	0.488,0.475	-0.158
0.962,0.991	0.829,1.0	0.062
0.056,0.117	0.097,0.093	-0.008
0.454,0.492	0.505,0.479	-0.019
0.098,0.125	0.106,0.095	0.011
0.985,0.991	0.972,0.971	0.016
0.027,0.018	0.012,0.013	0.01
0.949,1.0	1.0,1.0	-0.026
0.026,0.029	0.0,0.0	0.028
1.0,0.981	0.953,1.0	0.014
0.982,1.0	1.0,1.0	-0.009
0.013,0.025	0.026,0.021	-0.005
0.712,0.606	0.818,0.763	-0.131
0.005,0.022	0.0,0.043	-0.008
1.0,0.991	1.0,1.0	-0.004
0.009,0.012	0.012,0.045	-0.018
0.021,0.048	0.017,0.02	0.016
0.997,0.988	0.993,0.989	0.001
0.986,0.99	0.966,1.0	0.005
0.991,0.995	0.995,0.99	0.001
0.209,0.073	0.08,0.097	0.052
0.018,0.03	0.041,0.049	-0.021
1.0,1.0	0.963,1.0	0.018
0.012,0.008	0.019,0.012	-0.005
0.458,0.479	0.32,0.362	0.128
0.938,0.919	0.904,0.954	-0.001
0.822,1.0	0.866,1.0	-0.022
0.241,0.174	0.299,0.165	-0.024
0.085,0.048	0.077,0.0	0.028
0.493,0.423	0.433,0.463	0.01
0.018,0.08	0.083,0.043	-0.014
1.0,1.0	0.99,0.92	0.045
0.859,0.945	1.0,0.706	0.049
0.865,0.842	0.72,0.868	0.059
0.028,0.014	0.02,0.019	0.002
0.477,0.361	0.244,0.249	0.172
0.863,0.841	0.832,0.949	-0.038
0.011,0.024	0.0,0.0	0.018
0.093,0.041	0.105,0.052	-0.011
0.442,0.446	0.444,0.296	0.074
0.971,0.979	0.937,0.886	0.064
0.906,1.0	1.0,1.0	-0.047
0.13,0.221	0.116,0.133	0.051
0.937,0.915	0.97,0.962	-0.04
0.951,0.993	0.993,0.977	-0.013
0.989,1.0	0.992,1.0	-0.002
0.941,0.945	1.0,1.0	-0.057
0.327,0.405	0.421,0.327	-0.008
0.733,0.747	0.579,0.57	0.165
0.031,0.076	0.038,0.062	0.003
0.038,0.064	0.079,0.019	0.002
0.256,0.266	0.283,0.221	0.009
0.927,0.927	1.0,1.0	-0.073
1.0,0.932	1.0,1.0	-0.034
0.915,1.0	1.0,1.0	-0.042
0.465,NA	0.465,NA	0.0
0.059,0.041	0.062,0.017	0.011
0.429,0.631	0.675,0.52	-0.068
0.493,1.0	1.0,1.0	-0.254
0.038,0.039	0.009,0.034	0.017
1.0,0.973	1.0,0.895	0.039
0.759,0.731	0.528,0.66	0.151
0.609,0.447	0.745,0.722	-0.206
0.362,0.522	0.654,0.635	-0.203
0.427,0.638	0.681,0.686	-0.151
1.0,1.0	0.945,1.0	0.028
0.055,0.052	0.042,0.036	0.014
0.096,0.079	0.088,0.15	-0.032
0.549,0.511	0.724,0.529	-0.097
0.784,0.85	0.663,0.973	-0.001
1.0,0.995	1.0,1.0	-0.002
0.921,0.902	0.891,0.905	0.013
0.298,0.201	0.308,0.272	-0.041
0.152,0.021	0.032,0.049	0.046
0.883,0.942	0.964,1.0	-0.07
0.085,0.115	0.142,0.166	-0.054
0.152,0.138	0.143,0.178	-0.015
0.329,0.286	0.366,0.385	-0.068
0.018,0.026	0.043,0.107	-0.053
0.017,0.0	0.111,0.0	-0.047
0.872,0.843	0.839,0.905	-0.015
0.991,0.993	0.995,0.992	-0.002
0.967,0.939	0.982,1.0	-0.038
0.158,0.169	0.255,0.274	-0.101
0.744,0.653	0.531,0.457	0.205
0.812,0.852	0.829,0.806	0.015
1.0,0.983	0.993,1.0	-0.005
0.838,0.588	0.915,1.0	-0.245
0.947,0.914	0.904,0.912	0.022
0.087,0.097	0.157,0.193	-0.083
0.06,0.009	0.1,0.11	-0.071
0.974,0.993	0.985,0.964	0.009
0.535,0.502	0.521,0.478	0.019
0.047,0.067	0.038,0.166	-0.045
0.981,0.967	0.967,0.949	0.016
0.095,0.109	0.047,0.082	0.038
0.893,0.951	0.837,0.957	0.025
0.739,0.745	0.599,0.704	0.091
0.971,0.969	0.968,0.982	-0.005
0.999,0.999	0.999,1.0	-0.001
0.995,0.992	0.996,0.996	-0.002
0.989,0.989	0.993,0.99	-0.003
0.99,0.985	0.976,1.0	-0.0
0.948,0.928	0.964,0.951	-0.02
0.944,0.952	0.966,0.944	-0.007
0.887,0.848	0.918,0.908	-0.046
0.926,0.939	0.955,0.933	-0.011
0.909,0.927	0.944,0.918	-0.013
0.861,0.881	0.927,0.88	-0.032
0.83,0.668	0.768,0.912	-0.091
0.98,0.967	0.922,0.958	0.034
0.951,0.946	0.878,0.945	0.037
0.016,0.007	0.02,0.0	0.001
0.965,0.925	0.946,0.929	0.008
0.789,1.0	1.0,0.483	0.153
1.0,0.978	1.0,1.0	-0.011
0.302,0.293	0.343,0.31	-0.029
0.071,0.092	0.136,0.047	-0.01
0.039,0.052	0.072,0.023	-0.002
0.174,0.263	0.414,0.493	-0.235
0.929,0.975	0.901,0.865	0.069
0.447,0.57	0.309,0.393	0.157
0.829,0.878	0.763,0.794	0.075
0.961,0.847	0.865,1.0	-0.029
0.974,0.895	0.945,1.0	-0.038
1.0,0.974	1.0,1.0	-0.013
0.065,0.105	0.094,0.109	-0.017
0.0,0.0	NA,1.0	-1.0
0.414,0.561	0.573,0.566	-0.082
0.971,0.958	0.949,0.963	0.008
0.975,0.973	0.933,0.943	0.036
1.0,1.0	1.0,0.829	0.086
1.0,0.971	1.0,1.0	-0.014
0.023,0.015	0.023,0.013	0.001
0.075,0.139	0.148,0.097	-0.015
0.602,0.592	0.617,0.636	-0.03
0.99,0.909	0.884,0.763	0.126
0.045,0.088	0.098,0.098	-0.032
0.649,0.382	0.561,0.673	-0.101
0.214,0.145	0.221,0.174	-0.018
0.618,0.681	0.694,0.163	0.221
0.15,0.128	0.092,0.104	0.041
0.136,0.128	0.175,0.075	0.007
0.0,0.0	0.012,0.0	-0.006
0.955,0.962	1.0,1.0	-0.042
0.079,0.099	0.469,0.846	-0.569
0.169,0.282	0.379,1.0	-0.464
0.374,0.392	0.384,0.221	0.081
0.018,0.024	0.054,0.027	-0.02
0.77,0.658	0.358,0.361	0.354
0.851,0.882	0.814,0.886	0.017
1.0,0.902	0.858,0.709	0.168
0.999,1.0	1.0,1.0	-0.0
0.116,0.05	0.061,0.074	0.015
0.204,0.324	0.27,0.25	0.004
0.968,0.992	0.979,1.0	-0.01
0.102,0.105	0.076,0.072	0.029
0.985,1.0	1.0,1.0	-0.008
0.015,0.03	0.037,0.0	0.004
0.291,0.327	0.251,0.219	0.074
1.0,0.982	0.97,1.0	0.006
0.998,1.0	0.995,1.0	0.001
1.0,0.971	1.0,1.0	-0.014
0.088,0.184	0.136,0.271	-0.068
0.558,0.532	0.702,0.759	-0.185
0.004,0.006	0.008,0.006	-0.002
0.313,0.297	0.397,0.38	-0.084
1.0,0.973	0.989,0.977	0.003
0.417,0.321	0.542,0.68	-0.242
0.723,0.831	1.0,0.651	-0.049
0.853,0.899	0.959,0.986	-0.096
0.808,0.914	0.944,0.952	-0.087
0.108,0.145	0.159,0.142	-0.024
0.862,0.28	0.369,0.238	0.267
0.651,0.555	0.157,0.384	0.332
0.528,0.425	0.873,0.463	-0.192
1.0,0.333	1.0,1.0	-0.334
0.767,0.85	0.924,0.881	-0.094
0.009,0.011	0.027,0.008	-0.008
0.454,1.0	0.714,1.0	-0.13
1.0,0.878	0.898,1.0	-0.01
1.0,0.87	0.897,1.0	-0.013
0.626,0.695	0.676,0.624	0.01
0.427,0.519	0.712,0.678	-0.222
0.152,0.077	0.256,0.067	-0.047
0.178,0.05	0.084,0.0	0.072
0.112,0.131	0.09,0.048	0.052
0.342,0.412	0.411,0.36	-0.008
0.369,0.353	0.238,0.136	0.174
0.853,0.828	0.797,0.821	0.032
0.028,0.016	0.025,0.014	0.002
0.991,0.978	0.984,0.978	0.003
0.976,0.984	0.965,0.97	0.012
0.224,0.216	0.28,0.094	0.033
0.396,0.319	0.231,0.277	0.104
0.75,0.781	0.748,1.0	-0.108
0.273,0.452	0.0,0.0	0.363
0.779,0.824	0.974,0.788	-0.08
0.257,0.096	0.108,0.154	0.045
0.718,0.516	0.599,0.559	0.038
0.018,0.026	0.02,0.027	-0.002
1.0,1.0	0.931,1.0	0.034
0.983,0.967	0.934,1.0	0.008
0.988,0.977	0.946,1.0	0.009
0.748,0.781	0.642,0.596	0.145
1.0,1.0	0.0,0.416	0.792
0.985,1.0	1.0,1.0	-0.008
1.0,0.712	1.0,NA	-0.144
0.667,0.764	0.638,0.504	0.145
0.997,1.0	0.994,1.0	0.001
0.874,0.904	0.864,1.0	-0.043
0.707,1.0	0.673,1.0	0.017
0.75,1.0	0.689,1.0	0.03
1.0,0.885	1.0,0.794	0.045
0.012,0.012	0.015,0.015	-0.003
0.018,0.0	0.0,0.084	-0.033
NA,0.305	0.0,NA	0.305
0.987,1.0	1.0,1.0	-0.006
0.883,0.757	0.802,0.847	-0.004
0.983,0.982	0.994,0.986	-0.008
0.585,0.63	0.405,0.41	0.2
0.912,0.889	0.89,0.877	0.017
1.0,1.0	0.969,1.0	0.016
0.055,0.212	0.46,0.388	-0.291
0.839,0.738	0.873,0.876	-0.086
0.088,0.102	0.128,0.0	0.031
0.089,0.067	0.009,0.022	0.062
0.98,0.967	0.986,0.988	-0.013
0.042,0.034	0.042,0.028	0.003
0.981,0.965	0.994,0.989	-0.019
0.001,0.001	0.0,0.002	0.0
0.753,0.767	0.641,0.596	0.141
0.809,0.762	0.808,1.0	-0.118
0.033,0.043	0.035,0.059	-0.009
0.853,0.907	0.842,0.857	0.031
0.565,0.671	0.494,0.518	0.112
0.172,0.165	0.148,0.15	0.019
0.921,0.851	0.869,0.892	0.005
0.093,0.15	0.116,0.137	-0.005
0.423,0.615	0.559,0.458	0.01
1.0,0.885	1.0,1.0	-0.057
0.993,1.0	1.0,1.0	-0.004
0.87,0.954	0.796,0.857	0.085
0.176,0.125	0.086,0.224	-0.005
0.763,0.723	0.835,0.847	-0.098
1.0,1.0	0.972,0.948	0.04
0.999,0.998	0.999,0.999	-0.001
0.991,0.977	0.991,0.973	0.002
0.997,0.993	0.997,0.991	0.001
0.995,0.993	0.99,0.992	0.003
0.396,0.485	0.505,0.524	-0.074
0.734,0.848	0.742,0.867	-0.014
0.217,0.744	0.217,0.0	0.372
0.984,1.0	1.0,1.0	-0.008
0.768,0.817	0.914,0.897	-0.113
0.012,0.004	0.009,0.006	0.001
0.414,0.191	0.0,1.0	-0.198
0.673,0.407	0.579,1.0	-0.249
0.583,0.531	0.63,0.624	-0.07
0.046,0.04	0.066,0.166	-0.073
0.689,0.664	0.684,0.51	0.08
0.005,0.004	0.006,0.005	-0.001
0.276,0.275	0.254,0.21	0.044
0.967,0.992	0.98,0.984	-0.002
0.802,0.768	0.666,0.796	0.054
0.99,1.0	0.965,0.968	0.029
0.417,0.404	0.358,0.453	0.005
0.744,0.734	0.85,0.846	-0.109
0.42,0.477	0.506,0.299	0.046
0.976,0.987	0.981,0.978	0.002
0.059,0.028	0.031,0.0	0.028
0.797,0.817	0.772,0.67	0.086
0.333,0.295	0.218,0.206	0.102
0.99,0.993	1.0,0.97	0.007
0.036,0.005	0.009,0.05	-0.009
0.421,0.493	0.744,0.66	-0.245
0.025,0.024	0.0,0.0	0.025
0.538,0.542	0.588,0.75	-0.129
0.248,0.376	0.355,0.241	0.014
0.006,0.004	0.009,0.006	-0.002
1.0,1.0	0.98,1.0	0.01
0.905,0.936	0.891,0.844	0.053
NA,1.0	0.0,NA	1.0
0.983,0.986	0.976,0.962	0.015
1.0,1.0	0.985,1.0	0.008
0.572,0.628	0.586,0.648	-0.017
0.414,0.274	0.586,0.43	-0.164
0.859,1.0	1.0,1.0	-0.071
0.569,0.521	0.507,0.514	0.034
0.125,0.095	0.095,0.0	0.062
1.0,0.66	1.0,1.0	-0.17
0.294,0.293	0.257,0.124	0.103
0.73,0.686	0.793,0.777	-0.077
0.036,0.071	0.032,0.016	0.029
0.98,1.0	1.0,1.0	-0.01
1.0,1.0	0.984,1.0	0.008
1.0,1.0	0.781,1.0	0.109
0.16,0.182	0.154,0.094	0.047
0.276,0.251	0.286,0.205	0.018
0.103,0.223	0.264,0.332	-0.135
0.902,1.0	1.0,1.0	-0.049
1.0,1.0	0.981,1.0	0.01
0.983,1.0	1.0,1.0	-0.008
1.0,0.997	0.996,1.0	0.0
0.969,0.949	0.966,0.899	0.026
0.338,0.353	0.29,0.711	-0.155
0.979,1.0	1.0,1.0	-0.01
0.088,0.088	0.051,0.136	-0.006
0.017,0.025	0.016,0.025	0.001
0.972,0.956	0.928,0.984	0.008
0.665,0.597	0.596,0.539	0.064
0.853,0.881	0.842,0.795	0.048
0.849,0.824	0.837,0.872	-0.018
0.869,0.816	0.825,0.94	-0.04
0.214,0.105	0.203,0.218	-0.051
0.499,0.204	0.0,0.0	0.351
0.415,0.267	0.353,0.267	0.031
1.0,0.993	1.0,1.0	-0.004
0.999,1.0	1.0,1.0	-0.0
0.054,0.061	0.019,0.026	0.035
0.012,0.009	0.012,0.013	-0.002
0.961,0.702	0.91,0.234	0.259
0.013,0.061	0.0,0.039	0.017
0.968,0.944	0.993,0.936	-0.009
0.213,0.211	0.294,0.419	-0.144
0.429,0.507	0.698,0.639	-0.201
0.46,0.436	0.515,0.532	-0.076
0.991,1.0	1.0,1.0	-0.004
0.808,0.633	0.738,0.672	0.015
0.035,0.271	0.046,0.126	0.067
0.433,0.267	0.294,0.081	0.162
0.868,0.761	0.858,0.758	0.006
1.0,1.0	1.0,0.993	0.004
0.126,0.126	0.258,0.0	-0.003
0.807,0.822	0.796,0.611	0.111
1.0,0.999	1.0,1.0	-0.0
0.853,0.829	0.821,0.795	0.033
0.037,0.039	0.144,0.182	-0.125
0.001,0.002	0.0,0.003	0.0
0.315,0.385	0.36,0.339	0.0
0.95,0.954	0.88,0.895	0.065
1.0,1.0	1.0,0.687	0.156
0.075,0.09	0.066,0.108	-0.005
0.078,0.103	0.074,0.101	0.003
0.496,0.554	0.584,0.389	0.039
0.995,0.99	0.992,0.989	0.002
0.961,0.964	0.969,0.906	0.025
1.0,1.0	1.0,0.967	0.016
0.184,0.173	0.223,0.365	-0.115
0.795,0.831	0.696,0.785	0.073
0.997,0.995	0.989,1.0	0.002
0.742,0.679	0.782,0.677	-0.019
0.047,0.042	0.055,0.073	-0.02
0.048,0.018	0.094,0.166	-0.097
0.984,0.895	0.973,0.979	-0.036
0.037,0.043	0.06,0.05	-0.015
0.951,1.0	1.0,1.0	-0.024
0.875,0.775	0.784,0.808	0.029
0.289,0.328	0.384,0.478	-0.122
0.31,0.354	0.406,0.515	-0.129
1.0,1.0	0.996,0.991	0.006
0.005,0.0	0.0,0.015	-0.005
0.994,0.987	1.0,1.0	-0.01
0.812,0.87	0.858,0.911	-0.044
0.026,0.027	0.048,0.077	-0.036
0.767,0.831	0.775,0.776	0.023
0.958,0.943	0.959,0.957	-0.008
0.077,0.111	0.099,0.0	0.044
0.233,0.182	0.244,0.287	-0.058
1.0,1.0	0.962,1.0	0.019
0.539,1.0	0.401,1.0	0.069
0.565,0.684	0.727,0.782	-0.13
0.0,0.001	0.005,0.011	-0.007
0.561,0.421	0.582,0.518	-0.059
0.804,0.668	0.737,0.857	-0.061
0.173,0.067	0.096,0.052	0.046
0.105,0.125	0.188,0.208	-0.083
0.0,0.0	0.028,0.0	-0.014
0.728,0.806	0.263,0.843	0.214
0.647,0.485	0.646,0.564	-0.039
0.885,0.889	0.767,0.647	0.18
0.421,0.327	0.564,0.493	-0.154
0.986,1.0	1.0,1.0	-0.007
0.964,1.0	1.0,1.0	-0.018
0.06,0.17	0.184,0.091	-0.023
0.967,1.0	1.0,0.949	0.009
0.021,0.028	0.02,0.019	0.005
0.998,0.997	0.993,0.988	0.007
0.012,0.024	0.02,0.034	-0.009
0.895,0.878	0.927,0.952	-0.053
0.099,0.058	0.067,0.045	0.022
1.0,1.0	1.0,0.95	0.025
0.573,0.486	0.504,0.407	0.074
0.137,0.139	0.107,0.12	0.025
0.954,0.958	0.945,0.957	0.005
0.984,0.969	0.94,0.928	0.042
0.333,0.313	0.339,0.375	-0.034
0.993,1.0	0.983,1.0	0.005
0.967,0.933	0.962,0.94	-0.001
0.907,0.941	0.984,0.889	-0.013
0.991,0.995	0.989,0.997	0.0
0.961,0.901	0.923,1.0	-0.03
0.787,0.768	0.735,0.73	0.045
0.913,1.0	1.0,1.0	-0.043
0.186,0.305	0.52,0.655	-0.342
0.988,0.985	0.979,1.0	-0.003
0.14,0.231	0.259,0.296	-0.092
0.97,0.968	1.0,0.963	-0.013
0.818,0.73	1.0,1.0	-0.226
0.025,0.027	0.009,0.016	0.014
0.996,1.0	0.994,1.0	0.001
1.0,1.0	0.991,0.986	0.012
0.71,0.779	0.722,0.627	0.07
0.17,0.226	0.468,0.17	-0.121
0.007,0.005	0.004,0.006	0.001
0.352,0.295	0.176,0.128	0.172
0.958,0.96	0.958,0.968	-0.004
1.0,0.989	0.995,1.0	-0.003
0.033,0.0	0.0,0.253	-0.11
0.917,0.964	0.825,0.809	0.124
0.968,0.99	0.983,0.99	-0.007
0.927,0.97	0.991,0.943	-0.018
0.024,0.024	0.065,0.042	-0.03
0.295,0.259	0.255,0.227	0.036
0.453,0.459	0.328,0.331	0.127
0.664,0.85	0.699,0.821	-0.003
0.674,0.671	0.868,0.819	-0.171
0.244,0.267	0.409,0.795	-0.346
0.689,0.873	0.874,0.824	-0.068
0.866,0.778	0.811,0.865	-0.016
0.879,0.719	0.756,0.87	-0.014
0.946,0.985	0.915,1.0	0.008
0.024,0.024	0.02,0.018	0.005
0.829,0.327	0.593,0.393	0.085
0.969,0.947	0.89,0.957	0.034
1.0,1.0	1.0,0.929	0.035
0.036,0.073	0.058,0.0	0.025
0.534,0.366	0.357,0.469	0.037
0.332,0.072	0.157,0.237	0.005
0.802,0.549	0.709,1.0	-0.179
0.88,0.785	0.886,1.0	-0.111
0.0,0.0	0.007,0.0	-0.004
0.0,0.0	0.084,0.234	-0.159
0.955,0.98	1.0,1.0	-0.032
0.959,0.957	0.951,0.991	-0.013
0.019,0.02	0.025,0.035	-0.011
0.999,0.999	0.996,0.998	0.002
0.269,0.312	0.165,0.088	0.164
0.827,0.844	0.79,0.667	0.107
1.0,0.977	1.0,1.0	-0.012
0.0,0.448	0.654,NA	-0.43
0.294,0.222	0.0,0.143	0.186
1.0,0.77	0.746,1.0	0.012
0.942,0.95	0.958,1.0	-0.033
0.0,0.144	0.096,0.481	-0.216
0.299,0.46	0.482,0.221	0.028
0.019,0.018	0.014,0.017	0.003
0.11,0.134	0.234,0.287	-0.139
1.0,1.0	0.962,1.0	0.019
0.538,0.606	0.892,1.0	-0.374
0.952,0.969	0.951,0.966	0.002
0.02,0.022	0.017,0.033	-0.004
0.512,0.478	0.779,0.71	-0.249
0.785,0.832	0.902,0.769	-0.027
0.456,0.716	0.583,1.0	-0.206
1.0,1.0	1.0,0.485	0.258
1.0,1.0	1.0,0.949	0.026
0.989,0.97	1.0,1.0	-0.02
0.041,0.097	0.275,0.244	-0.191
0.035,0.03	0.0,0.045	0.01
0.345,0.292	0.211,0.433	-0.004
0.107,0.084	0.085,0.1	0.003
0.967,0.97	0.969,0.97	-0.001
1.0,1.0	1.0,1.0	0.0
0.012,0.006	0.007,0.007	0.002
0.012,0.006	0.007,0.008	0.002
0.327,1.0	0.0,1.0	0.163
1.0,0.951	1.0,0.83	0.06
0.008,0.008	0.011,0.009	-0.002
0.847,0.932	0.893,0.883	0.001
1.0,0.937	1.0,0.603	0.167
0.493,1.0	0.773,NA	-0.027
0.593,0.61	0.52,0.546	0.068
0.149,0.289	0.127,0.172	0.069
0.15,0.0	0.0,0.0	0.075
0.983,1.0	0.994,0.975	0.007
0.429,0.299	0.245,0.416	0.033
0.517,0.356	0.567,0.504	-0.099
0.591,0.569	0.834,0.586	-0.13
0.783,0.745	0.704,0.784	0.02
0.0,0.134	0.617,0.287	-0.385
0.017,0.017	0.01,0.026	-0.001
1.0,1.0	1.0,0.972	0.014
0.478,0.372	0.629,0.621	-0.2
0.28,0.294	0.154,0.708	-0.144
0.026,0.0	0.0,0.0	0.013
0.292,0.342	0.286,0.325	0.012
0.833,0.905	0.842,0.873	0.012
0.163,0.493	0.0,1.0	-0.172
0.254,0.2	0.247,0.358	-0.075
0.857,0.864	0.874,0.903	-0.028
0.011,0.016	0.009,0.021	-0.001
0.77,0.674	0.773,0.739	-0.034
1.0,0.994	1.0,1.0	-0.003
0.622,0.67	0.574,0.695	0.012
0.007,0.0	0.0,0.0	0.004
0.056,0.131	0.099,0.143	-0.027
0.055,0.037	0.054,0.0	0.019
0.165,0.186	0.163,0.093	0.047
0.904,0.935	0.847,0.845	0.074
0.025,0.018	0.038,0.047	-0.021
0.785,0.8	0.78,0.75	0.027
0.973,0.966	0.979,0.978	-0.009
1.0,1.0	0.783,1.0	0.109
1.0,0.999	1.0,1.0	-0.0
0.828,0.773	0.677,0.938	-0.007
0.657,0.835	0.752,0.802	-0.031
0.979,1.0	1.0,1.0	-0.01
0.717,0.69	0.661,0.665	0.04
0.05,0.069	0.071,0.097	-0.024
0.003,0.013	0.009,0.017	-0.005
0.173,0.197	0.201,0.212	-0.022
0.999,1.0	1.0,1.0	-0.0
1.0,0.988	1.0,1.0	-0.006
1.0,0.906	0.902,1.0	0.002
0.457,0.489	0.372,0.296	0.139
1.0,0.983	1.0,1.0	-0.008
0.829,NA	0.327,NA	0.502
0.981,0.907	1.0,0.918	-0.015
0.71,0.655	0.721,0.785	-0.071
0.371,0.109	0.13,0.0	0.175
0.448,0.358	0.39,0.358	0.029
0.0,0.543	0.471,0.0	0.036
1.0,0.992	1.0,1.0	-0.004
0.023,0.025	0.021,0.01	0.009
0.593,0.28	1.0,0.393	-0.26
0.029,0.019	0.015,0.0	0.017
0.823,0.823	0.823,1.0	-0.089
0.0,0.0	0.06,0.041	-0.051
0.365,0.509	0.479,1.0	-0.303
0.866,0.844	0.823,1.0	-0.056
0.933,0.956	0.824,0.802	0.132
0.993,0.997	0.972,0.982	0.018
0.93,0.96	0.888,0.932	0.035
1.0,0.926	1.0,1.0	-0.037
0.04,0.058	0.039,0.0	0.03
0.037,0.035	0.032,0.027	0.007
1.0,NA	0.0,0.0	1.0
1.0,1.0	0.995,1.0	0.002
0.003,0.003	0.004,0.008	-0.003
0.039,0.034	0.038,0.0	0.018
0.705,0.791	0.513,1.0	-0.008
0.115,0.185	0.337,0.051	-0.044
0.977,0.964	0.855,1.0	0.043
0.964,0.962	0.942,0.931	0.026
0.913,0.898	1.0,1.0	-0.095
1.0,0.9	0.656,1.0	0.122
0.625,0.613	0.741,0.792	-0.147
1.0,1.0	0.949,0.559	0.246
0.865,1.0	0.944,1.0	-0.039
0.728,0.646	0.781,0.796	-0.101
0.884,0.895	NA,1.0	-0.111
0.752,0.714	0.781,0.666	0.009
0.309,0.457	0.267,0.088	0.206
0.269,0.241	0.465,0.383	-0.169
0.019,0.017	0.022,0.025	-0.005
0.996,0.992	0.995,0.996	-0.002
0.808,0.981	0.884,0.936	-0.015
0.807,0.725	1.0,1.0	-0.234
0.063,0.068	0.053,0.071	0.004
0.777,1.0	1.0,1.0	-0.111
0.954,0.844	0.803,0.951	0.022
0.79,0.684	0.637,0.927	-0.045
0.071,0.247	0.264,0.431	-0.189
0.003,0.007	0.007,0.007	-0.002
0.128,0.082	0.146,0.351	-0.143
0.11,0.171	0.181,0.056	0.022
0.538,0.631	0.726,0.636	-0.097
0.083,0.063	0.095,0.037	0.007
0.006,0.009	0.011,0.027	-0.011
0.967,1.0	0.971,1.0	-0.002
0.646,0.617	0.66,0.579	0.012
0.086,0.414	0.386,0.0	0.057
1.0,1.0	0.619,NA	0.381
0.163,0.117	0.463,0.396	-0.289
0.889,0.901	0.938,0.954	-0.051
0.969,0.964	0.956,0.969	0.004
1.0,0.964	0.976,1.0	-0.006
0.807,0.814	0.566,0.728	0.163
0.964,0.973	0.972,1.0	-0.018
0.031,0.058	0.055,0.0	0.017
0.283,0.202	0.189,0.32	-0.012
0.924,0.769	0.856,0.789	0.024
0.834,0.817	0.963,0.821	-0.067
0.02,0.037	0.036,0.005	0.008
0.263,0.396	0.31,0.3	0.025
0.002,0.002	0.003,0.0	0.001
0.969,0.986	0.959,1.0	-0.002
0.986,0.906	0.778,0.855	0.129
0.929,0.952	0.939,0.933	0.005
0.027,0.046	0.009,0.083	-0.01
0.99,1.0	1.0,1.0	-0.005
0.919,0.864	0.91,0.93	-0.029
0.995,0.995	1.0,1.0	-0.005
0.958,0.986	0.976,0.95	0.009
0.621,0.435	0.726,0.747	-0.208
0.218,0.197	0.24,0.193	-0.009
1.0,1.0	0.999,1.0	0.0
0.964,0.976	0.968,0.96	0.006
1.0,1.0	0.983,0.978	0.02
0.795,0.76	0.634,0.652	0.135
0.041,0.133	0.0,0.0	0.087
0.64,0.632	0.881,0.854	-0.231
0.34,0.56	0.818,0.59	-0.254
0.916,0.895	0.854,0.898	0.029
0.969,1.0	1.0,1.0	-0.016
0.795,0.806	0.811,0.894	-0.052
0.504,0.759	0.49,1.0	-0.114
0.91,0.7	0.78,1.0	-0.085
0.924,0.772	0.797,1.0	-0.05
0.883,1.0	0.855,1.0	0.014
0.184,0.122	0.26,0.314	-0.134
0.048,0.073	0.067,0.021	0.016
0.019,0.021	0.013,0.012	0.007
0.206,0.0	0.115,0.0	0.045
0.266,0.232	0.602,0.312	-0.208
1.0,0.897	1.0,1.0	-0.051
0.101,0.117	0.189,0.158	-0.064
0.96,0.974	0.951,0.983	0.0
0.921,1.0	1.0,1.0	-0.039
0.024,0.033	0.054,0.058	-0.028
0.032,0.02	0.02,0.017	0.007
0.631,0.593	0.571,0.573	0.04
0.896,1.0	1.0,1.0	-0.052
0.975,1.0	1.0,0.89	0.042
0.941,0.944	0.937,0.918	0.015
0.512,0.527	0.591,1.0	-0.276
0.839,0.816	0.859,1.0	-0.102
0.302,0.333	0.232,0.316	0.043
1.0,0.967	0.916,1.0	0.026
0.791,0.904	0.611,0.516	0.284
0.6,0.783	0.336,0.091	0.478
NA,0.57	1.0,0.0	0.07
0.297,0.251	0.257,0.349	-0.029
0.139,0.113	0.084,0.193	-0.013
0.193,0.172	0.126,0.226	0.007
0.059,0.053	0.0,0.024	0.044
0.222,0.25	0.271,0.273	-0.036
0.074,0.032	0.041,0.099	-0.017
0.985,0.99	1.0,1.0	-0.012
0.153,0.091	0.156,0.134	-0.023
0.0,0.03	0.0,0.0	0.015
1.0,0.778	1.0,1.0	-0.111
0.832,0.817	0.813,0.851	-0.007
0.866,0.968	0.757,0.906	0.086
0.572,0.62	0.566,0.623	0.001
0.499,0.379	0.371,0.396	0.055
0.957,0.991	0.973,0.972	0.002
0.569,0.595	0.601,0.617	-0.027
0.997,1.0	1.0,1.0	-0.002
0.018,0.023	0.024,0.022	-0.003
0.544,0.545	0.262,0.31	0.258
0.0,0.007	0.036,0.0	-0.014
0.4,0.327	1.0,1.0	-0.636
0.819,0.664	0.573,1.0	-0.045
0.015,0.0	0.009,0.025	-0.01
0.658,0.325	1.0,1.0	-0.508
0.529,0.526	0.526,0.906	-0.188
0.354,0.297	0.382,0.367	-0.049
0.003,0.004	0.003,0.003	0.001
0.828,1.0	1.0,1.0	-0.086
0.998,0.998	0.997,1.0	-0.0
0.605,0.607	0.646,0.666	-0.05
0.228,0.211	0.317,0.178	-0.028
0.014,0.008	0.008,0.046	-0.016
0.273,0.273	1.0,NA	-0.727
0.327,0.0	1.0,0.0	-0.337
0.836,0.901	0.902,0.85	-0.007
0.676,0.621	0.733,0.8	-0.118
NA,0.132	0.0,NA	0.132
0.651,0.704	0.761,0.71	-0.058
0.409,0.395	0.394,0.471	-0.03
0.917,0.856	0.801,0.586	0.193
0.98,0.94	0.942,0.955	0.012
1.0,0.927	0.956,0.862	0.054
0.355,0.401	0.375,0.508	-0.064
0.007,0.006	0.005,0.013	-0.002
0.04,0.047	0.027,0.024	0.018
0.012,0.047	0.06,0.054	-0.027
0.847,0.847	0.834,0.836	0.012
0.999,0.998	1.0,1.0	-0.002
0.977,1.0	1.0,1.0	-0.012
1.0,1.0	1.0,0.901	0.049
0.538,0.438	0.376,0.335	0.132
0.017,0.02	0.034,0.024	-0.01
0.627,0.669	0.681,0.802	-0.094
0.087,0.091	0.052,0.07	0.028
0.239,0.359	0.053,0.44	0.052
0.789,0.789	1.0,NA	-0.211
0.974,0.986	1.0,1.0	-0.02
0.904,0.861	0.9,0.888	-0.011
0.017,0.025	0.0,0.061	-0.009
0.212,0.427	0.292,0.562	-0.108
0.075,0.034	0.07,0.0	0.019
0.112,0.112	0.116,0.065	0.022
0.295,0.151	0.347,0.546	-0.224
0.171,0.146	0.18,0.157	-0.01
0.89,0.879	0.926,0.944	-0.05
0.958,0.98	0.956,0.958	0.012
0.012,0.003	0.0,0.0	0.007
0.996,0.996	0.992,0.992	0.004
0.571,0.645	0.62,0.624	-0.014
1.0,1.0	1.0,0.892	0.054
0.983,1.0	1.0,0.9	0.042
0.068,0.046	0.162,0.037	-0.043
0.904,0.93	0.93,0.929	-0.012
0.165,0.175	0.421,0.672	-0.377
0.969,0.951	0.976,0.975	-0.016
0.087,0.161	1.0,0.784	-0.768
1.0,0.95	0.958,1.0	-0.004
0.041,0.05	0.049,0.057	-0.008
0.976,0.981	0.981,0.965	0.005
0.028,0.018	0.03,0.024	-0.004
0.02,0.014	0.009,0.015	0.005
0.975,0.962	0.979,0.963	-0.003
0.33,0.271	0.805,0.87	-0.537
0.026,0.0	0.006,0.007	0.006
0.806,0.761	0.902,0.731	-0.033
0.211,0.157	0.163,0.327	-0.061
0.261,0.196	0.06,0.18	0.109
0.64,0.586	0.503,0.479	0.122
0.911,0.934	0.923,0.919	0.002
0.021,0.004	0.039,0.021	-0.017
0.617,0.825	1.0,1.0	-0.279
0.914,0.966	0.875,0.859	0.073
1.0,0.995	0.995,0.994	0.003
0.004,0.001	0.0,0.018	-0.006
1.0,1.0	0.985,1.0	0.008
0.593,0.596	0.711,0.725	-0.123
0.828,0.906	0.699,0.777	0.129
0.78,0.773	0.682,0.623	0.124
0.616,0.483	0.557,0.412	0.065
0.467,0.317	0.448,0.311	0.013
0.039,0.031	0.037,0.018	0.008
0.127,0.137	0.089,0.065	0.055
0.879,0.808	0.834,0.926	-0.036
1.0,1.0	0.894,1.0	0.053
0.009,0.0	0.0,0.0	0.004
1.0,0.94	1.0,1.0	-0.03
0.731,0.677	0.634,0.658	0.058
0.5,0.477	0.502,0.464	0.006
0.238,0.279	0.343,0.283	-0.054
1.0,0.997	1.0,0.999	-0.001
0.414,0.49	0.54,0.568	-0.102
0.0,0.069	0.0,0.11	-0.02
0.141,0.197	0.0,0.12	0.109
0.603,0.68	0.536,0.599	0.074
0.02,0.024	0.031,0.029	-0.008
0.986,1.0	1.0,1.0	-0.007
0.0,0.016	0.0,0.0	0.008
0.193,NA	0.418,NA	-0.225
0.79,0.792	0.838,0.851	-0.053
0.986,0.947	0.971,0.958	0.002
1.0,0.97	1.0,1.0	-0.015
0.023,0.061	0.021,0.043	0.01
0.927,0.855	0.934,1.0	-0.076
0.999,1.0	1.0,1.0	-0.0
1.0,1.0	0.24,NA	0.76
0.342,0.338	0.251,0.24	0.095
0.136,0.152	0.085,0.09	0.057
0.433,0.377	0.332,0.369	0.054
1.0,0.995	1.0,1.0	-0.002
0.985,0.997	0.989,0.987	0.003
0.586,0.653	0.459,0.541	0.119
0.04,0.032	0.069,0.082	-0.04
0.633,0.606	0.575,0.507	0.079
0.948,0.944	0.952,0.936	0.002
0.233,0.238	0.286,0.517	-0.166
0.639,0.815	0.57,1.0	-0.058
0.986,1.0	1.0,1.0	-0.007
0.397,0.538	0.499,0.394	0.021
0.301,0.306	0.202,0.336	0.034
0.16,0.0	0.656,0.488	-0.492
0.352,0.574	0.297,0.792	-0.082
0.974,0.972	0.981,0.978	-0.007
0.723,0.42	0.635,0.723	-0.108
0.838,1.0	1.0,1.0	-0.081
0.815,0.8	0.808,0.904	-0.049
1.0,0.942	1.0,0.775	0.084
0.948,0.921	1.0,1.0	-0.066
1.0,0.963	0.93,1.0	0.016
0.839,0.887	0.882,0.945	-0.05
0.059,0.07	0.114,0.173	-0.079
0.66,0.708	1.0,NA	-0.316
0.255,0.154	0.244,0.0	0.083
1.0,1.0	1.0,0.67	0.165
0.38,0.429	0.6,0.755	-0.273
0.139,0.0	0.393,NA	-0.324
0.393,0.368	0.13,0.393	0.119
0.392,0.366	0.419,0.463	-0.062
0.702,0.827	0.67,1.0	-0.071
1.0,0.982	1.0,1.0	-0.009
0.194,0.13	0.245,0.252	-0.086
0.37,0.662	0.873,0.595	-0.218
0.445,0.335	0.429,0.191	0.08
0.561,0.549	0.614,0.531	-0.017
0.301,0.386	0.261,0.345	0.041
0.621,0.269	0.766,1.0	-0.438
1.0,1.0	0.978,1.0	0.011
0.041,0.056	0.136,0.079	-0.059
0.987,1.0	0.985,1.0	0.001
0.044,0.055	0.062,0.061	-0.012
0.028,0.008	0.033,0.0	0.002
0.995,0.985	0.978,0.985	0.008
1.0,0.752	1.0,1.0	-0.124
0.862,1.0	0.875,1.0	-0.006
0.071,0.0	0.0,0.155	-0.042
0.106,0.102	0.115,0.163	-0.035
0.825,0.75	0.863,0.955	-0.122
0.907,0.955	1.0,0.764	0.049
0.018,0.004	0.009,0.015	-0.001
0.921,0.431	0.823,0.538	-0.004
0.025,0.021	0.028,0.038	-0.01
0.231,0.22	0.141,0.195	0.058
0.643,NA	1.0,1.0	-0.357
0.43,0.482	0.567,0.46	-0.057
0.469,0.544	0.778,0.48	-0.123
0.719,0.78	0.445,0.536	0.259
0.051,0.135	0.244,0.052	-0.055
0.0,0.009	0.024,0.0	-0.008
0.509,0.395	0.329,0.329	0.123
0.988,0.995	0.988,1.0	-0.002
0.965,0.969	0.968,0.956	0.005
0.719,0.79	0.832,0.485	0.096
1.0,0.994	1.0,0.986	0.004
0.076,0.041	0.012,0.074	0.015
0.0,0.114	0.033,0.07	0.005
0.024,0.05	0.142,0.0	-0.034
0.785,0.797	0.82,0.77	-0.004
0.44,1.0	NA,1.0	-0.28
0.394,0.326	0.326,0.28	0.057
0.047,0.035	0.074,0.048	-0.02
0.436,0.559	0.208,0.217	0.285
0.938,0.84	0.812,0.922	0.022
0.827,0.884	0.867,0.949	-0.052
0.352,0.211	0.197,0.266	0.05
0.971,0.987	0.99,0.947	0.011
0.975,1.0	1.0,1.0	-0.012
0.939,0.933	0.922,0.849	0.05
0.075,0.156	0.18,0.038	0.006
0.087,0.124	0.113,0.185	-0.043
0.128,0.135	0.185,0.306	-0.114
0.716,0.621	0.774,0.856	-0.146
0.38,0.631	0.427,0.675	-0.045
0.162,0.575	0.261,0.541	-0.033
0.205,0.411	0.239,0.3	0.039
1.0,0.995	1.0,1.0	-0.002
0.081,0.24	0.208,0.12	-0.003
0.054,0.116	0.05,0.118	0.001
0.0,0.31	1.0,0.0	-0.345
0.97,0.92	0.985,0.883	0.011
1.0,0.964	1.0,1.0	-0.018
1.0,0.969	1.0,1.0	-0.016
1.0,0.983	1.0,1.0	-0.008
0.016,0.017	0.016,0.004	0.007
0.008,0.0	0.022,0.006	-0.01
1.0,0.983	0.996,0.99	-0.001
0.99,0.995	0.993,1.0	-0.004
0.03,0.029	0.023,0.037	-0.001
0.925,1.0	1.0,0.907	0.009
0.824,0.661	1.0,1.0	-0.258
1.0,0.994	1.0,1.0	-0.003
0.159,0.146	0.175,0.224	-0.047
0.489,0.428	0.096,0.47	0.176
0.852,0.855	0.875,0.872	-0.02
0.028,0.019	0.019,0.034	-0.003
0.892,0.88	0.858,0.779	0.068
0.693,0.745	0.718,0.847	-0.064
0.872,0.896	0.858,0.921	-0.005
0.071,0.111	0.12,0.113	-0.025
0.039,0.059	0.046,0.0	0.026
0.75,0.728	0.682,0.951	-0.078
0.232,0.251	0.234,0.176	0.036
0.986,0.997	0.99,0.971	0.011
0.101,0.055	0.084,0.046	0.013
0.902,0.869	0.942,0.988	-0.08
0.312,0.349	0.276,0.305	0.04
1.0,1.0	0.801,1.0	0.099
0.758,0.747	0.801,0.799	-0.048
0.614,0.521	0.515,0.402	0.109
1.0,1.0	1.0,0.933	0.033
0.991,1.0	0.986,0.946	0.03
0.691,0.641	0.627,0.648	0.028
0.235,0.29	0.357,0.493	-0.163
0.71,0.778	0.754,1.0	-0.133
0.833,0.826	0.841,0.826	-0.004
0.055,0.046	0.064,0.054	-0.008
0.994,1.0	0.993,0.996	0.003
0.016,0.0	0.0,0.041	-0.013
1.0,1.0	0.987,0.977	0.018
0.04,0.037	0.043,0.142	-0.054
0.957,0.835	0.922,0.738	0.066
0.0,0.001	0.001,0.001	-0.001
1.0,1.0	1.0,1.0	0.0
0.975,0.962	0.901,0.957	0.039
0.403,0.467	0.598,0.366	-0.047
0.866,0.863	0.785,0.74	0.102
1.0,0.981	1.0,1.0	-0.01
1.0,1.0	1.0,0.986	0.007
0.889,0.879	0.797,0.886	0.042
0.899,0.926	0.879,0.892	0.027
0.592,0.528	0.821,1.0	-0.35
0.952,0.878	0.928,0.967	-0.032
0.109,0.13	0.11,0.0	0.065
0.504,NA	0.0,NA	0.504
0.952,0.977	0.949,0.995	-0.008
0.096,0.038	0.069,0.098	-0.017
0.728,1.0	1.0,NA	-0.136
0.882,0.855	0.857,0.873	0.004
0.242,0.155	0.134,0.0	0.132
0.349,0.324	0.306,0.332	0.018
0.921,0.919	0.922,0.916	0.001
0.589,0.611	0.402,0.236	0.281
0.224,0.105	0.057,0.398	-0.063
0.008,0.012	0.005,0.006	0.005
0.918,0.987	0.894,0.909	0.051
0.847,0.649	0.649,0.735	0.056
0.008,0.014	0.0,0.0	0.011
1.0,1.0	1.0,0.996	0.002
0.854,0.88	0.931,1.0	-0.099
0.124,0.11	0.035,0.12	0.039
0.951,0.969	0.96,0.964	-0.002
0.999,0.998	0.998,0.994	0.002
0.973,0.992	0.977,0.955	0.016
0.928,0.886	0.862,0.881	0.036
0.211,0.27	0.281,0.174	0.013
0.478,0.081	0.175,0.186	0.099
1.0,0.974	0.987,1.0	-0.007
0.212,0.485	0.105,0.386	0.103
0.008,0.029	0.026,0.038	-0.013
1.0,1.0	1.0,1.0	0.0
1.0,1.0	1.0,0.999	0.0
0.996,0.997	0.993,0.984	0.008
0.108,0.021	0.091,0.078	-0.02
0.049,0.037	0.034,0.026	0.013
0.607,0.41	0.357,0.0	0.33
0.585,0.484	0.458,0.484	0.064
0.494,0.565	0.661,1.0	-0.301
0.821,0.853	0.925,0.917	-0.084
0.969,0.933	0.988,0.949	-0.017
0.892,0.713	0.561,0.611	0.216
0.006,0.011	0.022,0.037	-0.021
0.083,0.0	NA,1.0	-0.959
1.0,1.0	1.0,1.0	0.0
0.0,0.371	0.371,0.639	-0.32
0.998,0.991	0.991,1.0	-0.001
0.301,0.52	0.524,0.629	-0.166
0.995,0.998	0.989,0.997	0.003
0.019,0.049	0.028,0.072	-0.016
0.911,0.985	1.0,0.952	-0.028
0.07,0.138	0.059,0.048	0.051
0.016,0.02	0.008,0.014	0.007
0.525,0.62	0.661,0.399	0.042
0.004,0.003	0.007,0.003	-0.002
0.977,0.993	0.992,1.0	-0.011
1.0,0.984	1.0,1.0	-0.008
0.0,0.023	0.041,0.051	-0.035
0.232,0.216	0.191,0.123	0.067
0.011,0.007	0.01,0.0	0.004
0.975,0.974	0.968,0.986	-0.003
0.418,0.569	0.693,0.511	-0.109
0.674,0.668	0.689,0.685	-0.016
0.779,0.821	0.901,0.781	-0.041
0.679,0.619	0.572,0.536	0.095
0.682,0.721	0.788,0.811	-0.098
0.415,0.412	0.509,0.519	-0.101
0.599,0.84	0.29,0.884	0.133
0.913,1.0	NA,1.0	-0.043
0.481,NA	NA,0.0	0.481
0.986,0.991	1.0,1.0	-0.012
0.183,0.196	0.216,0.318	-0.078
0.692,1.0	0.728,1.0	-0.018
0.921,0.935	0.842,0.684	0.165
0.866,0.799	0.797,0.899	-0.016
0.122,0.12	0.123,0.19	-0.036
0.846,0.864	0.834,0.856	0.01
0.944,0.878	0.972,0.937	-0.043
1.0,0.0	0.463,NA	0.037
1.0,1.0	1.0,0.993	0.004
0.008,0.007	0.009,0.005	0.001
0.0,0.012	0.0,0.0	0.006
0.156,0.099	0.221,0.198	-0.082
0.023,0.015	0.049,0.032	-0.022
0.61,0.703	0.493,0.244	0.288
0.994,1.0	1.0,1.0	-0.003
0.294,0.211	0.172,0.121	0.106
0.058,0.058	0.037,0.033	0.023
0.853,0.699	0.899,0.766	-0.056
1.0,0.96	1.0,0.598	0.181
0.788,0.743	0.832,0.852	-0.076
0.95,0.941	0.955,0.966	-0.015
0.987,1.0	1.0,1.0	-0.006
0.563,0.587	0.545,0.545	0.03
0.618,0.523	0.478,0.43	0.117
0.015,0.011	0.014,0.047	-0.018
0.911,0.903	0.848,0.94	0.013
0.139,0.0	0.0,0.0	0.07
0.011,0.012	0.014,0.014	-0.003
0.884,0.832	0.965,0.962	-0.106
0.054,0.031	0.078,0.072	-0.033
0.006,0.004	0.006,0.005	-0.0
0.938,0.917	0.978,0.968	-0.045
0.272,0.463	0.254,0.592	-0.055
0.466,0.452	0.268,0.337	0.157
0.123,0.058	0.199,0.104	-0.061
0.739,0.737	0.765,0.755	-0.022
0.146,0.156	0.173,0.173	-0.022
0.773,0.808	0.756,0.853	-0.014
0.557,0.507	0.661,0.398	0.002
0.023,0.044	0.02,0.03	0.009
0.804,0.783	0.619,0.699	0.135
0.142,0.22	0.414,0.21	-0.131
0.006,0.009	0.002,0.0	0.006
0.839,0.774	0.828,1.0	-0.107
0.584,0.604	0.609,0.566	0.007
0.229,0.237	0.277,0.254	-0.033
0.282,0.295	0.263,0.255	0.029
0.676,0.631	0.678,0.682	-0.027
0.477,0.458	0.323,0.326	0.143
0.637,0.601	0.545,0.694	-0.0
0.995,0.994	0.998,0.993	-0.001
1.0,0.995	1.0,1.0	-0.002
0.967,0.957	0.985,1.0	-0.03
0.018,0.114	0.06,0.13	-0.029
0.0,0.0	NA,0.66	-0.66
0.86,0.252	0.605,0.637	-0.065
0.943,0.977	0.95,0.925	0.022
0.628,0.935	0.452,0.875	0.118
0.039,0.033	0.033,0.039	0.0
0.043,0.034	0.043,0.039	-0.002
0.998,0.997	0.999,1.0	-0.002
0.031,0.02	0.022,0.025	0.002
0.033,0.024	0.024,0.0	0.017
0.482,0.531	0.183,0.272	0.279
0.837,1.0	0.688,1.0	0.075
0.185,0.07	0.0,0.145	0.055
0.027,0.016	0.03,0.027	-0.007
0.982,0.996	0.981,0.977	0.01
0.263,0.407	0.144,0.212	0.157
0.721,0.897	1.0,1.0	-0.191
0.388,0.533	1.0,0.276	-0.177
0.966,0.855	0.909,0.932	-0.01
0.952,0.941	0.987,0.947	-0.021
0.296,0.139	0.126,0.284	0.013
0.946,1.0	0.918,1.0	0.014
0.019,0.0	0.031,0.0	-0.006
0.923,0.966	1.0,0.926	-0.019
0.898,0.88	0.867,0.787	0.062
0.104,0.113	0.13,0.11	-0.011
1.0,0.994	0.986,1.0	0.004
0.108,0.123	0.074,0.112	0.022
0.945,0.936	0.953,0.964	-0.018
1.0,1.0	0.992,1.0	0.004
0.039,0.013	0.0,0.0	0.026
0.858,0.731	0.84,0.827	-0.039
0.136,0.107	0.075,0.155	0.007
0.931,0.9	0.923,0.965	-0.028
0.994,1.0	0.99,1.0	0.002
0.069,0.064	0.029,0.027	0.039
0.952,0.963	1.0,1.0	-0.042
0.0,0.103	0.0,0.0	0.051
0.716,0.729	0.865,0.883	-0.152
0.755,0.759	0.725,0.734	0.027
0.215,0.213	0.197,0.188	0.021
1.0,0.828	1.0,1.0	-0.086
0.95,0.921	0.972,1.0	-0.05
0.596,0.554	0.57,0.545	0.017
0.585,0.175	0.158,1.0	-0.199
0.222,0.19	0.455,0.303	-0.173
0.109,0.191	0.084,0.108	0.054
1.0,NA	NA,0.0	1.0
0.994,0.987	0.994,0.993	-0.003
0.92,0.892	0.852,0.862	0.049
0.612,0.574	0.566,0.737	-0.058
0.66,0.298	0.727,0.459	-0.114
0.108,0.099	0.121,0.15	-0.032
0.991,0.971	0.962,0.848	0.076
0.212,0.195	0.433,0.437	-0.231
0.626,0.592	0.444,0.59	0.092
0.03,0.028	0.017,0.02	0.01
0.074,0.097	0.17,0.084	-0.042
0.553,0.699	0.497,0.486	0.135
1.0,1.0	1.0,0.958	0.021
0.099,0.035	0.0,0.043	0.046
0.087,0.078	0.069,0.041	0.027
0.318,0.233	0.319,0.29	-0.029
0.631,0.728	0.656,0.704	-0.0
0.047,0.031	0.048,0.052	-0.011
0.108,0.077	0.105,0.106	-0.013
0.988,0.956	0.951,0.946	0.024
0.983,0.985	0.87,0.932	0.083
0.651,0.651	0.574,0.566	0.081
0.011,0.024	0.018,0.012	0.003
0.892,0.834	0.866,0.873	-0.006
0.559,0.844	0.405,0.488	0.255
0.994,1.0	1.0,1.0	-0.003
0.86,0.863	0.904,0.898	-0.04
0.057,0.036	0.069,0.052	-0.014
0.68,0.605	0.791,0.615	-0.06
0.089,0.072	0.131,0.04	-0.005
0.868,0.901	1.0,1.0	-0.115
0.977,1.0	1.0,1.0	-0.012
0.982,1.0	1.0,1.0	-0.009
0.981,1.0	0.975,1.0	0.003
0.875,0.838	0.827,0.862	0.012
0.807,0.725	0.715,0.772	0.022
0.253,0.16	0.173,0.2	0.02
0.491,0.461	0.448,0.483	0.01
0.764,0.795	0.771,0.799	-0.005
0.729,0.579	0.303,0.787	0.109
0.097,1.0	0.097,0.0	0.5
0.43,0.267	0.0,NA	0.349
0.326,0.571	0.916,0.916	-0.468
0.0,0.064	0.029,0.0	0.018
0.923,0.917	0.934,0.956	-0.025
0.184,0.474	0.231,0.0	0.213
0.168,0.033	0.175,0.267	-0.12
0.562,1.0	1.0,1.0	-0.219
0.212,0.263	0.225,0.285	-0.018
0.032,0.045	0.03,0.04	0.003
0.32,0.28	0.427,0.261	-0.044
0.241,0.28	0.176,0.216	0.065
0.98,0.997	1.0,1.0	-0.012
0.324,0.641	0.831,0.471	-0.168
0.928,0.936	0.956,0.952	-0.022
0.012,0.035	0.037,0.009	0.001
0.525,0.649	0.553,0.572	0.024
0.004,0.006	0.002,0.0	0.004
0.895,0.515	0.79,1.0	-0.19
1.0,0.926	1.0,1.0	-0.037
0.33,0.311	0.528,0.506	-0.197
0.806,0.837	0.849,0.979	-0.092
1.0,1.0	1.0,0.99	0.005
0.979,1.0	0.985,0.971	0.012
0.902,0.897	0.913,0.866	0.01
0.69,0.835	0.679,0.842	0.002
0.366,0.507	0.577,0.738	-0.221
0.574,0.619	0.636,0.81	-0.127
0.973,1.0	1.0,0.865	0.054
0.148,0.047	0.091,0.126	-0.011
0.043,0.038	0.038,0.028	0.007
0.905,0.872	0.876,0.891	0.005
0.261,0.279	0.159,0.208	0.087
0.169,0.042	0.0,0.076	0.068
0.978,0.95	0.959,0.994	-0.012
0.042,0.033	0.047,0.049	-0.01
0.465,0.296	0.359,0.394	0.004
0.984,0.968	1.0,1.0	-0.024
0.385,0.416	0.323,0.365	0.056
0.941,0.913	0.905,0.914	0.018
0.997,0.994	1.0,1.0	-0.004
0.747,0.78	0.69,0.723	0.057
0.993,0.988	1.0,1.0	-0.01
0.594,0.645	0.535,0.577	0.063
0.318,0.35	0.285,0.267	0.058
0.951,0.971	0.956,0.928	0.019
0.487,0.137	0.185,0.0	0.22
0.08,0.091	0.055,0.107	0.004
0.97,1.0	0.882,0.675	0.207
0.013,0.027	0.0,0.0	0.02
1.0,0.969	0.913,0.976	0.04
0.997,0.998	0.999,0.998	-0.001
0.999,0.999	1.0,1.0	-0.001
0.981,0.978	0.972,0.988	-0.0
0.04,0.114	0.295,0.05	-0.095
0.681,0.676	0.38,0.579	0.199
0.371,0.374	0.369,0.365	0.006
0.986,0.991	1.0,1.0	-0.012
0.981,1.0	0.99,1.0	-0.005
1.0,0.987	1.0,1.0	-0.006
0.089,0.033	0.0,0.073	0.025
0.073,0.0	0.0,0.208	-0.068
0.689,0.707	0.803,0.717	-0.062
0.02,0.013	0.027,0.019	-0.006
0.013,0.033	0.019,0.0	0.013
0.0,0.76	0.0,NA	0.38
0.738,0.734	0.904,1.0	-0.216
0.007,0.008	0.007,0.012	-0.002
0.991,1.0	1.0,1.0	-0.004
0.798,0.836	0.69,0.797	0.073
0.804,0.575	0.458,0.297	0.312
0.0,0.0	0.001,0.0	-0.001
0.397,0.413	0.299,0.313	0.099
0.032,0.028	0.021,0.04	-0.001
0.43,0.377	0.293,0.398	0.058
0.936,0.943	0.981,0.973	-0.037
0.903,0.872	0.779,0.85	0.073
0.007,0.006	0.002,0.006	0.003
0.979,1.0	1.0,0.972	0.004
0.962,1.0	1.0,0.945	0.009
0.93,1.0	1.0,1.0	-0.035
0.516,0.444	0.567,0.724	-0.165
0.561,0.511	0.301,0.309	0.231
0.307,0.228	1.0,0.469	-0.467
0.036,0.063	0.094,0.086	-0.04
0.835,0.92	0.897,0.947	-0.044
1.0,0.996	1.0,1.0	-0.002
0.971,0.974	1.0,1.0	-0.028
1.0,0.983	1.0,0.925	0.029
0.666,0.802	0.649,0.615	0.102
0.238,0.302	0.157,0.171	0.106
0.238,0.198	0.115,0.0	0.161
1.0,1.0	0.801,1.0	0.099
0.043,0.024	0.014,0.05	0.002
0.495,0.429	0.485,0.432	0.003
0.79,0.818	0.783,0.839	-0.007
0.433,0.432	0.237,0.272	0.178
0.139,0.063	0.07,0.153	-0.01
0.558,0.205	1.0,1.0	-0.619
0.734,0.356	0.624,0.399	0.033
0.17,0.055	0.105,0.283	-0.081
0.911,0.897	0.901,0.925	-0.009
0.87,0.824	0.872,0.867	-0.022
1.0,0.962	1.0,1.0	-0.019
0.443,0.606	0.441,0.585	0.011
0.264,0.401	0.299,0.395	-0.014
0.193,0.208	0.294,0.279	-0.086
0.871,0.847	0.806,0.616	0.148
0.658,0.634	0.619,0.715	-0.021
0.953,0.937	0.961,0.977	-0.024
0.958,0.972	0.969,0.967	-0.003
1.0,1.0	0.994,1.0	0.003
0.844,0.827	0.781,0.816	0.037
0.612,0.528	0.677,0.897	-0.217
0.05,0.088	0.076,0.223	-0.08
0.84,0.865	0.894,1.0	-0.095
0.321,0.342	0.577,0.532	-0.223
0.193,0.456	0.557,0.219	-0.064
1.0,0.991	1.0,1.0	-0.004
1.0,0.918	1.0,1.0	-0.041
0.933,0.815	1.0,1.0	-0.126
0.12,0.154	0.076,0.143	0.028
0.01,0.013	0.004,0.002	0.009
0.166,0.153	0.281,0.314	-0.138
1.0,0.995	0.981,1.0	0.007
1.0,0.992	1.0,1.0	-0.004
0.184,0.218	0.213,0.208	-0.009
0.689,0.613	0.656,0.656	-0.005
0.0,0.019	0.156,0.231	-0.184
1.0,1.0	1.0,0.986	0.007
0.137,0.222	NA,0.488	-0.308
0.837,0.634	0.559,0.588	0.162
0.97,0.975	1.0,1.0	-0.028
0.459,0.195	0.0,0.0	0.327
0.96,0.963	0.972,0.954	-0.001
0.64,0.642	0.792,0.819	-0.164
1.0,0.992	1.0,1.0	-0.004
0.988,0.98	0.97,1.0	-0.001
0.011,0.007	0.013,0.009	-0.002
0.274,0.313	0.336,0.378	-0.064
0.031,0.05	0.088,0.049	-0.028
0.171,0.099	0.159,0.275	-0.082
0.049,0.055	0.036,0.024	0.022
0.0,0.011	0.046,0.057	-0.046
0.916,0.823	0.89,1.0	-0.076
0.507,0.71	0.513,0.823	-0.059
0.016,0.008	0.01,0.006	0.004
0.956,0.937	0.981,0.952	-0.02
1.0,0.849	1.0,1.0	-0.076
0.21,0.167	0.045,0.038	0.147
0.941,0.946	0.915,1.0	-0.014
0.062,0.101	0.181,0.212	-0.115
1.0,1.0	1.0,0.988	0.006
0.951,0.799	0.874,0.844	0.016
0.814,0.927	0.932,0.938	-0.065
0.719,0.885	0.872,0.895	-0.081
0.002,0.006	0.025,0.006	-0.011
0.763,0.742	0.735,0.742	0.014
1.0,0.753	0.96,1.0	-0.103
1.0,0.906	1.0,0.862	0.022
0.0,0.211	NA,0.0	0.105
1.0,0.96	1.0,1.0	-0.02
0.985,0.985	0.954,0.986	0.015
0.066,0.057	0.104,0.138	-0.059
0.849,1.0	0.318,1.0	0.265
0.999,0.995	0.999,0.997	-0.001
0.916,0.845	0.99,0.965	-0.097
0.213,0.135	0.082,0.27	-0.002
0.131,0.223	0.115,0.166	0.036
0.042,0.014	0.02,0.023	0.007
0.353,0.434	0.386,0.575	-0.087
0.835,0.717	0.746,0.746	0.03
0.348,0.303	0.329,0.231	0.045
1.0,0.98	1.0,1.0	-0.01
0.702,0.421	0.814,0.66	-0.175
0.993,0.988	1.0,0.996	-0.008
0.281,0.313	0.281,0.308	0.003
0.015,0.012	0.011,0.015	0.001
0.127,0.05	0.069,0.101	0.003
0.086,0.059	0.096,0.028	0.01
0.894,0.923	0.898,0.902	0.009
1.0,0.988	1.0,1.0	-0.006
0.009,0.009	0.009,0.002	0.003
0.641,0.775	0.646,0.77	0.0
0.306,0.281	0.271,0.349	-0.017
1.0,1.0	0.934,0.896	0.085
0.056,0.032	0.065,0.102	-0.039
0.993,0.971	0.992,1.0	-0.014
0.959,0.921	0.966,0.978	-0.032
0.988,0.974	1.0,0.986	-0.012
0.781,0.826	1.0,0.953	-0.173
0.239,0.245	0.244,0.217	0.012
0.058,0.128	0.073,0.0	0.057
0.414,0.435	0.393,0.392	0.032
0.005,0.011	0.019,0.045	-0.024
0.115,0.071	0.049,0.079	0.029
0.11,0.094	0.176,0.14	-0.056
0.081,0.095	0.09,0.093	-0.004
0.066,0.092	0.054,0.0	0.052
0.568,0.524	0.663,0.69	-0.13
0.138,0.138	0.13,0.114	0.016
0.184,0.018	0.17,0.122	-0.045
0.235,0.292	0.387,0.426	-0.143
0.019,0.017	0.021,0.019	-0.002
0.904,0.906	0.898,0.833	0.04
0.905,0.89	0.884,0.874	0.018
0.991,0.969	0.99,1.0	-0.015
0.28,0.308	0.427,0.636	-0.237
0.282,0.158	0.115,0.025	0.15
0.96,1.0	0.991,1.0	-0.016
0.13,0.071	0.072,0.11	0.01
0.0,0.018	0.0,0.0	0.009
0.993,1.0	1.0,1.0	-0.004
0.964,1.0	1.0,1.0	-0.018
0.998,0.996	1.0,1.0	-0.003
0.019,0.015	0.02,0.013	0.001
0.409,0.288	0.392,0.37	-0.033
0.197,0.307	0.454,0.27	-0.11
0.938,0.958	0.971,0.855	0.035
0.975,0.995	1.0,0.981	-0.005
1.0,1.0	0.793,0.773	0.217
0.604,0.479	0.652,0.483	-0.026
0.157,0.154	0.212,0.127	-0.014
0.038,0.054	0.102,0.083	-0.046
0.051,0.239	0.156,0.719	-0.292
0.105,0.0	0.0,0.0	0.052
0.026,0.112	0.076,0.0	0.031
0.187,0.16	0.131,0.214	0.001
0.962,0.988	0.964,0.969	0.009
0.984,1.0	1.0,1.0	-0.008
0.993,0.986	0.987,1.0	-0.004
0.996,0.995	0.993,1.0	-0.001
0.979,0.993	0.989,1.0	-0.008
0.931,0.9	0.924,0.889	0.009
0.999,1.0	0.999,0.996	0.002
0.965,0.961	0.971,0.951	0.002
0.778,0.789	0.805,0.796	-0.017
0.73,0.752	0.926,0.891	-0.168
0.365,0.331	0.425,0.251	0.01
0.074,0.044	0.214,0.048	-0.072
0.432,0.16	0.276,0.364	-0.024
0.814,0.786	0.71,0.635	0.128
0.036,0.076	0.111,0.144	-0.072
0.995,1.0	0.986,0.915	0.047
0.029,0.026	0.016,0.008	0.015
0.0,0.168	0.0,0.0	0.084
0.972,1.0	1.0,1.0	-0.014
0.094,0.0	0.303,1.0	-0.604
0.123,0.117	0.241,0.462	-0.232
0.991,0.982	1.0,1.0	-0.014
0.384,0.438	0.09,0.308	0.212
0.953,0.977	0.974,1.0	-0.022
0.474,0.51	0.106,0.405	0.236
0.996,1.0	0.994,1.0	0.001
0.035,0.012	0.039,0.016	-0.004
