IncLevel1	IncLevel2	IncLevelDifference
0.229,0.465,0.571	0.416,0.483,0.391	-0.008
0.56,1.0,0.718	0.932,1.0,1.0	-0.218
0.069,0.131,0.105	0.143,0.075,0.101	-0.005
0.877,0.934,0.971	0.95,0.926,0.924	-0.006
0.966,0.948,0.968	0.966,0.982,0.931	0.001
1.0,1.0,1.0	1.0,1.0,1.0	0.0
1.0,1.0,0.98	0.956,1.0,1.0	0.008
0.88,0.808,0.86	0.92,0.811,0.914	-0.032
1.0,1.0,0.995	1.0,1.0,1.0	-0.002
1.0,0.986,1.0	1.0,0.988,1.0	-0.001
0.124,0.159,0.132	0.103,0.142,0.105	0.022
0.009,0.019,0.009	0.004,0.031,0.065	-0.021
0.992,1.0,1.0	1.0,0.998,1.0	-0.002
1.0,1.0,1.0	1.0,1.0,0.984	0.005
0.18,0.179,0.097	0.111,0.144,0.099	0.034
0.889,0.897,0.789	0.852,0.836,0.775	0.037
0.981,0.983,0.943	0.971,0.954,0.97	0.004
1.0,0.993,0.994	0.996,0.997,0.995	-0.0
0.481,0.316,0.284	0.404,0.228,0.316	0.044
0.503,0.402,0.144	0.78,0.716,0.589	-0.345
0.862,0.867,0.859	0.811,0.772,0.787	0.073
0.506,0.353,0.435	0.7,0.648,0.592	-0.215
0.316,0.052,0.205	0.302,0.297,0.117	-0.048
0.0,0.238,0.429	0.26,0.422,0.605	-0.207
0.205,0.349,0.525	0.193,0.157,0.3	0.143
0.06,0.089,0.122	0.09,0.091,0.124	-0.011
0.176,0.151,0.107	0.284,0.316,0.24	-0.135
0.067,0.019,0.088	0.025,0.035,0.07	0.015
0.941,0.983,0.947	0.939,0.914,0.919	0.033
NA,1.0,NA	1.0,0.95,1.0	0.017
0.155,0.16,0.109	0.153,0.123,0.13	0.006
0.956,0.972,0.99	0.954,1.0,0.987	-0.008
0.679,0.598,0.706	0.638,0.495,0.638	0.071
1.0,1.0,0.724	1.0,1.0,1.0	-0.092
0.115,0.116,0.096	0.05,0.109,0.087	0.027
0.853,0.881,0.966	0.82,1.0,0.898	-0.006
0.126,0.165,0.224	0.082,0.219,0.172	0.014
0.218,0.244,0.232	0.159,0.156,0.096	0.094
0.0,0.056,0.045	0.0,0.0,0.0	0.034
0.358,0.398,0.365	0.293,0.33,0.373	0.042
1.0,1.0,1.0	1.0,1.0,0.926	0.025
0.619,0.755,0.632	0.895,0.683,0.75	-0.107
0.558,0.682,0.541	0.848,0.566,0.504	-0.046
0.252,0.164,0.336	0.178,0.263,0.071	0.08
1.0,1.0,1.0	1.0,0.97,1.0	0.01
0.992,0.979,0.995	0.992,1.0,0.988	-0.005
0.68,0.511,0.458	0.435,0.653,0.367	0.065
1.0,0.921,0.952	0.854,0.818,1.0	0.067
0.621,0.964,0.779	0.929,0.906,0.679	-0.05
0.966,1.0,0.932	0.934,1.0,1.0	-0.012
0.223,0.239,0.248	0.392,0.503,0.448	-0.211
0.0,0.064,0.0	0.112,0.0,0.0	-0.016
0.046,0.026,0.0	0.061,0.072,0.0	-0.02
0.585,0.687,0.428	0.641,0.714,0.462	-0.039
0.998,0.998,0.999	1.0,0.999,0.999	-0.001
0.715,0.584,0.468	1.0,0.251,1.0	-0.161
0.389,0.548,0.539	0.601,0.449,0.688	-0.087
0.194,0.49,0.49	0.261,0.236,0.236	0.147
1.0,0.985,0.986	0.938,0.962,0.984	0.029
0.946,0.901,0.824	0.874,0.826,0.864	0.036
1.0,1.0,1.0	1.0,1.0,0.415	0.195
0.0,0.0,0.0	0.0,0.019,0.0	-0.006
0.586,0.334,0.313	0.239,0.333,0.162	0.166
0.0,0.0,0.611	0.386,0.179,0.0	0.015
0.683,0.808,0.896	0.877,0.746,0.924	-0.053
1.0,1.0,0.96	1.0,1.0,1.0	-0.013
1.0,0.638,0.514	1.0,0.702,0.15	0.1
0.86,0.687,0.594	0.854,0.86,0.887	-0.153
0.0,0.656,0.656	0.353,0.389,0.489	0.027
0.983,0.99,1.0	0.981,1.0,0.98	0.004
0.898,0.915,1.0	0.741,0.968,0.943	0.054
0.926,0.942,0.917	0.862,0.923,0.879	0.04
0.123,0.138,0.156	0.273,0.448,0.357	-0.22
0.0,0.009,0.0	0.091,0.07,0.067	-0.073
0.772,0.707,0.745	0.771,0.84,0.803	-0.063
0.679,0.71,0.718	0.691,0.738,0.758	-0.027
0.848,0.829,0.909	0.84,0.867,0.854	0.008
0.0,0.014,0.028	0.019,0.031,0.025	-0.011
0.359,0.256,0.228	0.247,0.325,0.253	0.006
0.164,0.154,0.152	0.239,0.218,0.056	-0.014
0.031,0.094,0.064	0.16,0.089,0.084	-0.048
1.0,1.0,1.0	1.0,0.997,1.0	0.001
1.0,0.931,1.0	1.0,1.0,0.607	0.108
0.153,0.127,0.162	0.125,0.096,0.136	0.028
1.0,1.0,1.0	1.0,0.88,1.0	0.04
1.0,0.795,0.302	1.0,NA,0.564	-0.083
0.229,0.165,0.171	0.091,0.134,0.209	0.044
0.95,1.0,1.0	0.867,1.0,0.959	0.041
0.471,0.568,0.623	0.64,0.565,0.608	-0.05
0.986,1.0,0.958	0.984,0.99,0.983	-0.004
0.227,0.196,0.238	0.24,0.22,0.153	0.016
0.979,0.96,0.967	0.972,0.949,0.982	0.001
1.0,1.0,1.0	0.997,1.0,1.0	0.001
1.0,0.966,0.991	0.972,0.978,0.955	0.017
0.022,0.017,0.018	0.016,0.017,0.019	0.002
0.998,1.0,1.0	1.0,1.0,1.0	-0.001
1.0,1.0,1.0	0.928,1.0,1.0	0.024
0.645,0.916,0.965	0.879,0.708,0.855	0.028
0.0,0.0,0.087	0.0,0.0,0.0	0.029
1.0,1.0,0.992	0.993,0.979,1.0	0.007
0.329,0.259,0.134	0.403,0.149,0.137	0.011
0.0,0.495,0.0	0.0,NA,0.0	0.165
0.465,0.578,0.751	0.654,0.605,0.698	-0.054
0.969,1.0,0.977	1.0,0.962,1.0	-0.005
1.0,0.947,1.0	1.0,1.0,1.0	-0.018
1.0,1.0,1.0	1.0,0.984,1.0	0.005
1.0,1.0,1.0	1.0,0.96,1.0	0.013
1.0,0.963,1.0	0.982,0.966,1.0	0.005
0.144,0.088,0.064	0.106,0.094,0.109	-0.004
0.009,0.012,0.008	0.014,0.01,0.017	-0.004
0.999,0.999,0.998	0.998,0.999,0.998	0.0
1.0,1.0,0.799	0.906,1.0,1.0	-0.036
0.143,0.143,0.208	0.195,0.141,0.299	-0.047
0.321,0.321,0.427	0.386,0.416,0.566	-0.1
1.0,1.0,0.963	1.0,1.0,1.0	-0.012
0.753,0.462,0.715	0.464,0.572,0.356	0.179
0.73,0.549,0.539	0.445,0.545,0.418	0.137
1.0,1.0,0.9	0.782,0.871,0.642	0.202
0.02,0.012,0.016	0.016,0.014,0.017	0.0
0.055,0.049,0.052	0.051,0.061,0.065	-0.007
1.0,1.0,0.902	1.0,1.0,0.842	0.02
0.664,0.661,0.703	0.622,0.638,0.608	0.053
0.011,0.015,0.011	0.021,0.013,0.011	-0.003
0.282,0.253,0.14	0.68,0.35,0.495	-0.283
1.0,0.996,1.0	0.992,0.997,1.0	0.002
0.617,0.931,1.0	0.931,0.871,0.914	-0.056
0.066,0.049,0.058	0.056,0.03,0.0	0.029
0.073,0.07,0.086	0.066,0.088,0.064	0.004
1.0,0.86,0.867	0.925,1.0,0.948	-0.049
0.008,0.009,0.017	0.0,0.007,0.008	0.006
0.523,0.594,0.482	0.576,0.63,0.63	-0.079
0.784,0.876,0.894	0.805,0.93,0.839	-0.007
0.672,0.654,0.803	0.764,0.712,0.787	-0.045
0.397,0.543,0.406	0.359,0.45,0.554	-0.006
1.0,0.672,1.0	1.0,0.732,0.866	0.025
1.0,0.847,1.0	1.0,0.735,1.0	0.037
0.584,0.508,0.395	0.571,0.487,0.47	-0.014
0.127,0.072,0.121	0.014,0.011,0.043	0.084
1.0,1.0,0.954	1.0,1.0,1.0	-0.015
0.078,0.101,0.048	0.066,0.019,0.04	0.034
0.49,1.0,1.0	1.0,NA,NA	-0.17
0.879,0.398,0.555	0.803,0.602,0.115	0.104
1.0,1.0,1.0	1.0,0.821,1.0	0.06
0.148,0.134,0.137	0.087,0.071,0.026	0.078
0.937,0.842,0.969	0.945,0.961,0.958	-0.039
1.0,0.975,0.978	0.904,0.96,0.964	0.042
0.194,0.176,0.159	0.142,0.137,0.102	0.049
0.045,0.106,0.228	0.19,0.114,0.138	-0.021
0.0,0.0,0.059	0.071,0.037,0.0	-0.016
1.0,1.0,1.0	1.0,0.973,0.864	0.054
0.867,0.742,0.765	0.764,0.727,0.762	0.04
0.797,0.922,0.944	0.96,0.92,0.962	-0.06
0.061,0.086,0.057	0.034,0.042,0.053	0.025
0.964,0.932,0.855	1.0,0.966,0.956	-0.057
0.98,0.979,1.0	0.959,0.971,0.983	0.015
0.893,0.921,0.966	0.944,0.984,0.98	-0.043
0.55,0.635,0.897	0.875,1.0,0.906	-0.233
0.98,0.988,0.991	0.985,0.985,0.981	0.003
1.0,0.996,0.997	1.0,1.0,1.0	-0.002
0.772,0.8,0.835	0.824,0.839,0.809	-0.022
1.0,1.0,1.0	1.0,0.997,0.996	0.002
0.034,0.167,0.211	0.166,0.144,0.171	-0.023
0.999,0.998,0.998	0.999,1.0,1.0	-0.001
0.59,0.59,0.896	1.0,0.59,1.0	-0.171
0.23,0.193,0.261	0.127,0.35,0.369	-0.054
1.0,1.0,0.974	1.0,1.0,1.0	-0.009
0.0,0.0,0.027	0.0,0.0,0.0	0.009
0.577,0.401,0.469	0.346,0.176,0.238	0.229
0.068,0.153,0.0	0.024,0.085,0.0	0.037
0.956,0.939,0.891	0.909,0.913,0.92	0.015
0.77,0.691,0.79	0.873,0.812,0.88	-0.105
0.057,0.054,0.038	0.03,0.173,0.014	-0.023
0.081,0.056,0.124	0.134,0.059,0.105	-0.012
0.605,0.711,0.684	0.703,0.806,0.738	-0.082
1.0,0.984,1.0	0.943,0.855,0.96	0.075
1.0,0.991,1.0	0.96,0.885,0.97	0.059
0.958,0.953,0.942	0.904,0.849,0.82	0.093
0.004,0.001,0.001	0.003,0.001,0.003	-0.0
0.696,0.478,0.578	0.733,0.379,0.364	0.092
0.274,0.177,0.123	0.084,0.068,0.075	0.116
0.017,0.03,0.055	0.015,0.011,0.008	0.023
0.724,0.412,0.605	0.672,0.506,0.551	0.004
0.296,0.478,0.311	0.222,0.317,0.169	0.126
0.937,0.976,0.968	0.981,0.968,0.949	-0.006
0.149,0.142,0.112	0.278,0.266,0.19	-0.11
0.029,0.035,0.045	0.034,0.035,0.054	-0.005
0.861,0.843,0.861	0.893,1.0,0.957	-0.095
1.0,1.0,1.0	0.322,0.322,0.0	0.785
0.855,0.702,0.71	0.815,0.495,0.758	0.066
0.009,0.064,0.005	0.005,0.023,0.013	0.012
0.199,0.114,0.172	0.243,0.259,0.2	-0.072
0.428,0.434,0.405	0.477,0.457,0.355	-0.007
0.887,1.0,1.0	1.0,0.936,1.0	-0.016
0.0,0.019,0.089	0.0,0.028,0.0	0.027
0.036,0.028,0.023	0.04,0.04,0.023	-0.005
0.048,0.155,0.068	0.097,0.241,0.288	-0.118
1.0,1.0,1.0	1.0,0.853,0.898	0.083
1.0,1.0,1.0	1.0,0.923,0.932	0.048
0.032,0.118,0.082	0.161,0.182,0.071	-0.061
0.131,0.214,0.181	0.207,0.208,0.084	0.009
1.0,1.0,1.0	1.0,0.778,1.0	0.074
0.78,0.896,0.789	0.844,0.735,0.772	0.038
1.0,1.0,0.916	1.0,0.925,1.0	-0.003
0.356,0.329,0.501	0.256,0.248,0.27	0.137
0.809,1.0,1.0	1.0,1.0,1.0	-0.064
0.763,0.66,0.607	0.548,0.588,0.669	0.075
1.0,0.713,0.929	0.889,0.923,1.0	-0.057
0.808,0.296,0.649	0.513,1.0,0.716	-0.159
0.876,0.542,0.749	0.516,1.0,0.768	-0.039
0.686,0.787,0.711	0.506,1.0,1.0	-0.107
1.0,0.817,1.0	1.0,1.0,1.0	-0.061
0.0,0.034,0.0	0.182,0.187,0.047	-0.127
1.0,0.647,0.851	1.0,1.0,1.0	-0.167
0.958,1.0,1.0	0.98,1.0,0.954	0.008
0.997,1.0,1.0	1.0,1.0,1.0	-0.001
0.992,0.994,0.995	0.983,0.985,0.985	0.009
0.396,0.293,0.286	0.158,0.19,0.145	0.161
0.001,0.001,0.001	0.001,0.002,0.001	-0.0
0.0,0.043,0.021	0.041,0.03,0.0	-0.002
NA,1.0,1.0	0.734,0.734,1.0	0.177
0.911,0.937,0.967	0.898,0.987,0.955	-0.008
1.0,0.925,0.871	0.848,0.896,0.881	0.057
1.0,1.0,1.0	1.0,1.0,0.416	0.195
0.53,0.539,0.621	0.607,0.633,0.636	-0.062
1.0,1.0,0.877	0.699,0.676,0.843	0.22
1.0,1.0,0.943	0.847,0.872,0.891	0.111
1.0,0.883,0.823	0.783,0.865,0.635	0.141
1.0,0.983,1.0	1.0,1.0,1.0	-0.006
1.0,1.0,1.0	0.991,0.982,1.0	0.009
0.146,0.082,0.105	0.102,0.121,0.102	0.003
1.0,1.0,1.0	0.977,1.0,1.0	0.008
0.009,0.009,0.007	0.006,0.007,0.007	0.002
0.238,0.169,0.264	0.194,0.215,0.107	0.052
0.521,0.411,0.271	0.347,0.0,0.0	0.285
0.87,0.953,0.924	0.936,0.915,0.962	-0.022
0.803,0.73,0.601	0.441,0.73,0.774	0.063
0.556,0.509,0.527	0.695,0.709,0.678	-0.163
0.974,0.957,0.946	0.96,0.95,0.942	0.008
0.863,0.919,0.909	0.92,0.95,0.948	-0.042
0.653,0.814,0.775	0.819,0.872,0.87	-0.106
0.097,0.172,0.115	0.179,0.143,0.16	-0.033
0.135,0.059,0.064	0.012,0.0,0.033	0.071
0.931,0.957,0.845	0.887,0.863,0.979	0.001
1.0,1.0,0.972	0.977,1.0,0.971	0.008
0.209,0.112,0.188	0.291,0.316,0.062	-0.053
0.78,0.582,0.623	0.659,0.587,0.632	0.036
1.0,0.969,1.0	1.0,1.0,1.0	-0.01
0.739,0.485,0.221	0.35,0.71,0.402	-0.006
0.934,0.923,0.916	0.91,0.934,0.93	-0.0
0.494,0.545,0.524	0.58,0.588,0.585	-0.063
0.623,0.684,0.788	0.923,0.772,0.745	-0.115
0.062,0.025,0.022	0.045,0.048,0.199	-0.061
0.933,1.0,0.782	0.867,0.83,0.872	0.049
0.0,0.0,0.0	0.02,0.0,0.057	-0.026
0.786,0.862,0.885	0.567,0.845,0.728	0.131
1.0,1.0,0.95	1.0,1.0,1.0	-0.017
0.222,0.199,0.153	0.123,0.062,0.22	0.056
0.168,0.16,0.152	0.331,0.323,0.339	-0.171
0.244,0.121,0.234	0.0,0.217,0.075	0.102
1.0,0.737,0.867	0.639,0.78,0.947	0.079
1.0,0.847,0.847	0.857,0.754,0.928	0.052
0.08,0.08,0.091	0.086,0.076,0.088	0.0
0.078,0.079,0.09	0.083,0.075,0.086	0.001
0.017,0.0,0.013	0.013,0.016,0.012	-0.004
0.979,0.961,0.991	1.0,0.966,0.983	-0.006
1.0,1.0,0.746	0.893,0.706,0.831	0.105
1.0,1.0,0.938	0.968,0.956,1.0	0.005
0.24,0.234,0.25	0.185,0.216,0.212	0.037
0.38,0.0,0.365	0.216,0.071,0.235	0.074
0.728,0.0,0.527	0.349,0.308,1.0	-0.134
0.795,0.853,0.659	0.659,0.853,1.0	-0.068
0.286,0.243,0.254	0.382,0.508,0.474	-0.194
0.402,0.581,0.532	0.423,0.552,0.418	0.041
0.329,0.273,0.327	0.357,0.318,0.38	-0.042
1.0,1.0,0.978	1.0,1.0,1.0	-0.007
0.05,0.043,0.044	0.03,0.037,0.039	0.01
0.0,0.014,0.0	0.013,0.026,0.0	-0.008
0.022,0.0,0.093	0.0,0.0,0.0	0.038
0.794,1.0,1.0	1.0,1.0,1.0	-0.069
0.122,0.088,0.059	0.031,0.023,0.029	0.062
1.0,1.0,1.0	0.978,1.0,1.0	0.007
1.0,1.0,1.0	1.0,0.991,1.0	0.003
0.981,0.974,0.978	0.972,0.995,0.979	-0.004
0.045,0.025,0.018	0.058,0.031,0.046	-0.016
0.0,0.0,0.0	0.0,0.0,0.012	-0.004
0.677,0.729,0.767	0.901,0.698,0.686	-0.037
1.0,0.897,1.0	1.0,1.0,1.0	-0.034
1.0,0.908,1.0	1.0,1.0,1.0	-0.031
1.0,0.872,0.898	0.907,1.0,1.0	-0.046
0.822,0.803,0.819	0.88,0.92,0.825	-0.06
0.722,0.73,0.764	0.874,0.857,0.856	-0.124
0.051,0.024,0.035	0.042,0.062,0.058	-0.017
0.434,0.567,0.401	0.413,0.388,0.211	0.13
0.751,0.764,0.51	0.506,0.5,0.689	0.11
1.0,1.0,0.787	1.0,1.0,1.0	-0.071
0.982,0.97,0.985	0.972,0.974,0.977	0.005
0.806,0.801,0.825	0.862,0.878,0.85	-0.053
0.289,0.389,0.324	0.481,0.411,0.417	-0.102
0.307,0.372,0.21	0.106,0.151,0.1	0.177
0.492,1.0,0.629	0.409,0.392,0.0	0.44
0.871,0.917,0.943	0.935,0.9,0.94	-0.015
0.97,0.975,0.956	0.967,0.993,0.952	-0.004
0.446,0.438,0.461	0.536,0.48,0.453	-0.041
0.996,0.998,0.998	0.999,0.997,0.999	-0.001
0.0,NA,1.0	NA,0.0,0.347	0.327
0.0,0.0,0.002	0.001,0.001,0.001	-0.0
0.005,0.0,0.002	0.003,0.005,0.003	-0.001
NA,NA,1.0	0.391,0.461,0.222	0.642
0.639,0.507,0.367	0.567,0.537,0.685	-0.092
1.0,1.0,1.0	1.0,0.977,1.0	0.008
1.0,1.0,1.0	1.0,1.0,0.985	0.005
1.0,1.0,1.0	0.983,1.0,1.0	0.006
0.981,0.973,0.995	0.978,0.972,0.967	0.011
0.488,0.504,0.546	0.393,0.508,0.495	0.047
0.018,0.022,0.005	0.02,0.025,0.012	-0.004
0.151,0.211,0.0	0.416,0.348,0.495	-0.299
0.001,0.001,0.0	0.0,0.001,0.0	0.0
NA,0.0,NA	0.0,1.0,0.0	-0.333
0.985,0.997,0.993	0.988,0.99,0.988	0.003
0.559,0.481,0.484	0.599,0.64,0.597	-0.104
0.408,0.425,0.389	0.341,0.367,0.451	0.021
0.002,0.001,0.0	0.001,0.002,0.001	-0.0
0.869,0.896,0.918	0.923,0.868,0.946	-0.018
0.029,0.037,0.023	0.025,0.019,0.045	0.0
0.992,0.97,0.993	1.0,0.994,0.991	-0.01
0.31,0.529,0.216	0.329,0.473,0.35	-0.032
0.755,1.0,0.625	0.517,0.887,1.0	-0.008
0.823,1.0,0.805	0.681,0.895,1.0	0.017
0.146,0.354,0.395	0.696,0.82,0.092	-0.238
0.005,0.007,0.007	0.006,0.007,0.003	0.001
1.0,0.947,1.0	1.0,1.0,1.0	-0.018
0.362,0.374,0.402	0.551,0.335,0.287	-0.012
0.991,1.0,0.983	0.989,0.993,0.973	0.006
0.005,0.0,0.0	0.002,0.0,0.0	0.001
0.015,0.009,0.022	0.026,0.025,0.027	-0.011
0.0,0.0,0.046	0.02,0.0,0.064	-0.013
0.098,0.157,0.102	0.303,0.308,0.059	-0.104
1.0,1.0,1.0	1.0,1.0,1.0	0.0
0.098,0.04,0.08	0.128,0.19,0.13	-0.077
0.431,0.484,0.507	0.51,0.617,0.652	-0.119
1.0,0.971,1.0	1.0,1.0,0.943	0.009
0.043,0.047,0.038	0.076,0.059,0.041	-0.016
0.965,0.967,0.977	0.991,0.968,0.992	-0.014
0.812,0.902,0.851	0.601,0.711,1.0	0.084
0.817,0.783,0.816	0.765,0.773,0.755	0.041
0.911,0.932,0.867	0.929,0.969,1.0	-0.063
0.938,0.953,0.98	0.974,0.969,0.922	0.002
0.06,0.056,0.065	0.034,0.021,0.033	0.031
1.0,0.0,0.0	0.041,0.054,0.036	0.29
1.0,1.0,1.0	0.949,0.874,1.0	0.059
0.01,0.013,0.018	0.017,0.013,0.018	-0.002
0.0,0.019,0.049	0.051,0.038,0.012	-0.011
0.012,0.008,0.0	0.016,0.0,0.0	0.001
0.219,0.197,0.249	0.121,0.084,0.061	0.133
0.009,0.016,0.006	0.024,0.012,0.015	-0.007
NA,1.0,NA	0.0,0.0,0.0	1.0
0.0,0.067,0.0	0.0,0.084,0.026	-0.014
0.573,0.488,0.548	0.524,0.534,0.555	-0.001
1.0,1.0,0.989	1.0,1.0,1.0	-0.004
1.0,1.0,0.825	1.0,0.485,NA	0.199
0.967,1.0,0.987	0.932,0.964,0.954	0.035
0.463,0.571,0.499	0.442,0.432,0.422	0.079
1.0,1.0,1.0	1.0,1.0,0.928	0.024
1.0,1.0,1.0	0.953,0.934,0.908	0.068
1.0,0.941,0.938	0.962,1.0,1.0	-0.028
0.974,0.957,0.894	0.987,0.967,1.0	-0.043
0.995,1.0,1.0	1.0,1.0,1.0	-0.002
0.464,0.325,0.621	0.366,0.28,0.394	0.123
1.0,1.0,1.0	1.0,0.955,1.0	0.015
NA,NA,0.26	0.397,0.808,0.612	-0.346
0.996,0.984,0.98	0.994,0.994,1.0	-0.009
0.205,0.235,0.241	0.234,0.238,0.261	-0.017
0.037,0.028,0.057	0.021,0.029,0.045	0.009
1.0,1.0,0.951	1.0,1.0,0.892	0.02
0.564,0.456,0.527	0.668,0.646,0.718	-0.162
1.0,1.0,0.892	1.0,1.0,1.0	-0.036
0.544,0.795,0.374	1.0,1.0,1.0	-0.429
0.982,0.986,0.993	0.99,1.0,1.0	-0.01
0.141,0.211,0.161	0.203,0.171,0.195	-0.019
0.501,0.515,0.575	0.535,0.595,0.582	-0.04
1.0,0.654,0.694	0.548,0.688,0.654	0.153
0.066,0.046,0.03	0.033,0.007,0.004	0.033
0.137,0.186,0.166	0.055,0.107,0.062	0.088
0.022,0.041,0.0	0.024,0.022,0.009	0.003
0.164,0.227,0.134	0.043,0.0,0.047	0.145
0.284,0.287,0.122	0.202,0.072,0.062	0.119
0.055,0.054,0.103	0.301,0.174,0.218	-0.16
1.0,1.0,0.993	1.0,1.0,1.0	-0.002
1.0,0.99,1.0	1.0,1.0,1.0	-0.003
1.0,1.0,1.0	1.0,1.0,0.988	0.004
1.0,1.0,1.0	1.0,1.0,0.851	0.05
0.093,0.091,0.082	0.121,0.097,0.06	-0.004
1.0,0.99,0.983	0.991,0.98,0.977	0.008
NA,0.0,0.405	0.232,0.476,0.394	-0.165
0.0,0.0,0.0	0.041,0.025,0.0	-0.022
0.988,0.963,1.0	1.0,1.0,1.0	-0.016
0.305,0.46,0.509	0.49,0.471,0.672	-0.12
0.003,0.007,0.006	0.008,0.003,0.007	-0.001
0.84,1.0,1.0	1.0,0.873,1.0	-0.011
0.153,0.122,0.099	0.165,0.146,0.2	-0.046
0.874,0.723,0.828	1.0,0.889,0.649	-0.038
0.845,0.907,0.891	0.853,1.0,1.0	-0.07
0.175,0.238,0.198	0.162,0.28,0.084	0.028
0.755,0.771,0.571	0.353,0.353,0.569	0.274
1.0,0.611,1.0	0.692,1.0,0.31	0.203
0.042,0.03,0.035	0.0,0.0,0.05	0.019
0.0,0.034,0.025	0.024,0.022,0.037	-0.008
0.319,0.395,0.209	0.109,0.314,0.109	0.13
0.849,0.769,0.635	0.835,0.729,0.809	-0.04
0.039,0.006,0.012	0.024,0.015,0.044	-0.009
0.32,0.086,0.0	0.239,0.239,0.159	-0.077
0.0,0.07,0.0	0.0,0.0,0.0	0.023
0.969,0.954,0.964	0.956,0.988,0.99	-0.016
0.978,0.98,0.932	0.982,0.978,0.951	-0.007
0.0,0.214,0.43	0.831,0.0,0.662	-0.283
0.19,0.078,0.081	0.131,0.053,0.017	0.049
0.053,0.0,0.0	0.03,0.0,0.0	0.008
1.0,1.0,1.0	0.985,0.994,1.0	0.007
1.0,0.939,1.0	0.882,0.969,0.926	0.054
0.1,0.103,0.119	0.142,0.146,0.176	-0.047
0.991,0.99,0.995	1.0,1.0,1.0	-0.008
0.871,1.0,0.933	0.871,0.888,0.862	0.061
1.0,1.0,0.594	0.646,0.327,1.0	0.207
0.022,0.052,0.025	0.074,0.042,0.073	-0.03
0.081,0.141,0.09	0.23,0.162,0.313	-0.131
0.0,0.025,0.023	0.064,0.065,0.018	-0.033
0.0,0.11,0.097	0.202,0.234,0.215	-0.148
0.794,0.671,0.698	0.788,0.815,0.802	-0.081
0.0,0.475,0.279	0.475,0.0,0.783	-0.168
0.086,0.091,0.298	0.242,0.21,0.347	-0.108
1.0,1.0,1.0	1.0,0.691,1.0	0.103
0.133,0.098,0.411	0.258,0.699,0.127	-0.147
1.0,1.0,1.0	1.0,0.89,1.0	0.037
1.0,1.0,1.0	1.0,0.821,1.0	0.06
1.0,0.966,1.0	1.0,0.964,0.936	0.022
0.992,0.986,0.993	0.99,0.979,0.988	0.005
0.99,0.997,0.995	0.995,0.998,0.994	-0.002
0.89,0.973,0.944	0.929,0.98,0.922	-0.008
0.008,0.005,0.005	0.014,0.005,0.002	-0.001
0.968,0.943,0.967	0.961,0.968,0.934	0.005
1.0,1.0,0.993	0.959,1.0,0.987	0.016
0.045,0.0,0.127	0.05,0.037,0.214	-0.043
0.194,0.169,0.133	0.169,0.139,0.132	0.019
0.685,0.83,0.793	0.799,0.789,0.799	-0.026
0.82,0.844,0.821	0.908,0.901,0.907	-0.077
0.696,0.531,0.552	0.743,0.721,0.717	-0.134
0.003,0.008,0.005	0.01,0.003,0.006	-0.001
0.119,0.0,0.0	0.047,0.124,0.023	-0.025
0.032,0.034,0.065	0.125,0.035,0.018	-0.016
0.298,0.314,0.283	0.376,0.355,0.376	-0.071
0.27,0.239,0.207	0.19,0.249,0.252	0.008
0.924,0.927,0.907	0.924,0.926,0.904	0.001
0.0,0.314,0.0	1.0,0.478,NA	-0.634
0.493,0.83,0.327	1.0,1.0,1.0	-0.45
0.45,0.206,0.395	0.507,0.78,0.37	-0.202
0.662,1.0,0.269	0.662,0.219,0.797	0.084
0.005,0.003,0.002	0.002,0.003,0.001	0.001
0.955,0.897,0.941	0.962,0.867,1.0	-0.012
0.667,0.541,0.591	0.401,0.423,0.388	0.196
0.518,0.512,0.493	0.611,0.629,0.563	-0.093
0.195,0.173,0.181	0.159,0.162,0.233	-0.002
0.122,0.764,0.539	0.523,0.327,0.14	0.145
0.537,0.462,0.364	0.408,0.459,0.383	0.038
NA,0.0,1.0	1.0,0.47,0.0	0.01
0.356,0.389,0.273	0.473,0.525,0.565	-0.182
0.02,0.011,0.021	0.013,0.01,0.021	0.003
0.922,0.974,0.899	1.0,0.946,0.982	-0.044
0.87,0.888,0.916	0.9,0.926,0.942	-0.031
0.815,0.837,0.861	0.892,0.935,0.902	-0.072
0.836,0.659,0.733	0.809,0.756,0.836	-0.058
0.0,0.021,0.013	0.011,0.008,0.01	0.002
0.0,0.0,0.0	0.0,0.0,0.015	-0.005
1.0,1.0,1.0	1.0,0.98,1.0	0.007
0.938,0.892,0.692	0.797,0.786,0.716	0.074
NA,NA,0.0	0.463,1.0,0.223	-0.562
0.0,0.0,0.006	0.0,0.0,0.0	0.002
0.968,0.973,0.958	0.936,0.951,0.958	0.018
1.0,1.0,1.0	1.0,1.0,0.817	0.061
0.0,0.318,0.201	0.381,0.122,0.266	-0.083
0.006,0.048,0.028	0.06,0.019,0.05	-0.016
0.0,0.131,0.0	0.0,NA,0.0	0.044
0.963,0.977,0.975	0.923,0.965,0.971	0.019
0.688,0.925,1.0	1.0,NA,0.841	-0.049
0.047,0.062,0.067	0.058,0.057,0.076	-0.005
0.012,0.013,0.02	0.012,0.014,0.014	0.002
0.99,1.0,1.0	0.998,0.998,1.0	-0.002
0.023,0.003,0.009	0.004,0.007,0.011	0.004
1.0,1.0,1.0	0.965,1.0,1.0	0.012
0.526,0.474,1.0	0.743,0.686,0.757	-0.062
0.049,0.038,0.057	0.108,0.087,0.172	-0.074
0.995,0.998,1.0	1.0,0.998,0.998	-0.001
0.9,0.867,0.879	0.863,0.822,0.894	0.022
0.955,0.98,0.99	0.952,0.954,0.953	0.022
0.249,0.267,0.302	0.294,0.306,0.335	-0.039
NA,1.0,NA	0.0,NA,1.0	0.5
0.692,0.714,0.65	0.852,0.878,0.65	-0.108
0.836,0.881,0.838	0.733,0.82,0.847	0.052
1.0,1.0,1.0	0.966,1.0,1.0	0.011
0.509,0.513,0.593	0.489,0.489,0.542	0.032
0.825,0.912,0.901	0.905,0.914,0.922	-0.034
1.0,0.808,0.871	0.914,0.758,0.91	0.032
1.0,0.78,0.919	0.967,0.892,0.927	-0.029
0.613,0.453,0.627	0.746,0.735,0.558	-0.115
0.0,0.111,0.0	0.179,0.0,0.0	-0.023
1.0,0.84,0.605	1.0,0.523,1.0	-0.026
0.419,1.0,1.0	1.0,1.0,1.0	-0.194
0.972,0.863,0.863	0.917,0.902,1.0	-0.04
0.942,1.0,0.981	0.985,0.911,1.0	0.009
0.986,1.0,1.0	1.0,0.987,0.995	0.001
0.0,0.0,0.0	0.163,0.281,0.206	-0.217
1.0,0.97,1.0	1.0,1.0,1.0	-0.01
0.437,0.728,0.484	0.382,0.475,0.58	0.071
0.027,0.018,0.007	0.017,0.012,0.012	0.004
0.919,0.956,0.971	0.984,0.972,1.0	-0.037
0.021,0.06,0.0	0.015,0.095,0.105	-0.045
1.0,0.941,0.928	0.897,1.0,0.928	0.015
0.079,0.081,0.105	0.087,0.107,0.088	-0.006
0.404,0.45,0.393	0.54,0.341,0.592	-0.075
0.432,0.412,0.378	0.212,0.271,0.23	0.17
0.887,0.823,0.898	0.817,0.837,0.876	0.026
0.329,0.726,0.799	0.638,0.736,0.651	-0.057
0.794,0.846,0.842	0.77,0.847,0.806	0.02
0.708,0.71,0.668	0.824,0.879,0.795	-0.137
0.25,0.526,0.7	0.399,1.0,1.0	-0.308
0.886,0.793,0.956	0.775,0.838,0.924	0.033
1.0,1.0,1.0	1.0,1.0,0.978	0.007
0.946,0.85,0.85	0.855,0.895,0.96	-0.021
0.919,0.706,0.622	0.711,0.666,0.768	0.034
1.0,1.0,1.0	0.721,1.0,1.0	0.093
0.026,0.071,0.0	0.083,0.041,0.071	-0.033
0.875,0.694,0.839	0.537,0.592,0.685	0.198
0.032,0.066,0.048	0.041,0.061,0.067	-0.008
0.883,0.86,0.841	0.722,0.906,0.649	0.102
0.0,0.0,0.037	0.042,0.117,0.0	-0.041
0.0,0.453,0.341	NA,NA,0.0	0.265
1.0,0.987,0.986	0.994,1.0,0.981	-0.001
0.649,0.67,0.643	0.602,0.6,0.503	0.086
0.0,0.0,0.0	0.0,0.0,0.009	-0.003
0.914,1.0,0.962	1.0,0.902,0.969	0.002
0.874,0.933,0.759	0.927,1.0,1.0	-0.12
1.0,1.0,1.0	1.0,0.815,1.0	0.062
1.0,0.0,NA	1.0,0.0,1.0	-0.167
0.812,0.889,0.797	0.71,0.941,0.786	0.02
0.052,0.1,0.087	0.081,0.06,0.061	0.012
0.0,0.039,0.1	0.029,0.05,0.05	0.003
0.0,0.022,0.028	0.048,0.095,0.017	-0.037
0.433,0.085,0.152	0.21,0.117,0.203	0.047
0.13,0.185,0.189	0.08,0.087,0.019	0.106
0.652,0.711,0.733	0.657,0.689,0.638	0.037
0.996,0.995,0.996	0.992,0.996,0.992	0.002
0.521,1.0,0.725	0.407,0.629,0.685	0.175
0.806,0.724,0.928	0.846,0.862,0.719	0.01
0.499,0.424,0.406	0.34,0.338,0.423	0.076
0.147,0.16,0.172	0.193,0.214,0.091	-0.006
0.581,0.618,0.598	0.544,0.579,0.498	0.059
0.994,0.998,1.0	0.996,0.99,1.0	0.002
0.514,0.165,0.209	0.569,0.0,0.0	0.106
0.922,0.973,0.883	0.969,0.979,0.985	-0.052
0.273,0.251,0.389	0.382,0.319,0.309	-0.032
0.016,0.073,0.024	0.124,0.104,0.058	-0.058
0.0,0.0,0.008	0.029,0.045,0.038	-0.035
0.615,0.666,0.585	0.495,0.653,0.676	0.014
0.088,0.061,0.072	0.06,0.028,0.03	0.034
0.392,0.603,0.385	0.335,0.143,0.509	0.131
0.946,0.907,0.894	0.938,0.88,0.921	0.003
0.962,0.898,0.928	0.919,0.973,0.934	-0.013
0.971,0.973,0.978	0.963,0.965,0.954	0.013
0.998,0.999,0.999	1.0,0.999,0.999	-0.001
0.679,0.59,0.662	0.743,0.688,0.612	-0.037
0.872,0.933,0.862	0.955,0.907,0.951	-0.049
0.258,0.332,0.229	0.324,0.223,0.253	0.006
0.497,0.486,0.38	0.42,0.434,0.525	-0.005
0.081,0.086,0.091	0.138,0.101,0.178	-0.053
0.394,0.444,0.475	0.259,0.245,0.338	0.157
1.0,0.992,0.995	0.981,0.99,1.0	0.005
1.0,0.997,1.0	1.0,1.0,1.0	-0.001
1.0,0.968,1.0	1.0,1.0,1.0	-0.011
1.0,1.0,1.0	1.0,0.983,1.0	0.006
0.806,1.0,1.0	1.0,0.526,1.0	0.093
0.998,1.0,0.999	0.999,0.999,1.0	-0.0
0.24,0.236,0.311	0.339,0.322,0.384	-0.086
1.0,1.0,1.0	1.0,1.0,1.0	0.0
0.003,0.003,0.009	0.011,0.007,0.01	-0.004
1.0,1.0,1.0	0.755,0.812,0.887	0.182
1.0,0.864,0.891	0.746,0.936,0.746	0.109
0.208,0.157,0.107	0.087,0.12,0.111	0.051
0.947,0.991,0.929	0.875,0.976,0.953	0.021
1.0,1.0,1.0	1.0,1.0,0.988	0.004
0.713,0.662,0.834	0.651,0.713,0.651	0.065
0.634,1.0,0.49	0.0,1.0,0.828	0.099
0.274,1.0,0.386	0.739,1.0,0.0	-0.026
0.109,0.29,0.395	1.0,0.495,0.0	-0.234
1.0,1.0,0.97	1.0,1.0,1.0	-0.01
0.029,0.007,0.016	0.018,0.0,0.007	0.009
0.582,0.511,0.493	0.403,0.525,0.556	0.034
0.613,0.594,0.736	0.719,0.783,0.889	-0.149
0.897,0.894,0.957	0.856,0.968,0.968	-0.015
0.179,0.246,0.128	0.098,0.303,0.214	-0.021
1.0,1.0,1.0	0.851,1.0,0.971	0.059
0.911,0.873,0.918	0.892,0.919,0.91	-0.006
0.933,0.937,0.97	0.967,0.961,0.975	-0.021
1.0,1.0,1.0	1.0,1.0,0.947	0.018
0.108,0.171,0.086	0.097,0.094,0.107	0.022
1.0,0.974,0.924	0.959,0.974,0.971	-0.002
0.112,0.036,0.173	0.382,0.201,0.211	-0.158
0.0,0.0,0.0	0.0,0.061,0.08	-0.047
0.318,0.462,0.473	0.43,0.529,0.401	-0.036
0.125,0.111,0.036	0.099,0.141,0.128	-0.032
1.0,1.0,1.0	1.0,1.0,0.987	0.004
1.0,0.969,0.93	0.947,0.918,1.0	0.011
1.0,0.997,0.99	0.992,0.99,1.0	0.002
0.937,0.941,0.91	0.896,0.921,0.918	0.018
0.0,0.001,0.003	0.0,0.001,0.0	0.001
0.009,0.013,0.005	0.009,0.015,0.018	-0.005
1.0,0.0,1.0	NA,1.0,1.0	-0.333
0.226,0.262,0.262	0.251,0.207,0.222	0.023
0.402,0.421,0.169	0.346,0.292,0.274	0.027
0.258,0.312,0.251	0.249,0.228,0.231	0.038
0.337,0.383,0.666	0.395,0.443,0.571	-0.008
0.306,0.331,0.683	0.412,0.429,0.602	-0.041
0.396,0.429,0.573	0.538,0.444,0.595	-0.06
0.322,0.364,0.409	0.45,0.414,0.359	-0.043
0.144,0.245,0.146	0.182,0.149,0.117	0.029
0.046,0.068,0.111	0.114,0.166,0.084	-0.046
0.085,0.095,0.055	0.156,0.161,0.155	-0.079
0.013,0.036,0.031	0.054,0.04,0.05	-0.021
1.0,1.0,0.956	1.0,1.0,0.919	0.012
0.013,0.008,0.007	0.004,0.004,0.0	0.007
0.523,0.608,0.598	0.746,0.639,0.679	-0.112
0.0,0.03,0.068	0.245,0.134,0.072	-0.118
0.016,0.025,0.018	0.008,0.014,0.026	0.004
1.0,1.0,0.662	1.0,NA,1.0	-0.113
1.0,1.0,NA	0.0,0.227,0.306	0.822
0.925,0.921,0.925	0.926,0.934,0.922	-0.004
0.0,0.041,0.073	0.0,0.014,0.024	0.025
0.057,0.13,0.099	0.223,0.34,0.176	-0.151
0.076,0.141,0.134	0.195,0.181,0.15	-0.058
0.497,0.471,0.524	0.436,0.303,0.416	0.112
0.353,0.292,0.282	0.196,0.293,0.317	0.04
0.121,0.0,0.0	0.0,0.0,0.025	0.032
0.693,0.745,0.716	0.757,0.864,0.907	-0.125
0.072,0.129,0.168	0.108,0.14,0.197	-0.025
0.0,0.246,0.308	0.049,0.329,0.296	-0.04
0.333,0.31,0.361	0.373,0.381,0.329	-0.026
1.0,0.743,1.0	1.0,1.0,1.0	-0.086
0.998,0.99,0.991	1.0,0.997,0.994	-0.004
0.026,0.013,0.028	0.039,0.011,0.017	0.0
0.264,0.234,0.3	0.212,0.265,0.268	0.018
0.003,0.003,0.002	0.002,0.002,0.002	0.001
0.572,0.424,0.522	0.786,0.885,0.551	-0.235
0.214,0.163,0.213	0.226,0.212,0.093	0.02
0.0,0.0,0.024	0.0,0.055,0.0	-0.01
0.95,0.917,0.935	0.881,0.96,0.882	0.026
0.025,0.01,0.025	0.026,0.025,0.024	-0.005
1.0,1.0,1.0	0.991,0.978,0.969	0.021
0.13,0.165,0.143	0.065,0.084,0.085	0.068
0.033,0.044,0.028	0.036,0.04,0.042	-0.004
0.956,0.961,0.963	0.962,0.979,0.96	-0.007
0.959,0.898,0.811	0.82,0.891,1.0	-0.014
0.98,1.0,1.0	1.0,1.0,1.0	-0.007
1.0,NA,0.0	0.084,1.0,NA	-0.042
0.243,0.355,0.269	0.426,0.533,0.371	-0.154
0.842,0.94,0.802	0.945,0.94,1.0	-0.1
1.0,1.0,1.0	1.0,1.0,0.982	0.006
1.0,0.977,1.0	0.982,1.0,1.0	-0.002
0.246,0.259,0.479	0.371,0.344,0.535	-0.089
0.379,0.287,0.321	0.323,0.307,0.141	0.072
0.22,0.096,0.291	0.57,0.386,0.391	-0.247
0.0,0.492,0.326	0.0,0.0,0.744	0.025
0.979,0.976,0.978	0.933,0.981,0.979	0.013
0.045,0.042,0.051	0.05,0.03,0.022	0.012
0.472,0.327,0.234	0.356,0.318,0.356	0.001
1.0,0.854,0.582	1.0,0.854,0.807	-0.075
0.538,0.784,0.217	0.1,0.475,0.327	0.212
0.0,0.379,0.164	0.0,0.132,0.103	0.103
0.0,0.023,0.0	0.0,0.028,0.043	-0.016
0.0,0.09,0.09	0.245,0.113,0.0	-0.059
1.0,1.0,1.0	0.99,0.98,0.975	0.018
1.0,0.987,1.0	1.0,1.0,1.0	-0.004
1.0,0.851,0.971	0.925,1.0,1.0	-0.034
0.138,0.048,0.105	0.02,0.113,0.286	-0.043
0.041,0.0,0.017	0.0,0.009,0.0	0.016
1.0,1.0,1.0	0.838,1.0,1.0	0.054
0.857,0.866,0.81	0.836,0.781,0.807	0.036
1.0,1.0,1.0	0.98,1.0,1.0	0.007
0.681,0.943,0.781	0.28,0.681,0.655	0.263
0.824,1.0,0.946	0.369,0.62,0.817	0.321
0.785,1.0,0.846	0.578,0.504,0.753	0.265
0.681,0.7,0.899	0.476,0.786,0.753	0.088
NA,0.329,0.0	0.541,0.424,0.662	-0.378
0.395,0.395,0.0	0.797,0.746,0.495	-0.416
0.005,0.015,0.01	0.018,0.015,0.017	-0.007
0.073,0.107,0.069	0.191,0.109,0.01	-0.02
0.303,0.287,0.194	0.368,0.263,0.35	-0.066
1.0,1.0,1.0	0.983,1.0,1.0	0.006
0.428,0.392,0.468	0.245,0.151,0.158	0.245
0.356,0.177,0.175	0.603,0.275,0.58	-0.25
1.0,1.0,1.0	1.0,1.0,0.986	0.005
0.246,0.17,0.11	0.245,0.248,0.22	-0.062
0.374,0.448,0.379	0.262,0.263,0.343	0.111
0.769,0.824,0.797	0.761,0.78,0.636	0.071
0.775,0.586,0.743	0.898,0.838,0.927	-0.186
0.972,0.928,0.952	0.972,0.931,0.957	-0.003
1.0,1.0,0.976	1.0,1.0,1.0	-0.008
1.0,1.0,0.938	1.0,1.0,1.0	-0.021
1.0,0.987,1.0	0.981,0.924,1.0	0.027
1.0,1.0,1.0	1.0,0.983,1.0	0.006
1.0,1.0,1.0	1.0,0.97,1.0	0.01
0.58,0.541,0.707	0.545,0.603,0.449	0.077
0.0,0.278,0.0	0.0,NA,0.49	-0.152
1.0,0.895,1.0	0.975,0.991,0.919	0.003
0.394,0.089,0.178	0.646,0.317,0.464	-0.255
1.0,1.0,1.0	1.0,1.0,0.797	0.068
0.987,1.0,1.0	1.0,1.0,1.0	-0.004
0.956,0.878,0.888	0.926,0.95,0.894	-0.016
0.865,0.852,0.867	0.73,0.724,0.776	0.118
1.0,1.0,1.0	1.0,0.989,1.0	0.004
0.205,0.24,0.3	0.151,0.205,0.158	0.077
0.391,0.473,0.736	0.607,0.533,0.658	-0.066
0.894,0.873,0.832	0.857,0.855,0.79	0.032
1.0,1.0,0.915	1.0,1.0,1.0	-0.028
0.798,0.866,0.804	0.847,0.788,0.748	0.028
1.0,1.0,0.984	1.0,1.0,1.0	-0.005
0.647,0.656,0.744	0.729,0.767,0.753	-0.067
0.831,1.0,1.0	1.0,1.0,1.0	-0.056
0.745,0.797,0.823	0.807,0.751,0.797	0.003
0.677,0.885,1.0	0.677,1.0,0.55	0.112
0.019,0.0,0.0	0.0,0.0,0.0	0.006
0.92,0.922,0.899	0.936,0.94,0.755	0.037
0.032,0.0,0.0	0.0,0.0,0.0	0.011
0.407,0.56,0.805	0.364,0.332,0.574	0.167
1.0,1.0,0.992	0.987,0.99,1.0	0.005
1.0,1.0,0.992	0.988,0.99,1.0	0.005
0.004,0.003,0.003	0.014,0.017,0.008	-0.01
0.098,0.163,0.0	0.0,0.113,0.196	-0.016
0.977,0.97,0.981	0.973,0.97,0.967	0.006
NA,0.0,1.0	NA,NA,1.0	-0.5
NA,NA,1.0	NA,NA,0.252	0.748
NA,1.0,NA	NA,NA,0.0	1.0
NA,1.0,0.146	0.0,0.291,0.774	0.218
0.0,0.129,0.041	0.0,0.176,0.36	-0.122
0.0,0.066,0.196	0.234,0.314,0.255	-0.18
0.021,0.008,0.029	0.037,0.015,0.026	-0.007
0.024,0.024,0.029	0.04,0.027,0.018	-0.003
0.902,0.911,0.966	0.931,0.831,0.88	0.046
1.0,NA,NA	0.369,0.494,0.19	0.649
0.487,0.456,0.518	0.588,0.518,0.474	-0.04
0.787,0.8,0.875	0.874,0.836,0.808	-0.019
NA,0.098,0.098	0.394,0.14,0.163	-0.134
0.0,0.032,0.0	0.0,0.0,0.0	0.011
0.0,0.247,0.621	0.0,0.0,0.0	0.289
0.892,0.909,0.986	0.968,0.831,0.963	0.008
0.019,0.047,0.059	0.051,0.02,0.034	0.007
0.012,0.024,0.021	0.02,0.014,0.009	0.005
0.0,1.0,1.0	0.814,1.0,1.0	-0.271
0.896,0.49,0.391	0.161,0.445,0.194	0.326
0.171,0.366,0.674	0.434,0.248,0.491	0.013
0.458,0.542,0.53	0.677,0.652,0.661	-0.153
0.19,0.214,0.207	0.363,0.4,0.41	-0.187
0.921,0.895,0.875	0.892,0.871,0.846	0.027
1.0,0.98,0.964	0.949,0.947,0.933	0.038
0.158,0.26,0.168	0.163,0.123,0.127	0.058
0.883,1.0,1.0	1.0,1.0,1.0	-0.039
0.058,0.128,0.07	0.043,0.056,0.026	0.044
0.206,0.165,0.204	0.112,0.128,0.134	0.067
0.0,0.014,0.0	0.013,0.014,0.042	-0.018
1.0,1.0,0.946	NA,1.0,1.0	-0.018
0.351,0.365,0.456	0.358,0.45,0.472	-0.036
0.865,0.864,0.873	0.861,0.838,0.846	0.019
0.285,0.0,0.047	0.285,0.0,0.081	-0.011
0.0,0.022,0.027	0.046,0.043,0.074	-0.038
0.943,0.978,0.968	0.957,0.983,0.956	-0.002
0.964,1.0,1.0	1.0,0.962,1.0	0.001
1.0,0.97,0.974	1.0,0.943,0.965	0.012
1.0,1.0,0.986	0.989,0.994,1.0	0.001
0.05,0.152,0.043	0.0,0.174,0.096	-0.008
1.0,1.0,1.0	1.0,0.99,1.0	0.003
0.178,0.242,0.127	0.344,0.31,0.319	-0.142
0.227,1.0,1.0	1.0,1.0,1.0	-0.258
0.079,0.088,0.099	0.028,0.036,0.032	0.057
0.994,0.99,0.998	0.991,0.991,0.981	0.006
0.287,0.866,0.906	0.928,0.924,0.484	-0.092
0.498,0.575,0.427	0.535,0.44,0.438	0.029
0.329,0.466,0.56	0.246,0.62,0.37	0.04
0.921,0.756,0.827	0.861,0.848,0.906	-0.037
0.358,0.449,0.436	0.49,0.42,0.45	-0.039
0.964,1.0,1.0	1.0,1.0,1.0	-0.012
0.783,0.783,0.788	0.878,0.861,0.911	-0.099
0.318,0.348,0.353	0.163,0.131,0.144	0.194
0.936,0.951,0.943	0.903,0.956,0.918	0.018
0.946,0.962,0.928	0.825,0.828,0.779	0.135
0.062,0.2,0.153	0.124,0.134,0.067	0.03
0.735,0.366,0.847	0.481,0.72,0.759	-0.004
1.0,1.0,1.0	1.0,0.989,1.0	0.004
0.08,0.106,0.099	0.088,0.085,0.106	0.002
0.05,0.069,0.03	0.073,0.081,0.081	-0.029
1.0,1.0,0.939	0.871,0.771,1.0	0.099
1.0,1.0,1.0	0.658,1.0,1.0	0.114
0.495,0.495,0.282	0.855,0.797,0.164	-0.181
0.211,0.133,0.138	0.159,0.267,0.142	-0.029
0.0,0.0,0.1	0.021,0.089,0.048	-0.019
0.0,0.047,0.039	0.024,0.034,0.056	-0.009
0.764,0.803,0.426	0.801,0.614,0.609	-0.01
0.979,0.924,0.889	0.95,0.934,0.889	0.006
0.709,0.554,0.687	0.586,0.674,0.616	0.025
0.959,0.996,0.972	0.975,0.969,0.928	0.018
0.0,0.109,0.156	0.209,0.052,0.052	-0.016
0.013,0.013,0.008	0.009,0.033,0.011	-0.006
1.0,1.0,1.0	1.0,0.999,1.0	0.0
0.323,1.0,0.589	1.0,0.69,1.0	-0.259
NA,0.0,0.0	1.0,0.0,NA	-0.5
0.926,0.84,0.812	0.806,0.879,0.87	0.008
1.0,1.0,0.0	1.0,0.329,0.495	0.059
0.0,0.009,0.007	0.008,0.005,0.003	0.0
0.613,0.623,0.627	0.444,0.456,0.364	0.2
0.787,0.83,0.782	0.665,0.715,0.628	0.13
1.0,1.0,1.0	0.989,0.99,0.978	0.014
0.025,0.019,0.0	0.009,0.026,0.0	0.003
1.0,1.0,0.965	1.0,1.0,1.0	-0.012
0.0,0.063,0.0	0.089,0.0,0.046	-0.024
0.017,0.008,0.018	0.029,0.006,0.0	0.003
0.951,0.966,0.895	0.918,0.948,0.927	0.006
0.495,0.0,0.089	0.045,0.07,0.065	0.135
0.89,0.898,0.813	0.826,0.844,0.927	0.001
0.414,0.388,0.226	0.354,0.39,0.414	-0.043
1.0,1.0,1.0	1.0,1.0,0.979	0.007
0.999,0.989,0.995	0.994,0.998,0.996	-0.002
0.211,0.094,0.113	0.165,0.057,0.113	0.028
0.671,0.68,0.681	0.781,0.809,0.832	-0.13
0.02,0.005,0.016	0.0,0.005,0.017	0.006
0.209,0.311,0.291	0.439,0.494,0.289	-0.137
1.0,NA,1.0	0.919,1.0,1.0	0.027
0.077,0.022,0.037	0.12,0.153,0.06	-0.066
1.0,1.0,1.0	0.971,1.0,1.0	0.01
1.0,1.0,1.0	0.956,1.0,1.0	0.015
1.0,0.997,0.995	0.999,0.996,0.991	0.002
0.744,0.762,0.757	0.502,0.617,0.636	0.169
0.03,0.033,0.023	0.039,0.029,0.03	-0.004
0.272,0.197,0.24	0.353,0.202,0.308	-0.051
0.739,0.682,0.765	0.486,0.462,0.6	0.213
0.959,0.935,0.932	0.99,0.926,0.936	-0.009
0.407,0.0,0.071	0.281,0.132,0.155	-0.03
0.9,0.96,1.0	1.0,1.0,0.838	0.007
0.886,0.918,0.889	1.0,0.958,0.921	-0.062
0.849,0.893,0.897	1.0,0.88,0.855	-0.032
0.145,0.234,0.24	0.23,0.167,0.194	0.009
0.301,0.569,0.261	0.674,0.713,0.685	-0.314
0.591,0.825,0.91	0.813,0.743,1.0	-0.077
0.709,0.813,0.948	0.785,0.664,1.0	0.007
0.023,0.05,0.053	0.049,0.061,0.068	-0.017
0.95,1.0,0.983	1.0,1.0,1.0	-0.022
1.0,1.0,0.994	0.993,0.993,1.0	0.003
0.0,1.0,0.0	1.0,1.0,1.0	-0.667
0.57,0.563,0.55	0.565,0.574,0.588	-0.015
1.0,1.0,0.985	1.0,1.0,1.0	-0.005
NA,1.0,0.495	1.0,1.0,1.0	-0.252
0.0,0.082,0.02	0.0,0.087,0.086	-0.024
1.0,1.0,1.0	1.0,0.997,1.0	0.001
0.837,0.404,0.237	0.837,0.736,0.777	-0.291
0.669,0.97,0.725	0.882,0.852,0.765	-0.045
0.89,0.956,0.917	0.94,0.911,0.972	-0.02
0.503,0.509,0.351	0.674,0.58,0.315	-0.069
0.438,0.358,0.389	0.536,0.414,0.566	-0.11
0.196,0.202,0.202	0.119,0.166,0.115	0.067
0.683,0.701,0.649	0.615,0.665,0.689	0.021
0.0,0.0,0.029	0.0,0.0,0.0	0.01
0.627,0.547,0.605	0.377,0.349,0.668	0.128
0.246,0.078,0.3	0.094,0.149,0.113	0.089
0.798,0.819,0.784	0.652,0.693,0.647	0.136
1.0,1.0,1.0	0.98,1.0,1.0	0.007
0.847,0.881,0.91	0.876,0.916,0.892	-0.015
0.04,0.063,0.09	0.099,0.015,0.0	0.026
0.958,0.962,0.972	0.994,0.994,0.994	-0.03
1.0,1.0,1.0	1.0,0.959,1.0	0.014
0.265,0.0,0.083	0.099,0.067,0.286	-0.035
0.987,0.987,0.993	0.994,0.994,0.98	-0.0
0.021,0.013,0.008	0.011,0.008,0.011	0.004
1.0,1.0,1.0	1.0,1.0,0.627	0.124
0.576,0.571,0.651	0.61,0.589,0.499	0.033
0.007,0.005,0.006	0.011,0.009,0.007	-0.003
0.485,0.0,1.0	0.239,0.086,1.0	0.053
0.366,0.368,0.437	0.585,0.475,0.578	-0.156
0.891,0.984,0.931	0.928,0.927,0.787	0.055
0.046,0.028,0.201	0.0,0.14,0.022	0.038
0.496,0.482,0.442	0.529,0.465,0.496	-0.023
0.014,0.114,0.02	0.104,0.092,0.106	-0.051
1.0,1.0,0.976	1.0,1.0,0.965	0.004
0.0,0.841,0.0	0.128,0.398,NA	0.017
0.005,0.038,0.006	0.012,0.033,0.016	-0.004
1.0,1.0,1.0	1.0,0.975,1.0	0.008
0.041,0.08,0.0	0.0,0.0,0.0	0.04
0.013,0.0,0.004	0.01,0.0,0.004	0.001
0.718,0.641,0.744	0.691,0.643,0.636	0.044
0.043,0.012,0.028	0.015,0.018,0.043	0.002
0.013,0.092,0.052	0.013,0.024,0.025	0.032
0.0,0.008,0.007	0.008,0.009,0.02	-0.007
0.994,0.989,0.958	1.0,0.988,0.979	-0.009
0.978,1.0,1.0	0.994,0.992,1.0	-0.003
0.975,1.0,1.0	1.0,1.0,1.0	-0.008
0.963,0.991,0.986	1.0,1.0,0.994	-0.018
1.0,0.994,1.0	1.0,1.0,1.0	-0.002
0.99,0.988,0.987	0.991,0.992,0.995	-0.004
0.457,0.058,0.065	0.0,0.211,0.187	0.061
0.029,0.025,0.042	0.046,0.044,0.037	-0.01
1.0,1.0,0.283	0.825,0.512,0.486	0.153
0.009,0.0,0.009	0.0,0.003,0.005	0.003
0.517,0.497,0.475	0.265,0.338,0.251	0.212
0.89,0.891,0.898	0.933,0.912,0.859	-0.008
0.873,0.962,0.834	0.923,0.691,0.892	0.054
0.226,0.251,0.197	0.307,0.246,0.316	-0.065
0.069,0.04,0.078	0.076,0.127,0.084	-0.033
0.523,0.489,0.528	0.487,0.459,0.515	0.026
0.134,0.051,0.085	0.067,0.03,0.064	0.036
1.0,1.0,0.983	1.0,0.99,1.0	-0.002
1.0,0.814,1.0	0.902,0.577,0.867	0.156
0.896,0.934,0.734	0.819,0.853,0.763	0.043
0.026,0.023,0.007	0.019,0.011,0.017	0.003
0.313,0.612,0.441	0.302,0.275,0.392	0.132
0.725,0.893,0.666	0.789,0.654,0.795	0.015
1.0,0.0,NA	1.0,1.0,1.0	-0.5
1.0,1.0,1.0	0.966,1.0,1.0	0.011
1.0,NA,0.0	NA,0.0,0.0	0.5
0.0,0.014,0.014	0.018,0.008,0.006	-0.001
0.114,0.045,0.028	0.043,0.047,0.036	0.02
0.359,0.46,0.429	0.344,0.308,0.285	0.104
0.951,0.963,0.982	0.928,0.948,0.904	0.039
0.0,0.07,0.0	0.0,0.154,0.0	-0.028
0.901,0.898,0.912	0.974,0.939,0.95	-0.051
1.0,0.904,1.0	1.0,1.0,1.0	-0.032
0.974,0.793,0.927	0.953,0.978,0.858	-0.032
0.303,0.409,0.436	0.126,0.401,0.329	0.097
0.646,0.636,0.68	0.578,0.584,0.57	0.077
0.0,0.067,0.062	0.072,0.045,0.102	-0.03
0.031,0.073,0.016	0.052,0.075,0.037	-0.015
0.442,0.255,0.2	0.217,0.387,0.25	0.014
0.779,0.951,0.942	1.0,0.964,0.85	-0.047
1.0,1.0,0.984	1.0,1.0,1.0	-0.005
1.0,1.0,1.0	0.927,1.0,1.0	0.024
1.0,1.0,1.0	1.0,0.935,1.0	0.022
0.049,0.037,0.075	0.058,0.069,0.05	-0.005
0.829,0.582,0.607	0.883,0.648,0.551	-0.021
0.766,0.829,0.928	1.0,0.948,0.964	-0.13
1.0,0.989,1.0	1.0,1.0,1.0	-0.004
0.0,0.0,0.011	0.0,0.002,0.0	0.003
1.0,1.0,1.0	0.873,1.0,1.0	0.042
0.965,0.988,1.0	0.984,1.0,0.971	-0.001
0.849,0.782,0.88	0.87,0.746,0.728	0.056
1.0,1.0,0.746	1.0,1.0,1.0	-0.085
0.746,0.525,1.0	1.0,1.0,1.0	-0.243
0.82,0.713,1.0	1.0,1.0,1.0	-0.156
0.828,0.763,1.0	1.0,1.0,1.0	-0.136
0.086,0.078,0.073	0.09,0.083,0.077	-0.004
0.317,0.12,0.076	0.118,0.146,0.076	0.058
0.46,1.0,0.0	0.719,NA,0.856	-0.301
0.439,0.729,0.466	0.612,0.5,0.521	0.0
0.624,0.744,0.795	0.675,0.68,0.409	0.133
0.81,0.71,0.798	0.746,0.754,0.623	0.065
0.227,0.36,0.656	0.45,0.477,0.45	-0.045
0.377,0.312,0.421	0.0,0.054,0.051	0.335
1.0,0.847,1.0	0.907,0.805,0.797	0.113
0.133,0.121,0.061	0.133,0.17,0.211	-0.066
0.088,0.073,0.061	0.048,0.078,0.077	0.006
0.111,0.103,0.144	0.128,0.113,0.11	0.002
0.0,0.0,0.009	0.016,0.018,0.0	-0.008
0.055,0.147,0.079	0.0,0.053,0.082	0.049
0.821,0.839,0.811	0.84,0.83,0.849	-0.016
1.0,0.988,0.979	1.0,1.0,1.0	-0.011
0.957,0.963,0.983	1.0,0.976,0.985	-0.019
0.151,0.165,0.176	0.263,0.262,0.281	-0.105
0.6,0.741,0.577	0.648,0.318,0.662	0.097
0.808,0.844,0.833	0.852,0.891,0.861	-0.04
0.602,0.534,0.541	0.508,0.668,0.925	-0.141
0.167,0.177,0.211	0.156,0.189,0.173	0.012
0.016,0.009,0.022	0.104,0.059,0.104	-0.073
0.868,0.749,0.925	0.719,0.85,0.739	0.078
0.483,0.562,0.585	0.495,0.444,0.492	0.066
0.0,0.045,0.0	0.043,0.0,0.0	0.001
1.0,0.958,0.956	0.96,1.0,0.973	-0.006
0.027,0.157,0.113	0.0,0.061,0.021	0.072
0.812,0.857,0.876	0.821,0.954,0.909	-0.046
0.691,0.694,0.767	0.673,0.773,0.637	0.023
0.976,0.967,0.959	0.97,0.966,0.955	0.004
0.991,0.991,0.991	0.989,0.986,0.988	0.003
0.983,0.976,0.977	0.978,0.978,0.972	0.003
0.983,0.979,0.976	0.979,0.973,0.969	0.006
0.9,0.9,0.921	0.891,0.872,0.909	0.016
0.903,0.87,0.889	0.884,0.891,0.876	0.004
0.939,0.932,0.928	0.932,0.921,0.913	0.011
0.845,0.799,0.802	0.817,0.827,0.79	0.004
0.924,0.917,0.907	0.916,0.905,0.89	0.012
0.895,0.893,0.881	0.888,0.877,0.858	0.015
0.912,0.879,0.8	0.864,0.826,0.879	0.007
0.542,0.76,0.788	0.548,0.664,0.601	0.092
0.979,0.961,0.953	0.938,0.967,0.977	0.004
0.984,0.937,1.0	0.967,0.952,0.961	0.014
0.0,0.0,0.0	0.0,0.0,0.029	-0.01
0.995,0.989,0.983	0.991,0.996,0.992	-0.004
1.0,1.0,0.851	0.489,0.884,1.0	0.159
0.355,0.405,0.477	0.507,0.459,0.495	-0.075
0.0,0.0,0.14	0.071,0.202,0.163	-0.099
0.033,0.055,0.017	0.028,0.033,0.057	-0.004
0.213,0.051,0.167	0.35,0.447,0.458	-0.275
0.904,0.805,1.0	0.953,0.961,0.843	-0.016
0.662,0.457,1.0	0.831,0.855,0.696	-0.088
0.556,0.484,0.487	0.327,0.467,0.523	0.07
0.805,0.744,0.741	1.0,1.0,1.0	-0.237
0.045,0.164,0.296	0.061,0.0,0.05	0.131
0.475,0.56,0.598	0.184,0.313,0.424	0.237
0.986,0.969,0.991	0.984,0.994,0.967	0.0
0.996,0.99,0.992	0.988,0.988,0.988	0.005
1.0,0.961,0.951	0.965,0.977,1.0	-0.01
0.01,0.004,0.004	0.014,0.005,0.014	-0.005
1.0,1.0,1.0	1.0,0.983,0.975	0.014
0.0,0.329,0.746	0.116,0.0,0.123	0.279
0.675,0.7,0.685	0.695,0.723,0.741	-0.033
0.936,0.932,0.921	0.965,0.921,0.798	0.035
0.155,0.121,0.162	0.059,0.227,0.213	-0.02
0.572,0.45,0.459	0.722,0.779,0.514	-0.178
0.395,0.2,0.211	0.253,0.285,0.204	0.021
0.71,0.578,0.528	0.495,0.282,0.495	0.181
0.0,0.098,0.035	0.093,0.011,0.081	-0.017
0.23,0.165,0.142	0.132,0.18,0.212	0.004
0.051,0.056,0.023	0.082,0.03,0.012	0.002
0.688,1.0,1.0	0.9,0.739,1.0	0.016
1.0,0.939,0.967	1.0,1.0,1.0	-0.031
0.274,0.136,0.068	0.0,0.191,0.136	0.05
0.457,0.448,0.486	0.435,0.364,0.437	0.052
0.0,0.171,0.0	0.129,0.157,0.125	-0.08
0.877,0.639,0.641	0.253,0.643,0.369	0.297
0.87,0.817,0.806	0.807,0.86,0.977	-0.05
0.838,0.941,0.863	0.796,0.928,0.731	0.062
0.076,0.051,0.078	0.116,0.141,0.051	-0.034
0.386,0.412,0.445	0.319,0.369,0.353	0.067
0.988,0.976,0.978	0.99,1.0,0.987	-0.012
0.315,0.235,0.269	0.093,0.0,0.0	0.242
1.0,0.983,1.0	0.896,0.978,1.0	0.036
0.395,0.329,0.219	0.116,0.528,0.595	-0.099
0.993,1.0,1.0	0.995,1.0,1.0	-0.001
0.999,1.0,1.0	1.0,1.0,1.0	-0.0
1.0,1.0,1.0	0.995,1.0,1.0	0.002
1.0,1.0,1.0	0.989,1.0,1.0	0.004
0.353,0.041,0.0	0.28,0.163,0.158	-0.069
0.675,0.701,0.774	0.906,0.704,0.69	-0.05
0.04,0.043,0.009	0.014,0.025,0.0	0.018
0.268,0.309,0.299	0.271,0.293,0.294	0.006
1.0,1.0,0.955	1.0,1.0,1.0	-0.015
0.813,0.303,0.604	0.303,0.753,0.723	-0.02
1.0,0.323,1.0	0.0,0.0,1.0	0.441
0.85,0.867,0.725	0.905,0.874,0.911	-0.083
NA,0.0,1.0	NA,1.0,1.0	-0.5
0.059,0.113,0.107	0.076,0.251,0.161	-0.07
NA,0.627,NA	0.457,NA,0.0	0.398
0.577,0.678,0.666	0.417,0.568,0.793	0.048
0.89,0.746,0.634	0.883,0.854,0.837	-0.101
0.929,0.972,0.933	0.947,0.932,0.947	0.003
0.009,0.014,0.022	0.007,0.012,0.035	-0.003
0.469,0.469,0.469	0.469,NA,0.0	0.235
0.593,0.939,1.0	0.923,1.0,1.0	-0.13
0.606,0.942,1.0	0.926,1.0,1.0	-0.126
0.376,0.613,0.513	0.49,0.489,0.382	0.047
0.365,0.533,0.615	0.683,0.667,0.565	-0.134
0.199,0.255,0.167	0.289,0.321,0.169	-0.053
0.302,0.191,0.111	0.103,0.142,0.136	0.074
0.058,0.152,0.071	0.278,0.035,0.082	-0.038
0.328,0.356,0.439	0.419,0.394,0.473	-0.054
0.391,0.259,0.265	0.221,0.363,0.295	0.012
0.826,0.874,0.869	0.724,0.689,0.805	0.117
0.0,0.024,0.0	0.0,0.0,0.029	-0.002
1.0,0.974,1.0	0.99,0.994,0.963	0.009
0.953,0.966,0.926	0.923,0.914,0.875	0.044
0.334,0.392,0.409	0.184,0.204,0.232	0.172
0.49,0.476,0.545	0.525,0.481,0.575	-0.023
0.87,1.0,1.0	1.0,1.0,1.0	-0.043
0.875,1.0,1.0	1.0,1.0,1.0	-0.042
0.422,0.664,0.305	0.754,0.664,0.369	-0.132
0.938,0.832,0.843	0.93,0.905,0.83	-0.017
0.096,0.202,0.171	0.161,0.123,0.117	0.023
0.722,0.837,0.658	0.597,0.643,0.56	0.139
0.03,0.028,0.015	0.019,0.02,0.027	0.002
1.0,0.953,0.98	1.0,1.0,0.963	-0.01
1.0,0.973,0.985	1.0,1.0,0.97	-0.004
0.637,0.804,0.695	0.54,0.551,0.58	0.155
1.0,1.0,1.0	0.542,1.0,1.0	0.153
0.993,0.998,0.997	1.0,1.0,1.0	-0.004
0.936,0.818,0.755	0.735,0.56,0.804	0.137
1.0,1.0,0.988	1.0,0.995,0.987	0.002
0.014,0.015,0.021	0.017,0.018,0.025	-0.003
0.0,0.005,0.0	0.011,0.015,0.002	-0.008
0.0,1.0,NA	0.0,0.0,0.0	0.5
1.0,1.0,1.0	1.0,0.983,1.0	0.006
0.935,0.789,0.801	0.881,0.931,0.887	-0.058
1.0,1.0,0.981	0.982,0.98,1.0	0.006
0.6,0.596,0.602	0.413,0.438,0.455	0.164
0.94,0.93,0.869	0.919,0.899,0.907	0.005
0.181,0.32,0.132	0.234,0.361,0.403	-0.122
1.0,0.62,0.797	0.495,1.0,1.0	-0.026
0.277,0.235,0.142	0.088,0.138,0.111	0.106
0.0,0.198,0.111	0.125,0.191,0.098	-0.035
1.0,1.0,0.976	0.984,1.0,0.913	0.026
0.0,0.0,0.0	0.0,0.007,0.0	-0.002
1.0,1.0,0.972	1.0,1.0,1.0	-0.009
1.0,0.938,0.957	1.0,0.986,1.0	-0.03
NA,0.0,0.423	0.027,0.009,0.105	0.165
0.0,0.0,0.0	0.003,0.0,0.0	-0.001
0.505,1.0,0.625	1.0,1.0,1.0	-0.29
0.849,1.0,1.0	1.0,1.0,1.0	-0.05
0.019,0.032,0.047	0.031,0.049,0.047	-0.01
0.86,0.824,0.859	0.889,0.796,0.868	-0.003
0.542,0.499,0.529	0.703,0.451,0.639	-0.074
0.157,0.175,0.155	0.215,0.167,0.205	-0.033
0.964,0.963,0.916	0.93,0.957,0.944	0.004
0.0,0.049,0.102	0.144,0.098,0.076	-0.056
0.312,0.712,0.806	0.514,0.248,1.0	0.023
1.0,1.0,1.0	1.0,0.911,0.774	0.105
1.0,0.999,0.999	0.996,0.999,1.0	0.001
NA,1.0,1.0	0.476,1.0,1.0	0.175
0.879,0.881,0.93	0.778,0.945,0.92	0.016
0.029,0.027,0.0	0.096,0.032,0.012	-0.028
0.718,0.713,0.728	0.849,0.84,0.825	-0.118
1.0,1.0,0.973	0.839,0.841,0.927	0.122
0.534,0.702,0.462	0.545,0.469,0.514	0.057
0.573,0.724,0.765	0.817,0.684,0.81	-0.083
0.197,0.082,0.082	0.179,0.07,0.146	-0.011
0.898,0.866,0.951	0.927,0.959,0.923	-0.031
0.013,0.01,0.007	0.008,0.006,0.008	0.003
NA,1.0,1.0	1.0,1.0,0.452	0.183
NA,1.0,NA	1.0,1.0,0.402	0.199
NA,1.0,1.0	1.0,1.0,0.569	0.144
NA,0.0,0.0	0.282,0.702,NA	-0.492
NA,0.0,0.697	0.49,0.697,1.0	-0.381
0.451,0.365,0.415	0.241,0.344,0.242	0.135
0.036,0.021,0.028	0.017,0.043,0.053	-0.009
0.0,1.0,1.0	0.198,0.241,0.137	0.475
0.764,0.803,0.926	0.571,0.735,0.649	0.179
0.01,0.003,0.003	0.005,0.005,0.005	0.0
0.282,0.259,0.263	0.22,0.251,0.244	0.03
1.0,NA,NA	1.0,1.0,0.659	0.114
1.0,0.948,1.0	0.982,0.991,1.0	-0.008
0.954,0.874,0.849	0.839,0.775,0.772	0.097
1.0,0.99,0.988	0.995,1.0,0.994	-0.004
0.266,0.339,0.315	0.301,0.276,0.317	0.009
0.753,0.764,0.753	0.858,0.862,0.875	-0.108
0.0,1.0,1.0	0.209,1.0,NA	0.062
0.984,0.978,0.979	0.993,0.993,0.986	-0.01
0.013,0.066,0.052	0.021,0.061,0.035	0.005
0.891,0.871,0.842	0.779,0.895,0.876	0.018
0.195,0.366,0.288	0.266,0.328,0.409	-0.051
0.993,1.0,0.995	0.988,0.994,1.0	0.002
0.364,0.345,0.373	0.474,0.584,0.406	-0.127
NA,1.0,0.0	0.329,NA,NA	0.171
0.999,1.0,1.0	0.999,1.0,1.0	0.0
0.0,0.0,0.03	0.0,0.025,0.0	0.002
0.576,0.57,0.616	0.662,0.653,0.666	-0.073
0.062,0.0,0.085	0.019,0.0,0.029	0.033
0.467,0.226,0.605	0.441,0.496,0.655	-0.098
0.016,0.015,0.019	0.017,0.029,0.018	-0.005
0.976,0.904,0.987	0.908,0.909,0.951	0.033
1.0,1.0,0.973	0.992,0.982,0.992	0.002
1.0,0.956,1.0	0.986,0.956,0.974	0.013
0.521,0.579,0.673	0.696,0.662,0.419	-0.001
0.794,0.466,0.579	0.4,0.514,0.49	0.145
0.986,1.0,0.995	1.0,0.996,0.996	-0.004
0.922,0.91,0.929	0.941,0.911,0.941	-0.011
0.6,0.51,0.507	0.452,0.514,0.627	0.008
0.08,0.0,0.366	0.0,0.0,0.0	0.149
0.0,0.0,0.0	0.01,0.034,0.017	-0.02
0.231,0.135,0.199	0.196,0.294,0.175	-0.033
0.58,0.498,0.621	0.636,0.565,0.604	-0.035
0.102,0.077,0.04	0.055,0.067,0.053	0.015
0.934,0.968,1.0	1.0,0.909,0.972	0.007
0.3,1.0,1.0	1.0,1.0,1.0	-0.233
0.445,0.0,0.103	0.243,0.082,0.107	0.039
0.432,0.325,0.386	0.382,0.355,0.306	0.033
0.308,0.181,0.242	0.191,0.308,0.214	0.006
1.0,0.833,1.0	1.0,1.0,0.294	0.18
0.985,1.0,0.985	1.0,1.0,0.983	-0.004
1.0,1.0,1.0	0.938,1.0,1.0	0.021
0.983,1.0,0.98	1.0,0.923,1.0	0.013
1.0,1.0,1.0	0.976,0.978,1.0	0.015
1.0,1.0,0.987	1.0,0.991,1.0	-0.001
1.0,1.0,1.0	0.998,1.0,1.0	0.001
0.909,0.915,0.876	0.903,0.769,0.829	0.066
0.253,0.343,0.077	0.179,0.196,0.303	-0.002
0.154,0.0,0.214	0.0,0.312,0.132	-0.025
0.013,0.02,0.014	0.015,0.016,0.008	0.003
0.877,0.901,1.0	1.0,0.95,0.982	-0.051
0.943,0.984,0.933	0.961,0.958,0.977	-0.012
0.551,0.568,0.392	0.6,0.644,0.398	-0.044
NA,0.495,NA	NA,1.0,NA	-0.505
0.738,0.728,0.808	0.797,0.887,0.715	-0.042
0.83,0.957,0.917	0.958,0.953,0.954	-0.054
0.901,0.798,0.787	0.896,0.891,0.903	-0.068
0.112,0.118,0.109	0.12,0.109,0.096	0.005
0.078,0.081,0.057	0.131,0.047,0.03	0.003
0.574,0.263,0.175	0.309,0.375,0.43	-0.034
1.0,1.0,1.0	0.974,1.0,1.0	0.009
1.0,1.0,0.999	1.0,0.999,1.0	0.0
1.0,1.0,1.0	1.0,1.0,1.0	0.0
NA,0.307,0.262	0.0,0.0,0.0	0.284
NA,0.0,0.257	0.0,0.257,0.0	0.043
NA,0.0,1.0	NA,1.0,NA	-0.5
0.0,0.02,0.0	0.03,0.0,0.016	-0.009
0.009,0.011,0.009	0.016,0.011,0.009	-0.002
0.074,0.038,0.044	0.0,0.0,0.0	0.052
1.0,1.0,0.93	1.0,1.0,1.0	-0.023
0.931,0.955,0.96	0.958,0.979,0.972	-0.021
0.17,0.163,0.102	0.12,0.093,0.121	0.034
0.475,0.478,0.488	0.663,0.647,0.721	-0.197
0.384,0.404,0.398	0.391,0.402,0.416	-0.008
0.538,0.593,0.833	0.25,0.604,0.666	0.148
0.063,0.054,0.052	0.041,0.032,0.059	0.012
0.32,0.16,0.344	0.309,0.334,0.431	-0.083
0.631,0.849,0.785	0.821,0.811,0.798	-0.055
0.16,0.215,0.207	0.164,0.128,0.166	0.041
1.0,1.0,1.0	0.703,0.894,0.853	0.183
0.597,0.882,0.748	0.939,0.794,0.841	-0.116
0.905,0.878,0.878	0.917,0.907,0.901	-0.021
0.023,0.014,0.093	0.178,0.108,0.161	-0.106
0.0,0.002,0.003	0.002,0.005,0.004	-0.002
0.412,0.428,0.456	0.53,0.466,0.504	-0.068
0.95,0.84,0.907	0.868,0.942,0.795	0.031
0.865,1.0,1.0	1.0,1.0,1.0	-0.045
0.211,0.201,0.167	0.254,0.205,0.247	-0.042
0.219,0.171,0.138	0.198,0.161,0.199	-0.01
0.437,0.285,0.276	0.259,0.277,0.247	0.072
1.0,1.0,0.999	1.0,0.999,1.0	0.0
0.993,0.991,0.991	0.983,0.994,0.995	0.001
0.906,0.981,0.953	0.976,0.903,0.979	-0.006
1.0,1.0,1.0	0.913,0.953,0.93	0.068
1.0,1.0,1.0	0.915,1.0,0.956	0.043
1.0,0.987,1.0	1.0,1.0,1.0	-0.004
1.0,0.938,1.0	1.0,1.0,1.0	-0.021
0.265,0.198,0.299	0.115,0.087,0.135	0.142
0.729,0.693,0.775	0.759,0.655,0.726	0.019
0.989,0.993,0.997	0.989,0.992,0.991	0.002
0.819,0.806,0.746	0.734,0.92,0.685	0.011
0.027,0.007,0.116	0.055,0.008,0.087	0.0
0.065,0.0,0.093	0.045,0.071,0.1	-0.019
0.961,0.96,0.895	0.986,0.926,0.914	-0.003
0.046,0.047,0.037	0.018,0.087,0.054	-0.01
1.0,1.0,1.0	1.0,0.905,1.0	0.032
0.914,0.811,0.856	0.959,0.862,0.878	-0.039
0.198,0.167,0.188	0.247,0.259,0.236	-0.063
0.215,0.18,0.206	0.266,0.278,0.249	-0.064
0.987,1.0,0.991	0.988,0.993,0.956	0.014
0.0,0.011,0.012	0.0,0.002,0.01	0.004
1.0,0.993,0.998	0.998,0.996,0.998	-0.0
0.861,0.775,0.808	0.869,0.788,0.852	-0.022
0.086,0.114,0.094	0.242,0.204,0.282	-0.145
0.901,0.888,0.848	0.825,0.868,0.802	0.047
0.972,0.912,0.949	0.971,0.937,0.959	-0.011
0.0,0.2,0.071	0.0,0.077,0.0	0.065
0.134,0.159,0.104	0.156,0.274,0.153	-0.062
1.0,0.0,0.518	1.0,1.0,0.775	-0.419
0.673,0.677,0.758	0.802,0.625,0.71	-0.01
1.0,1.0,0.973	1.0,0.976,1.0	-0.001
0.002,0.003,0.0	0.007,0.005,0.005	-0.004
0.737,0.649,0.515	0.83,0.826,0.596	-0.117
0.771,0.584,0.627	1.0,0.627,1.0	-0.215
0.956,0.912,0.875	0.753,0.775,0.718	0.166
0.084,0.107,0.139	0.062,0.092,0.105	0.024
0.133,0.086,0.11	0.191,0.166,0.274	-0.101
0.01,0.007,0.006	0.004,0.008,0.006	0.002
0.0,1.0,0.873	1.0,NA,NA	-0.376
1.0,NA,NA	NA,0.0,NA	1.0
0.72,0.525,0.562	0.605,0.531,0.565	0.035
1.0,0.829,0.886	1.0,1.0,1.0	-0.095
0.0,0.662,0.364	0.723,0.62,0.567	-0.295
1.0,0.925,0.955	1.0,1.0,1.0	-0.04
1.0,0.51,0.845	1.0,1.0,1.0	-0.215
0.134,0.042,0.154	0.177,0.349,0.189	-0.128
1.0,1.0,1.0	1.0,1.0,0.87	0.043
0.011,0.005,0.008	0.008,0.01,0.011	-0.002
0.999,0.994,1.0	0.997,0.996,0.999	0.0
0.039,0.011,0.027	0.013,0.015,0.013	0.012
0.96,0.943,0.923	0.967,0.968,0.974	-0.028
0.06,0.152,0.068	0.086,0.057,0.06	0.026
1.0,1.0,0.982	1.0,1.0,1.0	-0.006
0.533,0.488,0.581	0.4,0.499,0.497	0.069
0.108,0.093,0.073	0.126,0.055,0.056	0.012
0.955,0.947,0.952	0.938,0.956,0.954	0.002
0.965,0.974,0.903	0.967,0.926,1.0	-0.017
0.248,0.278,0.305	0.11,0.324,0.27	0.042
1.0,1.0,1.0	0.981,1.0,1.0	0.006
0.976,0.986,0.992	0.936,0.984,0.977	0.019
0.768,0.909,0.948	0.937,0.864,0.805	0.006
0.997,0.987,1.0	0.997,0.997,0.988	0.001
1.0,1.0,0.93	0.965,0.949,0.893	0.041
0.778,0.74,0.778	0.664,0.744,0.744	0.048
0.28,0.323,0.345	0.482,0.448,0.469	-0.15
0.989,1.0,0.962	0.988,0.989,1.0	-0.009
0.0,0.12,0.12	0.181,0.323,0.085	-0.116
1.0,0.951,0.922	0.971,1.0,1.0	-0.033
0.848,0.651,0.844	0.89,0.861,0.872	-0.093
0.0,0.013,0.0	0.0,0.0,0.0	0.004
0.995,0.997,0.99	0.989,0.976,0.961	0.019
1.0,1.0,1.0	0.97,1.0,1.0	0.01
0.778,0.753,0.792	0.703,0.726,0.706	0.063
0.059,0.182,0.192	0.234,0.332,0.286	-0.14
0.005,0.004,0.005	0.004,0.005,0.004	0.0
0.216,0.295,0.077	0.155,0.093,0.213	0.042
0.878,0.941,1.0	0.977,0.952,0.926	-0.012
0.013,0.008,0.019	0.006,0.026,0.018	-0.003
0.965,0.855,0.965	0.895,0.929,1.0	-0.013
1.0,0.981,1.0	0.99,0.986,0.96	0.015
0.972,0.916,0.878	0.921,0.924,0.885	0.012
0.031,0.022,0.035	0.084,0.036,0.044	-0.025
0.2,0.225,0.227	0.256,0.304,0.265	-0.058
0.16,0.285,0.199	0.129,0.198,0.126	0.064
0.739,0.739,0.892	0.586,0.831,0.764	0.063
1.0,0.485,1.0	1.0,1.0,1.0	-0.172
0.644,0.634,0.622	0.851,0.852,0.845	-0.216
0.707,0.707,0.446	0.811,0.633,0.693	-0.092
0.246,0.227,0.07	0.171,0.149,0.117	0.035
0.874,0.779,0.915	0.915,0.69,0.817	0.049
0.644,0.809,0.852	0.779,0.794,0.851	-0.04
1.0,1.0,1.0	1.0,0.982,1.0	0.006
0.596,0.804,0.794	0.788,0.727,0.698	-0.006
0.887,0.933,0.906	0.927,0.805,0.966	0.009
0.026,0.02,0.018	0.012,0.012,0.029	0.004
0.567,0.864,0.395	0.674,0.688,0.696	-0.077
1.0,0.925,0.878	0.94,0.969,0.987	-0.031
1.0,1.0,1.0	1.0,0.934,1.0	0.022
1.0,1.0,0.964	1.0,1.0,0.915	0.016
0.022,0.079,0.123	0.033,0.042,0.092	0.019
0.401,0.379,0.374	0.402,0.392,0.447	-0.029
0.0,0.0,0.167	0.167,0.26,0.181	-0.147
1.0,1.0,0.722	1.0,0.886,1.0	-0.055
1.0,1.0,0.905	1.0,0.95,1.0	-0.015
0.0,0.0,0.018	0.103,0.0,0.035	-0.04
NA,0.0,0.0	0.0,0.086,0.0	-0.029
0.992,0.994,0.99	0.995,1.0,0.994	-0.004
0.968,0.979,0.98	0.966,0.964,0.983	0.005
0.014,0.018,0.024	0.042,0.009,0.043	-0.013
0.92,0.953,1.0	0.959,1.0,0.955	-0.014
0.315,0.257,0.329	0.128,0.268,0.162	0.114
0.831,0.757,0.853	0.721,0.731,0.773	0.072
1.0,0.884,1.0	1.0,1.0,0.925	-0.014
0.0,0.009,0.004	0.01,0.0,0.0	0.001
0.178,0.257,0.126	0.839,0.0,NA	-0.233
1.0,1.0,1.0	1.0,0.994,1.0	0.002
1.0,0.824,0.956	0.931,0.959,1.0	-0.037
0.116,0.064,0.204	0.038,0.119,0.027	0.067
0.844,0.86,0.935	0.939,0.828,0.963	-0.03
0.0,0.322,0.74	0.487,0.106,0.0	0.156
0.729,0.366,0.414	0.16,0.268,0.278	0.268
0.008,0.013,0.014	0.004,0.008,0.009	0.005
0.237,0.193,0.133	0.206,0.184,0.156	0.006
0.98,1.0,1.0	0.974,0.969,1.0	0.012
0.595,0.71,0.662	0.752,0.825,0.696	-0.102
0.979,0.951,0.948	0.967,0.982,0.957	-0.009
0.018,0.016,0.053	0.015,0.025,0.028	0.006
0.514,0.615,0.547	0.752,0.721,0.726	-0.174
0.867,0.828,0.855	0.902,0.836,0.819	-0.002
1.0,0.658,0.743	1.0,1.0,1.0	-0.2
1.0,0.959,0.964	1.0,1.0,1.0	-0.026
0.931,1.0,1.0	1.0,1.0,1.0	-0.023
1.0,1.0,1.0	1.0,0.933,0.972	0.032
0.131,0.055,0.0	0.205,0.234,0.128	-0.127
0.078,0.0,0.0	0.0,0.0,0.0	0.026
0.0,0.258,0.162	0.098,0.288,0.288	-0.085
0.078,0.072,0.057	0.07,0.057,0.099	-0.006
0.989,0.991,0.989	0.987,0.988,0.987	0.002
1.0,1.0,1.0	1.0,1.0,1.0	0.0
0.021,0.022,0.023	0.02,0.018,0.016	0.004
0.019,0.022,0.023	0.019,0.018,0.016	0.004
0.0,1.0,NA	0.0,NA,1.0	0.0
1.0,1.0,1.0	1.0,1.0,0.973	0.009
0.01,0.01,0.008	0.019,0.026,0.018	-0.012
0.963,0.904,0.931	0.936,0.906,0.923	0.011
0.45,0.45,0.563	0.557,0.532,0.472	-0.033
0.089,0.062,0.107	0.129,0.045,0.12	-0.012
0.269,0.049,0.098	0.109,0.208,0.269	-0.057
0.962,0.995,0.998	0.973,0.981,0.994	0.002
0.296,0.284,0.404	0.214,0.36,0.552	-0.047
0.46,0.649,0.607	0.557,0.335,0.65	0.058
0.669,0.843,0.706	0.847,0.47,0.6	0.1
0.755,0.782,0.755	0.845,0.798,0.819	-0.057
0.153,0.048,0.21	0.371,0.208,0.232	-0.133
0.958,0.976,1.0	0.928,0.978,0.953	0.025
0.188,0.243,0.09	0.059,0.028,0.051	0.128
0.399,0.425,0.413	0.458,0.545,0.495	-0.087
NA,0.197,1.0	1.0,0.797,0.521	-0.174
0.0,0.117,0.0	0.0,0.0,0.0	0.039
0.158,0.297,0.241	0.404,0.115,0.241	-0.021
0.761,1.0,0.837	0.733,0.907,0.329	0.21
NA,0.0,0.0	1.0,0.662,0.0	-0.554
0.0,0.0,0.0	0.074,0.061,0.212	-0.116
0.856,0.882,0.873	0.856,0.844,0.852	0.02
0.034,0.02,0.013	0.038,0.019,0.019	-0.003
0.93,0.87,0.939	0.839,0.839,0.964	0.032
0.0,0.0,0.0	0.03,0.0,0.015	-0.015
0.917,1.0,1.0	1.0,1.0,1.0	-0.028
0.609,0.808,0.687	0.687,0.732,0.694	-0.003
0.025,0.021,0.0	0.0,0.0,0.0	0.015
0.143,0.165,0.119	0.143,0.091,0.088	0.035
0.071,0.034,0.033	0.044,0.052,0.099	-0.019
0.174,0.095,0.065	0.112,0.153,0.11	-0.014
0.862,0.758,0.92	0.852,0.864,0.794	0.01
1.0,0.968,1.0	1.0,1.0,1.0	-0.011
0.044,0.015,0.026	0.027,0.052,0.047	-0.014
0.782,0.932,0.838	0.889,0.866,0.863	-0.022
0.944,0.89,0.958	0.898,0.897,0.992	0.002
0.573,0.853,0.672	0.681,0.753,0.741	-0.026
0.679,0.645,0.841	0.837,0.739,0.425	0.055
0.939,1.0,1.0	0.885,1.0,1.0	0.018
0.683,0.713,0.655	0.67,0.722,0.623	0.012
0.088,0.045,0.1	0.088,0.044,0.09	0.004
0.005,0.014,0.015	0.016,0.016,0.012	-0.003
0.192,0.215,0.214	0.247,0.241,0.219	-0.029
0.999,0.999,0.999	1.0,0.999,0.998	0.0
0.959,0.967,1.0	0.981,1.0,1.0	-0.018
1.0,NA,1.0	1.0,0.0,1.0	0.333
0.477,0.469,0.497	0.327,0.352,0.335	0.143
1.0,1.0,1.0	1.0,0.993,1.0	0.002
0.797,0.495,0.677	0.329,0.44,0.495	0.235
1.0,1.0,1.0	1.0,0.891,1.0	0.036
0.825,0.886,0.978	1.0,0.851,1.0	-0.054
0.493,0.67,0.677	0.626,0.775,0.683	-0.081
1.0,1.0,1.0	1.0,0.999,1.0	0.0
0.528,0.289,0.35	0.456,0.407,0.194	0.037
0.43,0.419,0.421	0.415,0.349,0.46	0.015
1.0,1.0,1.0	1.0,0.936,1.0	0.021
NA,0.649,0.188	0.0,0.481,0.209	0.189
1.0,1.0,1.0	1.0,1.0,0.911	0.03
0.041,0.032,0.032	0.033,0.053,0.027	-0.003
0.568,1.0,1.0	0.616,0.804,1.0	0.049
0.01,0.006,0.006	0.008,0.008,0.005	0.0
1.0,1.0,1.0	1.0,0.626,1.0	0.125
0.054,0.039,0.13	0.0,0.044,0.081	0.033
1.0,0.261,0.164	0.128,0.307,0.689	0.1
1.0,0.715,0.547	0.605,0.828,0.921	-0.031
0.941,0.946,0.943	0.845,0.854,0.833	0.099
0.988,0.992,0.995	0.982,0.974,0.985	0.011
0.863,0.894,0.936	0.912,0.87,0.933	-0.007
0.0,0.649,NA	0.0,0.0,0.0	0.325
0.064,0.044,0.056	0.036,0.051,0.038	0.013
0.004,0.006,0.008	0.002,0.0,0.0	0.005
0.089,0.026,0.067	0.088,0.159,0.0	-0.022
1.0,0.879,1.0	0.887,1.0,0.303	0.23
0.273,0.19,0.211	0.273,0.413,0.319	-0.11
0.875,0.936,0.869	1.0,0.886,0.927	-0.044
0.971,0.977,0.969	0.955,0.941,0.962	0.02
1.0,0.592,0.659	1.0,1.0,0.871	-0.207
0.739,0.453,0.492	0.629,0.585,0.659	-0.063
1.0,0.492,0.708	1.0,1.0,1.0	-0.267
0.968,1.0,1.0	0.986,0.987,0.985	0.003
1.0,0.862,0.831	0.932,0.987,0.957	-0.061
0.515,0.654,0.636	0.765,0.791,0.82	-0.19
NA,1.0,0.744	1.0,1.0,1.0	-0.128
1.0,0.833,1.0	1.0,0.755,0.688	0.13
0.635,0.308,0.472	0.302,0.285,0.45	0.126
0.103,0.29,0.205	0.356,0.452,0.451	-0.22
0.012,0.015,0.022	0.009,0.015,0.009	0.005
0.988,0.979,0.986	0.978,0.987,0.974	0.005
1.0,0.999,1.0	1.0,1.0,1.0	-0.0
0.904,0.871,0.871	0.776,0.825,0.837	0.069
1.0,0.963,0.943	0.839,0.933,0.928	0.069
0.035,0.044,0.032	0.028,0.03,0.035	0.006
1.0,1.0,1.0	1.0,0.746,0.697	0.186
0.744,0.749,0.702	0.657,0.612,0.728	0.066
0.375,0.53,0.473	0.615,0.495,0.506	-0.079
0.134,0.25,0.24	0.449,0.365,0.252	-0.147
0.01,0.007,0.016	0.022,0.016,0.015	-0.007
0.016,0.109,0.088	0.27,0.216,0.145	-0.139
0.267,0.197,0.123	0.128,0.173,0.086	0.067
0.86,0.794,0.813	0.844,0.73,0.904	-0.004
0.022,0.095,0.036	0.0,0.06,0.0	0.031
0.022,0.006,0.013	0.002,0.005,0.006	0.009
0.547,0.714,0.677	0.737,0.754,0.714	-0.089
0.562,0.771,0.325	0.419,0.243,0.074	0.307
1.0,0.559,0.876	0.835,0.559,0.603	0.146
1.0,0.976,1.0	1.0,1.0,0.97	0.002
0.249,0.167,0.118	0.536,0.37,0.386	-0.253
0.992,1.0,0.989	0.996,0.99,0.995	0.0
0.981,0.982,0.974	0.985,0.992,0.987	-0.009
0.918,0.924,0.843	0.71,0.822,0.773	0.127
1.0,1.0,0.866	1.0,1.0,1.0	-0.045
0.0,0.006,0.016	0.007,0.032,0.008	-0.008
0.308,0.279,0.287	0.426,0.19,0.401	-0.048
0.976,0.924,0.906	0.927,0.89,0.914	0.025
0.824,0.704,0.68	0.741,0.824,1.0	-0.119
0.04,0.028,0.031	0.058,0.057,0.051	-0.022
0.214,0.202,0.23	0.21,0.21,0.202	0.008
0.001,0.001,0.0	0.001,0.002,0.002	-0.001
0.967,1.0,0.977	0.949,0.964,0.973	0.019
1.0,0.972,0.975	0.932,0.983,0.989	0.014
1.0,0.938,0.968	1.0,1.0,0.958	-0.017
0.023,0.012,0.024	0.029,0.033,0.024	-0.009
1.0,1.0,0.944	0.965,0.965,1.0	0.005
1.0,0.959,0.916	0.945,0.971,0.959	0.0
0.971,1.0,0.986	1.0,1.0,0.98	-0.008
0.968,0.983,0.965	0.968,0.994,0.992	-0.013
NA,1.0,0.578	0.255,0.406,1.0	0.235
0.22,0.342,0.325	0.235,0.261,0.278	0.038
0.987,0.985,0.993	0.991,0.992,0.993	-0.004
1.0,1.0,0.998	0.993,0.995,0.999	0.004
0.993,1.0,0.992	0.997,1.0,1.0	-0.004
0.793,0.749,0.762	0.69,0.671,0.693	0.083
0.0,0.0,0.146	0.032,0.0,0.0	0.038
0.569,0.62,0.658	0.829,0.798,0.898	-0.226
1.0,0.959,1.0	1.0,1.0,1.0	-0.014
0.577,0.577,0.493	0.565,0.864,0.745	-0.176
0.976,0.761,0.86	0.859,0.874,0.899	-0.012
1.0,1.0,0.904	0.958,1.0,1.0	-0.018
0.871,0.899,0.813	0.863,0.848,0.848	0.008
0.599,0.714,1.0	0.72,0.633,0.561	0.133
0.782,0.409,0.901	0.836,0.776,0.88	-0.133
0.847,0.486,0.883	0.847,0.77,0.878	-0.093
1.0,1.0,0.471	0.834,0.776,0.888	-0.009
0.097,0.135,0.111	0.111,0.136,0.1	-0.001
0.039,0.03,0.06	0.078,0.044,0.071	-0.021
0.019,0.016,0.014	0.012,0.008,0.008	0.007
0.457,0.457,0.0	0.0,0.0,0.0	0.305
1.0,1.0,1.0	0.797,0.94,1.0	0.088
0.201,0.046,0.157	0.26,0.173,0.101	-0.043
0.953,0.966,0.99	0.938,0.896,0.94	0.045
0.039,0.034,0.038	0.111,0.065,0.089	-0.051
0.034,0.01,0.02	0.043,0.034,0.009	-0.007
0.886,0.643,0.574	0.329,0.461,0.508	0.268
1.0,0.711,1.0	1.0,0.929,0.818	-0.012
1.0,0.983,0.927	0.965,1.0,1.0	-0.018
0.84,0.923,0.884	0.943,0.965,0.934	-0.065
0.35,0.371,0.431	0.425,0.277,0.271	0.06
0.354,0.295,0.349	0.383,0.368,0.266	-0.006
0.982,0.936,0.926	0.928,0.911,0.945	0.02
0.918,0.944,0.922	0.824,0.706,0.772	0.161
0.747,0.823,0.719	0.662,0.427,0.368	0.277
0.605,0.703,0.369	0.684,0.674,0.58	-0.087
0.392,0.197,0.174	0.269,0.269,0.147	0.026
0.121,0.165,0.1	0.115,0.102,0.117	0.017
0.154,0.278,0.193	0.179,0.168,0.28	-0.001
0.112,0.065,0.081	0.023,0.037,0.025	0.058
0.222,0.34,0.38	0.261,0.177,0.164	0.113
0.749,1.0,1.0	1.0,1.0,1.0	-0.084
0.095,0.049,0.072	0.038,0.035,0.079	0.021
0.227,0.102,0.182	0.069,0.19,0.214	0.013
0.0,0.041,0.0	0.01,0.0,0.036	-0.002
1.0,0.888,0.941	0.777,1.0,1.0	0.017
0.901,0.818,0.903	0.797,0.761,0.927	0.046
0.912,0.947,0.984	0.869,0.86,0.868	0.082
0.721,0.782,0.807	0.736,0.736,0.681	0.052
0.708,0.588,0.549	0.472,0.5,0.546	0.109
0.209,0.2,0.21	0.218,0.24,0.186	-0.008
0.942,0.966,0.995	0.979,0.969,0.989	-0.011
0.707,0.701,0.715	0.935,0.772,0.899	-0.161
0.03,0.032,0.037	0.035,0.039,0.029	-0.001
0.569,0.479,0.523	0.331,0.395,0.319	0.175
0.012,0.0,0.0	0.054,0.019,0.018	-0.026
1.0,1.0,0.687	1.0,NA,0.719	0.036
1.0,0.876,0.85	0.739,0.549,0.554	0.295
0.013,0.027,0.096	0.019,0.046,0.016	0.018
NA,0.83,0.245	1.0,1.0,0.0	-0.129
0.358,0.778,0.898	0.811,0.762,0.493	-0.011
0.228,0.271,0.498	0.241,0.423,0.403	-0.023
0.002,0.002,0.003	0.002,0.002,0.001	0.001
0.944,1.0,0.838	1.0,0.955,0.909	-0.027
1.0,1.0,0.986	1.0,1.0,1.0	-0.005
1.0,0.97,0.962	0.987,1.0,1.0	-0.018
0.048,0.028,0.0	0.1,0.1,0.0	-0.041
0.674,0.762,0.656	0.687,0.668,0.708	0.01
0.261,0.164,0.189	0.265,0.439,0.382	-0.157
0.025,0.025,0.009	0.008,0.035,0.03	-0.005
0.0,0.038,0.224	0.069,0.0,NA	0.053
1.0,1.0,1.0	0.993,1.0,1.0	0.002
0.949,0.92,0.949	0.873,0.879,0.876	0.063
0.659,0.512,0.715	0.834,0.555,0.864	-0.122
0.928,1.0,1.0	1.0,1.0,1.0	-0.024
0.68,0.665,0.653	0.677,0.573,0.785	-0.012
0.592,0.379,0.615	0.557,0.651,0.657	-0.093
0.792,0.829,0.84	0.654,0.734,0.707	0.122
0.931,0.933,0.984	0.891,0.962,0.951	0.015
0.944,1.0,1.0	0.96,0.985,0.856	0.048
0.413,0.427,0.375	0.296,0.255,0.343	0.107
0.05,0.086,0.032	0.046,0.034,0.035	0.018
0.0,0.096,0.021	0.026,0.0,0.038	0.018
1.0,1.0,NA	1.0,0.0,NA	0.5
0.077,0.049,0.0	0.018,0.02,0.0	0.029
0.902,0.872,0.822	0.849,0.895,0.873	-0.007
0.999,1.0,1.0	0.999,1.0,0.998	0.001
0.9,1.0,0.961	0.958,0.971,0.935	-0.001
0.553,0.649,0.597	0.531,0.483,0.548	0.079
0.027,0.021,0.036	0.038,0.031,0.023	-0.003
0.386,0.611,0.618	0.684,0.863,0.86	-0.264
0.0,0.075,0.121	0.085,0.113,0.11	-0.037
0.108,0.124,0.188	0.329,0.19,0.199	-0.099
1.0,1.0,1.0	0.741,1.0,1.0	0.086
1.0,0.976,1.0	1.0,0.952,1.0	0.008
0.823,0.982,0.907	0.741,0.927,0.908	0.045
0.02,0.02,0.028	0.022,0.007,0.042	-0.001
0.332,0.187,0.254	0.26,0.199,0.212	0.034
0.053,0.032,0.109	0.0,0.024,0.015	0.052
0.205,0.17,0.192	0.134,0.202,0.177	0.018
0.422,0.456,0.277	0.597,0.519,0.532	-0.164
0.064,0.07,0.063	0.063,0.066,0.06	0.003
0.938,0.914,0.862	0.888,0.912,0.846	0.023
0.931,0.963,0.982	0.964,0.967,0.957	-0.004
0.0,0.009,0.01	0.021,0.011,0.019	-0.011
0.992,0.989,0.995	0.995,0.995,1.0	-0.005
1.0,1.0,0.995	1.0,1.0,1.0	-0.002
0.951,1.0,1.0	1.0,1.0,1.0	-0.016
0.472,0.505,0.5	0.424,0.48,0.497	0.025
1.0,0.972,1.0	0.973,1.0,1.0	-0.0
1.0,0.973,1.0	1.0,0.913,0.93	0.043
0.932,1.0,1.0	1.0,1.0,1.0	-0.023
0.0,0.0,0.122	0.198,0.118,0.034	-0.076
0.898,1.0,1.0	1.0,1.0,1.0	-0.034
0.881,1.0,0.934	0.959,0.93,0.908	0.006
0.049,0.111,0.253	0.247,0.205,0.237	-0.092
0.097,0.088,0.076	0.0,0.0,0.028	0.078
0.907,0.949,0.969	0.964,0.984,0.934	-0.019
0.158,0.094,0.0	0.319,0.522,0.19	-0.26
1.0,1.0,1.0	1.0,1.0,0.829	0.057
0.0,0.022,0.056	0.03,0.04,0.03	-0.007
0.102,0.038,0.062	0.051,0.053,0.039	0.02
0.964,0.99,0.992	0.986,0.957,0.951	0.017
0.053,0.053,0.055	0.081,0.007,0.069	0.001
0.0,0.0,0.045	0.01,0.019,0.006	0.003
0.984,0.979,0.975	0.989,0.989,1.0	-0.013
0.356,0.427,0.401	0.753,0.646,0.675	-0.297
0.005,0.0,0.01	0.009,0.009,0.004	-0.002
0.815,0.914,0.953	0.722,0.759,0.674	0.176
0.201,0.214,0.236	0.393,0.36,0.261	-0.121
0.152,0.223,0.247	0.168,0.168,0.127	0.053
0.795,0.758,0.799	0.846,0.677,0.686	0.048
0.975,0.914,0.931	0.941,0.909,0.905	0.022
0.33,0.19,0.279	0.302,0.347,0.299	-0.05
1.0,0.639,0.559	1.0,0.869,0.816	-0.162
0.025,0.008,0.023	0.028,0.027,0.026	-0.008
0.332,0.869,0.849	1.0,0.811,1.0	-0.254
1.0,1.0,1.0	1.0,0.993,0.992	0.005
1.0,1.0,1.0	0.988,1.0,1.0	0.004
0.0,0.004,0.005	0.0,0.014,0.013	-0.006
0.982,1.0,0.979	0.964,0.981,0.948	0.023
0.632,0.575,0.525	0.69,0.682,0.644	-0.095
0.913,0.84,0.708	0.811,0.829,0.772	0.016
0.476,0.553,0.359	0.471,0.409,0.829	-0.107
0.459,0.587,0.346	0.476,0.556,0.421	-0.02
0.478,0.571,0.464	0.52,0.634,0.276	0.028
0.0,0.007,0.013	0.016,0.007,0.006	-0.003
0.058,0.124,0.082	0.096,0.106,0.106	-0.015
0.727,0.928,0.689	0.958,0.972,0.883	-0.156
0.0,0.013,0.0	0.0,0.0,0.0	0.004
0.937,1.0,1.0	0.816,1.0,1.0	0.04
0.774,1.0,1.0	0.424,1.0,1.0	0.117
0.782,0.75,0.816	0.748,0.8,0.71	0.03
0.425,0.521,0.548	0.442,0.698,0.546	-0.064
0.171,0.26,0.207	0.164,0.366,0.32	-0.071
1.0,1.0,0.999	1.0,0.999,1.0	0.0
0.567,0.577,0.612	0.662,0.539,0.643	-0.029
0.0,0.0,0.481	0.481,0.0,0.27	-0.09
0.0,0.0,0.119	0.196,0.018,0.067	-0.054
0.133,0.032,0.127	0.207,0.056,0.133	-0.035
0.647,0.659,0.651	0.599,0.638,0.684	0.012
1.0,0.997,0.999	1.0,1.0,1.0	-0.001
0.011,0.027,0.023	0.055,0.047,0.036	-0.026
0.992,1.0,1.0	1.0,1.0,1.0	-0.003
0.981,0.994,1.0	0.989,1.0,1.0	-0.005
1.0,1.0,1.0	0.996,1.0,1.0	0.001
0.0,0.017,0.0	0.0,0.0,0.0	0.006
0.0,0.0,0.284	0.185,0.0,0.0	0.033
0.839,0.787,0.798	0.863,0.834,0.88	-0.051
1.0,0.849,1.0	0.912,0.918,0.894	0.042
0.064,0.073,0.048	0.071,0.053,0.045	0.005
0.973,0.949,0.791	0.919,0.938,0.881	-0.008
0.997,1.0,0.999	0.999,0.999,1.0	-0.001
0.447,0.518,0.474	0.423,0.335,0.419	0.087
0.109,0.069,0.147	0.33,0.177,0.143	-0.108
0.553,0.503,0.537	0.363,0.377,0.455	0.133
1.0,1.0,0.995	1.0,1.0,1.0	-0.002
0.976,0.946,0.961	0.948,0.953,0.984	-0.001
0.44,0.584,0.529	0.555,0.575,0.574	-0.05
0.0,0.038,0.023	0.031,0.0,0.0	0.01
0.57,0.789,0.856	0.457,0.609,0.431	0.239
0.963,0.973,0.971	0.958,0.99,1.0	-0.014
0.298,0.197,0.185	0.104,0.055,0.245	0.092
1.0,1.0,1.0	0.648,0.734,NA	0.309
0.463,0.177,0.633	0.0,0.02,0.0	0.418
0.985,0.989,0.961	0.992,0.99,1.0	-0.016
0.0,0.0,0.0	0.151,0.184,0.296	-0.21
0.67,0.555,0.301	0.407,0.46,0.524	0.045
0.211,0.298,0.236	0.165,0.171,0.244	0.055
NA,1.0,0.0	1.0,NA,1.0	-0.5
0.367,0.367,0.733	0.575,0.727,0.409	-0.081
0.989,0.953,0.971	0.972,0.981,0.967	-0.002
0.784,0.686,0.855	0.63,0.329,0.548	0.273
0.888,0.865,0.77	0.848,0.861,0.922	-0.036
1.0,0.962,1.0	1.0,1.0,1.0	-0.013
0.926,1.0,0.989	0.991,0.985,0.951	-0.004
0.0,0.482,1.0	1.0,1.0,1.0	-0.506
0.987,0.981,0.989	0.984,0.994,0.991	-0.004
0.027,0.026,0.096	0.197,0.103,0.103	-0.085
1.0,0.0,NA	1.0,0.831,1.0	-0.444
0.0,NA,0.0	0.164,0.495,0.495	-0.385
0.342,0.296,0.382	0.442,0.417,0.339	-0.059
0.495,0.329,1.0	0.495,0.0,NA	0.36
0.246,0.551,0.197	0.292,0.303,0.311	0.029
0.597,0.365,0.461	0.414,0.384,0.434	0.064
0.845,0.891,0.845	0.784,0.732,0.548	0.172
0.222,0.161,0.141	0.268,0.252,0.244	-0.08
1.0,1.0,0.797	0.662,0.595,1.0	0.18
0.141,0.413,0.568	0.208,0.664,0.798	-0.183
0.436,0.38,0.457	0.359,0.344,0.49	0.027
0.654,1.0,0.694	0.79,0.44,NA	0.168
0.0,0.71,0.219	0.197,0.098,NA	0.162
1.0,1.0,1.0	0.956,1.0,1.0	0.015
0.086,0.081,0.07	0.295,0.224,0.288	-0.19
1.0,0.99,0.991	1.0,1.0,1.0	-0.006
0.084,0.033,0.121	0.08,0.049,0.045	0.021
0.035,0.0,0.01	0.0,0.023,0.102	-0.027
1.0,1.0,0.984	1.0,0.96,0.972	0.017
1.0,1.0,0.924	1.0,1.0,0.965	-0.014
0.716,1.0,0.387	0.771,0.584,0.835	-0.029
0.0,0.092,0.0	0.04,0.02,0.056	-0.008
0.146,0.049,0.12	0.172,0.149,0.048	-0.018
0.517,0.637,0.754	0.809,0.467,0.909	-0.092
1.0,0.982,1.0	0.971,0.992,1.0	0.006
0.003,0.011,0.002	0.002,0.01,0.009	-0.002
0.973,1.0,1.0	1.0,1.0,1.0	-0.009
0.85,0.88,0.823	0.815,0.86,0.796	0.027
0.037,0.054,0.044	0.052,0.049,0.075	-0.014
0.154,0.228,0.151	0.261,0.142,0.171	-0.014
0.882,1.0,0.651	0.717,0.608,0.561	0.216
0.696,0.615,0.564	0.605,0.643,0.661	-0.011
0.801,0.563,0.576	0.483,0.439,0.49	0.176
0.811,0.797,0.909	0.708,0.631,0.588	0.197
0.107,0.0,0.077	0.071,0.213,0.0	-0.033
0.0,0.032,0.02	0.023,0.081,0.038	-0.03
0.713,0.477,0.372	0.734,0.542,0.914	-0.209
0.886,0.989,1.0	0.98,0.978,1.0	-0.028
0.996,0.998,0.997	0.998,0.996,0.998	-0.0
0.598,0.648,0.608	0.608,0.748,0.507	-0.003
1.0,0.982,1.0	1.0,1.0,1.0	-0.006
0.014,0.038,0.031	0.049,0.0,0.05	-0.005
0.0,0.032,0.0	0.02,0.0,0.0	0.004
0.02,0.094,0.04	0.117,0.089,0.11	-0.054
1.0,0.947,1.0	1.0,0.897,0.882	0.056
0.634,0.821,0.679	0.632,0.705,0.816	-0.006
NA,0.149,0.0	NA,NA,0.513	-0.439
NA,0.33,0.0	1.0,NA,0.33	-0.5
NA,1.0,NA	1.0,NA,0.238	0.381
0.198,0.266,0.232	0.207,0.27,0.245	-0.009
0.03,0.019,0.029	0.032,0.044,0.027	-0.008
0.11,0.0,0.413	0.26,0.26,0.149	-0.049
0.757,0.624,0.882	0.849,0.89,0.849	-0.108
0.0,1.0,NA	0.0,NA,NA	0.5
0.0,NA,NA	0.0,0.314,NA	-0.157
0.921,0.973,0.914	0.885,0.818,0.931	0.058
0.951,0.963,0.931	0.827,0.88,0.92	0.073
1.0,0.997,1.0	0.998,0.996,0.997	0.002
0.495,0.269,0.24	0.34,0.112,0.151	0.134
0.972,0.979,0.985	0.99,0.993,0.984	-0.01
0.798,0.939,0.811	0.947,0.945,1.0	-0.115
0.0,0.201,0.085	0.37,0.144,0.081	-0.103
0.0,NA,NA	1.0,0.794,0.574	-0.789
0.0,NA,NA	1.0,0.0,0.208	-0.403
0.811,0.752,0.876	0.904,0.779,1.0	-0.081
0.244,0.138,0.079	0.102,0.124,0.081	0.051
0.145,0.208,0.107	0.232,0.201,0.229	-0.067
0.355,0.667,0.637	0.855,0.725,0.933	-0.285
0.348,0.556,0.62	0.376,0.6,0.558	-0.003
0.231,0.442,0.603	0.42,0.632,0.426	-0.067
0.344,0.363,0.479	0.546,0.546,0.361	-0.089
1.0,1.0,1.0	0.992,1.0,1.0	0.003
0.45,0.319,0.214	0.247,0.29,0.125	0.107
0.046,0.147,0.0	0.027,0.038,0.147	-0.006
0.935,1.0,0.877	0.964,0.974,0.947	-0.024
1.0,1.0,1.0	1.0,1.0,0.948	0.017
0.0,0.0,NA	0.0,0.067,0.224	-0.097
0.011,0.006,0.011	0.008,0.007,0.005	0.003
0.047,0.034,0.024	0.014,0.023,0.033	0.012
1.0,1.0,0.981	1.0,0.98,1.0	0.0
0.006,0.013,0.006	0.016,0.009,0.008	-0.003
0.753,0.82,0.736	0.579,0.631,0.658	0.147
1.0,1.0,0.684	0.839,1.0,1.0	-0.052
1.0,0.983,1.0	1.0,1.0,1.0	-0.006
0.073,0.118,0.091	0.114,0.059,0.106	0.001
0.343,0.197,0.392	0.253,0.289,0.211	0.06
0.851,0.947,0.828	0.912,0.869,0.837	0.003
0.005,0.033,0.004	0.022,0.008,0.018	-0.002
0.749,0.881,0.702	0.738,0.683,0.642	0.09
0.335,0.903,0.599	0.565,0.715,0.668	-0.037
0.525,0.95,0.733	0.671,0.775,0.721	0.014
0.083,0.255,0.217	0.248,0.205,0.15	-0.016
0.048,0.033,0.027	0.013,0.023,0.026	0.015
0.0,0.215,0.266	0.073,0.0,0.418	-0.003
0.375,0.392,0.424	0.327,0.232,0.332	0.1
0.985,1.0,0.994	0.993,0.995,0.988	0.001
0.0,0.016,0.067	0.054,0.0,0.09	-0.02
1.0,0.922,0.9	0.871,1.0,1.0	-0.016
0.309,0.35,0.305	0.24,0.24,0.229	0.085
0.819,0.856,0.916	0.737,0.881,0.772	0.067
0.448,0.615,0.576	0.409,0.478,0.435	0.106
0.0,0.0,0.0	0.014,0.0,0.015	-0.01
1.0,1.0,1.0	0.99,1.0,1.0	0.003
1.0,1.0,1.0	1.0,0.928,0.92	0.051
0.887,0.756,0.714	0.847,0.686,0.831	-0.002
0.424,0.266,0.288	0.263,0.45,0.197	0.023
0.314,0.314,0.478	1.0,0.753,0.865	-0.504
0.817,0.833,0.857	0.824,0.833,0.825	0.008
0.058,0.085,0.065	0.104,0.127,0.065	-0.029
1.0,0.991,1.0	0.997,0.995,0.989	0.003
1.0,1.0,1.0	1.0,0.985,1.0	0.005
0.151,0.05,0.082	0.0,0.06,0.0	0.074
1.0,1.0,1.0	0.963,0.959,1.0	0.026
0.143,0.061,0.0	0.032,0.0,0.0	0.057
1.0,1.0,1.0	1.0,1.0,0.981	0.006
1.0,0.69,1.0	0.939,0.782,0.819	0.05
0.0,0.0,0.001	0.002,0.001,0.001	-0.001
0.791,0.986,0.963	0.921,0.924,0.891	0.001
1.0,0.98,0.977	1.0,1.0,0.969	-0.004
0.369,0.637,0.358	0.503,0.446,0.369	0.015
0.827,0.819,0.828	0.729,0.712,0.788	0.082
1.0,1.0,1.0	1.0,1.0,0.984	0.005
1.0,1.0,1.0	0.978,1.0,0.979	0.014
0.866,0.914,0.911	0.881,0.872,0.904	0.011
0.769,0.758,0.842	0.713,0.814,0.806	0.012
0.782,0.688,0.621	0.769,0.781,0.714	-0.058
1.0,0.951,0.867	0.893,1.0,0.848	0.026
0.057,0.099,0.0	0.032,0.075,0.13	-0.027
0.0,1.0,NA	0.0,0.0,1.0	0.167
0.977,0.983,0.982	0.981,0.98,0.979	0.001
0.094,0.186,0.085	0.062,0.09,0.237	-0.008
0.926,1.0,0.9	0.918,0.919,0.821	0.056
0.332,0.362,0.316	0.228,0.311,0.293	0.059
0.934,0.894,0.905	0.911,0.935,0.906	-0.006
0.57,0.568,0.541	0.353,0.385,0.148	0.264
0.0,0.395,0.598	0.0,0.528,0.427	0.013
0.004,0.009,0.003	0.006,0.007,0.0	0.001
1.0,0.883,0.926	0.985,0.955,0.942	-0.024
NA,0.0,NA	1.0,NA,NA	-1.0
1.0,0.905,1.0	1.0,1.0,1.0	-0.032
0.133,0.077,0.084	0.0,0.0,0.0	0.098
1.0,1.0,0.996	1.0,0.998,1.0	-0.001
0.978,0.942,0.929	0.912,0.942,0.937	0.019
0.0,0.039,0.0	0.037,0.043,0.0	-0.014
1.0,0.981,0.852	0.957,0.977,1.0	-0.034
1.0,1.0,1.0	0.989,1.0,1.0	0.004
1.0,0.514,0.346	1.0,0.841,0.649	-0.21
1.0,1.0,1.0	1.0,1.0,0.994	0.002
0.998,1.0,0.999	1.0,0.999,0.999	-0.0
0.783,0.779,0.79	0.854,0.805,0.836	-0.048
1.0,0.677,0.583	1.0,0.583,0.71	-0.011
0.924,0.856,0.886	0.897,0.879,0.888	0.001
0.112,0.212,0.19	0.256,0.288,0.231	-0.087
0.485,0.239,0.519	0.32,0.212,0.485	0.075
1.0,0.872,1.0	0.951,1.0,0.952	-0.01
0.0,0.706,0.428	0.08,0.0,0.574	0.16
0.008,0.024,0.05	0.057,0.016,0.016	-0.002
1.0,1.0,1.0	1.0,1.0,1.0	0.0
1.0,1.0,1.0	1.0,1.0,1.0	0.0
0.989,0.997,0.994	0.997,0.994,1.0	-0.004
0.0,NA,0.0	0.182,0.0,0.0	-0.061
0.013,0.023,0.026	0.01,0.0,0.0	0.017
0.0,0.322,NA	0.655,1.0,0.826	-0.666
0.363,0.695,1.0	0.851,1.0,0.82	-0.204
1.0,1.0,1.0	1.0,0.841,0.508	0.217
0.849,0.887,0.866	0.937,0.945,0.946	-0.075
0.993,1.0,1.0	1.0,1.0,1.0	-0.002
0.968,0.964,0.948	0.982,0.973,0.986	-0.02
0.599,0.49,0.44	0.743,0.62,0.76	-0.198
0.629,0.361,1.0	0.297,0.22,0.629	0.281
0.0,0.012,0.0	0.04,0.018,0.0	-0.015
1.0,1.0,1.0	1.0,1.0,0.94	0.02
1.0,0.0,1.0	1.0,0.236,0.0	0.255
0.998,0.999,0.999	1.0,1.0,0.999	-0.001
0.0,0.288,0.295	0.208,0.369,0.327	-0.107
0.0,0.0,0.0	0.14,0.0,0.0	-0.047
0.994,1.0,1.0	0.998,0.992,0.991	0.004
0.662,0.56,0.388	0.518,0.434,0.715	-0.019
1.0,1.0,0.948	1.0,1.0,1.0	-0.017
0.996,0.996,0.995	0.996,0.99,0.991	0.003
0.023,0.028,0.04	0.0,0.0,0.064	0.009
0.0,0.055,0.0	0.0,0.039,0.071	-0.018
0.0,0.0,0.044	0.048,0.033,0.008	-0.015
0.365,0.419,0.522	0.459,0.318,0.323	0.069
0.006,0.005,0.006	0.007,0.01,0.007	-0.002
1.0,1.0,1.0	1.0,0.994,1.0	0.002
0.995,0.97,0.991	0.992,0.996,1.0	-0.011
1.0,1.0,0.985	0.978,0.942,1.0	0.022
0.0,0.0,NA	0.452,NA,NA	-0.452
0.113,0.215,0.183	0.128,0.269,0.221	-0.036
0.98,0.972,0.972	0.97,0.983,0.988	-0.006
0.517,0.329,0.5	0.296,0.383,0.447	0.073
1.0,1.0,0.984	1.0,0.987,1.0	-0.001
0.0,0.0,0.0	0.025,0.0,0.0	-0.008
0.967,0.984,0.97	1.0,1.0,1.0	-0.026
0.916,0.769,0.714	0.794,0.883,0.809	-0.029
0.809,0.831,0.743	0.833,0.875,0.815	-0.047
0.301,0.258,0.279	0.262,0.291,0.329	-0.015
0.696,0.564,0.573	0.618,0.619,0.627	-0.01
0.333,0.406,0.489	0.578,0.514,0.608	-0.157
0.721,0.421,0.744	0.544,0.648,0.35	0.115
1.0,1.0,0.795	0.744,1.0,0.914	0.046
0.222,0.255,0.17	0.222,0.275,0.0	0.05
0.198,0.294,0.258	0.275,0.271,0.268	-0.021
0.542,0.316,NA	1.0,0.316,0.283	-0.104
0.833,0.955,0.726	0.861,0.718,0.876	0.02
1.0,0.942,0.741	0.832,0.916,1.0	-0.022
0.0,0.052,0.17	0.233,0.415,0.203	-0.21
0.813,0.749,0.727	0.764,0.726,0.844	-0.015
0.955,0.918,0.901	0.925,0.903,0.917	0.01
1.0,1.0,1.0	1.0,0.598,0.817	0.195
0.999,1.0,0.999	1.0,1.0,1.0	-0.001
0.004,0.007,0.014	0.01,0.01,0.01	-0.002
0.0,0.002,0.0	0.0,0.002,0.004	-0.001
0.056,0.097,0.065	0.06,0.054,0.088	0.005
0.672,0.624,0.442	0.472,0.482,0.464	0.107
1.0,0.979,0.996	0.996,1.0,1.0	-0.007
0.276,0.3,0.125	0.235,0.277,0.173	0.005
0.034,0.01,0.011	0.013,0.016,0.008	0.006
1.0,1.0,1.0	0.467,1.0,NA	0.266
1.0,1.0,1.0	0.97,1.0,1.0	0.01
0.62,0.554,0.592	0.586,0.496,0.448	0.079
0.571,0.476,0.532	0.522,0.377,0.555	0.042
0.001,0.003,0.0	0.001,0.003,0.002	-0.001
0.89,0.887,0.917	0.925,0.85,0.82	0.033
0.016,0.013,0.0	0.01,0.009,0.014	-0.001
1.0,0.472,NA	1.0,1.0,1.0	-0.264
0.093,0.092,0.073	0.095,0.129,0.078	-0.015
0.003,0.002,0.001	0.001,0.003,0.002	0.0
0.909,0.762,0.928	0.678,0.776,0.624	0.174
0.225,0.353,0.308	0.263,0.141,0.092	0.13
0.431,0.332,0.455	0.363,0.263,0.228	0.121
0.105,0.085,0.14	0.085,0.12,0.085	0.013
0.821,0.846,0.913	0.723,0.694,0.922	0.08
0.122,0.04,0.111	0.217,0.0,0.294	-0.079
1.0,0.821,0.495	0.746,0.815,0.927	-0.057
0.438,0.503,0.516	0.689,0.732,0.598	-0.187
0.02,0.023,0.031	0.025,0.028,0.04	-0.006
0.744,0.717,0.84	0.667,0.899,0.749	-0.005
1.0,1.0,1.0	1.0,1.0,0.716	0.095
0.429,0.208,0.121	0.174,0.026,0.208	0.117
0.0,0.008,0.015	0.0,0.0,0.021	0.001
0.912,0.876,0.757	0.887,0.744,0.891	0.008
1.0,1.0,1.0	0.957,1.0,1.0	0.014
0.634,0.574,0.475	0.64,0.698,0.559	-0.071
0.246,0.191,0.026	0.041,0.227,0.376	-0.06
0.105,0.156,0.169	0.154,0.133,0.123	0.007
0.577,0.611,0.573	0.595,0.63,0.627	-0.03
0.54,0.567,0.53	0.449,0.389,0.409	0.13
0.493,0.384,0.524	0.581,0.37,0.493	-0.014
0.987,0.972,0.989	0.962,0.975,0.974	0.012
1.0,1.0,0.841	0.812,1.0,0.49	0.18
0.926,1.0,0.987	0.935,0.96,0.938	0.027
1.0,1.0,1.0	1.0,0.977,0.982	0.014
1.0,1.0,1.0	0.998,0.994,1.0	0.003
0.651,0.259,0.0	0.164,0.0,0.383	0.121
NA,NA,0.0	0.246,NA,NA	-0.246
0.578,1.0,0.762	0.39,0.94,0.681	0.11
1.0,1.0,0.944	0.978,1.0,0.902	0.021
0.0,0.0,0.023	0.0,0.1,0.0	-0.026
1.0,0.656,0.873	0.894,1.0,0.687	-0.017
0.014,0.018,0.027	0.022,0.021,0.033	-0.006
0.012,0.021,0.028	0.019,0.021,0.033	-0.004
0.003,0.0,0.008	0.005,0.008,0.006	-0.003
0.047,0.023,0.041	0.031,0.028,0.033	0.006
0.227,0.412,0.806	0.0,0.0,0.0	0.482
1.0,1.0,NA	NA,1.0,0.0	0.5
0.055,0.013,0.0	0.0,0.0,0.0	0.023
0.0,1.0,0.0	0.155,0.315,1.0	-0.157
0.016,0.017,0.01	0.02,0.009,0.035	-0.007
1.0,1.0,1.0	1.0,1.0,0.994	0.002
0.941,0.994,0.975	0.986,0.995,0.973	-0.015
0.308,0.344,0.418	0.293,0.36,0.324	0.031
1.0,0.295,1.0	0.834,1.0,1.0	-0.18
0.907,0.662,0.586	0.946,0.806,0.509	-0.035
0.326,0.471,0.207	0.422,0.383,0.509	-0.103
0.979,1.0,0.971	1.0,0.983,1.0	-0.011
0.982,0.944,0.942	0.863,0.937,0.927	0.047
1.0,0.779,0.746	0.789,0.789,0.595	0.117
0.322,0.234,0.217	0.284,0.24,0.231	0.006
0.92,0.892,0.952	1.0,0.932,1.0	-0.056
0.0,0.149,0.0	0.0,0.07,0.063	0.005
1.0,0.967,0.905	0.962,1.0,1.0	-0.03
0.903,0.792,0.813	0.876,0.943,0.937	-0.083
0.037,0.161,0.086	0.116,0.117,0.242	-0.064
1.0,1.0,0.981	1.0,1.0,1.0	-0.006
1.0,0.81,1.0	1.0,1.0,1.0	-0.063
0.21,0.179,0.163	0.17,0.203,0.159	0.007
0.0,0.0,0.129	1.0,NA,1.0	-0.957
0.874,0.941,0.944	0.985,0.977,0.846	-0.016
0.025,0.034,0.014	0.042,0.03,0.015	-0.005
0.779,0.781,0.756	0.757,0.775,0.766	0.006
0.056,0.174,0.147	0.206,0.112,0.219	-0.053
0.855,0.93,0.935	0.874,0.853,0.906	0.029
0.088,0.033,0.031	0.082,0.053,0.043	-0.009
0.875,0.969,1.0	1.0,1.0,0.847	-0.001
0.776,0.781,0.771	0.912,0.913,0.892	-0.13
0.961,1.0,1.0	1.0,1.0,1.0	-0.013
1.0,1.0,1.0	0.983,1.0,1.0	0.006
1.0,1.0,1.0	0.952,1.0,1.0	0.016
0.616,0.673,0.773	0.899,0.643,0.868	-0.116
0.197,0.17,0.197	0.253,0.219,0.226	-0.045
1.0,1.0,1.0	1.0,0.969,1.0	0.01
0.79,0.658,0.649	0.69,0.705,0.672	0.01
0.562,0.449,0.443	0.49,0.434,0.304	0.075
0.169,0.176,0.209	0.32,0.379,0.456	-0.2
0.127,0.085,0.081	0.102,0.101,0.09	0.0
0.495,0.746,0.495	0.595,0.567,0.0	0.191
1.0,1.0,1.0	1.0,1.0,0.986	0.005
1.0,0.958,0.989	0.961,1.0,0.988	-0.001
0.948,0.938,0.927	0.875,0.925,0.941	0.024
0.717,0.606,0.69	0.563,0.616,0.592	0.081
0.62,0.495,0.915	0.551,0.595,0.733	0.05
0.038,0.051,0.114	0.269,0.121,0.109	-0.099
0.883,0.968,0.942	0.949,0.934,0.945	-0.012
0.219,0.179,0.479	0.395,0.227,0.164	0.03
1.0,1.0,1.0	1.0,0.981,1.0	0.006
0.702,1.0,0.782	0.731,0.968,0.758	0.009
0.042,0.031,0.055	0.063,0.031,0.044	-0.003
0.116,0.085,0.142	0.187,0.131,0.267	-0.081
0.746,0.838,0.977	0.748,0.841,0.715	0.086
1.0,0.998,0.988	0.992,0.987,1.0	0.002
0.0,0.129,0.129	0.1,0.0,0.086	0.024
0.171,0.065,0.098	0.172,0.108,0.155	-0.034
0.307,0.399,0.47	0.307,0.333,0.195	0.114
0.509,0.784,0.644	0.625,0.654,0.52	0.046
0.073,0.031,0.026	0.157,0.0,0.0	-0.009
0.137,0.118,0.157	0.105,0.203,0.133	-0.01
0.946,0.859,0.964	0.895,0.843,0.779	0.084
0.903,0.972,0.967	0.964,1.0,0.885	-0.002
0.612,0.651,0.628	0.564,0.612,0.602	0.038
1.0,1.0,1.0	1.0,0.995,1.0	0.002
0.862,0.921,0.919	0.918,0.903,0.931	-0.017
0.632,0.573,0.609	0.475,0.537,0.509	0.098
0.697,0.834,0.932	0.852,0.827,0.864	-0.027
0.02,0.059,0.013	0.035,0.037,0.055	-0.012
0.685,0.71,0.662	0.782,0.729,0.746	-0.067
0.293,0.271,0.305	0.243,0.318,0.308	0.0
1.0,1.0,1.0	1.0,1.0,0.99	0.003
0.952,0.986,0.987	0.945,1.0,1.0	-0.007
0.876,0.768,0.831	0.816,0.755,0.709	0.065
0.704,0.654,0.733	0.738,0.601,0.56	0.064
0.092,0.238,0.27	0.286,0.178,0.224	-0.029
0.567,0.607,0.536	0.581,0.535,0.529	0.022
0.014,0.008,0.0	0.0,0.014,0.021	-0.004
0.806,0.789,0.826	0.73,0.775,0.769	0.049
0.445,0.44,0.651	0.424,0.367,0.475	0.09
0.164,0.0,0.098	0.395,0.0,0.151	-0.095
0.246,0.495,0.495	1.0,0.0,1.0	-0.255
0.191,0.576,0.582	0.709,0.842,0.925	-0.376
1.0,0.0,0.034	0.141,0.0,0.124	0.256
0.905,0.884,0.882	0.951,0.928,0.951	-0.053
0.482,0.651,0.189	0.62,0.482,0.352	-0.044
0.126,0.033,0.034	0.174,0.123,0.065	-0.056
1.0,1.0,1.0	1.0,1.0,0.915	0.028
0.135,0.179,0.192	0.176,0.246,0.215	-0.044
0.024,0.03,0.055	0.022,0.024,0.035	0.009
0.234,0.473,0.164	0.46,0.282,0.384	-0.085
0.207,0.214,0.246	0.191,0.286,0.165	0.008
0.995,0.998,1.0	1.0,0.994,1.0	-0.0
0.0,0.0,NA	1.0,NA,NA	-1.0
0.939,0.878,0.942	0.885,0.883,0.917	0.025
0.102,0.051,0.028	0.016,0.093,0.028	0.015
0.636,0.581,0.608	0.546,0.52,0.575	0.061
0.002,0.003,0.004	0.001,0.002,0.001	0.002
0.642,0.672,0.777	0.565,0.766,0.767	-0.002
1.0,1.0,0.754	1.0,0.942,1.0	-0.063
0.331,0.392,0.326	0.532,0.527,0.554	-0.188
0.674,0.78,0.831	0.771,0.861,0.878	-0.075
1.0,1.0,1.0	1.0,1.0,0.986	0.005
0.98,0.984,0.985	0.983,0.992,0.984	-0.003
1.0,1.0,1.0	1.0,0.829,NA	0.086
0.712,0.587,0.644	0.74,0.655,0.913	-0.122
1.0,0.654,0.814	0.689,0.304,0.402	0.358
1.0,0.811,0.921	0.879,0.658,0.706	0.163
0.915,1.0,1.0	1.0,1.0,0.861	0.018
0.0,0.142,0.035	0.0,0.063,0.0	0.038
0.034,0.022,0.046	0.056,0.066,0.047	-0.022
0.745,0.955,0.762	0.968,0.906,0.828	-0.08
0.118,0.134,0.105	0.073,0.084,0.097	0.034
1.0,1.0,1.0	1.0,1.0,1.0	0.0
0.0,0.069,0.043	0.03,0.131,0.076	-0.042
0.956,0.96,0.964	0.935,0.931,0.962	0.017
0.959,0.95,0.961	0.926,0.949,0.951	0.015
0.122,0.079,0.028	0.117,0.167,0.168	-0.074
0.472,0.544,0.434	0.689,0.573,0.498	-0.103
1.0,0.981,1.0	1.0,1.0,1.0	-0.006
0.413,0.586,0.568	0.545,0.518,0.524	-0.007
0.856,0.924,0.939	0.941,0.86,0.824	0.031
1.0,0.995,1.0	1.0,1.0,1.0	-0.002
0.653,0.808,0.801	0.772,0.731,0.734	0.008
1.0,0.991,1.0	1.0,1.0,1.0	-0.003
0.601,0.751,0.747	0.708,0.685,0.699	0.002
0.469,0.654,0.659	0.668,0.612,0.602	-0.033
0.903,0.98,0.942	0.944,0.914,0.979	-0.004
0.146,0.154,0.119	0.344,0.138,0.236	-0.1
0.047,0.057,0.042	0.053,0.058,0.053	-0.006
0.807,0.841,0.941	0.895,0.907,1.0	-0.071
1.0,1.0,1.0	1.0,0.995,1.0	0.002
0.0,0.076,0.0	0.0,0.0,0.057	0.006
1.0,1.0,0.976	1.0,1.0,0.905	0.024
1.0,1.0,0.975	1.0,0.996,0.996	-0.006
1.0,1.0,1.0	1.0,0.989,1.0	0.004
0.99,0.989,0.983	0.967,0.981,0.994	0.007
0.12,0.051,0.176	0.106,0.037,0.047	0.052
0.731,0.708,0.692	0.449,0.491,0.476	0.238
0.527,0.377,0.409	0.403,0.356,0.409	0.048
0.998,0.996,0.997	0.996,0.989,1.0	0.002
0.998,0.988,0.995	0.998,1.0,0.984	-0.0
1.0,0.98,1.0	1.0,1.0,1.0	-0.007
0.082,0.025,0.05	0.039,0.0,0.203	-0.028
0.096,0.053,0.297	0.05,0.096,0.559	-0.086
0.523,0.665,0.807	0.677,0.578,0.551	0.063
0.98,1.0,0.976	1.0,1.0,0.99	-0.011
0.005,0.012,0.018	0.004,0.012,0.002	0.006
0.0,0.0,0.018	0.0,0.0,0.0	0.006
1.0,1.0,1.0	0.925,1.0,1.0	0.025
1.0,1.0,1.0	0.973,0.919,0.986	0.041
0.221,0.254,0.46	NA,0.299,1.0	-0.338
0.58,0.72,0.778	0.724,0.269,0.498	0.196
0.029,0.005,0.0	0.008,0.01,0.019	-0.001
0.792,0.843,0.829	0.851,0.863,0.861	-0.037
0.877,0.831,0.935	0.682,0.718,0.739	0.168
0.002,0.001,0.0	0.0,0.001,0.0	0.001
0.256,0.343,0.308	0.285,0.14,0.283	0.066
0.0,0.004,0.028	0.048,0.038,0.086	-0.047
0.16,0.188,0.177	0.105,0.132,0.118	0.057
0.966,0.907,0.944	0.969,0.925,0.912	0.004
0.884,0.836,0.886	0.903,0.939,0.845	-0.027
0.0,0.006,0.0	0.005,0.003,0.0	-0.001
0.838,0.969,0.892	0.946,0.94,0.562	0.084
0.971,1.0,1.0	1.0,1.0,1.0	-0.01
0.556,0.518,0.495	0.715,0.648,0.67	-0.155
0.0,NA,NA	0.408,1.0,0.0	-0.469
0.315,0.0,NA	NA,1.0,1.0	-0.843
0.076,0.121,0.123	0.05,0.096,0.063	0.037
0.925,0.977,0.981	0.945,0.964,0.962	0.004
0.985,1.0,0.978	1.0,0.983,1.0	-0.007
0.976,0.977,0.974	0.954,0.97,1.0	0.001
1.0,1.0,0.955	0.985,1.0,0.959	0.004
0.585,0.719,0.799	0.581,0.631,0.647	0.081
0.405,0.207,0.259	0.315,0.223,0.29	0.014
1.0,1.0,1.0	0.964,1.0,1.0	0.012
0.09,0.052,0.1	0.1,0.056,0.106	-0.007
0.463,NA,1.0	1.0,0.463,NA	0.0
0.964,1.0,0.985	1.0,1.0,1.0	-0.017
0.054,0.033,0.038	0.039,0.041,0.051	-0.002
0.45,0.404,0.43	0.427,0.357,0.555	-0.018
1.0,0.993,1.0	1.0,1.0,1.0	-0.002
0.847,0.937,1.0	0.896,0.935,0.902	0.017
0.734,0.807,0.777	0.702,0.67,0.675	0.09
0.462,0.519,0.573	0.167,0.26,0.344	0.261
0.651,0.736,0.482	1.0,0.823,0.848	-0.267
0.108,0.023,0.062	0.172,0.125,0.136	-0.08
0.318,0.036,0.042	0.334,0.545,0.482	-0.322
0.634,0.609,0.867	0.532,0.888,0.688	0.001
0.045,0.068,0.069	0.08,0.099,0.199	-0.065
1.0,0.986,1.0	1.0,1.0,1.0	-0.005
0.905,0.675,0.736	0.706,0.817,0.731	0.021
0.0,0.0,0.0	0.088,0.088,0.0	-0.059
1.0,NA,NA	0.0,0.209,0.067	0.908
0.926,0.944,0.902	0.92,0.907,0.855	0.03
1.0,0.977,0.976	1.0,1.0,0.966	-0.004
0.609,0.594,0.864	0.563,0.717,0.797	-0.003
0.558,0.459,0.784	0.468,0.628,0.771	-0.022
0.458,0.321,0.288	0.365,0.367,0.436	-0.034
1.0,1.0,1.0	1.0,0.983,0.962	0.018
0.63,0.921,0.924	0.814,0.6,0.822	0.08
0.899,0.618,0.586	0.601,0.679,0.708	0.038
1.0,0.964,0.923	0.873,0.94,0.94	0.045
1.0,1.0,1.0	0.946,0.808,1.0	0.082
1.0,1.0,1.0	0.957,0.886,1.0	0.052
0.815,0.934,1.0	1.0,0.932,1.0	-0.061
0.849,0.743,0.707	0.908,0.719,0.884	-0.071
0.864,0.431,0.71	0.637,0.747,0.461	0.053
0.087,0.234,0.0	0.0,0.124,0.087	0.037
1.0,1.0,0.748	1.0,1.0,1.0	-0.084
0.937,0.866,0.911	0.963,0.905,1.0	-0.051
0.234,0.297,0.375	0.531,0.547,0.503	-0.225
0.0,0.0,0.0	0.0,0.639,0.228	-0.289
1.0,1.0,1.0	1.0,0.882,1.0	0.039
0.882,1.0,0.912	1.0,1.0,0.92	-0.042
1.0,1.0,0.866	0.707,1.0,1.0	0.053
0.076,0.129,0.086	0.052,0.053,0.13	0.019
0.0,0.005,0.0	0.012,0.006,0.006	-0.006
0.172,0.315,0.201	0.366,0.42,0.423	-0.174
1.0,0.993,0.993	0.996,0.987,0.991	0.004
0.156,0.096,0.169	0.137,0.187,0.17	-0.024
0.686,0.7,0.65	0.809,0.68,0.662	-0.038
1.0,1.0,1.0	1.0,1.0,0.996	0.001
0.0,0.022,0.0	0.0,0.042,0.145	-0.055
1.0,1.0,0.995	1.0,1.0,1.0	-0.002
1.0,1.0,1.0	0.835,1.0,1.0	0.055
1.0,1.0,1.0	0.949,1.0,1.0	0.017
1.0,0.994,0.995	0.955,0.959,0.964	0.037
0.051,0.079,0.35	0.326,0.377,0.162	-0.128
0.733,0.945,0.851	0.789,0.679,0.691	0.123
1.0,1.0,0.939	1.0,1.0,1.0	-0.02
0.495,0.44,0.311	0.0,0.282,0.395	0.19
1.0,1.0,0.483	0.963,0.649,0.786	0.028
1.0,1.0,0.984	0.986,0.976,0.978	0.015
0.769,0.689,0.786	0.792,0.737,0.817	-0.034
1.0,0.972,0.978	0.98,1.0,0.975	-0.002
0.054,0.015,0.035	0.0,0.056,0.021	0.009
0.312,0.318,0.284	0.342,0.334,0.3	-0.021
0.117,0.109,0.032	0.084,0.025,0.077	0.024
0.315,0.0,0.605	0.077,0.0,0.0	0.281
0.052,0.108,0.1	0.086,0.146,0.076	-0.016
0.0,0.0,0.0	0.0,0.0,0.045	-0.015
0.894,1.0,0.931	1.0,1.0,0.921	-0.032
0.627,0.531,0.674	0.599,0.359,0.493	0.127
0.008,0.004,0.0	0.018,0.018,0.008	-0.011
0.907,0.918,0.932	0.94,0.921,0.944	-0.016
1.0,1.0,1.0	1.0,0.783,1.0	0.072
0.051,0.113,0.103	0.109,0.168,0.183	-0.064
0.955,0.952,1.0	0.968,0.967,1.0	-0.009
0.059,0.04,0.016	0.024,0.021,0.037	0.011
0.992,0.986,1.0	1.0,1.0,1.0	-0.007
0.883,0.934,0.912	0.891,0.887,0.865	0.029
0.846,0.923,0.9	0.963,0.909,0.947	-0.05
0.782,0.843,0.818	0.938,0.805,0.9	-0.067
0.856,0.822,0.883	0.786,0.805,0.844	0.042
0.873,0.855,1.0	0.956,0.803,0.903	0.022
0.526,0.727,1.0	0.571,1.0,1.0	-0.106
1.0,1.0,1.0	1.0,0.966,1.0	0.011
0.987,0.953,0.968	0.959,0.955,0.962	0.011
0.141,0.166,0.236	0.177,0.149,0.118	0.033
0.241,0.0,1.0	0.489,0.0,1.0	-0.083
0.996,0.993,0.996	0.993,0.994,0.994	0.001
1.0,0.818,1.0	1.0,1.0,0.863	-0.015
0.075,0.11,0.0	0.081,0.123,0.059	-0.026
1.0,1.0,1.0	1.0,1.0,0.979	0.007
1.0,1.0,1.0	1.0,0.945,0.959	0.032
0.144,0.208,0.159	0.189,0.123,0.184	0.005
0.087,0.041,0.027	0.037,0.028,0.072	0.006
0.542,0.414,0.526	0.322,0.479,0.333	0.116
0.839,0.777,0.641	1.0,0.915,0.851	-0.17
0.732,1.0,1.0	1.0,1.0,1.0	-0.089
0.433,0.415,0.37	0.426,0.377,0.374	0.014
1.0,0.993,1.0	1.0,1.0,1.0	-0.002
0.0,0.662,NA	0.551,0.541,0.0	-0.033
0.495,0.551,0.642	0.746,0.515,0.606	-0.06
0.984,0.996,0.983	0.989,0.992,0.996	-0.005
0.167,0.144,0.239	0.201,0.262,0.12	-0.011
0.024,0.024,0.025	0.031,0.018,0.042	-0.006
0.0,0.052,0.089	0.063,0.0,0.043	0.012
0.092,0.062,0.095	0.225,0.113,0.096	-0.062
0.939,0.909,0.938	0.892,0.947,0.961	-0.005
0.01,0.019,0.006	0.012,0.005,0.005	0.004
0.602,0.765,0.82	0.815,0.786,0.583	0.001
0.478,0.526,0.341	0.449,0.397,0.385	0.038
1.0,1.0,0.796	0.797,0.919,1.0	0.027
0.049,0.047,0.068	0.057,0.073,0.072	-0.013
0.898,1.0,1.0	1.0,1.0,1.0	-0.034
0.841,1.0,0.961	0.96,0.926,0.966	-0.017
0.986,1.0,0.985	0.99,0.995,0.993	-0.002
0.696,0.555,0.725	0.797,0.797,0.946	-0.188
0.033,0.157,0.18	0.119,0.068,0.116	0.022
0.112,0.056,0.105	0.018,0.014,0.048	0.064
0.832,0.832,0.498	1.0,0.808,0.498	-0.048
0.0,0.061,0.012	0.015,0.011,0.014	0.011
0.0,0.071,0.0	0.03,0.118,0.195	-0.091
0.249,0.287,0.358	0.225,0.257,0.329	0.028
0.14,0.174,0.152	0.176,0.174,0.113	0.001
0.149,0.174,0.144	0.066,0.122,0.086	0.064
0.645,0.845,0.845	0.398,0.588,0.645	0.235
0.1,0.134,0.095	0.123,0.085,0.074	0.016
0.049,0.084,0.154	0.146,0.199,0.196	-0.085
1.0,1.0,NA	NA,0.0,NA	1.0
0.218,0.226,0.099	0.043,0.063,0.247	0.063
0.003,0.007,0.004	0.007,0.007,0.012	-0.004
0.884,0.919,0.915	0.877,0.917,0.862	0.021
0.842,0.87,0.829	0.858,0.822,0.837	0.008
1.0,1.0,1.0	1.0,0.983,1.0	0.006
0.246,0.412,0.342	0.409,0.46,0.219	-0.029
0.187,0.179,0.217	0.14,0.123,0.108	0.071
1.0,1.0,0.961	0.976,1.0,1.0	-0.005
0.062,0.066,0.106	0.083,0.057,0.1	-0.002
0.0,0.0,0.0	0.0,0.013,0.0	-0.004
0.939,1.0,1.0	1.0,1.0,1.0	-0.02
0.001,0.001,0.005	0.002,0.001,0.02	-0.005
0.76,0.52,0.772	0.441,0.231,0.612	0.256
1.0,0.807,1.0	1.0,1.0,1.0	-0.064
0.068,0.258,0.138	0.232,0.154,0.192	-0.038
0.935,0.857,0.894	0.85,0.777,0.786	0.091
1.0,1.0,0.959	1.0,1.0,1.0	-0.014
0.0,0.0,0.0	0.0,0.053,0.087	-0.047
1.0,0.978,0.993	0.994,0.988,0.992	-0.001
0.947,0.938,0.929	0.974,0.852,0.908	0.027
0.681,0.696,0.61	0.633,0.778,0.723	-0.049
0.698,0.146,0.0	0.06,0.076,0.221	0.162
0.14,0.096,0.0	0.06,0.0,0.144	0.011
0.23,0.07,0.197	0.075,0.176,0.152	0.031
0.041,0.0,0.036	0.0,0.045,0.0	0.011
0.225,0.205,0.04	0.18,0.139,0.036	0.038
0.012,0.013,0.017	0.02,0.011,0.021	-0.003
1.0,1.0,1.0	0.984,1.0,1.0	0.005
1.0,1.0,1.0	1.0,0.995,1.0	0.002
0.983,0.98,0.975	0.989,0.973,0.997	-0.007
0.467,1.0,1.0	NA,1.0,NA	-0.178
1.0,0.664,0.685	0.471,0.902,0.417	0.186
NA,0.301,0.0	0.463,0.633,0.0	-0.215
0.654,NA,0.0	0.0,0.32,NA	0.167
1.0,1.0,1.0	1.0,0.998,1.0	0.001
0.293,0.293,0.293	0.453,0.293,0.171	-0.013
0.0,0.0,0.0	0.0,0.012,0.025	-0.012
0.778,0.858,0.804	0.721,0.712,0.683	0.108
0.027,0.028,0.038	0.054,0.101,0.067	-0.043
1.0,1.0,0.98	0.977,0.989,1.0	0.005
0.0,0.015,0.017	0.027,0.023,0.038	-0.019
0.187,0.0,0.133	0.0,0.062,0.667	-0.136
0.119,0.143,0.187	0.307,0.248,0.219	-0.108
1.0,1.0,1.0	0.974,1.0,1.0	0.009
1.0,1.0,1.0	1.0,0.999,1.0	0.0
1.0,1.0,0.955	0.829,1.0,1.0	0.042
0.392,0.853,0.45	0.244,0.453,0.853	0.048
0.016,0.071,0.078	0.035,0.041,0.044	0.015
1.0,0.954,1.0	1.0,1.0,0.924	0.01
