ID	IJC_SAMPLE_1	SJC_SAMPLE_1	IJC_SAMPLE_2	SJC_SAMPLE_2	IncFormLen	SkipFormLen	PValue	FDR
3	1,3	177,168	0,0	79,131	180	99	1	1.0
4	13,4	0,7	7,6	0,6	158	99	1	1.0
6	2,0	11,11	0,0	9,11	109	99	1	1.0
8	113,134	14,11	64,123	10,12	134	99	1	1.0
9	104,124	1,0	58,105	0,0	134	99	1	1.0
10	6,8	263,265	15,21	98,186	309	99	1	1.0
11	2,2	714,743	0,1	416,723	106	99	1	1.0
14	306,254	5,4	115,285	0,1	233	99	1	1.0
15	48,23	3,1	2,6	0,0	408	99	0.581206757988	1.0
16	5,6	1,8	2,7	5,10	192	99	0.534880521693	1.0
17	14,11	9,9	8,18	5,18	315	99	1	1.0
19	3,2	9,9	1,1	5,18	134	99	1	1.0
20	40,33	0,0	16,32	0,1	105	99	1	1.0
21	13,8	62,68	10,14	37,77	684	99	1	1.0
22	217,225	30,15	124,186	27,41	120	99	0.941841289357	1.0
23	42,40	30,15	30,48	27,41	186	99	0.772468880404	1.0
24	8,1	183,186	12,12	106,150	165	99	1	1.0
25	89,84	0,2	40,75	1,1	686	99	1	1.0
26	13,9	0,3	7,11	0,0	103	99	1	1.0
27	45,51	0,0	24,62	1,0	102	99	1	1.0
28	2,0	65,44	0,0	25,38	243	99	1	1.0
29	0,1	2,4	0,0	3,2	114	99	1	1.0
30	172,154	0,1	47,90	0,0	371	99	1	1.0
31	670,614	2,3	327,652	0,0	111	99	1	1.0
32	19,9	23,37	5,8	17,47	129	99	0.677586116233	1.0
33	6,16	230,250	6,6	136,202	309	99	1	1.0
34	16,13	113,177	18,15	68,131	138	99	1	1.0
35	7,6	83,77	13,7	19,54	258	99	1	1.0
36	4,8	105,146	4,12	67,120	345	99	1	1.0
37	5,1	18,9	0,1	6,11	111	99	1	1.0
38	152,148	6,11	49,133	8,13	324	99	0.702648100234	1.0
39	5,3	323,317	1,3	150,355	138	99	1	1.0
40	49,57	0,0	21,34	0,5	218	99	1	1.0
41	156,139	9,4	91,124	0,6	111	99	1	1.0
42	31,30	0,1	25,37	0,0	105	99	1	1.0
43	47,41	269,302	32,45	148,274	266	99	1	1.0
44	13,8	251,206	6,18	98,178	127	99	1	1.0
45	60,62	151,137	22,50	68,111	309	99	1	1.0
46	3,4	205,200	1,6	160,238	107	99	1	1.0
47	41,27	0,0	20,44	0,1	934	99	1	1.0
49	316,337	0,1	152,309	0,0	1859	99	1	1.0
50	81,79	0,1	46,101	0,0	117	99	1	1.0
54	124,141	1,0	90,182	0,0	311	99	1	1.0
55	146,178	1,0	117,238	0,0	501	99	1	1.0
56	24,38	1,0	28,60	0,0	289	99	1	1.0
57	81,128	0,2	58,135	2,1	289	99	1	1.0
58	22,24	69,68	16,44	49,83	218	99	1	1.0
59	381,290	6,5	295,530	17,12	665	99	1	1.0
60	8,13	198,205	2,0	103,149	261	99	1	1.0
61	217,222	0,2	151,214	0,0	107	99	1	1.0
62	6,3	203,214	4,3	117,221	101	99	1	1.0
63	16,10	58,42	10,16	29,72	154	99	1	1.0
64	13,7	10,9	9,8	5,16	154	99	1	1.0
65	1,2	248,243	1,1	152,330	323	99	1	1.0
66	25,17	1,2	4,3	3,6	119	99	0.000788099962894	0.017326777445075332
67	16,31	1,1	10,15	0,1	103	99	1	1.0
68	19,33	21,14	7,10	16,29	111	99	0.0249562442675	0.32636743580859917
69	34,32	0,3	13,20	0,0	140	99	1	1.0
70	68,93	153,195	13,17	114,180	117	99	0.000209434135023	0.005883547830183167
71	2,3	244,340	2,0	121,271	107	99	1	1.0
72	29,34	55,89	12,20	22,40	475	99	1	1.0
73	11,19	25,26	1,7	10,11	183	99	0.882927771259	1.0
75	24,14	13,8	13,11	3,2	293	99	0.197749044399	1.0
76	475,519	3,1	321,520	1,3	797	99	1	1.0
77	525,569	3,1	353,556	1,3	825	99	1	1.0
79	3,2	0,1	1,1	0,0	103	99	1	1.0
80	95,143	2,6	43,95	12,9	492	99	0.0238382159325	0.31445716147480435
81	21,12	700,711	12,28	358,662	103	99	1	1.0
82	4,2	22,41	0,7	16,16	127	99	1	1.0
83	31,44	28,40	18,22	16,30	228	99	1	1.0
84	1,1	9,14	0,1	7,8	127	99	1	1.0
85	4,2	0,0	3,1	3,8	131	99	3.7062498881e-07	1.8136713162089354e-05
87	284,286	0,1	101,235	0,0	250	99	1	1.0
88	7,8	1500,1557	9,7	1096,1855	103	99	1	1.0
89	653,721	3,2	473,880	0,0	356	99	1	1.0
90	25,27	824,919	15,48	549,884	102	99	1	1.0
92	39,43	183,175	23,25	87,138	293	99	1	1.0
93	0,0	5,5	1,2	1,0	117	99	0.000681905659717	0.015673498269555896
94	8,3	5,5	13,12	1,0	159	99	1.14507567187e-05	0.0004236779985919
97	296,324	5,0	201,341	2,2	358	99	1	1.0
99	0,0	24,16	1,0	25,20	104	99	1	1.0
100	26,48	0,2	28,24	6,2	1782	99	0.0336467186542	0.4253506016535117
101	6,13	34,48	0,0	27,20	105	99	0.0996481144067	1.0
102	1,3	16,7	1,0	14,27	125	99	1	1.0
103	10,13	106,98	7,19	91,163	156	99	1	1.0
104	3,0	69,65	1,0	28,86	192	99	1	1.0
105	125,90	1,4	24,49	0,1	141	99	1	1.0
107	180,182	3,7	124,209	1,2	222	99	1	1.0
108	26,20	561,583	20,28	352,546	362	99	1	1.0
109	233,341	9,6	143,232	4,10	296	99	1	1.0
110	6,7	34,43	0,3	28,52	119	99	1	1.0
112	1246,1265	7,10	720,1159	0,5	126	99	1	1.0
113	3,1	5,6	0,6	5,19	121	99	1	1.0
114	2,4	80,95	6,9	48,109	104	99	1	1.0
115	166,222	0,0	98,138	0,3	201	99	1	1.0
116	48,44	922,803	21,47	298,625	635	99	1	1.0
117	65,52	0,2	13,20	0,0	434	99	1	1.0
118	3,2	25,16	0,2	3,13	115	99	1	1.0
120	0,9	17,14	4,6	6,10	115	99	0.448345399529	1.0
121	4,1	17,23	0,1	9,18	181	99	1	1.0
122	1,0	353,383	1,1	199,325	132	99	1	1.0
123	9,8	347,361	2,6	207,360	318	99	1	1.0
124	145,91	5,5	116,181	3,6	247	99	1	1.0
125	5,1	678,507	8,12	506,893	103	99	1	1.0
126	80,67	1,4	22,30	2,3	687	99	0.370341244598	1.0
127	200,186	1,0	87,155	0,0	124	99	1	1.0
128	65,58	23,29	31,60	5,8	124	99	0.0724224783159	0.8260518767309797
129	1048,1185	2,2	600,1096	4,6	105	99	1	1.0
130	134,118	0,0	87,214	0,1	149	99	1	1.0
131	44,44	0,1	29,41	0,0	113	99	1	1.0
132	9,8	40,19	6,3	15,15	110	99	1	1.0
133	15,22	6,9	9,17	0,3	102	99	0.102315062699	1.0
134	35,57	22,10	44,82	16,38	633	99	1	1.0
136	4,5	302,274	3,0	184,299	286	99	1	1.0
137	20,14	85,95	4,5	27,60	235	99	1	1.0
138	151,137	5,1	79,129	1,6	103	99	1	1.0
141	0,0	4,13	1,0	5,19	195	99	1	1.0
143	1,10	80,64	7,24	51,92	797	99	1	1.0
144	112,94	28,20	19,37	29,65	164	99	8.17380607643e-11	8.856902727103077e-09
145	5,7	29,38	1,11	17,25	346	99	1	1.0
147	14,10	55,57	7,16	27,53	199	99	1	1.0
148	33,40	129,144	12,15	147,200	108	99	0.241905130421	1.0
149	1,0	479,271	0,0	106,233	101	99	1	1.0
150	1,4	12,15	2,2	7,13	457	99	1	1.0
151	45,68	33,25	70,104	13,15	351	99	0.0122617264386	0.18416870304313068
152	21,10	429,417	4,13	167,326	253	99	1	1.0
153	2,5	495,505	4,2	306,525	130	99	1	1.0
154	1,7	61,78	0,4	33,63	295	99	1	1.0
155	50,38	120,82	3,3	50,86	343	99	1	1.0
156	11,13	8,5	4,12	8,9	363	99	0.693813981918	1.0
157	13,4	1,1	16,6	0,0	135	99	1	1.0
158	173,161	51,69	18,45	30,54	123	99	6.57361758289e-05	0.0020351383414783943
159	4,6	1460,1523	7,8	1025,1724	319	99	1	1.0
161	1203,1091	2,4	518,1067	2,0	208	99	1	1.0
162	17,7	8,3	20,36	6,11	180	99	1	1.0
163	4,5	0,1	0,2	0,0	127	99	1	1.0
165	380,345	49,48	261,425	27,45	469	99	1	1.0
167	4,4	0,0	1,7	1,2	193	99	0.239813336382	1.0
168	10,14	406,501	3,12	213,402	370	99	1	1.0
169	6,10	406,501	3,7	213,402	276	99	1	1.0
170	15,12	6,7	5,11	3,3	271	99	1	1.0
171	4,1	2,0	0,1	0,0	141	99	1	1.0
172	110,101	8,24	47,84	5,22	109	99	1	1.0
174	108,119	51,41	81,169	67,79	125	99	1	1.0
175	440,530	0,1	253,498	0,1	802	99	1	1.0
177	57,55	6,20	35,66	0,5	111	99	0.194811450363	1.0
178	88,85	9,7	31,60	8,5	119	99	1	1.0
179	643,603	4,1	623,1203	2,1	366	99	1	1.0
181	5,0	0,1	1,11	0,1	203	99	1	1.0
182	6,10	13,21	3,4	6,6	111	99	1	1.0
183	8,9	0,2	1,3	4,0	122	99	0.427756448242	1.0
184	3,12	5,6	1,6	1,1	104	99	0.102343431167	1.0
185	122,134	33,23	65,124	5,21	341	99	0.737235800145	1.0
186	124,128	33,23	65,119	5,21	336	99	0.747220498102	1.0
187	1,1	172,186	0,3	65,142	144	99	1	1.0
188	11,6	0,1	9,17	0,0	138	99	1	1.0
190	64,62	22,19	52,92	2,6	121	99	0.00318718519651	0.05969086349513173
192	6581,5269	190,118	3106,5844	61,129	201	99	1	1.0
194	16,9	189,290	9,30	96,165	118	99	1	1.0
195	91,82	87,78	40,74	56,120	175	99	0.915859605349	1.0
196	264,363	87,78	127,209	56,120	156	99	0.181204335647	1.0
197	10,16	16,27	8,19	2,0	113	99	1.09079492938e-06	4.8186914437534573e-05
199	4,7	67,63	2,5	21,61	137	99	1	1.0
200	38,23	283,345	8,25	218,321	472	99	1	1.0
201	16,19	377,392	6,11	234,433	102	99	1	1.0
202	199,222	3,2	85,215	1,6	616	99	1	1.0
203	198,227	2187,2609	88,219	1162,2532	616	99	1	1.0
204	79,57	11,8	55,53	4,5	156	99	1	1.0
205	108,118	11,8	86,104	4,5	210	99	1	1.0
206	56,73	27,12	39,68	8,17	153	99	1	1.0
207	17,24	1,1	24,28	0,0	248	99	1	1.0
208	51,59	17,31	26,40	31,53	120	99	0.010087350604	0.1545708168309899
209	340,392	23,26	153,261	7,13	249	99	1	1.0
210	306,364	23,26	158,274	7,13	228	99	1	1.0
211	52,85	0,0	53,86	1,0	116	99	1	1.0
212	10,17	12,12	1,9	0,5	114	99	0.453693245692	1.0
213	22,24	1,1	16,18	0,2	437	99	0.373997441489	1.0
215	104,157	56,76	69,137	48,105	214	99	1	1.0
216	238,238	286,292	35,85	184,487	132	99	1.70284897294e-10	1.519542289382341e-08
217	5,3	1,0	0,1	1,1	167	99	0.000582076417639	0.013797030086849424
219	0,2	35,26	0,1	13,36	104	99	1	1.0
220	16,21	43,48	9,18	23,38	129	99	1	1.0
221	14,19	55,75	5,2	36,51	127	99	0.712779254848	1.0
222	46,43	119,126	10,18	123,160	144	99	0.134545736706	1.0
223	48,33	179,195	8,21	192,262	144	99	1	1.0
224	252,225	27,12	126,198	18,14	112	99	1	1.0
225	15,7	246,204	3,8	122,276	103	99	1	1.0
226	6,2	1,1	3,2	3,0	103	99	1	1.0
227	0,1	3,0	2,0	0,3	103	99	1	1.0
228	96,77	0,0	50,64	0,2	101	99	1	1.0
229	7,3	8,2	0,10	6,1	246	99	0.509756963126	1.0
230	42,46	0,1	31,46	0,1	225	99	1	1.0
231	61,56	175,157	56,112	50,96	107	99	4.49095006753e-05	0.0014495257983921299
232	141,212	9,4	119,238	6,18	306	99	1	1.0
233	480,513	2,1	276,437	2,0	129	99	1	1.0
234	321,330	1,0	178,323	0,0	129	99	1	1.0
235	12,7	15,23	9,16	12,20	114	99	0.909137287554	1.0
236	7,6	0,0	4,3	0,2	103	99	1	1.0
240	2,2	24,22	0,2	6,15	332	99	1	1.0
241	19,37	18,14	6,23	2,14	104	99	1	1.0
242	22,18	181,188	24,57	87,149	110	99	0.122409719641	1.0
244	6,3	44,35	4,11	75,158	113	99	1	1.0
245	20,33	117,184	17,19	88,138	695	99	1	1.0
246	2,8	83,74	0,1	18,67	274	99	1	1.0
248	20,7	144,181	3,7	53,141	239	99	1	1.0
249	17,17	179,228	5,16	100,182	594	99	1	1.0
250	18,17	179,228	6,20	100,182	670	99	1	1.0
251	8,4	7,4	1,7	0,3	175	99	0.299782572365	1.0
252	210,212	0,0	131,218	0,3	281	99	1	1.0
254	8,12	212,219	3,12	114,223	126	99	1	1.0
255	24,17	2,0	16,14	1,0	154	99	1	1.0
256	0,0	0,2	2,0	0,4	105	99	1	1.0
257	8,24	71,49	34,44	25,42	271	99	0.00596198001223	0.10072467376202265
258	3,6	5,3	11,7	0,2	276	99	0.0102488098672	0.155474445685424
259	0,1	0,0	0,1	1,0	104	99	1	1.0
263	2,4	133,86	4,0	51,61	298	99	1	1.0
265	111,92	76,74	33,55	58,104	324	99	0.113190048215	1.0
266	564,568	0,0	292,521	0,1	487	99	1	1.0
267	27,16	233,194	17,25	113,240	123	99	1	1.0
268	49,48	114,84	21,35	37,84	594	99	1	1.0
269	15,23	134,170	4,6	71,152	116	99	1	1.0
270	261,312	1,2	123,303	0,1	159	99	1	1.0
271	7,3	23,16	3,6	5,13	279	99	1	1.0
272	813,935	714,579	625,1119	269,524	682	99	1	1.0
273	2,1	3,0	3,2	0,0	105	99	0.852815646737	1.0
275	102,89	8,10	58,111	5,10	149	99	1	1.0
276	45,59	240,286	34,60	112,217	254	99	1	1.0
277	231,190	0,0	108,178	0,1	336	99	1	1.0
278	262,308	0,2	119,277	0,0	198	99	1	1.0
280	2,0	46,76	1,0	36,78	114	99	1	1.0
281	37,55	1,0	19,32	1,1	157	99	1	1.0
282	0,2	23,34	4,4	15,46	238	99	1	1.0
283	17,19	3,2	17,23	1,1	361	99	0.408444764522	1.0
284	66,64	1,0	32,55	3,0	244	99	1	1.0
285	85,90	2,6	54,98	0,2	608	99	0.259236024928	1.0
286	94,95	2,6	49,82	0,2	913	99	0.130063517646	1.0
287	57,52	48,47	20,30	25,46	404	99	1	1.0
288	52,55	2,6	36,55	0,2	665	99	0.0694088369067	0.8037649281485792
289	15,12	48,47	7,3	25,46	156	99	1	1.0
290	45,42	3,2	15,29	2,2	347	99	1	1.0
291	96,85	0,0	45,72	1,0	282	99	1	1.0
295	6,13	47,45	1,1	17,49	162	99	1	1.0
297	23,9	160,116	4,10	34,129	277	99	1	1.0
298	412,436	0,0	255,526	0,1	135	99	1	1.0
300	474,431	3,2	335,427	9,6	373	99	1	1.0
301	9,6	0,2	4,1	0,0	122	99	1	1.0
302	2,2	1,1	0,0	0,6	103	99	1	1.0
303	0,1	43,33	0,0	19,31	147	99	1	1.0
306	33,24	33,32	14,13	16,22	429	99	1	1.0
308	27,20	33,32	13,10	16,22	377	99	1	1.0
309	7,4	33,32	3,4	16,22	178	99	1	1.0
310	0,4	3,4	0,0	1,0	181	99	1	1.0
311	47,62	938,1052	20,43	538,882	694	99	1	1.0
313	486,523	3,2	178,372	1,2	266	99	1	1.0
314	19,7	183,231	13,22	73,145	364	99	1	1.0
316	119,158	451,580	36,94	232,376	125	99	1	1.0
318	15,20	38,38	10,10	18,50	605	99	1	1.0
319	3,11	71,88	4,3	62,91	130	99	1	1.0
320	10,24	0,0	7,14	1,0	343	99	1	1.0
321	0,3	200,192	1,1	101,207	114	99	1	1.0
322	401,492	11,9	248,486	2,10	103	99	1	1.0
323	7,6	37,34	11,22	36,46	209	99	1	1.0
325	1063,1026	11,14	579,951	5,8	570	99	1	1.0
326	186,146	1,0	102,277	0,0	625	99	1	1.0
327	37,19	17,23	7,20	10,24	103	99	0.656100111385	1.0
328	319,341	29,29	162,295	7,19	561	99	1	1.0
331	3,16	53,63	2,1	28,63	267	99	1	1.0
334	239,222	13,16	118,224	14,43	121	99	1	1.0
335	15,14	2012,2128	11,15	883,1818	294	99	1	1.0
336	45,65	77,83	44,51	38,60	859	99	1	1.0
337	7,3	1,0	4,3	0,1	122	99	1	1.0
338	32,53	190,179	22,58	109,209	130	99	1	1.0
339	333,385	3,7	172,370	5,4	661	99	1	1.0
340	90,119	8,4	131,196	8,35	590	99	0.541613556399	1.0
342	5,3	57,61	10,10	42,83	104	99	1	1.0
343	299,400	18,27	179,317	18,43	152	99	1	1.0
344	262,257	16,3	111,215	0,2	684	99	0.220061228984	1.0
345	27,25	102,107	33,29	30,70	145	99	0.287669741538	1.0
346	258,285	272,336	205,409	142,269	282	99	0.886098864809	1.0
348	411,435	34,25	188,331	12,6	131	99	1	1.0
350	15,13	0,0	12,23	1,0	377	99	1	1.0
351	115,99	0,0	69,129	1,0	210	99	1	1.0
352	140,139	3,1	78,146	3,5	521	99	1	1.0
353	25,40	3,1	10,17	3,5	410	99	0.0413006994905	0.5093752937161666
354	31,40	2,8	10,19	9,14	410	99	0.00434233917167	0.07654914097099322
355	7,3	105,81	31,25	40,47	110	99	1.87413926378e-07	9.803687114325035e-06
357	0,0	2,1	1,0	1,6	118	99	1	1.0
358	14,23	46,68	2,10	17,46	107	99	1	1.0
359	6,4	41,29	1,11	40,56	157	99	1	1.0
360	1940,1945	0,1	1174,1766	1,0	198	99	1	1.0
361	641,758	811,761	431,780	457,813	800	99	1	1.0
364	13,22	29,23	11,7	9,23	338	99	1	1.0
365	16,23	50,52	13,23	15,35	111	99	0.561561732649	1.0
366	1,0	23,30	0,3	5,19	243	99	1	1.0
367	0,2	0,2	2,7	0,1	249	99	1	1.0
368	3,8	37,19	6,4	17,13	324	99	1	1.0
370	515,723	4,5	301,657	0,8	269	99	1	1.0
373	1,3	808,747	3,4	367,648	132	99	1	1.0
376	8,6	3,2	9,13	2,6	118	99	1	1.0
377	17,16	4,4	11,25	0,3	368	99	0.135805187583	1.0
378	33,61	4,6	27,56	1,7	116	99	1	1.0
379	0,0	12,16	1,0	12,13	174	99	1	1.0
380	48,40	8,11	16,23	7,15	330	99	0.138906945246	1.0
381	2,0	23,25	2,3	7,27	104	99	1	1.0
382	10,14	0,2	12,12	0,1	243	99	1	1.0
384	1049,1068	4,14	542,1064	1,4	144	99	1	1.0
385	7,4	40,46	2,6	21,62	170	99	1	1.0
386	1072,1105	0,1	592,1036	0,0	887	99	1	1.0
387	355,370	3,1	279,413	4,6	144	99	1	1.0
388	7,12	141,140	20,39	36,109	354	99	1	1.0
389	12,6	881,828	1,0	424,837	207	99	1	1.0
391	36,28	0,1	25,49	2,10	114	99	0.50816888254	1.0
393	196,175	8,24	133,246	14,15	177	99	1	1.0
395	64,109	257,270	19,43	163,277	282	99	1	1.0
397	298,336	11,15	153,304	16,17	142	99	1	1.0
398	85,115	101,147	96,144	22,34	103	99	1.17024501201e-10	1.1095385520119813e-08
399	29,57	37,44	4,17	20,54	297	99	0.0525097122317	0.6272223106731409
400	2,2	17,8	0,0	7,3	279	99	1	1.0
401	151,165	293,398	57,109	226,395	421	99	1	1.0
402	0,1	8,7	8,13	3,6	111	99	5.26692726543e-07	2.496852706767909e-05
403	324,276	35,37	94,143	124,193	105	99	0	0.0
404	161,169	6,9	31,35	15,22	130	99	8.8318983682e-08	4.9622184535405184e-06
406	229,231	0,3	82,169	4,3	108	99	1	1.0
408	7,20	175,187	16,16	149,183	477	99	1	1.0
409	23,21	193,194	7,20	153,225	322	99	1	1.0
410	1,0	989,872	1,2	565,993	103	99	1	1.0
411	83,95	64,75	73,125	26,49	120	99	0.115504043087	1.0
413	2,9	11,8	1,0	10,6	183	99	0.210730223659	1.0
414	252,305	330,358	137,269	172,295	102	99	1	1.0
416	10,13	74,96	9,10	51,60	250	99	1	1.0
417	46,29	152,128	15,41	69,93	128	99	1	1.0
418	192,187	0,0	104,180	4,0	194	99	1	1.0
419	8,9	460,334	4,10	240,418	471	99	1	1.0
421	443,410	2,1	246,373	0,2	381	99	1	1.0
422	161,148	7,5	44,90	2,1	126	99	1	1.0
423	5,1	118,124	5,7	72,150	117	99	1	1.0
425	6,6	60,81	5,4	44,58	428	99	1	1.0
426	326,304	28,32	263,472	5,25	191	99	1	1.0
427	73,89	595,721	62,114	274,579	533	99	1	1.0
428	757,934	1,1	333,695	0,0	261	99	1	1.0
429	186,197	27,19	162,263	12,21	158	99	1	1.0
431	32,16	3,5	10,22	0,0	138	99	0.374449671573	1.0
432	25,14	1182,1185	10,27	810,1311	103	99	1	1.0
433	8,8	598,539	9,20	273,549	267	99	1	1.0
434	1402,1244	3,1	797,1410	1,15	102	99	1	1.0
435	348,336	1,2	116,241	0,0	960	99	1	1.0
436	332,312	31,16	352,449	10,17	373	99	1	1.0
437	29,21	2,0	12,24	0,0	244	99	1	1.0
438	75,60	3,5	23,65	0,1	165	99	1	1.0
439	61,52	2,0	20,62	0,0	102	99	1	1.0
440	12,12	304,306	4,10	147,254	292	99	1	1.0
441	1,3	131,116	1,1	59,79	275	99	1	1.0
442	26,34	1,0	18,15	0,0	265	99	1	1.0
443	241,221	155,117	340,494	443,723	102	99	0.000561792579082	0.01374579584624829
444	16,6	286,332	7,9	139,285	304	99	1	1.0
446	555,533	2,4	376,683	1,1	103	99	1	1.0
447	49,50	282,267	17,23	161,289	344	99	1	1.0
448	918,1048	0,0	655,1229	0,1	627	99	1	1.0
449	44,53	10165,8082	68,100	4991,8279	162	99	1	1.0
450	3405,3232	0,2	1581,3088	2,5	135	99	1	1.0
451	162,82	4,0	19,44	1,0	231	99	1	1.0
452	223,197	226,215	74,135	111,202	102	99	1	1.0
453	0,0	906,954	5,2	673,1147	147	99	1	1.0
454	591,548	1944,1756	198,307	993,1761	102	99	1	1.0
455	10,23	1130,1255	1,15	525,1115	122	99	1	1.0
456	118,164	2,2	98,163	3,0	202	99	1	1.0
457	79,154	2,2	84,164	3,0	357	99	1	1.0
458	72,140	111,150	74,155	88,154	254	99	1	1.0
460	18,22	25,23	10,20	18,26	153	99	1	1.0
462	0,0	10608,8134	4,10	7549,14431	103	99	1	1.0
464	18,12	5,3	17,31	0,1	278	99	0.00066387108919	0.015493729881557384
466	115,149	2,6	96,183	3,0	436	99	1	1.0
467	2036,2157	0,0	1041,1635	0,1	3075	99	1	1.0
468	12,12	14,20	0,5	7,12	122	99	0.172421930932	1.0
471	16,5	0,0	8,15	0,1	328	99	1	1.0
475	7,18	2165,2323	11,17	963,2048	431	99	1	1.0
477	10,6	1,0	7,15	0,0	108	99	1	1.0
478	0,0	76,64	0,1	33,76	104	99	1	1.0
480	240,178	101,150	98,186	35,93	439	99	1	1.0
481	2,3	0,2	1,0	0,2	173	99	0.014309801162	0.2049602558218387
482	9,5	4,4	9,16	1,0	159	99	0.000507717151279	0.012836781974837385
483	2,2	101,111	0,4	56,70	123	99	1	1.0
484	25,28	10,7	11,19	12,15	297	99	0.10528542212	1.0
485	43,45	2,0	22,49	0,2	367	99	1	1.0
486	28,24	2,0	23,45	0,2	169	99	1	1.0
488	66,60	17,22	12,32	18,37	114	99	0.000460274132721	0.011834506090470457
489	0,0	6,5	2,0	0,8	325	99	1	1.0
490	5695,7109	3,12	3554,6790	0,2	117	99	1	1.0
491	2483,3130	110,122	1452,2873	63,123	117	99	1	1.0
492	2478,3122	1,11	1442,2860	6,16	117	99	1	1.0
493	2865,3617	1,11	1720,3353	6,16	138	99	1	1.0
494	391,498	4,3	279,494	1,1	120	99	1	1.0
495	2474,3120	3,5	1442,2861	3,2	117	99	1	1.0
496	3430,4139	3,5	2091,4024	3,2	138	99	1	1.0
497	956,1020	0,1	650,1165	1,2	120	99	1	1.0
498	147,183	1158,1500	25,60	604,1115	112	99	1	1.0
499	102,117	115,157	19,57	119,222	112	99	7.37765050118e-06	0.0002797973952572515
500	9,17	149,173	3,10	77,151	351	99	1	1.0
501	68,109	90,97	12,51	70,176	120	99	0.000141678476153	0.004055212232530208
502	424,383	1,3	179,380	3,10	139	99	1	1.0
503	9,5	186,196	4,15	173,333	111	99	1	1.0
504	15,18	41,51	11,26	26,49	396	99	1	1.0
506	8,3	1,0	3,2	0,0	103	99	1	1.0
508	10,31	23,44	11,25	8,28	532	99	1	1.0
509	4,18	11,20	7,8	1,8	104	99	0.24814824608	1.0
511	5,0	0,0	0,1	0,1	123	99	1	1.0
514	314,316	3,8	168,297	0,2	113	99	1	1.0
515	481,515	17,8	240,475	0,1	126	99	1	1.0
516	9,5	14,15	2,5	10,10	146	99	1	1.0
517	202,357	1,0	144,217	0,1	482	99	1	1.0
518	97,142	2,0	59,102	0,0	478	99	1	1.0
519	17,27	79,70	10,36	26,33	129	99	0.395561758995	1.0
520	5,7	169,160	45,87	32,69	103	99	0	0.0
521	54,43	47,53	23,37	24,25	285	99	1	1.0
522	13,6	28,17	5,12	16,21	169	99	1	1.0
524	269,189	0,4	168,244	6,13	103	99	1	1.0
526	0,0	3,4	0,2	1,7	103	99	1	1.0
528	113,154	2,0	57,112	0,0	552	99	1	1.0
529	47,35	57,71	12,25	12,39	395	99	1	1.0
531	1,2	115,103	5,1	64,94	218	99	1	1.0
532	260,274	17,24	131,288	7,26	103	99	1	1.0
534	0,6	0,1	4,0	0,0	162	99	1	1.0
536	52,63	247,281	23,56	116,304	306	99	1	1.0
537	2,5	323,264	0,0	151,292	103	99	1	1.0
538	614,496	0,0	257,400	0,2	123	99	1	1.0
539	668,654	32,44	437,668	1,4	129	99	1	1.0
540	1180,1184	13,12	614,1056	3,10	341	99	1	1.0
541	84,98	7,2	45,105	2,1	179	99	1	1.0
544	2,0	0,3	0,1	0,1	110	99	1	1.0
546	7,5	37,28	20,33	2,6	117	99	1.11022302463e-14	1.6842083283637098e-12
547	58,64	1,2	14,30	1,0	203	99	1	1.0
548	80,168	37,46	66,102	40,45	159	99	1	1.0
549	42,39	10,13	14,25	4,9	119	99	1	1.0
550	17,18	10,13	29,25	4,9	144	99	0.146648432712	1.0
551	10,5	35,26	24,19	9,19	124	99	0.00142092037481	0.02799397673489312
552	4,3	200,167	3,3	114,206	102	99	1	1.0
554	139,158	85,95	48,98	78,136	296	99	0.0304577862924	0.3882727882821076
555	0,2	1,0	0,1	0,0	116	99	1	1.0
556	20,23	26,22	1,10	26,62	122	99	8.05469108455e-05	0.0023958757598553627
557	100,68	9,5	80,97	9,7	736	99	1	1.0
558	91,71	9,5	95,129	9,7	741	99	1	1.0
559	15,14	24,11	15,33	0,1	104	99	3.51064621817e-10	2.5360239585542332e-08
560	3,3	55,76	1,0	42,42	102	99	1	1.0
561	14,3	28,42	1,6	12,12	111	99	1	1.0
562	7,1	110,132	1,5	51,114	310	99	1	1.0
565	33,31	0,2	20,29	0,0	229	99	1	1.0
567	5,10	0,2	8,13	0,0	313	99	1	1.0
568	16,12	110,118	1,2	52,119	114	99	1	1.0
570	2,2	96,84	1,1	9,33	103	99	1	1.0
571	78,78	99,117	16,30	84,125	117	99	0.00104479677496	0.022013287605754446
572	67,39	2,0	26,56	2,4	200	99	1	1.0
573	10,11	33,31	13,18	9,14	124	99	0.00819778339957	0.13372083244244828
574	147,132	7,10	92,171	4,12	221	99	1	1.0
575	3,5	111,106	2,2	33,97	270	99	1	1.0
577	0,4	9,3	0,0	2,7	110	99	1	1.0
578	9,7	53,72	21,34	38,84	236	99	0.695655060803	1.0
579	283,207	0,1	103,188	0,0	144	99	1	1.0
581	180,192	5,2	131,253	0,6	130	99	1	1.0
582	2,0	13,12	0,0	15,5	111	99	1	1.0
583	0,2	0,1	1,2	0,1	110	99	1	1.0
584	1,2	3,2	1,2	0,0	126	99	0.000901427676101	0.019535225494931672
585	1,1	3,2	0,1	0,0	115	99	1	1.0
586	10,21	784,874	0,8	312,681	263	99	1	1.0
587	11,11	26,29	12,3	16,8	559	99	1	1.0
588	40,49	20,15	13,19	16,10	118	99	0.450804905097	1.0
589	4,12	20,15	2,2	16,10	127	99	0.429957101043	1.0
590	4,5	40,42	0,0	11,17	108	99	1	1.0
591	1,1	49,67	1,4	25,83	120	99	1	1.0
592	11,28	148,137	25,52	39,106	117	99	0.00360151938737	0.06504172512667011
593	42,52	6,3	21,42	0,0	741	99	0.00102563042519	0.02191382190159479
594	36,22	2,0	10,33	0,1	122	99	1	1.0
595	185,187	7,5	83,116	3,1	190	99	1	1.0
596	4,15	0,2	8,23	0,0	212	99	1	1.0
597	71,79	3,1	25,60	2,1	112	99	1	1.0
598	0,1	0,0	0,1	1,0	106	99	1	1.0
599	2480,2626	3,0	1320,2617	0,0	211	99	1	1.0
600	0,1	10,4	1,0	3,6	259	99	1	1.0
601	84,105	25,24	56,92	13,9	103	99	1	1.0
602	0,0	112,115	0,1	72,127	103	99	1	1.0
604	30,33	5,2	10,29	4,1	269	99	1	1.0
605	7,0	40,37	1,6	14,49	282	99	1	1.0
606	19,12	375,311	9,12	156,294	116	99	1	1.0
608	11,6	824,852	12,15	569,1162	254	99	1	1.0
609	0,1	78,101	2,0	80,132	103	99	1	1.0
610	2,5	0,2	0,2	0,0	103	99	1	1.0
611	7,4	72,61	7,0	33,56	102	99	1	1.0
612	45,64	11,13	26,58	3,5	115	99	0.875061535383	1.0
613	12,6	1,0	3,14	0,1	166	99	1	1.0
615	51,76	85,110	35,91	40,67	146	99	0.552524115019	1.0
616	28,15	0,0	12,15	2,3	103	99	0.542483586645	1.0
618	75,82	0,2	38,81	0,0	115	99	1	1.0
619	12,23	5,7	7,25	6,12	258	99	0.77318332349	1.0
620	71,71	160,165	72,107	89,137	315	99	1	1.0
621	9,15	34,43	7,11	34,58	125	99	1	1.0
622	24,34	34,43	20,62	34,58	541	99	1	1.0
623	20,34	5,15	18,53	5,2	515	99	0.197947526754	1.0
624	1,0	5,1	0,1	1,2	107	99	1	1.0
625	47,49	6,5	29,57	1,2	116	99	1	1.0
626	480,501	4,0	205,368	0,0	259	99	1	1.0
628	93,130	52,55	129,225	44,105	1002	99	1	1.0
629	234,202	1,1	76,193	0,0	323	99	1	1.0
630	4,5	105,107	11,6	89,141	307	99	1	1.0
632	100,90	100,101	22,62	69,106	342	99	1	1.0
633	92,87	100,101	21,65	69,106	382	99	1	1.0
634	8,6	16,9	3,8	4,5	139	99	0.628526370288	1.0
635	54,70	213,230	64,130	70,136	524	99	1	1.0
637	261,323	1,4	146,292	0,0	653	99	1	1.0
638	87,97	19,17	38,85	6,0	114	99	0.280097955447	1.0
640	29,41	22,12	15,35	12,12	103	99	1	1.0
641	5,7	22,7	7,19	1,6	103	99	0.00294304775642	0.05651396767707771
642	18,8	19,9	4,10	7,22	120	99	0.580752244034	1.0
643	64,35	0,3	24,55	0,1	201	99	1	1.0
644	65,36	0,3	27,67	0,1	180	99	1	1.0
645	3,2	225,221	5,3	144,231	105	99	1	1.0
646	343,322	38,43	192,423	32,57	2780	99	1	1.0
647	2,3	29,25	3,2	15,18	291	99	1	1.0
648	4,1	4,2	3,9	2,4	137	99	0.392832881262	1.0
649	0,2	317,298	2,7	159,298	117	99	1	1.0
650	381,311	46,58	164,258	25,39	295	99	1	1.0
651	216,210	4,9	109,170	10,11	105	99	1	1.0
652	93,88	70,46	79,133	68,78	105	99	1	1.0
653	4,0	2,1	0,2	1,2	130	99	0.56766108705	1.0
655	157,144	24,26	99,186	9,17	127	99	1	1.0
656	16,16	282,271	4,18	195,289	102	99	1	1.0
657	11,9	64,72	3,10	51,65	122	99	1	1.0
658	9,9	349,350	2,6	237,281	388	99	1	1.0
659	1,3	126,92	1,0	36,108	102	99	1	1.0
660	4,6	0,3	0,3	4,9	158	99	0.00196726762256	0.03826083312081436
661	16,29	983,1209	9,26	667,1098	459	99	1	1.0
662	1647,2162	14,20	1040,2038	16,35	260	99	1	1.0
663	391,544	267,408	260,592	115,175	134	99	0.0487946468187	0.5921718337917432
665	0,0	66,72	0,1	35,39	108	99	1	1.0
667	6,13	4,1	7,7	2,2	306	99	1	1.0
668	16,30	4,1	10,20	2,2	508	99	1	1.0
669	12,21	2,4	4,16	1,3	301	99	1	1.0
670	9,25	0,1	7,21	1,3	113	99	1	1.0
671	9,7	128,108	24,27	53,139	115	99	0.2438227005	1.0
674	22,19	14,10	2,20	9,32	103	99	0.0401538358657	0.49928990990382704
675	4,10	35,29	6,6	12,40	320	99	1	1.0
676	47,57	264,227	6,14	127,275	102	99	0.19494680835	1.0
677	521,491	60,51	267,382	50,89	747	99	0.12021996598	1.0
678	13,8	217,229	8,9	185,285	129	99	1	1.0
680	188,216	23,24	81,207	15,49	120	99	1	1.0
681	4,4	3,1	0,2	3,0	125	99	0.431151491179	1.0
682	3,1	12,9	0,1	2,7	250	99	1	1.0
684	10,18	12,11	0,7	0,5	203	99	1	1.0
685	0,2	4,5	0,0	3,8	118	99	1	1.0
686	37,41	10,14	14,42	2,6	821	99	0.43605341525	1.0
688	10961,10203	0,1	5172,9728	0,0	169	99	1	1.0
689	5,5	1533,1408	5,6	753,1302	174	99	1	1.0
691	3,6	72,54	3,2	28,75	328	99	1	1.0
692	210,228	57,64	73,156	30,78	102	99	0.955780160503	1.0
694	56,53	86,108	5,28	15,56	188	99	1	1.0
695	678,859	3,1	379,802	2,0	293	99	1	1.0
696	60,54	22,22	34,75	11,26	106	99	1	1.0
697	0,2	975,990	0,1	414,848	153	99	1	1.0
698	6,7	58,64	2,5	38,37	102	99	1	1.0
699	101,109	0,2	54,99	0,1	123	99	1	1.0
701	6,0	80,59	5,5	29,68	377	99	1	1.0
702	7,9	0,2	0,1	5,15	102	99	6.34048369363e-13	8.015428136030591e-11
703	3,2	0,0	0,1	6,10	102	99	1.11022302463e-16	2.4060118976624427e-14
704	53,68	9,7	25,71	5,8	412	99	1	1.0
705	79,60	0,0	28,34	0,3	180	99	1	1.0
706	40,50	5,9	55,91	1,14	126	99	1	1.0
707	5,7	1,0	2,10	0,0	263	99	1	1.0
708	3,0	294,259	1,0	131,240	124	99	1	1.0
709	40,48	819,904	28,52	561,849	525	99	1	1.0
710	11,2	120,107	2,1	66,106	304	99	1	1.0
711	53,80	9,13	47,86	4,20	336	99	1	1.0
712	20,31	20,15	7,11	8,26	153	99	0.176043769524	1.0
713	86,112	3,10	64,110	3,1	410	99	0.529759320997	1.0
714	77,86	3,1	29,82	0,1	185	99	1	1.0
715	82,106	25,17	53,79	31,36	120	99	0.182271625969	1.0
716	1,1	238,257	0,2	83,210	275	99	1	1.0
717	3,4	460,438	3,6	239,365	103	99	1	1.0
718	4,4	0,2	2,6	0,0	103	99	1	1.0
719	18,19	4,0	22,32	9,8	157	99	0.178853127217	1.0
720	4,9	222,220	8,14	115,184	451	99	1	1.0
721	32,34	579,556	27,56	564,1092	291	99	1	1.0
722	0,1	136,98	0,1	75,117	103	99	1	1.0
724	7,2	850,887	2,5	539,962	102	99	1	1.0
725	0,0	296,236	1,0	213,341	103	99	1	1.0
726	98,106	0,1	64,98	1,0	210	99	1	1.0
727	342,356	0,1	236,393	0,0	389	99	1	1.0
728	25,39	4,0	29,64	0,0	303	99	1	1.0
729	10,19	38,35	18,41	10,24	130	99	0.00111960683905	0.02326635034025822
730	11,15	38,35	9,28	10,24	135	99	0.0534616842189	0.633604491875557
731	3,4	2,8	1,4	10,17	104	99	0.253987416268	1.0
734	3,1	58,51	4,8	13,45	119	99	0.711708944568	1.0
735	96,111	14,11	62,85	4,13	231	99	1	1.0
736	11,6	123,148	5,3	97,162	102	99	1	1.0
737	76,73	102,100	36,60	51,94	506	99	1	1.0
738	11,7	0,0	4,15	0,1	103	99	1	1.0
739	434,423	13,16	280,422	1,2	144	99	1	1.0
741	13,7	1424,1361	1,10	723,1221	364	99	1	1.0
742	2,1	953,857	13,5	486,827	104	99	1	1.0
743	34,33	5,5	29,10	1,6	307	99	1	1.0
744	571,599	1,1	440,690	0,0	2326	99	1	1.0
745	27,27	212,297	22,29	104,176	374	99	1	1.0
746	130,122	28,35	69,83	16,56	121	99	0.947429990143	1.0
747	22,9	21,27	10,7	23,20	1345	99	1	1.0
748	1805,1724	4,8	962,1924	15,13	102	99	1	1.0
749	907,845	656,611	744,1277	157,274	113	99	1.87747262181e-10	1.58229220404765e-08
750	237,266	8,1	101,167	0,3	437	99	1	1.0
752	5,7	0,2	3,7	1,2	108	99	0.613272775147	1.0
753	24,28	17,28	38,31	0,0	122	99	0	0.0
755	25,30	4,1	11,21	0,0	104	99	1	1.0
756	180,193	7,15	90,208	5,15	146	99	1	1.0
758	10,17	33,18	7,17	8,16	103	99	0.606491401878	1.0
759	1,1	2,0	1,0	0,4	103	99	0.0220084984413	0.29286747487238685
760	3,1	109,110	3,10	123,223	103	99	1	1.0
763	22,18	16,9	18,14	1,2	104	99	0.00355333242548	0.06504172512667011
764	0,0	13,17	1,0	8,14	138	99	1	1.0
766	175,220	6,4	148,220	1,1	120	99	1	1.0
768	5,8	72,60	0,11	38,76	326	99	1	1.0
770	16,22	30,17	4,13	15,30	128	99	0.396656211812	1.0
772	109,139	154,148	36,102	62,109	200	99	1	1.0
773	15,20	45,28	3,8	32,38	206	99	0.608764290756	1.0
774	15,17	0,1	16,20	0,0	125	99	1	1.0
775	6,10	242,244	0,2	154,300	332	99	1	1.0
777	3,2	2,1	1,8	0,1	196	99	0.00399477219116	0.071294934282232
778	11,3	665,775	0,3	367,659	166	99	1	1.0
779	31,43	7,14	15,57	1,3	359	99	0.00881495415501	0.13785861291907392
780	14,20	158,132	17,54	76,86	126	99	0.212743895427	1.0
781	181,162	7,14	79,103	1,3	332	99	0.954444584951	1.0
782	61,65	32,29	37,54	4,9	116	99	0.0197242293875	0.27201505437125
783	30,24	18,9	23,25	7,14	116	99	1	1.0
785	45,47	4,3	27,52	2,10	103	99	1	1.0
786	21,23	27,44	8,24	7,18	110	99	0.344269525531	1.0
787	75,62	304,332	34,88	189,370	283	99	1	1.0
788	0,1	249,216	0,0	106,240	103	99	1	1.0
789	233,239	46,31	149,218	10,26	399	99	0.726236622169	1.0
790	129,182	4,0	82,162	0,0	267	99	1	1.0
791	0,0	1,0	1,0	1,0	233	99	1	1.0
792	56,57	0,0	25,46	1,0	344	99	1	1.0
793	27,21	5,5	12,16	2,4	241	99	1	1.0
795	6,6	104,92	0,9	73,78	679	99	1	1.0
796	82,46	6,0	24,56	0,0	157	99	1	1.0
797	245,270	80,67	157,256	48,76	290	99	1	1.0
798	14,15	74,114	5,7	34,96	143	99	1	1.0
799	29,12	5,3	8,18	4,6	401	99	0.530811343386	1.0
800	3,6	124,100	12,22	52,75	286	99	1	1.0
801	22,30	0,1	7,34	1,3	219	99	1	1.0
802	6,2	256,308	7,4	137,273	294	99	1	1.0
803	31,33	226,276	23,29	124,284	253	99	1	1.0
804	225,232	56,70	89,197	19,79	114	99	1	1.0
805	223,281	360,374	120,183	164,279	594	99	1	1.0
806	53,43	897,707	44,66	440,855	620	99	1	1.0
807	57,47	1,0	29,74	0,0	117	99	1	1.0
808	92,75	61,67	36,65	65,96	168	99	0.138622794972	1.0
809	206,206	0,0	135,289	3,2	302	99	1	1.0
810	92,81	35,56	36,30	14,39	462	99	1	1.0
811	149,134	41,48	42,68	28,66	117	99	0.0143215472097	0.2049602558218387
812	319,339	151,171	177,306	85,173	120	99	1	1.0
813	6,7	116,73	5,9	47,78	118	99	1	1.0
814	24,18	307,312	14,12	109,231	260	99	1	1.0
815	70,58	0,1	23,36	0,0	141	99	1	1.0
818	27,27	83,72	13,22	22,57	139	99	1	1.0
819	18,11	8,3	3,6	4,3	168	99	0.503389392259	1.0
820	2,4	49,43	5,14	8,17	104	99	0.000263794337133	0.007146000168406446
821	17,25	1136,1280	29,20	595,1226	330	99	1	1.0
822	20,27	1136,1280	36,32	595,1226	416	99	1	1.0
823	5,4	1,1	7,13	0,1	185	99	0.372871874702	1.0
824	147,113	1,3	82,139	14,1	202	99	1	1.0
825	15,25	308,270	18,36	165,284	673	99	1	1.0
826	100,115	5,11	61,113	2,2	105	99	1	1.0
827	165,160	17,18	90,184	3,8	107	99	1	1.0
828	7,2	1,3	0,3	8,0	144	99	0.437556179304	1.0
829	18,18	0,0	9,9	0,1	102	99	1	1.0
830	35,35	30,46	17,43	26,27	110	99	1	1.0
831	1,0	11,6	3,9	10,4	117	99	0.00597575520012	0.10072467376202265
832	137,138	78,69	143,296	35,56	113	99	0.0159635617809	0.22422891871875275
834	32,37	476,468	18,38	253,422	103	99	1	1.0
835	4,7	2,1	3,5	2,20	208	99	0.0268496614945	0.3481276622833889
836	10,24	203,240	12,34	179,326	354	99	1	1.0
837	129,156	15,16	67,133	5,5	251	99	0.824746709115	1.0
838	141,173	0,2	69,144	1,0	456	99	1	1.0
839	31,34	0,2	7,17	1,0	304	99	1	1.0
840	71,80	60,60	39,68	39,47	162	99	1	1.0
841	64,75	7,9	28,61	11,22	110	99	0.114182237771	1.0
842	17,12	7,9	18,23	11,22	256	99	1	1.0
843	17,12	64,75	18,23	28,61	245	99	1	1.0
844	2,0	38,37	0,1	11,32	132	99	1	1.0
845	10,2	5,1	7,7	5,12	119	99	0.31385654733	1.0
846	3,2	8,14	0,0	15,28	110	99	0.896842380747	1.0
847	12,15	130,94	3,24	44,99	117	99	1	1.0
848	49,60	87,93	3,6	68,113	104	99	4.48885373316e-10	3.095268687819872e-08
849	10,5	1,0	6,10	0,0	137	99	1	1.0
851	122,127	1,2	58,70	2,0	297	99	1	1.0
853	108,118	0,0	93,126	1,4	113	99	1	1.0
855	2,7	48,27	1,2	11,29	517	99	1	1.0
857	4,2	30,28	2,1	11,18	152	99	1	1.0
858	216,203	690,628	159,326	178,297	117	99	1.99509749721e-07	1.00885430108919e-05
859	67,131	69,95	57,112	25,60	220	99	0.589620053553	1.0
860	5,6	563,621	5,18	314,609	103	99	1	1.0
861	10,13	118,114	20,25	33,101	104	99	0.142763158853	1.0
862	102,104	4,1	26,74	1,5	118	99	1	1.0
864	44,54	0,3	34,44	0,0	143	99	1	1.0
866	7,13	12,14	1,15	9,15	561	99	1	1.0
867	25,36	63,62	26,24	45,51	135	99	1	1.0
868	221,206	13,5	108,168	0,3	134	99	1	1.0
869	49,60	13,5	23,30	0,3	199	99	0.214567446553	1.0
870	4,4	176,150	6,2	91,140	164	99	1	1.0
871	3,0	6,2	0,0	3,6	105	99	1	1.0
872	41,48	0,0	35,56	1,0	299	99	1	1.0
873	335,285	23,13	165,345	3,5	146	99	1	1.0
874	239,182	146,135	243,326	22,31	111	99	1.11022302463e-15	2.1052604104546375e-13
875	251,234	3,6	156,235	1,3	297	99	1	1.0
876	898,855	35,39	415,662	28,49	181	99	1	1.0
877	11,12	28,20	18,20	1,9	144	99	0.000727344088032	0.01646837285887379
878	13,8	26,26	3,10	11,11	312	99	1	1.0
879	12,19	2,5	11,19	0,0	120	99	0.316189333605	1.0
880	29,16	161,148	17,28	115,146	217	99	1	1.0
881	28,16	179,194	18,29	108,270	217	99	1	1.0
882	29,34	3,2	30,107	2,6	245	99	1	1.0
884	83,136	8,7	47,111	4,2	474	99	0.904187353708	1.0
885	35,71	8,7	20,47	4,2	505	99	0.863459954296	1.0
886	9,21	53,75	7,6	32,69	130	99	1	1.0
887	745,643	4,2	473,660	1,0	111	99	1	1.0
889	616,643	51,62	235,480	66,124	144	99	0.00868494562968	0.13785861291907392
890	1591,2347	1334,1526	1108,1972	767,1404	156	99	1	1.0
891	3718,4787	0,2	2243,3997	0,0	114	99	1	1.0
892	3994,4939	1,0	2618,4472	4,0	117	99	1	1.0
893	51,31	34,37	36,52	9,16	125	99	0.0216851666933	0.29286747487238685
894	254,353	47,48	140,242	17,29	247	99	1	1.0
895	75,125	5,7	37,105	0,1	191	99	1	1.0
896	53,57	1,0	33,70	0,0	305	99	1	1.0
897	89,110	136,118	77,98	83,123	789	99	1	1.0
898	37,53	136,118	44,28	83,123	583	99	1	1.0
899	49,61	18,13	45,30	7,22	583	99	1	1.0
900	29,50	12,9	18,35	8,13	251	99	0.975068181757	1.0
901	61,70	30,22	38,37	3,21	419	99	0.874845585837	1.0
903	97,47	2,2	29,61	1,6	138	99	1	1.0
904	28,19	2,0	22,29	0,1	123	99	1	1.0
905	1,2	1830,1998	4,5	935,1686	120	99	1	1.0
906	0,0	4,1	0,2	1,3	116	99	1	1.0
907	0,2	0,1	0,0	0,2	104	99	1	1.0
909	9,3	265,286	4,5	162,297	265	99	1	1.0
910	0,5	467,483	5,7	214,447	103	99	1	1.0
911	19,17	38,34	11,26	15,26	118	99	0.635525036444	1.0
913	7,6	164,177	6,1	90,131	103	99	1	1.0
914	7,6	34,26	4,1	10,41	103	99	0.885075145188	1.0
916	11,5	263,176	6,9	106,229	103	99	1	1.0
917	3,0	0,0	3,5	3,0	116	99	1	1.0
918	3,3	1136,930	14,20	526,928	337	99	1	1.0
919	0,3	1136,930	14,16	526,928	320	99	1	1.0
920	49,54	744,926	29,45	359,651	311	99	1	1.0
921	48,67	744,926	34,49	359,651	565	99	1	1.0
922	5,20	6,7	10,17	5,13	353	99	1	1.0
923	15,21	7,3	2,4	9,19	103	99	3.36886735008e-06	0.00013812356135328
924	142,159	6,2	92,173	3,13	1034	99	0.473806915073	1.0
925	30,40	224,219	29,30	130,248	393	99	1	1.0
927	109,98	18,13	53,59	14,19	108	99	0.968574820152	1.0
928	12,8	941,964	4,11	460,805	103	99	1	1.0
929	26,35	810,819	20,22	400,670	135	99	1	1.0
930	0,2	0,0	0,0	1,0	313	99	1	1.0
932	30,18	112,147	51,78	93,142	231	99	0.451961437282	1.0
933	6,5	62,75	5,3	43,73	242	99	1	1.0
935	36,27	1,0	7,17	0,0	260	99	1	1.0
936	142,162	806,871	51,105	342,652	566	99	1	1.0
937	1,1	0,0	0,0	0,1	117	99	1	1.0
938	0,1	18,22	0,0	4,11	434	99	1	1.0
939	5,11	85,64	2,7	30,80	300	99	1	1.0
940	15,15	398,420	17,20	218,410	274	99	1	1.0
941	16,20	127,138	4,7	51,132	383	99	1	1.0
942	50,42	0,1	41,66	0,0	341	99	1	1.0
943	136,183	0,3	74,156	0,0	505	99	1	1.0
944	68,70	156,117	58,103	30,43	105	99	9.81653075494e-08	5.31845612687285e-06
945	11,12	0,1	4,9	1,0	163	99	1	1.0
947	0,0	108,139	1,4	83,114	138	99	1	1.0
949	3,1	22,16	3,7	18,18	130	99	1	1.0
951	2,0	2942,2795	2,4	1731,3672	139	99	1	1.0
952	59,49	3012,2861	63,130	2045,3543	117	99	1	1.0
953	39,30	0,4	11,35	0,2	240	99	1	1.0
954	236,201	66,61	57,76	67,122	122	99	1.98431382437e-10	1.5843179324048894e-08
955	15,29	11,16	6,23	1,0	103	99	2.79125880881e-05	0.0009409643584366155
956	697,836	2,1	557,871	2,0	1203	99	1	1.0
958	16,18	17,43	5,16	12,19	131	99	1	1.0
960	14,8	0,4	6,18	7,10	110	99	0.0817605814823	0.9187466822862898
962	2,6	3,7	2,2	5,5	220	99	0.858261289164	1.0
963	11,21	164,207	24,39	97,223	135	99	1	1.0
964	731,643	36,35	414,682	3,12	138	99	1	1.0
965	14,7	155,180	17,27	152,251	123	99	1	1.0
966	212,241	0,0	160,278	0,1	103	99	1	1.0
967	6,11	138,142	5,13	90,133	285	99	1	1.0
968	17,14	1,0	31,24	0,0	295	99	1	1.0
969	76,63	16,22	7,16	18,34	111	99	5.09203326171e-08	2.9710055607746424e-06
970	1,3	52,50	2,5	12,51	279	99	1	1.0
971	2,3	84,83	0,0	66,101	103	99	1	1.0
972	54,90	1,0	33,39	4,1	128	99	1	1.0
973	195,245	2,2	92,215	0,0	1458	99	1	1.0
974	596,567	9,10	352,737	1,0	122	99	1	1.0
975	147,133	0,1	72,187	0,2	122	99	1	1.0
978	219,268	1757,2112	174,350	1040,2026	551	99	1	1.0
979	283,326	1757,2112	199,410	1040,2026	656	99	1	1.0
980	92,103	16,32	50,100	23,39	204	99	0.623554985445	1.0
981	1,8	13,6	0,1	0,1	132	99	1	1.0
982	16,24	235,252	14,21	199,208	160	99	1	1.0
983	29,28	449,456	18,27	256,381	311	99	1	1.0
984	126,134	102,106	49,85	84,165	270	99	0.106295066684	1.0
985	58,63	18,20	31,47	11,14	159	99	1	1.0
986	1548,1611	106,127	688,1250	86,169	842	99	0.215368276168	1.0
987	3,1	12,13	0,2	7,9	121	99	1	1.0
988	2883,3235	0,3	1996,3057	0,0	114	99	1	1.0
991	12,6	26,17	1,6	16,23	141	99	0.668540617556	1.0
992	0,1	101,87	0,0	24,69	105	99	1	1.0
993	61,73	3,8	52,146	0,4	104	99	1	1.0
994	1,0	21,34	0,2	16,27	108	99	1	1.0
995	4,3	25,22	2,6	24,36	124	99	1	1.0
996	7,9	1,1	1,9	0,0	453	99	0.444325903133	1.0
997	7,1	227,257	0,2	122,199	103	99	1	1.0
999	102,68	5,3	77,131	1,3	949	99	0.451932412968	1.0
1000	833,693	6,3	156,431	0,0	132	99	1	1.0
1001	8,7	0,0	11,9	0,1	181	99	1	1.0
1002	194,186	3,1	85,155	3,7	109	99	1	1.0
1005	17,21	41,57	4,7	31,36	166	99	0.947938843288	1.0
1006	1,1	7213,6396	1,5	4764,9384	103	99	1	1.0
1007	1,0	0,1	0,1	0,2	103	99	1	1.0
1008	19,31	613,653	10,27	337,662	508	99	1	1.0
1009	5,8	613,653	5,10	337,662	269	99	1	1.0
1010	1,3	24,35	1,0	25,22	117	99	1	1.0
1011	1,1	301,293	4,13	120,207	108	99	1	1.0
1012	6,0	27,57	1,1	16,47	261	99	1	1.0
1013	62,51	1,0	12,48	0,0	545	99	1	1.0
1016	0,0	2201,2259	1,0	1122,2238	103	99	1	1.0
1018	23,32	48,65	27,19	57,78	659	99	1	1.0
1019	46,50	52,68	10,33	36,87	138	99	0.141789809593	1.0
1020	0,6	78,76	3,2	33,74	412	99	1	1.0
1022	1,3	2,6	0,0	6,5	127	99	0.720840030674	1.0
1024	7,13	38,33	25,38	65,88	110	99	1	1.0
1025	1376,1412	19,46	984,1595	25,49	123	99	1	1.0
1026	9,17	3204,2741	1,17	1465,2981	278	99	1	1.0
1027	26,22	0,1	12,31	0,0	337	99	1	1.0
1028	30,24	487,409	9,11	175,395	309	99	1	1.0
1030	32,37	40,19	14,28	5,19	111	99	0.952377324868	1.0
1031	350,375	7,15	203,289	14,13	140	99	1	1.0
1034	382,469	1,0	245,301	0,0	143	99	1	1.0
1035	130,160	28,25	68,110	5,8	117	99	1	1.0
1036	7,7	41,53	3,12	6,43	400	99	1	1.0
1037	83,88	23,17	57,107	1,1	104	99	0.00139592010434	0.027863299977418158
1038	106,92	2,6	90,154	0,0	155	99	1	1.0
1040	3,5	18,43	1,1	23,71	119	99	1	1.0
1041	0,0	105,97	0,1	59,105	102	99	1	1.0
1042	12,13	20,10	9,26	21,26	102	99	1	1.0
1043	253,352	7,1	125,269	1,3	322	99	1	1.0
1044	5,7	3500,4201	6,3	2084,3413	384	99	1	1.0
1045	197,160	1,0	74,179	1,0	494	99	1	1.0
1046	135,141	12,13	89,116	6,4	216	99	1	1.0
1047	2,3	54,48	1,1	40,37	113	99	1	1.0
1048	4,6	0,1	5,13	0,1	224	99	1	1.0
1049	29,51	68,82	39,92	38,64	505	99	0.886183897283	1.0
1050	7,13	0,0	8,31	0,1	200	99	1	1.0
1051	9,22	9,12	11,10	5,12	360	99	1	1.0
1054	4,8	9,12	7,3	6,18	653	99	1	1.0
1056	9,17	6,4	8,17	0,4	248	99	0.250007127693	1.0
1057	117,135	24,9	50,113	17,26	146	99	0.641681595873	1.0
1058	9,9	131,122	3,16	77,107	237	99	1	1.0
1059	212,205	1,10	59,142	4,5	342	99	1	1.0
1060	46,56	6,5	23,69	0,1	104	99	1	1.0
1062	0,3	21,32	0,2	12,18	103	99	1	1.0
1064	13987,9958	14697,10001	15015,25186	5256,9482	110	99	6.63970767256e-10	4.379320234466747e-08
1065	89,56	2,2	7,20	11,29	105	99	1.7763568394e-15	2.9941481392997777e-13
1066	4,7	0,0	0,0	1,3	105	99	3.11498604688e-10	2.3627169165584798e-08
1067	62,104	17,19	28,76	11,15	252	99	1	1.0
1068	17,17	5,9	9,6	0,6	166	99	0.795970717974	1.0
1069	15,14	263,296	6,26	133,241	252	99	1	1.0
1070	0,0	60,77	2,4	42,59	117	99	1	1.0
1071	14,5	0,0	12,19	1,1	126	99	1	1.0
1073	348,330	2,0	206,386	0,0	470	99	1	1.0
1074	6,2	72,64	1,4	30,64	270	99	1	1.0
1075	4,3	95,89	0,11	76,117	276	99	1	1.0
1077	4,0	85,108	0,4	66,106	103	99	1	1.0
1078	448,485	0,0	254,510	0,3	102	99	1	1.0
1079	56,51	1,1	17,49	0,1	128	99	1	1.0
1080	11,15	20,37	2,2	20,46	158	99	0.0292056388731	0.37546571330926015
1082	55,68	74,100	6,28	53,70	180	99	0.13656538279	1.0
1084	9,10	0,1	1,1	0,1	202	99	1	1.0
1085	386,397	13,7	239,379	5,3	665	99	1	1.0
1086	6,7	16,14	20,33	13,13	272	99	0.00879417220063	0.13785861291907392
1087	46,42	54,60	48,106	8,10	111	99	2.73336908663e-13	3.7695644585615545e-11
1088	5,3	33,30	5,11	0,5	111	99	2.04010091247e-05	0.0007197286242365093
1089	40,77	62,60	33,43	50,88	115	99	0.739874586273	1.0
1090	2,1	57,71	0,0	17,39	106	99	1	1.0
1091	99,116	39,55	63,117	14,25	149	99	0.273037370031	1.0
1093	5,5	533,479	8,6	257,398	103	99	1	1.0
1094	14,11	244,338	2,7	151,287	274	99	1	1.0
1095	16,11	508,581	2,5	248,493	274	99	1	1.0
1096	8,8	130,157	5,6	82,142	373	99	1	1.0
1097	22,40	4,1	17,32	0,7	386	99	1	1.0
1098	29,58	18,16	22,61	5,9	170	99	0.285428957789	1.0
1099	4,3	4,10	2,1	1,1	136	99	0.594160683787	1.0
1100	12,8	0,0	12,32	0,3	282	99	1	1.0
1102	1,7	92,98	4,6	34,65	254	99	1	1.0
1105	2,0	343,295	4,9	148,255	337	99	1	1.0
1106	29,51	3,0	8,37	0,0	139	99	1	1.0
1107	1,0	7,4	7,9	7,1	290	99	0.00609197025152	0.10155515243467957
1108	11,6	130,151	15,22	44,117	498	99	1	1.0
1109	17,10	130,151	15,14	44,117	307	99	1	1.0
1110	1,2	2,5	1,0	1,2	219	99	0.464711584843	1.0
1111	3,10	116,115	3,6	52,99	392	99	1	1.0
1112	3,7	18,21	1,4	20,29	263	99	1	1.0
1113	4,13	116,115	3,8	52,99	272	99	1	1.0
1114	17,28	814,908	5,10	292,464	105	99	1	1.0
1115	12,17	5,3	4,7	0,2	103	99	0.341713924477	1.0
1116	46,52	82,110	34,57	41,64	183	99	0.969333462623	1.0
1117	3,0	15,18	4,2	14,18	127	99	1	1.0
1118	41,44	132,138	36,64	55,131	241	99	1	1.0
1119	46,36	3,1	12,29	13,18	126	99	1.81654911269e-06	7.654736122085361e-05
1120	66,77	65,53	38,69	29,79	241	99	1	1.0
1121	85,98	1,3	26,63	0,0	175	99	1	1.0
1122	0,1	18,14	0,0	17,36	117	99	1	1.0
1123	53,74	2,5	23,53	0,0	118	99	1	1.0
1124	322,377	434,636	125,294	228,502	217	99	1	1.0
1126	45,58	28,24	26,34	9,18	263	99	1	1.0
1127	76,78	6,18	25,32	5,18	114	99	0.507706308767	1.0
1128	266,312	5,4	146,241	1,6	109	99	1	1.0
1129	17,21	0,1	17,21	4,5	109	99	0.214185384866	1.0
1130	33,37	85,79	25,40	32,68	156	99	1	1.0
1131	8,8	3,3	3,11	2,1	149	99	0.539175416548	1.0
1132	47,85	10,11	52,92	7,9	107	99	1	1.0
1133	11,18	24,11	16,9	0,14	107	99	0.224867316046	1.0
1135	14,10	2,2	1,6	2,15	129	99	5.67952568661e-05	0.0017949667638723686
1136	29,32	144,159	26,31	58,114	374	99	1	1.0
1137	10,3	319,280	1,6	154,303	103	99	1	1.0
1138	42,26	231,247	21,49	209,285	273	99	1	1.0
1139	4,1	293,259	2,3	184,304	132	99	1	1.0
1140	9,18	0,2	5,6	13,8	117	99	1.11176137463e-06	4.8186914437534573e-05
1143	31,52	3,1	20,28	0,3	154	99	1	1.0
1144	9,10	11,17	4,14	5,6	152	99	0.479299709206	1.0
1145	1,1	5,7	0,2	22,17	198	99	1	1.0
1147	6,2	186,222	2,3	118,213	243	99	1	1.0
1148	14,10	353,391	12,16	118,262	103	99	1	1.0
1149	18,7	2,0	4,13	1,1	102	99	1	1.0
1150	34,49	103,95	19,52	39,53	111	99	0.732347926879	1.0
1151	17,12	97,105	10,6	46,82	282	99	1	1.0
1153	103,90	1,0	33,89	0,2	118	99	1	1.0
1154	105,103	165,130	47,82	73,136	102	99	1	1.0
1156	74,62	1,4	46,81	2,1	146	99	1	1.0
1157	19,26	398,406	20,18	292,432	472	99	1	1.0
1158	17,20	120,100	18,47	42,66	103	99	0.0154019572528	0.21836232852801496
1159	179,194	650,786	44,97	508,877	116	99	0.841267001806	1.0
1160	111,105	16,13	45,92	2,2	228	99	0.0605301328209	0.7118155929403511
1161	166,165	36,35	68,155	50,42	245	99	0.336037572838	1.0
1162	71,73	36,35	25,65	50,42	116	99	0.261163500512	1.0
1163	3,2	5,2	1,1	2,3	110	99	0.662917323006	1.0
1165	0,1	179,211	0,0	117,274	101	99	1	1.0
1167	95,102	0,0	34,104	1,0	127	99	1	1.0
1168	127,138	8,12	44,151	6,23	127	99	1	1.0
1169	1168,1091	7,4	636,1113	12,7	378	99	1	1.0
1170	18,20	51,98	4,12	37,62	233	99	1	1.0
1171	8,2	28,7	0,4	5,13	105	99	0.758000537903	1.0
1173	2,1	6,6	0,0	3,11	111	99	0.666160080678	1.0
1174	5,4	15,7	0,2	7,15	111	99	0.105841699304	1.0
1175	12,7	3257,2689	15,16	2375,4121	103	99	1	1.0
1176	5583,6168	1,1	2888,4796	0,0	1287	99	1	1.0
1177	69,75	268,310	30,33	165,310	182	99	1	1.0
1178	11,15	0,0	0,3	5,4	106	99	5.59172460923e-06	0.00021750374954363874
1181	96,106	30,52	61,81	48,71	175	99	0.131715114987	1.0
1182	6,5	686,699	8,5	317,592	299	99	1	1.0
1183	49,43	4,4	16,35	2,1	331	99	0.814571259439	1.0
1184	284,241	174,132	159,211	96,170	142	99	1	1.0
1185	415,367	24,21	241,359	13,28	181	99	1	1.0
1186	492,422	1,1	282,429	0,0	196	99	1	1.0
1187	305,258	24,21	178,318	13,28	138	99	1	1.0
1188	382,313	1,1	219,388	0,0	153	99	1	1.0
1189	101,76	1,1	54,98	0,0	114	99	1	1.0
1190	0,0	26,30	4,0	6,29	359	99	1	1.0
1191	17,27	9,3	14,22	0,0	116	99	0.0896774028025	1.0
1192	4,1	179,199	0,0	118,233	103	99	1	1.0
1194	84,73	30,35	42,72	18,16	143	99	1	1.0
1195	46,33	74,108	29,59	84,135	328	99	1	1.0
1196	10,9	5,5	4,16	6,5	311	99	1	1.0
1198	0,3	1408,1382	0,0	666,1448	126	99	1	1.0
1199	12,12	98,101	6,8	47,86	236	99	1	1.0
1202	134,96	2,0	94,165	3,0	483	99	1	1.0
1203	36,29	0,0	25,27	0,2	247	99	1	1.0
1204	1,0	4,2	0,0	1,0	103	99	1	1.0
1205	8,7	246,264	5,11	125,264	102	99	1	1.0
1206	4,7	760,803	5,4	352,691	159	99	1	1.0
1207	3,0	75,64	0,0	39,47	103	99	1	1.0
1208	7,7	55,55	7,13	17,24	126	99	0.154904539902	1.0
1210	200,166	6830,6311	128,241	4003,6789	106	99	1	1.0
1212	3,5	4582,4651	4,6	2739,5213	103	99	1	1.0
1214	28,31	0,3	17,39	3,1	175	99	1	1.0
1215	3,3	60,59	1,3	16,45	246	99	1	1.0
1216	36,41	56,63	47,73	4,4	111	99	0	0.0
1217	4,11	47,46	8,10	21,49	103	99	1	1.0
1218	315,336	2,2	325,487	0,0	2627	99	0.586993203845	1.0
1219	154,138	322,267	224,339	60,76	111	99	0	0.0
1220	95,91	15,13	44,77	33,49	105	99	7.74173923992e-05	0.002348843685391728
1221	25,22	7,8	5,22	6,9	126	99	0.6759976469	1.0
1222	32,39	0,5	16,48	4,4	1095	99	0.361624846397	1.0
1223	32,41	9,23	17,49	7,9	1131	99	1	1.0
1224	14,25	0,5	17,35	4,4	1068	99	0.608077935694	1.0
1225	14,27	9,23	18,36	7,9	1104	99	0.70652436227	1.0
1226	0,7	9,23	5,5	7,9	135	99	0.385730901627	1.0
1227	28,36	1,0	21,39	0,0	262	99	1	1.0
1228	125,120	50,55	97,110	39,65	393	99	1	1.0
1230	2099,2386	1,0	1016,1765	0,2	324	99	1	1.0
1231	4,3	3,2	4,0	0,0	150	99	1	1.0
1232	54,44	56,50	16,35	44,62	103	99	0.301488946146	1.0
1235	0,3	8,3	0,1	1,1	180	99	1	1.0
1236	53,55	27,20	43,85	20,19	206	99	1	1.0
1237	67,88	171,163	28,71	72,181	288	99	1	1.0
1238	41,39	109,144	11,45	51,86	935	99	1	1.0
1239	20,34	0,2	15,23	0,2	245	99	1	1.0
1240	7,5	20,51	3,5	11,32	566	99	1	1.0
1241	1,3	2,4	1,7	1,6	107	99	0.718396078858	1.0
1242	94,110	67,63	45,100	50,74	1250	99	1	1.0
1243	6,0	223,184	4,3	122,190	291	99	1	1.0
1244	6,5	0,2	2,2	0,0	103	99	1	1.0
1245	26,29	420,448	7,6	212,339	342	99	1	1.0
1247	914,789	64,80	989,1527	40,53	652	99	0.077606943483	0.8785800989829179
1249	0,0	145,120	1,0	51,116	102	99	1	1.0
1251	142,139	0,3	111,186	0,0	104	99	1	1.0
1252	24,35	63,103	53,117	41,104	267	99	0.00637303350571	0.10508578074089206
1253	4,1	431,501	1,3	183,382	278	99	1	1.0
1254	239,281	81,112	106,210	64,149	220	99	0.228492266918	1.0
1256	20,12	7,6	8,7	1,4	174	99	0.961292822316	1.0
1257	28,37	2,0	17,29	0,0	102	99	1	1.0
1258	133,115	7,3	47,111	1,4	220	99	1	1.0
1259	2,5	2,2	3,8	0,0	120	99	0.12413269752	1.0
1260	5,2	3,2	4,8	6,14	103	99	0.476998857507	1.0
1261	53,61	104,125	21,50	60,105	140	99	1	1.0
1262	0,1	59,56	0,0	33,73	103	99	1	1.0
1263	28,7	116,117	7,13	59,146	302	99	1	1.0
1265	5,19	130,150	5,18	55,91	494	99	1	1.0
1266	5,10	4,8	6,14	6,4	317	99	1	1.0
1267	17,35	216,216	16,43	99,173	692	99	1	1.0
1268	16,33	216,216	16,33	99,173	474	99	1	1.0
1270	4,2	99,90	0,0	43,69	168	99	1	1.0
1271	61,53	9,14	25,50	4,19	122	99	1	1.0
1272	4,13	3,0	3,4	0,0	381	99	0.467495981252	1.0
1273	22,33	37,23	4,13	4,20	792	99	1	1.0
1274	21,20	37,23	1,9	4,20	510	99	1	1.0
1275	21,15	984,1122	35,71	892,1553	345	99	1	1.0
1277	31,32	301,287	26,43	175,301	399	99	1	1.0
1279	113,155	3,0	38,65	0,2	163	99	1	1.0
1280	29,21	100,106	20,33	51,62	149	99	1	1.0
1281	23,15	1,0	12,19	1,3	149	99	1	1.0
1282	321,349	1,0	178,299	1,3	1119	99	1	1.0
1283	301,334	3,0	166,280	0,0	1069	99	1	1.0
1284	0,2	27,11	0,0	15,12	123	99	1	1.0
1285	4,5	0,0	2,4	2,0	143	99	1	1.0
1286	13,10	43,43	5,7	19,37	148	99	1	1.0
1287	327,316	0,4	156,316	0,0	752	99	1	1.0
1288	86,103	1,0	53,57	0,0	507	99	1	1.0
1289	2,2	15,10	1,2	10,10	131	99	1	1.0
1290	21,23	5,3	7,17	5,2	278	99	0.856925879924	1.0
1291	13,12	64,52	11,10	39,59	163	99	1	1.0
1292	277,214	8,3	122,219	1,5	105	99	1	1.0
1293	304,258	748,707	123,216	403,606	102	99	1	1.0
1295	3,6	2,0	8,2	0,2	114	99	1	1.0
1296	6,9	6,3	3,6	0,4	121	99	0.622778079081	1.0
1297	14,27	13,14	15,10	8,9	557	99	1	1.0
1298	102,75	0,0	33,111	1,0	210	99	1	1.0
1299	0,1	14,5	0,0	5,14	108	99	1	1.0
1300	12,6	2,0	17,8	0,0	126	99	1	1.0
1301	36,18	480,566	23,27	222,432	288	99	1	1.0
1302	62,75	116,121	29,52	69,117	337	99	1	1.0
1303	506,409	88,64	326,591	45,109	123	99	1	1.0
1304	4,5	102,98	5,14	28,69	291	99	1	1.0
1305	8,9	8,1	11,25	0,2	170	99	0.0396233377008	0.49676531646374883
1306	38,40	8,1	44,71	0,2	351	99	0.143268564182	1.0
1308	42,34	1,7	55,80	1,4	351	99	0.74316872607	1.0
1309	6,3	318,291	5,2	165,235	210	99	1	1.0
1310	69,65	1,0	26,73	0,1	383	99	1	1.0
1311	34,24	69,101	16,51	47,60	590	99	1	1.0
1316	283,267	4,2	160,261	0,0	186	99	1	1.0
1317	7,8	20,10	2,8	5,13	137	99	1	1.0
1318	183,147	657,657	38,105	343,698	364	99	1	1.0
1320	34,33	369,297	49,106	169,267	250	99	1	1.0
1322	2,1	1,0	0,3	0,2	103	99	1	1.0
1323	20,29	558,584	24,37	237,564	104	99	1	1.0
1326	35,37	64,71	20,25	36,78	143	99	1	1.0
1329	1,8	9,5	2,4	2,7	522	99	1	1.0
1330	4,9	711,704	2,5	367,701	102	99	1	1.0
1334	7,5	199,156	7,8	140,197	192	99	1	1.0
1337	1,1	2,1	1,3	0,0	143	99	0.00835618441094	0.13485459309995723
1339	28,46	12,8	17,28	9,20	102	99	0.297546447505	1.0
1340	0,1	7,8	0,1	5,5	173	99	1	1.0
1341	10,5	50,41	6,2	26,39	114	99	1	1.0
1342	77,38	10,2	43,56	1,4	111	99	1	1.0
1344	6,8	29,45	0,8	28,46	181	99	1	1.0
1345	3,1	0,2	1,4	0,0	162	99	1	1.0
1346	29,28	90,115	18,20	37,82	459	99	1	1.0
1347	1,0	76,82	0,4	37,66	102	99	1	1.0
1349	2,4	582,651	2,2	342,600	102	99	1	1.0
1351	3,0	255,263	1,7	142,297	116	99	1	1.0
1352	20,31	110,92	14,13	55,93	116	99	1	1.0
1353	186,136	2,2	92,180	3,6	140	99	1	1.0
1354	10,12	183,168	5,15	103,146	466	99	1	1.0
1358	1,1	136,118	1,1	65,120	108	99	1	1.0
1359	1,1	36,40	1,0	16,20	257	99	1	1.0
1360	15,12	12,9	7,41	3,4	123	99	0.0219917160841	0.29286747487238685
1362	5,3	98,101	0,2	39,74	180	99	1	1.0
1363	14,11	1008,1144	9,14	506,1100	319	99	1	1.0
1364	9,23	39,56	21,17	28,44	324	99	1	1.0
1366	6,1	1,0	0,1	0,0	103	99	1	1.0
1367	2,0	10,12	0,1	5,18	203	99	1	1.0
1368	192,231	482,507	88,155	257,406	1281	99	1	1.0
1370	12,10	23,22	4,4	8,24	129	99	0.711794439287	1.0
1371	5,2	0,0	1,2	2,2	105	99	0.0189557698911	0.2638156231632908
1373	147,140	1,0	79,102	0,0	433	99	1	1.0
1374	60,30	7,0	32,65	0,6	945	99	1	1.0
1375	3,0	3,0	0,0	3,1	126	99	1	1.0
1376	9,7	286,239	12,16	191,330	280	99	1	1.0
1377	9,7	286,239	15,17	191,330	253	99	1	1.0
1378	1,3	1,11	9,9	0,2	334	99	0.000246709073527	0.006804684809826527
1379	13,12	95,104	12,15	80,134	377	99	1	1.0
1380	13,20	95,104	3,8	80,134	142	99	1	1.0
1381	12,12	9,2	3,6	2,9	142	99	0.275118961248	1.0
1382	133,151	65,59	108,224	62,105	120	99	1	1.0
1383	7,8	51,53	4,9	17,33	491	99	1	1.0
1386	17,30	252,267	29,27	126,253	452	99	1	1.0
1387	5,3	3,0	3,4	0,0	147	99	1	1.0
1388	59,67	42,70	18,38	11,25	103	99	1	1.0
1389	36,51	103,143	32,44	103,181	124	99	1	1.0
1390	11,7	119,142	11,9	75,111	478	99	1	1.0
1391	3,6	28,16	1,4	14,24	279	99	1	1.0
1392	5,12	73,49	0,14	31,57	291	99	1	1.0
1396	40,67	72,93	28,52	58,62	161	99	1	1.0
1397	4,5	195,204	2,2	132,202	138	99	1	1.0
1398	19,29	171,158	8,25	54,125	255	99	1	1.0
1400	11,26	83,83	9,9	30,63	272	99	1	1.0
1401	257,234	2,2	117,200	0,0	177	99	1	1.0
1402	109,100	55,55	52,145	46,78	111	99	1	1.0
1403	19,18	18,19	18,15	0,1	122	99	3.67171040239e-08	2.227993872170252e-06
1404	41,46	524,634	93,200	161,360	136	99	1.98485672342e-12	2.316175114944723e-10
1405	10,5	565,569	2,4	359,519	126	99	1	1.0
1407	6,30	2,0	6,7	0,0	115	99	1	1.0
1408	60,56	1,0	17,35	0,0	216	99	1	1.0
1410	303,270	7,0	179,389	0,3	232	99	1	1.0
1411	1,5	133,158	0,5	57,104	298	99	1	1.0
1412	2,1	48,52	0,1	24,42	624	99	1	1.0
1414	3,1	181,153	0,0	84,141	135	99	1	1.0
1415	1,1	150,179	2,0	80,155	165	99	1	1.0
1417	36,23	160,170	11,23	100,140	214	99	1	1.0
1418	114,114	0,0	43,66	1,1	102	99	1	1.0
1419	13,14	176,134	7,10	105,210	264	99	1	1.0
1420	12,24	112,151	16,27	96,202	730	99	1	1.0
1421	45,55	71,99	12,46	44,79	215	99	1	1.0
1422	1,1	7,11	1,5	7,12	172	99	1	1.0
1424	35,30	7,6	15,23	0,1	110	99	0.12839494419	1.0
1425	17,11	132,124	0,5	25,109	297	99	1	1.0
1426	219,235	208,220	166,328	151,273	118	99	1	1.0
1429	6,4	0,0	2,3	1,3	111	99	0.0708329833298	0.8140426947826257
1431	13,10	284,384	4,4	146,285	318	99	1	1.0
1432	4,1	0,3	1,3	1,1	144	99	0.607529965393	1.0
1434	37,41	73,91	28,38	87,125	103	99	1	1.0
1435	0,0	3,6	0,3	4,4	109	99	1	1.0
1436	0,1	1,3	1,0	0,3	144	99	1	1.0
1437	477,431	178,284	243,408	147,197	535	99	1	1.0
1438	352,293	118,118	191,362	37,76	386	99	0.242523192305	1.0
1439	16,15	0,2	13,31	0,1	174	99	1	1.0
1440	4,5	22,23	2,4	24,33	103	99	1	1.0
1442	54,60	1658,2061	29,51	1186,1942	101	99	1	1.0
1443	8,12	67,79	1,4	30,53	121	99	1	1.0
1444	2,1	3,0	1,0	0,0	103	99	1	1.0
1445	0,1	2,4	0,1	1,4	101	99	1	1.0
1446	49,69	46,82	4,11	25,70	263	99	0.000544617385111	0.013544009396940771
1447	19,10	1,0	13,18	0,0	357	99	1	1.0
1448	13,24	1,3	9,18	0,1	127	99	1	1.0
1449	8,7	7,9	15,30	2,1	142	99	2.62862785673e-05	0.0009062791951498658
1451	36,26	4,3	13,14	0,1	237	99	0.149339215769	1.0
1452	17,27	12819,11784	4,12	6213,12489	104	99	1	1.0
1453	86,55	12819,11784	17,21	6213,12489	407	99	1	1.0
1454	270,157	12819,11784	46,75	6213,12489	939	99	1	1.0
1455	306,189	12819,11784	50,95	6213,12489	1334	99	1	1.0
1456	86,55	17,27	17,21	4,12	402	99	1	1.0
1457	270,157	17,27	46,75	4,12	934	99	1	1.0
1458	306,189	17,27	50,95	4,12	1329	99	1	1.0
1461	37,32	1,0	4,20	0,0	494	99	1	1.0
1462	90,103	13485,12911	50,127	7129,13663	103	99	1	1.0
1463	90,103	1,0	50,127	0,3	103	99	1	1.0
1464	39,32	14,23	18,36	4,12	133	99	0.64695520041	1.0
1470	2,5	6,5	3,8	2,3	123	99	0.156623555275	1.0
1471	0,1	5,5	1,2	0,5	126	99	0.731732108268	1.0
1472	34,34	62,108	17,24	30,71	117	99	1	1.0
1473	57,42	0,2	20,75	0,2	103	99	1	1.0
1474	13,9	139,191	8,3	44,88	304	99	1	1.0
1476	7,6	3,4	7,10	1,1	112	99	0.119618352588	1.0
1477	2,7	1,1	2,9	0,0	153	99	1	1.0
1478	24,11	111,102	9,20	53,90	119	99	1	1.0
1479	2653,2383	4,5	1820,3135	3,17	105	99	1	1.0
1480	11,27	1497,1454	16,19	1004,1830	427	99	1	1.0
1481	5,6	276,189	2,8	136,237	111	99	1	1.0
1482	50,36	122,86	18,42	70,122	129	99	1	1.0
1483	1198,1058	0,0	1024,1642	1,1	1104	99	1	1.0
1484	327,348	6,4	171,253	5,7	136	99	1	1.0
1485	259,351	184,195	156,283	100,163	240	99	1	1.0
1486	30,24	165,171	5,19	84,135	378	99	1	1.0
1487	22,19	1,1	5,16	0,0	141	99	1	1.0
1488	196,203	9,14	99,184	3,8	279	99	1	1.0
1489	1,1	86,86	2,6	38,62	390	99	1	1.0
1490	46,43	4,0	21,58	1,11	136	99	0.843077683689	1.0
1491	45,33	4,0	28,63	1,11	157	99	1	1.0
1492	13,10	14,20	10,18	3,13	120	99	0.18421980028	1.0
1494	8,8	381,413	13,15	188,336	105	99	1	1.0
1495	12,5	51,50	0,4	22,31	264	99	1	1.0
1496	58,69	9,21	32,55	3,10	113	99	1	1.0
1497	4,12	123,147	4,7	95,136	103	99	1	1.0
1498	10,12	4,4	10,11	1,0	207	99	0.00133370006336	0.02734085129888
1500	35,18	41,25	26,93	42,68	466	99	1	1.0
1501	15,0	288,245	11,13	178,299	361	99	1	1.0
1503	58,31	2498,2758	29,67	1545,2867	103	99	1	1.0
1504	6,10	0,2	0,2	0,3	235	99	1	1.0
1505	58,44	0,2	9,21	0,3	320	99	1	1.0
1506	56,43	4,9	9,19	0,0	184	99	0.139536681189	1.0
1507	23,33	2625,2968	16,31	1670,3174	258	99	1	1.0
1510	37,38	71,105	31,35	38,85	589	99	1	1.0
1511	3,5	167,196	0,3	100,148	103	99	1	1.0
1512	78,78	0,2	40,97	4,5	121	99	1	1.0
1513	88,92	1799,1774	38,78	874,1756	285	99	1	1.0
1514	203,239	5,6	126,228	3,2	171	99	1	1.0
1515	0,4	24,21	0,1	23,24	108	99	1	1.0
1516	89,85	0,0	69,135	0,2	322	99	1	1.0
1517	0,0	234,255	1,0	135,222	249	99	1	1.0
1518	168,108	15,12	81,139	4,0	112	99	1	1.0
1520	247,250	4,7	74,124	6,2	123	99	1	1.0
1521	3,13	65,88	10,30	14,34	135	99	4.4320587643e-05	0.0014495257983921299
1522	15,20	591,783	6,20	454,791	284	99	1	1.0
1523	1,3	707,724	2,2	407,596	437	99	1	1.0
1524	7,8	542,390	3,5	224,380	156	99	1	1.0
1525	5,4	39,35	5,7	10,13	139	99	0.249705789012	1.0
1526	1,0	187,189	4,0	113,154	104	99	1	1.0
1527	158,162	27,41	88,200	19,36	114	99	1	1.0
1528	6,11	3,3	5,11	3,0	121	99	0.667575350972	1.0
1529	115,117	197,154	32,81	92,169	1073	99	1	1.0
1530	4,1	80,61	0,3	36,91	123	99	1	1.0
1532	6,6	177,249	4,5	106,185	310	99	1	1.0
1533	135,144	492,534	65,121	240,493	746	99	1	1.0
1534	136,142	492,534	66,124	240,493	764	99	1	1.0
1535	5,10	4,12	2,6	1,3	117	99	0.442771358698	1.0
1536	1,0	0,0	0,0	0,1	165	99	1	1.0
1537	29,16	5,1	18,40	0,0	122	99	1	1.0
1538	6,1	58,43	0,0	19,37	255	99	1	1.0
1540	9,13	123,126	28,55	70,107	284	99	0.640326934472	1.0
1541	10,5	46,26	0,3	30,65	103	99	0.347590446247	1.0
1542	181,154	3,0	153,280	13,11	104	99	1	1.0
1544	3,2	1,6	2,7	0,3	296	99	0.208048664763	1.0
1545	3,2	15,28	1,7	4,18	169	99	1	1.0
1546	11,4	58,42	5,8	16,37	124	99	1	1.0
1547	2,6	105,119	1,1	57,106	239	99	1	1.0
1548	6,3	3,8	6,15	4,3	146	99	0.20602566691	1.0
1549	4,2	3,8	11,25	4,3	175	99	0.00581499995842	0.10024266973776295
1550	3,0	5,1	6,11	1,1	128	99	0.00298077946869	0.05652303067503413
1551	27,28	28,39	15,25	16,24	328	99	1	1.0
1552	0,4	72,82	3,0	43,70	238	99	1	1.0
1553	76,73	3,8	59,144	0,0	104	99	1	1.0
1554	17,48	107,85	14,23	32,89	283	99	1	1.0
1555	75,96	77,77	54,105	26,66	111	99	0.786871207807	1.0
1557	12,9	19,9	0,1	11,17	261	99	0.0218026697073	0.29286747487238685
1558	0,2	21,33	0,0	8,16	129	99	1	1.0
1559	18,29	156,171	10,31	103,153	171	99	1	1.0
1560	202,220	2,8	121,242	1,3	463	99	1	1.0
1561	7,3	226,192	5,5	79,157	290	99	1	1.0
1562	16,8	242,236	2,4	87,198	329	99	1	1.0
1563	869,893	136,168	568,825	106,143	203	99	1	1.0
1564	985,931	35,32	513,1030	18,29	102	99	1	1.0
1565	494,457	821,748	169,300	484,873	102	99	0.447441662274	1.0
1566	4,12	89,68	5,5	36,85	249	99	1	1.0
1567	18,35	122,138	6,26	66,135	228	99	1	1.0
1568	2,4	178,158	0,1	73,171	107	99	1	1.0
1569	2,0	6,6	1,2	4,3	111	99	0.899082375122	1.0
1570	1,3	135,106	1,4	59,104	104	99	1	1.0
1571	1,3	2,0	1,1	0,1	104	99	1	1.0
1572	100,99	2,1	56,140	0,0	272	99	1	1.0
1573	6,5	3,1	4,0	0,0	209	99	1	1.0
1574	5,5	0,2	0,0	1,2	153	99	5.36569566367e-06	0.00021420421899440498
1575	1,2	3,1	5,2	0,0	155	99	0.00439009575773	0.07654914097099322
1576	78,122	152,161	103,144	54,108	114	99	0.00960458852701	0.14867511015789972
1578	0,2	2,4	0,1	0,2	120	99	1	1.0
1579	60,50	0,0	23,55	0,1	229	99	1	1.0
1580	2,3	1,0	0,1	0,2	110	99	1	1.0
1581	19,29	147,150	4,13	51,123	313	99	1	1.0
1582	18,26	147,150	4,14	51,123	302	99	1	1.0
1584	32,34	93,73	16,27	56,85	257	99	1	1.0
1585	11,4	2,2	5,18	1,5	183	99	1	1.0
1587	1,0	0,0	3,0	0,1	127	99	1	1.0
1588	3,1	2,1	1,5	0,0	103	99	0.300689632225	1.0
1589	371,437	2501,2380	302,430	1794,3181	738	99	1	1.0
1590	0,3	86,71	0,1	43,58	162	99	1	1.0
1591	9,3	80,29	5,3	10,20	245	99	1	1.0
1592	83,85	5,2	28,57	0,0	404	99	0.908950396117	1.0
1593	102,139	111,105	50,71	42,70	360	99	1	1.0
1594	4,8	74,47	8,4	13,45	267	99	1	1.0
1595	4,6	74,47	8,3	13,45	271	99	1	1.0
1598	25,17	145,113	7,16	54,148	117	99	1	1.0
1599	86,90	3,2	71,119	5,3	539	99	1	1.0
1600	2,6	42,47	3,9	11,28	258	99	1	1.0
1601	8,6	1,6	1,9	0,1	382	99	0.00355978062304	0.06504172512667011
1602	37,26	76,124	13,19	41,78	208	99	1	1.0
1603	6,5	0,0	13,10	1,0	174	99	1	1.0
1604	50,72	54,48	51,96	38,104	164	99	1	1.0
1607	82,86	4,4	43,70	1,6	162	99	1	1.0
1608	13,13	107,88	4,18	41,108	347	99	1	1.0
1609	61,58	49,46	21,34	20,26	103	99	1	1.0
1610	1,0	215,258	0,1	157,208	117	99	1	1.0
1611	2,3	137,165	2,2	85,149	159	99	1	1.0
1612	103,106	0,2	56,83	2,4	219	99	1	1.0
1613	539,537	13,19	378,719	6,11	385	99	1	1.0
1617	22,14	1,0	9,8	0,1	243	99	1	1.0
1619	24,22	11,22	13,24	7,5	102	99	0.439113394613	1.0
1620	7,11	278,263	3,8	123,259	238	99	1	1.0
1621	27,18	5,0	3,5	0,2	105	99	1	1.0
1622	9,4	2,0	2,5	0,2	288	99	1	1.0
1623	14,10	14,27	5,4	5,19	234	99	1	1.0
1624	15,14	7,10	7,6	7,9	265	99	0.518415296938	1.0
1625	15,31	7,10	7,21	7,9	130	99	0.88400030505	1.0
1626	6,12	159,174	10,5	148,181	102	99	1	1.0
1627	1,5	0,2	1,0	0,0	103	99	1	1.0
1628	2,3	4,2	0,0	2,10	103	99	0.0455498341771	0.5572507939246831
1629	0,0	28,26	0,2	13,25	138	99	1	1.0
1631	66,60	112,126	38,92	76,119	194	99	1	1.0
1632	277,243	112,126	148,221	76,119	487	99	1	1.0
1633	266,235	55,52	134,208	24,79	392	99	1	1.0
1634	2,1	237,223	8,6	106,189	144	99	1	1.0
1635	2,1	40,41	3,10	15,25	131	99	0.186702145326	1.0
1636	91,108	7,10	28,72	6,14	123	99	0.951957434267	1.0
1639	68,45	0,1	29,52	0,0	141	99	1	1.0
1640	2,0	27,26	0,0	11,27	171	99	1	1.0
1641	2380,2615	0,0	1295,2296	1,0	1072	99	1	1.0
1642	24,30	1,0	19,24	0,0	229	99	1	1.0
1644	2,3	4734,4721	1,11	2808,4642	103	99	1	1.0
1645	101,100	66,56	53,67	21,34	228	99	1	1.0
1646	150,176	43,44	114,202	3,7	168	99	9.78653407757e-07	4.498840059295057e-05
1648	11,5	371,302	7,16	160,323	373	99	1	1.0
1649	1933,2289	8,1	333,964	0,0	171	99	1	1.0
1650	2,15	744,743	8,5	383,672	104	99	1	1.0
1651	242,261	0,0	113,177	0,1	156	99	1	1.0
1654	193,170	4,5	128,163	6,11	102	99	1	1.0
1655	1,0	67,61	0,6	54,61	103	99	1	1.0
1656	3,9	76,59	4,3	26,31	255	99	1	1.0
1658	20,22	0,0	11,28	0,1	224	99	1	1.0
1659	103,73	13,19	40,100	2,17	459	99	0.89107478999	1.0
1660	68,70	0,0	19,54	1,2	256	99	1	1.0
1661	19,5	77,91	0,9	37,70	412	99	1	1.0
1664	0,5	328,330	0,0	133,258	287	99	1	1.0
1665	277,260	325,261	146,254	154,257	858	99	1	1.0
1666	10,14	55,34	1,7	35,67	120	99	0.446157186289	1.0
1667	58,106	1197,1376	29,59	474,1085	292	99	1	1.0
1668	27,21	191,215	11,22	84,172	381	99	1	1.0
1669	776,842	0,4	435,800	1,1	673	99	1	1.0
1670	88,81	15,4	47,85	0,3	120	99	1	1.0
1671	18,24	14,11	11,6	0,4	112	99	0.232768549521	1.0
1672	15,13	1843,1854	12,16	901,1756	103	99	1	1.0
1673	15,15	126,157	6,17	55,87	360	99	1	1.0
1674	2,5	1,0	1,6	0,0	153	99	1	1.0
1675	23,37	1,0	17,45	0,0	451	99	1	1.0
1676	23,37	2,5	17,43	1,4	397	99	1	1.0
1677	148,131	0,2	77,123	0,0	248	99	1	1.0
1678	19,11	673,675	5,15	424,681	159	99	1	1.0
1679	11,18	34,33	5,15	20,25	460	99	1	1.0
1680	5,8	133,143	2,0	57,153	193	99	1	1.0
1681	237,248	21,10	133,232	3,11	655	99	0.929893201978	1.0
1682	27,25	1,0	10,20	1,3	256	99	1	1.0
1684	6,4	14,16	4,7	18,23	104	99	1	1.0
1685	1,2	23,12	2,5	15,15	131	99	1	1.0
1686	68,87	7,4	49,90	3,4	295	99	1	1.0
1688	2,2	4,5	4,3	15,18	103	99	0.759879169191	1.0
1689	17,15	2,4	4,3	5,16	115	99	0.000107775833989	0.0031441526954098654
1690	30,23	27,7	20,31	0,7	459	99	0.050092908253	0.6031027128555636
1691	10,5	27,7	3,8	0,7	143	99	0.123851717221	1.0
1692	28,28	1235,1063	31,41	759,1155	485	99	1	1.0
1693	65,60	81,107	46,114	93,148	103	99	1	1.0
1694	7,10	88,84	5,6	32,89	257	99	1	1.0
1695	2,1	77,64	0,0	26,62	103	99	1	1.0
1696	237,285	15,18	201,341	23,27	101	99	1	1.0
1697	1,1	1,0	0,2	2,0	104	99	1	1.0
1698	716,794	19,13	426,863	12,19	200	99	1	1.0
1699	30,30	27,14	5,14	21,28	134	99	0.0131596050618	0.1957168713603
1700	0,5	93,101	0,0	22,65	108	99	1	1.0
1701	10,7	6,5	15,17	2,11	136	99	0.640504263324	1.0
1702	21,24	38,38	9,19	15,24	192	99	1	1.0
1706	0,2	43,66	4,9	31,44	548	99	1	1.0
1707	47,74	21,25	13,34	7,21	271	99	0.937555012032	1.0
1708	82,98	925,754	27,26	261,436	121	99	1	1.0
1709	108,118	126,139	68,94	78,105	362	99	1	1.0
1710	403,392	15,13	267,386	7,3	781	99	0.708849346993	1.0
1711	27,29	199,119	5,16	89,158	1434	99	1	1.0
1712	165,182	4,4	106,194	0,0	123	99	1	1.0
1713	7,10	41,50	4,3	12,62	174	99	1	1.0
1714	20,31	213,242	6,9	100,217	126	99	1	1.0
1715	7,39	210,250	5,14	175,340	161	99	1	1.0
1716	23,16	7,10	5,15	0,1	114	99	0.000434021556649	0.011351908645457466
1717	0,0	61,94	2,0	34,93	120	99	1	1.0
1721	712,748	26,15	394,759	8,13	2238	99	1	1.0
1722	14,38	10,10	8,17	4,5	299	99	1	1.0
1723	76,78	7,2	81,156	0,3	332	99	0.764693686835	1.0
1724	130,109	3,4	57,137	2,2	211	99	1	1.0
1725	284,317	0,7	100,231	0,0	197	99	1	1.0
1727	24,20	72,58	40,65	32,54	183	99	0.00136351268938	0.027579316663859467
1728	190,201	1,0	64,124	0,1	241	99	1	1.0
1729	10,19	124,141	5,13	32,73	168	99	1	1.0
1730	3,1	80,77	0,4	56,70	104	99	1	1.0
1731	1403,1297	1,0	584,1368	0,0	102	99	1	1.0
1732	128,118	11,4	68,130	1,1	105	99	1	1.0
1733	348,320	0,3	189,336	1,1	102	99	1	1.0
1734	109,104	100,80	29,76	71,118	134	99	0.0665846261484	0.7769913682086369
1735	10,7	7,9	1,0	11,8	104	99	1.42766024468e-05	0.000515657283614181
1736	0,0	14,13	0,3	11,6	104	99	1	1.0
1738	5,11	392,427	6,6	259,448	102	99	1	1.0
1739	3,1	68,78	3,1	46,77	105	99	1	1.0
1740	126,148	407,405	42,80	165,337	238	99	1	1.0
1741	16,9	46,68	21,40	9,36	208	99	0.000774976018319	0.017288803232204747
1742	21,13	69,73	3,19	43,66	403	99	1	1.0
1743	0,0	521,502	0,1	252,393	103	99	1	1.0
1744	0,0	352,393	4,6	191,403	287	99	1	1.0
1746	52,51	1,12	26,44	0,2	102	99	1	1.0
1750	5,2	164,150	1,5	89,118	120	99	1	1.0
1751	14,15	623,608	28,35	230,389	123	99	1	1.0
1753	16,37	1,3	16,16	0,0	353	99	0.695858135949	1.0
1757	234,169	1,4	103,196	1,2	231	99	1	1.0
1758	2,3	79,84	0,0	42,45	153	99	1	1.0
1759	325,304	85,103	12,22	206,348	105	99	0	0.0
1760	363,363	0,0	152,345	2,0	385	99	1	1.0
1761	176,188	3,0	100,149	0,0	107	99	1	1.0
1762	1,1	107,99	1,2	49,66	171	99	1	1.0
1763	224,193	1,0	102,196	0,0	279	99	1	1.0
1766	70,49	0,0	28,40	1,4	273	99	0.951188135054	1.0
1767	8,0	20,14	1,0	2,17	318	99	1	1.0
1768	0,0	19,13	4,0	26,48	313	99	1	1.0
1769	279,301	0,2	254,602	0,0	960	99	1	1.0
1770	4,1	60,58	4,6	19,45	111	99	1	1.0
1771	379,383	8,6	365,598	2,1	111	99	1	1.0
1772	1,0	40,36	1,0	13,45	133	99	1	1.0
1773	55,33	0,0	22,34	0,1	223	99	1	1.0
1774	610,936	1,1	352,594	0,0	253	99	1	1.0
1775	1,8	112,125	2,12	40,115	315	99	1	1.0
1776	2,1	0,0	0,0	0,3	105	99	1	1.0
1778	2,15	114,103	2,2	36,53	172	99	1	1.0
1779	265,297	705,703	131,231	320,608	554	99	1	1.0
1780	37,47	22,31	34,41	11,27	111	99	1	1.0
1781	2,2	8,2	0,3	1,4	103	99	1	1.0
1782	2,3	18,19	1,5	8,15	101	99	1	1.0
1785	19,19	137,142	4,9	67,119	110	99	1	1.0
1786	4,5	43,50	6,13	27,51	123	99	1	1.0
1787	66,87	0,1	51,110	2,0	246	99	1	1.0
1788	12,17	61,82	17,38	49,107	270	99	1	1.0
1789	505,520	28,37	239,362	22,26	394	99	1	1.0
1790	1073,1197	113,123	756,1339	16,29	178	99	0.12889927634	1.0
1791	87,84	209,190	38,99	115,188	1152	99	1	1.0
1793	2493,2775	0,2	1032,2061	0,0	908	99	1	1.0
1794	5,11	86,62	2,3	52,70	426	99	1	1.0
1795	5,10	2,8	2,3	0,0	426	99	5.65900959426e-09	3.576965647705175e-07
1796	16,7	3565,3198	9,29	2386,3772	102	99	1	1.0
1797	1,0	0,2	0,0	0,2	128	99	1	1.0
1798	227,245	13,9	103,238	2,3	132	99	1	1.0
1799	81,101	11,24	25,79	6,27	209	99	0.855099272555	1.0
1800	70,70	130,119	5,10	111,159	105	99	1.09267261905e-10	1.1050562420659e-08
1801	50,54	18,27	33,49	15,33	632	99	1	1.0
1802	25,9	56,57	7,15	36,49	822	99	1	1.0
1803	31,36	91,149	42,53	36,96	161	99	0.143454679902	1.0
1804	5,5	213,220	7,10	155,262	263	99	1	1.0
1806	101,103	17,5	42,93	2,9	187	99	1	1.0
1807	13,19	108,88	4,13	43,72	257	99	1	1.0
1808	75,48	174,137	23,55	64,100	111	99	1	1.0
1809	3821,3152	10,8	2573,4666	3,2	102	99	1	1.0
1810	37,31	5,6	16,44	3,5	263	99	1	1.0
1811	3,2	54,57	0,9	30,44	154	99	1	1.0
1812	0,0	1,4	4,1	4,6	309	99	1	1.0
1813	18,31	49,63	34,35	91,189	346	99	1	1.0
1814	15,10	0,4	12,30	0,0	269	99	0.588846770333	1.0
1815	23,22	0,6	26,73	0,0	436	99	0.328952307291	1.0
1816	14,42	57,53	18,44	61,105	156	99	1	1.0
1817	15,16	653,665	6,22	358,722	401	99	1	1.0
1818	1,0	42,23	1,1	19,27	127	99	1	1.0
1819	149,107	1,5	45,117	5,9	625	99	0.103461353703	1.0
1820	0,2	14,11	0,2	7,9	277	99	1	1.0
1821	77,70	0,0	35,41	0,1	167	99	1	1.0
1825	224,269	1,0	122,252	0,0	210	99	1	1.0
1827	37,36	39,29	21,31	31,66	126	99	0.306523097317	1.0
1830	36,64	479,520	31,42	243,447	553	99	1	1.0
1832	4,3	2,1	1,19	2,2	116	99	0.602350018098	1.0
1833	18,22	483,546	16,55	175,418	346	99	1	1.0
1834	16,20	483,546	17,38	175,418	329	99	1	1.0
1835	583,581	0,0	259,582	1,0	117	99	1	1.0
1836	25,20	58,64	22,62	23,46	199	99	0.0135948616453	0.2002272341351466
1837	43,43	0,1	12,20	0,0	111	99	1	1.0
1838	28,7	9,13	1,3	0,5	197	99	0.566434659808	1.0
1839	22,37	0,0	12,16	0,1	329	99	1	1.0
1840	289,310	1,4	219,417	7,6	105	99	1	1.0
1841	0,1	43,33	1,1	30,24	105	99	1	1.0
1846	21,36	1,3	14,20	1,1	460	99	1	1.0
1847	22,42	0,2	17,20	0,0	217	99	1	1.0
1848	30,33	18,13	6,4	14,15	127	99	0.000574812792376	0.013797030086849424
1850	68,67	31,55	47,38	37,62	591	99	1	1.0
1851	7,2	6,2	2,10	0,1	150	99	0.000335554063485	0.008930447619416578
1852	1829,2283	652,755	1019,2054	216,508	530	99	1	1.0
1853	541,570	0,1	199,389	0,3	120	99	1	1.0
1854	225,236	5,2	90,172	0,2	120	99	1	1.0
1855	223,238	1,6	107,200	1,4	120	99	1	1.0
1856	183,196	3,3	75,141	1,0	120	99	1	1.0
1857	230,236	3,3	85,177	1,0	141	99	1	1.0
1858	197,203	3,3	77,154	1,0	183	99	1	1.0
1859	47,42	0,2	11,36	1,0	120	99	1	1.0
1860	14,9	0,2	3,13	1,0	162	99	1	1.0
1861	5,9	34,36	1,5	8,24	141	99	1	1.0
1862	361,370	1,0	133,296	0,1	183	99	1	1.0
1863	624,527	0,0	216,366	0,2	162	99	1	1.0
1864	0,2	0,3	0,3	0,0	118	99	1	1.0
1866	421,439	2,6	202,555	2,3	1628	99	1	1.0
1871	3,2	256,206	1,0	95,179	177	99	1	1.0
1873	32,40	177,211	56,90	114,163	110	99	0.0142230469618	0.2049602558218387
1875	131,100	98,87	35,79	29,70	126	99	1	1.0
1876	4,1	9,8	2,1	6,5	261	99	1	1.0
1880	0,0	257,290	1,1	175,301	105	99	1	1.0
1881	0,2	106,113	3,8	59,137	101	99	1	1.0
1883	16,26	78,56	10,14	114,174	110	99	0.220659371514	1.0
1884	1,5	8,21	0,6	10,19	103	99	1	1.0
1885	44,35	10,10	13,21	4,10	103	99	1	1.0
1886	23,27	123,69	9,25	45,81	111	99	1	1.0
1887	3,4	123,69	2,5	45,81	123	99	1	1.0
1888	0,0	20,23	1,0	8,20	111	99	1	1.0
1889	20,29	56,70	32,48	45,60	136	99	0.435264806526	1.0
1890	136,126	7,4	72,123	10,10	110	99	1	1.0
