ID	IJC_SAMPLE_1	SJC_SAMPLE_1	IJC_SAMPLE_2	SJC_SAMPLE_2	IncFormLen	SkipFormLen	PValue
3	7,1	157,244	0,1	95,49	230	149	1
4	1,5	2,2	6,2	0,1	208	149	0.0523726708984
5	0,0	7,20	2,0	8,3	170	149	1
7	0,1	15,18	0,0	15,19	200	149	1
8	54,53	6,17	64,54	15,12	184	149	1
9	47,47	0,1	55,43	0,2	184	149	1
10	1,1	151,282	1,0	190,84	298	149	1
13	225,355	0,1	238,99	0,2	283	149	1
14	11,14	4,0	0,1	0,0	298	149	1
15	2,3	6,9	0,2	4,2	242	149	0.0740452497347
16	0,2	11,11	0,0	6,5	298	149	1
18	1,0	11,11	0,0	6,5	184	149	1
19	29,46	0,0	49,11	1,0	155	149	1
20	5,1	43,65	2,0	45,24	298	149	1
21	179,273	22,34	225,93	38,13	170	149	1
22	22,28	22,34	18,10	38,13	236	149	0.899925340861
23	7,4	164,249	1,2	208,85	215	149	1
24	80,99	1,0	51,37	2,0	298	149	1
25	2,9	0,0	11,7	2,1	153	149	0.573014145883
27	1,2	82,112	0,0	62,18	293	149	1
29	131,149	1,0	84,33	0,0	298	149	1
30	677,798	2,6	695,319	1,0	161	149	1
31	12,18	32,40	4,2	28,18	179	149	0.200660824358
32	1,2	200,313	1,0	239,89	298	149	1
33	27,12	202,296	25,9	248,84	188	149	1
34	1,5	52,73	1,2	53,28	298	149	1
35	5,3	124,248	3,2	106,94	298	149	1
36	0,4	19,16	0,0	14,8	161	149	1
37	120,150	11,9	104,60	13,6	298	149	1
38	2,0	309,332	4,1	349,114	188	149	1
39	26,41	6,9	24,11	2,2	268	149	0.521401522616
40	106,223	13,9	144,73	3,1	161	149	1
42	24,21	197,254	20,12	249,109	298	149	1
43	7,13	215,258	13,10	165,76	177	149	1
44	51,75	133,186	64,38	153,66	298	149	1
45	3,2	164,296	2,2	232,107	157	149	1
46	4,9	0,1	6,3	0,0	298	149	1
48	98,134	1,0	93,39	1,0	298	149	1
49	69,123	0,2	62,48	0,0	167	149	1
52	45,103	0,1	110,42	3,0	170	149	1
53	87,137	0,0	102,49	1,1	298	149	1
54	17,29	80,87	27,8	97,47	268	149	1
55	203,215	12,3	280,103	28,9	298	149	0.924416486103
56	6,5	229,318	4,0	106,97	298	149	1
57	231,312	0,0	351,130	3,0	157	149	1
58	10,3	151,272	4,4	251,145	151	149	1
59	7,17	44,46	4,4	70,31	204	149	1
60	9,13	9,17	4,4	9,8	204	149	0.724366278356
61	2,0	243,308	0,0	292,123	298	149	1
62	16,26	1,0	10,7	7,0	169	149	0.40462232718
63	9,7	0,1	16,9	1,0	153	149	1
64	4,20	1,0	12,2	3,0	153	149	1
65	7,13	10,13	2,6	25,9	161	149	0.130830016499
66	19,24	4,0	41,16	0,2	190	149	1
67	52,61	171,260	18,6	222,138	167	149	0.0957574435595
68	5,5	275,403	5,2	294,113	157	149	1
69	13,21	101,109	9,4	66,51	298	149	1
70	13,18	16,21	2,2	16,2	233	149	0.114172139387
72	6,9	0,10	9,3	3,5	298	149	0.552694585754
73	128,174	0,1	120,49	0,0	277	149	1
74	132,157	1,0	102,50	0,0	298	149	1
75	16,38	0,2	15,19	0,0	298	149	1
76	36,60	0,2	32,32	0,0	298	149	1
78	23,55	4,6	51,10	13,5	298	149	0.371907015988
79	14,29	723,1055	27,9	717,361	153	149	1
80	2,2	34,36	1,3	36,24	177	149	1
81	34,38	23,20	37,24	13,8	278	149	0.59597880307
82	2,3	8,11	1,1	20,4	177	149	0.722680400764
83	2,4	2,0	1,0	5,1	181	149	0.000678396903804
85	12,22	1297,1911	19,3	1902,773	153	149	1
86	348,570	2,4	513,311	0,0	298	149	1
87	16,23	806,1129	36,25	1004,429	152	149	1
88	1,3	1,1	4,1	0,0	161	149	1
89	11,23	186,258	11,5	210,112	298	149	1
90	1,4	3,3	1,1	0,1	167	149	0.00704208449729
91	7,10	3,3	26,12	0,1	209	149	0.0309819296577
92	6,7	0,1	25,11	0,0	191	149	1
93	145,165	0,0	230,75	2,0	189	149	1
94	127,179	6,0	174,92	0,0	298	149	1
95	1,0	24,28	0,0	21,2	206	149	1
97	0,10	0,1	4,0	1,0	298	149	1
98	5,3	31,78	0,0	67,28	155	149	1
99	0,1	8,24	2,2	18,11	175	149	1
100	13,17	111,124	16,5	147,73	206	149	1
101	0,3	87,118	0,0	82,45	242	149	1
102	90,134	3,6	82,43	2,3	191	149	1
104	120,141	0,1	90,52	1,1	271	149	1
105	127,158	9,8	156,86	4,3	272	149	1
106	16,21	484,643	15,18	443,251	298	149	1
107	190,260	7,18	152,73	13,1	298	149	1
108	1,16	42,46	7,3	62,30	169	149	1
110	874,1155	5,5	1134,531	7,0	176	149	1
111	0,4	3,4	1,3	20,3	171	149	1
112	1,3	18,33	5,4	49,22	294	149	1
113	4,13	109,193	8,11	144,58	154	149	1
114	162,139	0,0	200,75	2,1	251	149	1
115	18,18	840,940	11,4	717,220	298	149	1
116	9,28	0,1	14,5	0,0	298	149	1
117	5,0	14,14	1,1	24,7	165	149	1
119	2,5	8,18	15,2	1,8	165	149	0.150872068919
120	0,5	14,35	0,0	21,4	231	149	1
121	1,6	337,550	2,1	449,186	182	149	1
122	11,2	339,423	5,1	435,195	298	149	1
123	130,111	1,0	291,84	6,3	297	149	1
124	58,74	4,4	29,16	11,4	298	149	0.0176290181765
125	870,1292	0,1	1169,550	10,5	155	149	1
126	95,125	0,0	170,64	0,2	199	149	1
127	45,69	1,1	20,15	1,2	163	149	1
128	5,10	1,0	0,2	0,0	163	149	1
129	5,5	22,41	3,3	15,8	160	149	1
130	23,20	8,5	27,14	4,1	152	149	0.62672094723
131	16,38	26,29	37,28	35,14	298	149	1
132	1,4	255,293	4,1	316,138	298	149	1
133	129,199	4,0	102,55	0,0	298	149	1
134	6,24	96,135	7,3	72,43	285	149	1
135	127,197	0,8	148,86	2,0	153	149	1
137	0,0	6,17	1,1	10,3	188	149	1
138	0,2	10,12	0,0	9,3	245	149	1
140	3,4	82,143	3,1	123,54	298	149	1
141	81,92	29,31	39,12	81,20	214	149	2.93495141523e-08
142	5,7	56,70	4,3	27,13	298	149	1
144	8,13	89,100	20,4	55,18	249	149	1
145	22,51	105,122	1,1	179,110	158	149	1.53242905896e-05
147	1,1	8,28	1,0	4,2	298	149	1
148	21,39	16,24	45,22	21,22	298	149	1
149	15,7	330,455	2,1	279,119	298	149	1
150	2,3	421,625	3,4	522,223	180	149	1
151	0,0	55,90	0,1	49,28	298	149	1
152	32,30	83,93	1,4	72,28	298	149	0.169514880643
153	4,3	4,8	3,1	2,2	298	149	1
154	1,20	2,3	11,4	0,0	185	149	0.313888558399
155	150,251	46,109	24,20	45,20	173	149	0.00120748224174
156	1,4	1072,1421	4,3	1562,583	298	149	1
158	852,1041	3,5	944,406	0,0	258	149	1
159	13,11	7,13	22,16	2,1	230	149	0.00045659717514
160	17,20	0,0	24,15	2,0	298	149	1
162	170,242	42,81	258,98	53,25	298	149	1
163	4,2	0,1	2,4	0,0	154	149	1
164	5,7	4,2	5,1	9,1	243	149	0.191231571834
165	1,8	427,814	4,1	518,260	298	149	1
166	5,9	427,814	12,2	518,260	298	149	1
167	5,5	4,12	9,0	5,4	298	149	1
169	1,0	0,1	2,0	0,0	298	149	1
170	141,145	13,29	71,57	18,13	159	149	1
172	121,93	43,54	125,98	93,44	175	149	1
173	144,230	0,0	136,107	2,1	298	149	1
175	41,66	13,18	57,16	7,3	161	149	0.762227316871
176	70,66	4,1	69,38	11,3	169	149	1
177	337,429	0,1	603,468	5,3	298	149	1
179	1020,1360	0,0	1401,745	0,3	298	149	1
180	0,0	2,2	9,8	3,0	253	149	1.43301548849e-07
181	5,6	19,19	4,6	4,7	161	149	0.211893640136
182	3,2	0,3	2,0	0,0	172	149	1
183	5,5	4,2	3,2	2,2	154	149	1
184	36,56	10,39	52,27	23,19	298	149	1
185	39,58	10,39	54,28	23,19	298	149	1
186	0,1	189,237	2,1	170,89	194	149	1
189	84,133	20,26	109,56	7,2	171	149	0.17635551851
191	5239,5329	100,140	4871,2343	88,44	251	149	1
193	9,17	229,347	16,13	190,79	168	149	1
194	16,35	117,130	28,16	87,51	225	149	1
195	236,365	117,130	202,82	87,51	206	149	1
196	9,4	34,31	30,11	6,2	163	149	2.44552156303e-11
198	19,13	80,121	7,2	84,41	187	149	1
199	2,14	282,416	16,3	417,184	298	149	1
200	13,14	359,524	7,4	385,275	152	149	1
201	23,23	6,5	22,19	14,9	298	149	0.238430183047
202	17,33	4442,7263	18,22	5386,2478	298	149	1
203	39,70	4,16	53,32	6,6	206	149	1
204	96,151	4,16	92,53	6,6	260	149	1
205	61,90	4,8	54,29	15,7	203	149	0.208372318389
206	2,2	2,0	3,0	0,0	298	149	1
207	22,22	1,0	17,13	0,0	298	149	1
208	27,47	38,53	27,17	58,28	170	149	1
209	182,276	26,14	170,94	25,6	298	149	1
210	197,286	26,14	203,108	25,6	278	149	1
211	49,53	1,8	64,36	1,0	166	149	1
212	12,17	14,32	13,5	9,12	164	149	1
213	4,4	1,6	4,4	1,0	298	149	0.00215844544528
215	146,161	57,69	151,75	82,49	264	149	1
216	119,153	228,341	59,25	365,179	182	149	0.00344255547942
217	2,3	0,0	2,1	3,1	217	149	0.00511306250314
219	2,3	26,38	2,2	47,25	154	149	1
220	16,13	38,64	17,5	59,23	179	149	1
221	6,9	79,88	4,4	79,32	177	149	1
222	60,71	201,281	22,3	230,95	194	149	0.317150542105
223	59,70	300,378	17,4	309,115	194	149	1
224	255,239	18,24	265,107	34,10	162	149	1
225	1,1	203,304	1,2	332,148	153	149	1
226	0,1	3,1	1,0	2,1	153	149	1
227	2,5	5,0	4,2	0,2	153	149	0.617387895055
228	159,244	0,2	254,131	0,0	298	149	1
229	100,118	1,0	101,40	0,0	151	149	1
230	1,1	8,7	3,0	5,1	296	149	1
232	42,58	122,163	105,51	72,34	157	149	1.92883387928e-07
233	82,136	11,12	80,51	12,13	298	149	1
234	342,482	0,0	432,180	0,1	179	149	1
235	214,255	0,1	265,111	0,0	179	149	1
236	6,14	15,19	7,4	11,8	164	149	1
240	1,2	15,14	1,2	15,8	298	149	1
241	20,36	5,10	15,6	5,1	154	149	1
242	13,36	272,474	70,41	281,98	160	149	0.010812199975
244	1,1	40,35	0,0	178,76	163	149	1
245	5,4	113,196	7,0	153,64	298	149	1
246	1,0	77,127	0,4	79,35	298	149	1
248	17,16	154,212	2,10	118,60	289	149	1
249	3,14	225,367	4,0	194,114	298	149	1
250	3,1	225,367	4,0	194,114	298	149	1
251	3,6	3,14	7,1	2,0	225	149	0.0117618651351
252	256,340	1,2	239,146	1,1	298	149	1
254	1,3	242,369	0,0	206,145	176	149	1
255	21,29	0,0	22,5	1,0	204	149	1
256	0,0	3,1	2,0	1,1	155	149	1
257	8,11	42,64	18,13	30,14	298	149	0.117993833613
258	0,3	5,4	0,0	1,0	298	149	1
259	1,1	0,2	3,3	0,0	154	149	1
263	3,0	145,115	0,0	120,28	298	149	1
265	56,79	63,76	41,32	107,58	298	149	0.240630278913
266	26,34	229,247	20,14	394,142	173	149	1
267	6,3	0,0	7,0	2,0	298	149	1
268	6,20	71,81	5,0	42,32	298	149	1
269	11,17	148,202	6,0	150,61	166	149	1
271	2,5	16,27	3,0	27,14	298	149	1
272	231,376	765,806	275,158	614,190	298	149	1
275	79,109	3,2	81,53	18,6	199	149	0.127350338033
276	55,93	267,347	62,35	207,120	298	149	1
277	218,308	0,2	198,104	0,0	298	149	1
279	0,1	43,90	3,0	107,24	164	149	1
280	43,40	1,0	27,11	6,3	207	149	0.0752881664515
281	0,6	35,38	0,3	25,13	288	149	1
282	9,6	2,6	1,2	3,1	298	149	0.257636462167
283	53,47	8,7	52,19	6,3	298	149	1
284	16,8	8,7	5,4	6,3	298	149	1
285	16,28	44,41	19,7	51,17	298	149	1
286	10,10	8,7	2,2	6,3	298	149	0.142646963083
287	7,7	44,41	10,5	51,17	206	149	1
288	12,30	1,4	12,5	1,0	298	149	0.651618900864
291	1,0	2,3	0,0	1,1	153	149	1
292	7,2	37,43	1,1	29,14	212	149	1
294	24,5	268,300	12,3	200,43	298	149	1
297	233,306	5,4	263,110	1,2	298	149	1
298	18,12	0,2	9,5	1,1	172	149	1
299	0,2	2,0	0,0	1,4	153	149	0.882656870531
300	0,1	42,41	0,0	21,15	197	149	1
301	6,12	38,40	7,1	23,9	298	149	1
302	4,17	1,0	4,7	0,0	201	149	1
304	8,12	29,52	7,1	41,19	298	149	1
306	7,12	29,52	5,1	41,19	298	149	1
307	2,7	29,52	3,1	41,19	228	149	1
308	3,4	2,1	4,2	0,2	231	149	0.458255968648
309	11,12	965,1337	9,2	1131,513	298	149	1
310	329,664	0,0	323,191	1,0	215	149	1
311	522,617	8,3	439,229	1,0	298	149	1
312	12,15	216,336	4,2	211,65	298	149	1
314	79,139	396,786	67,33	425,205	175	149	1
316	1,5	31,56	7,0	41,24	298	149	1
317	2,5	88,115	10,1	103,28	180	149	1
318	1,2	188,253	1,2	201,79	164	149	1
319	478,596	4,9	522,239	10,5	153	149	1
320	0,4	50,56	14,5	70,20	259	149	1
322	240,276	15,13	227,101	11,15	298	149	1
323	11,21	20,27	18,5	27,7	153	149	1
324	190,281	24,59	226,86	24,6	298	149	0.919624796997
325	9,11	0,1	10,4	0,0	180	149	1
327	5,0	59,86	9,3	60,29	298	149	1
328	4,0	3,3	0,1	0,1	298	149	1
331	288,304	13,28	259,119	47,23	171	149	0.977907109895
332	3,6	1507,2042	1,1	1681,739	298	149	1
333	29,43	82,83	27,11	104,31	298	149	1
334	16,40	199,264	48,27	252,91	180	149	1
335	261,315	6,9	271,123	7,0	298	149	1
336	27,18	7,11	84,24	35,21	298	149	1
338	10,13	50,70	23,11	105,40	154	149	1
339	239,373	18,35	389,146	48,27	202	149	1
340	59,128	10,5	57,27	4,0	298	149	1
341	11,12	78,111	15,13	37,20	195	149	0.0882502436305
342	139,165	279,297	239,141	363,142	298	149	1
343	2,2	2,1	1,0	7,0	269	149	1
344	328,439	38,35	291,169	4,2	181	149	1
346	73,73	0,3	57,28	0,0	298	149	1
347	179,168	1,5	182,48	1,5	298	149	1
348	14,11	3,6	3,5	6,4	298	149	0.127153629567
349	9,3	80,123	52,20	52,15	160	149	1.28119737042e-13
351	4,0	2,3	2,1	7,6	168	149	1
352	21,17	42,85	6,5	52,27	157	149	0.747722774162
353	3,5	39,38	5,3	46,35	207	149	1
354	1278,1583	0,0	1941,746	1,0	248	149	1
355	120,159	753,1019	144,68	867,338	298	149	1
358	2,5	29,28	1,3	21,15	298	149	1
359	17,23	35,80	18,15	62,17	161	149	1
360	0,0	36,45	6,1	23,9	293	149	1
361	1,1	0,3	5,5	1,0	298	149	0.0656053927305
362	1,9	13,18	2,0	14,10	298	149	1
364	430,726	0,0	504,276	4,1	298	149	1
365	15,29	0,0	21,14	1,0	164	149	1
366	3,0	752,1099	3,0	828,323	182	149	1
369	8,20	0,0	7,13	1,2	168	149	0.575002621802
370	5,18	0,1	13,10	2,0	298	149	1
371	38,51	5,3	61,21	4,9	166	149	1
372	0,1	23,25	0,0	15,6	224	149	1
373	16,38	18,17	30,3	17,12	298	149	0.75890777141
374	0,1	33,30	6,2	16,7	154	149	0.114554241679
376	827,1148	2,10	784,381	1,0	194	149	1
377	2,12	57,59	1,2	23,32	220	149	1
378	234,313	3,0	243,149	0,0	298	149	1
379	265,372	8,2	339,199	2,8	194	149	1
380	4,2	139,208	10,6	103,43	298	149	1
381	7,5	725,1109	1,1	695,395	257	149	1
383	24,58	0,0	42,6	3,6	164	149	0.321645277245
385	90,152	13,43	166,89	13,11	227	149	0.54512801024
386	11,7	0,0	4,4	1,0	205	149	1
387	36,64	260,396	40,20	263,150	298	149	1
389	296,376	7,15	319,161	22,9	192	149	1
390	83,131	114,217	127,69	45,16	153	149	9.04567420967e-10
391	39,35	78,94	11,11	67,35	298	149	1
392	3,0	8,16	0,0	3,6	298	149	1
393	61,58	280,408	40,22	403,156	298	149	1
394	0,0	7,9	4,5	5,0	161	149	0.000550840716971
395	321,444	50,47	147,81	159,75	155	149	0
396	137,197	6,8	33,19	25,12	180	149	1.47129797234e-09
397	193,293	0,2	142,85	0,0	297	149	1
398	41,68	3,2	50,29	1,0	298	149	1
400	210,300	0,1	149,71	7,6	158	149	1
402	6,14	118,156	4,5	159,78	298	149	1
403	2,8	181,229	6,2	251,184	298	149	1
404	1,0	2,10	0,0	3,0	153	149	1
405	1,3	1118,1268	3,0	1540,626	153	149	1
406	58,75	47,113	154,64	65,32	170	149	0.0352152474165
407	22,30	0,0	11,1	1,0	176	149	1
408	5,1	8,8	4,0	13,2	233	149	1
409	233,445	323,555	345,128	406,172	152	149	1
411	2,7	88,148	2,16	73,48	298	149	1
412	21,56	115,158	39,22	75,54	178	149	1
413	131,178	1,0	171,85	1,1	244	149	1
414	5,13	441,472	12,8	557,146	298	149	1
415	41,50	1,0	47,24	0,0	151	149	1
417	296,364	0,4	317,182	2,0	298	149	1
418	146,175	9,16	103,42	3,0	176	149	1
419	4,5	132,177	9,5	158,99	167	149	1
421	0,0	57,82	0,1	88,40	298	149	1
422	242,305	38,37	335,232	30,9	241	149	1
423	23,24	541,793	13,11	477,295	298	149	1
424	618,934	1,5	515,338	0,0	298	149	1
425	141,203	31,52	173,101	29,16	208	149	1
427	23,21	1,1	22,9	1,2	188	149	1
428	8,30	973,1388	10,12	1620,666	153	149	1
429	12,4	843,1143	22,11	705,353	298	149	1
430	1380,1707	1,4	1429,677	8,3	152	149	1
431	124,192	0,0	66,49	1,0	298	149	1
432	173,116	21,20	197,104	26,6	298	149	1
433	73,52	1,3	42,30	0,0	215	149	1
435	9,1	386,497	6,4	356,191	298	149	1
436	3,0	116,152	0,0	74,47	298	149	1
437	32,41	0,1	31,16	0,0	298	149	1
438	218,213	80,101	476,352	577,481	152	149	3.0246484195e-07
439	3,11	215,355	7,1	215,98	298	149	1
441	513,680	0,5	721,399	2,1	153	149	1
442	26,37	289,499	16,5	312,120	298	149	1
443	52,66	9334,10716	63,37	8323,3853	212	149	1
444	3038,4083	0,3	3091,1316	3,0	185	149	1
445	71,152	0,3	40,16	0,0	281	149	1
446	201,258	194,304	179,80	207,78	152	149	1
447	1,0	909,1471	0,0	1275,636	197	149	1
448	598,634	1819,2046	552,164	2836,817	152	149	1
449	5,16	976,1666	21,7	1185,535	172	149	1
450	91,146	0,3	115,70	0,0	252	149	1
451	56,108	0,3	80,66	0,0	298	149	1
452	70,124	91,146	93,77	115,68	298	149	1
453	0,0	2806,3749	0,1	2841,1093	153	149	1
454	12,14	25,28	27,14	17,9	203	149	0.0276750803107
456	122,196	2,1	87,51	2,0	298	149	1
457	2,1	9672,12458	3,5	15852,7400	153	149	1
459	23,31	2,3	18,12	4,2	298	149	0.78618552361
461	74,121	7,9	80,40	4,0	298	149	0.788564535824
462	77,127	0,2	51,33	3,0	298	149	1
463	5,30	35,65	6,1	20,12	172	149	1
465	83,93	1,0	87,28	0,0	194	149	1
468	4630,6387	0,0	5336,2624	0,1	298	149	1
470	0,4	1772,2411	7,0	1560,755	298	149	1
475	57,51	114,101	37,43	99,46	298	149	1
476	4,10	1,2	2,1	2,0	223	149	0.4167609951
477	8,9	6,3	5,1	0,0	209	149	0.00199565639133
478	6,1	113,161	6,1	83,44	173	149	1
479	11,15	15,11	8,2	13,5	298	149	0.741704815998
483	57,96	35,29	16,26	32,16	164	149	0.207059185927
485	3945,5053	1,9	6776,2593	8,1	167	149	1
486	2014,2629	65,93	3314,1377	125,49	167	149	1
487	2007,2615	8,5	3303,1367	4,5	167	149	1
488	2299,2965	8,5	3825,1552	4,5	188	149	1
489	293,351	1,1	525,185	3,0	170	149	1
490	2008,2616	3,1	3301,1367	0,0	167	149	1
491	2606,3333	3,1	4349,1659	0,0	188	149	1
492	600,719	2,2	1049,292	1,0	170	149	1
493	73,127	1000,1570	47,15	1323,537	162	149	1
494	46,57	115,158	45,16	296,138	162	149	0.130661166637
495	6,13	152,324	5,2	186,115	298	149	1
496	50,108	115,126	32,17	202,103	170	149	0.00406807228687
497	380,469	5,2	384,185	0,0	189	149	1
498	5,15	185,325	8,6	381,180	161	149	1
499	0,0	26,50	1,0	30,31	298	149	1
501	4,5	207,303	4,1	191,93	153	149	1
503	8,11	30,40	25,13	14,9	298	149	0.000592819500994
504	5,8	12,16	23,10	3,2	154	149	3.65709669281e-06
508	262,443	9,8	314,200	3,0	163	149	1
509	508,698	16,19	508,253	1,0	176	149	1
510	9,6	11,16	3,4	14,3	196	149	1
511	152,339	1,1	174,97	0,0	298	149	1
512	23,37	0,1	40,24	0,0	298	149	1
513	19,25	71,69	37,21	55,27	179	149	0.213937904812
514	4,6	176,225	58,45	60,34	153	149	0
515	43,40	19,40	19,18	27,22	298	149	0.511020557308
516	2,6	41,36	14,11	19,16	219	149	0.00509102584697
518	268,260	1,0	300,94	18,8	153	149	1
520	0,0	16,20	1,0	7,3	153	149	1
521	4,0	7,16	0,1	6,8	298	149	1
522	88,163	0,1	122,46	0,0	298	149	1
523	6,17	62,100	2,2	36,16	298	149	1
525	6,0	145,171	2,1	170,64	268	149	1
526	254,322	16,18	287,147	19,9	153	149	1
529	43,38	331,450	21,15	289,164	298	149	1
530	6,6	269,379	8,7	297,145	153	149	1
531	679,726	0,0	518,194	2,6	173	149	1
532	671,740	35,51	798,331	12,1	179	149	1
533	817,1019	6,8	939,407	8,2	298	149	1
534	81,92	8,5	55,43	0,0	229	149	1
537	1,1	0,1	1,0	0,0	160	149	1
539	5,3	33,42	32,15	5,6	167	149	1.05704334175e-12
540	58,74	1,0	29,16	1,0	253	149	1
541	78,125	37,41	91,43	48,26	209	149	1
542	48,52	13,27	25,7	9,3	169	149	1
543	14,19	13,27	26,7	9,3	194	149	0.0428760851227
544	2,8	36,41	17,4	16,4	174	149	0.000630884499153
545	3,4	207,285	5,3	242,106	152	149	1
547	70,126	64,120	52,41	109,53	298	149	0.56881975048
548	3,2	1,0	0,3	0,0	166	149	1
549	14,28	37,21	3,6	51,37	172	149	0.00915962732623
550	14,10	7,7	6,0	3,3	298	149	0.337393700818
551	19,29	7,7	26,10	3,3	298	149	0.704530759469
552	17,27	12,8	22,12	2,0	154	149	0.0038184443094
553	0,2	50,84	2,2	99,28	152	149	1
554	14,14	41,37	10,6	22,10	161	149	1
555	7,3	0,1	2,0	0,0	153	149	1
556	1,4	118,157	2,1	129,39	298	149	1
560	9,0	0,2	2,0	0,0	298	149	1
561	11,18	101,122	2,2	90,55	164	149	1
563	1,5	84,108	0,0	26,13	153	149	1
564	63,108	132,129	30,15	134,69	167	149	0.0276943366322
565	50,46	0,0	58,19	2,1	250	149	1
566	11,15	47,75	15,6	15,13	174	149	0.133974603446
567	139,172	8,3	204,77	5,7	271	149	1
568	3,7	98,126	7,1	90,39	298	149	1
570	1,0	1,9	0,0	4,0	160	149	1
571	14,18	44,82	22,8	45,35	286	149	1
572	0,2	404,629	0,0	478,154	153	149	1
573	131,145	5,15	216,78	4,1	180	149	1
575	2,4	1,1	6,1	3,1	160	149	0.504412179426
576	3,5	2,7	7,1	1,0	176	149	0.000599769562078
577	2,2	2,7	4,1	1,0	165	149	0.000406807077968
578	5,10	635,718	11,0	503,210	298	149	1
579	8,10	12,38	6,1	17,10	298	149	1
580	38,47	22,20	15,9	22,11	168	149	0.0568922591612
581	13,14	22,20	2,0	22,11	177	149	0.000305199375962
582	8,8	33,41	0,0	13,9	158	149	0.222158714713
583	0,0	32,93	1,0	51,31	170	149	1
584	13,25	92,162	32,14	119,44	167	149	1
585	14,36	6,12	17,6	0,2	298	149	0.0325749986534
586	24,38	0,2	22,7	1,0	172	149	1
587	160,200	9,5	139,60	0,1	240	149	1
588	12,7	0,2	10,4	0,1	262	149	1
589	75,99	2,3	39,29	2,1	162	149	1
591	0,0	12,5	1,0	0,0	298	149	1
592	78,131	27,33	99,65	14,3	153	149	0.290671888528
594	2,2	21,37	0,2	16,5	298	149	1
595	19,31	4,6	16,7	4,0	298	149	0.897532736726
596	0,0	33,41	1,0	44,26	298	149	1
597	29,31	524,489	12,5	435,177	166	149	1
599	8,9	752,1221	14,7	1146,740	298	149	1
601	0,1	1,1	1,5	3,0	153	149	0.00364362930709
602	3,6	78,103	4,2	90,22	152	149	1
603	55,47	6,15	68,21	3,1	165	149	0.324014894191
606	53,76	106,139	31,27	83,35	196	149	1
608	68,103	1,2	79,51	0,0	165	149	1
609	1333,1968	0,0	1055,377	1,2	298	149	1
610	14,22	10,14	8,3	20,5	298	149	0.0630088909388
611	54,80	96,168	43,36	128,96	298	149	1
612	4,14	41,57	2,9	36,26	175	149	1
613	10,23	41,57	5,12	36,26	298	149	1
614	8,19	1,10	5,10	1,5	298	149	1
616	60,84	12,19	68,27	0,0	166	149	0.00747332486982
617	383,583	1,1	450,229	3,1	298	149	1
619	10,14	56,94	19,9	96,33	298	149	1
620	171,197	1,3	152,55	0,0	298	149	1
621	7,11	90,135	13,5	170,86	298	149	1
623	41,67	89,155	18,28	138,66	298	149	1
624	34,47	89,155	14,19	138,66	298	149	1
625	11,3	8,20	5,6	6,9	189	149	0.985340480018
626	11,30	193,315	32,28	160,83	298	149	1
628	230,387	0,1	218,141	0,0	298	149	1
629	92,158	20,11	89,37	4,1	164	149	1
630	0,0	10,6	1,0	6,5	155	149	1
631	66,85	28,41	31,23	12,4	153	149	0.962026348068
632	19,19	20,16	10,13	7,6	153	149	0.718110016119
633	12,8	16,17	1,2	12,13	170	149	0.024255962784
634	33,57	2,2	28,16	3,0	251	149	1
635	37,66	2,2	39,27	3,0	230	149	1
636	28,53	0,1	28,16	0,0	251	149	1
637	1,12	225,296	8,6	217,110	155	149	1
638	13,25	47,83	6,12	63,28	298	149	1
639	2,0	30,43	0,1	35,17	298	149	1
640	0,2	2,0	0,0	1,0	187	149	1
641	2,6	5,5	11,2	2,4	187	149	0.516240557049
642	0,2	250,442	3,1	304,132	167	149	1
643	238,253	27,48	184,92	59,23	298	149	0.38271261046
644	221,351	6,6	177,100	13,3	155	149	1
645	61,129	40,80	95,62	78,34	155	149	1
646	0,4	1,0	2,1	0,0	153	149	1
647	0,5	2,6	0,0	6,0	180	149	1
648	313,526	3,0	705,357	0,0	152	149	1
649	118,155	30,28	149,75	14,2	177	149	0.37018701618
650	8,7	336,507	6,4	357,193	152	149	1
651	11,8	79,100	6,1	85,46	172	149	1
652	4,4	256,396	6,3	369,140	298	149	1
653	2,0	122,180	2,0	112,73	152	149	1
654	3,6	0,1	2,0	1,3	208	149	0.00111570955478
655	1,2	798,1230	1,1	805,486	298	149	1
656	1246,2069	17,31	1775,811	33,13	298	149	1
657	316,550	220,438	638,315	197,99	184	149	0.000547145325288
659	1,1	76,78	1,0	36,22	158	149	1
661	7,6	0,8	0,1	2,0	298	149	0.0176793385081
662	15,15	0,8	7,6	2,0	298	149	0.466786512603
663	11,14	1,0	9,6	0,1	298	149	1
664	10,17	0,1	8,15	3,1	163	149	1
665	10,26	151,226	27,19	119,51	165	149	0.565101474491
666	1,3	1,0	0,1	0,0	207	149	1
668	42,60	13,40	10,6	24,17	153	149	0.000603987324462
669	6,9	57,88	2,2	33,23	298	149	1
670	36,53	200,292	5,4	306,149	152	149	0.0580661516156
671	516,568	59,86	435,197	129,62	298	149	0.0338794461647
672	8,9	180,331	15,3	319,114	179	149	1
674	208,318	32,27	208,89	15,17	170	149	1
675	3,4	0,2	0,1	0,1	175	149	1
676	0,2	3,16	0,0	4,2	298	149	1
677	4,14	0,0	5,7	2,0	298	149	1
678	5,7	10,15	4,4	16,3	253	149	1
680	5,14	19,37	8,0	7,18	298	149	1
681	0,0	831,1101	0,1	992,428	153	149	1
682	7,3	1729,2082	4,0	1620,634	224	149	1
684	2,0	28,58	0,0	38,24	298	149	1
685	193,265	65,103	172,84	80,39	152	149	1
686	139125,199545	0,0	213331,101820	2,0	156	149	1
687	19,26	55,134	7,3	36,11	238	149	1
688	467,670	2,4	483,282	0,1	298	149	1
689	2,0	31,43	0,0	20,12	156	149	1
691	4,8	39,50	2,3	31,19	152	149	1
692	93,163	1,2	75,57	1,0	173	149	1
694	6,5	74,82	1,4	63,34	298	149	1
695	16,14	2,1	0,4	2,2	152	149	0.0568836729749
696	3,3	0,0	0,0	8,7	152	149	1.6932899527e-11
697	21,74	24,6	57,38	8,2	298	149	0.375114540779
698	70,99	1,0	40,17	0,0	230	149	1
699	48,60	10,11	60,40	3,1	176	149	0.238733480256
700	1,5	0,0	1,5	2,0	298	149	1
701	1,0	249,380	1,1	281,135	174	149	1
702	28,31	935,1174	15,14	1332,450	298	149	1
703	0,5	144,223	0,0	164,84	298	149	1
704	30,37	8,18	39,18	18,1	298	149	0.863126833825
705	17,31	13,27	14,3	19,9	203	149	0.38245690165
706	51,68	2,1	61,23	0,1	298	149	1
707	31,54	0,0	33,17	0,1	223	149	1
708	79,98	0,6	69,43	4,2	235	149	1
709	77,110	23,27	34,35	20,17	170	149	0.447148159541
711	12,14	6,1	27,18	12,5	207	149	0.97310066507
712	6,14	216,315	3,3	196,131	298	149	1
713	0,0	423,631	2,1	1017,503	298	149	1
714	5,10	0,1	2,2	0,0	153	149	1
715	0,0	662,985	1,4	841,392	152	149	1
717	101,115	2,2	80,47	4,0	260	149	1
718	11,12	46,69	28,16	20,8	180	149	2.54662871046e-06
719	4,4	46,69	15,7	20,8	185	149	0.000217410936547
720	2,1	9,9	5,0	18,9	154	149	1
723	3,0	41,67	4,3	34,15	169	149	1
724	69,40	12,7	75,29	7,1	281	149	0.628546167208
725	6,7	115,129	2,0	130,76	152	149	1
726	16,23	75,103	28,7	92,32	298	149	1
727	343,487	13,21	481,199	2,3	194	149	1
729	0,0	1021,1216	1,0	1153,442	298	149	1
730	2,5	768,803	2,0	886,332	154	149	1
731	20,19	6,12	19,5	10,0	298	149	0.705784153545
732	32,51	1,4	37,21	0,0	298	149	1
733	10,6	190,298	4,19	204,104	298	149	1
734	75,110	36,43	100,34	35,11	171	149	1
735	2,5	29,35	0,5	22,8	298	149	1
736	1658,2384	9,15	2140,898	14,6	152	149	1
737	899,1091	799,936	1869,773	389,181	163	149	8.881784197e-16
738	98,177	5,6	144,51	3,0	298	149	1
740	1,7	0,5	5,1	6,1	158	149	0.465769643249
741	28,25	16,26	50,35	0,0	172	149	1.01740837977e-12
743	53,43	1,0	16,6	0,0	298	149	1
744	32,20	3,7	11,10	3,1	154	149	1
745	155,235	12,15	164,65	13,6	196	149	1
746	2,2	0,0	2,0	1,0	179	149	1
747	15,23	31,36	16,5	19,5	153	149	0.943165342551
748	0,0	83,96	2,0	287,113	153	149	1
751	10,17	9,25	32,5	1,0	154	149	1.95907168266e-09
754	142,215	6,1	250,126	2,2	170	149	1
756	10,3	56,78	2,0	55,21	298	149	1
757	44,54	0,4	35,20	0,0	167	149	1
758	6,15	30,52	3,3	45,7	178	149	1
759	0,0	0,1	1,1	4,5	155	149	1
760	101,135	111,190	84,46	124,58	250	149	1
761	18,27	42,34	9,5	28,15	256	149	1
762	21,23	0,4	23,10	0,0	175	149	1
763	0,7	156,229	1,0	165,150	298	149	1
764	94,92	43,56	118,41	58,21	215	149	1
766	1,4	4,6	0,2	1,0	246	149	0.433636681056
767	6,10	457,775	1,0	556,257	216	149	1
768	21,34	9,3	23,11	7,0	298	149	1
769	18,28	116,136	26,8	104,31	176	149	1
770	126,147	9,3	108,35	7,0	298	149	1
771	76,88	29,41	65,29	6,0	166	149	0.000288517725931
772	38,38	19,25	41,18	11,6	166	149	0.450318057739
774	31,75	3,3	50,22	0,2	153	149	1
775	24,40	24,53	23,12	12,2	160	149	0.0550372222822
776	25,40	292,598	31,28	353,203	298	149	1
777	2,3	245,336	3,2	222,116	153	149	1
778	182,157	51,50	223,60	64,12	298	149	1
779	137,166	0,6	178,64	0,0	298	149	1
781	35,30	3,2	47,12	5,2	291	149	1
783	1,1	79,111	5,2	69,46	298	149	1
784	67,61	3,2	48,21	3,2	207	149	1
785	155,176	65,93	221,74	147,58	298	149	1
786	9,15	56,96	9,0	79,51	193	149	1
787	8,5	1,2	5,2	5,7	298	149	0.0176904303406
788	187,285	2,0	191,89	0,0	296	149	1
789	2,8	105,131	5,6	91,42	298	149	1
790	18,15	0,0	25,10	0,4	269	149	1
791	13,17	281,433	15,9	274,141	298	149	1
792	16,29	249,402	13,7	341,116	298	149	1
793	216,275	41,64	144,85	54,44	164	149	0.383506049483
794	111,86	367,363	69,38	375,136	298	149	1
795	14,14	669,761	15,8	841,260	298	149	1
796	51,70	0,0	78,32	1,0	167	149	1
797	94,87	52,61	82,12	68,39	218	149	0.197203637832
798	151,191	7,0	173,98	2,1	298	149	1
799	52,53	36,38	37,9	33,7	298	149	1
800	117,182	35,66	76,36	55,20	167	149	0.277356798992
801	248,366	192,231	303,136	181,96	170	149	1
802	4,2	53,114	10,2	77,29	168	149	1
803	6,8	210,388	2,1	243,155	298	149	1
804	52,47	0,0	77,18	0,1	191	149	1
806	2,3	3,1	1,0	0,1	151	149	1
807	7,20	73,124	13,4	63,33	189	149	1
808	7,19	3,3	1,2	6,2	218	149	0.00352513536965
809	2,7	51,56	9,7	5,7	154	149	4.51037819887e-05
810	8,12	1013,1464	17,1	993,584	298	149	1
811	8,9	1013,1464	10,3	993,584	298	149	1
812	6,2	1,3	2,2	8,0	235	149	1
813	120,193	3,1	146,66	9,1	252	149	1
814	8,8	343,382	8,2	471,171	298	149	1
815	99,116	4,4	123,60	7,1	155	149	1
816	9,16	265,393	13,8	374,200	154	149	1
817	307,468	0,0	467,204	1,0	298	149	1
818	124,224	16,22	231,93	6,3	157	149	1
819	3,3	2,8	3,5	1,2	194	149	0.0869261233913
820	89,112	2825,3647	65,26	2554,1196	152	149	1
821	89,112	2,0	62,26	0,0	152	149	1
822	15,16	47,39	26,12	50,11	160	149	0.656534727284
823	0,1	8,10	6,3	3,0	167	149	1.17980734096e-05
824	121,149	52,107	289,159	53,41	163	149	0.0273903462147
826	30,26	535,645	24,22	481,240	153	149	1
827	11,14	1,9	6,0	8,2	258	149	0.0503735659643
828	3,11	182,277	8,15	312,162	298	149	1
829	129,152	9,10	128,70	19,6	298	149	1
830	63,88	2,0	99,44	0,1	298	149	1
831	90,135	107,102	153,57	104,37	212	149	1
832	133,148	0,1	138,56	0,0	219	149	1
833	73,95	13,8	60,27	13,1	160	149	1
834	11,7	13,8	13,18	13,1	298	149	0.210657100501
835	13,8	73,95	14,19	60,27	295	149	0.889419213434
836	2,1	31,41	1,0	25,16	182	149	1
837	6,15	1,8	1,2	17,4	169	149	0.000212467102322
839	3,5	8,17	0,1	19,9	160	149	0.0937450815097
840	17,11	162,200	7,8	82,49	167	149	1
841	29,68	59,122	5,0	111,50	154	149	4.34485891709e-10
842	115,198	0,1	52,46	3,0	298	149	1
844	63,113	0,5	73,53	1,0	298	149	1
845	2,1	4,0	5,5	0,2	151	149	0.425616936915
846	110,100	0,0	134,53	3,3	163	149	1
848	0,3	44,53	4,0	21,10	298	149	1
850	1,12	17,32	0,2	28,16	202	149	0.506383234332
851	158,217	573,775	258,80	225,135	167	149	0.00635983273382
852	0,1	604,699	1,0	672,255	153	149	1
853	77,109	88,137	93,41	77,33	270	149	1
854	6,7	535,697	7,3	603,289	153	149	1
855	10,16	145,148	29,12	84,42	154	149	0.114325061359
856	79,107	1,0	50,21	1,0	168	149	1
858	55,45	0,0	57,32	0,1	193	149	1
860	4,10	22,50	3,2	11,11	298	149	1
861	32,58	90,95	21,17	57,37	185	149	1
862	184,290	6,14	147,63	2,1	184	149	1
863	26,58	6,14	27,11	2,1	249	149	0.199575679996
864	0,8	158,240	3,0	123,52	214	149	1
866	207,319	27,40	228,153	9,0	196	149	0.33969903347
867	170,271	163,198	346,141	47,11	161	149	2.22044604925e-16
868	248,346	2,5	237,164	0,7	298	149	1
869	697,825	43,49	791,285	58,28	231	149	1
870	10,13	33,28	15,6	5,7	194	149	0.0538432840598
871	1,3	16,22	0,0	13,9	298	149	1
872	9,14	2,1	30,11	0,0	170	149	1
873	10,15	168,199	15,4	214,79	267	149	1
874	21,23	6,4	50,35	5,4	295	149	0.696283368998
875	239,314	0,0	205,111	1,0	298	149	1
877	74,116	8,15	69,34	1,2	298	149	0.165100496906
878	16,15	8,15	4,6	1,2	298	149	0.327731499347
879	13,13	65,105	6,8	67,30	180	149	1
880	803,840	2,1	1060,425	3,0	161	149	1
882	564,921	38,75	430,177	116,65	194	149	6.0749678219e-05
883	1205,1779	991,1604	1772,875	1327,726	206	149	1
884	3581,5563	1,3	4951,2422	2,0	167	149	1
885	42,62	48,63	53,20	14,4	175	149	0.000203851960636
886	224,290	36,51	216,111	28,13	297	149	1
887	82,128	6,7	91,46	2,0	241	149	1
888	40,56	0,0	40,17	0,1	298	149	1
889	35,58	135,157	43,22	141,35	298	149	1
890	6,11	135,157	11,9	141,35	298	149	1
891	17,24	9,15	13,11	15,7	298	149	0.834108559126
892	18,14	7,2	19,6	10,5	298	149	0.387053250764
893	22,30	39,38	29,7	19,14	298	149	1
895	63,93	8,2	76,16	6,3	188	149	1
896	22,29	0,5	26,16	0,1	173	149	1
897	4,3	1657,2140	3,1	1891,766	170	149	1
899	2,3	211,281	3,1	252,107	298	149	1
900	457,590	0,0	474,227	2,0	298	149	1
901	6,3	447,697	6,0	530,227	153	149	1
902	12,17	24,37	15,3	39,17	168	149	1
904	11,7	38,24	9,2	30,5	153	149	1
906	21,26	345,360	25,7	338,121	153	149	1
907	1,5	0,0	13,3	2,0	166	149	1
908	1,6	797,1072	18,3	666,324	298	149	1
909	0,2	797,1072	8,0	666,324	298	149	1
910	14,26	531,886	21,14	574,281	298	149	1
911	5,21	531,886	8,11	574,281	298	149	1
912	1,5	9,5	1,4	14,6	298	149	1
913	11,36	14,19	16,5	13,10	153	149	0.926020156396
914	20,20	0,11	27,13	8,1	298	149	1
915	6,10	220,333	2,4	334,151	298	149	1
917	73,96	16,23	77,20	16,11	158	149	1
918	5,10	978,1277	6,3	896,465	153	149	1
919	4,15	799,1105	4,4	646,323	185	149	1
920	7,0	1,0	1,0	0,0	298	149	1
922	8,18	79,146	32,17	110,67	281	149	1
923	1,1	68,72	3,3	110,50	292	149	1
925	18,24	736,1057	1,6	687,347	298	149	1
926	0,3	0,0	0,0	0,2	167	149	1
927	9,9	0,0	6,3	1,0	200	149	1
929	6,7	70,131	8,2	72,43	298	149	1
930	7,8	307,515	6,7	410,195	298	149	1
931	5,15	157,179	2,3	130,67	298	149	1
932	53,74	129,175	156,42	71,28	155	149	2.6579886736e-08
933	9,4	3,0	9,4	2,0	213	149	1
935	2,3	125,175	3,1	158,70	188	149	1
936	334,419	2,0	438,204	1,0	261	149	1
937	1,0	16,23	1,3	21,11	180	149	1
938	5,18	0,1	8,13	6,0	298	149	1
940	75,76	3060,4451	179,85	3978,2131	167	149	1
941	32,35	0,1	31,10	1,2	290	149	1
942	151,181	53,46	96,24	133,41	172	149	6.71268374219e-10
943	16,26	16,41	35,22	3,2	153	149	5.56527139928e-08
944	277,387	2,0	385,192	0,0	298	149	1
946	22,45	26,34	15,18	32,14	181	149	1
948	244,365	0,1	279,173	0,0	298	149	1
949	21,15	2,5	9,5	16,4	160	149	0.00482615703081
951	106,147	0,2	155,67	0,3	260	149	1
952	2,3	8,6	9,2	9,4	270	149	0.565571407622
953	37,33	0,1	50,12	6,0	298	149	1
954	10,17	0,2	20,13	2,0	185	149	1
955	10,18	128,269	27,13	211,96	185	149	1
956	578,702	35,42	679,257	10,2	188	149	1
957	12,20	191,211	25,19	236,140	173	149	1
958	178,237	1,2	384,141	1,0	153	149	1
959	3,5	154,183	3,1	121,59	298	149	1
960	80,86	20,25	24,17	58,17	161	149	6.57177672394e-05
961	4,0	46,57	3,0	32,9	298	149	1
962	2,0	81,118	3,0	128,51	153	149	1
963	58,72	0,0	42,8	0,1	178	149	1
964	38,76	5,0	52,28	1,0	298	149	1
965	654,814	7,13	830,342	3,1	172	149	1
966	132,122	3,6	192,68	0,0	172	149	1
968	0,1	18,24	0,0	1,5	185	149	1
969	55,108	1586,2489	93,36	2247,1145	298	149	1
970	64,98	1586,2489	74,25	2247,1145	298	149	1
971	51,68	7,27	33,37	26,18	254	149	0.206005270551
972	0,4	3,6	3,0	2,2	182	149	1
973	13,23	1,0	15,3	0,1	298	149	1
974	13,21	247,288	16,14	294,148	210	149	1
975	14,6	401,477	10,8	545,211	298	149	1
976	79,109	159,176	58,33	218,77	298	149	1
977	25,82	26,33	57,12	10,13	209	149	0.992167848517
978	68,114	0,0	79,29	0,1	298	149	1
979	319,344	102,141	161,121	140,87	298	149	0.0116741762254
980	0,2	16,26	2,1	8,3	171	149	0.623102120223
984	5,6	19,35	2,0	21,11	191	149	1
986	63,104	3,3	108,54	0,0	154	149	1
987	0,2	38,49	0,0	31,14	158	149	1
988	0,2	16,30	3,3	25,12	174	149	1
989	0,0	1,0	14,2	1,0	298	149	1
990	2,2	234,271	2,0	294,114	153	149	1
992	31,39	2,0	22,21	2,0	298	149	1
993	1070,1402	9,12	588,278	0,0	182	149	1
995	153,244	3,1	169,90	8,0	159	149	1
997	13,17	36,48	3,0	40,23	216	149	0.0326378453663
998	0,3	8805,13864	3,1	13613,6577	153	149	1
999	10,6	668,934	10,1	798,312	298	149	1
1000	10,11	668,934	10,1	798,312	298	149	1
1002	0,3	331,484	8,2	260,148	158	149	1
1003	6,6	59,56	0,2	49,18	298	149	1
1004	20,26	0,1	18,6	0,3	298	149	1
1009	76,72	0,1	138,65	0,0	298	149	1
1010	4,4	55,78	8,4	85,60	298	149	1
1011	16,49	49,98	27,22	59,30	188	149	1
1012	1,2	59,65	0,1	52,24	298	149	1
1014	2,10	13,15	5,1	3,2	177	149	0.492047839891
1016	5,4	51,48	24,26	113,73	160	149	0.424786428846
1017	1443,1979	42,57	2042,842	102,45	173	149	1
1018	0,2	2630,3066	1,1	2604,1242	298	149	1
1020	16,21	562,827	8,8	517,257	298	149	1
1022	76,80	0,1	68,37	0,0	291	149	1
1023	41,25	20,35	38,13	16,7	161	149	0.661196793713
1024	231,266	2,16	371,119	14,7	190	149	1
1027	86,187	14,34	111,35	4,4	167	149	0.682255981067
1028	2,1	32,50	1,1	24,17	298	149	1
1029	80,106	18,17	95,69	7,2	154	149	0.684861063879
1030	110,141	1,8	140,72	0,0	205	149	1
1031	0,0	38,47	0,1	57,15	169	149	1
1032	0,1	134,139	1,0	103,53	152	149	1
1033	14,7	28,12	16,3	44,6	152	149	1
1034	10,21	0,1	21,6	0,0	154	149	1
1035	181,280	6,7	219,71	3,1	298	149	1
1036	1,9	2787,4475	2,0	3776,1761	298	149	1
1037	65,82	1,0	27,25	0,0	298	149	1
1038	109,168	15,16	83,50	4,1	266	149	0.683411507267
1039	12,11	54,89	3,6	45,21	163	149	1
1040	9,4	0,2	5,8	1,0	274	149	1
1041	20,20	68,111	28,15	44,31	298	149	0.630504723557
1042	11,7	0,0	33,6	1,0	250	149	1
1043	5,11	9,9	7,3	5,5	298	149	1
1046	2,5	22,21	5,2	32,13	298	149	1
1048	13,13	0,2	7,10	2,0	298	149	1
1049	29,28	0,3	26,14	0,0	153	149	1
1050	93,107	9,12	74,24	21,9	196	149	0.188128945276
1051	7,14	106,139	9,3	96,48	287	149	1
1052	167,147	10,19	110,51	2,3	298	149	1
1053	63,98	13,2	88,56	0,0	154	149	1
1055	0,0	14,28	0,2	16,8	153	149	1
1056	0,1	1,6	0,0	3,1	161	149	1
1057	12364,14657	13341,15166	33176,13933	11875,4846	160	149	1.93084437328e-11
1058	57,67	4,3	24,6	27,13	155	149	9.49712308795e-10
1059	6,7	0,0	1,2	2,0	155	149	1
1060	51,56	20,28	43,21	15,6	298	149	1
1062	11,4	8,2	2,0	4,5	216	149	0.00499616115175
1063	6,2	227,279	3,2	239,75	298	149	1
1064	0,0	52,127	6,0	69,26	167	149	1
1065	5,13	2,0	9,0	0,0	176	149	1
1067	224,316	3,6	205,122	0,0	298	149	1
1068	0,2	28,42	3,5	26,14	298	149	1
1069	2,6	106,152	9,3	106,35	298	149	1
1071	1,1	107,167	4,5	125,53	153	149	1
1073	58,43	2,1	40,30	3,2	178	149	1
1074	8,12	17,32	6,2	37,20	208	149	0.466937129652
1075	2,1	0,0	3,0	1,0	253	149	1
1076	46,69	130,156	23,1	167,59	230	149	0.065290220747
1077	1,1	27,32	0,0	26,11	233	149	1
1078	7,15	4,1	4,0	2,0	252	149	1
1079	181,192	5,12	227,137	9,1	298	149	1
1080	8,5	0,1	10,16	4,1	298	149	0.279921096407
1081	8,5	12,16	16,18	35,17	298	149	1
1082	27,52	56,73	100,51	7,4	161	149	0
1083	3,3	31,33	14,3	7,7	161	149	0.00920804749614
1084	82,77	46,94	49,31	82,43	165	149	0.460767055978
1086	87,141	30,49	100,46	19,8	199	149	0.619715470124
1088	1,6	466,667	6,1	564,227	153	149	1
1089	7,8	228,364	3,5	340,160	298	149	1
1090	7,9	452,638	1,4	485,239	298	149	1
1091	10,9	167,220	12,2	190,86	298	149	1
1092	35,45	3,6	30,14	3,0	298	149	0.801000078693
1093	47,57	24,32	58,11	2,2	220	149	8.23828141795e-05
1094	5,8	2,6	1,1	1,0	186	149	0.0148995479727
1096	4,16	92,112	8,5	102,39	298	149	1
1098	108,209	0,0	225,104	1,0	221	149	1
1099	0,0	355,369	1,2	284,143	298	149	1
1100	40,52	2,1	27,14	0,0	189	149	1
1101	7,2	0,2	3,2	2,0	298	149	1
1102	5,6	130,209	4,2	83,56	298	149	1
1103	0,8	130,209	5,2	83,56	298	149	1
1104	3,0	3,6	0,1	4,0	269	149	1
1105	1,1	116,130	1,1	86,38	298	149	1
1106	5,6	17,19	5,1	52,20	298	149	1
1107	4,7	116,130	5,1	86,38	298	149	1
1108	17,27	690,729	15,0	433,236	155	149	1
1109	9,9	2,1	8,5	4,1	153	149	1
1110	44,39	73,107	51,31	81,30	233	149	1
1111	6,2	10,33	6,1	20,8	177	149	1
1112	27,56	121,193	35,20	171,65	291	149	1
1113	49,46	0,0	18,16	18,5	176	149	5.64109566252e-05
1114	54,90	87,126	65,38	67,40	291	149	1
1115	48,79	3,3	51,26	0,0	225	149	1
1116	1,0	28,49	0,0	25,4	167	149	1
1117	71,96	1,8	44,24	0,0	168	149	1
1118	226,377	447,788	283,112	396,185	267	149	1
1120	28,27	16,38	35,9	10,4	298	149	0.113611413725
1121	81,96	8,8	36,26	15,4	164	149	0.450490614303
1122	304,385	0,0	256,167	4,5	159	149	1
1123	22,16	0,0	14,13	2,3	159	149	0.559706358381
1124	30,34	57,80	45,13	54,32	206	149	1
1125	11,10	3,20	4,3	4,1	199	149	1
1126	68,79	11,40	111,49	16,5	157	149	0.56755663874
1127	11,15	15,29	29,10	10,6	157	149	0.0100685045363
1129	17,21	0,4	3,3	6,3	179	149	0.00108144681609
1130	6,3	92,165	0,2	117,34	298	149	1
1131	1,7	280,379	6,4	321,106	153	149	1
1132	25,26	202,301	12,8	217,116	298	149	1
1133	2,3	301,368	0,0	301,169	182	149	1
1134	6,15	1,3	12,1	11,2	167	149	0.0289949926679
1135	13,12	1,3	19,3	1,0	298	149	1
1136	8,3	1,3	22,4	1,0	298	149	0.102045898193
1137	11,38	3,2	51,9	0,1	204	149	1
1138	1,3	7,18	27,1	12,3	202	149	0.0443381236555
1140	2,3	252,316	3,3	274,110	293	149	1
1141	5,12	304,452	10,8	308,150	153	149	1
1142	2,1	133,208	6,2	139,101	296	149	1
1143	7,15	0,0	11,5	1,0	152	149	1
1144	33,43	71,118	33,16	44,21	161	149	0.50049498898
1145	14,21	84,160	4,1	88,41	298	149	1
1146	1380,2229	1,0	1272,634	0,0	298	149	1
1148	76,71	3,1	89,38	1,0	168	149	1
1149	139,173	150,229	124,62	209,57	152	149	1
1151	52,63	0,1	78,36	0,3	196	149	1
1152	0,5	366,451	7,4	567,258	298	149	1
1153	19,27	88,115	57,23	62,50	153	149	0.0466792880016
1154	137,151	678,792	81,24	1447,484	166	149	0.781452603807
1155	78,75	10,11	123,41	5,0	278	149	0.144849537641
1156	97,97	24,62	145,54	109,29	295	149	0.756316999562
1157	29,33	24,62	27,13	109,29	166	149	0.182773107486
1158	1,5	4,0	1,1	2,1	160	149	0.405147066646
1160	2,0	204,331	0,0	206,142	151	149	1
1162	90,122	23,6	65,41	10,8	177	149	1
1163	642,853	5,9	582,343	3,3	298	149	1
1164	14,12	53,96	2,11	57,25	283	149	1
1165	3,1	0,5	1,0	0,0	298	149	1
1166	4,8	7,14	4,4	10,1	155	149	0.862315033625
1167	0,1	40,40	2,0	43,14	215	149	1
1168	2,1	14,10	2,0	11,0	161	149	1
1169	4,2	7,7	4,0	7,5	161	149	0.824669211117
1170	26,20	2947,3839	50,24	4792,2111	153	149	1
1171	66,59	1,0	39,14	0,0	298	149	1
1172	39,31	241,321	20,13	320,130	232	149	1
1173	13,18	0,2	12,0	10,4	156	149	0.000440401573158
1176	57,96	41,96	104,39	74,36	225	149	1
1177	2,8	749,931	3,0	736,338	298	149	1
1178	9,11	2,7	21,10	4,2	298	149	0.552895762551
1179	255,287	135,148	242,82	205,85	192	149	0.298661550628
1180	324,418	24,34	332,114	26,5	231	149	1
1181	355,460	2,1	367,129	1,0	246	149	1
1182	204,279	24,34	295,117	26,5	188	149	1
1183	235,321	2,1	330,132	1,0	203	149	1
1184	55,76	2,1	61,20	1,0	164	149	1
1185	0,2	34,29	0,1	20,9	298	149	1
1186	20,33	2,7	20,14	0,0	166	149	0.622831737581
1189	89,83	25,34	71,56	11,10	193	149	0.488462008398
1190	13,12	78,102	17,14	121,81	298	149	1
1191	0,5	4,5	5,7	9,1	298	149	0.315262283657
1194	10,10	89,136	5,1	88,34	286	149	1
1197	32,27	3,2	29,6	0,3	297	149	1
1198	2,1	0,4	4,5	9,7	153	149	0.544482583917
1199	5,0	66,78	4,4	34,30	153	149	1
1200	4,5	218,370	6,1	310,158	152	149	1
1201	2,3	650,1028	2,2	676,366	209	149	1
1202	0,1	86,115	0,0	114,49	153	149	1
1203	4,11	36,55	15,1	33,22	176	149	1
1205	160,212	6161,6919	229,136	7209,3276	156	149	1
1207	0,4	4711,6415	5,4	5989,3097	153	149	1
1208	0,2	63,68	0,2	51,24	206	149	1
1209	135,191	0,0	178,85	1,0	193	149	1
1210	15,18	2,0	29,17	3,3	225	149	0.700355448163
1211	0,7	102,117	0,3	82,38	296	149	1
1212	33,53	28,115	102,31	10,6	161	149	1.74010162279e-07
1213	9,9	40,56	7,6	54,25	153	149	1
1214	127,121	2,0	54,26	1,0	298	149	1
1215	195,193	334,415	414,177	75,28	161	149	0
1216	80,68	14,11	59,12	88,27	155	149	1.26535448786e-11
1217	6,12	2,8	16,12	0,4	176	149	0.143062229142
1218	7,10	0,6	17,10	10,3	298	149	0.562504018667
1219	7,14	8,18	17,12	14,6	298	149	0.702396741347
1220	3,8	0,6	1,4	10,3	298	149	0.096771109381
1221	3,12	8,18	1,6	14,6	298	149	1
1222	0,10	8,18	10,5	14,6	185	149	0.392798438279
1223	10,38	0,0	10,11	0,1	298	149	1
1224	2,2	96,152	3,3	105,52	153	149	1
1225	59,84	73,50	92,27	46,29	298	149	1
1227	1281,1884	1,0	899,397	4,0	298	149	1
1228	4,0	0,3	0,2	0,0	200	149	1
1229	52,42	44,69	26,29	84,41	153	149	0.571390129826
1232	0,1	3,4	0,0	0,1	230	149	1
1233	51,63	15,19	53,48	31,19	256	149	0.740015985344
1234	41,44	142,161	30,19	203,54	298	149	1
1235	7,0	131,195	1,3	141,71	298	149	1
1236	11,30	0,0	19,16	3,2	295	149	0.601217430834
1237	2,5	18,50	1,0	28,10	298	149	1
1238	0,2	1,4	11,3	2,2	157	149	0.00871200855023
1239	57,78	65,84	60,25	69,40	298	149	1
1240	0,0	275,378	5,2	228,82	298	149	1
1241	9,5	352,551	5,7	348,144	153	149	1
1242	9,5	0,0	5,6	1,0	153	149	1
1243	7,26	371,489	4,4	366,128	298	149	1
1244	6,9	306,427	18,0	473,175	153	149	1
1245	196,214	73,112	326,189	86,30	298	149	0.124010471953
1247	4,1	128,142	0,0	131,48	152	149	1
1248	186,226	0,0	158,77	1,0	298	149	1
1249	138,174	0,0	170,74	1,0	154	149	1
1250	8,22	96,121	36,37	85,37	298	149	0.0562130803608
1251	0,1	324,522	0,0	280,153	298	149	1
1252	183,234	71,107	157,91	143,50	270	149	0.470560430391
1254	11,22	7,7	3,6	3,3	224	149	0.886493396987
1255	47,91	2,0	44,23	0,1	152	149	1
1256	68,115	2,10	102,34	2,0	270	149	1
1257	3,8	1,2	3,3	0,0	170	149	0.355985408691
1258	0,4	2,0	7,10	28,12	153	149	0.665279024851
1259	81,85	107,191	39,19	108,60	190	149	1
1260	3,0	86,118	0,0	49,43	153	149	1
1261	18,8	132,116	10,6	119,55	298	149	1
1263	5,8	148,174	3,4	148,65	298	149	1
1264	0,9	7,6	13,2	9,6	298	149	0.859099051147
1265	0,1	146,218	4,4	169,93	298	149	1
1266	7,7	146,218	13,10	169,93	298	149	1
1267	6,22	0,0	2,6	1,0	191	149	1
1268	0,2	81,76	1,1	86,33	218	149	1
1269	71,81	16,32	55,35	13,12	172	149	1
1270	4,7	0,0	1,1	1,0	298	149	1
1271	3,1	40,33	2,2	17,9	298	149	1
1272	3,1	40,33	3,2	17,9	298	149	1
1273	5,4	815,1322	35,29	1696,780	298	149	1
1275	17,21	262,485	8,0	354,143	298	149	1
1277	88,153	2,0	91,27	3,0	213	149	1
1278	8,26	96,128	21,7	112,38	199	149	1
1279	158,214	1,2	206,43	0,0	298	149	1
1281	9,6	0,2	3,4	2,2	193	149	0.0948948465657
1282	11,16	34,37	4,3	39,16	198	149	0.380246694705
1283	0,1	0,0	0,0	1,0	198	149	1
1284	153,221	0,0	118,56	1,0	298	149	1
1285	155,223	0,1	119,59	0,0	298	149	1
1286	1,0	22,12	1,0	13,5	181	149	1
1287	11,14	5,9	17,5	5,7	298	149	1
1288	8,14	97,87	12,14	74,25	213	149	1
1289	220,282	7,10	228,80	5,0	155	149	1
1290	251,338	672,841	287,94	923,308	152	149	1
1292	6,19	3,0	9,1	1,0	164	149	1
1293	12,25	2,0	6,7	0,0	298	149	1
1294	9,7	5,4	2,4	2,2	171	149	1
1295	4,5	9,13	4,0	16,2	298	149	0.644603772746
1296	0,1	27,17	0,1	20,8	158	149	1
1297	7,28	3,0	5,2	0,1	176	149	1
1298	11,16	391,679	10,3	436,213	298	149	1
1299	20,35	57,122	18,13	73,54	298	149	1
1300	529,738	111,146	743,370	98,65	173	149	1
1302	9,7	0,0	17,2	3,2	220	149	0.225763305314
1303	20,22	0,0	38,8	3,2	298	149	0.737600957407
1304	18,23	1,0	33,13	0,0	298	149	1
1305	13,22	3,7	53,7	0,0	298	149	0.00181475086217
1306	6,4	230,298	1,0	249,115	260	149	1
1307	10,15	1,2	18,6	0,0	298	149	0.395336680082
1308	3,8	50,74	9,7	47,32	298	149	1
1313	198,312	0,2	301,137	0,0	236	149	1
1314	0,1	5,12	0,1	8,3	187	149	1
1315	67,123	667,896	67,24	689,350	298	149	1
1317	37,44	256,272	100,26	292,95	298	149	1
1319	0,1	5,1	3,1	3,1	153	149	0.00597589617313
1320	18,35	512,701	64,26	475,239	154	149	1
1321	0,1	393,617	0,0	434,256	167	149	1
1323	37,38	50,66	39,12	83,24	193	149	1
1324	0,0	23,23	0,2	9,6	167	149	1
1326	38,47	785,1081	25,8	801,413	152	149	1
1327	6,15	1,0	3,4	0,0	164	149	1
1330	3,2	203,273	3,2	227,130	242	149	1
1333	1,4	0,0	2,0	1,0	193	149	1
1335	36,68	20,31	31,18	13,7	152	149	1
1336	0,9	4,15	0,0	7,0	223	149	1
1337	11,12	72,53	4,5	55,28	164	149	1
1338	20,19	1,0	33,9	2,1	161	149	1
1340	1,3	34,62	5,6	35,12	231	149	1
1341	0,2	1,0	2,0	0,1	212	149	1
1342	23,41	107,133	14,14	63,53	298	149	1
1343	0,4	78,100	0,0	61,26	152	149	1
1345	3,1	650,848	1,2	735,403	152	149	1
1347	3,4	264,363	9,5	304,140	166	149	1
1348	34,54	105,142	25,17	100,50	166	149	1
1349	168,203	5,10	273,71	4,3	190	149	1
1350	4,4	165,258	4,3	114,98	298	149	1
1352	0,0	2,1	1,0	2,0	152	149	1
1353	0,8	113,137	1,2	107,46	188	149	1
1354	1,5	115,165	6,1	105,59	158	149	1
1355	2,0	13,34	3,0	22,10	298	149	1
1356	10,31	3,10	27,6	1,3	173	149	0.46895306264
1358	1,6	130,140	2,0	68,21	230	149	1
1359	2,4	765,1167	1,0	926,450	298	149	1
1360	9,5	16,45	0,5	60,20	298	149	1
1361	154,174	5,1	179,96	2,1	298	149	1
1362	21,39	0,2	12,7	0,0	298	149	1
1364	12,31	389,459	14,3	530,174	298	149	1
1365	22,51	1,2	11,12	2,0	167	149	1
1366	8,21	17,36	6,0	31,3	179	149	0.130484825777
1367	0,8	0,0	1,0	1,1	155	149	1
1369	3,5	3,5	6,6	4,2	298	149	0.635339036185
1370	1,3	1,0	2,2	4,0	176	149	0.433277729405
1371	7,7	285,426	19,7	366,179	298	149	1
1372	7,5	285,426	21,7	366,179	298	149	1
1373	3,3	3,12	2,0	2,2	298	149	1
1374	11,13	89,129	10,0	150,62	298	149	1
1375	11,22	89,129	10,2	150,62	192	149	1
1376	9,12	2,5	8,0	4,2	192	149	0.22396773395
1377	127,224	59,103	151,61	119,57	170	149	0.28170846107
1378	3,6	37,83	2,0	59,21	298	149	1
1381	18,20	208,375	16,6	313,165	298	149	1
1382	36,66	53,60	31,19	27,13	153	149	1
1383	34,46	77,121	42,16	158,78	174	149	1
1384	5,8	132,153	4,5	141,36	298	149	1
1385	1,2	18,23	2,0	33,8	298	149	1
1386	5,3	46,59	3,0	21,13	298	149	1
1387	1,1	2,0	0,1	0,0	153	149	1
1391	39,48	97,100	46,30	89,37	211	149	1
1392	1,0	209,221	1,1	149,107	188	149	1
1393	15,10	109,139	17,12	114,44	298	149	1
1395	4,14	62,98	11,5	52,35	298	149	1
1396	202,283	1,7	159,72	0,1	227	149	1
1397	60,148	50,77	99,68	73,35	161	149	1
1398	22,20	11,16	19,12	0,0	172	149	7.74090191946e-09
1399	32,41	368,586	160,54	264,98	186	149	3.8997693963e-12
1400	2,1	645,660	4,0	564,233	176	149	1
1402	25,24	1,1	13,3	3,0	165	149	1
1404	297,311	4,5	380,146	3,0	282	149	1
1406	2,2	60,98	3,0	70,39	298	149	1
1408	1,0	148,226	2,0	181,103	185	149	1
1409	2,0	189,245	0,0	165,80	215	149	1
1411	16,9	140,190	6,5	211,89	264	149	1
1412	124,168	0,0	124,55	4,0	152	149	1
1414	6,10	165,215	9,3	169,133	298	149	1
1415	0,2	92,145	9,2	138,91	298	149	1
1416	138,224	1,0	198,105	1,1	298	149	1
1417	40,40	71,112	36,18	50,25	265	149	1
1418	1,4	14,14	2,0	13,3	222	149	1
1420	63,65	7,8	52,26	0,0	160	149	1
1421	8,8	110,133	0,1	42,22	298	149	1
1422	140,221	135,195	246,125	252,120	168	149	1
1424	138,204	2,0	283,119	0,2	200	149	1
1425	3,3	3,3	5,2	3,3	161	149	1
1426	77,98	0,2	102,30	0,0	161	149	1
1427	3,7	235,332	5,0	233,105	298	149	1
1430	50,39	94,158	43,16	138,82	153	149	1
1431	2,2	9,7	1,1	10,4	159	149	1
1432	0,4	2,1	0,1	4,2	194	149	0.628722415649
1433	271,399	243,301	188,147	273,120	298	149	1
1434	167,235	120,187	111,115	82,48	298	149	1
1435	29,46	0,4	30,16	2,0	224	149	1
1436	4,5	28,43	5,7	64,21	153	149	1
1438	11,18	1601,3029	10,5	2458,1129	151	149	1
1439	8,9	45,82	0,0	38,38	171	149	1
1440	0,1	0,5	0,1	0,0	153	149	1
1441	15,26	1753,2810	51,24	3358,1583	155	149	1
1443	68,69	68,60	6,12	44,27	298	149	0.00223319765694
1444	19,15	1,2	15,10	1,2	177	149	1
1445	10,10	14,8	2,9	2,3	192	149	0.418247220591
1447	11,26	0,0	12,7	1,5	287	149	0.0865576861468
1448	22,22	9426,13291	17,3	10704,6124	154	149	1
1449	23,10	9426,13291	2,1	10704,6124	298	149	1
1450	23,10	9426,13291	2,1	10704,6124	298	149	1
1451	24,10	9426,13291	4,1	10704,6124	298	149	1
1452	23,10	22,22	2,1	17,3	298	149	0.0436971257749
1453	23,10	22,22	2,1	17,3	298	149	0.0436971257749
1454	24,10	22,22	4,1	17,3	298	149	0.26310111149
1458	134,160	11213,15183	147,59	13131,6520	153	149	1
1459	134,160	1,3	147,59	1,5	153	149	1
1460	50,55	10,30	27,31	5,6	183	149	0.815241680051
1466	6,7	3,9	0,3	4,0	173	149	1
1467	0,0	5,11	3,0	2,1	176	149	1
1468	20,25	95,133	31,11	61,48	167	149	1
1469	63,63	0,2	75,19	1,0	153	149	1
1470	14,21	183,232	4,3	111,75	298	149	1
1472	9,14	7,1	27,2	3,0	162	149	0.383954554962
1473	8,1	1,0	7,1	5,2	203	149	0.000771762314042
1474	20,22	92,175	16,4	154,67	169	149	1
1475	2234,2910	8,5	2984,1267	14,5	155	149	1
1476	1,2	1066,1406	0,2	1364,529	298	149	1
1477	1,1	226,251	3,0	263,108	161	149	1
1478	24,48	106,107	39,19	130,51	179	149	1
1479	351,452	12,10	310,135	11,4	186	149	1
1480	225,287	123,189	209,110	113,49	290	149	1
1481	20,6	165,173	2,1	188,55	298	149	1
1482	6,17	1,3	17,5	13,0	191	149	1
1483	197,341	12,21	145,73	3,2	298	149	1
1484	1,0	92,115	1,1	72,36	298	149	1
1485	68,83	0,1	55,38	0,0	298	149	1
1486	33,101	0,3	33,22	7,0	186	149	1
1487	22,58	0,3	41,19	7,0	207	149	1
1488	10,13	21,56	18,6	10,9	170	149	0.0670537665674
1490	3,13	360,547	13,11	349,153	155	149	1
1491	3,0	42,44	1,2	25,16	298	149	1
1492	45,79	16,19	77,34	6,3	163	149	0.168579678226
1493	3,2	112,219	3,1	168,69	153	149	1
1494	4,19	0,2	13,6	3,0	257	149	1
1496	15,8	32,40	30,7	103,40	298	149	1
1497	0,0	230,383	2,1	302,139	298	149	1
1499	98,217	0,0	56,40	0,1	293	149	1
1500	35,78	2137,3382	60,24	2885,1436	153	149	1
1501	1,1	1,2	0,0	1,0	285	149	1
1502	12,37	1,2	9,5	1,0	298	149	1
1503	15,44	1,0	11,5	0,0	234	149	1
1504	16,27	2054,2846	38,18	2588,1308	298	149	1
1506	130,217	0,1	160,117	0,0	298	149	1
1508	17,4	49,121	13,7	62,25	298	149	1
1509	0,2	242,292	4,2	226,108	153	149	1
1510	119,132	0,0	112,43	12,9	171	149	0.550084214078
1511	18,21	2234,3182	13,5	2441,1023	298	149	1
1512	218,263	6,3	137,135	1,4	221	149	1
1515	102,112	6,13	119,37	8,3	162	149	1
1518	5,4	95,139	16,7	36,26	185	149	0.0246422370337
1519	2,9	464,696	13,2	613,304	298	149	1
1520	4,3	1046,1599	0,4	1299,609	298	149	1
1521	7,1	428,520	4,5	363,171	206	149	1
1522	2,8	22,31	4,1	8,4	189	149	0.899052142765
1523	16,23	1,0	13,6	1,0	164	149	1
1524	175,232	31,53	157,77	44,19	164	149	1
1525	6,14	5,3	8,3	6,1	171	149	1
1526	19,7	167,201	11,2	190,79	298	149	1
1527	0,7	89,64	1,0	118,31	173	149	1
1529	2,1	170,299	1,0	145,78	298	149	1
1530	17,23	543,796	27,11	720,274	298	149	1
1531	16,24	543,796	31,14	720,274	298	149	1
1532	8,6	5,1	13,4	4,0	167	149	0.770918682219
1534	36,24	0,3	23,12	2,0	172	149	1
1535	1,5	48,85	0,1	41,22	298	149	1
1537	2,9	229,299	38,29	228,83	298	149	1
1538	4,8	42,47	2,0	58,24	153	149	1
1539	194,197	5,0	335,140	14,6	154	149	1
1541	0,0	4,3	4,1	3,4	298	149	0.492517072521
1542	118,140	0,0	96,49	0,1	298	149	1
1543	1,0	16,33	6,1	12,2	219	149	0.157540305287
1544	11,9	63,102	13,8	65,20	174	149	1
1545	10,2	128,196	0,0	94,78	289	149	1
1546	0,3	6,9	10,11	3,1	196	149	9.14208031877e-06
1547	8,0	6,9	14,3	3,1	225	149	0.00664043893802
1548	8,0	0,3	11,2	7,10	178	149	0.715101192746
1549	2,5	35,44	1,4	28,21	298	149	1
1550	1,3	91,157	1,4	131,80	288	149	1
1551	58,99	4,12	130,76	5,0	154	149	1
1552	16,18	60,75	10,4	72,33	298	149	1
1553	104,107	99,124	102,34	85,46	161	149	1
1555	2,5	11,21	0,0	9,2	298	149	1
1557	21,39	87,137	7,11	156,73	221	149	1
1558	222,342	2,2	306,160	0,0	298	149	1
1559	2,13	217,440	0,3	235,114	298	149	1
1560	4,6	233,415	3,2	207,106	298	149	1
1561	602,772	145,220	863,333	190,84	253	149	1
1562	1133,1586	23,27	1463,517	32,15	152	149	1
1563	349,526	748,889	409,138	1013,327	152	149	1
1564	374,456	0,2	340,154	0,0	298	149	1
1565	4,9	78,70	1,2	62,22	298	149	1
1566	13,35	122,241	14,9	164,64	278	149	1
1567	2,5	110,221	0,0	145,55	157	149	1
1568	0,0	3,3	0,2	11,8	161	149	1
1569	2,0	102,138	2,2	141,51	154	149	1
1570	1,0	0,0	2,2	2,0	154	149	1
1571	0,6	6,12	2,0	3,0	259	149	1
1574	108,152	199,218	178,75	122,28	164	149	0.00147905810434
1576	0,3	3,2	0,1	4,3	170	149	1
1577	5,3	1,0	1,0	8,4	160	149	8.41678227115e-09
1578	5,1	72,144	0,0	66,28	298	149	1
1579	2,0	72,144	8,4	66,28	298	149	1
1581	19,21	73,70	14,11	131,51	298	149	1
1582	15,11	6,3	10,1	7,1	233	149	0.457310251144
1585	139,158	2409,3363	192,113	3679,1822	298	149	1
1586	0,3	96,102	2,1	72,25	212	149	1
1587	1,1	43,62	3,1	32,16	295	149	1
1588	79,114	0,3	70,31	0,0	298	149	1
1589	58,84	81,128	54,28	82,37	298	149	1
1590	2,4	44,69	9,4	58,26	298	149	1
1591	1,0	44,69	9,4	58,26	298	149	1
1594	13,22	145,174	20,9	125,56	167	149	1
1595	23,37	8,4	35,15	2,1	298	149	0.264030877706
1596	4,5	58,87	4,3	74,21	298	149	1
1597	2,1	0,2	5,1	0,2	298	149	1
1598	20,16	117,106	7,5	103,42	258	149	1
1599	5,6	0,0	14,6	3,0	224	149	1
1600	73,79	69,83	74,34	85,38	214	149	1
1601	84,113	1,0	116,51	2,0	182	149	1
1602	88,109	1,0	105,47	2,0	247	149	1
1603	55,95	2,7	70,31	1,2	212	149	1
1604	3,3	73,121	4,0	61,37	298	149	1
1605	60,78	39,50	29,10	37,16	153	149	0.17721783389
1606	11,9	1,0	3,2	3,0	267	149	0.573302135013
1607	1,2	216,250	1,2	251,128	167	149	1
1608	2,7	170,257	0,5	180,111	209	149	1
1609	113,144	1,0	89,62	16,10	269	149	0.000569091143664
1610	255,296	29,30	367,155	22,2	298	149	1
1612	98,131	0,0	85,42	0,1	182	149	1
1614	12,4	0,1	10,0	0,1	293	149	1
1616	23,17	7,5	15,10	9,5	152	149	0.732294790774
1617	10,27	216,338	6,9	258,127	288	149	1
1618	18,21	3,0	14,4	3,0	155	149	1
1619	14,7	26,12	4,4	9,4	284	149	1
1620	11,6	10,10	4,1	11,7	298	149	0.275072297293
1621	26,12	10,10	9,4	11,7	180	149	0.21679008093
1622	5,2	135,217	1,2	208,127	152	149	1
1624	5,9	1,1	0,0	6,3	153	149	1.35635946918e-12
1627	36,43	0,0	24,13	1,0	298	149	1
1628	35,72	98,141	45,22	91,53	244	149	1
1629	79,85	98,141	55,34	91,53	298	149	1
1630	104,118	35,71	83,50	45,22	298	149	1
1631	10,18	184,256	8,3	161,85	194	149	1
1632	1,6	22,60	11,12	38,14	181	149	0.0569857399342
1633	85,129	6,7	55,44	13,4	173	149	1
1634	9,12	0,0	6,5	4,0	173	149	0.755849100512
1635	67,66	0,2	30,18	0,0	158	149	1
1637	46,61	1,0	54,23	0,4	191	149	1
1639	639,852	0,2	567,319	0,0	298	149	1
1641	556,726	0,1	615,299	0,0	158	149	1
1642	6,9	4090,7018	0,0	5667,2321	153	149	1
1643	58,92	59,89	40,29	21,19	278	149	0.627406637864
1644	142,241	60,81	249,73	11,2	218	149	1.04126207656e-09
1646	3,8	430,440	6,0	379,131	298	149	1
1647	1542,1888	0,6	729,317	0,2	221	149	1
1648	10,3	786,1024	0,1	851,319	154	149	1
1649	161,281	0,2	187,81	0,0	206	149	1
1652	129,204	0,3	240,82	0,0	152	149	1
1653	2,1	52,63	1,1	55,17	153	149	1
1654	3,6	65,81	0,3	40,15	298	149	1
1656	37,39	4,3	28,17	10,0	274	149	1
1657	39,43	10,13	51,22	9,3	298	149	0.790385508899
1658	34,54	1,0	42,23	2,2	298	149	1
1659	1,0	91,102	2,0	76,31	298	149	1
1662	0,0	237,338	3,0	233,104	298	149	1
1663	42,55	226,238	47,44	224,97	298	149	1
1664	12,2	34,48	7,1	47,43	170	149	1
1665	55,73	945,1486	34,18	804,479	298	149	1
1666	6,7	144,228	17,5	147,90	298	149	1
1667	402,574	1,0	569,224	0,0	298	149	1
1668	99,124	5,8	147,51	0,0	170	149	1
1669	7,7	0,0	10,0	1,0	153	149	1
1670	7,9	961,1341	9,0	1026,441	153	149	1
1671	18,25	4,17	19,8	0,0	162	149	0.00107475353462
1672	11,9	1892,2643	12,2	1848,880	153	149	1
1673	3,5	115,144	1,2	140,57	298	149	1
1674	1,1	0,1	2,0	0,2	203	149	0.53918662913
1675	3,7	0,1	8,5	0,2	298	149	1
1676	3,16	1,1	11,6	2,0	298	149	1
1677	157,230	1,4	140,76	1,0	298	149	1
1678	8,2	663,826	4,0	709,303	209	149	1
1679	4,5	26,48	2,1	44,21	298	149	1
1680	6,2	136,210	4,2	202,88	243	149	1
1681	48,61	27,23	70,35	12,1	298	149	0.0117115054397
1682	20,27	9,3	12,6	2,5	298	149	0.94800693838
1684	4,12	14,17	4,2	25,11	154	149	0.321480978083
1685	2,2	28,18	10,2	23,5	181	149	0.154062284811
1686	190,256	0,2	205,109	2,3	278	149	1
1687	69,120	9,22	62,31	4,3	298	149	0.634635192358
1689	5,11	1,22	3,2	22,16	153	149	0.0416766655016
1690	11,26	7,9	4,0	13,3	165	149	0.00109618351046
1691	10,13	16,15	10,5	8,10	298	149	1
1692	4,8	16,15	13,8	8,10	193	149	0.162861403491
1693	7,5	1166,1376	25,10	1836,542	298	149	1
1694	74,102	80,82	83,42	156,86	153	149	0.0753919330482
1695	2,11	93,95	0,3	108,31	298	149	1
1696	1,0	73,102	0,0	77,28	153	149	1
1697	278,468	6,7	352,165	45,24	151	149	0.947519998622
1698	0,0	5,0	2,0	0,0	154	149	1
1699	618,826	10,23	871,338	23,6	250	149	1
1700	24,48	14,13	7,9	21,10	184	149	0.00862393258684
1701	0,3	75,139	0,1	54,42	158	149	1
1702	4,1	4,8	18,8	15,4	186	149	0.142270710801
1703	16,12	29,40	7,7	17,14	242	149	1
1707	6,7	51,80	2,2	53,22	298	149	1
1708	27,33	24,28	14,16	18,8	298	149	1
1709	66,87	746,764	36,12	530,185	171	149	1
1710	24,45	102,151	23,5	106,62	298	149	1
1711	137,194	8,21	177,78	3,4	298	149	1
1712	6,5	198,224	4,0	163,63	298	149	1
1713	103,132	1,0	124,36	0,0	173	149	1
1714	5,4	31,49	3,3	34,12	224	149	1
1715	31,35	203,236	8,3	251,84	176	149	1
1716	4,10	244,309	5,7	297,222	211	149	1
1717	12,48	12,16	12,15	5,0	164	149	0.195366717821
1718	4,3	0,2	4,5	0,0	164	149	1
1719	135,67	0,1	13,10	0,0	298	149	1
1720	1,0	78,97	2,0	74,38	170	149	1
1724	467,783	20,41	355,213	13,10	298	149	1
1725	16,31	4,2	14,9	5,4	298	149	0.221683405663
1726	55,100	3,1	79,56	2,2	298	149	1
1727	70,81	0,0	97,32	1,0	261	149	1
1728	259,291	8,5	161,97	0,1	247	149	1
1730	18,20	95,100	49,24	99,44	233	149	0.292872242496
1731	150,183	1,4	127,80	0,0	291	149	1
1732	17,21	121,138	6,1	100,60	218	149	1
1734	126,169	16,16	123,63	2,0	155	149	1
1735	341,397	0,0	377,177	4,0	152	149	1
1736	94,97	74,93	66,36	102,58	184	149	0.347558738962
1737	7,15	10,9	6,2	11,3	154	149	0.582428473107
1738	1,0	16,17	1,0	8,4	154	149	1
1740	2,8	425,595	15,4	437,226	152	149	1
1741	0,3	86,124	0,0	39,53	155	149	1
1742	107,141	413,609	66,45	377,209	288	149	1
1743	10,21	62,46	30,8	36,19	258	149	0.567805413402
1744	2,5	46,93	2,3	92,27	298	149	1
1746	5,14	271,477	4,1	317,182	298	149	1
1748	56,55	8,5	65,20	0,0	152	149	1
1752	1,7	186,283	2,2	74,87	170	149	1
1753	15,13	575,700	52,20	538,211	173	149	1
1755	8,21	0,2	7,1	0,0	298	149	1
1756	15,19	5,1	15,3	1,1	298	149	0.0609419289011
1758	12,27	0,0	6,8	0,2	170	149	1
1759	157,176	0,0	161,91	0,2	298	149	1
1760	159,162	6,8	165,84	3,1	281	149	1
1761	3,2	69,116	2,0	65,48	203	149	1
1762	392,459	141,171	35,14	550,245	155	149	0
1763	165,205	0,0	169,101	3,0	298	149	1
1765	1,3	115,114	2,0	79,33	221	149	1
1766	198,259	0,0	165,85	0,3	298	149	1
1768	2,1	0,4	1,3	0,0	155	149	0.509049232619
1770	3,3	25,20	2,0	18,6	298	149	1
1772	1,2	52,68	3,5	76,36	161	149	1
1773	286,438	5,13	575,237	4,3	161	149	1
1774	0,1	30,30	0,0	31,14	183	149	1
1775	695,985	5,4	623,254	5,0	298	149	1
1776	2,3	74,103	1,1	68,30	298	149	1
1777	0,3	0,0	0,0	10,0	155	149	1
1779	8,8	94,121	8,0	41,49	222	149	1
1780	49,77	898,1025	49,28	924,320	298	149	1
1781	39,54	21,43	45,28	37,9	161	149	1
1782	6,3	15,9	1,0	3,1	153	149	0.0246075668967
1783	11,7	10,15	5,0	16,10	151	149	0.082373401204
1786	8,17	124,179	9,8	106,37	160	149	1
1787	6,5	40,60	0,4	41,24	173	149	1
1788	90,117	0,1	142,79	2,1	296	149	1
1789	4,13	88,115	11,2	133,74	298	149	1
1790	209,273	29,36	177,82	35,8	298	149	1
1791	946,1248	110,154	1347,645	29,15	228	149	0.0803391142829
1792	12,14	214,264	13,4	228,115	298	149	1
1794	527,827	1,0	430,228	0,0	298	149	1
1795	2,3	3,18	1,0	1,0	298	149	1
1796	11,23	3371,4124	34,11	5532,2153	152	149	1
1798	221,308	6,6	179,92	6,5	182	149	1
1799	63,76	18,31	32,34	10,12	259	149	1
1800	69,87	135,147	7,1	163,88	155	149	5.6399329651e-14
1801	24,21	6,20	18,2	13,10	298	149	0.311878407936
1802	3,3	82,102	0,3	67,22	298	149	1
1803	34,53	161,209	42,32	162,80	211	149	1
1804	3,10	210,242	9,8	253,104	298	149	1
1806	67,112	9,16	68,46	9,4	237	149	1
1807	2,8	48,93	3,5	37,36	298	149	1
1808	67,111	212,274	84,25	128,48	161	149	0.819095439495
1809	3870,4736	2,7	5863,2702	0,4	152	149	1
1810	27,30	4,11	32,23	4,2	298	149	0.498401366758
1811	3,4	42,56	4,3	37,22	204	149	1
1812	1,0	2,1	3,0	6,2	298	149	1
1813	12,29	23,73	22,5	153,73	298	149	0.537022400018
1814	2,1	1,0	16,8	0,1	298	149	1
1815	17,10	0,1	37,15	1,1	298	149	1
1816	9,7	40,40	21,6	128,51	206	149	1
1817	8,18	725,994	15,2	804,397	298	149	1
1819	24,45	1,6	16,16	4,4	298	149	0.503446217485
1820	0,2	5,11	2,0	4,8	298	149	1
1821	46,71	0,1	40,18	1,0	217	149	1
1824	57,61	40,46	37,24	70,29	176	149	0.127584595724
1826	17,18	2,0	7,3	0,0	191	149	1
1827	6,22	545,738	12,3	662,284	298	149	1
1829	3,9	18,6	3,3	3,0	166	149	0.122702188147
1830	4,4	411,548	3,1	324,131	298	149	1
1831	22,7	411,548	6,1	324,131	298	149	1
1833	24,19	61,91	34,22	75,31	249	149	1
1834	16,62	0,4	26,13	0,0	161	149	1
1835	16,21	27,22	11,7	14,3	247	149	1
1836	329,445	13,7	466,244	5,3	155	149	1
1842	15,26	0,0	19,5	1,1	298	149	1
1844	10,30	9,11	8,4	25,18	177	149	0.00107176901071
1845	14,12	1,0	13,5	0,0	183	149	1
1846	2,4	2,0	3,1	0,0	298	149	1
1847	26,74	42,57	37,22	63,29	298	149	1
1849	936,1629	658,1358	1348,662	613,276	298	149	0.153595733499
1850	618,406	1,0	369,128	0,0	170	149	1
1851	320,177	1,3	156,59	0,0	170	149	1
1852	304,183	0,0	166,54	3,0	170	149	1
1853	265,146	5,7	126,51	0,0	170	149	1
1854	336,186	5,7	168,64	0,0	191	149	1
1855	300,165	5,7	145,61	0,0	212	149	1
1856	302,167	5,7	154,61	0,0	233	149	1
1857	75,45	4,5	43,14	1,1	170	149	1
1858	39,24	4,5	20,11	1,1	191	149	1
1859	41,26	4,5	29,11	1,1	212	149	1
1860	8,2	37,21	2,0	23,3	170	149	1
1861	11,7	37,21	11,0	23,3	191	149	1
1862	13,12	1,0	14,3	0,0	170	149	1
1863	415,292	1,0	209,86	0,0	233	149	1
1864	326,191	0,0	160,69	1,0	191	149	1
1865	38,26	0,0	20,11	0,2	170	149	1
1866	362,299	0,0	188,73	0,2	191	149	1
1867	331,277	0,2	170,62	0,0	170	149	1
1868	1,1	0,8	2,0	2,0	168	149	1
1870	20,23	10,7	17,7	9,2	298	149	1
1875	17,5	278,293	13,4	281,118	227	149	1
1877	31,42	179,164	58,35	150,51	160	149	0.27657665719
1879	107,127	134,141	35,31	50,23	176	149	1
1880	0,2	11,17	4,0	13,0	298	149	1
1882	0,2	26,25	1,0	14,11	167	149	1
1885	3,7	136,157	4,1	152,70	151	149	1
1887	21,28	81,90	18,6	229,72	160	149	0.194313063299
1888	1,1	11,22	3,0	15,7	153	149	1
1889	40,49	11,26	26,16	13,13	153	149	0.937306601631
1890	21,48	82,149	43,21	106,46	161	149	1
1891	2,1	82,149	2,1	106,46	173	149	1
1892	0,0	19,47	1,0	42,20	161	149	1
1893	24,28	68,51	22,21	62,39	186	149	1
1894	178,205	4,1	140,56	5,8	160	149	1
