IncLevel1	IncLevel2	IncLevelDifference
0.005,0.01	0.027,0.0	-0.006
0.556,0.264	0.485,0.385	-0.025
0.171,0.0	0.0,0.0	0.086
0.0,0.0	0.117,0.0	-0.059
0.915,0.9	0.866,0.883	0.033
0.004,0.002	0.032,0.024	-0.025
0.004,0.003	0.0,0.001	0.003
0.99,0.965	1.0,0.992	-0.018
1.0,0.895	NA,1.0	-0.052
0.34,0.279	0.162,0.265	0.096
0.143,0.143	0.043,0.122	0.06
0.141,0.141	0.063,0.039	0.09
1.0,1.0	1.0,0.968	0.016
0.017,0.022	0.05,0.049	-0.03
0.894,0.925	0.865,0.789	0.083
0.486,0.587	0.473,0.384	0.108
0.008,0.003	0.015,0.046	-0.025
1.0,0.946	1.0,0.968	-0.011
0.742,0.743	0.794,1.0	-0.155
0.949,1.0	1.0,1.0	-0.026
0.027,0.0	0.0,0.0	0.013
0.0,0.178	NA,0.0	0.089
0.987,0.986	1.0,1.0	-0.014
0.99,0.995	1.0,1.0	-0.008
0.252,0.157	0.126,0.116	0.084
0.009,0.022	0.013,0.01	0.004
0.038,0.05	0.098,0.076	-0.043
0.008,0.025	0.022,0.018	-0.003
0.009,0.003	0.0,0.016	-0.002
0.121,0.09	0.0,0.075	0.068
0.909,0.854	0.889,0.805	0.034
0.005,0.007	0.006,0.006	0.0
0.84,1.0	1.0,0.762	0.039
0.952,0.969	0.963,0.949	0.004
1.0,0.966	1.0,1.0	-0.017
0.024,0.034	0.035,0.052	-0.014
0.063,0.029	0.046,0.073	-0.013
0.13,0.162	0.143,0.162	-0.006
0.014,0.018	0.0,0.023	0.005
0.556,1.0	1.0,0.667	-0.055
1.0,0.985	1.0,1.0	-0.008
0.942,0.985	1.0,1.0	-0.036
1.0,1.0	0.96,1.0	0.02
1.0,0.967	1.0,0.982	-0.007
0.21,0.128	0.175,0.178	-0.008
0.955,0.947	0.817,0.903	0.091
0.014,0.019	0.019,0.0	0.007
1.0,0.99	1.0,1.0	-0.005
0.012,0.014	0.013,0.013	0.0
0.118,0.133	0.081,0.125	0.022
0.333,0.333	0.3,0.243	0.062
0.002,0.0	0.0,0.0	0.001
0.921,0.876	0.625,0.294	0.439
0.885,0.968	1.0,0.935	-0.041
0.471,0.678	0.086,0.235	0.414
0.754,0.883	1.0,1.0	-0.181
0.217,0.288	0.099,0.074	0.166
0.008,0.008	0.018,0.0	-0.001
0.117,0.096	0.101,0.14	-0.014
0.16,0.283	0.098,0.256	0.044
0.8,0.407	1.0,0.692	-0.242
0.857,0.933	1.0,0.818	-0.014
0.926,0.966	1.0,0.864	0.014
1.0,0.658	1.0,1.0	-0.171
0.628,0.793	0.714,0.633	0.037
0.032,0.016	0.027,0.039	-0.009
0.151,0.037	0.086,0.254	-0.076
0.443,0.35	0.472,0.241	0.04
0.342,0.053	0.0,0.089	0.153
0.694,1.0	0.43,0.086	0.589
1.0,0.992	1.0,1.0	-0.004
0.007,0.005	0.003,0.004	0.003
0.981,0.99	1.0,1.0	-0.014
0.023,0.028	0.028,0.05	-0.013
0.05,0.049	0.023,0.035	0.021
0.297,0.0	0.458,1.0	-0.581
0.774,0.272	0.929,1.0	-0.442
0.981,1.0	1.0,0.978	0.001
0.05,0.0	0.0,0.0	0.025
0.714,0.6	0.0,0.333	0.491
0.132,0.203	0.0,0.0	0.168
0.0,0.253	0.0,0.0	0.127
0.955,1.0	1.0,1.0	-0.022
0.055,0.078	0.075,0.069	-0.006
0.009,0.0	0.014,0.0	-0.003
1.0,0.94	0.906,0.972	0.031
0.943,0.912	0.978,0.979	-0.051
0.015,0.014	0.022,0.022	-0.007
0.823,0.951	0.862,0.891	0.01
0.163,0.119	0.036,0.046	0.1
0.994,0.99	1.0,0.995	-0.006
0.17,0.12	0.141,0.205	-0.028
0.101,0.039	0.049,0.073	0.009
0.975,1.0	0.967,0.958	0.025
0.006,0.003	0.005,0.002	0.001
0.8,0.84	0.889,1.0	-0.124
0.244,0.097	0.0,0.117	0.112
0.151,0.356	0.683,0.341	-0.259
0.042,0.023	0.0,0.029	0.018
0.007,0.0	0.014,0.002	-0.005
0.006,0.004	0.011,0.004	-0.002
0.883,0.901	0.948,0.938	-0.051
0.003,0.002	0.006,0.013	-0.007
1.0,0.881	0.846,0.793	0.121
0.991,1.0	1.0,1.0	-0.004
0.995,0.998	0.975,0.994	0.012
1.0,1.0	1.0,0.993	0.004
1.0,0.975	0.794,1.0	0.091
0.083,0.275	0.197,0.153	0.004
0.777,0.703	0.829,0.846	-0.097
0.373,0.574	0.315,0.339	0.146
0.0,0.009	0.003,0.0	0.003
0.065,0.05	0.048,0.024	0.021
0.983,0.992	0.98,0.954	0.021
0.006,0.008	0.0,0.016	-0.001
0.774,0.739	0.274,0.256	0.491
0.035,0.026	0.104,0.167	-0.105
0.123,0.081	0.065,0.131	0.004
0.108,0.203	0.035,0.064	0.106
0.004,0.0	0.0,0.0	0.002
0.0,0.032	0.2,0.037	-0.103
0.667,0.438	0.522,0.605	-0.011
0.007,0.01	0.0,0.006	0.006
0.015,0.007	0.0,0.003	0.009
0.015,0.013	0.0,0.023	0.002
0.118,0.137	0.0,0.011	0.122
0.25,0.167	0.0,0.25	0.084
1.0,0.746	1.0,1.0	-0.127
0.701,0.653	0.395,0.401	0.279
0.001,0.001	0.0,0.0	0.001
0.998,0.993	1.0,1.0	-0.004
0.553,0.562	0.781,0.643	-0.154
1.0,0.796	1.0,1.0	-0.102
0.998,1.0	1.0,1.0	-0.001
0.623,0.662	0.795,0.721	-0.115
1.0,1.0	0.435,0.642	0.462
0.001,0.004	0.003,0.005	-0.002
0.001,0.004	0.006,0.004	-0.003
0.7,0.3	0.412,0.538	0.025
0.803,0.793	0.827,0.776	-0.003
0.719,0.697	0.552,0.629	0.117
1.0,0.99	1.0,0.99	0.0
0.759,0.71	0.907,0.922	-0.18
0.905,0.91	0.806,0.909	0.05
0.978,0.994	0.995,0.997	-0.01
0.667,0.0	1.0,0.846	-0.59
0.286,0.298	0.308,0.373	-0.049
1.0,0.785	0.67,1.0	0.058
1.0,0.656	0.488,0.851	0.159
0.667,0.531	0.37,0.44	0.194
0.661,0.54	0.393,0.447	0.18
0.004,0.004	0.015,0.014	-0.01
1.0,0.811	1.0,1.0	-0.095
0.779,0.728	0.983,0.926	-0.201
0.958,0.956	0.951,0.957	0.003
0.044,0.025	0.123,0.132	-0.093
0.322,0.373	0.311,0.259	0.062
0.643,0.747	0.586,0.525	0.14
0.095,0.342	0.612,1.0	-0.588
0.076,0.074	0.039,0.056	0.027
0.024,0.016	0.024,0.03	-0.007
0.02,0.045	0.022,0.024	0.01
1.0,0.964	0.925,0.89	0.075
0.025,0.021	0.024,0.02	0.001
0.767,0.819	0.699,0.871	0.008
0.804,0.858	0.766,0.898	-0.001
0.682,0.795	0.808,0.721	-0.026
0.9,0.917	0.882,1.0	-0.032
0.572,0.611	0.41,0.384	0.194
0.814,0.833	0.843,0.874	-0.035
0.832,0.843	0.865,0.895	-0.043
1.0,1.0	0.961,1.0	0.02
0.399,0.552	0.521,0.61	-0.09
0.5,0.875	1.0,0.636	-0.131
0.516,0.481	0.459,0.386	0.076
0.339,0.379	0.094,0.116	0.254
1.0,1.0	0.471,0.372	0.579
0.096,0.068	0.16,0.026	-0.011
0.204,0.251	0.193,0.267	-0.003
0.093,0.165	0.049,0.03	0.089
0.15,0.19	0.014,0.072	0.127
0.118,0.104	0.016,0.052	0.077
0.888,0.943	0.908,0.926	-0.002
0.022,0.032	0.026,0.027	0.001
1.0,0.658	0.794,1.0	-0.068
NA,1.0	0.0,0.0	1.0
1.0,1.0	1.0,0.969	0.016
0.0,0.429	0.25,0.778	-0.299
1.0,0.95	1.0,0.957	-0.003
0.308,0.248	0.456,0.519	-0.21
0.857,0.927	0.76,0.775	0.124
0.59,0.62	0.92,0.945	-0.328
1.0,0.997	1.0,1.0	-0.002
0.483,0.209	0.283,0.41	-0.001
1.0,1.0	1.0,0.59	0.205
0.083,0.043	0.034,0.032	0.03
0.574,0.716	0.526,0.61	0.077
0.064,0.079	0.237,0.256	-0.175
0.0,0.07	0.045,0.057	-0.016
0.029,0.039	0.054,0.032	-0.009
0.014,0.033	0.0,0.007	0.02
0.976,1.0	1.0,1.0	-0.012
0.038,0.016	0.027,0.021	0.003
0.031,0.009	0.021,0.008	0.005
0.0,0.002	0.0,0.008	-0.003
0.045,0.361	0.159,0.569	-0.161
1.0,1.0	0.971,0.97	0.03
0.0,0.0	0.002,0.0	-0.001
0.03,0.041	0.037,0.041	-0.003
0.876,1.0	1.0,1.0	-0.062
0.172,0.162	0.167,0.311	-0.072
0.0,0.0	0.0,0.2	-0.1
0.0,1.0	1.0,1.0	-0.5
0.023,0.017	0.03,0.0	0.005
0.391,0.318	0.189,0.171	0.175
1.0,1.0	1.0,0.994	0.003
0.08,0.062	0.06,0.077	0.003
1.0,0.833	NA,0.273	0.643
0.028,0.067	0.011,0.023	0.03
0.106,0.104	0.0,0.033	0.088
1.0,0.99	1.0,0.995	-0.003
0.091,0.03	0.0,0.103	0.009
0.154,0.153	0.213,0.202	-0.054
0.653,1.0	1.0,1.0	-0.173
0.836,0.855	0.802,0.881	0.004
0.098,0.068	0.08,0.105	-0.009
0.97,1.0	1.0,0.988	-0.009
1.0,0.987	1.0,1.0	-0.006
0.033,0.0	0.021,0.0	0.006
0.883,1.0	1.0,0.953	-0.035
0.048,0.014	0.034,0.042	-0.007
1.0,1.0	0.968,1.0	0.016
0.333,0.75	NA,0.818	-0.276
0.677,0.831	0.943,0.932	-0.183
0.259,0.556	0.333,0.778	-0.148
0.122,0.203	0.07,0.14	0.057
0.333,0.538	0.5,0.733	-0.181
0.162,0.139	0.037,0.04	0.112
0.385,0.857	0.636,0.81	-0.102
0.125,0.15	0.034,0.012	0.115
0.325,0.0	0.49,0.0	-0.082
0.029,0.029	0.036,0.034	-0.006
1.0,1.0	1.0,0.997	0.002
0.939,0.979	0.927,0.945	0.023
0.709,0.709	1.0,1.0	-0.291
0.0,0.658	NA,0.0	0.329
0.0,0.02	0.0,0.0	0.01
0.026,0.111	0.128,0.137	-0.064
0.026,0.111	0.128,0.12	-0.055
0.0,0.065	0.089,0.092	-0.058
0.354,0.354	1.0,NA	-0.646
0.011,0.004	0.004,0.007	0.002
0.967,0.992	1.0,0.988	-0.014
0.016,0.011	0.04,0.037	-0.025
0.142,0.177	0.126,0.165	0.014
0.093,0.073	0.077,0.029	0.03
0.077,0.087	0.022,0.024	0.059
0.019,0.013	0.011,0.004	0.009
0.979,0.981	0.981,0.979	0.0
0.082,0.042	0.16,0.186	-0.111
0.918,0.888	0.909,0.923	-0.013
0.366,0.443	0.634,0.445	-0.135
0.73,0.826	0.774,0.861	-0.039
0.038,0.053	0.053,0.008	0.015
0.953,0.919	0.828,0.81	0.117
0.0,0.0	0.0,0.0	0.0
0.111,0.157	0.133,0.184	-0.024
1.0,1.0	1.0,0.709	0.145
0.075,0.184	0.101,0.174	-0.008
0.976,0.946	0.97,0.97	-0.009
0.511,0.724	0.414,0.375	0.223
0.092,0.045	0.143,0.103	-0.054
0.892,0.906	0.787,0.828	0.092
0.913,0.906	1.0,0.925	-0.053
0.106,0.138	0.163,0.22	-0.07
0.171,0.213	0.277,0.328	-0.11
0.0,0.091	0.333,NA	-0.288
0.938,0.929	0.929,0.977	-0.02
1.0,1.0	0.833,1.0	0.084
0.962,0.98	0.892,0.929	0.06
0.467,0.36	0.143,0.243	0.22
0.04,0.032	0.519,0.324	-0.385
0.219,0.0	0.0,0.0	0.11
0.176,0.238	0.085,0.167	0.081
0.071,0.08	0.012,0.11	0.014
1.0,0.999	0.999,1.0	0.0
0.08,0.079	0.09,0.089	-0.01
0.114,0.132	0.102,0.098	0.023
0.233,0.283	0.223,0.37	-0.038
0.053,0.0	0.067,0.073	-0.044
NA,0.333	1.0,0.714	-0.524
0.0,0.136	0.097,0.133	-0.047
0.996,0.984	0.977,0.974	0.014
0.002,0.003	0.0,0.005	0.0
0.557,0.716	0.746,0.645	-0.059
0.778,0.6	0.882,0.739	-0.121
0.976,0.897	0.879,0.872	0.061
0.556,0.522	0.419,0.318	0.171
0.064,0.0	0.0,0.096	-0.016
1.0,0.765	0.455,0.857	0.227
0.973,0.981	0.982,0.995	-0.011
0.163,0.048	0.0,0.053	0.079
1.0,0.992	1.0,1.0	-0.004
0.977,0.996	0.989,0.979	0.002
0.016,0.007	0.101,0.088	-0.083
0.003,0.004	0.0,0.0	0.004
1.0,0.96	0.909,0.81	0.12
0.867,0.803	0.896,0.902	-0.064
1.0,0.99	1.0,1.0	-0.005
0.069,0.135	0.077,0.048	0.04
0.927,0.94	0.901,0.926	0.02
0.364,0.429	0.788,0.803	-0.399
0.245,0.279	0.089,0.107	0.164
0.0,0.059	0.0,0.0	0.029
0.067,0.082	0.043,0.047	0.03
0.0,0.113	0.416,0.659	-0.481
0.899,0.876	0.455,0.411	0.454
0.97,0.935	0.42,0.548	0.469
0.956,1.0	1.0,1.0	-0.022
1.0,0.986	0.965,0.981	0.02
0.027,0.016	0.004,0.016	0.011
0.024,0.023	0.015,0.022	0.005
0.003,0.0	0.004,0.002	-0.002
0.472,0.511	0.71,0.678	-0.202
0.129,0.378	0.213,0.0	0.147
0.461,0.453	0.437,0.47	0.004
0.095,0.045	0.04,0.077	0.012
0.133,0.149	0.344,0.254	-0.158
1.0,1.0	0.958,1.0	0.021
0.003,0.009	0.009,0.006	-0.001
0.938,1.0	1.0,1.0	-0.031
1.0,0.994	0.984,0.986	0.012
0.895,0.959	0.979,0.986	-0.055
0.058,0.007	0.071,0.038	-0.022
0.011,0.012	0.0,0.017	0.003
0.863,0.831	0.909,0.907	-0.061
0.02,0.015	0.023,0.025	-0.006
0.996,0.998	1.0,1.0	-0.003
0.821,0.867	0.862,0.887	-0.031
0.883,0.697	1.0,1.0	-0.21
0.007,0.011	0.013,0.019	-0.007
0.0,0.004	0.015,0.016	-0.013
1.0,0.999	0.994,0.989	0.008
0.986,0.97	1.0,1.0	-0.022
0.823,0.847	0.94,0.874	-0.072
0.942,0.878	0.886,0.975	-0.021
1.0,1.0	0.951,1.0	0.024
0.021,0.011	0.006,0.016	0.005
0.0,0.004	0.0,0.0	0.002
0.611,0.647	0.413,0.399	0.223
0.006,0.003	0.004,0.002	0.002
1.0,0.992	0.995,0.998	-0.0
0.047,0.057	0.036,0.027	0.021
1.0,1.0	1.0,0.996	0.002
0.003,0.004	0.005,0.007	-0.003
0.999,0.999	0.997,0.998	0.001
0.436,0.471	0.47,0.393	0.022
0.0,0.0	0.003,0.001	-0.002
0.243,0.232	0.155,0.145	0.087
0.019,0.015	0.003,0.011	0.01
1.0,0.976	1.0,1.0	-0.012
1.0,0.958	1.0,1.0	-0.021
0.305,0.284	0.269,0.316	0.002
0.314,0.382	0.335,0.332	0.014
0.0,0.0	0.0,0.001	-0.001
0.692,0.6	1.0,0.889	-0.299
1.0,0.899	0.956,1.0	-0.028
1.0,1.0	1.0,0.974	0.013
0.532,0.327	0.213,0.253	0.197
1.0,1.0	1.0,0.857	0.072
0.002,0.001	0.001,0.001	0.001
0.056,0.0	0.0,0.012	0.022
0.215,0.138	0.244,0.222	-0.056
1.0,0.462	1.0,0.0	0.231
0.583,0.438	1.0,1.0	-0.49
0.025,0.014	0.024,0.044	-0.015
0.263,0.5	0.059,0.318	0.193
1.0,1.0	1.0,0.907	0.046
1.0,1.0	1.0,0.929	0.035
0.719,0.703	0.31,0.429	0.341
0.999,0.998	0.998,1.0	-0.001
0.943,0.956	0.966,0.952	-0.009
0.997,0.996	0.996,0.993	0.002
0.997,0.996	0.996,0.993	0.002
1.0,0.993	0.992,0.998	0.001
0.997,0.998	0.998,0.999	-0.001
0.997,0.998	0.998,0.999	-0.001
1.0,0.999	0.992,0.998	0.005
0.094,0.097	0.049,0.045	0.049
0.466,0.397	0.213,0.185	0.232
0.031,0.014	0.024,0.007	0.007
0.347,0.481	0.157,0.193	0.239
0.992,0.989	0.985,0.964	0.016
0.006,0.022	0.039,0.039	-0.025
0.0,0.038	0.033,0.02	-0.008
0.002,0.0	0.0,0.0	0.001
0.154,0.178	0.297,0.125	-0.045
0.488,0.461	0.861,0.488	-0.2
1.0,NA	NA,0.446	0.554
0.995,0.972	1.0,0.992	-0.012
0.986,0.981	1.0,0.997	-0.015
0.52,0.184	0.326,0.253	0.062
1.0,1.0	1.0,0.989	0.006
0.249,0.228	0.39,0.456	-0.185
0.031,0.04	0.503,0.548	-0.49
0.245,0.165	0.351,0.296	-0.118
0.302,0.171	0.184,0.251	0.019
0.971,0.978	0.976,0.947	0.013
0.161,0.0	0.0,0.215	-0.027
0.982,1.0	1.0,1.0	-0.009
0.075,0.053	0.072,0.025	0.015
0.009,0.01	0.013,0.0	0.003
0.918,0.916	0.936,0.914	-0.008
0.149,0.786	1.0,NA	-0.532
0.071,0.055	0.051,0.05	0.012
0.008,0.018	0.009,0.0	0.009
1.0,1.0	0.985,0.994	0.01
0.92,0.919	0.985,0.992	-0.069
0.964,0.977	0.979,0.978	-0.008
0.855,0.964	1.0,0.983	-0.082
0.0,0.0	NA,0.474	-0.474
0.066,0.131	0.733,0.823	-0.679
0.97,0.941	1.0,1.0	-0.044
0.661,0.695	0.555,0.585	0.108
0.702,0.714	0.739,0.698	-0.01
0.348,0.488	0.688,0.656	-0.254
0.072,0.133	0.406,0.444	-0.323
0.062,0.017	0.008,0.014	0.029
0.341,0.336	0.141,0.176	0.18
0.556,0.459	0.095,0.116	0.402
0.522,0.583	0.4,0.391	0.157
0.353,0.63	0.692,0.714	-0.211
0.276,0.548	0.95,0.969	-0.547
0.051,0.037	0.022,0.0	0.033
0.234,0.06	0.284,0.308	-0.149
0.005,0.0	0.023,0.013	-0.015
1.0,0.886	1.0,1.0	-0.057
1.0,0.5	0.0,1.0	0.25
0.113,0.081	0.0,0.014	0.09
0.014,0.022	0.0,0.028	0.004
0.381,0.361	0.135,0.169	0.219
0.958,1.0	1.0,0.873	0.042
0.26,0.221	0.507,0.507	-0.267
1.0,0.868	0.948,0.874	0.023
0.02,0.023	0.0,0.01	0.016
1.0,0.545	0.0,0.0	0.772
0.089,0.04	0.25,0.13	-0.126
1.0,0.993	0.989,1.0	0.002
0.924,0.987	0.983,0.97	-0.021
NA,0.643	0.114,0.643	0.265
0.239,0.44	1.0,1.0	-0.66
0.256,0.301	1.0,1.0	-0.722
0.004,0.007	0.007,0.004	0.0
0.176,0.108	0.189,0.059	0.018
0.637,0.733	0.329,0.615	0.213
0.175,0.384	0.061,0.135	0.181
0.042,0.098	0.0,0.0	0.07
0.0,0.012	0.039,0.038	-0.033
0.986,1.0	1.0,1.0	-0.007
0.099,0.147	0.257,0.293	-0.152
0.923,0.793	1.0,1.0	-0.142
0.949,1.0	0.932,0.964	0.026
0.988,0.951	0.939,0.984	0.008
1.0,0.765	0.9,1.0	-0.067
0.968,0.986	0.894,0.981	0.039
0.143,0.111	0.0,0.0	0.127
0.771,0.808	0.924,0.908	-0.126
0.0,0.0	0.0,0.008	-0.004
0.014,0.0	0.0,0.0	0.007
1.0,0.892	1.0,0.935	-0.022
0.0,0.0	0.027,0.039	-0.033
0.025,0.032	0.017,0.034	0.003
0.002,0.004	0.008,0.006	-0.004
0.011,0.009	0.0,0.0	0.01
1.0,0.706	1.0,1.0	-0.147
0.017,0.06	0.053,0.0	0.012
0.824,0.809	0.928,0.909	-0.102
1.0,1.0	1.0,0.893	0.053
0.309,0.319	0.461,0.479	-0.156
1.0,1.0	1.0,0.828	0.086
1.0,0.972	1.0,1.0	-0.014
0.231,0.333	0.226,0.294	0.022
0.153,0.149	0.172,0.228	-0.049
0.241,0.216	0.069,0.131	0.128
0.13,0.044	0.147,0.2	-0.086
0.333,0.143	0.846,0.886	-0.628
1.0,0.0	0.0,0.316	0.342
0.881,0.893	1.0,0.961	-0.093
1.0,1.0	0.974,1.0	0.013
0.068,0.068	0.059,0.071	0.003
1.0,0.989	1.0,1.0	-0.006
0.007,0.023	0.027,0.021	-0.009
0.128,0.144	0.131,0.117	0.012
0.097,0.114	0.121,0.098	-0.004
0.192,0.322	0.64,0.533	-0.33
0.043,0.046	0.091,0.108	-0.055
0.966,0.971	1.0,1.0	-0.032
0.91,0.832	0.972,1.0	-0.115
0.742,0.767	0.702,0.737	0.035
0.59,0.49	0.828,0.753	-0.25
0.429,0.423	0.036,0.273	0.271
0.882,0.854	1.0,0.965	-0.114
0.894,0.868	1.0,0.974	-0.106
0.013,0.008	0.036,0.012	-0.014
0.081,0.165	0.176,0.088	-0.009
0.0,0.057	0.0,0.027	0.015
0.213,0.265	0.743,0.619	-0.442
0.0,0.006	0.005,0.019	-0.009
0.768,0.67	0.636,0.738	0.032
0.968,0.957	0.966,0.936	0.011
0.608,0.643	0.473,0.617	0.081
NA,0.0	0.113,0.432	-0.273
0.738,0.812	0.927,0.895	-0.136
0.018,0.054	0.024,0.057	-0.005
0.094,0.092	0.066,0.111	0.005
0.023,0.006	0.002,0.005	0.011
0.012,0.031	0.0,0.0	0.021
0.814,0.556	0.111,0.173	0.543
0.002,0.0	0.0,0.0	0.001
0.8,1.0	1.0,1.0	-0.1
0.983,0.975	0.969,0.952	0.019
0.528,0.496	0.733,0.714	-0.212
0.0,0.0	0.068,0.023	-0.045
0.714,0.8	0.333,0.556	0.312
0.818,0.9	0.667,0.778	0.136
0.75,0.714	1.0,0.7	-0.118
1.0,0.956	0.792,0.86	0.152
0.05,0.053	0.208,0.143	-0.124
0.816,0.646	0.253,0.375	0.417
0.062,0.108	0.0,0.048	0.061
0.213,0.196	0.037,0.047	0.163
0.832,0.784	0.66,0.61	0.173
0.024,0.026	0.05,0.024	-0.012
0.916,0.881	0.841,0.777	0.09
1.0,0.76	0.543,1.0	0.108
0.133,0.0	0.0,0.067	0.033
0.647,0.45	0.357,0.412	0.164
0.053,0.251	0.456,0.0	-0.076
0.19,0.3	0.375,0.429	-0.157
1.0,1.0	1.0,1.0	0.0
0.003,0.002	0.001,0.003	0.001
0.0,0.027	0.031,0.007	-0.005
0.687,0.776	0.67,0.66	0.067
0.207,0.205	0.182,0.208	0.011
0.976,0.997	0.993,1.0	-0.01
0.693,0.696	0.521,0.729	0.069
0.0,0.001	0.001,0.001	-0.001
0.132,0.096	0.0,0.116	0.056
0.988,0.978	1.0,0.988	-0.011
0.002,0.0	0.0,0.0	0.001
0.034,0.0	0.086,0.007	-0.029
0.886,0.814	0.122,0.061	0.758
0.493,1.0	0.0,0.088	0.702
0.581,0.75	0.72,0.704	-0.046
1.0,1.0	1.0,0.862	0.069
0.937,0.814	0.965,0.836	-0.025
0.667,1.0	1.0,1.0	-0.166
0.005,0.015	0.016,0.016	-0.006
0.005,0.0	0.0,0.0	0.003
0.667,0.552	0.714,0.579	-0.037
0.608,0.572	0.288,0.215	0.338
0.854,0.706	0.933,0.964	-0.168
1.0,0.979	1.0,0.978	0.001
0.749,0.837	0.658,0.644	0.142
0.005,0.002	0.0,0.0	0.004
1.0,0.658	1.0,1.0	-0.171
0.739,1.0	0.891,0.716	0.066
0.02,0.009	0.009,0.019	0.001
0.018,0.025	0.021,0.022	0.0
0.045,0.01	0.0,0.008	0.024
0.007,0.002	0.005,0.005	-0.0
1.0,0.98	0.948,1.0	0.016
1.0,0.994	1.0,1.0	-0.003
0.988,1.0	1.0,1.0	-0.006
1.0,1.0	0.852,1.0	0.074
0.177,0.292	0.451,0.565	-0.274
0.116,0.239	0.361,0.461	-0.234
0.16,0.322	0.16,0.183	0.07
0.02,0.016	0.111,0.129	-0.102
0.676,0.805	0.869,0.708	-0.048
0.074,0.038	0.028,0.018	0.033
0.134,0.123	0.017,0.1	0.07
1.0,1.0	0.852,0.935	0.107
0.953,0.948	1.0,0.993	-0.046
0.0,0.001	0.001,0.002	-0.001
0.001,0.001	0.004,0.006	-0.004
0.6,0.412	0.6,0.25	0.081
1.0,0.96	1.0,1.0	-0.02
0.012,0.015	0.024,0.017	-0.007
0.705,0.74	0.708,0.548	0.094
1.0,1.0	0.938,1.0	0.031
0.045,0.0	0.061,0.0	-0.008
0.994,0.995	0.991,0.993	0.002
0.525,0.548	0.823,0.803	-0.276
0.963,0.987	0.971,0.946	0.017
1.0,0.762	0.846,0.762	0.077
0.64,0.448	1.0,1.0	-0.456
0.792,0.966	0.935,1.0	-0.089
0.894,0.897	0.811,0.904	0.038
0.233,0.476	0.243,0.505	-0.02
NA,1.0	NA,0.0	1.0
0.019,0.009	0.006,0.041	-0.01
0.297,0.656	0.93,0.87	-0.423
0.939,0.978	1.0,0.995	-0.039
0.021,0.04	0.011,0.056	-0.003
0.173,0.5	0.156,0.251	0.133
0.258,0.318	0.308,0.319	-0.025
0.389,0.263	0.188,0.084	0.19
0.901,0.931	1.0,1.0	-0.084
0.002,0.012	0.005,0.003	0.003
0.387,0.503	1.0,0.802	-0.456
0.002,0.002	0.004,0.003	-0.002
0.641,0.472	0.667,0.878	-0.216
0.146,0.106	0.189,0.33	-0.134
0.877,0.84	0.906,0.939	-0.064
0.712,0.657	0.853,0.837	-0.16
0.81,0.695	0.895,0.604	0.003
0.978,0.938	0.933,0.833	0.075
0.275,0.32	0.333,0.545	-0.142
0.051,0.05	0.059,0.078	-0.018
0.005,0.004	0.0,0.0	0.005
0.736,0.73	0.725,0.748	-0.003
0.983,1.0	0.98,1.0	0.002
0.0,NA	1.0,NA	-1.0
1.0,0.655	1.0,0.667	-0.006
0.016,0.0	0.0,0.0	0.008
0.913,1.0	1.0,1.0	-0.043
0.933,1.0	1.0,1.0	-0.033
0.525,0.6	0.502,0.563	0.03
0.117,0.083	0.057,0.048	0.048
1.0,0.6	0.5,0.5	0.3
0.012,0.01	0.034,0.074	-0.043
1.0,0.913	0.882,0.786	0.122
0.002,0.002	0.013,0.005	-0.007
0.034,0.026	0.027,0.034	-0.001
0.843,0.742	0.658,0.684	0.121
0.1,0.135	0.115,0.099	0.01
0.012,0.013	0.008,0.01	0.003
0.498,0.397	0.371,0.285	0.12
1.0,1.0	0.979,0.978	0.022
0.436,0.317	0.385,0.179	0.094
0.711,0.703	0.576,0.466	0.186
0.576,0.621	0.592,0.593	0.006
0.019,0.074	0.082,0.088	-0.038
0.01,0.011	0.015,0.009	-0.002
1.0,0.976	1.0,1.0	-0.012
NA,1.0	0.0,NA	1.0
0.146,0.211	0.233,0.216	-0.046
0.469,0.684	0.747,0.541	-0.068
0.0,0.081	0.488,0.439	-0.423
0.006,0.004	0.001,0.003	0.003
0.007,0.004	0.001,0.003	0.003
1.0,0.682	1.0,0.874	-0.096
0.966,0.948	0.967,0.985	-0.019
0.0,0.024	0.019,0.022	-0.008
0.891,0.908	0.948,0.982	-0.066
0.942,0.892	0.922,0.955	-0.021
0.478,0.314	0.706,1.0	-0.457
1.0,1.0	1.0,0.897	0.051
0.441,0.406	0.486,0.589	-0.114
1.0,0.0	0.504,0.656	-0.08
0.622,0.637	0.784,0.822	-0.173
0.082,0.071	0.113,0.08	-0.02
0.4,0.778	0.412,0.111	0.327
0.028,0.024	0.036,0.021	-0.002
0.844,0.828	0.797,0.928	-0.027
1.0,0.975	1.0,1.0	-0.012
1.0,0.846	1.0,1.0	-0.077
0.41,0.449	0.399,0.469	-0.005
0.984,0.882	0.578,0.714	0.287
0.857,0.308	0.176,0.29	0.35
0.08,0.062	0.135,0.147	-0.07
0.0,0.0	0.0,0.023	-0.011
0.862,0.625	0.454,0.327	0.353
0.101,0.114	0.0,0.0	0.108
0.162,0.119	0.106,0.17	0.003
0.344,0.38	0.061,0.048	0.307
1.0,1.0	0.783,1.0	0.109
1.0,1.0	0.929,1.0	0.035
0.955,0.957	0.956,1.0	-0.022
1.0,1.0	0.949,0.965	0.043
0.033,0.069	0.103,0.0	-0.0
0.207,0.044	0.178,0.035	0.019
0.231,0.215	0.545,0.482	-0.291
0.303,0.373	0.418,0.467	-0.105
0.002,0.009	0.019,0.028	-0.018
0.083,0.098	0.337,0.191	-0.174
0.97,0.989	1.0,0.925	0.017
0.858,0.926	1.0,1.0	-0.108
0.042,0.243	0.04,0.211	0.017
0.325,0.299	0.349,0.257	0.009
0.947,0.968	0.962,0.976	-0.011
0.731,0.857	0.714,0.833	0.021
0.013,0.016	0.013,0.009	0.003
0.897,0.937	1.0,0.979	-0.073
0.524,0.546	0.922,0.904	-0.378
0.977,0.948	0.974,0.974	-0.012
0.928,0.923	0.893,0.881	0.038
0.244,0.292	0.639,0.604	-0.353
0.022,0.019	0.222,0.12	-0.15
0.752,0.758	1.0,1.0	-0.245
0.033,0.03	0.035,0.043	-0.007
0.556,0.852	0.855,0.859	-0.153
0.886,0.868	0.882,0.951	-0.039
0.524,0.641	0.714,0.75	-0.149
0.134,0.176	0.311,0.062	-0.032
0.996,0.997	1.0,1.0	-0.004
0.898,0.877	0.68,0.727	0.184
0.459,0.494	0.476,0.471	0.003
1.0,1.0	1.0,1.0	0.0
1.0,1.0	1.0,1.0	0.0
0.442,0.399	0.809,0.72	-0.344
0.734,0.764	0.831,0.789	-0.061
0.902,0.902	1.0,0.982	-0.089
0.2,0.151	0.12,0.158	0.036
0.581,0.5	0.3,0.154	0.314
0.526,0.6	0.317,0.48	0.164
0.378,0.429	0.31,0.3	0.098
1.0,0.944	0.852,0.879	0.107
0.916,1.0	1.0,0.959	-0.022
0.003,0.001	0.002,0.002	0.0
0.0,0.0	0.299,0.363	-0.331
0.0,0.656	NA,0.0	0.328
0.004,0.002	0.0,0.002	0.002
0.007,0.01	0.01,0.015	-0.004
0.402,0.296	0.198,0.456	0.022
0.206,0.182	0.145,0.023	0.11
0.053,0.027	0.079,0.036	-0.017
0.001,0.0	0.006,0.006	-0.005
0.0,0.0	0.002,0.004	-0.003
0.016,0.014	0.018,0.029	-0.009
0.009,0.012	0.011,0.022	-0.006
0.154,0.5	0.259,0.297	0.049
0.574,0.871	0.325,0.168	0.476
0.742,0.81	1.0,0.527	0.012
0.027,0.046	0.041,0.029	0.001
0.849,0.874	0.764,0.74	0.109
0.005,0.008	0.004,0.013	-0.002
0.027,0.03	0.026,0.024	0.003
1.0,1.0	0.0,NA	1.0
0.043,0.036	0.114,0.155	-0.095
0.011,0.013	0.018,0.007	-0.0
0.018,0.011	0.009,0.008	0.006
NA,1.0	0.0,0.0	1.0
0.856,1.0	1.0,1.0	-0.072
0.013,0.066	0.0,0.03	0.025
0.028,0.015	0.014,0.024	0.002
0.045,0.048	0.017,0.019	0.028
1.0,0.935	1.0,1.0	-0.032
1.0,0.902	1.0,1.0	-0.049
0.304,0.361	0.583,0.693	-0.305
0.732,0.879	0.708,1.0	-0.048
0.024,0.0	0.015,0.025	-0.008
0.118,0.045	0.0,0.228	-0.033
0.273,1.0	0.25,1.0	0.012
1.0,1.0	1.0,0.925	0.037
0.0,0.0	0.001,0.001	-0.001
0.014,0.014	0.038,0.03	-0.02
0.923,0.771	1.0,0.886	-0.096
0.798,0.728	0.439,0.336	0.376
0.585,0.635	0.803,1.0	-0.291
0.981,0.995	1.0,1.0	-0.012
0.573,0.24	0.43,0.389	-0.003
0.718,0.643	0.643,0.618	0.05
1.0,1.0	0.957,1.0	0.022
0.273,0.3	0.222,0.167	0.092
1.0,1.0	0.89,1.0	0.055
0.094,0.069	0.09,0.114	-0.021
0.948,0.929	0.965,0.976	-0.032
0.075,0.03	0.083,0.08	-0.029
1.0,1.0	1.0,0.996	0.002
0.019,0.037	0.01,0.029	0.008
0.641,0.719	0.319,0.296	0.372
0.022,0.02	0.0,0.047	-0.003
0.02,0.034	0.017,0.0	0.019
1.0,1.0	0.964,0.968	0.034
1.0,0.929	1.0,1.0	-0.035
0.977,0.979	1.0,1.0	-0.022
0.98,0.991	1.0,0.987	-0.008
0.875,1.0	1.0,1.0	-0.062
0.021,0.027	0.03,0.03	-0.006
0.02,0.023	0.025,0.024	-0.003
0.607,0.607	0.54,0.538	0.068
0.0,0.5	0.2,0.429	-0.065
0.061,0.056	0.048,0.059	0.005
0.021,0.015	0.027,0.024	-0.007
0.316,0.333	0.184,0.167	0.149
0.651,0.662	0.601,0.676	0.018
0.588,0.51	0.339,0.367	0.196
0.309,0.059	0.214,0.154	0.0
1.0,0.999	1.0,1.0	-0.0
0.214,0.199	0.149,0.155	0.055
0.009,0.011	0.0,0.0	0.01
0.98,0.897	0.981,0.972	-0.038
0.0,0.0	0.061,0.064	-0.062
0.054,0.098	0.186,0.117	-0.075
0.6,0.75	0.6,1.0	-0.125
0.0,0.004	0.0,0.01	-0.003
0.892,0.647	1.0,0.727	-0.094
0.995,0.994	1.0,1.0	-0.006
0.974,1.0	1.0,1.0	-0.013
1.0,1.0	0.522,0.831	0.324
0.988,0.994	0.99,0.953	0.019
0.182,0.18	0.081,0.104	0.088
0.0,0.0	0.0,0.001	-0.001
0.0,0.0	1.0,0.325	-0.662
0.008,0.004	0.002,0.004	0.003
0.009,0.005	0.003,0.004	0.003
0.037,0.068	0.0,0.0	0.053
0.0,0.003	0.061,0.054	-0.056
0.0,0.0	0.045,0.011	-0.028
0.301,0.0	0.463,0.0	-0.081
0.02,0.058	0.044,0.055	-0.011
0.345,0.345	0.373,0.214	0.051
0.007,0.013	0.0,0.0	0.01
0.369,0.28	0.1,0.0	0.275
0.103,0.262	0.202,0.28	-0.059
0.966,0.961	0.963,0.963	0.001
0.001,0.001	0.004,0.002	-0.002
0.444,0.846	1.0,1.0	-0.355
0.017,0.019	0.008,0.011	0.009
0.484,0.635	0.49,0.568	0.031
0.954,0.946	0.946,0.94	0.007
1.0,0.818	1.0,0.429	0.195
0.992,1.0	0.988,1.0	0.002
0.863,0.844	0.86,0.921	-0.037
0.041,0.036	0.03,0.065	-0.009
0.858,0.831	0.973,0.99	-0.137
0.943,0.907	0.979,1.0	-0.065
0.0,0.088	0.0,0.012	0.038
0.0,0.0	0.0,0.009	-0.004
0.434,0.558	0.454,0.493	0.022
1.0,1.0	0.826,1.0	0.087
0.949,0.993	0.983,0.972	-0.007
0.001,0.0	0.0,0.0	0.001
0.906,0.834	0.882,0.931	-0.037
0.077,0.052	0.053,0.023	0.027
0.6,0.714	0.714,0.846	-0.123
0.095,0.073	0.412,0.195	-0.22
1.0,1.0	0.818,0.939	0.122
0.0,0.294	0.25,0.2	-0.078
0.037,0.077	0.048,0.0	0.033
0.417,0.636	0.5,0.579	-0.013
0.898,0.91	0.783,0.747	0.139
0.052,0.028	0.034,0.04	0.003
0.874,0.884	1.0,0.918	-0.08
0.846,0.914	1.0,0.985	-0.112
0.0,0.083	0.0,0.096	-0.006
0.471,0.473	0.721,0.705	-0.241
1.0,0.964	0.605,0.394	0.482
1.0,1.0	NA,0.0	1.0
0.656,0.655	0.517,0.691	0.051
0.374,0.53	0.374,0.374	0.078
0.015,0.005	0.018,0.01	-0.004
0.0,0.0	0.0,0.054	-0.027
1.0,1.0	0.825,0.937	0.119
0.0,0.0	0.0,0.015	-0.007
0.011,0.017	0.007,0.033	-0.006
0.01,0.0	0.0,0.035	-0.013
1.0,1.0	1.0,0.994	0.003
0.965,0.975	0.942,0.974	0.012
0.165,0.203	0.156,0.027	0.092
0.222,0.272	0.051,0.18	0.132
0.75,0.833	1.0,0.333	0.125
0.882,0.911	0.793,0.968	0.016
0.778,0.75	0.9,0.871	-0.121
0.2,0.2	0.388,0.544	-0.266
0.381,0.384	0.895,0.904	-0.517
0.024,0.082	0.471,0.662	-0.513
0.406,0.525	0.329,0.296	0.153
0.015,0.013	0.0,0.0	0.014
0.623,0.584	0.778,0.757	-0.164
0.018,0.01	0.013,0.014	0.0
0.01,0.009	0.015,0.007	-0.001
0.004,0.005	0.01,0.002	-0.001
0.035,0.009	0.005,0.014	0.013
0.867,0.931	1.0,0.667	0.066
0.59,0.679	0.729,0.798	-0.129
0.493,0.179	0.593,0.421	-0.171
1.0,1.0	1.0,0.833	0.084
0.033,0.025	0.017,0.03	0.006
0.0,0.0	0.0,0.008	-0.004
0.97,1.0	1.0,1.0	-0.015
0.538,0.0	0.0,0.818	-0.14
0.023,0.01	0.0,0.033	0.0
0.019,0.023	0.012,0.021	0.004
0.0,0.167	0.0,0.0	0.084
0.031,0.03	0.068,0.025	-0.016
0.125,0.125	0.068,0.049	0.067
0.045,0.05	0.094,0.034	-0.017
0.027,0.028	0.026,0.02	0.005
0.719,0.845	0.871,0.771	-0.039
0.153,0.204	0.244,0.325	-0.106
0.0,0.0	0.152,0.08	-0.116
0.039,0.118	0.193,0.168	-0.102
1.0,0.966	0.553,0.559	0.427
0.301,0.369	0.147,0.272	0.125
1.0,0.949	1.0,1.0	-0.026
0.0,0.057	0.0,0.0	0.029
0.811,0.925	1.0,1.0	-0.132
0.212,0.217	0.219,0.22	-0.005
0.375,0.407	0.489,0.368	-0.037
0.794,0.79	0.628,0.607	0.175
1.0,0.986	0.977,0.973	0.018
1.0,0.95	1.0,0.792	0.079
0.229,0.229	0.248,0.272	-0.031
0.823,0.639	0.538,0.88	0.022
0.845,0.877	0.881,0.904	-0.032
0.284,0.602	0.914,0.373	-0.201
0.925,0.793	0.606,0.235	0.439
0.03,0.033	0.005,0.013	0.022
0.022,0.01	0.0,0.019	0.007
0.03,0.035	0.03,0.042	-0.004
0.006,0.003	0.004,0.007	-0.001
0.894,0.884	0.273,0.388	0.558
0.875,1.0	0.667,1.0	0.104
0.714,1.0	0.8,1.0	-0.043
0.837,0.971	1.0,0.857	-0.025
0.126,0.277	0.427,0.603	-0.314
0.091,0.067	0.25,0.056	-0.074
0.006,0.002	0.008,0.005	-0.003
0.023,0.024	0.005,0.055	-0.006
0.953,1.0	0.564,0.927	0.231
0.336,0.315	0.518,0.467	-0.167
0.055,0.045	0.007,0.035	0.029
0.959,1.0	0.981,0.974	0.002
0.381,0.435	0.409,0.369	0.019
0.929,0.913	1.0,0.982	-0.07
0.007,0.002	0.002,0.006	0.001
0.138,0.161	0.356,0.406	-0.231
0.162,0.174	0.05,0.086	0.1
0.672,0.743	0.889,0.948	-0.211
0.629,0.643	0.38,0.6	0.146
0.645,0.64	0.344,0.569	0.186
0.6,0.474	NA,0.231	0.306
0.0,0.005	0.007,0.0	-0.001
1.0,1.0	0.966,1.0	0.017
0.841,0.9	0.841,0.837	0.032
0.983,0.986	0.989,0.978	0.001
0.074,0.084	0.116,0.075	-0.017
0.295,0.212	0.0,0.225	0.141
0.0,0.0	0.018,0.0	-0.009
0.106,0.129	0.0,0.0	0.117
0.064,0.338	0.0,0.106	0.148
0.002,0.002	0.004,0.004	-0.002
0.997,0.997	1.0,1.0	-0.003
0.131,0.116	0.059,0.055	0.067
0.894,1.0	0.651,0.412	0.416
0.546,0.533	0.488,0.392	0.1
0.002,0.001	0.006,0.002	-0.003
1.0,0.652	0.875,0.895	-0.059
0.598,0.56	0.416,0.464	0.139
0.906,0.905	0.894,0.875	0.021
0.992,0.995	1.0,1.0	-0.006
0.896,0.898	0.916,0.891	-0.006
0.991,0.995	1.0,1.0	-0.007
0.976,0.985	1.0,1.0	-0.02
0.0,0.0	0.032,0.0	-0.016
0.844,0.885	1.0,1.0	-0.135
0.645,0.591	0.691,0.757	-0.106
0.053,0.096	0.112,0.094	-0.029
0.143,0.091	0.455,0.444	-0.333
0.0,0.002	0.0,0.0	0.001
0.05,0.033	0.041,0.039	0.002
0.929,1.0	1.0,0.852	0.039
NA,0.0	0.325,NA	-0.325
0.025,0.025	0.01,0.039	0.001
0.005,0.005	0.007,0.004	-0.0
0.964,1.0	1.0,1.0	-0.018
0.047,0.0	0.039,0.0	0.004
0.057,0.091	0.149,0.299	-0.15
0.028,0.024	0.031,0.032	-0.005
0.001,0.001	0.0,0.001	0.001
0.011,0.0	0.0,0.0	0.005
1.0,0.854	0.836,0.957	0.031
0.02,0.025	0.028,0.022	-0.003
0.299,0.367	0.954,0.942	-0.615
0.096,0.187	0.231,0.164	-0.056
1.0,0.958	1.0,1.0	-0.021
0.308,0.316	0.819,0.799	-0.497
0.837,0.868	0.303,0.597	0.403
1.0,0.684	0.702,0.658	0.162
1.0,0.655	1.0,0.742	-0.043
0.16,0.313	0.405,0.571	-0.252
1.0,0.444	1.0,0.579	-0.068
0.0,0.179	0.29,0.4	-0.255
0.0,0.182	0.286,0.289	-0.196
1.0,1.0	0.857,1.0	0.072
0.462,0.392	0.488,0.286	0.04
1.0,1.0	1.0,0.995	0.002
0.413,0.458	0.276,0.352	0.121
0.073,0.355	0.216,0.355	-0.071
0.789,0.574	0.582,0.683	0.049
0.102,0.14	0.076,0.097	0.035
0.024,0.003	0.0,0.017	0.005
1.0,0.882	1.0,0.826	0.028
0.061,0.0	0.029,0.0	0.016
0.481,0.41	0.0,0.519	0.186
0.256,0.34	0.306,0.336	-0.023
0.002,0.0	0.007,0.0	-0.003
1.0,0.706	1.0,1.0	-0.147
0.009,0.012	0.014,0.003	0.002
0.577,0.524	0.697,0.793	-0.195
0.988,1.0	1.0,1.0	-0.006
0.993,0.978	1.0,1.0	-0.014
0.076,0.088	0.214,0.218	-0.134
0.001,0.0	0.0,0.003	-0.001
0.512,0.524	0.363,0.369	0.152
0.726,0.532	0.631,0.499	0.064
0.906,0.939	0.918,0.907	0.01
0.892,0.673	NA,1.0	-0.218
0.391,0.49	0.325,0.355	0.101
0.127,0.257	0.232,0.252	-0.05
0.0,0.017	0.0,0.0	0.009
0.019,0.008	0.006,0.027	-0.003
1.0,1.0	0.959,1.0	0.02
0.009,0.016	0.024,0.022	-0.01
0.059,0.304	0.273,0.385	-0.148
0.003,0.014	0.008,0.034	-0.013
0.029,0.031	0.034,0.044	-0.009
0.025,0.013	0.014,0.0	0.012
0.662,0.754	0.837,0.681	-0.051
0.2,1.0	1.0,NA	-0.4
0.024,0.061	0.0,0.048	0.018
0.07,0.061	0.0,0.048	0.042
0.007,0.007	0.013,0.013	-0.006
0.009,0.01	0.02,0.008	-0.005
1.0,NA	0.714,1.0	0.143
1.0,1.0	0.824,0.952	0.112
0.091,0.116	0.205,0.261	-0.129
1.0,1.0	1.0,0.808	0.096
1.0,1.0	1.0,0.965	0.018
0.986,1.0	1.0,1.0	-0.007
0.0,0.128	0.0,0.0	0.064
0.16,0.135	0.176,0.112	0.004
0.972,0.948	0.953,1.0	-0.016
0.211,0.131	0.221,0.131	-0.005
0.429,0.714	0.6,0.75	-0.104
0.14,0.123	0.228,0.093	-0.029
0.969,0.985	0.992,0.976	-0.007
0.314,0.262	0.225,0.257	0.047
1.0,1.0	0.465,0.465	0.535
0.8,1.0	1.0,1.0	-0.1
0.577,0.711	0.38,0.551	0.178
0.161,0.176	0.059,0.053	0.112
0.0,0.155	0.0,0.0	0.077
0.836,1.0	1.0,1.0	-0.082
0.012,0.011	0.017,0.018	-0.006
0.114,0.097	0.093,0.068	0.025
0.858,0.837	0.893,0.814	-0.006
0.035,0.02	0.009,0.042	0.002
0.84,0.84	0.931,0.879	-0.065
0.917,0.923	0.939,0.9	0.001
0.643,0.563	0.867,0.849	-0.255
0.015,0.005	0.015,0.002	0.001
0.5,1.0	1.0,0.867	-0.183
0.064,0.024	0.019,0.062	0.003
1.0,NA	0.0,1.0	0.5
1.0,0.986	0.991,1.0	-0.003
0.536,0.366	0.057,0.308	0.269
0.044,0.053	0.032,0.043	0.011
0.046,0.048	0.222,0.152	-0.14
0.0,1.0	NA,0.59	-0.09
0.042,0.045	0.045,0.059	-0.009
0.37,0.265	0.3,0.182	0.077
0.0,0.0	0.078,0.0	-0.039
0.048,0.0	0.0,0.067	-0.01
0.014,0.012	0.011,0.007	0.004
0.02,0.016	0.017,0.021	-0.001
0.0,0.0	0.011,0.0	-0.005
0.988,1.0	1.0,1.0	-0.006
0.409,0.409	0.409,1.0	-0.296
0.804,0.848	0.736,0.576	0.17
0.132,0.067	0.0,0.103	0.048
0.171,0.096	0.057,0.043	0.084
0.808,0.944	0.974,0.926	-0.074
0.137,0.089	0.044,0.087	0.048
1.0,0.234	NA,1.0	-0.383
0.083,0.08	0.14,0.068	-0.023
0.0,0.0	0.025,0.056	-0.041
1.0,1.0	0.909,1.0	0.045
0.006,0.006	0.0,0.003	0.005
0.008,0.0	0.008,0.02	-0.01
0.234,0.223	0.235,0.107	0.058
0.853,0.98	0.977,0.955	-0.049
0.0,0.015	0.006,0.02	-0.006
0.023,0.0	0.014,0.0	0.004
0.0,0.008	0.0,0.008	0.0
0.07,0.012	0.0,0.0	0.041
0.535,0.518	0.913,0.892	-0.376
0.006,0.016	0.0,0.015	0.003
0.002,0.002	0.001,0.002	0.001
0.0,0.059	0.028,0.083	-0.026
0.048,0.0	0.0,0.027	0.011
0.015,0.02	0.016,0.024	-0.002
0.338,0.259	0.551,0.113	-0.034
1.0,1.0	1.0,0.485	0.258
0.926,1.0	1.0,1.0	-0.037
0.5,1.0	0.379,0.429	0.346
0.282,NA	0.0,0.0	0.282
0.007,0.014	0.017,0.024	-0.01
0.008,0.014	0.023,0.025	-0.013
0.143,0.0	0.429,0.5	-0.393
0.046,0.041	0.053,0.032	0.001
0.083,0.118	0.063,0.04	0.049
0.875,0.807	0.411,0.317	0.477
0.661,0.679	0.599,0.638	0.051
0.019,0.036	0.029,0.029	-0.002
0.021,0.026	0.02,0.036	-0.004
0.41,0.479	0.774,0.594	-0.239
0.264,0.222	0.135,0.163	0.094
0.011,0.007	0.036,0.013	-0.015
0.105,0.135	0.0,0.04	0.1
0.029,0.03	0.011,0.05	-0.001
0.192,0.307	0.363,0.34	-0.102
0.005,0.017	0.006,0.007	0.005
0.061,0.068	0.069,0.067	-0.004
0.053,0.103	0.023,0.031	0.051
0.979,0.985	1.0,1.0	-0.018
0.708,0.619	0.561,0.624	0.071
0.603,0.435	1.0,0.924	-0.443
0.066,0.05	0.34,0.288	-0.256
0.003,0.007	0.003,0.006	0.0
0.858,1.0	1.0,1.0	-0.071
0.969,1.0	1.0,0.985	-0.008
0.014,0.009	0.0,0.01	0.006
0.0,0.005	0.0,0.0	0.003
0.004,0.003	0.0,0.0	0.004
0.043,0.058	0.074,0.073	-0.023
1.0,1.0	1.0,0.985	0.008
0.041,0.025	0.023,0.016	0.014
0.005,0.01	0.0,0.005	0.005
0.989,1.0	1.0,1.0	-0.006
0.228,0.178	0.183,0.218	0.003
0.277,0.05	0.178,0.193	-0.022
0.696,0.818	1.0,0.954	-0.22
0.015,0.024	0.01,0.005	0.012
0.005,0.003	0.002,0.001	0.003
0.495,0.473	0.477,0.502	-0.006
1.0,1.0	0.989,1.0	0.006
NA,1.0	0.308,0.471	0.611
0.989,1.0	1.0,1.0	-0.006
0.0,0.003	0.005,0.002	-0.002
0.407,0.186	1.0,0.673	-0.54
0.272,0.302	0.143,0.226	0.103
0.0,0.0	0.0,0.405	-0.203
0.0,0.186	0.0,0.0	0.093
0.423,0.318	0.289,0.376	0.038
0.394,0.381	0.493,0.571	-0.145
0.926,0.81	0.46,0.946	0.165
0.1,0.173	0.103,0.104	0.033
0.041,0.028	0.033,0.025	0.006
0.063,0.111	0.026,0.058	0.045
0.49,1.0	1.0,NA	-0.255
0.0,0.197	0.0,0.197	0.0
0.317,0.274	0.1,0.06	0.215
1.0,0.862	1.0,0.933	-0.035
0.374,0.352	0.869,0.954	-0.548
0.913,0.76	0.895,0.867	-0.044
0.002,0.002	0.001,0.001	0.001
0.001,0.001	0.0,0.0	0.001
0.001,0.001	0.0,0.0	0.001
0.001,0.001	0.0,0.0	0.001
0.224,0.229	0.04,0.226	0.093
0.224,0.229	0.04,0.226	0.093
0.224,0.229	0.04,0.226	0.093
0.008,0.008	0.009,0.009	-0.001
0.966,1.0	0.967,0.976	0.011
0.613,0.509	0.708,0.691	-0.139
0.0,0.0	1.0,0.0	-0.5
0.763,0.446	1.0,0.682	-0.236
0.0,0.136	0.344,0.239	-0.223
0.271,0.21	0.244,0.222	0.008
1.0,0.953	1.0,0.973	-0.01
0.019,0.01	0.039,0.017	-0.014
0.469,0.57	0.261,0.898	-0.06
1.0,0.819	0.0,1.0	0.409
0.102,0.082	0.139,0.156	-0.056
0.997,0.998	0.998,0.994	0.002
0.0,0.001	0.0,0.001	0.0
0.041,0.028	0.044,0.029	-0.002
0.177,0.243	0.198,0.209	0.006
1.0,1.0	1.0,0.994	0.003
0.97,0.984	0.957,0.963	0.017
0.362,0.434	0.393,0.427	-0.012
0.034,0.047	0.031,0.029	0.011
0.913,0.93	1.0,1.0	-0.079
0.888,0.859	1.0,0.904	-0.079
0.0,0.0	0.013,0.0	-0.006
0.974,1.0	0.94,0.793	0.12
0.959,1.0	0.93,0.783	0.123
0.236,0.292	0.432,0.533	-0.219
0.017,0.018	0.049,0.04	-0.027
0.021,0.02	0.027,0.031	-0.008
0.759,0.742	0.95,0.828	-0.139
0.092,0.073	0.034,0.047	0.042
0.733,0.5	0.636,1.0	-0.202
0.111,0.167	0.189,0.195	-0.053
0.004,0.0	0.005,0.018	-0.009
1.0,1.0	0.949,1.0	0.026
0.018,0.011	0.016,0.022	-0.005
0.2,0.692	NA,0.0	0.446
0.833,0.875	1.0,0.684	0.012
0.948,0.72	1.0,1.0	-0.166
0.003,0.005	0.006,0.005	-0.001
0.048,0.05	0.054,0.045	-0.001
0.01,0.024	0.014,0.019	0.001
0.982,0.97	0.908,0.941	0.051
0.021,0.025	0.02,0.021	0.002
0.972,0.958	0.97,0.985	-0.013
0.103,0.149	0.116,0.037	0.05
1.0,1.0	0.95,0.96	0.045
0.881,0.888	0.89,1.0	-0.06
1.0,0.966	1.0,0.98	-0.007
0.079,0.098	0.234,0.393	-0.225
0.006,0.009	0.003,0.007	0.002
0.0,0.001	0.0,0.0	0.001
0.005,0.013	0.006,0.008	0.002
0.0,0.075	0.348,0.277	-0.275
0.855,0.774	0.81,0.828	-0.004
0.672,0.75	0.804,1.0	-0.191
0.029,0.046	0.006,0.012	0.028
0.064,0.013	0.021,0.026	0.015
0.011,0.006	0.014,0.011	-0.004
0.028,0.039	0.023,0.02	0.012
0.028,0.032	0.026,0.021	0.006
0.717,0.414	0.772,0.629	-0.135
0.867,0.928	1.0,1.0	-0.103
0.0,0.0	0.013,0.0	-0.006
0.01,0.023	0.086,0.116	-0.085
0.057,0.156	0.0,0.042	0.085
0.993,1.0	0.978,0.96	0.027
0.231,0.077	0.5,0.538	-0.365
0.051,0.04	0.163,0.186	-0.129
0.177,0.071	0.552,0.147	-0.226
0.009,0.008	0.009,0.0	0.004
0.688,0.203	0.91,0.772	-0.395
0.664,0.124	0.934,0.825	-0.485
0.492,0.0	0.73,0.895	-0.567
0.056,0.114	0.018,0.127	0.013
0.0,0.012	0.0,0.0	0.006
0.875,0.897	1.0,1.0	-0.114
0.04,0.133	0.052,0.087	0.017
0.483,0.527	0.545,0.587	-0.061
0.2,0.308	0.059,0.0	0.225
0.049,0.044	0.0,0.0	0.046
0.111,0.089	0.093,0.102	0.003
0.978,0.926	0.987,0.97	-0.026
0.012,0.003	0.0,0.003	0.006
0.029,0.01	0.014,0.005	0.01
0.681,0.718	0.711,0.733	-0.022
0.971,0.966	0.963,0.972	0.001
0.311,0.372	0.295,0.25	0.069
0.035,0.029	0.0,0.012	0.026
0.072,0.086	0.067,0.069	0.011
0.032,0.023	0.0,0.005	0.025
0.0,0.0	0.0,0.373	-0.186
0.043,0.026	0.031,0.035	0.001
0.826,1.0	0.656,0.488	0.341
1.0,0.979	1.0,1.0	-0.01
1.0,0.714	1.0,NA	-0.143
1.0,0.618	1.0,0.0	0.309
1.0,0.561	1.0,1.0	-0.22
0.41,0.397	0.658,0.537	-0.194
0.0,0.292	0.142,0.292	-0.071
1.0,1.0	1.0,0.965	0.018
1.0,1.0	NA,0.31	0.69
0.014,0.013	0.006,0.0	0.01
0.009,0.003	0.006,0.008	-0.001
0.076,0.12	0.102,0.086	0.004
0.83,0.52	0.791,0.661	-0.051
1.0,0.49	1.0,1.0	-0.255
0.038,0.042	0.046,0.036	-0.001
0.0,0.025	0.011,0.01	0.002
0.025,0.017	0.0,0.048	-0.003
0.973,0.949	1.0,1.0	-0.039
0.295,0.236	0.292,0.218	0.01
0.053,0.06	0.0,0.032	0.04
0.027,0.041	0.0,0.022	0.023
0.077,0.113	0.055,0.084	0.025
0.806,0.902	0.762,0.889	0.029
0.035,0.051	0.224,0.111	-0.125
0.667,0.2	1.0,0.714	-0.423
0.077,0.075	0.048,0.093	0.005
0.363,1.0	1.0,1.0	-0.319
0.443,0.475	0.376,0.358	0.092
0.962,1.0	1.0,1.0	-0.019
0.954,1.0	1.0,1.0	-0.023
0.941,0.929	0.96,0.877	0.017
0.0,0.022	0.007,0.009	0.003
0.564,0.548	0.399,0.557	0.078
0.8,1.0	1.0,1.0	-0.1
0.005,0.0	0.025,0.004	-0.012
0.019,0.011	0.012,0.008	0.005
0.978,0.963	0.957,0.908	0.038
0.896,0.854	0.877,0.933	-0.03
1.0,1.0	1.0,0.778	0.111
0.559,0.493	0.593,0.823	-0.182
0.019,0.015	0.005,0.01	0.01
0.883,1.0	0.739,0.702	0.221
0.5,NA	NA,0.429	0.071
0.143,0.085	0.25,0.073	-0.048
0.231,0.259	0.152,0.182	0.078
0.549,0.702	0.48,0.64	0.065
0.035,0.063	0.072,0.026	0.0
1.0,0.706	0.0,NA	0.853
0.658,0.59	0.107,0.0	0.571
0.0,0.0	0.029,0.054	-0.042
0.278,0.193	0.183,0.283	0.003
0.246,0.208	0.185,0.171	0.049
0.452,0.45	0.51,0.288	0.052
0.004,0.003	0.012,0.021	-0.013
0.094,0.018	0.409,0.232	-0.265
0.92,0.897	0.748,0.805	0.132
0.964,1.0	0.96,1.0	0.002
1.0,0.969	1.0,1.0	-0.016
0.75,1.0	1.0,1.0	-0.125
0.998,1.0	1.0,1.0	-0.001
0.002,0.001	0.0,0.002	0.001
0.4,0.44	0.255,0.473	0.056
0.739,0.702	0.901,0.944	-0.202
0.003,0.005	0.002,0.009	-0.001
1.0,0.999	1.0,1.0	-0.0
0.02,0.019	0.006,0.007	0.013
1.0,1.0	1.0,0.991	0.004
0.012,0.0	0.0,0.0	0.006
0.984,0.971	0.993,0.935	0.014
0.015,0.0	0.0,0.086	-0.035
0.033,0.071	0.012,0.046	0.023
0.625,1.0	0.9,0.92	-0.098
0.585,0.465	0.667,0.618	-0.118
0.951,1.0	1.0,0.922	0.014
0.0,0.005	0.02,0.007	-0.011
0.002,0.003	0.0,0.0	0.003
0.093,0.073	0.082,0.127	-0.022
0.161,0.254	0.142,0.079	0.097
0.016,0.023	0.017,0.015	0.003
0.014,0.014	0.029,0.009	-0.005
1.0,0.98	1.0,0.995	-0.008
0.944,0.944	1.0,0.959	-0.036
0.431,0.659	1.0,0.57	-0.24
0.007,0.007	0.005,0.009	0.0
0.023,0.025	0.017,0.017	0.007
0.177,1.0	NA,1.0	-0.411
0.684,1.0	1.0,1.0	-0.158
0.9,0.697	1.0,0.75	-0.077
1.0,0.97	0.906,1.0	0.032
0.022,0.01	0.019,0.014	-0.001
0.045,0.07	0.0,0.0	0.058
0.019,0.028	0.015,0.0	0.016
0.596,0.762	0.833,0.735	-0.105
0.75,1.0	0.765,0.76	0.113
0.488,1.0	1.0,1.0	-0.256
0.432,0.192	0.538,0.225	-0.07
0.043,0.112	0.121,0.201	-0.084
0.987,1.0	0.953,1.0	0.017
0.948,0.914	0.908,0.915	0.02
0.366,0.278	0.054,0.138	0.226
0.633,0.763	0.463,0.139	0.397
0.565,0.3	0.375,0.333	0.079
0.454,0.331	0.356,0.442	-0.007
0.006,0.008	0.006,0.007	0.0
0.428,0.35	0.364,0.425	-0.005
0.027,0.051	0.02,0.022	0.018
0.021,0.015	0.025,0.0	0.006
0.959,0.939	0.904,0.925	0.034
0.953,0.968	0.977,0.957	-0.007
0.735,0.613	0.156,0.27	0.461
0.0,0.043	0.015,0.0	0.014
0.327,0.505	0.759,0.529	-0.228
0.2,0.246	0.279,0.29	-0.061
0.008,0.0	0.0,0.003	0.003
0.036,0.015	0.082,0.093	-0.062
0.458,0.51	0.344,0.391	0.116
0.084,0.096	0.038,0.047	0.048
0.111,0.112	0.096,0.136	-0.005
0.871,0.842	0.945,0.962	-0.097
0.0,0.004	0.005,0.016	-0.009
1.0,0.973	0.991,1.0	-0.009
0.08,0.102	0.099,0.027	0.028
0.088,0.091	0.049,0.032	0.049
0.065,0.088	0.04,0.025	0.044
0.854,0.581	1.0,0.929	-0.247
0.367,1.0	1.0,1.0	-0.317
0.013,0.0	0.0,0.0	0.006
0.94,0.956	0.942,0.952	0.001
0.556,0.6	0.576,0.6	-0.01
0.922,0.935	1.0,0.94	-0.041
1.0,0.928	0.97,0.968	-0.005
0.992,0.958	0.975,1.0	-0.013
0.176,0.151	0.209,0.394	-0.138
1.0,1.0	1.0,0.982	0.009
0.048,0.074	0.032,0.088	0.001
0.993,1.0	1.0,1.0	-0.004
0.874,0.965	0.969,0.992	-0.061
0.996,0.99	0.996,0.997	-0.003
0.404,0.49	0.245,0.322	0.164
0.488,0.425	0.0,0.0	0.457
0.048,0.0	0.0,0.322	-0.137
0.016,0.024	0.02,0.013	0.003
0.027,0.012	0.0,0.012	0.013
0.12,0.112	0.096,0.07	0.033
0.167,0.062	0.214,0.357	-0.171
0.037,0.039	0.046,0.05	-0.01
0.0,0.0	0.022,0.002	-0.012
0.001,0.0	0.004,0.004	-0.004
0.962,0.805	1.0,0.955	-0.094
0.007,0.011	0.0,0.034	-0.008
0.018,0.019	0.079,0.068	-0.055
0.778,0.824	1.0,1.0	-0.199
0.989,0.952	0.984,0.978	-0.011
0.015,0.023	0.0,0.0	0.019
0.781,0.736	0.107,0.056	0.677
0.0,0.006	0.0,0.017	-0.006
1.0,1.0	0.979,1.0	0.01
1.0,1.0	1.0,0.833	0.084
0.043,0.0	0.0,0.0	0.021
0.0,0.0	0.02,0.0	-0.01
1.0,0.923	1.0,1.0	-0.038
0.033,0.015	0.156,0.106	-0.107
0.986,0.983	0.992,0.998	-0.011
0.069,0.0	0.0,0.0	0.035
1.0,1.0	1.0,0.944	0.028
1.0,0.998	1.0,1.0	-0.001
0.012,0.016	0.034,0.017	-0.012
1.0,1.0	1.0,0.0	0.5
1.0,1.0	0.959,1.0	0.02
0.041,0.077	0.023,0.021	0.037
0.044,0.039	0.04,0.042	0.0
0.552,0.575	0.582,0.575	-0.015
0.292,0.49	1.0,0.419	-0.319
0.329,0.134	0.296,0.246	-0.04
0.066,0.107	0.043,0.064	0.033
0.11,0.074	0.19,0.17	-0.088
1.0,0.978	0.942,1.0	0.018
0.04,0.052	0.081,0.119	-0.054
0.756,0.77	0.684,0.776	0.033
0.824,0.844	0.975,0.963	-0.135
0.004,0.008	0.053,0.018	-0.029
1.0,0.992	1.0,1.0	-0.004
0.022,0.024	0.0,0.007	0.019
0.286,0.111	0.0,1.0	-0.301
0.003,0.002	0.004,0.007	-0.003
0.944,0.953	0.969,0.983	-0.028
0.605,0.655	0.664,0.571	0.013
0.324,0.357	0.069,0.056	0.278
0.172,0.28	0.246,0.224	-0.009
0.014,0.026	0.017,0.01	0.006
0.162,0.129	0.309,0.253	-0.136
0.009,0.011	0.021,0.017	-0.009
0.746,0.911	0.827,0.838	-0.004
0.053,0.064	0.065,0.071	-0.01
0.217,0.238	0.33,0.329	-0.102
0.997,0.997	0.997,1.0	-0.001
0.625,0.586	0.545,0.737	-0.036
0.034,0.022	0.084,0.116	-0.072
0.385,0.0	0.0,0.0	0.193
0.099,0.08	0.064,0.045	0.035
1.0,0.385	1.0,1.0	-0.307
1.0,0.5	1.0,1.0	-0.25
0.342,0.335	0.111,0.206	0.18
0.005,0.006	0.011,0.014	-0.007
0.023,0.0	0.0,0.028	-0.003
0.725,0.697	0.455,0.591	0.188
0.0,0.083	0.111,0.053	-0.041
0.927,1.0	1.0,0.96	-0.016
0.493,0.494	0.473,0.27	0.122
0.009,0.023	0.015,0.015	0.001
0.506,0.719	0.299,0.89	0.018
0.003,0.004	0.003,0.007	-0.002
0.008,0.003	0.013,0.007	-0.005
0.179,0.135	0.236,0.403	-0.163
0.862,0.975	1.0,1.0	-0.082
0.223,0.213	0.751,0.232	-0.273
1.0,1.0	1.0,0.875	0.062
0.959,0.986	0.991,0.985	-0.016
0.0,0.028	0.0,0.038	-0.005
0.714,0.778	0.833,0.846	-0.093
1.0,0.905	1.0,1.0	-0.047
0.438,0.664	0.267,0.172	0.332
0.294,0.308	0.21,0.19	0.101
0.725,0.398	NA,0.868	-0.306
0.375,0.411	0.568,0.486	-0.134
0.998,0.998	1.0,0.991	0.002
0.984,0.99	0.99,0.986	-0.001
0.99,0.97	0.964,0.976	0.01
0.975,0.982	0.952,1.0	0.002
0.975,0.982	0.954,1.0	0.001
0.965,0.973	0.932,1.0	0.003
0.944,0.945	1.0,1.0	-0.056
0.83,0.71	1.0,1.0	-0.23
0.205,0.149	0.072,0.128	0.077
1.0,1.0	1.0,0.994	0.003
1.0,1.0	1.0,0.983	0.008
1.0,1.0	1.0,0.991	0.004
1.0,1.0	0.99,1.0	0.005
1.0,0.359	NA,1.0	-0.321
0.538,0.571	0.778,0.786	-0.228
0.438,NA	NA,1.0	-0.562
0.0,NA	NA,1.0	-1.0
0.003,0.005	0.013,0.0	-0.002
0.105,0.146	0.297,0.332	-0.189
0.473,0.475	0.419,0.47	0.029
0.0,0.059	0.111,0.091	-0.072
0.004,0.0	0.0,0.003	0.001
0.024,0.017	0.049,0.054	-0.031
0.362,0.295	0.104,0.068	0.243
0.161,0.186	0.0,0.233	0.057
0.753,0.771	0.909,0.669	-0.027
0.138,0.259	0.142,0.216	0.02
0.01,0.045	0.0,0.047	0.004
0.232,0.232	0.29,0.368	-0.097
0.962,0.966	0.979,0.917	0.016
