IncLevel1	IncLevel2	IncLevelDifference
0.485,0.352	0.214,0.36	0.132
0.045,0.069	0.025,0.078	0.005
0.925,0.918	0.917,0.926	0.0
0.96,0.938	0.932,0.949	0.008
0.984,1.0	0.982,1.0	0.001
0.976,1.0	1.0,1.0	-0.012
0.216,0.395	0.5,0.526	-0.208
1.0,0.999	0.997,0.993	0.005
0.869,0.855	0.73,0.741	0.126
0.948,1.0	1.0,1.0	-0.026
0.081,0.077	0.1,0.096	-0.019
0.0,0.02	0.025,0.024	-0.015
0.994,0.991	1.0,0.997	-0.006
0.993,0.981	0.998,0.988	-0.006
0.217,0.195	0.063,0.107	0.121
0.755,0.845	0.735,0.755	0.055
0.986,0.967	0.967,0.969	0.008
0.965,0.984	0.98,0.979	-0.005
0.308,0.203	1.0,0.0	-0.244
0.76,0.875	1.0,1.0	-0.182
0.859,0.876	0.817,0.822	0.048
0.604,0.289	0.344,0.234	0.158
0.185,0.29	0.158,0.199	0.059
0.142,0.172	0.196,0.217	-0.05
0.704,0.596	0.379,0.306	0.307
0.152,0.197	0.22,0.143	-0.007
0.084,0.142	0.299,0.264	-0.168
0.026,0.031	0.032,0.018	0.003
0.555,0.492	0.371,0.367	0.155
0.984,1.0	1.0,1.0	-0.008
0.93,0.951	0.94,0.877	0.032
0.123,0.117	0.096,0.198	-0.027
0.966,0.956	0.965,0.978	-0.011
0.538,0.565	0.675,0.6	-0.086
0.117,0.11	0.13,0.144	-0.024
0.887,0.948	0.833,0.889	0.056
0.154,0.185	0.0,0.266	0.036
0.168,0.191	0.199,0.343	-0.092
0.024,0.018	0.041,0.024	-0.012
0.253,0.427	0.297,0.312	0.035
0.892,0.847	0.746,0.803	0.095
0.707,0.662	0.467,0.48	0.211
0.127,0.103	0.111,0.056	0.031
0.983,1.0	1.0,1.0	-0.008
0.444,0.405	0.6,0.484	-0.118
1.0,1.0	1.0,0.933	0.033
1.0,0.719	0.204,0.709	0.403
0.897,1.0	1.0,1.0	-0.051
0.112,0.139	0.493,0.437	-0.339
0.0,0.0	0.021,0.0	-0.011
0.39,0.585	0.643,0.635	-0.152
1.0,1.0	0.999,1.0	0.0
0.439,0.253	0.373,0.226	0.046
0.981,0.979	0.968,1.0	-0.004
0.854,0.885	0.886,0.865	-0.006
0.9,0.808	0.903,1.0	-0.097
0.116,0.186	0.786,0.0	-0.242
0.407,0.478	NA,0.0	0.443
0.892,0.716	0.686,0.931	-0.004
0.711,0.698	1.0,0.871	-0.231
0.705,0.533	0.675,0.633	-0.035
1.0,0.965	0.922,0.983	0.03
0.832,0.794	0.884,0.81	-0.034
0.943,0.951	0.787,0.9	0.103
0.152,0.075	0.297,0.402	-0.236
0.042,0.026	0.128,0.047	-0.053
0.77,0.749	0.773,0.779	-0.016
0.742,0.758	0.817,0.817	-0.067
0.871,0.881	0.835,0.826	0.045
0.0,0.023	0.02,0.0	0.001
0.22,0.474	0.75,0.29	-0.173
0.032,0.042	0.061,0.067	-0.027
0.1,0.098	0.079,0.105	0.007
0.999,0.999	1.0,0.999	-0.001
0.118,0.135	0.118,0.116	0.01
0.654,0.749	0.968,0.72	-0.142
0.084,0.043	0.026,0.081	0.01
0.358,0.451	0.541,0.52	-0.126
1.0,1.0	0.983,1.0	0.008
0.003,0.012	0.009,0.006	0.0
0.976,0.962	0.984,0.96	-0.003
1.0,1.0	0.994,1.0	0.003
0.985,0.986	1.0,0.976	-0.002
0.018,0.017	0.019,0.025	-0.004
0.912,0.867	0.303,0.874	0.301
0.301,0.0	0.0,0.0	0.15
0.931,0.982	0.969,0.95	-0.003
0.602,0.301	0.139,0.235	0.265
1.0,0.912	1.0,1.0	-0.044
0.0,0.0	1.0,NA	-1.0
0.726,0.701	0.333,0.445	0.325
0.963,0.984	0.961,1.0	-0.007
0.93,1.0	1.0,0.945	-0.007
0.841,1.0	1.0,1.0	-0.08
0.978,0.976	1.0,0.989	-0.017
0.112,0.204	0.136,0.157	0.011
0.011,0.007	0.016,0.016	-0.007
0.984,0.987	0.983,0.987	0.001
0.962,0.977	1.0,0.875	0.032
0.082,0.012	0.0,0.2	-0.053
0.411,0.441	0.429,0.478	-0.028
0.545,0.634	0.478,0.5	0.101
0.462,0.455	0.393,0.367	0.079
1.0,1.0	0.695,0.768	0.268
0.02,0.02	0.014,0.017	0.005
0.853,0.822	0.899,0.838	-0.031
0.052,0.068	0.073,0.055	-0.004
0.882,1.0	1.0,1.0	-0.059
0.624,0.579	0.568,0.675	-0.02
0.008,0.018	0.003,0.004	0.009
0.0,0.0	0.063,0.021	-0.042
NA,0.0	1.0,NA	-1.0
0.999,1.0	1.0,1.0	-0.0
0.031,0.041	0.0,0.0	0.036
0.078,0.067	0.054,0.061	0.015
0.948,0.954	0.965,0.872	0.032
0.034,0.009	0.011,0.02	0.006
0.732,0.702	0.727,0.72	-0.007
0.998,1.0	0.999,0.998	0.001
0.837,0.829	0.959,0.858	-0.076
1.0,0.579	1.0,0.821	-0.121
0.457,0.706	0.296,0.494	0.186
1.0,0.817	1.0,1.0	-0.092
0.519,0.585	0.653,0.676	-0.113
0.106,0.149	0.031,0.048	0.088
1.0,1.0	1.0,0.962	0.019
0.028,0.011	0.0,0.025	0.007
0.0,0.009	0.0,0.009	0.0
0.718,0.645	0.465,0.586	0.156
1.0,0.973	0.957,0.979	0.018
0.085,0.051	0.046,0.058	0.016
0.931,0.844	0.889,0.941	-0.028
0.945,0.92	0.929,0.954	-0.009
0.184,0.19	0.129,0.25	-0.003
0.152,0.117	0.108,0.094	0.034
0.025,0.038	0.029,0.016	0.009
0.981,1.0	1.0,0.95	0.015
0.75,0.829	0.761,0.775	0.021
0.906,0.815	0.977,0.943	-0.099
0.111,0.053	0.052,0.07	0.021
0.955,0.959	1.0,0.99	-0.038
1.0,0.98	0.948,0.969	0.032
0.963,0.974	0.886,0.974	0.038
0.45,0.692	0.786,0.925	-0.285
0.976,0.977	0.988,0.982	-0.009
0.831,0.771	0.768,0.88	-0.023
1.0,0.991	1.0,1.0	-0.004
0.128,0.127	0.384,0.122	-0.126
1.0,1.0	1.0,0.997	0.002
1.0,0.767	0.653,1.0	0.057
0.607,NA	0.537,0.099	0.289
0.996,0.995	1.0,0.959	0.016
0.057,0.051	0.028,0.0	0.04
0.222,0.37	0.318,0.335	-0.031
0.086,0.082	0.077,0.091	0.0
0.93,0.898	0.916,0.937	-0.013
0.625,0.614	0.778,0.711	-0.125
0.027,0.094	0.091,0.018	0.006
0.099,0.094	0.123,0.085	-0.008
0.647,0.697	0.748,0.708	-0.056
1.0,1.0	0.954,0.927	0.059
1.0,1.0	0.96,0.941	0.05
0.825,1.0	0.767,1.0	0.029
0.003,0.01	0.007,0.003	0.002
0.539,0.405	0.422,0.687	-0.082
0.212,0.163	0.163,0.163	0.024
1.0,1.0	1.0,0.991	0.004
0.021,0.018	0.018,0.03	-0.005
0.355,0.34	0.623,0.508	-0.218
0.44,0.385	0.342,0.146	0.168
0.952,0.968	0.961,0.955	0.002
0.112,0.107	0.208,0.239	-0.114
0.018,0.011	0.026,0.017	-0.007
0.84,0.875	1.0,0.949	-0.117
0.66,0.473	0.526,0.593	0.007
0.027,0.026	0.005,0.024	0.012
0.248,0.193	0.212,0.179	0.025
0.489,0.52	0.473,0.431	0.052
0.003,0.008	0.012,0.007	-0.004
0.929,0.971	1.0,0.958	-0.029
0.031,0.033	0.032,0.068	-0.018
0.029,0.026	0.063,0.024	-0.016
0.18,0.368	0.393,0.244	-0.044
0.149,0.119	0.046,0.177	0.023
0.26,0.196	0.254,0.303	-0.05
1.0,0.881	0.948,0.967	-0.017
0.855,0.82	0.821,0.747	0.053
0.297,0.342	0.218,0.228	0.097
NA,1.0	0.0,1.0	0.5
1.0,1.0	0.896,1.0	0.052
0.648,0.627	0.622,0.685	-0.016
1.0,0.829	1.0,1.0	-0.086
0.501,0.69	1.0,0.862	-0.336
0.627,0.705	1.0,0.897	-0.283
0.765,0.619	0.652,0.84	-0.054
0.0,0.063	0.0,0.072	-0.004
1.0,1.0	0.886,1.0	0.057
1.0,0.995	1.0,0.998	-0.001
0.979,0.978	0.97,0.972	0.007
0.649,0.669	0.567,0.585	0.083
0.005,0.007	0.004,0.005	0.001
0.009,0.016	0.023,0.0	0.001
0.525,0.064	0.414,0.282	-0.053
0.884,0.9	0.81,0.94	0.017
1.0,1.0	1.0,0.673	0.163
0.678,0.507	0.61,0.669	-0.047
0.809,0.953	0.297,0.809	0.328
0.959,0.981	0.877,0.959	0.052
1.0,1.0	0.942,0.959	0.05
0.886,0.876	0.929,0.871	-0.019
0.137,0.056	0.135,0.184	-0.063
0.021,0.022	0.004,0.014	0.012
0.219,0.326	0.185,0.191	0.085
0.891,0.905	0.897,0.901	-0.001
0.852,0.902	0.811,0.848	0.047
0.466,0.547	0.628,0.664	-0.139
0.956,0.942	0.925,0.984	-0.006
0.848,0.94	0.872,0.91	0.003
0.616,0.85	0.728,0.805	-0.033
0.049,0.078	0.133,0.121	-0.064
0.018,0.0	0.0,0.05	-0.016
0.921,0.957	1.0,0.891	-0.006
1.0,0.781	NA,1.0	-0.109
1.0,0.429	1.0,1.0	-0.285
1.0,1.0	0.989,1.0	0.006
0.182,0.164	0.378,0.182	-0.107
0.696,0.683	0.722,0.66	-0.002
1.0,0.989	1.0,1.0	-0.006
0.562,0.379	0.733,0.749	-0.27
0.911,0.929	0.945,0.95	-0.027
0.577,0.54	0.639,0.623	-0.073
0.723,0.597	0.626,0.654	0.02
0.041,0.022	0.163,0.024	-0.062
0.859,0.959	0.854,0.828	0.068
1.0,0.997	1.0,1.0	-0.002
0.0,0.101	0.0,0.0	0.051
0.89,0.855	1.0,1.0	-0.127
1.0,0.994	1.0,1.0	-0.003
0.095,0.147	0.127,0.06	0.027
0.248,0.257	0.264,0.336	-0.048
0.039,0.033	0.062,0.0	0.005
0.864,0.821	0.889,0.743	0.026
0.726,0.741	0.846,0.721	-0.05
0.173,0.215	0.322,0.254	-0.094
0.136,0.181	0.239,0.209	-0.065
0.016,0.016	0.015,0.012	0.003
0.927,0.937	0.957,1.0	-0.046
0.787,0.842	0.538,0.863	0.114
0.0,0.0	1.0,NA	-1.0
0.936,0.907	1.0,1.0	-0.079
0.449,0.438	0.427,0.423	0.019
0.431,0.12	0.307,0.399	-0.078
1.0,0.585	0.679,0.903	0.001
1.0,0.835	0.811,0.925	0.049
0.95,0.956	0.972,0.968	-0.017
0.267,0.285	0.383,0.425	-0.128
0.453,0.361	0.588,0.55	-0.162
0.19,0.253	0.263,0.306	-0.063
0.023,0.022	0.016,0.028	0.001
0.006,0.0	0.0,0.019	-0.006
0.009,0.028	0.085,0.012	-0.03
0.916,0.702	0.688,0.739	0.095
0.06,0.121	0.027,0.079	0.037
0.961,0.972	0.986,0.978	-0.016
0.033,0.022	0.037,0.054	-0.018
0.0,0.01	0.0,0.0	0.005
0.985,1.0	1.0,0.971	0.007
0.641,0.696	0.629,0.715	-0.003
0.982,0.909	1.0,1.0	-0.054
0.983,0.918	1.0,1.0	-0.049
1.0,1.0	1.0,0.906	0.047
0.858,0.8	0.906,0.939	-0.094
0.718,0.741	0.87,0.859	-0.135
0.964,1.0	1.0,1.0	-0.018
0.045,0.039	0.068,0.058	-0.021
0.405,0.298	0.211,0.225	0.134
0.514,0.679	0.552,0.609	0.016
0.04,0.144	0.091,0.156	-0.032
0.885,0.938	0.941,0.969	-0.043
0.231,0.0	0.0,0.0	0.116
0.0,0.144	0.0,0.061	0.041
0.517,0.641	0.724,0.473	-0.02
0.906,0.971	0.938,0.904	0.017
0.951,0.975	0.966,0.98	-0.01
0.729,0.779	0.795,0.802	-0.044
1.0,0.989	1.0,1.0	-0.006
0.727,0.886	0.833,0.6	0.09
0.005,0.006	0.006,0.006	-0.001
0.004,0.003	0.003,0.007	-0.002
0.745,0.504	0.47,0.693	0.043
0.451,0.43	0.641,0.445	-0.103
0.992,0.987	0.988,0.986	0.003
0.553,0.686	0.615,0.536	0.044
0.029,0.036	0.045,0.035	-0.007
0.0,0.217	0.548,0.244	-0.288
0.0,0.0	0.001,0.0	-0.001
0.306,0.28	0.377,0.288	-0.039
0.985,0.971	0.957,0.995	0.002
0.573,0.494	0.708,0.598	-0.12
0.46,0.516	0.562,0.438	-0.012
0.0,0.001	0.0,0.0	0.001
0.848,0.818	0.96,0.82	-0.057
0.027,0.052	0.054,0.022	0.002
0.997,0.989	0.988,0.994	0.002
0.51,0.358	0.363,0.285	0.11
0.666,0.542	0.733,0.774	-0.149
0.667,0.616	0.796,0.851	-0.182
0.0,0.345	NA,0.0	0.172
0.004,0.017	0.021,0.0	0.0
1.0,0.92	1.0,1.0	-0.04
0.365,0.376	0.445,0.363	-0.034
0.971,1.0	0.967,1.0	0.002
0.008,0.005	0.011,0.014	-0.006
0.089,0.0	0.128,0.0	-0.02
0.437,0.139	0.421,0.493	-0.169
0.106,0.093	0.155,0.172	-0.064
0.745,0.767	0.702,0.691	0.06
0.985,0.992	0.974,1.0	0.001
0.995,1.0	1.0,1.0	-0.002
0.994,1.0	1.0,1.0	-0.003
0.758,1.0	1.0,1.0	-0.121
0.952,0.987	1.0,0.92	0.01
0.816,0.883	0.85,0.818	0.015
0.814,0.817	0.779,0.748	0.052
0.907,0.892	0.914,0.952	-0.034
0.994,0.951	0.988,0.953	0.002
0.055,0.078	0.051,0.066	0.008
0.92,1.0	1.0,1.0	-0.04
0.027,0.0	0.02,0.011	-0.002
0.007,0.006	0.004,0.005	0.002
0.006,0.012	0.012,0.017	-0.005
0.187,0.298	0.056,0.118	0.155
0.015,0.011	0.008,0.015	0.001
0.0,0.0	0.116,0.0	-0.058
0.013,0.017	0.0,0.023	0.003
0.57,0.501	0.554,0.54	-0.012
0.733,0.534	1.0,NA	-0.367
0.955,0.962	0.914,0.924	0.039
0.511,0.398	0.509,0.777	-0.189
0.987,1.0	1.0,1.0	-0.006
0.958,0.976	1.0,0.954	-0.01
0.991,0.936	0.786,0.921	0.11
0.968,0.963	0.958,1.0	-0.013
0.382,0.365	0.32,0.367	0.03
0.213,0.549	0.317,0.39	0.027
0.5,NA	1.0,0.333	-0.166
0.993,0.993	1.0,0.982	0.002
0.211,0.222	0.27,0.319	-0.078
0.053,0.037	0.024,0.04	0.013
0.55,0.529	0.741,0.672	-0.167
0.881,1.0	1.0,0.948	-0.033
0.586,0.818	1.0,0.778	-0.187
0.145,0.193	0.18,0.178	-0.01
0.0,0.163	1.0,0.378	-0.608
0.478,0.534	0.552,0.51	-0.025
0.547,0.689	0.63,0.491	0.057
0.024,0.021	0.079,0.117	-0.076
0.114,0.122	0.0,0.124	0.056
0.044,0.015	0.079,0.022	-0.021
0.023,0.079	0.181,0.13	-0.104
0.331,0.24	0.056,0.188	0.163
0.117,0.031	0.193,0.118	-0.081
1.0,0.986	1.0,1.0	-0.007
1.0,0.997	1.0,1.0	-0.002
0.206,0.159	0.031,0.236	0.049
0.986,0.982	0.988,0.986	-0.003
0.598,0.148	1.0,0.394	-0.324
0.0,0.0	0.108,0.042	-0.075
1.0,0.991	1.0,1.0	-0.004
0.387,0.589	0.675,0.517	-0.108
0.065,0.026	0.024,0.016	0.025
0.973,1.0	0.833,1.0	0.07
0.065,0.04	0.157,0.096	-0.074
0.947,0.838	1.0,0.931	-0.073
0.625,0.714	0.2,0.556	0.291
0.728,0.566	0.668,0.349	0.139
0.621,0.77	0.911,0.885	-0.203
0.024,0.127	0.075,0.062	0.007
0.251,0.274	0.259,0.238	0.014
0.822,0.834	0.7,0.863	0.046
0.04,0.02	0.0,0.0	0.03
0.0,0.478	0.647,0.0	-0.085
0.918,0.909	0.916,0.922	-0.006
0.195,0.189	0.305,0.273	-0.097
0.191,0.069	0.288,0.102	-0.065
0.096,0.0	0.0,0.0	0.048
0.128,0.145	0.245,0.181	-0.076
0.998,0.998	0.995,0.998	0.002
0.934,0.875	0.9,0.895	0.007
0.924,0.961	0.763,0.949	0.087
0.134,0.12	0.15,0.136	-0.016
0.28,0.253	0.311,0.322	-0.05
0.052,0.043	0.101,0.038	-0.022
0.134,0.124	0.248,0.144	-0.067
0.707,0.699	0.701,0.738	-0.017
0.177,0.508	0.256,0.177	0.126
0.289,0.302	0.546,0.325	-0.14
1.0,1.0	0.767,1.0	0.117
0.38,0.29	0.686,0.45	-0.233
1.0,1.0	0.855,1.0	0.073
1.0,1.0	0.726,1.0	0.137
0.968,0.945	1.0,1.0	-0.044
0.987,0.983	0.987,0.99	-0.003
0.991,0.991	0.991,0.991	0.0
0.87,0.851	0.878,0.872	-0.014
0.005,0.003	0.006,0.007	-0.003
0.978,0.991	0.961,0.969	0.019
0.99,0.994	1.0,0.951	0.016
0.125,0.095	0.126,0.134	-0.02
0.115,0.14	0.212,0.17	-0.064
0.708,0.774	0.724,0.753	0.003
0.834,0.824	0.82,0.883	-0.022
0.701,0.584	0.661,0.718	-0.047
0.007,0.011	0.009,0.013	-0.002
0.032,0.0	0.079,0.048	-0.048
0.064,0.067	0.049,0.075	0.004
0.272,0.268	0.301,0.334	-0.047
0.283,0.245	0.163,0.344	0.011
1.0,1.0	1.0,0.975	0.012
0.9,0.863	0.931,0.875	-0.022
0.75,0.333	1.0,1.0	-0.459
0.965,1.0	1.0,1.0	-0.018
0.505,0.481	0.564,0.414	0.004
0.457,0.52	0.327,0.468	0.091
0.007,0.007	0.003,0.005	0.003
0.788,0.816	0.971,0.933	-0.15
0.391,0.277	0.302,0.289	0.039
0.517,0.529	0.648,0.608	-0.105
0.129,0.139	0.188,0.171	-0.045
0.419,0.348	0.435,0.451	-0.06
0.144,0.0	0.0,0.0	0.072
0.578,0.908	0.736,0.623	0.064
0.03,0.017	0.019,0.0	0.014
0.953,0.913	1.0,0.974	-0.054
0.877,0.794	0.806,0.859	0.003
0.746,0.826	0.848,0.834	-0.055
0.897,0.918	0.937,0.924	-0.023
0.612,0.639	0.598,0.604	0.024
1.0,1.0	0.0,1.0	0.5
0.037,0.053	0.0,0.011	0.04
0.886,0.943	0.814,0.953	0.031
0.633,0.549	0.378,0.428	0.188
0.333,0.354	0.486,0.333	-0.066
0.089,0.131	0.156,0.124	-0.03
0.998,1.0	1.0,0.998	0.0
0.993,0.996	0.991,1.0	-0.001
0.978,0.975	0.972,0.972	0.004
0.978,0.948	0.935,0.969	0.011
0.025,0.014	0.021,0.02	-0.001
0.012,0.009	0.022,0.014	-0.007
0.996,1.0	1.0,0.994	0.001
0.014,0.025	0.011,0.0	0.014
0.543,0.778	0.686,0.397	0.119
0.088,0.012	0.04,0.0	0.03
0.998,0.999	0.996,0.998	0.001
0.909,0.97	0.812,0.824	0.121
1.0,1.0	0.829,0.951	0.11
0.145,0.105	0.167,0.112	-0.015
0.0,0.733	0.0,0.733	0.0
0.429,0.76	1.0,0.818	-0.315
0.914,0.849	0.655,0.761	0.173
0.586,0.536	0.482,0.501	0.069
0.869,0.893	0.914,0.891	-0.022
0.765,0.485	0.825,0.724	-0.149
0.824,0.742	0.917,0.861	-0.106
0.603,0.773	0.751,0.759	-0.067
0.0,0.0	0.0,1.0	-0.5
0.987,0.986	1.0,1.0	-0.014
1.0,NA	NA,0.373	0.627
0.971,0.983	1.0,0.959	-0.003
0.952,0.918	1.0,1.0	-0.065
1.0,1.0	1.0,0.962	0.019
0.0,0.345	0.081,0.319	-0.028
1.0,1.0	0.714,1.0	0.143
0.571,0.875	0.684,0.73	0.016
0.012,0.017	0.018,0.015	-0.002
1.0,0.939	1.0,1.0	-0.03
0.012,0.011	0.061,0.024	-0.031
1.0,1.0	0.879,0.915	0.103
0.091,0.098	0.108,0.096	-0.008
0.299,0.414	0.427,0.47	-0.092
0.331,0.358	0.304,0.346	0.02
0.957,0.901	0.929,0.916	0.006
0.696,0.853	1.0,0.7	-0.076
0.885,0.817	0.935,0.925	-0.079
0.693,0.647	0.781,0.793	-0.117
0.695,0.82	0.851,0.74	-0.038
0.783,0.829	1.0,0.716	-0.052
0.855,0.699	0.841,0.915	-0.101
0.561,0.765	0.674,0.789	-0.069
0.066,0.067	0.108,0.077	-0.026
0.17,0.45	0.766,0.672	-0.409
0.042,0.093	0.0,0.119	0.008
0.821,0.868	0.764,0.914	0.006
0.008,0.016	0.014,0.007	0.001
0.61,0.745	0.76,1.0	-0.203
0.009,0.003	0.025,0.0	-0.007
0.883,0.98	0.641,1.0	0.111
0.991,0.99	1.0,0.99	-0.005
1.0,1.0	1.0,0.936	0.032
0.033,0.125	0.041,0.0	0.058
0.132,0.167	0.135,0.053	0.056
0.0,1.0	0.398,0.398	0.102
0.038,0.014	0.017,0.018	0.008
0.159,0.201	0.0,0.03	0.165
1.0,1.0	NA,0.483	0.517
0.091,0.107	0.021,0.064	0.057
0.683,0.615	0.679,0.714	-0.047
0.985,0.985	0.993,0.985	-0.004
0.652,0.658	0.323,0.366	0.31
0.925,0.922	0.531,0.725	0.295
0.36,0.35	0.355,0.323	0.016
0.121,0.18	0.141,0.195	-0.017
0.732,0.806	0.768,0.832	-0.031
1.0,0.996	1.0,0.991	0.002
0.281,0.418	0.0,1.0	-0.15
0.94,0.928	0.981,0.974	-0.044
0.424,0.42	0.372,0.351	0.06
0.037,0.081	0.032,0.052	0.017
0.0,0.012	0.04,0.039	-0.034
1.0,0.996	1.0,1.0	-0.002
0.654,0.707	0.846,0.632	-0.058
0.109,0.098	0.224,0.188	-0.103
0.227,0.538	0.388,0.517	-0.07
0.952,0.861	0.931,0.924	-0.021
0.899,0.892	0.87,0.885	0.018
1.0,0.992	1.0,1.0	-0.004
1.0,1.0	1.0,0.98	0.01
0.997,0.998	0.999,0.998	-0.001
0.634,0.577	0.868,0.79	-0.224
0.9,0.895	0.939,0.845	0.006
0.279,0.206	0.156,0.166	0.081
0.86,0.945	1.0,0.717	0.044
0.625,0.539	0.583,0.605	-0.012
0.064,0.07	0.106,0.092	-0.032
0.492,0.383	0.277,0.236	0.181
1.0,0.972	1.0,1.0	-0.014
1.0,0.99	1.0,1.0	-0.005
1.0,0.913	1.0,1.0	-0.043
0.918,0.851	0.968,0.941	-0.07
0.999,0.999	0.999,0.999	0.0
0.124,0.049	0.149,0.217	-0.097
1.0,0.778	1.0,0.818	-0.02
0.019,0.034	0.038,0.028	-0.006
0.917,0.914	0.838,0.894	0.049
1.0,0.897	1.0,1.0	-0.051
0.175,0.095	0.071,0.044	0.078
0.922,0.896	0.924,0.949	-0.027
1.0,0.997	1.0,1.0	-0.002
0.81,0.543	0.643,0.724	-0.007
0.288,0.825	0.361,0.934	-0.091
0.512,0.91	0.268,0.821	0.167
0.721,0.708	0.327,0.183	0.459
0.064,0.05	0.048,0.047	0.01
0.582,0.299	0.585,0.533	-0.118
0.825,0.817	0.928,0.878	-0.082
0.8,0.925	0.87,0.716	0.07
0.165,0.282	0.405,0.262	-0.11
1.0,0.948	1.0,1.0	-0.026
0.918,0.956	0.918,0.924	0.016
0.939,0.966	0.971,0.911	0.011
0.975,1.0	1.0,1.0	-0.012
0.094,0.091	0.125,0.116	-0.028
0.983,1.0	0.983,0.984	0.008
1.0,1.0	1.0,0.999	0.0
0.127,0.252	0.168,0.294	-0.041
0.0,0.0	0.054,0.023	-0.038
0.451,0.44	0.348,0.456	0.043
0.139,0.112	0.131,0.112	0.004
1.0,1.0	1.0,0.976	0.012
0.981,0.956	0.953,0.967	0.008
0.996,0.992	0.99,0.994	0.002
0.881,0.906	0.866,0.922	-0.001
0.018,0.023	0.01,0.017	0.007
0.016,0.011	0.021,0.037	-0.015
1.0,0.916	1.0,0.916	0.0
0.352,0.402	0.24,0.309	0.103
0.221,0.315	0.25,0.234	0.026
0.211,0.275	0.187,0.225	0.037
0.515,0.477	0.417,0.509	0.033
0.681,0.627	0.506,0.62	0.091
0.628,0.644	0.512,0.569	0.096
0.362,0.323	0.387,0.412	-0.057
0.118,0.105	0.144,0.145	-0.033
0.104,0.085	0.054,0.136	-0.001
0.133,0.097	0.093,0.252	-0.057
0.016,0.017	0.035,0.037	-0.02
0.989,0.977	1.0,1.0	-0.017
0.005,0.018	0.01,0.008	0.002
0.667,0.652	0.631,0.687	0.0
0.168,0.135	0.1,0.085	0.059
0.039,0.026	0.058,0.022	-0.007
0.795,0.902	1.0,0.267	0.215
0.97,1.0	1.0,1.0	-0.015
0.25,0.217	0.07,0.4	-0.002
0.941,0.926	0.934,0.921	0.006
0.045,0.033	0.074,0.0	0.002
0.405,0.462	0.571,1.0	-0.352
0.355,0.236	0.319,0.247	0.012
0.465,0.313	0.374,0.051	0.177
0.641,0.303	0.29,0.075	0.289
0.0,0.0	0.191,0.0	-0.096
0.82,0.858	0.956,0.875	-0.077
0.009,0.012	0.011,0.009	0.001
0.454,0.454	0.593,0.814	-0.249
0.409,0.379	0.572,0.482	-0.133
0.952,1.0	0.882,1.0	0.035
0.004,0.022	0.042,0.051	-0.034
0.259,0.249	0.344,0.324	-0.08
0.004,0.004	0.006,0.004	-0.001
0.775,0.675	0.703,0.796	-0.024
0.133,0.125	0.116,0.115	0.013
0.043,0.0	0.02,0.018	0.002
0.93,0.936	0.839,0.869	0.079
0.009,0.012	0.0,0.012	0.004
0.153,0.11	0.089,0.006	0.084
0.005,0.009	0.0,0.015	-0.001
0.879,0.749	0.494,0.666	0.234
0.889,0.893	0.933,0.933	-0.042
0.312,0.462	0.611,0.5	-0.168
0.5,0.4	1.0,0.895	-0.497
0.4,0.167	0.8,0.407	-0.32
1.0,0.987	0.931,1.0	0.028
0.65,0.77	0.581,0.63	0.105
0.388,0.431	0.556,0.461	-0.099
0.525,0.392	0.552,0.365	0.0
1.0,0.0	0.0,0.0	0.5
0.0,0.275	0.0,0.125	0.075
0.959,0.954	1.0,0.939	-0.013
0.072,0.032	0.037,0.058	0.004
0.304,0.26	0.23,0.2	0.067
0.492,1.0	1.0,0.659	-0.084
0.411,0.626	0.449,0.582	0.003
0.412,0.0	0.0,0.467	-0.028
0.039,0.043	0.099,0.232	-0.125
1.0,0.992	1.0,1.0	-0.004
1.0,0.997	1.0,1.0	-0.002
1.0,1.0	0.925,1.0	0.037
0.0,0.275	NA,0.0	0.138
0.952,0.928	0.96,1.0	-0.04
0.065,0.079	0.051,0.083	0.005
0.0,0.0	0.0,0.409	-0.204
1.0,0.889	1.0,1.0	-0.055
0.845,0.803	0.847,0.812	-0.005
0.744,0.789	0.454,0.478	0.3
0.993,0.994	1.0,0.975	0.006
0.555,0.172	1.0,0.454	-0.363
0.534,1.0	1.0,1.0	-0.233
0.467,1.0	NA,1.0	-0.266
1.0,0.462	1.0,0.462	0.0
1.0,0.0	0.795,0.357	-0.076
0.493,0.069	0.66,1.0	-0.549
0.006,0.006	0.009,0.009	-0.003
0.113,0.076	0.0,0.196	-0.004
0.336,0.319	0.367,0.325	-0.018
1.0,0.998	0.993,1.0	0.003
0.302,0.284	0.0,0.286	0.15
0.217,0.029	0.75,0.579	-0.541
0.992,1.0	0.984,0.988	0.01
0.17,0.175	0.255,0.289	-0.1
0.441,0.421	0.519,0.504	-0.081
0.884,0.835	0.581,0.637	0.25
0.92,0.98	1.0,0.961	-0.03
0.998,0.979	0.982,0.972	0.011
0.996,0.994	0.995,0.998	-0.001
0.994,0.991	0.992,0.997	-0.002
0.99,0.993	0.997,0.998	-0.006
1.0,0.999	0.998,0.998	0.002
1.0,0.998	0.997,0.997	0.002
0.474,0.496	0.481,0.468	0.01
0.226,0.14	0.519,0.423	-0.288
0.968,0.942	0.973,0.989	-0.026
0.278,0.306	0.286,0.243	0.028
0.958,1.0	0.969,0.932	0.028
0.996,1.0	1.0,1.0	-0.002
0.915,0.942	0.931,0.922	0.002
0.702,0.726	0.615,0.615	0.099
0.992,1.0	1.0,1.0	-0.004
0.29,0.232	0.242,0.355	-0.037
0.662,0.662	0.56,0.646	0.059
0.832,0.84	0.9,0.899	-0.064
0.797,0.779	0.758,0.711	0.054
0.75,0.785	0.73,0.656	0.075
0.832,0.806	0.83,0.811	-0.002
1.0,0.777	1.0,0.924	-0.073
0.009,0.012	0.033,0.007	-0.01
0.974,0.963	0.979,0.935	0.011
0.0,0.0	0.096,0.0	-0.048
0.551,0.53	0.387,0.47	0.112
0.023,0.018	0.031,0.01	-0.0
0.145,0.138	0.215,0.1	-0.016
0.937,0.965	0.969,0.983	-0.025
1.0,0.702	1.0,1.0	-0.149
0.367,0.537	1.0,1.0	-0.548
0.228,0.424	0.228,0.164	0.13
0.192,0.257	0.12,0.127	0.101
0.354,0.323	0.305,0.26	0.056
0.03,0.022	0.033,0.016	0.001
0.014,0.011	0.008,0.007	0.005
0.88,0.88	0.879,0.821	0.03
0.393,0.485	0.467,0.456	-0.023
0.885,0.772	0.806,0.728	0.061
0.054,0.334	0.59,0.149	-0.175
0.0,0.008	0.0,0.011	-0.001
0.5,0.2	0.6,0.31	-0.105
0.966,0.967	0.979,0.93	0.012
0.043,0.067	0.029,0.04	0.02
0.005,0.011	0.005,0.019	-0.004
1.0,1.0	1.0,0.91	0.045
0.626,0.586	0.414,0.32	0.239
0.852,0.941	0.895,0.941	-0.021
0.708,0.493	0.759,0.82	-0.189
0.244,0.493	0.393,0.466	-0.061
0.982,0.876	0.787,0.927	0.072
0.98,0.9	0.963,0.859	0.029
0.375,0.087	0.137,0.258	0.033
1.0,0.987	1.0,0.961	0.013
0.066,0.118	0.045,0.018	0.06
0.096,0.112	0.093,0.062	0.027
0.099,0.081	0.088,0.062	0.015
1.0,0.795	NA,1.0	-0.103
0.42,0.449	0.418,0.457	-0.003
0.055,0.0	0.0,0.0	0.028
0.937,0.876	0.885,0.884	0.022
0.134,0.083	0.0,0.033	0.092
0.05,0.008	0.036,0.019	0.002
0.983,0.978	0.981,0.978	0.001
1.0,1.0	1.0,0.895	0.052
1.0,0.904	1.0,1.0	-0.048
0.992,0.967	0.971,0.923	0.032
0.0,0.146	0.0,0.0	0.073
0.996,1.0	1.0,1.0	-0.002
0.143,0.259	0.167,0.164	0.036
0.992,0.988	0.984,1.0	-0.002
0.089,0.104	0.032,0.048	0.057
0.995,1.0	1.0,1.0	-0.002
0.93,0.729	0.868,0.801	-0.005
0.342,0.438	0.345,0.413	0.011
0.66,0.586	0.493,0.629	0.062
0.839,0.821	0.82,0.873	-0.017
0.597,0.689	0.736,0.721	-0.085
1.0,0.962	1.0,1.0	-0.019
1.0,0.991	1.0,1.0	-0.004
0.781,0.746	0.885,0.912	-0.135
0.281,0.295	0.11,0.101	0.183
0.938,0.964	0.95,0.923	0.014
0.807,0.838	0.736,0.801	0.054
0.06,0.061	0.079,0.05	-0.004
0.442,0.763	0.549,0.192	0.232
0.07,0.074	0.139,0.058	-0.026
0.903,0.911	0.873,0.815	0.063
0.055,0.033	0.11,0.086	-0.054
0.86,0.776	0.825,0.838	-0.013
1.0,0.908	1.0,0.876	0.016
1.0,0.781	0.907,0.814	0.03
0.102,0.134	0.144,0.126	-0.017
0.0,0.022	0.108,0.043	-0.065
0.615,0.725	0.442,0.649	0.124
0.944,0.867	0.978,0.827	0.003
0.704,0.764	0.711,0.657	0.05
0.908,0.919	0.953,0.937	-0.032
0.25,0.189	0.133,0.062	0.122
0.026,0.026	0.025,0.025	0.001
1.0,0.766	0.483,1.0	0.141
0.155,0.128	0.478,0.391	-0.293
0.783,0.678	0.757,0.757	-0.026
0.333,NA	1.0,1.0	-0.667
0.744,1.0	1.0,1.0	-0.128
0.0,0.0	0.128,0.0	-0.064
0.012,0.007	0.02,0.0	-0.001
0.771,0.674	0.405,0.426	0.307
0.756,0.834	0.727,0.765	0.049
0.941,0.951	1.0,1.0	-0.054
0.0,0.023	0.0,0.0	0.011
1.0,1.0	0.968,1.0	0.016
1.0,1.0	1.0,0.843	0.079
0.0,0.105	0.064,0.0	0.02
0.01,0.034	0.015,0.0	0.015
1.0,1.0	1.0,0.971	0.014
0.068,0.171	0.112,0.222	-0.048
0.861,0.877	0.912,0.93	-0.052
0.193,0.23	0.284,0.24	-0.05
0.999,1.0	0.997,0.998	0.002
0.212,0.127	0.071,0.098	0.085
0.686,0.667	0.823,0.812	-0.141
0.0,NA	1.0,0.0	-0.5
1.0,0.981	1.0,1.0	-0.01
0.0,0.017	0.013,0.009	-0.002
0.229,0.223	0.255,0.249	-0.026
0.386,0.947	1.0,0.636	-0.152
1.0,0.999	0.997,1.0	0.001
0.031,0.029	0.036,0.044	-0.01
0.988,0.977	0.968,0.992	0.002
0.713,0.686	0.567,0.542	0.145
0.038,0.03	0.053,0.038	-0.011
1.0,1.0	0.99,0.993	0.008
0.229,0.143	0.374,0.338	-0.17
0.122,0.127	0.076,0.121	0.026
0.963,0.961	0.941,0.954	0.014
0.467,0.0	1.0,0.637	-0.585
1.0,0.999	1.0,1.0	-0.0
1.0,0.913	1.0,1.0	-0.043
0.887,0.883	1.0,0.932	-0.081
0.781,0.805	0.948,0.945	-0.153
0.171,0.251	0.16,0.333	-0.035
0.268,0.348	0.635,0.723	-0.371
0.748,1.0	0.547,0.771	0.215
0.875,1.0	0.467,0.637	0.385
0.16,0.181	0.081,0.128	0.066
0.911,0.887	1.0,0.898	-0.05
0.942,1.0	0.945,1.0	-0.001
1.0,1.0	0.984,1.0	0.008
0.0,0.0	0.139,0.068	-0.104
0.0,0.195	1.0,1.0	-0.902
0.75,0.705	0.658,0.703	0.047
1.0,0.998	1.0,1.0	-0.001
0.0,0.02	0.0,0.039	-0.009
0.589,0.698	0.926,0.74	-0.19
0.883,0.873	0.686,0.724	0.173
0.735,0.887	0.916,0.914	-0.104
0.653,0.564	0.639,0.532	0.023
0.605,0.515	0.455,0.408	0.129
0.084,0.065	0.045,0.073	0.016
0.535,0.624	0.7,0.658	-0.1
0.02,0.028	0.011,0.023	0.007
0.271,0.391	0.377,0.35	-0.032
0.116,0.218	0.177,0.198	-0.02
0.704,0.703	0.575,0.561	0.135
0.708,0.718	1.0,1.0	-0.287
0.064,0.096	0.184,0.057	-0.04
1.0,0.975	1.0,0.983	-0.004
1.0,1.0	0.929,1.0	0.035
0.0,0.105	0.06,0.013	0.016
0.989,0.993	0.972,0.985	0.013
0.01,0.013	0.008,0.015	0.0
0.546,0.667	0.564,0.536	0.056
0.0,0.0	0.117,0.0	-0.059
0.01,0.013	0.024,0.02	-0.01
0.034,0.478	0.234,0.224	0.027
0.411,0.22	0.402,0.585	-0.178
0.985,0.957	0.869,0.885	0.094
0.13,0.13	0.117,0.084	0.029
0.545,0.446	0.659,0.617	-0.142
0.09,0.086	0.105,0.129	-0.029
0.991,0.972	0.984,0.966	0.007
0.044,0.03	0.013,0.014	0.024
0.041,0.038	0.093,0.056	-0.035
0.917,1.0	1.0,1.0	-0.041
1.0,1.0	1.0,0.989	0.006
0.035,0.018	0.014,0.005	0.017
0.744,0.646	0.709,0.573	0.054
0.0,0.0	0.01,0.023	-0.017
0.053,0.048	0.018,0.065	0.009
1.0,1.0	0.988,1.0	0.006
0.023,0.015	0.029,0.024	-0.008
1.0,1.0	0.989,1.0	0.006
0.995,0.971	1.0,0.984	-0.009
0.997,0.995	0.99,0.997	0.002
0.251,0.137	0.032,0.132	0.112
0.038,0.029	0.038,0.036	-0.003
1.0,0.976	1.0,1.0	-0.012
0.017,0.026	0.029,0.04	-0.013
0.488,0.479	0.317,0.314	0.168
0.91,0.899	0.871,0.921	0.009
0.744,0.897	0.686,0.829	0.063
0.267,0.199	0.297,0.304	-0.067
0.145,0.048	0.162,0.12	-0.045
0.462,0.472	0.438,0.453	0.021
1.0,1.0	0.998,1.0	0.001
0.0,0.101	0.209,0.02	-0.064
0.98,1.0	1.0,1.0	-0.01
1.0,0.794	0.931,1.0	-0.069
1.0,1.0	1.0,0.999	0.0
0.739,0.835	0.856,0.781	-0.032
0.018,0.016	0.023,0.014	-0.001
0.493,0.454	0.203,0.235	0.255
0.741,0.822	0.829,0.952	-0.109
0.868,1.0	NA,0.452	0.482
0.015,0.0	0.0,0.0	0.007
0.111,0.058	0.125,0.058	-0.007
0.426,0.417	0.224,0.385	0.117
0.939,0.949	0.978,0.9	0.005
0.215,0.311	0.171,0.224	0.066
0.943,0.946	0.982,0.964	-0.029
0.959,0.989	0.96,1.0	-0.006
0.854,1.0	1.0,0.801	0.026
0.327,1.0	0.564,0.437	0.163
0.789,0.747	0.762,0.611	0.082
0.988,0.955	1.0,0.987	-0.022
0.138,0.113	0.0,0.0	0.126
0.081,0.055	0.055,0.012	0.035
0.273,0.244	0.442,0.104	-0.015
1.0,1.0	1.0,0.995	0.002
1.0,0.936	1.0,1.0	-0.032
NA,0.0	1.0,1.0	-1.0
0.086,0.08	0.012,0.056	0.049
0.514,0.725	0.714,0.698	-0.087
0.607,0.585	0.77,0.763	-0.17
1.0,0.994	1.0,1.0	-0.003
0.0,0.004	0.0,0.0	0.002
0.07,0.03	0.023,0.04	0.019
1.0,1.0	1.0,0.915	0.042
0.694,0.708	0.437,0.814	0.076
0.357,0.316	0.619,0.231	-0.088
0.119,0.255	0.407,0.636	-0.334
0.212,0.387	0.467,0.667	-0.268
1.0,0.941	1.0,1.0	-0.03
0.054,0.042	0.049,0.057	-0.005
0.158,0.143	0.107,0.133	0.03
0.615,0.646	0.871,0.6	-0.105
0.861,0.878	0.905,0.76	0.037
0.993,1.0	1.0,1.0	-0.004
0.692,1.0	NA,1.0	-0.154
0.899,0.92	0.811,0.909	0.049
0.363,0.13	0.301,0.272	-0.04
0.183,0.139	0.157,0.122	0.021
0.919,0.921	0.907,0.951	-0.009
0.167,0.073	0.056,0.128	0.028
0.157,0.163	0.184,0.149	-0.006
0.374,0.34	0.353,0.329	0.016
0.003,0.018	0.047,0.078	-0.052
0.211,0.102	0.0,0.0	0.157
0.851,0.856	0.884,0.816	0.003
0.989,0.984	0.977,0.988	0.004
0.968,0.967	0.979,0.981	-0.012
0.157,0.193	0.325,0.283	-0.129
0.822,0.65	0.572,0.375	0.263
0.837,0.834	0.797,0.807	0.033
0.995,0.993	0.991,1.0	-0.002
0.73,0.744	0.929,0.765	-0.11
0.739,0.889	1.0,0.92	-0.146
0.177,0.158	0.125,0.186	0.012
0.015,0.053	0.191,0.091	-0.107
0.982,0.967	1.0,0.969	-0.01
0.66,0.522	0.586,0.463	0.067
0.079,0.029	0.087,0.091	-0.035
0.984,0.95	1.0,0.964	-0.015
0.093,0.096	0.116,0.073	0.0
0.888,0.874	0.961,0.958	-0.079
0.679,0.725	0.558,0.71	0.068
0.97,0.964	0.968,0.972	-0.003
1.0,1.0	0.999,1.0	0.0
0.99,0.993	0.993,0.992	-0.001
0.989,0.99	0.988,0.984	0.004
1.0,0.994	0.981,0.995	0.009
0.922,0.935	0.949,0.94	-0.016
0.961,0.954	0.954,0.943	0.009
0.853,0.848	0.907,0.89	-0.048
0.953,0.941	0.943,0.931	0.01
0.943,0.931	0.927,0.914	0.016
1.0,0.966	1.0,1.0	-0.017
0.952,1.0	1.0,1.0	-0.024
0.866,0.836	0.882,0.853	-0.016
0.87,0.878	0.724,0.746	0.139
0.941,0.96	0.964,0.947	-0.005
0.978,0.96	0.907,0.904	0.064
0.0,0.0	0.008,0.019	-0.013
0.935,0.927	0.919,0.911	0.016
0.323,0.381	0.362,0.458	-0.058
0.159,0.068	0.095,0.149	-0.008
0.053,0.054	0.088,0.065	-0.023
0.167,0.239	0.463,0.432	-0.244
0.936,1.0	0.949,0.901	0.043
0.585,0.0	0.66,0.183	-0.129
0.737,0.766	0.853,0.837	-0.093
0.863,0.942	1.0,0.867	-0.031
0.089,0.135	0.217,0.175	-0.084
0.0,NA	NA,0.244	-0.244
0.655,0.655	0.498,0.704	0.054
0.953,0.957	1.0,0.971	-0.031
0.971,0.969	0.944,0.959	0.018
0.927,0.943	1.0,1.0	-0.065
0.946,1.0	1.0,0.805	0.07
0.015,0.031	0.017,0.031	-0.001
1.0,0.905	1.0,1.0	-0.047
0.15,0.202	0.306,0.257	-0.105
0.586,0.602	0.639,0.661	-0.056
0.934,0.902	0.888,0.937	0.005
0.074,0.146	0.174,0.044	0.001
0.696,0.75	0.753,0.519	0.087
0.147,0.075	0.466,0.244	-0.244
0.92,1.0	1.0,1.0	-0.04
0.681,0.538	0.814,1.0	-0.297
0.086,0.07	0.079,0.031	0.023
0.147,0.137	0.1,0.126	0.029
0.004,0.0	0.0,0.0	0.002
1.0,0.821	1.0,0.71	0.055
0.119,0.166	1.0,0.688	-0.702
1.0,0.186	0.0,0.478	0.354
0.352,0.401	0.352,0.299	0.051
0.034,0.048	0.038,0.038	0.003
0.738,0.713	0.366,0.288	0.399
0.904,0.895	1.0,0.959	-0.08
0.962,0.935	0.767,0.794	0.168
0.999,1.0	1.0,1.0	-0.0
0.066,0.141	0.059,0.032	0.058
0.209,0.283	0.215,0.254	0.012
0.991,1.0	1.0,1.0	-0.004
0.078,0.117	0.088,0.115	-0.004
0.04,0.0	0.103,0.094	-0.079
0.306,0.334	0.286,0.342	0.006
0.99,1.0	0.976,0.99	0.012
1.0,0.998	1.0,1.0	-0.001
1.0,0.986	1.0,1.0	-0.007
0.0,0.0	0.088,0.058	-0.073
0.657,0.553	0.623,0.683	-0.048
0.004,0.007	0.005,0.004	0.001
0.325,0.341	0.347,0.319	0.0
0.985,1.0	0.928,1.0	0.028
0.329,0.319	0.405,0.6	-0.178
0.886,0.844	0.507,0.761	0.231
0.876,0.864	0.96,0.964	-0.092
0.948,0.783	0.87,0.913	-0.026
0.098,0.133	0.111,0.179	-0.029
1.0,0.28	0.28,0.609	0.196
0.56,0.301	0.0,0.298	0.281
0.586,0.804	1.0,0.95	-0.28
0.827,0.93	0.923,0.92	-0.043
0.003,0.006	0.0,0.014	-0.002
1.0,0.853	NA,1.0	-0.074
0.438,0.176	0.684,0.545	-0.308
0.493,0.501	0.721,0.574	-0.15
0.093,0.097	0.223,0.274	-0.153
0.046,0.085	0.039,0.172	-0.04
0.652,0.516	0.46,1.0	-0.146
0.166,0.149	0.352,0.074	-0.055
0.374,0.447	0.427,0.429	-0.018
0.337,0.422	0.211,0.225	0.162
0.845,0.819	0.837,0.779	0.024
0.018,0.019	0.059,0.028	-0.025
0.988,0.988	0.98,0.958	0.019
0.952,0.97	0.969,0.978	-0.013
0.235,0.177	0.081,0.297	0.017
0.335,0.395	0.213,0.2	0.158
0.811,0.699	0.917,0.87	-0.138
0.248,1.0	0.452,NA	0.172
0.857,0.866	1.0,0.924	-0.101
0.148,0.172	0.154,0.317	-0.076
0.66,0.693	0.628,0.478	0.124
0.036,0.033	0.063,0.024	-0.009
1.0,0.957	1.0,1.0	-0.022
0.922,1.0	1.0,1.0	-0.039
0.95,1.0	1.0,1.0	-0.025
0.708,0.737	0.625,0.723	0.048
1.0,1.0	0.975,1.0	0.012
0.734,0.711	0.883,0.684	-0.061
1.0,0.997	0.996,0.997	0.002
0.882,0.866	0.874,0.795	0.039
1.0,1.0	1.0,0.76	0.12
1.0,1.0	1.0,0.846	0.077
0.844,0.811	0.882,0.765	0.004
0.012,0.015	0.015,0.016	-0.002
0.055,0.028	0.105,0.0	-0.011
0.0,0.281	0.0,NA	0.141
0.986,1.0	1.0,1.0	-0.007
0.857,0.819	0.759,0.829	0.044
1.0,0.976	0.987,0.963	0.013
0.522,0.529	0.36,0.435	0.128
0.896,0.907	0.9,0.897	0.003
0.153,0.232	0.656,0.741	-0.506
0.821,0.82	0.838,0.847	-0.022
0.094,0.208	0.181,0.189	-0.034
0.072,0.044	0.072,0.062	-0.009
0.027,0.032	0.047,0.029	-0.009
0.992,0.985	0.963,0.989	0.012
0.0,0.001	0.0,0.001	0.0
0.752,0.733	0.561,0.644	0.14
0.93,0.802	0.707,0.852	0.087
0.033,0.026	0.041,0.062	-0.022
0.814,0.912	0.857,0.894	-0.012
0.449,0.651	0.649,0.587	-0.068
0.143,0.139	0.229,0.134	-0.04
0.944,0.968	0.905,0.853	0.077
0.11,0.081	0.186,0.202	-0.099
0.742,0.909	0.571,0.739	0.17
0.745,0.91	0.679,0.84	0.068
0.091,0.059	0.039,0.059	0.026
0.735,0.739	0.796,0.837	-0.08
1.0,1.0	0.933,0.98	0.043
0.999,0.999	0.999,0.998	0.001
0.975,0.979	0.972,0.968	0.007
0.991,0.993	0.99,0.989	0.002
0.996,0.995	0.989,0.995	0.004
0.373,0.364	0.602,0.629	-0.247
0.712,0.775	0.932,0.743	-0.094
0.0,1.0	0.421,0.0	0.289
0.819,0.812	0.838,0.94	-0.074
0.01,0.004	0.012,0.007	-0.002
1.0,0.159	NA,1.0	-0.42
1.0,0.0	NA,1.0	-0.5
1.0,0.123	NA,1.0	-0.439
0.261,0.0	NA,0.586	-0.455
0.256,0.407	NA,0.579	-0.247
0.605,0.682	0.714,0.731	-0.079
0.04,0.058	0.069,0.072	-0.022
0.247,0.0	0.0,0.0	0.123
0.781,0.829	0.831,0.551	0.114
0.004,0.003	0.007,0.004	-0.002
0.292,0.266	0.263,0.271	0.012
1.0,0.976	1.0,1.0	-0.012
0.871,0.796	0.724,0.808	0.068
0.972,0.958	0.989,0.988	-0.023
0.376,0.402	0.388,0.342	0.024
0.741,0.772	0.821,0.846	-0.077
0.371,0.462	1.0,0.778	-0.473
0.981,0.986	0.981,0.978	0.004
0.045,0.021	0.032,0.034	0.0
0.836,0.864	0.853,0.865	-0.009
0.222,0.281	0.167,0.556	-0.11
0.986,1.0	0.962,1.0	0.012
0.608,0.829	1.0,1.0	-0.282
1.0,1.0	1.0,1.0	0.0
0.0,0.065	0.0,0.0	0.033
0.635,0.489	0.543,0.585	-0.002
0.553,0.508	0.875,0.452	-0.133
0.006,0.004	0.028,0.007	-0.013
0.906,0.857	0.972,0.947	-0.078
0.977,0.99	0.988,0.991	-0.006
1.0,1.0	0.978,1.0	0.011
0.595,0.582	0.574,0.562	0.02
0.524,0.531	0.541,0.414	0.05
0.776,1.0	1.0,1.0	-0.112
0.445,0.498	0.457,0.476	0.005
0.136,0.239	0.0,0.041	0.167
0.94,0.795	1.0,1.0	-0.133
NA,0.429	NA,0.0	0.429
0.257,0.143	0.347,0.189	-0.068
0.712,0.699	0.834,0.779	-0.101
0.073,0.041	0.049,0.052	0.006
0.992,1.0	1.0,1.0	-0.004
0.1,0.102	0.0,0.185	0.009
0.207,0.089	0.217,0.192	-0.057
0.264,0.152	0.472,0.157	-0.106
1.0,1.0	1.0,0.843	0.079
0.976,1.0	1.0,1.0	-0.012
0.939,0.954	1.0,0.93	-0.019
0.976,1.0	0.979,1.0	-0.002
0.94,0.947	0.922,0.965	0.0
0.093,0.621	0.672,0.105	-0.032
0.0,0.057	0.11,0.0	-0.026
0.077,0.097	0.0,0.0	0.087
1.0,1.0	1.0,0.846	0.077
0.924,0.912	0.931,0.942	-0.018
0.679,0.692	0.732,0.642	-0.002
0.0,0.0	0.0,0.044	-0.022
0.858,0.701	0.829,0.753	-0.011
0.876,0.796	0.954,0.955	-0.118
0.832,0.757	0.913,0.933	-0.129
0.094,0.147	0.181,0.178	-0.059
0.244,0.284	0.357,0.312	-0.071
0.995,1.0	1.0,1.0	-0.002
1.0,0.999	0.999,1.0	0.0
0.2,1.0	0.0,NA	0.6
0.037,0.054	0.066,0.055	-0.015
0.032,0.028	0.03,0.029	0.001
0.733,0.917	0.733,0.673	0.122
0.035,0.0	0.0,0.04	-0.002
0.958,0.978	0.963,0.991	-0.009
0.203,0.358	0.297,0.28	-0.008
0.572,0.545	0.753,0.736	-0.186
0.476,0.447	0.547,0.386	-0.005
1.0,1.0	0.986,0.99	0.012
0.837,0.666	0.606,0.458	0.22
0.046,0.224	0.095,0.04	0.068
0.244,0.541	0.593,0.195	-0.002
0.845,0.895	0.881,0.961	-0.051
0.998,1.0	1.0,1.0	-0.001
0.17,0.211	0.352,0.258	-0.114
1.0,0.667	1.0,1.0	-0.166
0.739,0.661	0.653,0.691	0.028
1.0,1.0	0.999,1.0	0.0
0.877,0.94	0.949,0.938	-0.035
0.134,0.045	0.143,0.153	-0.058
0.0,0.008	0.0,0.005	0.002
0.324,0.348	0.356,0.398	-0.041
0.943,0.884	0.85,0.915	0.031
0.917,1.0	1.0,1.0	-0.041
0.09,0.071	0.046,0.128	-0.007
0.075,0.052	0.012,0.068	0.024
0.446,0.49	0.3,0.267	0.184
1.0,0.999	1.0,1.0	-0.0
0.992,0.995	0.989,0.993	0.003
0.83,0.902	0.946,0.966	-0.09
1.0,0.962	1.0,1.0	-0.019
0.418,0.161	0.277,0.247	0.027
0.798,0.862	0.726,0.843	0.046
0.992,0.997	1.0,0.996	-0.004
0.741,0.813	0.784,0.783	-0.007
0.095,0.05	0.074,0.049	0.011
0.086,0.0	0.052,0.097	-0.032
0.954,0.988	0.985,0.969	-0.006
0.047,0.027	0.064,0.037	-0.014
1.0,0.94	1.0,0.911	0.014
0.88,0.89	0.871,0.898	0.0
0.38,0.421	0.498,0.457	-0.077
0.252,0.286	0.365,0.313	-0.07
1.0,0.995	1.0,1.0	-0.002
0.006,0.008	0.0,0.021	-0.004
0.987,0.996	0.995,0.998	-0.005
0.826,0.871	0.897,0.763	0.018
0.828,1.0	1.0,1.0	-0.086
0.054,0.016	0.196,0.13	-0.128
0.767,0.796	0.737,0.704	0.061
0.955,0.955	0.934,0.901	0.037
0.089,0.189	0.0,0.122	0.078
0.291,0.233	0.213,0.158	0.077
0.637,0.657	0.674,0.767	-0.074
0.0,0.001	0.007,0.006	-0.006
0.723,0.722	0.682,0.627	0.068
0.539,0.778	0.609,1.0	-0.146
0.732,0.639	0.744,0.739	-0.056
0.082,0.106	0.0,0.122	0.033
0.135,0.12	0.241,0.195	-0.09
0.0,0.0	0.0,0.022	-0.011
0.182,0.675	NA,0.471	-0.042
0.552,0.561	0.704,0.546	-0.069
0.946,0.913	1.0,0.877	-0.009
0.357,0.267	0.244,0.493	-0.056
0.058,0.231	0.048,0.038	0.102
1.0,1.0	0.937,1.0	0.031
0.031,0.032	0.01,0.047	0.003
0.989,0.998	0.997,0.989	0.001
0.017,0.015	0.045,0.025	-0.019
0.927,0.905	0.976,0.922	-0.033
0.043,0.061	0.078,0.083	-0.029
1.0,0.932	1.0,1.0	-0.034
0.518,0.522	0.601,0.542	-0.051
0.141,0.15	0.108,0.13	0.026
0.959,0.96	0.957,0.94	0.011
0.933,0.926	1.0,0.99	-0.066
0.401,0.411	0.349,0.333	0.065
0.989,1.0	1.0,1.0	-0.006
0.924,0.939	0.934,0.964	-0.018
0.979,0.976	0.919,0.923	0.056
0.987,0.99	0.991,0.985	0.0
0.979,0.962	1.0,1.0	-0.03
0.795,0.782	0.714,0.744	0.059
0.226,0.331	0.658,0.668	-0.385
1.0,1.0	1.0,0.995	0.002
1.0,0.945	1.0,1.0	-0.028
0.081,0.107	0.219,0.296	-0.164
0.954,0.937	0.892,0.952	0.024
1.0,1.0	1.0,0.783	0.109
0.028,0.031	0.0,0.0	0.029
0.971,0.993	1.0,1.0	-0.018
0.985,1.0	1.0,1.0	-0.008
0.726,0.773	0.728,0.691	0.04
0.144,0.182	0.28,0.156	-0.055
0.008,0.011	0.004,0.009	0.003
0.349,0.236	0.066,0.298	0.11
0.968,0.935	0.95,0.937	0.008
0.722,0.958	0.889,0.919	-0.064
0.991,0.986	0.967,0.987	0.011
0.922,0.971	0.908,0.99	-0.003
0.037,0.04	0.034,0.049	-0.003
0.281,0.227	0.218,0.184	0.053
0.466,0.521	0.329,0.329	0.165
0.821,0.698	0.592,0.749	0.089
0.66,0.688	0.829,0.754	-0.118
NA,1.0	0.0,0.0	1.0
0.35,0.23	0.301,0.115	0.082
0.903,0.849	0.9,0.911	-0.029
0.944,0.812	0.902,0.921	-0.033
0.758,0.849	0.797,0.651	0.08
0.914,1.0	0.948,0.836	0.065
0.018,0.019	0.012,0.027	-0.001
0.368,0.66	0.28,0.593	0.078
0.963,0.965	0.951,0.961	0.008
1.0,0.975	1.0,1.0	-0.012
0.93,0.925	1.0,1.0	-0.073
0.092,0.058	0.017,0.04	0.046
0.453,0.349	0.482,0.305	0.008
0.167,0.418	0.62,0.085	-0.06
0.764,1.0	1.0,1.0	-0.118
0.928,1.0	1.0,1.0	-0.036
0.015,0.006	0.082,0.02	-0.041
0.986,1.0	1.0,1.0	-0.007
0.971,0.952	0.961,0.973	-0.005
0.016,0.024	0.023,0.018	-0.0
0.995,0.997	0.997,0.998	-0.002
0.164,0.13	0.11,0.106	0.039
0.793,0.825	0.696,0.731	0.095
1.0,1.0	0.924,0.849	0.113
0.619,0.14	0.448,0.213	0.049
0.0,0.061	0.0,0.0	0.03
0.277,0.0	0.131,0.06	0.043
0.9,0.68	1.0,0.889	-0.154
1.0,1.0	1.0,1.0	0.0
1.0,1.0	0.929,1.0	0.035
0.316,0.481	0.134,0.11	0.276
0.542,0.46	0.189,0.208	0.302
0.027,0.01	0.007,0.009	0.01
0.225,0.221	0.313,0.34	-0.104
0.989,0.967	1.0,1.0	-0.022
0.493,0.66	0.66,0.727	-0.117
0.96,0.943	0.973,0.956	-0.013
0.037,0.034	0.024,0.016	0.016
0.545,0.473	0.667,0.734	-0.192
0.816,0.843	0.905,0.861	-0.054
0.359,0.627	0.456,0.456	0.037
0.895,0.0	1.0,1.0	-0.552
0.985,0.973	1.0,1.0	-0.021
0.878,0.396	1.0,1.0	-0.363
0.984,1.0	0.947,1.0	0.018
0.672,1.0	0.577,1.0	0.048
0.031,0.0	0.0,0.163	-0.066
0.195,0.065	0.172,0.115	-0.013
0.14,0.027	0.0,0.058	0.055
0.269,0.173	0.251,0.338	-0.073
0.079,0.107	0.111,0.08	-0.003
0.973,0.968	0.965,0.973	0.001
1.0,1.0	1.0,1.0	0.0
0.005,0.008	0.012,0.007	-0.003
0.005,0.008	0.012,0.007	-0.003
NA,0.493	NA,0.66	-0.167
0.018,0.015	0.016,0.008	0.005
0.79,0.932	0.868,0.828	0.013
0.889,1.0	1.0,1.0	-0.055
1.0,1.0	NA,0.653	0.347
1.0,0.493	1.0,0.327	0.083
0.507,0.536	0.645,0.61	-0.106
0.252,0.14	0.234,0.17	-0.006
0.228,0.0	0.0,0.307	-0.039
1.0,0.994	0.98,0.944	0.035
0.757,0.358	0.543,0.45	0.061
0.801,0.538	0.693,0.514	0.066
0.618,0.702	0.688,0.597	0.017
0.78,0.776	0.633,0.734	0.095
0.051,0.218	0.0,0.376	-0.053
0.031,0.026	0.027,0.025	0.002
1.0,1.0	1.0,0.986	0.007
0.509,0.403	0.538,0.516	-0.071
0.108,0.357	0.493,0.443	-0.235
0.0,0.026	0.0,0.0	0.013
0.294,0.242	0.324,0.253	-0.02
0.885,0.884	0.85,0.836	0.042
0.0,0.795	0.195,0.593	0.004
0.867,0.878	0.887,0.872	-0.007
0.017,0.016	0.034,0.024	-0.013
0.826,0.657	0.881,0.719	-0.058
0.0,0.0	0.0,0.098	-0.049
1.0,1.0	1.0,0.987	0.006
0.676,0.49	0.62,0.602	-0.028
0.007,0.008	0.0,0.007	0.004
0.368,0.07	0.038,0.136	0.132
0.0,0.0	0.107,0.026	-0.067
0.17,0.217	0.13,0.176	0.041
0.79,0.859	0.86,0.904	-0.057
0.013,0.017	0.034,0.029	-0.017
0.78,0.766	0.795,0.829	-0.039
0.916,0.947	0.946,0.956	-0.019
0.971,0.948	0.613,0.669	0.319
1.0,1.0	1.0,0.558	0.221
0.652,0.681	0.75,0.616	-0.016
0.036,0.065	0.087,0.049	-0.018
0.014,0.014	0.004,0.011	0.007
0.187,0.165	0.193,0.257	-0.049
0.996,1.0	1.0,1.0	-0.002
1.0,1.0	0.884,0.965	0.076
1.0,1.0	1.0,0.951	0.024
0.436,0.439	0.337,0.295	0.121
0.994,1.0	0.994,1.0	0.0
0.327,0.66	1.0,0.0	-0.006
1.0,1.0	0.934,0.915	0.075
0.986,0.931	1.0,1.0	-0.041
0.669,0.768	0.532,0.5	0.203
0.474,0.273	0.091,0.241	0.208
0.377,0.402	0.426,0.257	0.048
0.0,0.0	NA,0.373	-0.373
0.032,0.023	0.012,0.015	0.014
1.0,0.857	1.0,1.0	-0.072
0.593,0.493	1.0,1.0	-0.457
0.008,0.0	0.071,0.0	-0.032
0.062,0.077	0.032,0.0	0.054
0.4,1.0	1.0,0.455	-0.028
0.814,1.0	1.0,0.805	0.004
0.934,0.937	0.835,0.856	0.09
0.994,0.989	0.984,0.969	0.015
0.949,0.891	0.93,0.857	0.026
0.127,0.098	0.064,0.02	0.071
0.011,0.029	0.02,0.017	0.001
0.988,1.0	1.0,1.0	-0.006
0.0,0.0	0.007,0.0	-0.004
0.055,0.036	0.025,0.055	0.005
0.917,0.842	0.831,0.929	-0.001
0.147,0.348	0.193,0.389	-0.044
0.926,0.915	1.0,0.941	-0.05
0.96,0.963	0.94,0.939	0.022
1.0,0.859	1.0,0.938	-0.039
0.741,0.741	1.0,0.607	-0.062
0.951,0.91	1.0,1.0	-0.07
1.0,0.92	0.863,1.0	0.028
0.615,0.534	0.859,0.883	-0.296
0.826,0.851	0.0,1.0	0.339
0.735,0.581	0.866,0.613	-0.082
0.259,0.36	0.034,0.117	0.234
0.374,0.343	0.581,0.414	-0.139
0.011,0.011	0.006,0.017	-0.001
0.995,0.991	0.996,0.988	0.001
0.907,0.933	1.0,0.873	-0.016
0.947,0.818	0.941,1.0	-0.088
0.031,0.031	0.071,0.028	-0.018
1.0,0.921	0.861,0.923	0.069
1.0,0.667	0.806,0.922	-0.031
0.03,0.097	0.422,0.552	-0.423
0.019,0.004	0.02,0.014	-0.006
0.049,0.043	0.327,0.185	-0.21
0.18,0.102	0.17,0.267	-0.078
0.628,0.61	0.815,0.695	-0.136
0.032,0.043	0.01,0.059	0.003
0.012,0.01	0.007,0.013	0.001
1.0,1.0	1.0,0.949	0.026
0.682,0.641	0.626,0.638	0.029
0.136,0.0	0.485,0.0	-0.174
1.0,1.0	NA,0.5	0.5
0.184,0.167	0.376,0.372	-0.199
0.921,0.9	0.898,0.92	0.002
0.951,0.937	0.963,0.944	-0.01
1.0,0.962	1.0,0.974	-0.006
0.91,0.849	0.715,0.777	0.133
1.0,0.973	1.0,1.0	-0.014
0.026,0.041	0.051,0.02	-0.002
0.429,0.548	0.227,0.315	0.218
0.883,0.835	0.856,0.874	-0.006
0.886,0.9	0.983,0.932	-0.065
0.028,0.028	0.056,0.024	-0.012
0.363,0.423	0.41,0.37	0.003
0.0,0.001	0.002,0.0	-0.001
0.981,0.972	0.958,0.991	0.002
0.972,0.915	0.916,0.984	-0.006
0.042,0.028	0.016,0.037	0.009
0.973,0.981	0.976,1.0	-0.011
0.899,0.892	0.948,0.933	-0.045
0.994,1.0	1.0,1.0	-0.003
0.996,0.963	0.958,0.929	0.036
0.596,0.659	0.407,0.793	0.027
0.196,0.268	0.28,0.359	-0.087
0.964,0.964	0.97,0.974	-0.008
0.775,0.786	0.636,0.548	0.188
0.0,0.047	0.029,0.0	0.009
0.682,0.638	0.835,0.828	-0.171
1.0,1.0	1.0,0.97	0.015
0.306,0.567	1.0,0.43	-0.278
0.89,0.925	0.932,0.955	-0.036
0.813,0.827	0.767,0.801	0.036
0.896,0.426	0.786,0.677	-0.071
0.663,1.0	0.377,1.0	0.143
0.254,0.315	0.345,0.324	-0.05
0.053,0.036	0.086,0.053	-0.025
0.022,0.015	0.014,0.012	0.005
0.0,0.206	NA,0.0	0.103
0.476,0.206	0.312,0.645	-0.138
0.776,0.635	NA,1.0	-0.294
0.117,0.127	0.18,0.173	-0.054
0.979,0.96	0.935,0.923	0.04
0.055,0.042	0.062,0.061	-0.013
0.029,0.032	0.019,0.025	0.009
0.668,0.564	0.699,0.636	-0.051
0.91,0.853	1.0,1.0	-0.119
0.978,1.0	1.0,0.972	0.003
0.952,0.908	0.94,0.923	-0.002
0.325,0.405	0.522,0.552	-0.172
0.746,0.859	1.0,0.722	-0.058
0.266,0.181	0.33,0.278	-0.081
0.784,0.924	0.951,1.0	-0.121
0.772,0.717	0.615,0.812	0.031
0.586,0.563	0.184,0.563	0.201
1.0,NA	1.0,0.0	0.5
0.292,0.372	0.35,0.333	-0.01
0.129,0.215	0.136,0.118	0.045
0.179,0.277	0.176,0.189	0.046
0.0,0.013	0.0,0.02	-0.004
0.267,0.209	0.159,0.158	0.079
1.0,0.984	1.0,1.0	-0.008
0.039,0.097	0.106,0.093	-0.032
0.944,0.991	1.0,0.976	-0.02
0.132,0.089	0.334,0.221	-0.167
0.818,0.814	0.876,0.901	-0.073
0.918,0.878	0.852,0.786	0.079
0.738,0.706	0.773,0.631	0.02
0.641,0.657	0.553,0.556	0.095
0.378,0.381	0.374,0.346	0.02
0.966,0.978	0.903,0.967	0.037
0.519,0.618	0.698,0.591	-0.076
0.01,0.025	0.015,0.011	0.005
0.43,0.497	0.36,0.186	0.191
0.032,0.009	0.044,0.014	-0.008
1.0,0.5	1.0,1.0	-0.25
0.464,0.712	0.881,0.684	-0.195
0.0,0.022	0.015,0.029	-0.011
0.742,0.828	1.0,1.0	-0.215
0.719,0.562	0.719,0.567	-0.002
0.283,0.384	0.215,0.387	0.033
0.005,0.003	0.005,0.003	0.0
1.0,0.972	1.0,0.966	0.003
0.998,1.0	0.98,0.994	0.012
0.597,0.616	0.588,0.612	0.007
0.183,0.179	0.166,0.31	-0.057
0.009,0.02	0.045,0.029	-0.022
0.385,0.158	0.0,NA	0.272
0.837,0.835	0.717,0.806	0.074
1.0,NA	NA,0.0	1.0
0.694,0.73	0.623,0.834	-0.016
0.721,0.705	0.936,0.736	-0.123
0.316,0.339	0.482,0.433	-0.13
0.89,0.815	0.654,0.822	0.115
0.982,0.984	0.982,0.991	-0.003
0.931,0.956	0.965,1.0	-0.039
0.36,0.463	0.395,0.336	0.046
0.002,0.013	0.0,0.004	0.005
0.034,0.032	0.032,0.043	-0.004
0.077,0.06	0.028,0.022	0.044
1.0,0.966	1.0,1.0	-0.017
0.85,0.854	0.859,0.852	-0.003
0.949,0.973	1.0,0.957	-0.017
0.521,0.581	0.594,0.55	-0.021
0.028,0.029	0.004,0.018	0.018
0.554,0.591	0.671,0.839	-0.182
0.049,0.035	0.109,0.035	-0.03
0.0,0.759	0.282,0.386	0.046
1.0,1.0	1.0,0.741	0.129
1.0,1.0	1.0,0.991	0.004
0.842,0.843	0.909,0.9	-0.062
0.013,0.045	0.0,0.0	0.029
0.53,0.202	0.226,0.494	0.006
0.095,0.105	0.0,0.0	0.1
0.112,0.113	0.103,0.089	0.017
0.366,0.178	0.525,0.417	-0.199
0.182,0.164	0.154,0.171	0.01
0.931,0.833	0.925,0.923	-0.042
0.97,0.972	0.917,0.971	0.027
0.021,0.011	0.0,0.011	0.011
0.98,1.0	1.0,0.962	0.009
0.539,0.534	0.545,0.569	-0.02
1.0,0.979	1.0,0.953	0.013
1.0,1.0	0.891,0.981	0.064
0.093,0.033	0.0,0.059	0.034
0.936,0.953	0.93,0.926	0.016
0.209,0.228	0.497,0.4	-0.23
0.327,0.088	0.744,0.66	-0.494
0.963,0.97	0.949,0.985	-0.001
0.173,0.065	0.0,0.476	-0.119
0.021,0.122	0.228,0.093	-0.089
0.03,0.04	0.045,0.054	-0.014
0.986,0.995	0.993,0.956	0.016
0.032,0.028	0.049,0.045	-0.017
0.021,0.015	0.003,0.015	0.009
0.978,0.958	0.978,0.995	-0.018
0.364,0.581	0.559,0.458	-0.036
0.021,0.045	0.0,0.006	0.03
0.844,0.838	0.707,0.918	0.028
0.051,0.294	0.43,0.362	-0.224
0.268,0.189	0.128,0.167	0.081
0.614,0.53	0.473,0.435	0.118
0.919,0.905	0.922,0.935	-0.017
0.017,0.033	0.031,0.046	-0.013
0.571,0.429	0.429,1.0	-0.215
0.995,1.0	1.0,1.0	-0.002
0.976,0.947	0.953,0.943	0.014
0.994,0.994	1.0,0.997	-0.004
0.003,0.021	0.0,0.006	0.009
0.984,0.959	1.0,0.968	-0.012
0.592,0.567	0.711,0.705	-0.129
0.78,0.741	0.815,0.75	-0.022
0.811,0.711	0.792,0.713	0.009
0.741,0.628	0.513,0.606	0.125
0.52,0.536	0.245,0.5	0.156
0.048,0.028	0.0,0.026	0.025
0.109,0.154	0.068,0.073	0.061
0.893,0.814	0.867,0.886	-0.023
0.0,0.011	0.0,0.0	0.005
0.663,0.738	0.673,0.624	0.052
0.505,0.573	0.496,0.497	0.042
0.321,0.297	0.278,0.353	-0.007
0.998,0.999	1.0,0.999	-0.001
0.44,0.486	0.481,0.529	-0.042
NA,0.0	1.0,NA	-1.0
0.271,0.0	1.0,0.0	-0.364
0.29,0.45	NA,0.0	0.37
0.528,0.59	0.632,0.515	-0.015
0.034,0.023	0.043,0.052	-0.019
0.012,0.0	0.0,0.0	0.006
NA,1.0	NA,0.0	1.0
0.766,0.789	0.863,0.82	-0.064
0.988,0.984	0.975,0.99	0.004
0.964,1.0	1.0,0.966	-0.001
0.035,0.038	0.032,0.033	0.004
0.959,0.922	1.0,0.786	0.047
0.3,0.291	0.23,0.335	0.013
0.115,0.134	0.081,0.109	0.029
0.443,0.462	0.416,0.376	0.056
0.981,0.983	0.98,0.99	-0.003
0.239,0.739	0.274,0.43	0.137
0.007,0.014	0.0,0.008	0.007
0.592,0.564	0.511,0.517	0.064
0.962,0.951	0.923,0.931	0.029
0.34,0.232	0.129,0.229	0.107
0.888,0.726	NA,0.307	0.5
1.0,0.977	0.969,0.964	0.022
0.0,0.0	0.177,0.0	-0.088
0.45,0.451	0.494,0.441	-0.017
0.291,0.173	0.251,0.151	0.031
0.322,0.0	0.0,0.241	0.041
0.367,0.594	0.533,0.364	0.032
0.97,0.981	0.964,0.983	0.002
0.723,0.352	0.776,0.635	-0.168
0.781,0.829	0.647,0.84	0.061
0.923,0.959	1.0,0.923	-0.02
0.861,0.845	0.791,0.945	-0.015
0.088,0.113	0.125,0.191	-0.057
0.744,0.795	1.0,1.0	-0.23
0.122,0.28	0.493,0.593	-0.342
0.341,0.423	0.532,0.615	-0.192
0.886,0.454	0.0,0.421	0.46
0.294,0.819	0.172,0.327	0.307
0.461,0.378	0.393,0.43	0.008
0.465,0.905	0.178,0.0	0.596
1.0,1.0	1.0,0.992	0.004
0.142,0.167	0.233,0.251	-0.087
0.0,NA	NA,1.0	-1.0
0.71,0.329	0.662,0.466	-0.045
0.307,0.413	0.188,0.191	0.17
0.466,0.458	0.627,0.548	-0.126
0.246,0.324	0.421,0.263	-0.057
0.099,1.0	1.0,0.33	-0.116
0.966,1.0	1.0,1.0	-0.017
0.04,0.06	0.077,0.143	-0.06
1.0,1.0	1.0,0.979	0.01
0.089,0.05	0.067,0.055	0.009
0.0,0.011	0.0,0.031	-0.01
0.998,0.993	0.983,0.987	0.011
1.0,1.0	0.872,0.932	0.098
0.066,0.092	0.0,0.103	0.028
0.156,0.097	0.195,0.18	-0.061
0.582,0.908	0.798,0.656	0.018
0.007,0.037	0.013,0.014	0.008
0.847,0.903	0.259,1.0	0.246
0.036,0.022	0.027,0.027	0.002
0.135,0.133	0.262,0.131	-0.062
0.993,1.0	1.0,1.0	-0.004
0.463,0.585	0.778,0.714	-0.222
0.582,0.406	0.84,0.57	-0.211
0.443,0.695	0.695,0.634	-0.096
0.99,1.0	1.0,1.0	-0.005
0.112,0.079	0.275,0.107	-0.096
0.024,0.02	0.026,0.044	-0.013
0.424,0.378	0.704,0.627	-0.264
1.0,0.992	0.975,1.0	0.008
0.963,0.967	0.978,0.971	-0.009
0.971,0.868	0.653,0.32	0.433
1.0,0.974	1.0,1.0	-0.013
0.045,0.019	0.026,0.01	0.014
0.033,0.0	0.038,0.0	-0.002
0.036,0.064	0.029,0.032	0.02
0.976,0.889	1.0,1.0	-0.068
0.664,0.835	0.733,0.701	0.033
NA,0.0	0.0,1.0	-0.5
0.331,0.348	0.246,0.302	0.066
0.085,0.093	0.07,0.047	0.03
0.348,0.438	0.177,0.325	0.142
0.369,NA	0.467,NA	-0.098
0.917,0.905	0.913,0.893	0.008
0.844,0.893	0.786,0.873	0.039
0.275,0.238	0.227,0.243	0.022
0.981,0.975	0.985,0.983	-0.006
0.897,1.0	0.837,0.918	0.071
0.025,0.02	0.062,0.28	-0.149
NA,0.0	1.0,NA	-1.0
0.786,1.0	0.837,0.737	0.106
0.113,0.078	0.125,0.135	-0.035
0.141,0.113	0.198,0.178	-0.061
0.6,0.625	0.705,0.699	-0.089
0.506,0.51	0.67,0.608	-0.131
0.416,0.419	0.4,0.461	-0.013
0.386,0.402	0.191,0.295	0.151
0.989,1.0	1.0,1.0	-0.006
0.517,0.371	0.176,0.236	0.238
0.087,0.067	0.109,0.043	0.001
0.897,0.965	0.847,0.962	0.027
1.0,1.0	0.949,1.0	0.026
0.014,0.012	0.011,0.019	-0.002
0.009,0.015	0.016,0.006	0.001
0.996,1.0	1.0,1.0	-0.002
1.0,1.0	1.0,0.992	0.004
1.0,0.996	0.991,1.0	0.002
0.016,0.023	0.019,0.025	-0.002
0.964,0.962	0.842,0.914	0.085
0.493,1.0	0.289,0.619	0.292
0.985,0.976	1.0,0.988	-0.014
0.133,0.094	0.298,0.253	-0.162
0.243,0.442	0.833,0.407	-0.277
0.878,0.832	0.851,0.861	-0.001
0.02,0.033	0.018,0.016	0.01
0.848,0.866	0.869,0.805	0.02
0.814,0.742	0.702,0.75	0.052
0.916,0.885	0.856,0.866	0.04
0.989,1.0	1.0,1.0	-0.006
0.097,0.073	0.131,0.093	-0.027
0.082,0.03	0.067,0.04	0.002
0.681,0.592	0.617,0.717	-0.03
0.239,0.206	0.244,0.208	-0.004
0.981,0.977	1.0,0.976	-0.009
0.073,0.091	0.053,0.045	0.033
0.87,0.928	0.943,0.971	-0.058
0.441,0.461	0.471,0.419	0.006
0.96,1.0	1.0,1.0	-0.02
0.785,0.823	0.779,0.775	0.027
0.653,0.509	0.525,0.566	0.035
0.0,0.0	0.0,0.007	-0.004
1.0,1.0	1.0,0.936	0.032
0.755,0.601	0.647,0.648	0.03
1.0,1.0	1.0,0.949	0.026
0.186,0.078	0.618,0.272	-0.313
1.0,0.778	0.467,1.0	0.155
0.841,0.846	0.848,0.841	-0.001
0.045,0.026	0.048,0.085	-0.031
0.996,0.996	1.0,0.996	-0.002
0.047,0.022	0.0,0.037	0.016
0.065,0.049	0.0,0.071	0.022
0.551,0.673	0.674,0.718	-0.084
0.0,0.001	0.002,0.0	-0.001
0.942,0.931	0.872,0.929	0.036
0.292,0.34	0.536,0.623	-0.264
0.844,0.861	0.782,0.792	0.066
0.864,0.902	0.766,0.816	0.092
0.954,0.836	0.853,0.832	0.052
0.91,0.44	1.0,0.865	-0.257
0.86,0.919	1.0,0.91	-0.066
0.057,0.08	0.495,0.092	-0.225
0.968,0.947	0.949,0.936	0.015
0.093,0.027	0.046,0.089	-0.008
0.349,0.471	0.0,0.0	0.41
0.844,0.842	0.918,0.834	-0.033
0.341,0.335	0.194,0.219	0.132
0.906,0.892	0.935,0.923	-0.03
0.444,0.576	0.404,0.317	0.149
0.268,0.142	0.398,0.324	-0.156
0.002,0.004	0.0,0.005	0.001
0.945,0.88	0.915,0.889	0.01
0.509,1.0	NA,1.0	-0.246
0.188,1.0	NA,0.735	-0.141
0.013,0.016	0.0,0.0	0.014
1.0,1.0	0.994,0.995	0.006
0.96,0.836	1.0,0.846	-0.025
0.138,0.04	0.136,0.107	-0.032
0.953,0.994	0.955,0.936	0.028
1.0,1.0	0.998,0.998	0.002
0.981,0.964	0.992,0.977	-0.012
0.883,0.862	0.899,0.892	-0.023
0.158,0.131	0.333,0.167	-0.105
1.0,0.905	1.0,1.0	-0.047
0.25,0.348	0.0,0.0	0.299
1.0,1.0	0.969,1.0	0.016
0.371,0.35	0.0,0.239	0.241
0.011,0.017	0.064,0.043	-0.04
0.999,1.0	0.999,1.0	0.0
1.0,1.0	1.0,1.0	0.0
0.999,1.0	1.0,0.996	0.002
0.091,0.063	0.0,0.045	0.054
0.035,0.033	0.024,0.048	-0.002
NA,0.481	1.0,NA	-0.519
1.0,0.6	1.0,1.0	-0.2
1.0,0.667	1.0,1.0	-0.166
0.826,0.893	0.714,0.907	0.049
0.953,0.946	0.98,1.0	-0.04
0.611,0.593	0.702,0.78	-0.139
0.008,0.016	0.025,0.0	-0.001
0.294,0.2	0.333,0.667	-0.253
1.0,0.999	1.0,0.999	0.0
0.181,0.469	NA,0.399	-0.074
0.998,0.993	0.996,0.995	0.0
0.374,0.417	0.263,0.6	-0.036
0.995,0.992	0.997,0.998	-0.004
0.092,0.045	0.0,0.0	0.069
0.929,0.955	1.0,0.979	-0.048
0.0,0.146	0.059,0.02	0.033
0.0,0.026	0.026,0.016	-0.008
0.653,0.609	0.449,0.53	0.141
0.002,0.003	0.003,0.003	-0.001
0.991,0.978	1.0,0.996	-0.014
1.0,1.0	1.0,0.984	0.008
0.077,0.029	0.036,0.086	-0.008
0.2,0.187	0.261,0.208	-0.041
0.012,0.034	0.026,0.0	0.01
0.953,0.979	0.965,0.948	0.01
0.446,0.475	0.309,0.472	0.07
1.0,0.997	1.0,0.989	0.004
0.773,0.78	0.776,0.621	0.078
0.831,0.839	0.88,0.85	-0.03
0.653,0.573	0.517,0.585	0.062
0.763,0.673	0.852,0.84	-0.128
0.344,0.368	0.727,0.484	-0.249
0.432,0.276	1.0,0.895	-0.594
1.0,0.188	NA,0.0	0.594
1.0,0.985	1.0,0.987	-0.001
0.244,0.199	0.172,0.27	0.001
0.455,0.2	1.0,0.429	-0.387
0.884,0.973	0.862,0.847	0.074
0.903,0.872	0.866,0.85	0.029
0.117,0.141	0.122,0.174	-0.019
0.907,0.888	0.855,0.863	0.038
0.949,0.915	0.967,0.951	-0.027
1.0,0.999	1.0,1.0	-0.0
0.011,0.008	0.012,0.009	-0.001
0.006,0.0	0.0,0.0	0.003
0.052,0.117	0.047,0.066	0.028
0.042,0.015	0.009,0.047	0.001
0.585,0.576	0.421,0.504	0.118
0.197,0.215	0.19,0.239	-0.008
0.029,0.031	0.064,0.047	-0.026
0.471,1.0	0.862,0.766	-0.079
1.0,1.0	0.229,1.0	0.385
0.645,0.573	0.497,0.579	0.071
0.868,0.879	0.785,0.915	0.023
0.449,0.609	0.493,0.616	-0.025
0.462,0.514	0.334,0.407	0.117
0.028,0.034	0.01,0.023	0.014
0.913,0.763	0.837,0.984	-0.072
0.108,0.0	0.0,0.0	0.054
0.018,0.013	0.015,0.017	-0.001
0.871,0.86	1.0,0.856	-0.062
0.045,0.033	0.058,0.076	-0.028
0.011,0.009	0.014,0.017	-0.006
0.977,0.966	0.978,0.965	0.0
0.219,0.389	0.422,0.433	-0.123
0.495,0.504	0.294,0.259	0.223
0.102,0.077	0.149,0.239	-0.105
0.756,0.74	0.736,0.766	-0.003
0.056,0.071	0.056,0.113	-0.021
0.921,0.756	0.914,0.744	0.01
0.656,0.634	0.523,0.468	0.149
0.021,0.032	0.025,0.032	-0.002
0.795,0.799	0.646,0.676	0.136
0.135,0.189	0.064,0.269	-0.005
0.028,0.009	0.004,0.003	0.015
0.752,0.772	0.871,0.8	-0.074
0.546,0.653	0.552,0.6	0.023
0.076,0.344	0.028,0.362	0.015
0.307,0.279	0.278,0.228	0.04
0.651,0.741	0.717,0.656	0.009
0.522,0.526	0.288,0.256	0.252
0.673,0.72	0.748,0.6	0.023
0.995,0.999	0.989,0.99	0.007
0.825,0.611	0.85,0.79	-0.102
1.0,1.0	0.978,0.994	0.014
0.959,1.0	1.0,0.987	-0.014
0.03,0.053	0.0,0.101	-0.009
0.778,0.637	1.0,0.637	-0.111
0.897,0.917	0.903,0.959	-0.024
0.474,0.882	0.6,0.7	0.028
0.022,0.033	0.006,0.019	0.015
0.031,0.033	0.008,0.022	0.017
0.995,0.997	0.998,0.998	-0.002
0.031,0.038	0.017,0.032	0.01
0.012,0.027	0.01,0.039	-0.005
0.212,0.0	0.0,0.0	0.106
0.275,0.318	0.0,0.244	0.174
0.714,0.077	1.0,0.25	-0.23
0.04,0.039	0.04,0.03	0.004
0.984,1.0	1.0,1.0	-0.008
0.252,0.337	0.222,0.28	0.043
1.0,1.0	0.0,1.0	0.5
0.618,0.877	NA,0.327	0.421
0.432,0.588	1.0,0.087	-0.033
0.814,0.94	0.858,0.958	-0.031
0.96,0.952	0.854,0.863	0.097
0.119,0.351	0.16,0.236	0.037
0.929,1.0	1.0,1.0	-0.035
0.105,0.07	0.16,0.033	-0.009
1.0,0.969	1.0,0.957	0.006
0.895,0.819	0.858,0.857	-0.0
0.103,0.13	0.127,0.145	-0.02
0.087,0.179	0.159,0.059	0.024
0.296,0.0	1.0,0.808	-0.756
0.967,0.906	0.96,0.944	-0.015
0.019,0.01	0.022,0.02	-0.006
0.834,0.831	0.847,0.805	0.006
0.154,0.161	0.059,0.146	0.055
0.885,0.95	0.93,0.935	-0.015
0.985,1.0	1.0,0.99	-0.003
0.066,0.034	0.019,0.024	0.029
0.857,1.0	NA,1.0	-0.072
0.954,0.921	1.0,1.0	-0.062
0.077,0.0	0.478,0.092	-0.246
0.733,0.713	0.871,0.9	-0.162
0.982,0.938	1.0,1.0	-0.04
0.861,0.8	0.675,0.786	0.1
0.222,0.265	0.166,0.189	0.066
1.0,0.325	NA,1.0	-0.338
0.977,0.965	1.0,1.0	-0.029
0.607,0.64	0.585,0.568	0.047
0.175,0.559	0.0,0.559	0.087
0.26,0.265	0.371,0.399	-0.122
0.135,0.156	0.097,0.056	0.069
0.978,0.989	1.0,1.0	-0.016
0.991,0.98	0.97,0.98	0.011
0.946,0.877	0.881,0.868	0.037
0.618,0.601	0.547,0.62	0.026
0.572,0.522	0.629,0.694	-0.115
0.082,0.068	0.161,0.266	-0.139
0.971,0.95	0.934,0.975	0.006
0.088,0.0	0.0,0.28	-0.096
0.504,0.634	0.731,0.587	-0.09
0.079,0.035	0.109,0.043	-0.019
0.089,0.12	0.079,0.163	-0.017
0.682,0.686	0.635,0.653	0.04
1.0,1.0	0.988,1.0	0.006
0.078,0.053	0.096,0.044	-0.005
0.077,0.066	0.113,0.141	-0.055
0.336,0.187	0.135,0.296	0.046
0.481,0.587	0.509,0.692	-0.067
0.035,0.142	0.0,0.149	0.014
0.117,0.136	0.114,0.115	0.012
0.965,0.961	0.805,0.948	0.086
1.0,0.969	0.927,0.9	0.071
0.667,0.629	0.546,0.505	0.122
0.011,0.004	0.019,0.012	-0.008
0.982,1.0	1.0,1.0	-0.009
0.915,0.836	0.824,0.806	0.06
0.388,0.369	0.488,0.322	-0.027
0.865,0.839	0.834,0.864	0.003
0.037,0.02	0.06,0.091	-0.047
0.736,0.718	0.696,0.693	0.033
0.121,0.055	0.09,0.106	-0.01
0.901,0.961	1.0,0.94	-0.039
0.981,1.0	1.0,0.97	0.005
1.0,1.0	1.0,0.868	0.066
0.898,0.83	0.833,0.887	0.004
0.833,0.749	0.772,0.826	-0.008
0.228,0.233	0.265,0.239	-0.021
0.481,0.486	0.441,0.486	0.02
0.0,0.009	0.0,0.0	0.004
0.835,0.801	0.674,0.759	0.102
0.6,0.708	0.416,0.526	0.183
0.0,0.493	0.0,0.0	0.246
0.0,0.618	1.0,NA	-0.691
0.544,0.486	1.0,0.557	-0.263
0.0,0.053	0.0,0.056	-0.002
0.913,0.934	0.947,0.977	-0.038
0.252,0.643	0.231,0.351	0.157
0.023,0.025	0.405,0.287	-0.322
0.22,0.221	0.283,0.223	-0.033
0.037,0.028	0.028,0.055	-0.009
0.28,0.244	0.272,0.399	-0.074
0.258,0.291	0.244,0.226	0.039
1.0,0.997	1.0,1.0	-0.002
0.471,0.401	NA,0.889	-0.453
0.956,0.942	0.955,0.943	0.0
0.041,0.064	0.0,0.035	0.035
0.572,0.379	0.463,0.626	-0.069
0.003,0.002	0.015,0.013	-0.011
0.531,0.414	0.79,0.414	-0.129
1.0,0.992	1.0,1.0	-0.004
1.0,1.0	1.0,0.943	0.028
0.35,0.275	0.513,0.49	-0.189
0.895,0.923	0.885,0.877	0.028
0.979,0.985	0.965,1.0	-0.0
0.94,0.926	0.948,0.942	-0.012
0.712,0.735	0.822,0.836	-0.105
0.447,0.457	0.765,0.433	-0.147
0.612,0.661	0.886,0.634	-0.123
1.0,1.0	0.949,0.935	0.058
0.114,0.084	0.063,0.262	-0.064
0.072,0.005	0.023,0.022	0.016
0.923,0.901	0.891,0.88	0.027
0.255,0.296	0.208,0.196	0.073
0.082,0.064	0.064,0.172	-0.045
0.41,1.0	1.0,1.0	-0.295
0.981,0.969	0.955,0.957	0.019
0.054,0.038	0.023,0.068	0.001
0.571,0.489	0.2,0.647	0.107
0.551,0.622	0.644,0.635	-0.053
0.942,0.947	0.857,0.951	0.04
0.735,0.785	0.776,0.779	-0.018
0.573,0.656	0.696,0.66	-0.063
0.288,0.38	0.442,0.43	-0.102
0.941,0.948	0.968,0.966	-0.023
0.196,0.335	0.0,0.198	0.167
0.085,0.068	0.083,0.075	-0.002
1.0,0.94	0.882,1.0	0.029
0.0,0.042	0.0,0.0	0.021
1.0,0.98	1.0,1.0	-0.01
0.997,0.997	0.999,1.0	-0.003
1.0,1.0	1.0,0.998	0.001
0.974,0.973	0.994,0.984	-0.015
0.077,0.13	0.118,0.111	-0.011
0.624,0.669	0.415,0.547	0.166
0.416,0.44	0.526,0.512	-0.091
0.974,1.0	1.0,1.0	-0.013
1.0,0.987	1.0,1.0	-0.006
0.116,0.282	0.0,0.101	0.148
0.556,0.733	0.826,0.794	-0.165
0.987,1.0	1.0,1.0	-0.006
0.028,0.02	0.009,0.033	0.003
0.0,0.025	0.0,0.0	0.013
0.647,1.0	1.0,1.0	-0.176
0.0,0.442	NA,1.0	-0.779
0.724,0.714	0.818,0.8	-0.09
0.01,0.007	0.002,0.015	0.0
0.863,0.763	0.843,0.811	-0.014
0.519,0.664	1.0,0.559	-0.188
0.001,0.0	0.001,0.001	-0.001
0.43,0.379	0.273,0.256	0.14
0.054,0.029	0.107,0.043	-0.033
0.385,0.435	0.369,0.281	0.085
0.943,0.948	0.977,0.954	-0.02
0.891,0.798	0.586,0.909	0.097
0.002,0.006	0.007,0.015	-0.007
1.0,0.978	0.846,0.964	0.084
0.968,0.974	1.0,1.0	-0.029
0.51,0.465	0.566,0.629	-0.11
0.641,0.193	0.13,0.561	0.072
0.181,0.726	NA,0.57	-0.116
0.085,0.102	0.046,0.074	0.034
0.974,0.837	0.947,0.965	-0.05
1.0,0.995	1.0,1.0	-0.002
0.949,0.978	0.971,0.991	-0.017
1.0,0.969	1.0,1.0	-0.016
0.652,0.693	0.559,0.634	0.076
0.0,NA	0.0,0.493	-0.246
0.325,0.294	0.175,0.208	0.118
0.044,0.135	0.0,0.238	-0.029
0.617,0.376	1.0,1.0	-0.504
1.0,1.0	1.0,0.979	0.01
0.046,0.034	0.033,0.039	0.004
0.472,0.449	0.381,0.519	0.011
0.817,0.609	0.728,1.0	-0.151
0.775,0.823	0.815,0.761	0.011
0.395,0.371	0.191,0.213	0.181
0.265,0.107	0.231,0.293	-0.076
0.758,0.806	0.549,0.549	0.233
0.077,0.027	0.038,0.179	-0.057
1.0,1.0	0.905,1.0	0.047
0.954,0.947	0.954,0.926	0.01
0.0,NA	NA,1.0	-1.0
0.89,0.859	0.931,0.918	-0.05
0.753,0.526	0.593,0.744	-0.029
0.405,0.179	0.314,0.636	-0.183
0.169,0.128	0.169,0.345	-0.108
0.977,1.0	1.0,1.0	-0.012
0.865,0.82	0.59,0.743	0.176
0.669,0.686	0.556,0.649	0.075
0.974,0.987	1.0,0.981	-0.01
1.0,0.993	0.894,0.954	0.073
0.988,0.979	0.98,0.987	0.0
0.874,0.817	0.861,0.89	-0.03
0.503,0.542	0.635,0.665	-0.128
0.037,0.0	1.0,0.081	-0.522
0.859,0.774	0.757,1.0	-0.062
0.305,0.229	0.827,0.507	-0.4
0.132,0.0	0.0,0.193	-0.03
0.977,1.0	1.0,0.974	0.001
0.767,1.0	1.0,1.0	-0.117
0.082,0.086	0.097,0.148	-0.039
0.017,0.017	0.009,0.018	0.004
0.147,0.18	0.326,0.357	-0.178
0.175,0.151	0.223,0.179	-0.038
0.499,0.633	0.58,0.642	-0.045
0.0,0.112	0.13,0.141	-0.08
1.0,1.0	0.979,1.0	0.01
0.087,0.0	0.0,1.0	-0.457
0.671,0.579	0.488,0.417	0.172
1.0,1.0	0.895,1.0	0.052
0.493,0.493	0.0,0.139	0.423
0.988,0.974	0.977,0.979	0.003
0.755,0.756	0.784,0.749	-0.011
1.0,1.0	1.0,0.984	0.008
0.046,0.017	0.058,0.005	0.0
0.254,0.316	0.421,0.379	-0.115
0.101,0.113	0.07,0.067	0.039
0.052,0.319	0.0,0.307	0.032
0.027,0.055	0.122,0.118	-0.079
0.021,0.0	0.037,0.0	-0.008
0.697,1.0	0.889,1.0	-0.096
0.697,0.632	0.381,0.51	0.219
0.01,0.019	0.015,0.018	-0.002
0.942,0.94	0.933,0.972	-0.012
0.137,0.099	0.116,0.101	0.009
1.0,0.899	0.952,0.948	-0.0
0.117,0.128	0.189,0.101	-0.023
0.889,0.844	0.712,0.856	0.083
0.923,0.911	1.0,0.911	-0.038
0.749,0.837	1.0,0.81	-0.112
0.772,0.735	0.748,0.725	0.017
0.955,1.0	0.907,1.0	0.024
0.74,0.799	NA,1.0	-0.23
0.0,0.423	0.0,0.0	0.211
1.0,1.0	1.0,0.75	0.125
0.958,0.982	0.969,0.971	0.0
0.065,0.071	0.125,0.097	-0.043
0.651,0.189	1.0,0.483	-0.322
0.996,0.998	0.993,0.996	0.003
0.965,0.886	1.0,0.931	-0.04
0.083,0.226	0.231,0.214	-0.068
0.971,0.962	1.0,1.0	-0.034
0.214,0.172	0.213,0.267	-0.047
0.022,0.032	0.005,0.024	0.012
1.0,1.0	1.0,0.961	0.02
0.556,0.556	0.565,0.632	-0.042
0.808,0.712	0.569,0.854	0.048
0.332,0.359	0.442,0.315	-0.033
0.994,0.997	1.0,1.0	-0.004
0.744,0.327	NA,1.0	-0.465
0.773,0.57	0.829,0.625	-0.055
0.984,0.995	0.995,0.994	-0.005
0.412,0.342	0.375,0.463	-0.042
0.033,0.025	0.029,0.017	0.006
0.112,0.212	0.192,0.069	0.032
0.114,0.066	0.125,0.144	-0.045
0.811,0.967	0.932,0.909	-0.032
0.01,0.005	0.012,0.001	0.001
0.531,0.765	0.796,0.78	-0.14
0.292,0.299	0.222,0.289	0.04
1.0,0.98	0.957,1.0	0.012
0.075,0.035	0.081,0.111	-0.041
0.968,0.989	0.966,0.96	0.015
0.941,0.934	1.0,0.99	-0.057
1.0,0.988	1.0,1.0	-0.006
0.64,0.744	0.936,0.704	-0.128
0.252,0.245	0.292,0.239	-0.017
NA,0.66	NA,1.0	-0.34
0.022,0.135	0.0,0.014	0.071
0.39,0.406	0.487,0.448	-0.07
0.01,0.024	0.035,0.016	-0.009
0.117,0.061	0.105,0.126	-0.026
0.132,0.162	0.109,0.168	0.009
0.989,1.0	1.0,1.0	-0.006
0.101,0.109	0.022,0.076	0.056
0.059,0.101	0.277,0.041	-0.079
0.409,0.47	0.591,0.606	-0.159
0.137,0.155	0.102,0.137	0.027
0.043,0.107	0.087,0.133	-0.035
0.268,0.385	0.407,0.412	-0.083
0.019,0.011	0.01,0.014	0.003
0.926,0.91	0.874,0.881	0.041
0.864,0.839	0.881,0.881	-0.03
0.989,0.981	0.949,1.0	0.011
0.346,0.244	0.773,0.244	-0.213
0.045,0.245	0.122,0.161	0.003
0.978,0.984	1.0,0.99	-0.014
0.054,0.122	0.126,0.069	-0.01
0.0,0.0	0.088,0.0	-0.044
1.0,1.0	1.0,0.989	0.006
0.959,0.959	1.0,1.0	-0.041
1.0,0.999	1.0,0.999	0.0
0.02,0.031	0.016,0.022	0.007
0.399,0.405	0.356,0.26	0.094
1.0,0.933	1.0,1.0	-0.033
0.984,1.0	1.0,1.0	-0.008
0.102,0.165	0.255,0.251	-0.119
0.945,0.979	0.97,0.971	-0.008
0.987,1.0	1.0,1.0	-0.006
1.0,1.0	1.0,0.885	0.057
0.557,0.574	0.442,0.761	-0.036
0.209,0.271	0.148,0.188	0.072
0.197,0.013	0.105,0.033	0.036
0.079,0.125	0.262,0.315	-0.186
0.0,0.0	0.0,0.29	-0.145
0.0,0.061	0.067,0.042	-0.024
0.124,0.417	0.377,0.096	0.034
0.991,0.973	0.945,0.908	0.055
1.0,1.0	1.0,0.951	0.024
0.968,0.98	0.971,1.0	-0.012
0.997,0.997	0.997,1.0	-0.001
0.999,1.0	1.0,0.999	0.0
1.0,1.0	1.0,0.998	0.001
0.959,0.987	1.0,0.974	-0.014
0.998,1.0	1.0,0.998	0.0
1.0,1.0	1.0,0.997	0.002
1.0,1.0	1.0,0.996	0.002
0.907,0.917	0.905,0.899	0.01
0.965,0.963	0.947,0.967	0.007
0.785,0.795	0.823,0.765	-0.004
0.879,0.692	0.818,0.842	-0.044
0.19,0.198	0.475,0.461	-0.274
0.098,0.077	0.046,0.033	0.048
0.999,1.0	1.0,1.0	-0.0
0.0,0.303	0.0,0.16	0.071
0.005,0.0	0.0,0.006	-0.001
0.845,0.695	0.739,0.683	0.059
0.06,0.01	0.047,0.088	-0.033
0.979,0.987	0.952,0.986	0.014
0.041,0.024	0.022,0.024	0.01
0.036,0.108	0.0,0.0	0.072
0.0,0.0	0.0,0.167	-0.084
0.091,0.148	0.22,0.28	-0.131
0.99,0.989	0.981,0.983	0.008
0.222,0.134	0.151,0.182	0.012
0.977,0.893	1.0,0.819	0.026
0.543,0.333	0.276,0.334	0.133
1.0,0.995	0.991,0.995	0.005
0.039,0.027	0.055,0.026	-0.007
0.915,1.0	1.0,0.868	0.024
