ID	IJC_SAMPLE_1	SJC_SAMPLE_1	IJC_SAMPLE_2	SJC_SAMPLE_2	IncFormLen	SkipFormLen
3	161,157	0,0	89,157	0,2	291	149
4	1,3	180,233	5,0	132,171	230	149
5	0,5	1,5	5,10	2,7	208	149
8	3,2	24,28	0,0	7,21	200	149
9	69,127	18,20	77,109	8,21	184	149
10	62,101	1,0	60,78	0,0	184	149
11	1,0	234,257	6,10	132,208	298	149
12	8,3	707,1039	1,1	630,1036	156	149
15	231,342	0,2	239,358	0,5	283	149
16	15,15	2,1	0,4	0,1	298	149
17	7,6	15,11	1,11	7,9	242	149
18	5,7	10,16	4,11	10,23	298	149
20	1,2	10,16	0,6	10,23	184	149
21	63,43	2,0	28,64	0,1	155	149
22	5,7	74,63	2,5	43,87	298	149
23	188,271	28,17	185,234	27,57	170	149
24	21,26	28,17	23,48	27,57	236	149
25	4,0	171,245	5,13	167,199	215	149
26	82,101	3,4	49,88	0,2	298	149
27	8,9	0,4	4,16	1,1	153	149
28	99,85	0,0	60,85	0,1	152	149
29	1,0	107,73	0,0	69,61	293	149
31	208,188	1,1	67,102	0,0	298	149
32	860,918	4,6	670,950	0,0	161	149
33	5,20	35,41	6,10	28,56	179	149
34	4,11	245,382	1,1	158,267	298	149
35	12,35	277,383	21,32	178,283	188	149
36	5,1	63,89	7,8	43,61	298	149
37	0,2	191,236	1,10	157,220	298	149
38	0,1	34,19	0,4	7,17	161	149
39	137,198	7,16	102,167	6,17	298	149
40	3,2	382,476	4,6	313,467	188	149
41	75,67	6,0	22,36	0,7	268	149
42	192,179	6,9	164,194	3,7	161	149
43	39,40	0,2	19,55	0,0	155	149
44	18,31	260,408	17,37	283,380	298	149
45	11,8	277,260	7,8	138,238	177	149
46	63,83	230,200	50,91	120,160	298	149
47	3,8	194,315	0,10	205,374	157	149
48	4,3	3,0	3,5	1,2	298	149
50	121,198	0,2	99,164	0,0	298	149
51	115,100	4,0	88,149	0,0	167	149
54	110,105	0,0	80,105	3,1	170	149
55	114,163	4,5	101,153	0,2	298	149
56	31,28	108,98	17,52	68,120	268	149
57	267,273	3,9	205,321	25,25	298	149
58	10,5	244,308	2,0	149,186	298	149
59	302,368	0,2	277,369	0,4	157	149
60	3,1	237,306	3,3	205,338	151	149
61	21,14	69,55	6,12	50,89	204	149
62	12,8	11,13	3,5	10,21	204	149
63	1,0	313,312	0,1	255,391	298	149
64	14,24	1,4	12,6	2,7	169	149
65	18,30	4,3	10,17	0,0	153	149
66	19,34	16,20	0,10	16,46	161	149
67	20,57	4,1	13,22	0,0	190	149
68	53,97	196,336	7,15	177,312	167	149
69	7,12	295,479	5,5	223,397	157	149
70	14,23	91,141	8,14	68,95	298	149
71	4,21	20,26	2,7	11,10	233	149
73	15,13	3,10	11,10	2,2	298	149
74	20,46	4,7	18,46	0,2	298	149
75	35,83	4,7	48,66	0,2	298	149
78	51,76	8,9	27,41	5,13	298	149
79	18,19	993,1101	20,37	601,1049	153	149
80	2,5	31,71	4,8	27,39	177	149
81	34,73	16,39	27,42	18,29	278	149
82	0,2	12,20	0,3	11,8	177	149
83	509,587	1,0	270,537	0,0	298	149
84	1,3	2,0	0,0	5,8	181	149
86	267,387	0,1	209,314	0,0	298	149
87	11,23	1685,2189	17,26	1560,2504	153	149
88	499,622	2,15	429,755	1,0	298	149
89	18,33	987,1364	23,49	811,1349	152	149
91	23,37	227,298	10,14	196,274	298	149
92	4,0	8,9	2,0	1,1	167	149
93	13,5	8,9	16,17	1,1	209	149
95	155,201	0,4	174,330	0,0	189	149
96	163,233	3,3	184,257	0,3	298	149
98	0,0	43,22	0,3	20,26	154	149
99	10,6	2,2	0,2	2,3	298	149
100	4,9	46,78	0,0	40,44	155	149
101	0,9	20,17	0,3	24,42	175	149
102	141,176	2,0	128,208	0,0	298	149
103	11,21	100,158	10,20	97,282	206	149
104	1,2	85,108	0,2	77,152	242	149
105	106,129	1,2	72,77	6,0	191	149
107	107,140	0,3	86,156	2,0	271	149
108	169,221	6,4	161,251	0,3	272	149
109	13,23	574,747	24,21	494,711	298	149
110	267,324	19,5	184,189	12,9	298	149
111	6,8	37,44	1,4	56,60	169	149
113	1007,1493	5,11	938,1363	2,7	176	149
114	5,2	2,4	2,8	15,32	171	149
115	2,1	33,34	2,13	29,58	298	149
116	9,12	152,192	9,20	107,196	154	149
117	143,397	1,0	121,283	1,4	251	149
118	8,15	1038,1219	4,4	705,962	298	149
119	12,32	1,3	30,14	1,0	298	149
120	4,3	11,24	0,2	14,14	165	149
122	8,12	35,12	6,9	2,10	165	149
123	2,0	43,34	0,0	19,26	231	149
124	2,1	490,603	0,7	323,504	182	149
125	4,6	471,562	7,8	337,516	298	149
126	124,139	5,7	183,263	3,8	297	149
127	10,9	633,924	9,23	1089,1665	153	149
128	67,51	1,4	24,30	4,9	298	149
129	178,223	1,0	115,205	0,0	174	149
130	1195,1577	5,1	943,1557	19,12	155	149
131	113,143	0,0	126,215	0,2	199	149
132	43,63	1,1	31,52	8,7	163	149
133	4,7	37,25	6,4	19,23	160	149
134	27,39	13,5	31,44	3,4	152	149
135	45,36	30,24	36,61	42,56	298	149
137	2,5	314,349	2,1	253,375	298	149
138	10,21	110,141	10,8	63,99	285	149
139	178,185	2,5	138,181	6,6	153	149
142	0,0	12,13	0,2	19,16	245	149
145	2,1	125,119	0,12	96,134	298	149
146	129,113	30,31	29,59	65,97	214	149
147	3,3	67,95	5,11	33,40	298	149
149	20,18	90,85	10,20	66,103	249	149
150	18,33	124,179	4,6	214,284	158	149
152	1,4	18,22	3,1	7,22	298	149
153	35,47	11,29	53,70	25,35	298	149
154	8,8	452,504	0,4	295,358	298	149
155	9,9	559,717	1,8	434,704	180	149
156	1,1	73,103	0,0	68,82	298	149
157	40,34	86,93	0,2	57,88	298	149
158	5,4	2,4	0,7	1,10	298	149
160	140,220	44,98	32,58	61,97	173	149
161	4,5	1521,1561	2,3	1315,1875	298	149
163	1184,1475	4,7	812,1370	0,0	258	149
164	35,16	17,6	33,41	3,19	230	149
165	6,5	0,2	6,4	1,0	177	149
167	193,291	68,87	223,348	32,57	298	149
169	7,6	1,0	2,4	4,3	243	149
170	3,4	585,654	5,5	500,604	298	149
171	3,4	585,654	9,6	500,604	298	149
172	19,6	12,6	12,13	5,5	298	149
173	4,3	0,0	2,4	2,4	191	149
174	154,154	22,44	96,120	15,41	159	149
175	4,8	1,0	7,6	0,0	159	149
177	94,161	32,70	147,207	90,118	175	149
178	215,269	2,1	137,257	0,6	298	149
180	81,90	7,27	82,83	4,4	161	149
181	67,97	7,12	52,91	6,6	169	149
182	395,517	8,0	665,1083	1,3	298	149
184	2,0	1,1	6,13	0,3	253	149
185	6,16	32,32	1,6	11,10	161	149
186	3,6	0,1	6,5	0,0	298	149
187	5,5	0,1	3,1	1,0	172	149
188	3,11	4,12	2,3	5,4	154	149
189	80,86	28,30	41,79	32,46	298	149
190	84,93	28,30	46,83	32,46	298	149
191	0,0	228,286	2,1	144,258	194	149
194	138,125	35,33	89,161	1,16	171	149
196	7116,6017	146,125	4205,6685	90,137	251	149
198	16,16	281,359	24,29	187,265	168	149
199	22,29	82,116	42,37	112,142	225	149
200	287,372	82,116	205,273	112,142	206	149
201	13,23	34,30	13,30	3,6	163	149
203	17,18	120,141	2,19	113,147	187	149
204	23,19	405,461	9,20	345,496	298	149
205	15,27	478,543	7,24	384,657	152	149
206	11,30	2,10	24,29	13,30	298	149
207	20,35	5406,8177	33,29	4652,7625	298	149
208	66,54	12,12	37,72	10,8	206	149
209	129,120	12,12	77,163	10,8	260	149
210	79,78	15,11	50,103	8,12	203	149
211	18,26	1,0	14,34	2,0	298	149
212	68,57	49,47	21,46	39,71	170	149
213	305,367	25,22	146,259	16,17	298	149
214	293,364	25,22	169,285	16,17	278	149
215	83,102	1,1	88,89	2,1	166	149
216	23,23	21,21	15,15	7,10	164	149
217	9,15	3,1	4,10	0,2	298	149
219	146,241	85,105	112,167	67,134	264	149
220	121,195	282,352	41,80	281,572	182	149
221	3,8	1,0	2,3	2,1	217	149
223	2,7	31,54	3,0	23,66	154	149
224	13,24	57,70	14,23	39,50	179	149
225	7,19	88,103	6,5	56,76	177	149
226	71,75	251,220	6,19	180,253	194	149
227	66,65	359,317	9,24	228,415	194	149
228	269,293	27,16	172,270	21,18	162	149
229	4,14	246,322	0,10	318,441	153	149
230	3,1	0,1	0,4	3,0	153	149
231	6,13	0,0	2,4	3,4	153	149
232	113,127	1,3	105,127	1,1	151	149
233	2,6	0,4	9,7	8,1	296	149
235	66,63	174,191	87,135	93,117	157	149
236	93,138	9,9	93,157	18,42	298	149
237	14,20	11,15	14,26	3,3	153	149
238	382,663	2,2	343,547	0,1	179	149
239	18,11	13,24	13,19	28,24	164	149
240	8,6	0,0	3,5	0,6	153	149
244	1,4	13,18	1,1	11,15	298	149
245	33,44	15,20	13,32	5,17	154	149
246	4,8	0,0	0,0	0,1	154	149
247	30,35	397,450	62,111	239,331	160	149
249	5,3	34,76	1,2	160,240	163	149
250	2,8	145,247	1,3	110,223	298	149
251	2,1	109,137	0,0	67,98	298	149
253	70,56	1,0	53,120	0,0	174	149
254	20,10	187,260	8,9	151,201	289	149
255	16,12	303,314	11,5	235,282	298	149
256	2,2	303,314	0,5	235,282	298	149
257	0,4	14,10	2,9	11,4	225	149
258	260,359	0,0	262,338	1,5	298	149
260	2,0	317,322	1,1	207,390	176	149
261	21,22	0,1	19,27	2,2	204	149
262	0,1	8,2	0,0	4,5	155	149
263	21,20	51,65	18,50	45,60	298	149
264	0,0	4,5	0,1	2,1	298	149
269	6,1	183,152	7,0	72,124	298	149
271	105,103	79,92	67,67	88,136	298	149
272	387,503	0,0	290,453	0,2	298	149
273	32,22	287,339	22,40	276,426	173	149
274	6,10	0,2	1,5	1,2	298	149
275	13,14	116,106	2,6	57,97	298	149
276	18,33	218,304	4,10	147,232	166	149
277	324,459	0,2	224,393	0,0	209	149
278	2,3	25,39	0,4	14,21	298	149
279	317,330	841,923	252,359	447,745	298	149
280	11,5	2,0	0,7	0,0	155	149
282	97,110	16,8	88,147	20,26	199	149
283	68,82	320,448	58,79	210,345	298	149
284	215,303	0,0	185,252	0,1	298	149
286	1,1	71,102	0,0	73,121	164	149
287	32,75	1,0	20,43	0,2	207	149
288	5,1	56,52	1,3	14,52	288	149
289	65,98	0,0	90,78	1,0	298	149
290	12,8	6,3	3,17	3,3	298	149
291	61,89	0,1	49,85	0,0	294	149
292	49,68	11,14	44,86	2,9	298	149
293	12,20	11,14	5,21	2,9	298	149
294	17,37	38,60	8,32	41,69	298	149
295	14,9	11,14	4,19	2,9	298	149
296	11,10	38,60	2,12	41,69	206	149
297	22,36	3,1	9,27	1,2	298	149
301	8,15	38,50	3,0	39,59	212	149
302	1,1	2,3	1,0	2,4	153	149
304	10,9	273,243	5,10	171,266	298	149
307	366,350	8,7	274,366	6,9	298	149
308	8,12	2,0	11,3	0,0	172	149
309	1,1	1,3	0,0	0,8	153	149
310	0,0	56,51	1,0	22,42	197	149
313	5,17	49,54	6,7	27,36	298	149
315	5,17	49,54	6,7	27,36	298	149
316	1,12	49,54	4,4	27,36	228	149
317	2,12	2,3	4,1	0,0	231	149
318	17,12	1270,1583	3,11	867,1492	298	149
320	563,753	6,3	363,505	3,1	298	149
321	4,11	275,420	6,8	163,248	298	149
323	106,169	677,718	75,94	376,531	175	149
325	10,7	49,58	7,2	49,65	298	149
326	11,11	111,145	4,12	94,119	180	149
327	64,92	0,0	42,69	2,0	258	149
328	3,6	219,272	3,1	211,274	164	149
329	566,767	11,19	435,714	8,15	153	149
330	7,10	58,46	10,27	27,56	259	149
332	271,346	11,19	266,371	13,8	298	149
333	16,28	12,34	8,39	10,42	153	149
334	208,315	35,30	208,313	20,26	298	149
335	13,18	5,1	10,7	1,0	180	149
337	6,12	90,107	5,1	40,96	298	149
340	333,361	15,32	266,324	56,49	171	149
341	1,3	1764,2433	0,2	1402,2087	298	149
342	32,46	97,131	26,43	86,87	298	149
343	0,2	0,0	0,0	0,1	172	149
344	36,70	315,345	32,71	195,349	180	149
345	375,473	7,7	213,423	1,5	298	149
346	45,37	17,23	39,74	35,84	298	149
348	10,9	104,87	13,16	85,127	154	149
349	326,536	36,43	278,457	48,83	202	149
350	76,102	7,16	44,98	4,11	298	149
351	15,25	100,106	13,22	53,68	195	149
352	165,266	316,474	223,381	267,368	298	149
353	0,4	2,6	0,0	3,0	269	149
354	425,513	26,34	286,425	17,7	181	149
356	12,6	0,0	13,18	2,0	298	149
357	181,197	8,5	121,194	5,7	298	149
358	19,14	5,11	5,15	8,10	298	149
359	3,8	128,110	43,37	43,75	160	149
361	3,1	7,2	1,0	2,17	168	149
362	14,32	73,113	8,13	52,72	157	149
363	5,6	52,51	2,10	57,76	207	149
364	1522,2202	0,0	1517,2059	2,0	248	149
365	138,202	974,1137	128,211	688,1137	298	149
368	8,9	35,21	7,6	27,39	298	149
369	17,29	85,79	15,31	48,62	161	149
370	2,1	33,58	1,1	28,41	293	149
371	0,6	0,3	4,9	0,2	298	149
372	1,6	19,18	6,4	6,11	298	149
373	1,1	6,4	0,0	2,3	154	149
374	662,875	0,4	473,784	2,8	298	149
377	0,5	919,1151	1,6	711,985	182	149
380	5,11	0,2	6,15	2,5	168	149
381	10,14	0,2	14,27	1,6	298	149
382	64,81	1,10	47,80	6,16	166	149
383	3,1	26,16	1,1	17,17	224	149
384	29,33	13,17	12,24	17,18	298	149
385	2,0	29,30	1,5	21,29	154	149
386	9,12	0,1	8,20	2,1	293	149
387	1,1	5,3	0,0	5,11	164	149
388	1035,1293	19,16	795,1218	5,6	194	149
389	12,5	47,42	1,11	60,73	220	149
390	323,394	0,2	233,341	0,0	298	149
391	376,485	6,2	338,512	5,11	194	149
392	2,4	182,237	13,16	82,139	298	149
393	1,9	958,1107	4,0	658,1048	257	149
395	57,35	0,1	22,63	3,10	164	149
397	156,167	24,36	168,264	8,35	227	149
398	151,157	0,1	131,223	0,0	227	149
399	6,9	0,1	5,7	1,0	205	149
400	58,91	342,368	34,53	256,402	298	149
402	434,464	24,21	300,438	21,26	192	149
403	129,158	186,212	118,197	32,55	153	149
404	31,37	76,80	12,11	63,92	298	149
406	44,83	350,497	21,55	277,470	298	149
407	0,1	10,9	5,11	7,7	161	149
408	405,390	48,59	133,210	173,277	155	149
409	236,219	8,13	26,46	19,42	180	149
410	268,280	0,1	147,299	0,0	297	149
411	72,66	5,0	47,44	0,1	298	149
413	251,318	0,5	139,266	5,7	158	149
415	22,7	199,201	6,12	141,207	298	149
416	16,15	248,284	8,13	208,363	298	149
417	2,0	10,5	0,0	1,3	153	149
418	0,0	1315,1661	2,6	1232,1899	153	149
419	60,134	56,118	110,152	29,99	170	149
421	2,6	8,17	5,0	13,9	233	149
422	356,480	443,583	264,417	362,505	152	149
424	15,4	134,118	3,11	73,104	298	149
425	27,48	123,198	59,62	69,131	178	149
426	197,216	0,2	154,227	3,3	244	149
427	12,29	529,548	6,12	378,594	298	149
428	58,62	1,0	32,44	0,0	151	149
430	342,408	0,0	345,414	1,3	298	149
431	160,207	11,19	84,127	2,3	176	149
432	7,7	151,167	8,6	134,253	167	149
434	2,0	56,104	1,2	57,77	298	149
435	374,393	60,53	342,626	26,44	241	149
436	24,41	621,1008	19,25	457,776	298	149
437	719,1150	4,2	516,855	0,0	298	149
438	184,227	43,36	192,270	20,45	208	149
440	23,21	2,2	28,34	0,0	188	149
441	25,15	1383,1663	18,28	1385,1771	153	149
442	3,7	972,1081	22,25	699,1055	298	149
443	1628,1712	0,1	1316,1964	4,12	152	149
444	187,191	0,1	112,153	0,0	298	149
445	196,267	20,28	167,313	7,18	298	149
446	60,83	2,10	29,81	1,1	215	149
447	46,84	0,0	27,75	0,1	152	149
448	7,13	434,541	9,8	284,510	298	149
449	0,3	121,155	0,1	78,87	298	149
450	27,38	0,2	28,28	0,0	298	149
451	239,279	137,135	424,679	530,983	152	149
452	5,3	285,373	1,3	158,346	298	149
454	666,788	3,6	724,989	2,4	153	149
455	35,40	375,445	21,23	277,455	298	149
456	573,652	0,0	389,654	0,2	298	149
457	43,54	11369,10833	39,97	7415,11539	212	149
458	3835,4095	4,4	2404,3968	4,4	185	149
459	51,44	0,3	35,57	0,0	298	149
460	59,132	0,0	49,63	1,0	281	149
461	174,315	231,301	143,209	157,306	152	149
462	0,1	1348,1475	1,0	1106,1815	197	149
463	614,832	1947,2643	359,546	1897,2894	152	149
464	18,28	1230,1642	5,22	880,1538	172	149
465	147,168	0,2	108,175	0,0	252	149
466	104,106	0,2	86,147	0,0	298	149
467	123,140	146,168	99,180	108,175	298	149
469	16,22	23,18	21,30	20,28	203	149
471	130,163	0,1	88,161	0,0	298	149
472	2,0	11264,11912	5,10	13673,21316	153	149
474	13,15	5,1	23,30	1,2	298	149
476	109,139	9,8	64,146	13,10	298	149
477	93,138	1,0	61,115	0,3	298	149
478	19,26	36,61	4,9	24,38	172	149
481	9,10	0,0	11,14	0,1	298	149
484	0,2	0,0	0,0	0,2	164	149
485	10,5	2156,2554	3,5	1467,2279	298	149
488	0,4	81,109	0,1	55,103	154	149
490	66,77	115,165	45,65	72,98	298	149
491	9,6	1,3	2,2	0,3	223	149
492	10,5	6,5	6,19	0,0	209	149
493	7,4	155,157	6,15	127,115	173	149
494	16,15	15,15	2,22	5,25	298	149
495	13,11	0,0	1,19	0,2	298	149
496	17,16	0,0	5,26	0,2	219	149
498	80,85	26,36	16,48	35,41	164	149
500	5046,7991	5,9	4911,7502	6,4	167	149
501	2354,3993	102,139	2477,3671	61,143	167	149
502	2350,3987	7,11	2467,3663	10,15	167	149
503	2744,4594	7,11	2804,4266	10,15	188	149
504	395,611	1,4	340,610	3,7	170	149
505	2350,3984	5,6	2466,3657	4,6	167	149
506	3109,5109	5,6	3147,4986	4,6	188	149
507	760,1126	1,1	683,1330	2,1	170	149
508	111,202	1453,2112	29,46	1073,1676	162	149
509	64,97	143,236	27,49	221,390	162	149
510	10,8	240,322	6,2	204,259	298	149
511	72,121	134,173	32,59	160,312	170	149
512	389,499	5,2	345,493	2,8	189	149
513	11,12	243,286	12,22	301,454	161	149
514	0,2	47,57	2,2	29,62	298	149
517	17,29	23,48	10,20	13,35	298	149
518	11,23	9,25	10,20	0,11	154	149
520	2,0	0,0	0,4	0,4	173	149
523	379,491	6,12	306,439	1,2	163	149
524	574,734	17,12	429,661	0,1	176	149
525	10,2	9,20	7,10	7,14	196	149
526	353,421	0,0	194,256	0,2	298	149
527	51,38	67,93	36,53	25,50	179	149
528	6,12	194,209	65,99	62,89	153	149
529	44,47	47,64	16,49	23,34	298	149
530	11,6	38,45	6,5	16,49	219	149
532	277,254	2,2	241,367	5,21	153	149
534	1,0	14,10	0,0	2,19	153	149
535	0,1	6,21	0,0	7,20	298	149
536	0,1	0,0	0,0	0,1	298	149
537	155,164	1,0	96,155	0,0	298	149
538	7,10	74,114	5,3	39,81	298	149
539	12,13	0,1	26,45	0,0	298	149
541	4,5	195,184	0,0	130,176	268	149
542	370,404	30,27	253,365	16,23	153	149
544	1,3	6,3	2,0	0,0	212	149
546	57,53	360,482	22,49	288,508	298	149
547	7,17	394,433	9,11	359,498	153	149
548	906,854	0,0	422,689	4,5	173	149
549	769,899	53,58	594,963	6,14	179	149
550	1035,1321	14,19	718,1174	5,10	298	149
551	106,116	8,3	70,98	0,2	229	149
554	1,0	1,4	0,1	0,1	160	149
556	8,10	40,39	20,39	8,10	167	149
557	90,70	1,2	20,50	0,0	253	149
558	96,175	27,73	80,115	50,69	209	149
559	60,67	23,28	21,54	6,8	169	149
560	21,28	23,28	21,48	6,8	194	149
561	12,6	51,45	12,27	12,33	174	149
562	7,3	268,285	0,1	204,329	152	149
564	122,125	94,112	49,75	115,155	298	149
566	16,33	15,35	3,6	54,100	172	149
567	27,11	12,8	8,6	5,8	298	149
568	11,21	12,8	33,31	5,8	298	149
569	8,17	24,7	27,28	2,2	154	149
570	3,5	59,137	2,0	69,72	152	149
571	20,3	45,48	6,4	13,20	161	149
572	4,0	171,200	2,4	121,185	298	149
575	40,49	0,1	29,55	0,0	279	149
577	10,9	0,2	2,9	1,0	298	149
578	9,10	87,75	2,9	41,72	298	149
579	17,14	140,166	0,2	74,135	164	149
581	5,3	112,120	1,5	27,38	153	149
582	84,100	124,162	33,46	118,191	167	149
583	54,52	0,0	40,66	0,1	250	149
584	15,14	41,63	10,27	9,33	174	149
585	177,200	8,17	163,288	5,13	271	149
586	2,2	93,144	0,11	98,137	298	149
588	7,2	0,4	0,2	1,14	160	149
589	10,11	64,107	26,38	40,101	286	149
591	166,190	9,5	167,280	3,8	180	149
592	2,0	17,17	0,0	26,15	161	149
593	2,5	1,2	5,2	7,7	160	149
594	2,5	3,4	5,3	0,1	176	149
595	1,2	3,4	7,8	0,1	165	149
596	19,23	732,943	4,8	390,753	298	149
597	10,19	30,57	16,1	38,28	298	149
598	31,66	10,23	17,24	19,16	168	149
599	7,9	10,23	1,7	19,16	177	149
600	3,4	27,61	0,1	16,18	158	149
601	0,1	105,109	1,4	44,128	170	149
602	163,257	2,0	135,205	0,0	298	149
603	13,29	144,179	26,63	92,133	167	149
604	29,35	1,6	19,19	2,1	298	149
605	37,41	1,1	28,46	4,2	172	149
606	188,208	1,6	122,140	4,1	240	149
607	12,11	0,0	15,19	1,0	262	149
608	98,119	3,6	50,99	4,2	162	149
610	1,0	9,10	1,0	7,4	298	149
611	106,158	40,43	107,175	11,18	153	149
612	1,0	164,172	1,1	139,177	153	149
613	1,0	39,19	0,0	8,18	298	149
614	44,44	2,6	17,32	0,2	298	149
615	0,0	48,55	1,4	31,57	298	149
616	17,15	447,609	15,18	432,618	166	149
618	4,18	988,1315	14,17	1080,1790	298	149
619	2,0	167,196	0,0	165,199	153	149
620	0,1	0,2	2,0	0,0	153	149
621	0,5	73,114	4,0	50,93	152	149
622	48,68	11,13	34,82	3,5	165	149
623	10,12	0,0	12,19	0,1	216	149
625	64,98	118,153	39,49	64,93	196	149
626	0,1	0,0	1,8	0,1	153	149
628	85,113	0,6	66,88	0,0	165	149
629	1348,1798	0,0	1014,1357	0,2	298	149
630	11,17	7,4	10,14	21,9	298	149
631	60,81	151,181	84,103	131,157	298	149
632	13,23	44,65	5,23	65,77	175	149
633	7,19	44,65	14,52	65,77	298	149
634	9,16	10,17	16,37	4,8	298	149
635	1,0	0,1	0,4	2,4	157	149
636	85,70	14,13	68,82	0,4	166	149
637	581,715	2,0	385,557	2,2	298	149
639	4,9	85,75	6,24	76,145	298	149
640	245,242	0,2	132,201	0,2	298	149
641	4,16	117,150	7,5	157,196	298	149
643	43,52	140,161	28,28	109,179	298	149
644	34,38	140,161	24,24	109,179	298	149
645	10,11	13,14	6,9	4,4	189	149
646	19,36	232,385	34,54	148,234	298	149
648	291,412	5,4	223,357	1,0	298	149
649	117,141	15,20	92,131	3,2	164	149
651	65,88	33,33	73,63	20,18	153	149
652	19,25	11,25	45,38	11,13	153	149
653	17,12	18,20	1,9	33,32	170	149
654	48,44	3,2	25,52	0,3	251	149
655	49,52	3,2	57,75	0,3	230	149
656	3,12	316,318	5,5	188,310	155	149
657	11,30	77,101	20,28	66,112	298	149
658	2,4	29,42	2,1	21,28	298	149
659	7,1	6,7	5,15	4,2	187	149
660	0,2	329,483	6,2	278,424	167	149
661	283,288	52,79	207,275	54,65	298	149
662	257,284	13,8	171,258	3,15	155	149
663	122,125	68,57	76,196	82,128	155	149
666	130,172	31,29	162,233	17,14	177	149
667	6,13	447,470	3,14	333,503	152	149
668	8,10	85,141	3,9	88,116	172	149
669	18,11	359,340	2,8	287,327	298	149
670	2,1	153,171	1,2	109,210	152	149
671	7,7	5,1	4,10	5,10	208	149
672	2,0	1020,1241	0,1	938,1090	298	149
673	12,23	1,0	22,27	0,0	298	149
674	1792,2432	27,17	1430,2390	24,49	298	149
675	1778,2433	0,0	1407,2290	1,0	298	149
676	511,665	329,536	492,759	174,253	184	149
678	0,0	81,70	5,4	35,50	158	149
680	10,25	4,6	6,15	0,2	298	149
681	14,28	0,3	16,45	4,5	163	149
682	15,14	297,238	45,64	126,241	165	149
684	44,36	20,11	8,24	22,53	153	149
685	2,7	58,51	1,3	39,79	298	149
686	52,82	227,298	13,9	277,364	152	149
687	522,597	62,92	382,529	112,170	298	149
688	3,5	291,335	12,13	229,386	179	149
690	231,246	17,38	186,264	37,64	170	149
691	4,4	0,0	8,2	1,0	175	149
692	2,1	11,9	0,1	7,8	298	149
693	17,4	0,1	5,19	0,0	298	149
694	13,18	6,20	10,5	5,14	253	149
695	1,2	15,5	2,0	2,7	168	149
696	18,14	25,26	10,18	13,25	298	149
698	12691,12500	1,2	8101,11746	0,0	219	149
699	6,4	2118,2233	2,6	1388,2141	224	149
701	0,0	58,55	2,0	31,75	298	149
702	252,316	97,96	170,223	66,87	152	149
704	37,37	108,119	15,10	43,61	238	149
705	463,902	3,1	404,742	2,5	298	149
706	0,0	15,23	0,1	22,25	156	149
707	0,0	1395,1777	0,3	875,1550	203	149
708	7,8	53,74	1,7	40,64	152	149
709	129,115	0,2	81,127	0,0	173	149
711	0,3	78,95	4,1	31,101	298	149
712	10,9	1,3	1,0	7,20	152	149
713	11,1	7,1	0,1	14,11	152	149
714	39,71	18,9	58,79	12,15	298	149
715	88,85	0,0	31,53	0,9	230	149
716	71,83	4,10	110,134	4,10	176	149
717	7,11	2,0	4,8	0,0	298	149
718	1,0	308,438	0,1	247,400	174	149
719	16,30	1228,1409	20,40	938,1323	298	149
720	2,2	214,260	2,3	126,300	298	149
721	35,49	12,21	36,72	7,20	298	149
722	29,38	17,20	4,12	17,33	203	149
723	46,51	3,10	38,86	2,2	298	149
724	100,134	0,1	81,127	0,2	235	149
725	118,132	35,32	35,96	28,61	170	149
727	13,7	1,2	9,5	0,0	153	149
728	14,20	4,7	26,35	8,21	207	149
729	14,15	291,389	4,7	199,347	298	149
730	2,0	528,676	1,6	864,1341	298	149
731	7,4	141,182	0,5	95,166	153	149
732	1,0	881,1102	4,3	736,1171	152	149
734	114,130	1,3	79,123	2,0	260	149
735	455,526	0,1	345,498	0,0	298	149
736	55,35	0,0	31,62	4,1	298	149
737	16,20	44,50	15,38	18,36	180	149
738	6,11	44,50	10,22	18,36	185	149
739	0,5	10,14	3,8	8,24	154	149
742	1,2	69,67	6,14	32,67	169	149
743	81,93	14,14	83,84	7,14	281	149
744	11,10	146,196	4,4	143,212	152	149
745	32,16	96,120	10,23	73,134	298	149
746	2,2	0,1	6,6	1,3	153	149
747	447,561	21,28	400,500	0,3	194	149
749	0,4	1240,1533	3,6	838,1375	298	149
750	2,5	989,1107	3,9	721,1085	154	149
751	5,15	8,8	7,10	2,7	298	149
752	43,61	0,1	44,58	0,0	298	149
753	10,15	250,347	9,7	172,238	298	149
754	150,151	42,33	86,105	36,68	171	149
755	3,1	32,38	9,3	22,39	298	149
756	2288,2578	12,15	1720,2764	12,19	152	149
757	1117,1349	940,1125	1613,2154	348,533	163	149
758	141,205	6,3	96,117	2,15	298	149
760	5,0	8,3	3,2	0,5	158	149
761	43,40	19,28	56,37	1,0	172	149
763	40,62	0,2	27,26	0,0	298	149
764	30,46	6,9	25,25	4,1	154	149
765	217,258	18,21	155,256	31,38	196	149
767	16,22	41,25	7,33	18,16	153	149
769	0,0	131,162	0,13	222,300	153	149
772	15,25	24,18	21,23	3,9	154	149
775	220,286	7,5	213,286	0,0	170	149
777	1,5	79,90	1,4	65,84	298	149
778	63,81	2,2	68,99	0,0	167	149
779	14,28	71,25	8,18	32,59	178	149
780	0,2	0,0	1,1	3,3	155	149
781	103,161	183,221	77,114	124,140	250	149
782	35,25	47,45	12,18	42,64	256	149
783	25,29	1,4	21,28	1,0	175	149
784	0,7	215,247	3,1	176,319	298	149
786	4,3	5,7	0,7	2,1	246	149
787	3,5	645,849	1,1	493,672	216	149
788	23,33	12,21	27,65	3,6	298	149
789	16,32	127,201	24,61	98,131	176	149
790	141,210	12,21	107,144	3,6	298	149
791	65,122	25,49	47,108	12,15	166	149
792	34,53	13,48	31,50	12,28	166	149
794	65,73	1,3	34,64	6,10	153	149
795	25,30	40,66	10,26	15,24	160	149
796	57,49	439,510	31,83	298,542	298	149
797	5,8	354,348	3,13	173,349	153	149
798	165,257	67,64	164,257	31,45	298	149
799	186,226	1,3	167,235	1,0	298	149
801	48,45	1,0	29,43	0,0	298	149
802	23,46	0,3	22,27	0,5	291	149
804	3,0	107,116	0,3	70,108	298	149
805	65,74	1,0	53,85	1,0	207	149
806	182,278	101,80	143,266	83,128	298	149
807	14,16	92,122	2,14	62,102	193	149
808	6,16	1,4	5,16	5,7	298	149
809	7,3	125,140	4,22	83,129	298	149
810	14,28	0,2	21,36	2,5	269	149
811	7,16	413,510	5,15	251,412	298	149
812	16,29	376,509	17,18	296,462	298	149
813	254,317	40,81	142,262	75,88	164	149
814	99,135	409,550	72,102	344,441	298	149
815	12,18	784,967	17,21	692,1137	298	149
816	92,72	0,0	89,102	0,2	167	149
817	114,92	51,74	76,85	78,114	218	149
818	179,218	0,0	144,304	2,4	298	149
819	71,70	36,60	27,21	10,46	298	149
820	125,194	47,56	68,112	43,93	167	149
821	320,452	244,264	226,433	160,272	170	149
822	6,10	135,114	8,13	92,118	168	149
823	4,6	280,350	5,5	211,276	298	149
824	56,89	2,0	47,50	0,0	191	149
826	0,4	0,0	0,0	1,0	151	149
827	16,33	75,98	20,30	48,62	189	149
828	10,12	10,4	3,6	1,11	218	149
829	2,4	40,42	14,21	11,16	154	149
830	12,17	1252,1745	1,8	1037,1723	298	149
831	14,16	1252,1745	1,6	1037,1723	298	149
832	5,6	0,1	4,11	0,2	235	149
833	192,213	4,5	200,185	4,5	252	149
834	2,15	433,523	7,18	413,482	298	149
835	97,144	12,13	105,137	3,4	155	149
836	215,230	19,25	154,272	8,13	157	149
837	5,7	6,4	8,4	2,0	194	149
838	106,100	3496,3778	72,136	2284,3905	152	149
839	105,100	1,0	72,136	0,1	152	149
840	31,34	40,44	29,48	27,48	160	149
841	4,4	5,12	12,19	4,7	167	149
842	148,201	93,126	238,392	69,111	163	149
844	37,39	663,747	39,47	444,616	153	149
845	5,7	3,0	4,5	3,17	258	149
846	16,13	245,330	19,18	296,399	298	149
847	155,194	10,18	121,188	17,15	298	149
848	151,189	0,2	120,186	0,0	298	149
849	23,31	0,2	25,24	0,0	298	149
850	89,124	0,0	77,102	1,0	298	149
851	69,100	0,0	55,82	1,0	212	149
852	106,170	103,149	91,130	114,93	212	149
853	69,75	3,12	36,65	14,27	160	149
854	15,11	3,12	11,29	14,27	298	149
855	15,13	69,75	13,34	36,65	295	149
856	1,2	28,57	2,0	18,43	182	149
857	11,5	2,6	3,8	12,15	169	149
859	3,3	10,14	0,1	25,38	160	149
860	18,17	153,155	10,19	98,140	167	149
861	53,71	93,143	5,15	89,137	154	149
862	2,7	0,0	6,8	1,0	187	149
864	114,131	0,0	49,100	1,0	298	149
865	69,139	6,1	52,82	7,0	298	149
867	168,151	0,0	118,148	7,3	163	149
869	9,4	85,41	2,0	17,47	298	149
871	6,6	32,41	6,3	24,34	202	149
872	261,246	693,855	308,433	252,406	167	149
873	0,2	751,802	4,0	538,827	153	149
874	85,165	115,137	94,140	63,80	270	149
875	34,66	0,0	42,56	0,3	270	149
876	4,7	712,883	11,17	534,883	153	149
877	15,21	152,175	34,41	59,143	154	149
878	86,145	4,5	62,90	1,4	168	149
880	49,69	7,1	62,60	0,1	193	149
882	3,6	30,19	3,5	27,27	298	149
883	71,49	113,97	32,35	51,89	185	149
884	242,281	3,7	146,212	7,5	184	149
885	46,54	3,7	19,34	7,5	249	149
886	0,1	196,228	0,0	127,178	214	149
887	0,1	1,4	0,1	1,8	155	149
888	271,326	21,25	212,414	0,13	196	149
889	242,243	199,187	280,427	29,33	161	149
890	280,364	4,7	261,369	5,11	298	149
891	977,1169	60,77	640,793	69,63	231	149
892	19,17	20,24	27,28	8,12	194	149
893	1,6	30,28	10,2	14,7	298	149
894	12,26	9,9	14,26	0,0	170	149
895	18,16	169,234	12,25	152,312	267	149
896	23,36	9,2	77,103	8,8	295	149
898	115,156	12,11	50,96	3,4	298	149
899	22,23	12,11	18,15	3,4	298	149
900	10,21	97,144	14,8	44,84	180	149
901	906,1242	3,5	856,1186	0,2	161	149
903	687,792	1,0	501,803	0,0	298	149
904	749,916	75,85	378,608	131,209	194	149
905	1611,2559	1411,1953	1417,2059	1188,1818	206	149
906	3582,5764	1,1	3163,4917	1,2	164	149
907	4962,7370	1,2	3956,6732	0,0	167	149
908	61,58	46,42	46,69	12,21	175	149
909	281,369	49,74	195,276	20,41	297	149
910	101,176	5,7	84,148	0,3	241	149
911	49,57	3,0	42,61	0,0	298	149
912	43,64	156,184	29,57	142,195	298	149
913	8,24	156,184	3,12	142,195	298	149
914	24,35	9,20	4,14	11,30	298	149
915	19,28	4,11	16,22	12,14	298	149
916	33,39	28,49	18,29	24,49	298	149
918	90,71	3,5	49,65	11,7	188	149
919	37,56	3,4	13,36	0,1	173	149
920	6,2	2132,2704	5,11	1464,2231	170	149
922	1,0	3,1	1,1	0,0	154	149
923	3,0	306,325	0,1	213,341	298	149
924	6,5	548,702	3,7	421,651	153	149
925	19,20	36,61	12,26	45,49	168	149
927	11,11	42,45	5,4	18,48	153	149
929	16,27	378,427	18,18	229,507	153	149
931	2,0	1057,983	7,14	727,997	298	149
932	0,0	1057,983	2,7	727,997	298	149
933	16,42	722,1012	35,45	574,724	298	149
934	8,28	722,1012	22,26	574,724	298	149
935	4,16	8,16	10,20	15,25	298	149
936	15,25	17,12	3,18	9,40	153	149
937	33,27	14,7	20,31	1,13	298	149
938	1,3	322,350	3,3	210,314	298	149
940	105,138	22,16	62,84	15,23	158	149
941	3,1	1153,1508	5,11	797,1264	153	149
942	8,14	853,1207	4,11	589,945	185	149
943	2,2	0,0	0,0	0,1	298	149
944	0,0	286,380	0,1	277,477	153	149
945	12,26	132,213	27,48	143,184	281	149
946	1,1	75,137	2,1	104,142	292	149
948	55,44	0,0	14,23	1,0	298	149
949	27,29	853,1213	6,18	561,873	298	149
951	0,0	22,21	2,0	3,20	298	149
952	2,6	132,129	1,13	66,146	298	149
953	22,10	460,548	4,22	436,599	298	149
954	21,21	171,221	11,12	132,183	298	149
955	61,75	0,1	55,68	0,0	298	149
956	63,72	200,176	103,126	60,69	155	149
957	6,5	3,0	6,10	3,2	213	149
959	6,2	168,185	1,7	118,202	188	149
960	369,519	0,0	306,476	2,1	261	149
961	1,2	29,24	3,4	16,28	180	149
962	8,18	3,0	12,13	9,0	298	149
963	14,22	0,2	10,17	0,4	202	149
964	0,0	2645,3037	5,4	2639,4071	189	149
965	70,114	3870,4628	162,214	3607,5658	167	149
966	47,36	3,3	21,34	1,5	290	149
967	189,234	43,86	77,99	104,141	172	149
968	31,36	21,17	36,58	3,0	153	149
969	359,538	3,4	388,528	0,0	298	149
971	43,38	39,62	27,31	29,32	181	149
973	19,13	5,10	19,23	5,27	160	149
975	164,226	0,2	137,187	1,0	260	149
976	6,9	6,12	6,1	9,10	270	149
977	12,22	0,0	12,52	1,2	185	149
978	16,25	202,326	17,60	189,326	185	149
979	643,728	24,41	603,767	17,16	188	149
980	19,15	229,261	25,47	190,347	173	149
981	251,325	0,0	265,407	0,1	153	149
982	3,12	161,218	2,11	142,200	298	149
983	1136,1706	1,0	983,1601	0,0	298	149
984	75,83	28,35	21,42	62,50	161	149
985	4,3	68,64	0,5	35,60	298	149
986	1,1	143,124	2,2	82,152	153	149
988	56,79	0,5	44,66	0,0	298	149
989	792,918	16,22	654,1006	2,3	172	149
990	144,212	3,0	131,187	2,0	172	149
992	12,18	0,0	6,22	0,1	298	149
993	4,2	16,36	0,0	1,1	185	149
994	60,142	2146,3238	88,155	1910,3025	298	149
995	56,117	2146,3238	69,129	1910,3025	298	149
996	42,94	19,46	48,107	32,58	254	149
997	0,7	4,4	0,1	3,1	182	149
998	17,20	337,422	22,37	285,331	210	149
999	13,15	441,627	21,24	412,548	298	149
1000	99,145	169,188	80,94	144,295	298	149
1001	76,75	25,33	33,55	22,23	209	149
1002	364,414	115,175	190,297	153,275	298	149
1003	8,1	18,16	2,3	3,9	171	149
1004	3723,4948	1,4	3092,4755	0,0	164	149
1007	8,8	32,23	6,8	16,37	191	149
1009	72,95	0,8	93,188	1,9	154	149
1010	0,0	34,37	0,1	28,39	158	149
1011	3,5	35,38	1,12	10,45	174	149
1012	8,6	3,1	7,12	0,2	298	149
1013	1,1	281,370	1,4	208,366	153	149
1015	43,41	5,3	16,21	2,3	298	149
1016	828,1164	4,10	468,753	0,0	182	149
1017	241,245	2,0	172,252	0,0	298	149
1018	4,8	3,0	0,6	1,1	231	149
1019	151,274	4,2	157,217	4,8	159	149
1021	10,16	48,67	3,6	26,47	216	149
1022	5,2	11088,12809	1,9	12305,18517	153	149
1023	0,0	0,1	1,2	0,0	153	149
1024	8,4	814,1058	4,13	775,1078	298	149
1025	11,8	814,1058	8,12	775,1078	298	149
1026	1,0	31,52	0,0	19,34	167	149
1027	0,1	415,453	9,25	266,345	158	149
1028	0,3	59,88	1,1	38,73	298	149
1030	4,0	4,6	1,0	3,7	165	149
1031	0,0	3025,3207	4,0	1819,3328	153	149
1033	6,18	87,108	7,16	68,147	298	149
1034	50,70	69,84	38,34	48,98	188	149
1035	1,3	64,73	0,0	54,65	298	149
1037	10,6	14,13	2,0	11,8	177	149
1039	5,20	53,51	43,48	104,142	160	149
1040	1697,2268	44,74	1741,2573	76,96	173	149
1041	4,8	3074,3081	10,8	2243,3374	298	149
1042	11,12	4,1	8,12	0,0	298	149
1043	27,23	769,834	8,10	477,798	298	149
1045	24,48	39,32	29,42	9,32	161	149
1046	245,479	11,20	266,359	13,29	190	149
1049	141,172	19,23	102,123	19,12	167	149
1050	4,11	55,67	1,4	14,41	298	149
1051	98,124	15,14	113,174	2,1	154	149
1052	115,135	3,11	103,182	2,0	205	149
1054	2,6	40,56	0,2	56,105	169	149
1055	0,1	144,154	0,2	119,160	152	149
1056	15,18	30,15	5,31	18,45	152	149
1057	270,388	13,1	169,338	1,3	298	149
1058	4,6	3632,5046	1,0	3061,4152	298	149
1060	148,193	11,22	107,153	9,3	266	149
1061	6,4	82,87	5,10	60,66	163	149
1062	10,9	0,1	8,22	2,1	274	149
1063	18,23	109,139	22,39	33,110	298	149
1064	12,26	0,0	14,38	3,3	250	149
1065	6,17	6,14	7,7	9,13	298	149
1068	3,2	54,29	0,0	22,42	298	149
1070	10,20	4,3	9,17	3,4	298	149
1071	130,149	20,12	75,128	20,31	196	149
1072	12,10	149,184	9,27	106,152	287	149
1073	134,196	7,16	114,155	1,4	298	149
1074	64,86	11,9	60,118	0,1	154	149
1076	0,2	32,42	0,0	6,21	153	149
1078	14106,14942	14416,15530	26990,38512	9503,14806	160	149
1079	64,54	1,3	11,16	12,38	155	149
1080	1,5	0,0	1,0	1,1	155	149
1081	59,84	15,26	34,75	16,10	298	149
1082	3,9	9,8	2,1	5,8	216	149
1083	4,8	262,346	4,10	164,277	298	149
1084	1,5	124,127	5,2	59,116	167	149
1085	3,3	0,0	4,14	1,1	176	149
1087	282,314	0,2	203,330	0,0	298	149
1088	5,2	38,52	0,3	26,52	298	149
1089	4,4	135,130	2,11	109,162	298	149
1091	1,4	135,165	0,10	83,178	153	149
1092	528,711	0,0	407,692	0,3	152	149
1093	48,67	3,2	37,80	1,3	178	149
1094	5,12	33,47	2,4	33,68	208	149
1095	4,5	0,2	6,9	0,0	155	149
1097	66,64	141,208	8,28	112,181	230	149
1098	2,4	37,41	0,0	20,45	233	149
1099	5,10	1,2	0,6	0,2	252	149
1100	199,229	0,1	117,198	0,0	154	149
1101	231,254	14,17	166,266	10,8	298	149
1102	6,2	3,1	23,29	6,2	298	149
1103	6,2	33,24	24,36	26,26	298	149
1104	34,63	44,89	88,126	7,15	161	149
1105	2,8	45,40	12,16	4,8	161	149
1106	54,98	69,78	58,63	82,124	165	149
1107	2,0	112,111	0,0	31,60	156	149
1108	107,129	42,52	86,125	13,26	199	149
1110	13,6	596,843	5,11	417,644	153	149
1111	6,8	338,405	4,15	249,387	298	149
1112	5,8	637,808	5,13	514,687	298	149
1113	11,11	209,246	4,13	168,230	298	149
1114	52,49	3,5	32,45	0,8	298	149
1115	52,55	22,33	49,80	8,9	220	149
1116	5,3	4,12	1,0	0,2	186	149
1117	4,5	0,0	13,32	0,6	298	149
1119	6,10	84,132	5,7	90,126	298	149
1122	1,0	398,420	0,5	263,411	298	149
1123	52,58	1,0	35,47	0,0	189	149
1124	11,2	6,1	0,6	1,6	298	149
1125	11,5	172,178	1,12	104,141	298	149
1126	10,4	172,178	2,16	104,141	298	149
1127	1,3	3,5	0,0	6,8	269	149
1128	2,4	120,146	4,2	59,130	298	149
1129	7,8	27,37	10,10	41,38	298	149
1130	5,9	120,146	10,10	59,130	298	149
1131	18,28	719,1239	14,11	352,584	155	149
1132	5,15	3,3	2,7	2,4	153	149
1133	25,74	109,141	30,70	58,93	233	149
1134	4,1	5,20	0,0	18,25	177	149
1135	12,49	175,216	41,63	116,168	291	149
1136	41,40	0,1	11,29	7,16	176	149
1137	60,101	95,136	32,71	84,133	291	149
1138	74,98	0,4	51,73	0,0	225	149
1139	0,1	40,25	0,3	26,49	167	149
1140	84,117	10,11	50,82	0,0	168	149
1141	289,400	581,975	225,375	429,703	267	149
1143	22,47	15,25	35,34	15,20	298	149
1144	60,102	15,28	43,71	21,36	164	149
1145	424,467	1,9	291,375	6,7	159	149
1146	16,35	0,1	20,24	3,10	159	149
1147	28,43	71,119	37,54	61,107	206	149
1148	14,10	6,13	15,16	6,14	199	149
1149	67,99	15,11	77,131	12,24	157	149
1150	9,15	30,17	21,24	3,23	157	149
1151	246,239	0,0	222,300	1,0	158	149
1152	26,19	3,1	0,8	7,28	179	149
1153	7,15	157,149	0,2	89,122	298	149
1154	12,5	424,422	4,7	260,422	153	149
1155	17,26	315,310	15,33	225,327	298	149
1156	1,1	355,403	1,2	281,455	182	149
1157	16,18	2,4	0,8	13,11	167	149
1158	22,30	3,0	11,29	2,0	298	149
1159	10,16	3,0	24,33	2,0	298	149
1160	37,56	3,0	31,29	0,3	204	149
1161	4,11	14,21	8,16	14,15	202	149
1162	0,0	11,12	0,5	7,12	248	149
1164	4,8	288,389	2,4	204,323	293	149
1165	11,15	440,616	3,16	268,396	153	149
1166	20,23	2,2	8,19	2,1	152	149
1167	57,64	109,148	60,66	45,83	161	149
1168	19,13	132,167	2,17	90,133	298	149
1170	100,115	2,0	78,117	1,4	168	149
1171	143,197	210,194	75,167	146,218	152	149
1173	88,57	5,3	67,97	0,2	196	149
1174	6,5	503,613	0,7	469,730	298	149
1175	17,19	118,143	32,57	56,101	153	149
1176	165,295	851,1308	47,112	1097,1575	166	149
1177	92,142	11,24	74,140	3,6	278	149
1178	111,166	43,57	84,180	79,95	295	149
1179	30,51	43,57	14,46	79,95	166	149
1180	4,5	5,2	0,1	3,7	160	149
1182	0,0	279,304	1,0	214,383	151	149
1183	218,233	0,0	165,301	2,0	298	149
1185	52,61	0,0	37,66	1,0	177	149
1186	96,127	14,16	85,140	24,23	177	149
1187	877,915	6,10	545,958	4,6	298	149
1188	19,20	95,111	11,12	51,67	283	149
1189	11,4	20,7	1,7	12,26	155	149
1190	1,0	23,36	4,0	38,44	215	149
1191	2,2	11,12	0,0	10,12	161	149
1192	4,4	17,9	0,4	11,14	161	149
1193	32,36	3722,3945	41,54	4041,6067	153	149
1194	753,1095	2,0	615,872	0,0	298	149
1195	43,67	261,434	36,26	327,383	232	149
1196	20,25	0,2	10,10	7,13	156	149
1199	86,125	47,65	79,123	65,99	225	149
1200	2,0	984,1045	5,3	656,914	298	149
1201	15,21	3,8	17,25	5,5	298	149
1202	344,323	191,230	181,290	180,282	192	149
1203	477,447	35,33	269,429	13,26	231	149
1204	524,481	2,2	312,481	0,0	246	149
1205	324,354	35,33	268,422	13,26	188	149
1206	371,388	2,2	311,474	0,0	203	149
1207	82,67	2,2	56,78	0,0	164	149
1208	0,0	35,46	0,1	19,44	298	149
1209	22,29	2,3	15,19	0,1	166	149
1211	76,97	31,44	47,117	19,23	193	149
1212	14,31	73,135	26,39	125,178	298	149
1213	1,3	4,5	7,8	10,9	298	149
1215	0,1	2095,2312	1,0	1410,2188	176	149
1216	23,13	111,127	2,10	74,133	286	149
1219	121,120	0,0	107,129	0,5	298	149
1220	43,34	4,0	11,31	0,2	297	149
1221	2,1	0,1	1,0	2,3	153	149
1222	7,12	339,442	4,7	256,376	152	149
1223	2,6	753,1207	4,5	634,989	209	149
1224	177,306	2,0	154,218	0,1	298	149
1225	0,0	141,171	0,2	85,110	153	149
1226	5,14	55,60	1,13	34,53	176	149
1228	203,211	6684,7909	227,298	6190,8740	156	149
1230	2,3	5607,7394	2,5	5709,7954	153	149
1231	1,0	83,103	1,0	58,92	206	149
1232	18,40	0,4	17,22	4,1	225	149
1233	3,6	130,133	3,0	91,115	296	149
1234	35,69	80,90	99,97	8,8	161	149
1235	11,17	63,57	17,18	45,66	153	149
1236	149,145	0,3	49,84	0,0	298	149
1237	232,192	452,384	359,477	63,104	161	149
1238	79,116	17,17	25,106	53,69	155	149
1239	10,22	1,11	16,32	4,9	176	149
1240	11,22	0,8	14,34	4,2	298	149
1241	12,26	23,32	20,35	13,24	298	149
1242	2,11	0,8	4,12	4,2	298	149
1243	3,15	23,32	10,13	13,24	298	149
1244	2,12	23,32	10,3	13,24	185	149
1245	15,30	0,0	19,30	1,2	298	149
1246	100,120	59,81	83,91	40,95	298	149
1248	407,605	0,0	315,467	0,2	298	149
1249	1598,2321	0,0	869,1318	1,2	298	149
1251	64,64	76,64	32,44	102,94	153	149
1254	0,3	5,3	1,1	3,1	230	149
1255	68,67	17,33	62,111	40,41	256	149
1256	43,68	182,227	33,51	177,251	298	149
1257	3,1	184,221	3,3	99,144	298	149
1258	23,39	0,1	22,29	0,2	295	149
1259	2,2	48,56	1,1	20,32	298	149
1260	1,2	3,8	1,12	1,9	157	149
1261	63,92	95,77	59,96	47,78	298	149
1262	1,0	350,318	2,1	225,288	298	149
1263	7,13	0,2	3,8	0,0	153	149
1264	5,14	453,573	9,10	322,423	298	149
1266	257,272	107,124	320,532	69,80	298	149
1268	0,1	172,207	0,4	121,174	152	149
1269	233,266	1,0	159,243	0,0	298	149
1270	201,192	3,3	170,263	0,0	154	149
1271	16,18	137,114	32,64	66,122	298	149
1272	1,0	503,536	0,5	294,406	298	149
1273	220,318	89,126	150,224	127,157	270	149
1275	19,24	1,6	2,13	7,5	224	149
1277	87,143	6,4	98,140	5,3	270	149
1278	12,5	1,2	0,8	0,0	170	149
1279	1,2	4,6	5,14	15,19	153	149
1280	47,82	146,188	36,65	118,136	190	149
1281	0,1	97,127	0,0	56,118	153	149
1282	10,3	165,170	1,13	107,192	298	149
1283	37,48	0,0	37,29	1,1	155	149
1284	14,9	177,238	10,10	139,151	298	149
1285	3,16	13,8	9,20	11,6	298	149
1286	4,14	171,255	1,16	162,183	298	149
1287	15,19	171,255	12,19	162,183	298	149
1288	11,9	0,0	7,6	0,2	191	149
1289	6,1	83,114	2,0	50,80	218	149
1290	70,107	33,20	46,67	8,25	172	149
1291	36,58	2,0	30,45	0,0	298	149
1293	1,4	19,43	4,2	12,33	298	149
1294	5,4	19,43	4,2	12,33	298	149
1295	14,16	1189,1441	37,76	1414,2254	298	149
1297	14,11	492,448	2,22	236,440	298	149
1298	3,4	0,0	3,15	2,0	298	149
1300	112,200	0,0	69,100	9,0	213	149
1301	13,31	129,151	29,36	71,102	199	149
1302	7,14	0,1	15,14	0,3	199	149
1303	217,302	0,1	130,202	0,3	298	149
1304	215,289	2,0	118,193	0,0	298	149
1306	4,12	0,0	5,11	0,1	193	149
1307	7,9	43,53	11,9	32,47	198	149
1308	0,2	2,3	0,0	1,0	198	149
1309	213,256	2,3	124,212	1,0	298	149
1310	215,263	0,2	125,213	0,0	298	149
1311	49,58	1,0	28,53	0,0	298	149
1312	4,1	17,11	2,1	10,11	181	149
1313	13,21	7,6	9,7	2,8	298	149
1314	10,17	64,85	18,19	59,92	213	149
1315	316,288	10,5	188,287	1,10	155	149
1316	290,377	746,1104	194,298	661,910	152	149
1318	9,16	0,0	2,5	1,2	164	149
1319	13,12	1,0	12,25	0,0	298	149
1320	9,11	9,0	4,6	4,3	171	149
1321	9,8	21,18	3,0	5,12	298	149
1322	3,3	24,8	0,0	17,20	158	149
1323	26,12	3,2	7,13	0,0	176	149
1324	16,7	503,716	13,16	345,562	298	149
1325	43,46	100,124	18,33	75,122	298	149
1326	643,676	112,136	674,1025	78,214	173	149
1327	2,4	141,173	1,10	88,134	298	149
1328	9,11	1,2	18,12	0,5	220	149
1329	27,42	1,2	37,36	0,5	298	149
1331	33,33	9,6	48,53	2,3	298	149
1332	4,4	310,397	3,2	268,340	260	149
1333	17,21	9,0	16,15	0,4	298	149
1334	8,9	78,112	3,11	46,75	298	149
1335	2,0	0,0	0,1	2,0	298	149
1339	272,321	0,1	224,329	1,0	236	149
1340	3,13	13,15	2,7	17,21	187	149
1341	100,113	794,954	46,80	546,1003	298	149
1343	51,47	379,369	74,141	163,359	298	149
1345	3,8	3,0	1,1	0,2	153	149
1346	22,38	660,836	14,54	446,739	154	149
1349	65,42	62,80	29,35	51,85	193	149
1350	0,0	20,7	2,0	8,15	167	149
1351	2,2	10,7	0,4	2,10	298	149
1352	955,1113	0,1	665,1139	0,0	298	149
1353	26,21	0,1	7,15	0,0	298	149
1354	36,35	929,1094	28,51	658,1124	152	149
1358	0,9	279,280	1,5	227,320	242	149
1359	0,0	265,297	1,0	221,291	164	149
1361	1,3	2,2	2,2	5,0	193	149
1363	53,69	18,11	31,37	11,33	152	149
1364	3,2	16,8	0,3	9,6	223	149
1365	8,8	47,79	2,2	38,63	164	149
1366	23,18	6,2	34,34	2,3	161	149
1368	3,8	49,65	1,7	35,54	231	149
1369	0,0	0,2	0,4	0,1	212	149
1370	19,29	120,164	22,28	100,136	298	149
1371	1,0	110,106	1,5	59,104	152	149
1373	29,78	0,0	52,88	1,0	281	149
1374	5,5	811,1035	2,2	636,965	152	149
1376	3,0	327,373	5,4	305,453	166	149
1377	40,37	114,158	23,29	81,135	166	149
1378	202,231	20,8	191,301	5,5	190	149
1379	1,9	209,255	4,7	151,214	298	149
1382	0,1	117,162	1,0	131,207	188	149
1383	2,4	155,210	2,6	121,137	158	149
1384	4,1	31,42	0,0	21,32	298	149
1385	21,16	12,22	27,43	2,5	173	149
1387	1,2	164,188	0,1	73,106	230	149
1388	1,1	988,1214	0,9	924,1178	298	149
1389	0,8	42,71	6,13	53,53	298	149
1390	216,311	2,0	138,239	0,1	298	149
1392	7,9	0,0	10,10	1,0	153	149
1393	0,1	12,12	0,3	13,18	253	149
1394	17,28	526,682	16,33	418,559	298	149
1395	47,31	1,0	17,43	0,2	167	149
1396	13,8	24,20	13,4	13,25	179	149
1397	8,2	0,0	5,4	0,5	155	149
1399	41,65	2,0	42,54	1,0	298	149
1400	2,8	1,3	17,16	11,8	298	149
1401	1,0	4,1	3,0	3,0	176	149
1402	4,5	481,371	5,10	356,509	298	149
1403	7,6	481,371	8,10	356,509	298	149
1404	3,1	17,27	0,4	1,5	298	149
1405	14,9	185,153	12,10	131,219	298	149
1406	28,35	185,153	13,13	131,219	192	149
1407	13,14	7,4	12,8	5,15	192	149
1408	199,189	108,125	137,218	115,177	170	149
1409	1,4	81,92	3,5	50,64	298	149
1412	21,25	330,409	17,27	303,369	298	149
1413	1,2	0,0	0,9	2,0	197	149
1414	46,105	58,77	32,52	16,37	153	149
1415	36,49	96,160	30,51	142,215	174	149
1416	8,3	173,206	3,8	103,171	298	149
1417	8,6	30,31	1,2	23,39	298	149
1418	6,5	57,51	0,4	34,54	298	149
1422	34,78	109,178	53,107	72,115	211	149
1423	0,2	208,278	0,0	180,289	188	149
1424	21,35	118,166	11,29	97,133	298	149
1426	18,18	95,95	5,4	64,69	298	149
1427	226,290	7,3	121,229	0,0	227	149
1428	118,130	64,68	111,182	58,123	161	149
1429	12,24	10,23	19,40	2,1	172	149
1430	42,52	522,667	152,226	203,384	186	149
1431	2,0	764,897	1,1	450,790	176	149
1433	21,39	1,2	10,10	0,0	165	149
1435	324,364	4,0	306,492	1,5	282	149
1436	0,1	152,204	2,1	87,124	298	149
1439	36,48	1,1	30,25	0,0	298	149
1440	2,5	198,259	0,0	137,215	185	149
1441	3,1	226,283	0,0	130,260	215	149
1443	9,10	208,233	9,20	184,237	264	149
1444	181,186	0,0	69,128	0,5	152	149
1445	14,8	197,240	3,7	177,328	298	149
1446	0,9	157,207	3,0	133,257	298	149
1447	199,339	0,0	192,292	1,3	298	149
1448	43,43	74,87	40,49	56,79	265	149
1449	6,2	11,13	1,2	5,8	222	149
1451	63,63	13,14	38,60	0,1	160	149
1452	6,11	131,159	1,2	57,120	298	149
1453	3,1	2098,2709	2,3	1571,2326	154	149
1454	213,271	175,245	254,346	237,323	168	149
1456	183,225	0,1	163,306	3,0	200	149
1457	1,5	0,0	6,8	4,7	161	149
1458	127,111	2,0	118,94	0,0	161	149
1459	7,3	277,385	6,4	213,298	298	149
1460	1,3	1,4	4,0	0,1	194	149
1462	54,78	136,150	29,67	177,219	153	149
1463	3,0	7,4	2,3	6,7	159	149
1464	0,1	7,3	0,0	4,4	194	149
1465	387,434	294,387	209,366	231,302	298	149
1466	246,256	157,152	189,320	62,93	298	149
1467	39,35	3,2	21,43	7,3	224	149
1468	4,5	46,47	4,5	33,60	153	149
1470	5,13	2754,3240	5,18	2257,3005	151	149
1471	4,16	65,118	2,2	36,74	171	149
1472	0,1	0,0	1,2	2,0	153	149
1473	27,33	2446,3556	23,49	2448,4090	155	149
1474	0,1	4,17	0,1	11,13	151	149
1475	54,81	72,106	14,23	52,94	298	149
1476	18,35	0,3	13,38	7,1	177	149
1477	4,6	14,8	27,40	9,2	192	149
1479	30,19	0,2	17,12	2,2	287	149
1480	22,22	11439,13116	12,13	11382,13816	154	149
1481	13,18	11439,13116	0,10	11382,13816	298	149
1482	13,19	11439,13116	0,10	11382,13816	298	149
1483	13,19	11439,13116	0,10	11382,13816	298	149
1484	14,18	22,22	0,10	12,13	298	149
1485	14,19	22,22	0,10	12,13	298	149
1486	14,19	22,22	0,10	12,13	298	149
1489	10,15	0,1	7,11	0,0	298	149
1490	156,171	13420,16649	155,243	12745,17250	153	149
1491	156,171	1,1	155,243	3,3	153	149
1492	49,47	26,31	21,55	10,13	183	149
1493	1,0	773,924	0,0	348,576	153	149
1495	1,0	7,6	0,0	2,5	267	149
1498	7,10	5,11	5,12	2,5	173	149
1499	0,2	10,15	3,2	3,11	176	149
1500	25,54	99,150	21,31	65,84	167	149
1501	52,65	0,2	27,90	0,2	153	149
1502	5,14	172,281	9,8	110,155	298	149
1503	0,2	25,39	0,0	23,38	218	149
1504	12,21	5,5	15,28	3,6	162	149
1505	15,9	0,2	2,14	1,0	203	149
1506	12,9	174,188	12,33	136,160	169	149
1507	3292,3138	9,5	2515,4017	2,23	155	149
1508	0,2	1540,1341	0,13	1201,1772	298	149
1509	9,11	256,267	7,10	226,365	161	149
1510	29,50	141,121	29,44	106,186	179	149
1511	272,334	0,0	259,459	0,1	298	149
1512	395,415	13,6	270,370	6,8	186	149
1513	245,404	167,224	224,299	127,195	290	149
1514	11,12	154,250	4,9	145,183	298	149
1515	24,15	1,0	16,14	0,1	191	149
1516	260,276	26,26	153,237	5,12	298	149
1517	0,0	97,133	2,3	53,78	298	149
1518	53,64	3,2	52,71	1,16	186	149
1519	23,46	3,2	41,48	1,16	207	149
1520	4,14	34,32	16,15	27,38	170	149
1522	7,9	413,583	11,20	301,489	155	149
1523	3,3	53,65	2,3	26,48	298	149
1524	61,78	17,28	60,81	2,13	163	149
1525	7,4	175,222	0,2	144,200	153	149
1526	16,14	8,7	11,9	0,0	257	149
1528	7,9	33,30	33,39	74,116	298	149
1529	2,1	369,328	0,5	255,345	298	149
1530	1,0	1,0	2,2	0,0	175	149
1531	143,180	0,0	82,105	1,0	293	149
1532	53,78	2797,3849	36,85	2436,3967	153	149
1533	0,7	3,1	0,0	0,7	285	149
1534	23,24	3,1	22,14	0,7	298	149
1535	26,26	0,7	26,19	0,0	234	149
1536	22,45	2598,3336	36,55	2330,3467	298	149
1539	9,17	82,123	7,14	73,95	298	149
1540	4,0	285,362	0,4	238,337	153	149
1541	101,134	6,1	117,142	9,8	171	149
1542	17,24	2963,3268	19,20	1919,3136	298	149
1543	232,327	5,16	235,301	11,1	221	149
1544	1,5	31,34	2,4	24,54	158	149
1545	112,78	1,0	71,153	1,1	298	149
1546	0,1	311,362	2,0	208,300	298	149
1547	130,104	19,7	76,131	7,2	162	149
1549	274,369	0,0	147,201	0,1	173	149
1550	3,16	102,125	17,45	28,59	185	149
1551	8,19	623,820	6,9	590,858	298	149
1552	0,3	1371,1620	0,1	1034,1530	298	149
1553	3,9	562,550	4,7	316,549	206	149
1554	2,5	34,39	8,6	11,20	189	149
1555	246,226	46,63	139,280	36,75	164	149
1556	10,15	5,4	7,21	3,1	171	149
1557	7,13	230,185	2,7	132,225	298	149
1558	6,5	106,108	2,2	68,148	173	149
1560	3,3	264,294	1,1	168,251	298	149
1561	21,41	722,979	12,37	552,896	298	149
1562	19,29	722,979	16,36	552,896	298	149
1563	8,11	5,19	10,11	2,8	167	149
1565	23,32	5,3	24,58	0,0	172	149
1566	0,0	86,97	2,1	64,63	298	149
1568	8,9	309,320	38,66	187,257	298	149
1569	1,7	38,27	0,2	58,69	153	149
1570	220,221	5,2	294,387	7,16	154	149
1572	1,1	1,4	2,6	2,4	298	149
1573	0,6	30,30	4,2	18,23	219	149
1574	15,7	94,110	17,17	45,87	174	149
1575	4,9	171,177	1,6	78,178	289	149
1576	13,4	9,8	12,6	0,8	196	149
1577	13,2	9,8	31,21	0,8	225	149
1578	9,2	9,4	26,19	7,4	178	149
1579	5,4	57,42	0,4	35,48	298	149
1580	2,4	131,170	2,2	133,172	288	149
1581	94,84	11,12	123,210	0,0	154	149
1582	8,37	80,82	11,17	72,88	298	149
1583	85,145	86,146	95,143	71,120	161	149
1584	3,0	5,2	0,0	1,2	298	149
1585	9,13	14,16	0,4	8,15	298	149
1587	36,30	123,155	18,24	107,173	221	149
1588	333,342	2,10	289,380	1,4	298	149
1589	9,3	389,445	0,0	235,336	298	149
1590	6,5	289,398	7,4	229,351	298	149
1591	685,1029	173,231	636,985	155,206	253	149
1592	1426,1679	26,35	1006,1688	19,56	152	149
1593	436,606	889,1042	308,448	717,1234	152	149
1594	3,9	96,121	1,8	68,110	298	149
1595	31,44	163,202	16,32	139,203	278	149
1596	5,8	158,225	0,0	150,251	157	149
1597	2,0	6,7	0,6	7,5	161	149
1598	2,1	138,141	1,6	78,135	154	149
1599	2,1	1,1	0,0	0,2	154	149
1600	1,4	5,2	4,3	0,0	259	149
1601	0,3	0,1	4,2	0,2	203	149
1602	1,2	5,2	0,3	0,0	205	149
1603	175,194	235,234	187,240	98,144	164	149
1605	2,2	2,8	0,0	2,3	170	149
1606	4,15	0,1	1,2	0,11	160	149
1607	4,8	111,161	1,0	87,120	298	149
1608	0,1	111,161	1,11	87,120	298	149
1610	27,31	108,101	18,18	76,119	298	149
1611	11,6	2,0	6,15	2,4	233	149
1613	0,1	0,0	0,0	0,1	177	149
1615	140,178	3361,3866	186,242	3244,5080	298	149
1616	6,5	122,103	6,8	73,87	212	149
1617	4,1	44,38	0,3	14,30	295	149
1618	127,127	2,4	64,73	0,0	298	149
1619	81,96	112,120	50,51	73,95	298	149
1620	3,15	72,86	2,8	19,64	298	149
1621	4,13	72,86	2,7	19,64	298	149
1622	1,0	0,2	0,0	0,1	153	149
1624	20,25	184,165	10,20	143,206	167	149
1625	44,46	4,6	45,70	3,6	298	149
1626	5,6	90,107	9,14	49,74	298	149
1627	8,5	1,8	3,7	0,1	298	149
1628	17,22	118,149	8,23	104,101	258	149
1630	73,89	67,83	73,134	100,152	214	149
1631	86,125	1,1	134,195	0,0	182	149
1632	92,130	1,1	106,177	0,0	247	149
1633	95,109	3,9	62,96	2,10	212	149
1634	2,5	88,91	1,6	88,124	298	149
1635	52,93	43,63	30,52	33,38	153	149
1636	15,10	0,1	6,19	1,0	267	149
1637	1,1	238,346	5,5	222,290	167	149
1638	2,7	182,246	0,13	173,264	209	149
1639	109,184	1,2	102,147	6,10	269	149
1640	333,324	24,40	303,498	23,31	298	149
1644	8,14	0,0	6,13	1,1	293	149
1646	20,27	17,31	12,19	6,7	152	149
1647	13,21	265,345	3,15	280,335	288	149
1648	12,16	2,0	10,7	0,2	155	149
1649	1,0	0,0	0,0	0,2	298	149
1650	5,8	17,36	8,7	18,23	284	149
1651	5,6	16,8	4,7	10,9	298	149
1652	18,36	16,8	18,23	10,9	180	149
1653	1,2	187,251	3,0	227,296	152	149
1654	8,4	1,1	0,0	2,0	153	149
1655	11,5	10,3	1,0	6,15	153	149
1656	2,1	46,39	0,3	24,24	188	149
1658	68,73	118,177	41,98	109,140	244	149
1659	85,93	118,177	54,71	109,140	298	149
1660	142,125	67,72	85,95	41,95	298	149
1661	9,19	245,279	6,10	159,256	194	149
1662	4,3	56,57	8,14	28,53	181	149
1663	127,125	9,8	68,85	15,21	173	149
1664	11,19	1,2	0,15	0,0	173	149
1667	74,58	0,2	37,71	0,0	191	149
1668	0,0	42,53	0,2	45,44	221	149
1670	805,894	4,0	496,947	0,0	158	149
1671	7,5	5845,6371	4,4	4621,6181	153	149
1672	59,103	58,73	32,95	47,41	278	149
1673	208,252	66,67	156,254	9,8	218	149
1675	1,4	462,494	5,6	289,521	298	149
1676	1348,2457	2,1	680,1009	0,0	221	149
1677	10,1	1001,1175	2,1	749,1062	154	149
1678	233,316	0,0	194,221	0,2	206	149
1680	1,0	130,176	0,0	108,187	153	149
1681	188,242	2,0	204,259	3,2	152	149
1682	0,2	74,79	0,5	36,62	153	149
1683	9,13	93,106	1,3	67,72	298	149
1685	37,53	5,3	26,63	0,2	274	149
1686	58,72	18,16	49,71	10,25	298	149
1687	67,98	2,0	47,70	0,2	298	149
1688	0,3	132,140	2,2	75,127	298	149
1691	1,2	288,368	0,0	208,298	298	149
1692	61,69	264,271	50,87	188,320	298	149
1693	20,12	57,60	1,17	49,84	170	149
1694	45,71	1064,1397	37,42	845,1189	298	149
1695	5,7	231,282	8,2	147,208	298	149
1696	587,740	0,3	442,646	0,1	298	149
1697	105,138	7,9	93,123	0,5	170	149
1698	26,24	22,14	20,11	0,2	162	149
1699	9,12	2469,2668	8,10	1613,2546	153	149
1700	2,8	142,232	1,9	86,135	298	149
1701	1,4	3,0	0,3	0,0	203	149
1702	18,23	3,0	13,28	0,0	298	149
1703	21,33	1,4	24,37	0,3	298	149
1704	158,227	0,2	130,188	8,0	298	149
1705	5,7	848,1033	1,3	574,939	209	149
1706	8,7	39,35	0,6	26,28	298	149
1707	7,11	185,245	2,6	205,241	243	149
1708	64,97	33,10	42,77	6,17	298	149
1709	15,27	4,3	18,29	1,2	298	149
1711	0,1	1,0	2,1	0,0	154	149
1712	13,4	21,23	9,7	18,27	154	149
1713	3,0	24,28	2,13	19,20	181	149
1714	234,259	1,3	178,363	7,0	278	149
1715	100,91	10,18	81,108	8,8	298	149
1718	4,4	9,10	2,10	44,37	153	149
1719	12,23	1,5	5,2	4,9	165	149
1720	11,22	8,12	8,15	10,17	298	149
1721	7,12	8,12	5,17	10,17	193	149
1722	13,10	1420,1586	8,25	1208,1712	298	149
1723	108,86	148,149	86,156	135,231	153	149
1724	7,7	118,130	4,4	101,157	298	149
1725	2,1	115,93	1,0	46,97	153	149
1726	367,431	11,20	367,518	40,53	151	149
1727	777,997	19,19	719,1027	16,34	250	149
1728	37,42	12,32	8,8	29,47	184	149
1729	0,0	92,176	0,2	98,105	158	149
1730	8,6	9,7	27,18	13,13	186	149
1731	13,19	40,39	7,22	24,28	242	149
1733	3,0	360,460	0,0	253,459	153	149
1736	4,4	71,103	5,14	55,84	298	149
1737	52,60	24,41	27,32	25,23	298	149
1738	67,116	734,1024	27,57	402,581	171	149
1739	53,61	146,179	13,47	87,158	298	149
1740	198,236	18,20	151,242	6,8	298	149
1741	3,7	262,162	3,11	138,193	298	149
1742	120,140	0,5	103,151	3,0	173	149
1743	3,7	36,68	5,1	52,69	224	149
1744	31,36	226,311	13,12	230,273	176	149
1745	20,31	247,377	7,4	310,476	211	149
1746	39,25	11,13	15,21	5,3	164	149
1747	3,3	6,2	1,7	0,0	164	149
1748	1,0	79,114	0,2	56,128	170	149
1750	0,0	236,439	0,1	174,316	185	149
1752	663,904	29,23	386,583	15,20	298	149
1753	16,37	3,10	23,20	13,6	298	149
1754	80,99	3,1	85,143	4,6	298	149
1755	102,129	1,2	69,147	0,4	261	149
1756	295,402	3,10	196,287	2,1	247	149
1758	36,30	124,143	48,63	92,145	233	149
1759	178,261	0,0	145,176	0,2	291	149
1760	11,25	121,205	2,11	102,125	218	149
1761	464,428	0,1	319,506	0,0	298	149
1763	136,179	20,11	130,194	3,2	155	149
1764	27,32	0,0	11,35	0,3	153	149
1765	413,518	3,3	347,474	3,0	152	149
1767	116,127	110,106	50,75	92,108	184	149
1768	142,139	0,1	84,149	0,0	298	149
1769	7,7	4,15	2,0	4,9	154	149
1770	0,1	24,29	0,0	8,13	154	149
1772	8,11	527,661	7,5	459,669	152	149
1773	1,0	133,129	0,2	79,105	155	149
1774	119,175	439,601	81,93	345,550	288	149
1775	14,19	58,117	30,43	39,68	258	149
1776	9,10	77,100	7,6	78,77	298	149
1777	0,0	598,750	2,1	397,696	153	149
1778	2,1	484,475	2,6	355,505	298	149
1780	71,92	3,11	32,52	1,4	152	149
1782	41,95	2,0	43,80	0,0	161	149
1783	0,0	265,313	0,1	140,255	161	149
1784	0,2	164,220	1,5	109,200	170	149
1785	7,22	611,858	25,47	450,556	173	149
1787	16,22	8,3	8,14	2,0	298	149
1791	214,180	3,8	159,231	2,2	281	149
1792	0,3	126,130	0,0	56,86	203	149
1793	490,597	165,196	44,47	438,788	155	149
1794	228,293	0,0	139,242	0,1	298	149
1795	178,286	1,0	152,214	0,0	157	149
1796	0,2	172,131	2,0	76,119	221	149
1799	97,80	4,0	32,59	0,4	298	149
1800	76,78	0,0	39,52	0,1	298	149
1801	0,3	27,30	3,1	11,24	298	149
1802	0,0	75,18	2,0	31,54	298	149
1803	77,104	0,2	90,198	0,0	298	149
1804	0,7	90,90	8,8	49,80	161	149
1805	371,499	10,7	387,688	4,1	161	149
1806	1,0	22,46	0,0	43,67	183	149
1807	45,74	0,0	46,67	0,2	273	149
1808	0,3	120,117	6,4	73,119	298	149
1811	95,107	0,0	72,119	1,0	298	149
1812	2284,2764	0,0	1617,2687	1,0	298	149
1813	6,12	129,109	3,3	95,86	222	149
1814	72,88	1158,1304	44,82	681,1114	298	149
1815	51,55	46,61	52,52	30,29	161	149
1816	3,5	5,5	0,3	5,8	153	149
1817	6,10	14,18	3,6	14,26	151	149
1820	12,22	161,188	2,8	93,148	160	149
1821	6,4	35,58	9,11	42,53	173	149
1822	86,137	0,2	98,174	1,0	296	149
1823	8,17	83,132	11,38	94,170	298	149
1824	258,369	38,52	152,253	37,50	298	149
1825	1101,1534	155,200	1103,1633	17,48	228	149
1826	6,7	259,292	9,8	175,310	298	149
1828	2,6	155,130	0,2	108,150	298	149
1829	2,5	6,13	0,2	1,3	298	149
1830	21,15	3964,4973	21,37	4456,6025	152	149
1832	235,318	12,9	207,299	5,4	182	149
1833	70,109	44,29	55,70	20,31	259	149
1834	65,80	136,162	6,11	150,219	155	149
1835	13,22	25,32	27,17	20,19	298	149
1836	2,0	123,91	1,1	64,89	298	149
1837	44,58	187,278	37,64	147,164	211	149
1838	6,4	257,282	4,11	222,290	298	149
1840	78,136	21,8	65,123	9,14	237	149
1841	9,16	97,95	8,19	49,68	298	149
1842	64,76	210,252	55,78	105,154	161	149
1843	4426,5235	11,13	5012,7659	8,8	152	149
1844	24,29	3,7	20,39	6,7	298	149
1845	2,4	55,59	6,9	38,50	204	149
1846	3,0	6,4	0,1	4,8	298	149
1847	19,15	69,63	19,24	114,190	298	149
1848	1,12	0,5	11,23	2,0	298	149
1849	7,24	0,9	33,45	0,0	298	149
1850	14,31	43,73	13,33	118,166	206	149
1851	13,9	794,1055	9,18	655,1130	298	149
1852	1,0	43,27	0,0	27,32	177	149
1853	57,28	3,2	20,41	12,16	298	149
1854	0,4	17,17	1,1	6,15	298	149
1855	69,68	3,0	36,49	4,0	217	149
1859	32,64	38,32	34,59	43,104	176	149
1863	12,31	610,948	12,27	564,769	298	149
1865	5,6	9,4	5,15	8,2	166	149
1866	3,10	392,554	1,9	308,441	298	149
1867	10,9	392,554	9,7	308,441	298	149
1869	16,38	72,107	32,68	51,76	249	149
1870	25,54	5,2	32,38	0,0	161	149
1871	6,17	18,19	17,6	6,16	247	149
1872	416,468	18,8	389,732	12,8	155	149
1873	0,0	70,65	0,1	32,45	155	149
1878	22,22	1,2	11,24	2,1	298	149
1879	28,51	0,0	21,38	3,0	267	149
1880	35,44	12,21	11,4	23,24	177	149
1882	65,83	71,85	15,45	47,87	298	149
1883	1,5	3,2	3,9	0,0	200	149
1884	1297,1850	1039,1428	1297,1639	586,769	298	149
1885	621,614	4,0	313,406	0,3	170	149
1886	274,285	0,3	148,206	1,0	170	149
1887	288,288	6,8	168,227	4,3	170	149
1888	239,248	6,6	134,176	3,2	170	149
1889	299,315	6,6	159,220	3,2	191	149
1890	269,274	6,6	144,203	3,2	233	149
1891	64,73	4,6	29,44	4,0	170	149
1892	34,32	4,6	14,27	4,0	212	149
1893	19,8	34,43	5,7	16,21	191	149
1894	436,404	0,0	212,350	0,1	233	149
1895	235,242	0,0	131,177	0,2	170	149
1896	641,621	0,0	313,436	0,2	212	149
1897	406,379	0,0	183,260	1,1	191	149
1898	4,1	2,6	0,0	0,1	168	149
1900	24,32	13,11	24,25	3,7	298	149
1904	0,0	3,2	0,2	0,0	171	149
1905	5,20	273,360	10,15	218,315	227	149
1907	33,42	213,238	68,110	125,206	160	149
1909	137,172	121,121	60,129	81,95	176	149
1910	0,0	18,8	1,1	6,20	298	149
1912	1,1	262,352	2,0	182,302	157	149
1914	2,0	48,37	0,2	20,30	167	149
1916	0,0	357,434	0,1	329,442	155	149
1917	5,6	145,191	8,6	120,174	151	149
1919	28,40	73,91	20,31	142,250	160	149
1920	2,3	27,23	0,6	28,20	153	149
1921	32,48	13,13	36,36	2,18	153	149
1922	29,37	124,106	23,36	79,129	161	149
1923	1,0	124,106	2,2	79,129	173	149
1925	25,36	57,100	26,43	61,93	186	149
1926	192,216	8,9	86,165	5,14	160	149
