ID	IJC_SAMPLE_1	SJC_SAMPLE_1	IJC_SAMPLE_2	SJC_SAMPLE_2	IncFormLen	SkipFormLen
0	36,46	37,45	13,40	35,47	232	149
2	11,8	128,196	3,13	93,176	178	149
3	517,593	36,49	374,540	17,37	158	149
4	544,755	16,44	390,645	29,32	155	149
6	250,267	0,0	146,247	0,1	155	149
7	94,109	0,1	51,83	0,0	152	149
8	206,180	0,0	120,182	1,0	159	149
10	962,1195	0,0	621,1014	4,5	153	149
11	46,62	7,7	18,44	5,18	182	149
13	28,24	207,249	15,36	182,305	160	149
14	9,11	234,257	9,9	132,208	310	149
15	470,498	0,4	385,576	4,1	154	149
17	734,1074	5,12	652,1088	6,12	156	149
18	20,23	87,81	3,8	49,95	152	149
19	124,90	20,23	52,70	14,26	157	149
21	301,320	12,8	185,287	12,7	167	149
22	205,252	0,1	125,241	2,0	152	149
23	5,4	4,11	0,0	0,1	161	149
24	14,27	2,1	0,4	0,1	295	149
25	3358,4954	444,707	3655,5723	833,1224	155	149
26	17,13	10,25	8,12	5,12	158	149
27	27,34	95,79	13,17	57,89	161	149
28	17,31	97,136	22,42	72,115	170	149
29	43,86	33,28	51,73	28,59	347	149
30	44,91	201,208	54,82	92,159	359	149
31	34,33	201,208	31,68	92,159	161	149
33	5,3	173,199	3,12	124,221	332	149
34	51,83	39,62	30,27	29,46	156	149
36	143,172	10,5	93,156	6,17	152	149
37	14,23	83,144	29,31	140,175	186	149
38	195,266	6,12	134,219	4,4	152	149
39	24,27	20,17	11,19	8,10	169	149
43	85,105	373,484	67,130	280,519	236	149
44	148,187	9,17	63,87	9,12	180	149
45	4,1	16,13	5,5	11,8	159	149
46	10,9	34,61	13,24	24,45	164	149
47	2,1	56,59	0,0	27,48	166	149
48	17,10	33,36	7,22	23,43	167	149
49	192,204	7,16	88,176	6,17	458	149
50	114,110	7,16	46,68	6,17	499	149
51	10,21	84,113	11,11	51,117	190	149
52	105,120	0,0	67,95	5,0	152	149
53	49,50	0,2	36,65	0,0	162	149
54	281,275	1,0	220,326	0,0	449	149
55	28,29	24,48	46,43	37,47	152	149
56	51,54	3,0	37,84	1,2	747	149
57	14,22	3,2	7,13	2,5	243	149
58	15,21	2,1	13,17	2,0	227	149
59	8,4	29,48	15,16	9,22	152	149
60	0,1	25,78	0,0	32,67	197	149
62	65,78	21,41	37,44	24,38	152	149
63	1662,1813	0,0	1377,1912	3,0	154	149
64	39,66	61,73	28,45	44,68	297	149
68	151,137	3,4	105,199	2,2	164	149
70	309,426	51,55	233,355	25,66	152	149
71	56,33	5,8	11,29	0,0	210	149
74	6,2	7,12	1,0	6,2	158	149
75	7,1	5,0	1,0	3,1	158	149
76	20,18	2,9	20,25	1,2	152	149
77	13,15	2,4	9,35	1,4	211	149
79	18,50	7,36	41,68	22,41	234	149
80	146,192	4,5	128,222	0,2	356	149
81	55,66	18,21	71,99	17,39	170	149
83	265,274	3,9	246,349	25,25	298	149
84	15,16	64,93	13,32	24,49	152	149
85	8,5	128,177	5,6	79,157	165	149
86	389,368	110,118	221,349	52,90	152	149
87	435,461	107,179	290,458	74,125	152	149
89	207,240	60,43	151,229	36,57	164	149
90	1,5	129,135	9,0	84,123	317	149
91	1,9	3,7	3,7	8,14	182	149
92	32,32	311,413	24,53	255,407	158	149
93	2,14	59,121	6,15	59,101	167	149
94	1554,2193	4,3	1287,1897	0,0	153	149
95	221,224	796,966	102,160	485,799	232	149
97	118,209	30,39	73,109	15,25	230	149
98	13,11	131,115	3,7	125,156	163	149
99	14,16	0,0	7,24	0,1	164	149
100	125,187	192,209	128,251	125,187	156	149
101	465,589	0,0	385,368	2,1	288	149
102	0,2	348,484	2,1	256,449	182	149
103	619,799	28,20	475,713	5,30	161	149
104	1237,1541	0,0	1017,1613	0,1	167	149
105	245,273	1,4	88,235	4,4	172	149
106	55,38	7220,9380	47,97	6529,10167	158	149
107	11,16	5,1	15,22	2,2	164	149
108	0,0	17,29	0,4	13,13	165	149
109	542,598	4,7	479,594	0,2	710	149
110	9,8	14,20	3,12	9,21	152	149
111	28,28	0,1	19,19	1,0	184	149
112	0,0	7,3	1,0	1,1	152	149
113	30,27	8,16	16,18	13,18	158	149
114	81,112	0,0	46,78	0,2	184	149
115	89,116	0,2	48,89	0,3	328	149
118	167,186	3,1	92,158	1,3	222	149
119	8,17	83,78	2,11	31,78	170	149
120	6,4	363,466	4,11	390,654	185	149
121	69703,78263	215,222	73456,116623	188,354	170	149
122	95,93	2,2	17,50	3,5	206	149
124	33,24	16,39	20,42	18,29	758	149
125	68,101	16,39	52,84	18,29	801	149
126	35,78	0,1	35,46	0,0	192	149
127	102,113	36,30	75,139	53,60	353	149
128	78,113	55,60	58,96	65,81	411	149
129	25,28	2,0	23,34	5,8	166	149
130	7,18	744,1056	14,29	631,1052	330	149
132	263,367	12,34	171,225	20,21	484	149
133	62,72	749,980	46,47	605,950	168	149
134	14,20	0,1	12,17	0,0	195	149
135	83,87	48,58	34,88	33,29	154	149
136	1,11	233,296	2,12	238,403	318	149
137	1,5	35,89	0,1	15,58	155	149
138	6,0	9,4	1,0	2,0	152	149
139	1317,1837	3,0	1161,1778	4,0	177	149
141	0,2	30,32	0,0	21,19	161	149
142	39,52	227,298	32,42	196,274	321	149
144	56,77	8,4	58,85	5,6	152	149
145	7,2	251,292	3,4	134,253	197	149
146	373,541	145,182	295,394	75,159	209	149
147	4429,6651	5,2	4839,7510	8,7	218	149
148	277,288	26,47	103,206	19,22	171	149
149	21,13	2,6	11,24	4,8	158	149
150	17,20	18,7	9,18	25,32	157	149
152	38,42	1,0	25,48	0,0	437	149
154	8,9	1,4	15,22	1,2	161	149
155	396,531	66,118	396,575	49,85	582	149
156	18,31	113,145	5,22	111,189	179	149
157	34,34	0,1	18,42	2,0	158	149
158	10,5	76,72	5,5	56,85	415	149
161	15,7	0,1	6,10	0,0	155	149
162	37,53	35,45	23,56	15,30	164	149
163	61,107	0,3	62,68	2,2	162	149
164	16,13	105,199	15,16	86,123	161	149
165	82,109	9,8	50,74	7,7	210	149
166	286,402	12,23	285,498	20,25	188	149
167	33,31	72,111	30,45	68,106	166	149
169	43,59	349,336	32,42	208,343	152	149
170	5,7	127,103	1,2	82,97	298	149
171	42,80	2,0	35,58	0,4	156	149
172	534,668	56,69	359,601	61,76	283	149
173	146,161	13,26	93,136	9,7	152	149
174	6,7	145,198	11,17	147,198	190	149
176	131,167	3,4	111,132	6,2	152	149
177	120,161	0,2	90,102	0,1	161	149
178	213,247	9,3	156,232	2,2	343	149
179	20,11	0,5	4,11	6,3	171	149
180	1511,1497	28,33	1081,1583	7,17	152	149
183	267,322	57,86	192,328	59,35	164	149
184	245,314	0,2	176,368	0,0	156	149
185	9,13	64,59	8,13	42,51	209	149
186	406,472	0,0	445,592	2,2	152	149
188	35,29	1,0	21,51	0,0	152	149
189	8,6	0,3	7,5	1,1	155	149
190	2,1	2,4	2,0	5,7	178	149
191	260,280	3,4	202,248	3,10	155	149
192	2,5	165,153	0,3	111,167	176	149
193	58,68	75,113	46,62	86,134	159	149
194	15,15	134,179	12,17	108,140	182	149
195	582,769	43,62	541,824	43,67	161	149
197	89,115	46,62	64,120	24,27	163	149
198	25,23	122,164	10,5	91,125	168	149
199	101,113	406,449	65,99	326,491	340	149
201	88,127	28,30	89,110	12,32	202	149
203	37,25	0,0	13,30	5,2	156	149
204	59,51	0,0	35,47	5,2	162	149
205	23,26	1,0	24,17	2,0	155	149
206	7,20	471,562	6,18	337,516	303	149
207	10,14	25,20	10,16	10,10	163	149
208	7,10	103,79	4,11	51,77	152	149
209	2,16	0,0	19,20	0,1	154	149
211	10,10	593,596	5,21	370,556	152	149
212	16,6	16,10	6,12	6,9	170	149
213	81,104	85,149	16,44	84,186	152	149
214	292,340	9,13	211,320	4,8	160	149
215	105,88	851,803	146,242	590,817	152	149
216	57,36	1083,1029	50,57	790,1197	173	149
217	53,87	7,6	44,90	0,5	161	149
218	0,0	1,1	5,1	8,7	157	149
219	26,21	8,21	32,23	11,17	152	149
220	11,6	464,528	1,14	354,483	299	149
221	26,19	91,61	49,60	161,219	152	149
222	212,246	158,282	134,236	139,299	152	149
223	3,12	479,505	2,14	437,608	157	149
224	67,112	0,0	33,74	0,2	152	149
225	12,34	444,560	16,33	306,451	152	149
226	5,7	555,603	2,7	332,535	180	149
227	11,7	47,32	6,13	36,18	152	149
228	17,27	120,155	8,15	100,130	203	149
229	57,60	120,155	40,68	100,130	224	149
230	42,38	2,5	32,55	0,2	170	149
231	67,111	26,24	50,96	14,29	152	149
232	73,61	116,102	34,43	106,109	158	149
236	88,100	37,56	50,100	44,48	152	149
237	90,86	2,4	46,63	1,3	336	149
238	12,17	6,8	13,13	4,1	177	149
239	19,25	6,8	19,20	4,1	210	149
240	11,11	4,3	6,10	0,3	182	149
241	2,5	154,181	1,3	122,152	153	149
242	1,2	46,44	3,6	33,63	152	149
243	53,65	0,0	55,88	1,0	194	149
244	695,802	2,4	566,758	2,0	156	149
245	10990,14251	128,158	8918,12657	140,195	155	149
246	476,621	128,158	350,556	140,195	254	149
247	78,130	10592,13760	59,80	8627,12181	248	149
248	4,6	96,122	7,1	77,93	203	149
249	2,5	12,14	6,6	6,7	162	149
250	126,131	12,11	71,111	13,0	182	149
253	169,251	0,1	111,199	0,0	325	149
254	71,105	73,92	44,139	32,64	152	149
255	9,20	0,2	9,8	5,1	167	149
256	47,79	0,2	37,76	5,1	189	149
257	43,61	5,2	33,69	5,1	171	149
259	691,939	23,18	487,878	19,26	459	149
260	18,13	143,167	11,32	84,145	189	149
261	76,129	1,0	94,136	0,0	298	149
262	12,33	546,739	27,43	1222,1582	341	149
263	272,364	3,1	174,304	1,0	417	149
264	74,112	113,156	52,75	83,146	266	149
265	1,0	1,1	0,0	1,1	160	149
266	228,233	13,24	140,266	5,24	152	149
267	44,53	19,12	32,64	8,16	165	149
268	183,149	186,165	162,273	84,142	152	149
269	366,370	21,10	278,394	15,15	161	149
270	245,224	29,13	157,221	12,18	186	149
271	72,54	29,13	63,64	12,18	198	149
272	21,20	194,190	22,28	116,185	161	149
273	5,5	96,116	3,2	74,118	155	149
274	107,161	4,4	80,129	3,11	337	149
275	7,6	0,1	2,1	0,0	161	149
277	7,20	0,1	5,34	1,2	509	149
278	0,0	2,0	1,0	0,0	152	149
280	415,572	1,0	386,501	1,0	290	149
281	7,11	35,73	17,22	31,61	161	149
282	89,165	35,73	99,157	31,61	180	149
283	82,155	0,1	82,135	0,0	168	149
284	15,9	16,6	7,17	4,8	158	149
285	272,381	22,23	517,746	37,41	152	149
286	174,234	116,221	323,535	187,339	152	149
287	79,91	35,52	63,78	11,31	165	149
288	10,3	136,166	8,11	61,99	160	149
289	38,41	8,3	19,39	1,2	160	149
290	1758,2162	0,2	1256,2125	0,2	307	149
291	0,1	34,22	0,0	37,49	176	149
292	25,23	0,3	14,14	2,0	209	149
293	160,199	0,2	125,213	1,0	156	149
294	24,43	187,175	17,21	102,200	163	149
295	12,22	50,47	18,25	51,63	152	149
296	6,14	55,79	3,2	35,69	154	149
297	105,103	28,28	63,109	16,24	168	149
298	42,62	12,30	38,81	18,29	162	149
299	770,1161	316,306	729,1119	144,288	1691	149
300	740,1129	316,306	709,1067	144,288	1678	149
301	3,4	108,177	10,12	216,291	291	149
302	254,218	11,13	87,195	1,0	158	149
303	38,28	8,13	24,30	12,8	152	149
304	5,1	1,0	2,0	0,0	163	149
305	35,47	0,6	30,61	0,0	168	149
306	629,812	598,811	533,820	484,781	212	149
307	5,2	9,18	6,1	29,15	162	149
308	5,6	4,5	9,4	1,1	167	149
309	9,22	4,5	32,18	1,1	154	149
310	129,171	1,7	71,124	3,10	155	149
311	51,57	103,160	61,91	41,120	152	149
312	25,11	14,20	15,15	11,22	212	149
314	38,79	67,83	36,38	39,65	278	149
316	35,41	573,608	17,49	404,734	503	149
317	1,1	208,250	3,2	118,135	173	149
318	1,5	106,139	2,0	92,134	168	149
319	24,28	6,12	14,15	1,6	155	149
321	13,24	99,85	5,8	39,59	326	149
323	890,1181	0,0	787,1443	1,0	336	149
324	1036,1339	19,34	937,1453	21,24	170	149
325	43,32	695,751	35,52	567,816	194	149
328	66,94	0,2	72,108	2,2	158	149
330	42,44	16,18	26,47	17,34	152	149
331	81,109	3,6	60,99	0,0	222	149
332	97,120	3,6	65,105	0,0	226	149
333	16,11	0,0	5,7	0,1	153	149
334	209,257	30,40	155,255	5,12	226	149
335	605,944	217,321	754,1151	137,155	169	149
337	28,30	753,884	43,74	768,1057	158	149
338	32,34	47,67	9,24	40,61	159	149
339	80,88	30,22	26,53	18,31	222	149
340	5,9	39,54	0,3	10,26	174	149
341	118,136	6,0	111,150	0,2	170	149
342	123,137	9,8	113,155	13,3	387	149
343	12,2	9,8	2,7	13,3	366	149
344	2,0	21,4	0,1	4,15	168	149
346	6,18	9,9	5,11	2,12	154	149
347	278,389	17,11	266,423	16,31	191	149
348	689,940	30,29	500,869	13,13	152	149
349	1470,1795	288,271	1315,2171	182,340	322	149
350	161,125	0,1	102,142	0,0	152	149
351	19,45	2,10	15,25	13,30	280	149
352	23,53	5406,8177	24,47	4652,7625	305	149
353	6,18	5406,8177	22,52	4652,7625	174	149
354	5,15	10,12	10,30	10,8	174	149
355	48,60	52,69	47,60	20,52	154	149
356	35,35	1,0	16,33	0,0	186	149
357	481,522	6,3	354,540	6,10	262	149
358	760,921	116,120	318,558	94,128	447	149
359	9,5	362,396	1,12	190,336	194	149
360	7,8	24,19	7,7	7,10	152	149
361	0,0	1995,2371	2,2	1956,3067	173	149
362	20,22	20,31	6,15	14,25	159	149
363	214,285	8,3	176,288	2,4	160	149
364	170,237	76,129	132,255	64,91	225	149
365	185,220	56,61	145,190	39,51	545	149
366	0,3	1965,2542	8,15	2077,2896	414	149
367	116,115	3,18	46,84	2,12	224	149
368	2,14	544,740	2,5	454,610	160	149
369	514,675	3,5	419,577	3,2	164	149
370	30,18	37,48	17,26	37,41	166	149
371	35,38	16,17	26,35	4,7	209	149
372	42,68	16,17	46,50	4,7	192	149
373	0,1	1,13	0,0	0,6	163	149
374	0,2	246,322	3,0	318,441	163	149
375	38,24	1,0	1,8	0,0	153	149
376	17,22	3,0	1,9	0,0	153	149
377	68,80	1,2	45,88	1,1	400	149
378	61,66	99,110	30,57	67,79	185	149
379	186,224	6,0	143,172	0,0	195	149
381	27,27	558,621	21,34	460,594	428	149
382	1,0	23,13	0,0	9,24	162	149
383	6,3	20,7	4,4	7,11	152	149
385	101,128	500,687	130,211	360,578	270	149
386	325,531	101,144	278,420	102,169	185	149
387	127,139	2,2	75,129	0,1	158	149
388	6,14	1,0	15,17	0,0	158	149
390	124,159	6,3	56,113	4,10	155	149
392	41,81	7,8	39,85	8,14	242	149
393	480,530	95,130	336,418	109,138	152	149
394	242,120	5,13	130,214	13,11	275	149
397	188,220	16,18	125,208	4,12	152	149
398	48,58	621,739	41,59	492,752	162	149
400	31,15	0,1	15,27	0,0	323	149
401	21,9	303,314	6,30	235,282	627	149
402	2,5	475,653	4,2	393,605	152	149
403	4,8	298,397	4,14	281,439	289	149
404	43,69	123,187	20,35	138,199	152	149
405	10,25	615,756	8,13	432,769	251	149
406	1,0	10,14	0,0	14,7	158	149
407	7,2	134,250	4,6	123,194	170	149
408	299,379	243,325	217,320	174,269	185	149
409	663,956	0,0	483,773	1,0	153	149
410	4,6	6,6	0,2	0,0	158	149
411	204,224	23,15	182,261	16,18	160	149
412	116,79	92,94	26,49	22,19	152	149
415	92,133	4,5	56,48	2,1	158	149
416	121,143	7,2	69,88	5,3	154	149
417	79,86	4,1	53,87	2,0	173	149
419	6,12	264,310	10,7	355,525	169	149
420	67,77	0,0	31,38	0,3	176	149
421	50,82	115,147	55,75	105,143	158	149
422	11,14	13,12	8,13	16,17	172	149
423	5,0	1,1	2,2	0,5	283	149
425	430,584	2,8	377,585	4,4	223	149
426	128,117	371,420	89,127	266,351	152	149
427	8,23	413,579	14,16	362,511	161	149
429	195,223	182,219	145,199	92,123	153	149
430	9,20	3,1	8,21	2,4	153	149
431	25,49	6,2	30,32	1,0	499	149
432	31,51	1,5	44,64	0,0	156	149
434	593,817	841,923	500,840	447,745	605	149
435	3,6	7,22	1,8	6,14	152	149
436	1168,1358	922,1078	1258,1813	987,1360	192	149
437	52,36	16,15	16,31	3,35	158	149
438	6,1	60,71	0,4	55,123	170	149
439	28,25	132,204	7,14	102,113	152	149
440	1,2	144,173	3,1	108,123	191	149
441	1,10	56,60	1,12	28,40	152	149
442	19,4	40,70	4,6	34,40	161	149
443	25,25	259,365	34,63	151,263	164	149
444	484,680	0,1	395,580	0,0	198	149
445	2,9	45,57	11,15	26,57	157	149
446	2658,3268	39,49	2348,3664	25,48	152	149
447	9,6	13,15	8,11	4,15	164	149
448	0,1	35,25	1,0	12,30	152	149
450	210,179	0,2	98,165	0,0	155	149
451	60,62	54,57	28,39	36,73	152	149
452	2,1	154,229	1,1	138,263	167	149
453	95,91	0,1	58,113	0,0	608	149
454	7,4	60,83	6,11	49,83	183	149
455	115,135	11,14	75,133	2,9	644	149
456	21,19	3,1	13,16	1,2	384	149
457	10,15	20,13	13,14	8,24	210	149
458	34,55	11,19	43,59	13,12	166	149
460	5,1	69,58	3,0	33,48	161	149
461	49,73	146,178	30,45	97,138	152	149
462	59,38	16,8	28,47	11,17	152	149
463	1,1	34,43	1,0	27,33	297	149
464	3,2	6,4	1,0	2,8	158	149
468	306,350	23,21	303,414	16,29	191	149
469	23,31	83,117	38,47	79,106	152	149
470	18,15	64,53	13,10	23,52	152	149
475	283,331	705,889	279,437	453,695	431	149
476	740,854	1,2	464,774	2,3	167	149
477	108,124	9,18	50,83	3,12	155	149
479	43,47	15,3	38,74	3,4	204	149
480	48,53	329,419	40,81	260,422	207	149
481	53,60	112,150	46,90	83,157	210	149
482	20,9	329,419	5,11	260,422	152	149
483	25,16	112,150	11,20	83,157	155	149
484	334,426	112,150	266,431	83,157	152	149
485	8,2	7,10	0,1	12,4	165	149
486	11,4	11,12	0,4	10,18	187	149
488	22,22	0,0	6,15	1,0	228	149
489	10,12	11,12	12,7	10,18	171	149
491	21,30	0,0	18,18	1,0	212	149
493	22,30	0,0	16,29	1,0	190	149
494	10,14	0,0	4,8	1,0	177	149
495	44,56	3,1	48,35	1,0	168	149
496	5060,7478	59,90	4361,6431	46,67	168	149
497	5253,7740	40,53	4510,6692	26,52	178	149
498	252,352	40,53	195,328	26,52	159	149
499	65,84	4560,6207	48,97	3675,5769	152	149
500	560,796	20,7	415,650	6,11	189	149
501	185,256	1,3	113,183	0,8	153	149
502	4,8	53,58	0,3	33,58	171	149
503	12,4	53,60	7,20	70,102	159	149
504	54,63	20,17	19,39	5,8	154	149
505	88,109	20,17	52,81	5,8	213	149
506	84,105	50,59	48,79	15,37	208	149
507	20,36	1270,1583	13,24	867,1492	301	149
508	3,2	70,100	0,5	60,109	166	149
509	4,10	142,137	6,4	113,143	188	149
510	397,415	952,1034	301,470	616,872	158	149
512	49,63	92,156	36,64	80,97	190	149
513	197,212	0,0	64,143	0,2	179	149
514	551,575	56,88	383,574	25,64	164	149
515	17,8	4,6	10,5	1,9	325	149
517	162,174	0,2	76,185	0,0	179	149
518	22,22	50,32	21,24	26,30	152	149
520	21,28	22,18	21,33	26,24	152	149
521	8,10	966,984	10,12	606,974	286	149
522	50,102	3,12	79,136	1,2	503	149
523	29,42	49,81	16,35	34,61	160	149
524	537,690	462,679	679,924	457,657	152	149
525	122,195	1042,1409	173,298	1004,1622	164	149
526	58,58	83,102	41,59	36,71	162	149
527	1,0	3,3	0,0	0,2	168	149
528	0,0	1,1	0,1	4,5	190	149
529	50,20	19,5	23,27	8,15	180	149
530	6,1	1,0	1,4	0,0	155	149
532	1,4	160,199	0,1	129,171	168	149
534	51,54	3,3	36,64	0,1	195	149
535	144,176	23,33	143,253	16,27	163	149
536	160,163	31,25	129,232	18,37	159	149
537	25,42	1,0	10,13	0,0	156	149
539	87,158	2,12	97,178	11,13	176	149
542	8,22	0,0	13,26	0,2	196	149
543	118,129	52,66	69,123	34,74	171	149
544	9,0	1,0	2,1	1,0	173	149
545	0,3	163,165	1,2	110,167	152	149
546	41,66	1,3	46,55	0,2	152	149
547	92,116	36,73	70,75	33,49	152	149
548	18,42	13,32	13,18	18,19	411	149
549	20,45	97,131	15,27	86,87	667	149
550	578,691	0,0	434,687	0,1	166	149
551	516,507	5,3	264,417	2,2	164	149
552	391,476	8,9	230,396	16,6	155	149
554	378,480	7,7	219,404	1,5	263	149
556	49,62	1114,1355	53,71	858,1434	353	149
558	11,14	481,509	21,32	539,794	417	149
559	382,423	1,2	321,479	3,1	153	149
560	2,3	205,230	2,0	130,217	155	149
562	70,101	17,23	132,197	35,84	537	149
563	6,6	66,108	3,1	54,86	168	149
564	1135,2085	2,0	1428,2098	7,4	155	149
565	111,100	23,9	110,204	20,29	158	149
566	199,199	4,1	207,244	9,12	232	149
567	355,463	203,278	335,590	158,242	1216	149
568	0,3	5,3	0,5	1,0	158	149
569	133,225	7,16	105,170	4,11	845	149
570	65,131	13,19	61,104	11,18	255	149
572	126,170	0,0	73,146	1,0	275	149
573	182,289	68,104	120,226	95,106	275	149
574	195,204	28,28	141,200	22,43	155	149
576	40,39	7,21	33,30	9,8	155	149
577	82,98	7,21	52,85	9,8	158	149
578	76,93	34,34	49,80	30,25	152	149
579	0,0	9,2	0,2	5,2	171	149
580	5,3	1,0	1,4	2,0	170	149
581	557,518	0,1	226,365	0,0	348	149
582	0,1	4,3	0,1	0,3	161	149
584	172,215	4,1	107,164	1,8	564	149
585	47,106	1,8	43,90	0,0	164	149
586	82,53	0,0	56,78	0,1	164	149
587	0,6	10,14	6,8	1,12	191	149
588	20,19	8,5	14,29	5,7	282	149
590	16,23	616,769	6,18	381,558	342	149
591	137,172	0,5	83,156	2,1	212	149
592	2,1	98,108	1,0	67,122	155	149
593	129,158	2,0	89,149	1,5	772	149
594	581,703	974,1137	445,669	688,1137	674	149
595	76,113	139,142	74,117	79,128	160	149
596	86,84	102,127	37,55	92,138	152	149
597	127,149	21,15	88,127	8,13	152	149
598	25,16	3,5	12,13	1,7	169	149
600	100,134	23,18	125,225	12,20	184	149
601	578,743	275,332	562,776	185,244	152	149
602	19,31	6,7	17,23	1,5	224	149
605	37,57	7,13	20,33	4,7	160	149
607	55,40	9,8	31,59	2,6	162	149
608	45,34	6,8	29,47	3,4	321	149
610	4,10	64,80	9,7	34,47	162	149
611	4,2	2,6	8,13	4,2	171	149
612	12,11	127,197	3,8	71,94	163	149
613	61,43	9,8	30,37	7,4	152	149
615	3,1	188,201	4,2	151,255	160	149
616	4,10	1,2	1,8	0,0	180	149
618	45,52	8,14	27,45	2,5	429	149
619	2,1	268,346	0,1	174,287	221	149
621	160,206	0,0	142,232	2,0	449	149
622	53,63	0,3	13,33	0,0	161	149
623	143,203	0,1	134,179	1,3	163	149
627	7,6	1,0	8,17	0,4	152	149
628	3,0	23,40	2,1	30,35	161	149
629	2,4	55,69	2,5	24,66	165	149
630	2,0	4,0	0,2	0,1	200	149
631	3,3	98,152	1,3	61,117	173	149
632	7,15	41,31	6,1	8,30	195	149
633	0,3	0,0	2,1	0,3	156	149
635	17,18	30,71	6,15	74,96	374	149
637	158,200	68,108	136,224	67,110	152	149
638	2859,2829	19,15	1930,3098	14,27	152	149
640	72,103	56,56	28,69	69,118	160	149
641	46,38	3,4	24,33	9,4	155	149
642	87,96	117,186	46,86	136,199	152	149
645	14,13	75,59	8,11	22,28	222	149
646	301,486	107,98	205,332	43,40	179	149
647	533,736	2,3	327,502	2,3	155	149
648	12,8	11,5	2,5	4,4	188	149
649	321,402	35,24	274,390	24,15	152	149
650	56,73	74,96	38,64	72,119	152	149
651	4,10	139,145	3,4	103,139	160	149
653	1,5	167,189	3,8	164,221	182	149
654	595,682	0,1	375,603	0,0	309	149
655	273,275	56,45	127,202	23,41	364	149
656	7,25	103,122	15,33	101,138	250	149
657	8,10	10,16	10,9	7,8	154	149
658	152,126	14,15	85,174	3,16	152	149
659	677,931	87,89	453,676	48,67	160	149
660	330,419	0,1	206,282	0,0	329	149
661	119,90	2,0	93,160	4,1	175	149
662	4001,4547	7,9	3910,5871	4,14	159	149
664	25,17	11,17	26,38	5,9	155	149
665	167,228	14,28	116,150	3,18	161	149
666	39,38	120,168	11,30	70,122	152	149
667	21,33	0,5	8,11	2,1	187	149
668	57,73	35,43	54,91	35,59	173	149
669	13,24	163,246	11,19	100,223	162	149
670	58,41	53,65	33,35	60,78	165	149
671	788,696	0,3	438,708	0,0	464	149
672	86,75	8,11	67,57	7,8	161	149
673	3604,3939	8,3	3800,5863	4,1	152	149
674	29,13	217,223	29,84	149,247	164	149
675	29,20	0,2	9,18	0,2	352	149
677	11,7	1,0	3,5	0,0	152	149
678	22,21	1767,2227	15,9	1523,2363	169	149
679	168,137	0,1	131,182	1,1	560	149
680	1931,2364	0,1	1654,2542	1,1	540	149
682	27,38	2,4	13,37	1,1	152	149
683	6,16	0,1	6,2	2,0	152	149
684	16,28	180,278	8,19	174,206	155	149
685	184,267	10,23	179,244	12,14	155	149
686	789,1067	0,4	519,903	1,1	182	149
687	37,30	17,22	16,26	7,18	160	149
688	7,3	6,2	6,10	8,1	155	149
689	7,12	6,2	6,8	8,1	158	149
690	6,12	6,3	6,7	6,9	152	149
692	8,11	155,209	6,5	106,185	197	149
693	30,22	30,27	18,29	11,25	214	149
694	81,104	24,22	74,100	17,23	157	149
695	38,47	3,11	38,60	13,5	159	149
696	28,26	41,65	8,25	58,93	152	149
697	112,150	0,1	56,122	1,0	319	149
698	481,606	16,36	408,601	36,46	232	149
699	299,378	12,14	186,308	8,27	194	149
700	39,34	0,3	38,46	3,0	160	149
701	16,26	164,215	24,35	116,196	182	149
702	476,615	8,5	415,549	2,7	184	149
703	2784,3144	0,0	2697,4144	0,1	151	149
704	8,24	66,75	11,17	48,72	152	149
705	6,8	39,41	1,4	34,48	209	149
706	27,49	44,52	29,60	42,75	155	149
707	6,2	28,42	5,9	13,26	181	149
708	69,77	1,0	43,97	0,2	155	149
710	36,62	2,2	47,66	1,4	157	149
711	361,430	2,2	295,600	1,4	179	149
712	351,414	26,46	276,581	28,47	171	149
713	11,21	1363,1887	8,19	1106,1742	310	149
714	113,146	621,1008	93,232	457,776	930	149
715	39,30	1,1	19,29	1,3	168	149
717	622,815	282,361	472,791	348,528	886	149
718	102,169	282,361	98,152	348,528	163	149
719	284,305	282,361	211,356	348,528	412	149
720	264,277	82,141	190,311	77,107	398	149
721	602,787	82,141	451,746	77,107	872	149
722	437,590	99,80	339,538	78,103	623	149
723	107,177	204,286	113,170	156,252	152	149
724	165,233	0,0	128,219	0,2	439	149
725	267,351	0,0	174,311	0,2	436	149
726	51,82	325,459	26,73	309,481	180	149
727	19,17	144,175	17,25	117,173	155	149
728	1792,2472	0,0	1396,2136	2,1	153	149
729	26,19	102,121	17,55	93,114	235	149
730	16,17	4,6	14,33	2,7	235	149
731	26,37	972,1081	53,65	699,1055	340	149
732	324,353	0,1	188,253	0,0	515	149
733	5,10	434,541	5,1	284,510	353	149
734	170,304	110,144	172,290	79,105	152	149
735	7,8	37,42	8,4	36,61	169	149
736	3,11	562,632	7,16	311,467	340	149
737	21,31	4,5	4,8	1,6	152	149
738	94,121	0,2	76,117	0,0	390	149
739	1,2	7,5	0,2	11,15	169	149
740	504,565	26,29	1495,2336	103,152	186	149
741	4,5	136,156	3,4	93,157	152	149
742	7,29	6,8	20,32	4,0	428	149
743	10,37	29,21	26,35	19,33	443	149
744	9,16	29,21	10,3	19,33	164	149
745	10,20	24,26	7,13	11,27	244	149
746	0,2	19,15	0,1	12,23	155	149
747	96,94	9,16	64,117	1,13	188	149
748	1,3	102,90	7,3	123,182	152	149
749	17,11	8,12	5,14	8,4	152	149
750	516,544	229,292	560,847	165,297	367	149
751	54,93	0,0	25,53	1,0	258	149
753	6,10	115,101	0,16	95,160	355	149
754	187,224	68,105	97,170	58,68	577	149
755	13,17	1947,2643	4,13	1897,2894	203	149
756	132,198	58,76	145,201	35,34	160	149
757	81,92	146,168	51,78	108,175	351	149
758	17,3	66,123	5,4	90,127	152	149
759	87,116	10,8	73,121	10,15	156	149
760	5,7	358,386	1,12	240,387	377	149
761	123,119	3,0	96,161	0,0	185	149
762	3,20	126,136	1,2	74,167	212	149
763	10,12	1010,1113	13,9	816,1099	176	149
764	11,8	1,0	10,13	0,0	152	149
765	17,32	3,6	25,18	2,13	166	149
766	199,255	18,23	165,215	18,12	164	149
767	12,16	2,0	17,14	0,0	153	149
769	4,0	0,0	0,0	0,7	204	149
771	54,42	6,10	56,90	9,13	1136	149
772	20,12	5,1	23,33	1,2	349	149
773	18,6	3,6	18,25	3,15	349	149
775	288,350	0,2	238,369	2,0	153	149
776	53,32	16,9	30,52	7,19	213	149
777	38,49	56,58	40,55	26,55	163	149
778	15,15	36,61	32,27	24,38	165	149
779	1,5	2,2	8,0	4,14	154	149
782	220,237	5,8	146,250	1,4	193	149
783	8,6	251,248	9,18	218,268	152	149
784	16,23	36,62	10,5	30,46	167	149
785	44,52	1,0	28,70	0,0	381	149
786	6,10	1,0	3,4	1,3	178	149
787	6,10	6,10	3,4	20,7	192	149
788	1,0	6,10	1,3	20,7	163	149
789	7,11	65,45	3,16	20,46	173	149
790	0,2	7,8	0,0	4,10	167	149
791	254,255	0,1	152,284	0,0	215	149
792	617,632	4,2	333,496	2,0	160	149
795	0,1	3,5	0,0	0,6	224	149
797	71,51	6,5	42,58	7,2	162	149
798	126,189	0,1	89,180	0,0	559	149
799	10,10	75,89	7,10	49,82	266	149
801	97,160	0,3	70,109	0,0	850	149
802	179,187	46,58	100,174	17,26	152	149
803	18,4	6,2	7,19	3,12	169	149
805	272,295	2,0	140,237	0,2	156	149
806	2,2	1,3	1,3	0,2	209	149
807	2,2	4,0	1,4	2,0	223	149
808	1,3	4,0	0,3	2,0	163	149
809	0,2	1,3	0,6	0,3	223	149
810	0,0	1,2	0,3	2,6	152	149
811	1,4	2,11	0,1	3,0	152	149
812	2,10	529,606	9,16	435,644	227	149
813	5,6	62,72	3,2	23,42	172	149
815	55,37	93,118	32,64	101,120	152	149
816	601,736	0,1	467,755	0,0	173	149
817	14,6	36,14	1,14	18,35	159	149
819	22,16	26,25	14,17	17,8	540	149
821	400,478	5,0	317,457	1,3	162	149
822	16,14	65,91	8,24	30,44	152	149
823	25,26	40,42	12,26	32,35	152	149
824	58,52	10,12	23,42	8,19	167	149
825	213,239	3,1	240,426	2,5	661	149
826	669,914	7,11	544,935	10,15	191	149
827	1229,1704	5,6	1179,1744	4,6	212	149
828	567,801	5,6	645,824	4,6	170	149
829	572,785	1,4	496,807	3,7	191	149
830	1132,1575	1,1	1131,1616	2,1	212	149
831	561,794	1,1	638,816	2,1	170	149
832	798,1140	603,865	835,1199	543,1110	170	149
833	6,28	77,152	6,6	14,15	155	149
834	137,176	6,10	171,321	4,3	153	149
835	17,11	34,49	4,16	20,29	153	149
836	67,88	4,2	67,152	1,7	152	149
837	146,153	1,0	113,176	0,0	158	149
840	378,411	20,27	183,309	19,31	152	149
842	250,292	98,117	159,245	101,156	179	149
843	157,236	0,1	143,228	0,3	156	149
844	57,53	117,159	43,64	98,159	152	149
845	110,103	47,67	62,110	41,61	174	149
846	182,316	0,0	155,309	0,1	462	149
847	62,86	10,17	70,102	7,15	174	149
848	154,196	1,0	147,204	0,2	266	149
849	847,1260	202,294	583,946	234,336	155	149
850	48,57	11,20	19,40	10,18	154	149
851	707,838	168,208	533,827	115,202	152	149
852	20,29	1,4	25,39	0,3	213	149
853	0,0	147,151	0,1	102,137	191	149
854	161,201	14,10	128,210	2,19	177	149
855	2,0	53,66	0,0	46,56	167	149
856	47,36	37,32	30,32	22,37	195	149
857	1656,2258	0,1	1520,2282	0,0	1402	149
858	1646,2254	0,1	1512,2287	0,0	1356	149
859	6,16	353,397	5,9	245,350	153	149
860	5,14	30,27	4,9	16,23	153	149
861	303,208	5,10	217,359	6,9	155	149
862	2,2	1,1	2,5	3,0	218	149
863	2,2	0,0	2,5	0,1	221	149
864	1,1	0,0	3,0	0,1	152	149
865	1,5	4,3	1,3	5,4	218	149
866	3,7	24,9	1,6	8,13	232	149
868	6,5	24,9	5,7	8,13	163	149
871	3,6	333,468	3,6	296,419	176	149
872	4,1	388,402	5,11	262,472	152	149
873	120,177	21,18	123,158	7,41	189	149
874	0,0	1,0	0,3	0,0	191	149
875	113,98	136,109	96,85	73,77	152	149
876	49,23	15,9	15,36	3,8	161	149
877	7,12	40,50	3,3	29,28	153	149
878	2,0	123,131	0,2	91,109	179	149
879	4,1	11,2	2,3	8,13	182	149
880	125,132	11,2	93,110	8,13	152	149
881	15,21	250,345	19,20	274,368	195	149
884	4,7	374,374	4,19	263,394	284	149
885	23,34	1,0	17,33	0,4	153	149
887	43,47	22,25	11,19	29,35	155	149
888	60,71	13,1	26,47	0,1	361	149
889	34,49	15,36	43,86	11,13	152	149
890	4,6	16,11	4,16	17,39	152	149
891	153,221	10,18	113,216	25,14	186	149
892	107,174	3,7	100,184	1,8	388	149
893	21,11	63,54	8,19	23,47	180	149
894	60,154	0,1	45,92	0,2	158	149
895	25,49	245,324	19,17	213,377	161	149
896	28,73	94,112	26,46	115,155	434	149
898	3,0	220,269	0,11	165,266	152	149
899	15,7	2,3	3,13	0,0	152	149
900	92,80	110,110	61,101	88,136	152	149
902	182,203	18,16	158,243	12,22	163	149
903	4,3	20,39	0,0	22,34	187	149
904	8,4	239,331	8,7	281,461	161	149
905	285,386	9,6	236,386	15,12	152	149
906	54,45	0,0	33,42	0,1	326	149
907	14,23	0,2	7,30	0,0	155	149
908	203,201	2,7	122,188	4,8	159	149
912	31,29	30,28	7,18	27,31	467	149
913	322,413	2,0	299,426	0,0	301	149
915	658,881	0,1	288,558	0,0	508	149
916	67,79	624,715	27,52	566,1038	152	149
917	284,326	0,1	282,459	2,0	161	149
918	8,14	1,1	5,14	2,6	185	149
919	51,81	81,93	58,77	75,129	155	149
920	65,59	49,54	41,75	30,47	152	149
921	141,182	21,41	111,160	12,29	155	149
922	193,217	71,78	131,183	46,60	189	149
923	2,3	1,0	1,2	0,0	154	149
924	89,77	0,2	42,74	1,0	154	149
925	234,277	66,99	503,819	40,67	169	149
926	133,168	338,481	112,156	852,1287	152	149
927	199,238	12,7	216,279	29,23	153	149
928	62,67	7,11	40,75	11,17	192	149
929	18,13	208,238	4,12	191,273	160	149
930	22,30	16,9	16,10	7,20	161	149
931	563,656	2,0	496,739	0,0	296	149
932	138,130	1190,1236	77,116	604,1041	178	149
935	20,24	1,0	14,19	0,0	179	149
937	15,42	515,721	42,89	454,759	152	149
938	47,34	1,2	26,41	5,2	155	149
939	15,30	3,0	5,18	3,5	155	149
940	16,34	5,2	11,16	2,4	152	149
941	12,20	124,152	16,15	62,126	158	149
942	2,0	12,25	1,1	23,22	161	149
943	0,0	36,47	0,2	46,80	161	149
944	143,201	8,6	150,216	8,13	804	149
945	117,138	8,11	70,123	7,14	162	149
946	183,197	78,88	136,170	31,117	152	149
947	375,536	55,42	461,679	27,51	163	149
948	6,8	10,18	0,6	20,33	303	149
949	45,73	789,1114	33,61	623,918	390	149
951	5,1	3,4	1,13	1,2	156	149
953	7,10	14,33	2,9	15,17	158	149
954	114,109	20,45	76,110	28,36	161	149
956	10,16	0,0	5,5	1,0	152	149
958	0,1	173,223	1,2	132,220	188	149
959	73,144	47,47	58,75	75,113	155	149
960	228,271	58,50	184,274	80,94	152	149
961	87,103	1,9	50,123	0,0	164	149
962	5,3	64,65	1,1	35,94	257	149
964	52,55	0,6	40,36	0,2	197	149
965	1,3	31,30	0,0	26,49	170	149
966	0,2	95,96	2,3	48,107	195	149
967	112,127	0,3	125,136	2,4	200	149
971	3,7	55,44	3,9	24,41	152	149
972	0,0	40,26	1,0	19,34	152	149
973	238,231	31,29	146,243	16,16	166	149
974	54,65	89,154	36,102	109,229	173	149
975	769,1212	4,7	1047,1659	5,2	153	149
976	12,14	52,99	5,8	47,57	167	149
977	1232,1257	508,608	1009,1462	240,349	152	149
980	187,288	0,5	264,411	0,0	825	149
981	0,2	133,145	2,1	104,127	163	149
983	50,42	119,181	42,60	79,135	161	149
984	25,19	6,1	15,10	5,5	155	149
985	26,12	1,0	7,10	0,0	170	149
986	1371,1453	0,0	819,1294	2,0	161	149
987	0,3	39,78	3,4	51,113	274	149
989	379,248	0,1	160,249	1,1	167	149
990	321,455	137,202	239,361	262,345	152	149
991	15,15	417,543	7,10	344,432	158	149
992	590,599	0,0	454,613	0,1	153	149
993	18,23	57,78	16,28	31,54	152	149
995	59,54	140,168	41,55	114,173	298	149
996	748,877	10,14	592,1020	20,31	305	149
997	1,1	8,4	0,1	4,5	163	149
998	1341,1815	0,3	1206,2055	0,1	210	149
999	9,13	0,2	16,14	2,0	173	149
1001	83,110	5,10	60,102	1,7	154	149
1002	67,86	17,9	61,89	2,5	172	149
1003	15,29	75,93	16,49	78,98	160	149
1004	13,18	21,29	15,45	17,8	192	149
1005	21,30	12,0	25,53	9,12	206	149
1006	29,41	12,0	27,16	9,12	163	149
1007	64,63	151,181	27,49	131,157	652	149
1008	59,63	44,65	27,51	65,77	652	149
1011	33,46	3,5	32,32	2,3	166	149
1012	71,67	8,1	47,58	0,0	183	149
1013	179,233	1,0	129,152	0,0	166	149
1015	6,2	1,4	5,6	0,1	152	149
1016	260,365	68,119	178,243	54,77	244	149
1019	446,659	0,1	374,579	0,0	200	149
1020	6,3	1,0	5,13	0,1	152	149
1021	0,2	45,43	0,3	20,42	162	149
1023	41,39	11,25	25,29	11,13	160	149
1024	73,94	19,25	76,74	43,38	160	149
1025	116,120	16,7	103,125	4,20	157	149
1027	17,26	9,21	21,32	8,20	162	149
1028	31,28	18,22	21,33	7,23	204	149
1029	183,246	77,101	181,260	66,112	2667	149
1030	1156,1263	147,142	878,1658	60,168	953	149
1031	19,63	622,963	26,67	591,819	472	149
1033	27,29	21,33	18,28	33,36	222	149
1034	3,1	0,0	3,8	1,0	153	149
1036	22,22	68,57	22,32	82,128	158	149
1037	258,284	114,111	186,256	72,177	158	149
1038	93,143	0,0	42,140	0,1	208	149
1040	45,33	1,0	27,52	0,0	300	149
1041	6,12	1,4	8,6	0,0	186	149
1042	2,4	97,98	6,6	69,113	170	149
1043	246,444	0,1	226,392	1,3	333	149
1044	81,133	0,0	67,71	2,0	159	149
1045	1,3	21,22	0,3	46,79	165	149
1046	1070,1204	17,9	651,1077	7,28	161	149
1047	27,46	1112,1207	11,25	707,1250	351	149
1048	70,99	62,48	56,69	28,52	153	149
1049	1,1	18,28	0,1	14,9	175	149
1050	194,233	2234,3028	246,328	2013,2666	526	149
1051	4,14	10,21	3,11	16,41	158	149
1052	36,23	43,52	34,56	43,37	154	149
1053	107,128	2,4	64,94	7,12	158	149
1054	13,15	154,148	23,20	139,233	160	149
1055	80,123	121,161	96,184	98,132	206	149
1057	30,25	239,198	24,30	147,204	159	149
1058	396,588	7,17	346,471	6,20	159	149
1059	14,12	468,662	9,27	428,601	169	149
1060	181,211	1,0	295,383	0,0	390	149
1061	104,124	1,0	68,120	0,0	388	149
1062	1,2	74,75	0,4	45,45	152	149
1064	259,272	4,0	183,269	0,0	290	149
1065	7,6	185,252	9,7	199,202	330	149
1066	116,132	39,43	85,126	15,58	188	149
1067	2,2	0,2	1,3	0,1	184	149
1068	1,0	107,132	1,1	84,98	209	149
1069	1,12	103,94	2,11	80,122	322	149
1070	5,2	182,220	2,3	128,218	167	149
1073	363,441	2,0	314,533	1,0	154	149
1074	376,458	5,10	165,322	7,0	151	149
1075	1501,1475	10,6	1085,1784	6,0	152	149
1076	377,476	0,2	302,430	0,0	304	149
1077	20,14	58,94	8,7	74,79	152	149
1078	14,19	591,683	12,24	313,479	161	149
1079	70,110	0,0	42,90	1,0	345	149
1081	1,1	378,453	2,7	281,415	152	149
1082	210,284	263,381	134,189	254,410	152	149
1083	450,674	41,52	366,603	33,49	152	149
1084	17,14	3,1	17,25	4,5	152	149
1085	20,14	59,68	19,27	50,64	161	149
1086	6,1	59,68	6,7	50,64	158	149
1087	336,343	365,389	219,300	310,481	152	149
1088	4,6	41,46	5,2	30,69	160	149
1089	162,199	0,3	121,211	1,0	157	149
1090	13,16	1,3	12,19	0,2	153	149
1092	110,112	21,22	63,105	28,32	152	149
1094	33,26	798,926	20,31	444,759	164	149
1095	72,68	76,117	31,42	87,173	155	149
1096	40,54	8,8	45,66	9,3	179	149
1097	5,0	0,0	0,1	0,1	170	149
1098	1,2	1,0	0,1	0,0	174	149
1100	31,24	358,536	21,36	259,422	167	149
1101	55,32	75,52	35,42	42,58	152	149
1102	181,245	5,11	133,187	7,13	153	149
1103	80,90	3,0	37,57	0,0	283	149
1104	12,12	33,60	3,10	37,35	164	149
1105	807,937	58,58	646,839	22,31	152	149
1106	223,375	3,1	262,434	2,5	332	149
1107	189,316	1,1	233,393	1,0	332	149
1108	47,41	1,0	24,48	0,9	212	149
1109	6,7	19,5	4,10	6,13	152	149
1110	69,94	25,33	33,57	22,34	152	149
1111	132,154	0,0	108,157	0,2	238	149
1112	1,3	23,39	1,0	20,23	174	149
1113	3,5	70,113	4,2	52,93	177	149
1114	25,41	70,113	23,25	52,93	152	149
1115	18,17	1,0	11,15	0,1	152	149
1116	454,552	0,0	265,516	0,1	289	149
1117	8,21	0,1	13,13	0,1	158	149
1118	9,10	1,0	5,10	0,0	160	149
1119	0,0	0,7	2,4	0,0	164	149
1120	8,13	167,253	3,8	160,181	176	149
1121	32,95	18,9	66,72	12,15	446	149
1123	39,68	10,6	34,83	2,2	227	149
1125	1,0	180,274	0,1	74,118	169	149
1126	1,7	2,0	1,3	0,1	152	149
1127	11,23	150,224	2,14	65,150	496	149
1128	47,21	3,0	34,29	0,2	160	149
1130	11,34	7,14	9,33	12,12	152	149
1131	37,44	12,21	43,58	7,20	405	149
1132	27,43	29,31	41,51	6,2	405	149
1133	82,135	29,31	88,111	6,2	719	149
1134	58,96	0,2	48,64	1,0	463	149
1136	113,67	1472,1428	54,110	1178,1786	167	149
1137	19,47	129,165	19,30	108,182	193	149
1140	44,25	31,16	18,19	9,13	182	149
1141	55,66	11,12	30,61	11,21	154	149
1142	5,5	3,2	6,5	1,1	153	149
1143	372,406	20,33	216,374	18,27	254	149
1144	12,8	31,45	13,18	22,33	156	149
1146	5,8	41,45	2,9	22,47	164	149
1149	103,140	6,14	71,117	2,4	168	149
1150	10,8	108,123	17,20	74,120	152	149
1151	71,90	96,120	49,68	73,134	436	149
1152	566,653	626,686	364,554	343,583	285	149
1153	6,10	171,261	7,35	148,220	333	149
1154	2,4	65,46	3,8	37,57	152	149
1155	618,705	103,114	446,641	83,132	152	149
1156	329,387	8,5	215,363	1,3	156	149
1157	222,234	6,8	221,289	3,2	191	149
1158	268,304	1293,1522	279,471	778,1231	152	149
1159	50,40	13,23	22,20	39,45	152	149
1160	459,580	103,128	370,547	80,130	152	149
1161	286,243	0,1	180,356	2,0	184	149
1163	81,86	8,8	70,105	2,7	552	149
1164	95,120	1,1	94,136	0,4	873	149
1165	6,11	71,46	9,12	40,59	165	149
1166	6,3	99,108	14,12	66,123	165	149
1168	59,94	0,8	52,76	2,4	158	149
1169	123,146	76,101	110,111	78,102	216	149
1170	2,4	60,56	2,7	38,61	174	149
1171	178,188	3,6	100,126	3,5	161	149
1172	7,15	152,150	4,8	98,121	152	149
1173	202,247	18,31	130,232	22,9	227	149
1174	176,173	58,56	80,112	48,50	175	149
1175	2390,2569	67,94	2051,2917	75,75	152	149
1176	2454,2650	13,12	2115,3047	11,13	155	149
1177	2528,2736	13,16	2174,3218	8,22	158	149
1178	2778,3091	27,30	2379,3726	13,49	161	149
1179	131,175	13,12	139,205	11,13	152	149
1180	205,261	13,16	198,376	8,22	155	149
1181	455,616	27,30	403,884	13,49	158	149
1182	87,98	13,16	70,184	8,22	152	149
1183	337,453	27,30	275,692	13,49	155	149
1184	263,371	27,30	213,530	13,49	152	149
1185	121,123	14,31	61,80	6,10	191	149
1186	164,144	14,13	87,147	11,16	332	149
1187	287,365	6,21	214,378	17,23	166	149
1188	295,385	22,25	258,382	32,37	161	149
1189	2,1	170,226	4,5	155,183	206	149
1190	401,479	8,10	318,511	6,5	155	149
1191	4,1	1,0	6,3	0,0	156	149
1192	52,56	0,0	22,65	1,0	152	149
1193	45,53	93,82	28,53	72,83	152	149
1194	4,4	49,57	4,8	29,44	155	149
1195	9,8	165,179	7,12	112,211	152	149
1196	16,20	65,58	17,19	27,37	152	149
1197	46,42	3,0	27,43	1,2	166	149
1198	23,11	19,6	9,5	15,23	152	149
1199	45,83	13,11	34,40	6,9	204	149
1200	17,31	1,2	9,20	0,2	204	149
1201	101,153	1,2	60,97	0,2	486	149
1202	84,124	0,2	51,77	0,0	431	149
1203	19,29	66,75	6,39	29,36	354	149
1204	0,0	1,3	0,2	0,1	203	149
1205	15,34	20,16	19,28	7,11	183	149
1206	389,431	12,16	295,443	16,11	156	149
1207	1558,2111	37,52	1544,2501	109,108	166	149
1208	20,24	0,0	9,37	0,6	152	149
1210	27,18	580,493	11,15	327,479	313	149
1212	79,67	0,2	49,79	0,0	170	149
1213	3,4	31,53	1,5	26,23	152	149
1214	370,528	226,301	418,635	218,289	164	149
1215	118,153	3,11	48,151	7,9	167	149
1216	8,26	92,128	8,3	66,106	174	149
1217	34,35	19,24	27,35	18,24	152	149
1218	13,16	53,70	8,20	38,68	152	149
1219	11,5	2,5	12,6	7,2	152	149
1220	58,53	133,120	39,64	123,247	486	149
1221	28,47	199,249	36,36	133,219	164	149
1222	6,7	252,384	7,7	208,308	188	149
1223	19,4	1,1	7,10	0,4	158	149
1224	10,12	64,83	5,11	8,6	194	149
1225	3,0	9,9	1,4	6,5	158	149
1226	88,101	123,151	48,88	89,188	169	149
1227	2,8	79,90	10,9	65,84	401	149
1228	71,69	19,26	17,23	21,24	153	149
1231	40,46	11,17	22,47	9,0	152	149
1232	71,47	0,5	34,51	5,20	155	149
1234	16,13	104,107	4,3	89,124	164	149
1235	33,51	113,138	34,31	85,114	152	149
1236	273,322	1,1	222,337	2,0	222	149
1237	26,42	169,368	19,40	160,309	162	149
1238	63,68	1,2	61,90	2,0	155	149
1240	2,1	64,56	1,7	53,107	167	149
1242	163,223	351,519	65,121	222,273	152	149
1243	169,187	0,1	162,239	3,0	198	149
1244	1058,1025	3,1	725,1185	0,0	182	149
1245	74,120	0,1	72,97	0,0	152	149
1246	3,2	16,17	3,2	18,34	164	149
1247	71,94	52,74	74,72	20,35	155	149
1248	9,12	1375,1798	4,9	829,1167	185	149
1249	162,197	361,392	140,231	286,541	152	149
1250	171,207	0,1	82,144	1,1	152	149
1251	25,40	36,44	12,29	19,17	171	149
1252	11,36	2,8	13,18	0,4	156	149
1253	146,172	21,28	117,256	3,3	172	149
1254	63,109	6,17	63,95	8,4	176	149
1255	10,22	52,103	15,41	43,70	259	149
1256	8,1	1,3	0,4	5,3	177	149
1257	16,9	11,13	4,3	5,13	156	149
1258	9,20	14,9	13,28	1,1	165	149
1261	38,70	7,7	37,54	1,4	170	149
1262	9,4	313,444	7,9	285,428	191	149
1263	1,7	2,3	3,1	0,1	169	149
1264	33,61	0,0	17,40	2,0	388	149
1265	34,57	0,0	14,40	2,0	368	149
1266	75,97	20,24	46,77	15,5	706	149
1267	67,108	91,112	61,111	34,61	152	149
1268	19,13	91,112	9,25	34,61	165	149
1269	19,13	67,108	9,23	61,109	162	149
1270	5,0	1,6	0,4	2,1	166	149
1271	9,8	57,71	5,4	34,72	166	149
1272	99,157	147,149	104,173	143,179	194	149
1273	24,27	25,26	16,19	42,62	213	149
1274	633,837	86,142	462,753	88,181	152	149
1275	3,1	261,381	0,0	224,313	182	149
1279	298,283	4,4	232,336	1,9	168	149
1280	596,660	12,7	448,694	12,9	212	149
1281	20,29	56,93	9,23	42,68	152	149
1282	58,90	99,163	36,45	92,154	161	149
1283	67,114	12,21	45,54	3,6	322	149
1284	4,2	7,1	0,0	1,0	170	149
1286	31,28	7,3	34,52	0,10	153	149
1287	12,14	61,64	5,16	25,38	152	149
1288	63,61	22,25	33,46	17,48	172	149
1289	30,61	664,781	16,51	544,795	398	149
1290	23,18	0,1	12,29	1,0	153	149
1291	94,179	1,3	77,105	1,0	305	149
1292	195,266	1,3	86,177	1,0	332	149
1293	149,168	40,70	65,153	47,60	176	149
1295	192,172	1,1	161,219	0,0	344	149
1296	111,178	49,55	85,155	39,44	172	149
1297	418,643	1,9	370,605	2,5	156	149
1298	43,63	6,10	35,48	1,7	222	149
1299	24,30	4,1	16,31	6,5	222	149
1300	68,96	4,1	53,71	6,5	611	149
1301	44,69	0,3	37,45	0,5	538	149
1302	62,85	5550,5128	66,124	4253,6147	299	149
1305	0,1	0,3	0,0	5,0	219	149
1306	76,105	1,0	42,80	0,0	168	149
1307	85,113	11,32	72,113	18,29	155	149
1308	215,251	2,3	170,259	0,5	164	149
1309	189,146	129,127	90,130	119,166	152	149
1310	347,327	30,30	185,295	26,29	161	149
1311	24,20	0,0	40,52	1,0	155	149
1312	5,16	64,59	14,15	16,13	154	149
1313	127,144	10,30	47,92	9,18	152	149
1314	6,16	58,41	4,8	22,31	162	149
1315	13,6	125,107	4,13	85,91	162	149
1316	424,548	3,0	394,586	1,0	343	149
1318	3,5	1279,1581	1,6	1004,1639	152	149
1319	254,306	4,3	144,273	2,7	153	149
1321	2,1	496,664	0,4	433,751	305	149
1322	934,1258	290,515	488,877	299,440	152	149
1323	83,122	7,11	72,81	6,11	328	149
1325	11,14	132,129	8,33	81,144	457	149
1326	140,213	30,18	121,193	12,27	153	149
1327	36,56	30,18	22,40	12,27	224	149
1328	35,53	139,210	22,40	121,193	220	149
1329	64,101	10,4	47,70	4,6	167	149
1330	13,12	95,105	14,52	79,152	275	149
1331	16,28	4,3	14,18	3,3	752	149
1332	2,5	0,0	2,3	0,1	153	149
1335	101,151	19,8	75,90	14,15	173	149
1336	5,2	75,110	4,2	60,126	169	149
1337	733,779	213,262	634,886	128,166	152	149
1338	148,134	0,0	133,272	2,4	367	149
1339	3189,5418	4,3	4206,6195	3,4	191	149
1340	352,572	2,13	459,668	4,18	188	149
1341	1732,2973	2,13	2229,3372	4,18	197	149
1342	1385,2409	5,8	1790,2715	20,11	158	149
1343	55,86	62,147	59,68	54,75	152	149
1344	74,67	14,17	45,59	11,8	210	149
1345	0,5	9,1	2,2	8,11	152	149
1346	246,341	1,0	140,224	0,0	593	149
1347	204,274	40,42	221,311	16,21	173	149
1348	38,28	1386,1771	25,58	1014,1738	404	149
1350	2,2	0,4	2,2	0,0	181	149
1351	1,0	0,4	0,4	0,0	222	149
1352	3,1	0,4	2,4	0,0	226	149
1353	0,0	1,2	0,4	2,2	190	149
1354	2,1	1,2	2,4	2,2	194	149
1356	45,89	23,22	64,126	23,31	326	149
1357	7,9	193,235	11,14	124,175	167	149
1358	2,1	2,4	2,1	10,21	201	149
1359	53,67	15,14	13,34	5,15	161	149
1360	36,38	1252,1745	24,31	1037,1723	437	149
1361	658,873	1546,2239	542,863	1362,2195	152	149
1362	1,1	1,0	0,2	0,0	154	149
1363	148,186	5,0	142,239	1,0	169	149
1364	140,152	34,30	96,171	35,44	155	149
1365	297,276	2,12	194,348	2,5	169	149
1366	172,227	210,270	141,236	194,287	223	149
1367	733,947	230,292	819,1178	125,219	152	149
1368	12,24	7,11	9,16	3,3	282	149
1369	584,575	3,4	437,760	7,3	153	149
1370	16,22	214,230	6,12	132,283	176	149
1371	93,124	20,22	62,130	18,20	164	149
1372	36,30	12,23	20,46	14,12	861	149
1373	431,479	1,0	262,447	0,1	218	149
1374	1,6	5,2	3,9	0,7	152	149
1375	3579,3861	1,0	2331,3997	0,1	152	149
1376	84,84	0,1	47,92	0,0	152	149
1377	0,1	47,44	0,0	30,36	222	149
1378	110,116	100,73	71,124	57,67	152	149
1379	0,0	39,13	0,3	23,58	179	149
1380	9,22	16,20	11,16	13,13	170	149
1381	9,5	286,293	12,9	226,320	586	149
1382	166,151	0,0	128,204	3,0	161	149
1383	100,115	8,15	101,120	10,13	178	149
1384	0,1	0,0	0,2	2,0	410	149
1385	165,255	1,6	155,308	11,2	157	149
1386	398,378	254,244	272,372	188,239	155	149
1387	13,21	12,22	11,15	10,13	155	149
1389	9,11	1,0	7,7	0,0	164	149
1391	221,235	184,243	128,210	135,238	158	149
1392	4,7	37,28	1,1	37,23	155	149
1393	5,10	2,2	2,5	2,0	152	149
1395	17,18	40,117	23,30	75,97	153	149
1396	1295,1710	211,245	1239,1983	110,224	487	149
1397	17,25	318,455	14,27	260,459	167	149
1398	48,64	1,0	25,44	0,0	157	149
1401	148,192	0,0	61,127	1,0	187	149
1402	28,11	0,0	9,15	1,0	521	149
1403	17,11	63,81	5,12	21,50	186	149
1404	22,7	48,51	14,21	40,63	160	149
1405	15,38	120,235	18,24	69,125	152	149
1406	11,3	1,0	7,7	0,1	179	149
1409	150,164	0,0	121,189	1,0	185	149
1410	59,39	1,0	17,29	0,1	155	149
1411	88,136	0,0	80,108	0,1	262	149
1415	102,131	4,11	93,126	1,4	215	149
1417	3,6	7,4	1,1	1,8	171	149
1418	211,366	2,2	178,278	0,0	286	149
1419	2,0	10,35	2,1	17,40	164	149
1420	2,5	30,19	1,8	27,27	486	149
1421	40,34	0,0	16,46	0,2	791	149
1422	142,141	6,14	129,185	6,6	156	149
1423	114,98	44,52	79,125	41,47	171	149
1424	0,0	90,106	0,4	52,68	188	149
1425	87,68	12,23	51,78	5,11	152	149
1426	115,103	13,11	61,105	12,9	164	149
1427	159,137	17,33	83,139	18,11	155	149
1428	37,34	166,191	27,34	122,207	153	149
1429	4,0	0,1	0,0	3,0	282	149
1430	26,20	39,60	17,26	23,66	152	149
1431	2291,2739	6,4	1497,2456	0,1	158	149
1435	14,11	263,333	5,11	245,344	173	149
1437	90,86	896,860	58,102	585,942	911	149
1438	10,4	0,1	2,0	0,0	158	149
1439	21,14	2,1	6,15	1,6	158	149
1440	1,3	61,71	0,5	41,61	152	149
1441	144,240	7,4	130,192	2,9	152	149
1442	53,70	70,60	40,69	28,66	497	149
1443	102,139	138,128	107,216	38,74	152	149
1444	319,483	169,234	411,631	152,312	339	149
1445	15,13	5,7	8,10	1,15	179	149
1446	1,2	15,31	1,5	30,43	221	149
1447	7,23	27,20	5,19	6,29	152	149
1448	120,167	12,11	79,140	3,4	334	149
1450	3,7	11,28	2,13	16,26	164	149
1451	11,12	0,2	24,13	0,0	283	149
1452	38,52	8,18	27,42	5,12	155	149
1453	4306,6390	1,3	3501,5910	0,0	163	149
1454	58,56	12,3	36,59	5,6	152	149
1455	4,12	103,122	11,8	60,69	208	149
1456	0,7	472,535	0,7	287,460	230	149
1457	269,310	502,582	208,354	307,527	168	149
1458	275,283	15,33	162,329	26,27	154	149
1459	63,88	3,0	37,69	0,0	886	149
1460	53,97	156,184	47,97	142,195	886	149
1461	92,152	156,184	81,102	142,195	1297	149
1462	51,76	9,20	49,44	11,30	560	149
1463	3482,4097	0,1	2491,3513	0,1	475	149
1464	1196,1399	6,5	976,1442	2,7	186	149
1465	71,81	2,9	54,72	0,6	260	149
1466	9,5	17,14	3,4	11,12	222	149
1467	38,74	7,10	57,64	14,9	195	149
1468	709,943	3,0	587,798	0,1	311	149
1469	87,174	28,44	101,156	20,43	152	149
1470	156,226	279,373	123,190	173,284	1813	149
1471	4,0	95,73	7,7	55,116	165	149
1472	130,93	2,3	99,152	2,3	157	149
1473	9,9	99,109	5,6	85,134	215	149
1474	19,26	3,1	15,30	0,0	157	149
1476	502,712	29,58	533,881	44,71	307	149
1477	1781,2422	1150,1138	1640,2896	686,1082	660	149
1478	1308,1768	1150,1138	1151,2086	686,1082	502	149
1479	1644,2248	0,0	1431,2531	2,0	502	149
1480	0,2	149,127	0,0	96,168	165	149
1481	680,690	0,2	400,714	0,1	167	149
1482	190,272	42,45	160,189	18,48	153	149
1484	16,9	75,105	41,68	100,126	963	149
1485	79,127	22,31	109,118	24,37	156	149
1486	137,165	4,8	129,170	8,18	155	149
1487	3,5	15,37	2,3	17,25	163	149
1488	35,35	102,91	22,27	61,87	152	149
1489	34,28	0,0	33,32	2,0	219	149
1490	5,1	2,0	0,2	2,0	346	149
1491	90,164	60,69	85,149	30,36	152	149
1492	2,3	1057,983	8,18	727,997	353	149
1493	33,52	0,1	43,83	0,0	399	149
1494	22,36	13,9	14,44	8,9	173	149
1495	5,10	2,2	1,5	0,0	177	149
1496	125,178	31,61	109,123	36,44	166	149
1497	12,18	51,70	2,7	37,54	166	149
1498	36,45	292,349	46,81	195,327	152	149
1499	2,0	44,25	2,1	24,32	194	149
1500	4,11	5,0	1,4	0,0	152	149
1502	10,14	2,7	2,6	5,2	161	149
1504	118,103	82,92	70,101	58,83	152	149
1505	42,51	5,8	14,25	2,6	230	149
1506	2,3	2,9	3,5	3,1	152	149
1507	3,15	79,45	12,5	25,46	160	149
1508	36,44	2,0	34,68	0,0	156	149
1509	13,17	171,221	2,16	132,183	429	149
1511	580,695	4,6	494,643	2,6	155	149
1512	4,13	530,624	6,14	409,658	173	149
1513	159,196	18,32	77,108	7,15	155	149
1514	18,14	184,224	15,12	147,245	164	149
1515	141,215	0,1	116,188	0,0	604	149
1516	114,102	94,81	53,73	50,85	167	149
1517	96,113	588,667	60,93	388,677	168	149
1518	408,574	18,17	330,536	21,30	152	149
1519	137,159	5,9	83,147	9,4	152	149
1520	34,62	51,77	22,51	37,85	201	149
1521	193,204	1,0	140,219	1,0	183	149
1522	244,271	5,5	158,267	2,2	164	149
1523	95,147	6,7	70,105	0,8	180	149
1524	880,913	6,6	840,1218	8,8	154	149
1525	82,107	3,3	33,75	3,2	169	149
1526	144,105	27,19	107,190	37,63	194	149
1528	42,37	3,0	47,55	0,0	165	149
1529	15,18	57,36	14,33	13,15	163	149
1530	583,887	0,0	601,932	0,1	898	149
1531	175,174	1,2	111,125	1,0	336	149
1533	6,3	28,20	3,3	7,17	168	149
1534	62,85	1,4	43,60	0,1	152	149
1535	6,5	3,0	14,27	0,3	160	149
1536	1,3	127,191	0,0	102,157	173	149
1537	281,235	1,1	182,327	0,0	152	149
1538	171,217	0,0	153,202	1,0	161	149
1539	146,140	54,33	89,147	37,52	170	149
1540	10,13	69,67	9,11	22,63	152	149
1541	145,89	1635,1710	78,165	1197,1867	1710	149
1542	16,7	21,35	8,12	29,37	162	149
1543	214,275	5,14	239,343	8,21	170	149
1545	217,341	0,0	210,350	1,2	155	149
1546	12,1	46,36	0,2	8,14	635	149
1547	48,32	1,6	34,48	4,4	155	149
1548	196,295	3,5	248,337	2,1	221	149
1549	209,238	7,6	137,212	1,1	184	149
1550	16,45	866,1077	39,57	525,852	152	149
1551	93,85	200,255	68,82	148,266	167	149
1552	378,560	340,444	229,411	379,609	230	149
1553	49,75	25,33	35,77	19,26	158	149
1555	37,28	20,16	80,108	10,34	152	149
1556	0,1	0,0	3,3	0,13	185	149
1557	9,5	24,13	4,7	8,24	152	149
1558	42,79	23,9	46,73	8,10	156	149
1559	88,65	15,17	42,81	11,7	155	149
1561	68,53	7,10	31,66	6,24	168	149
1562	60,66	2,2	35,65	2,10	181	149
1563	21,20	909,970	17,30	715,1025	236	149
1564	16,3	2,4	11,9	11,2	152	149
1565	149,170	7,8	82,189	9,8	155	149
1566	262,375	0,2	185,346	1,0	1593	149
1567	93,121	0,5	65,108	0,0	389	149
1568	6,20	125,191	5,8	77,152	172	149
1569	64,67	51,91	35,80	52,124	152	149
1570	5,6	15,6	4,3	10,14	156	149
1571	8,11	2,0	6,5	1,0	172	149
1572	18,11	2,0	12,16	1,0	165	149
1573	0,1	205,233	0,7	143,235	163	149
1575	3,2	12,19	1,1	8,19	158	149
1576	362,486	1,0	282,502	0,1	376	149
1577	298,436	11,12	244,429	10,15	169	149
1578	91,227	2146,3238	123,207	1910,3025	459	149
1579	2676,4247	2,9	2593,4060	4,7	355	149
1580	7,6	25,34	7,6	19,29	164	149
1581	576,596	116,121	190,317	43,109	152	149
1582	30,36	0,0	25,29	0,1	156	149
1583	0,1	6,5	1,3	3,2	172	149
1584	0,1	18,16	0,0	3,9	167	149
1586	3,0	25,22	1,1	7,23	169	149
1587	37,32	0,3	14,33	2,1	387	149
1589	73,118	1,0	61,74	1,0	437	149
1590	0,4	20,15	0,3	21,20	157	149
1591	13,16	21,24	6,10	17,33	166	149
1592	1,8	218,336	3,7	157,317	194	149
1593	30,58	136,161	34,59	110,149	165	149
1594	174,186	1,2	158,278	3,0	207	149
1595	18,20	20,13	23,45	2,12	152	149
1596	842,1224	34,44	634,1045	22,27	222	149
1597	4,13	173,180	6,9	126,175	239	149
1598	344,298	326,356	298,492	67,179	152	149
1599	153,168	41,47	124,175	15,36	155	149
1600	5,7	4,2	1,10	4,8	168	149
1601	3,0	0,2	2,3	0,0	155	149
1602	65,67	0,2	31,36	0,0	161	149
1604	98,103	1,0	50,76	0,0	161	149
1605	3,4	46,48	13,6	28,42	152	149
1606	0,0	41,52	1,3	36,60	161	149
1607	20,14	32,38	1,6	14,24	161	149
1608	16,19	187,277	19,20	205,278	153	149
1609	6358,6811	97,76	5728,8772	69,107	152	149
1610	7043,7259	0,1	7544,10843	0,0	153	149
1611	27,50	814,1058	21,30	775,1078	597	149
1612	25,48	814,1058	19,31	775,1078	600	149
1613	0,3	2,5	0,1	2,0	152	149
1615	11,6	359,186	4,6	154,204	330	149
1616	95,112	16,11	50,77	5,12	155	149
1617	3,5	0,0	3,4	0,3	155	149
1618	1,1	3,1	7,1	2,8	152	149
1619	120,164	92,113	71,127	63,93	186	149
1620	30,45	75,61	21,40	50,84	396	149
1621	103,117	0,1	65,118	0,0	318	149
1622	1,0	4,6	0,3	3,7	162	149
1623	269,257	5,4	165,292	4,9	156	149
1624	18,8	19,17	1,17	9,25	161	149
1625	17,17	19,17	14,22	9,25	167	149
1626	16,15	17,6	14,13	1,8	155	149
1627	313,296	84,87	172,258	57,88	166	149
1628	0,7	21,30	8,15	5,8	173	149
1630	5,10	169,215	6,2	137,276	172	149
1631	172,252	0,0	154,251	0,2	285	149
1632	52,53	53,67	40,57	26,60	152	149
1633	4,7	18,32	4,25	13,14	152	149
1635	67,91	132,194	69,99	136,196	176	149
1636	374,684	54,81	308,481	52,96	152	149
1637	0,2	4,3	0,7	1,1	152	149
1638	6,7	24,13	0,1	11,31	163	149
1639	577,739	88,109	477,804	65,102	164	149
1640	6,8	579,649	7,11	446,763	179	149
1641	68,77	20,43	44,97	17,31	190	149
1642	0,0	25,24	0,3	12,26	164	149
1644	18,26	0,0	16,27	0,1	558	149
1647	83,130	0,0	71,82	0,1	157	149
1648	37,47	19,41	24,54	26,25	153	149
1649	1,1	155,183	0,1	129,221	176	149
1650	10,5	73,69	10,18	66,78	155	149
1653	8,4	45,53	3,1	33,55	323	149
1654	44,62	178,208	28,47	109,225	167	149
1655	79,82	6,19	48,90	8,8	155	149
1657	26,44	1428,2073	48,59	874,1543	152	149
1658	361,513	113,176	228,359	64,73	160	149
1659	359,355	23,11	232,338	8,14	164	149
1660	9,13	0,0	5,11	1,0	160	149
1661	62,65	16,12	39,35	14,17	206	149
1662	20,12	7,3	9,17	5,1	246	149
1664	254,286	1,1	153,242	0,0	746	149
1665	201,315	79,129	145,225	70,125	152	149
1666	17,24	341,441	22,26	250,405	155	149
1667	1,8	323,377	3,8	214,354	357	149
1668	184,185	720,729	110,187	320,414	174	149
1669	2751,2810	5,0	1355,1850	0,2	159	149
1670	74,59	0,1	44,80	0,1	154	149
1671	1009,1179	0,0	1362,1905	0,2	305	149
1672	7,19	0,1	5,23	1,0	158	149
1673	255,333	236,357	165,189	225,389	152	149
1675	2,5	0,3	3,0	4,10	152	149
1676	17,25	0,0	21,67	1,1	182	149
1677	80,75	1,4	20,45	1,0	182	149
1678	87,181	26,40	68,91	16,47	249	149
1679	17,8	23,24	5,6	16,28	160	149
1680	79,67	76,99	51,46	63,105	155	149
1681	0,0	1,10	0,3	2,2	161	149
1683	13,21	416,593	10,25	322,539	300	149
1684	23,25	1,2	17,26	0,0	510	149
1685	4,1	3,4	4,7	0,2	152	149
1686	4,1	112,126	3,1	205,212	164	149
1688	3,7	1,0	4,10	1,1	178	149
1689	0,1	12,10	0,1	15,20	308	149
1690	3,7	3,0	4,7	2,3	337	149
1691	15,16	3,0	19,26	2,3	178	149
1692	1149,1331	81,73	994,1354	202,253	155	149
1693	1168,1353	7,10	1016,1386	21,36	158	149
1694	100,95	7,10	224,285	21,36	152	149
1696	3,8	59,71	1,0	24,54	161	149
1697	168,141	1087,878	108,120	828,1224	741	149
1699	250,311	0,0	179,292	1,0	154	149
1700	5,0	282,320	0,0	216,324	165	149
1701	6,3	145,198	5,8	119,167	179	149
1702	30,31	8,7	10,24	5,3	171	149
1703	6,13	25,31	10,8	24,22	159	149
1704	61,61	0,4	59,79	4,7	224	149
1705	1103,1342	41,51	876,1301	57,116	155	149
1706	22,35	5,8	11,22	0,1	154	149
1707	8,5	6,3	10,12	0,13	154	149
1708	0,2	0,4	2,5	0,0	154	149
1709	24,19	0,0	26,26	2,0	167	149
1710	37,40	3,2	27,34	1,0	239	149
1712	78,65	24,47	26,48	7,8	164	149
1713	3,5	1,1	0,8	0,0	154	149
1714	48,60	14,30	27,54	14,28	169	149
1715	14,18	21,43	10,4	22,40	152	149
1716	13,30	42,45	21,21	26,36	164	149
1717	4,4	660,782	6,10	457,686	182	149
1718	1114,1570	3,10	1177,1722	3,5	310	149
1720	37,72	4,4	56,42	6,6	198	149
1721	53,62	2,4	34,63	0,0	388	149
1722	203,192	1070,1140	108,168	614,1116	618	149
1723	13,0	2,0	14,22	0,0	178	149
1724	44,24	3,1	39,41	6,2	178	149
1725	16,2	3,1	28,59	6,2	340	149
1726	5,2	33,24	15,44	26,26	311	149
1727	7,8	409,535	8,14	291,417	338	149
1728	16,6	135,191	15,14	70,91	152	149
1729	24,37	231,220	32,66	152,171	152	149
1730	117,164	112,111	85,147	31,60	165	149
1732	14,17	536,661	25,26	521,783	312	149
1733	49,55	2,0	29,36	1,3	154	149
1734	685,863	338,405	541,722	249,387	154	149
1735	4,7	10,13	2,0	3,14	155	149
1736	4,8	0,0	2,7	2,1	294	149
1737	17,29	94,151	67,82	70,137	152	149
1739	601,700	16,12	463,686	10,15	154	149
1740	559,612	5,20	425,660	7,12	155	149
1741	74,93	2,5	78,116	2,2	155	149
1742	60,100	18,23	44,79	32,29	153	149
1743	146,175	6,7	115,160	2,2	173	149
1745	3,1	231,324	0,1	166,320	152	149
1746	77,101	37,34	42,91	27,48	796	149
1747	185,191	4,18	128,188	8,22	233	149
1748	547,1040	35,42	363,564	1,8	730	149
1749	5,10	106,137	7,12	88,181	414	149
1750	87,151	243,214	88,141	211,319	153	149
1752	4,3	1016,849	5,4	508,862	407	149
1753	117,140	2,3	91,170	2,0	159	149
1754	73,91	2,6	39,98	10,3	196	149
1755	80,124	4,2	55,97	3,0	161	149
1756	6,4	167,179	0,3	112,214	152	149
1757	113,149	1,0	69,103	0,0	164	149
1758	319,392	19,26	238,359	23,35	169	149
1759	222,243	1,0	143,265	0,0	158	149
1760	210,251	6,6	163,264	3,11	155	149
1761	19,44	9,23	25,38	17,12	218	149
1762	49,68	127,144	42,95	105,116	165	149
1764	1249,1756	0,0	1104,1744	1,0	151	149
1765	1972,2578	57,116	1674,2510	60,112	152	149
1766	71,99	0,0	164,254	1,0	174	149
1768	178,194	29,40	97,157	61,97	152	149
1769	1,1	23,13	0,0	28,37	194	149
1770	245,288	147,162	308,390	37,71	152	149
1771	58,48	0,0	44,64	0,1	195	149
1772	16,15	30,17	14,29	3,23	153	149
1773	66,96	7,8	70,132	12,20	153	149
1774	48,47	2,1	28,77	0,0	175	149
1775	483,451	99,111	355,546	72,129	170	149
1776	24,29	15,13	21,30	15,18	239	149
1777	31,36	3,0	28,23	2,0	539	149
1778	43,53	3,0	40,46	2,0	591	149
1779	21,25	2,1	17,28	1,0	201	149
1781	72,60	130,56	39,55	55,63	298	149
1782	22,10	250,320	9,19	156,309	170	149
1783	44,62	686,844	31,55	628,1049	492	149
1784	1,1	3,6	0,0	2,14	177	149
1785	0,2	6,8	5,3	4,2	159	149
1786	14,4	0,6	2,3	0,0	164	149
1787	38,49	263,409	34,64	136,230	152	149
1788	365,399	6,12	192,330	10,18	186	149
1789	208,337	4,0	143,290	0,0	609	149
1790	7,22	236,397	18,29	247,438	167	149
1791	128,166	1739,2751	45,96	1233,2211	348	149
1792	54,50	24,35	37,49	19,18	182	149
1793	25,24	2,6	19,21	0,0	182	149
1794	77,86	1,0	43,62	1,1	152	149
1795	204,282	12,22	166,301	10,27	152	149
1796	22,24	15,12	16,37	5,15	221	149
1797	27,35	5,6	4,22	0,4	212	149
1798	25,47	56,77	25,62	44,78	184	149
1799	19,45	0,0	19,66	1,0	173	149
1800	27,58	5,8	28,76	12,10	184	149
1801	8,13	5,8	10,10	12,10	160	149
1804	37,57	43,54	18,48	24,54	404	149
1805	71,82	95,78	26,69	67,84	630	149
1806	78,80	95,78	32,77	67,84	375	149
1807	2,6	93,89	0,2	68,74	152	149
1808	21,29	84,75	12,13	30,54	164	149
1809	21,25	211,251	6,15	137,203	177	149
1810	79,73	1,1	51,84	0,4	164	149
1812	30,29	201,229	25,74	164,280	152	149
1814	296,329	0,0	235,426	0,2	327	149
1815	147,215	22,40	157,357	26,29	190	149
1816	80,96	14,16	56,121	24,23	216	149
1817	80,96	44,66	55,124	48,77	216	149
1818	437,489	195,224	290,564	172,300	200	149
1819	308,289	255,350	187,260	234,447	256	149
1820	512,646	6,10	476,754	4,6	345	149
1821	154,191	35,64	92,138	29,57	392	149
1822	293,320	2,0	186,247	0,0	154	149
1823	42,64	406,393	41,42	308,466	862	149
1824	96,78	59,80	27,39	59,94	152	149
1825	0,1	95,111	3,1	51,67	166	149
1826	5,2	2,2	1,3	0,0	407	149
1828	17,15	2,2	8,15	5,3	210	149
1829	2,3	119,133	7,7	102,170	152	149
1830	5,5	2,2	3,5	0,0	153	149
1831	18,10	11,12	14,15	10,12	153	149
1832	121,126	193,200	93,112	124,174	168	149
1833	7,18	3136,3193	7,13	3497,5245	195	149
1834	73,94	3,1	63,90	0,2	531	149
1836	557,604	2,1	348,555	0,4	154	149
1838	114,86	0,2	66,80	0,1	161	149
1839	541,856	339,477	392,504	218,278	166	149
1842	76,83	241,305	91,115	146,219	152	149
1843	6,4	276,315	4,10	229,326	169	149
1844	1,1	1,2	2,0	0,0	182	149
1845	0,1	3,3	2,0	0,1	152	149
1848	145,268	23,39	125,155	13,33	155	149
1850	1,0	0,0	2,2	0,1	174	149
1851	97,194	51,72	114,172	43,35	167	149
1853	38,34	16,16	29,46	8,11	178	149
1854	50,31	51,44	42,51	65,66	171	149
1855	132,117	12,18	67,83	15,22	162	149
1856	111,142	0,4	105,148	7,5	155	149
1857	76,82	0,1	49,90	2,3	153	149
1858	99,170	170,198	83,121	127,203	152	149
1860	1,2	460,522	1,3	368,597	185	149
1861	34,35	604,1056	17,32	518,776	152	149
1862	1,5	110,128	1,4	98,173	156	149
1864	671,775	118,119	602,906	99,147	156	149
1865	1207,1653	1,2	1502,2006	0,0	170	149
1866	118,136	2,2	50,69	0,2	297	149
1867	59,77	45,48	26,56	36,49	164	149
1868	20,34	416,503	24,21	223,338	328	149
1869	34,45	12,29	24,72	9,18	158	149
1870	12,13	158,209	11,6	126,195	152	149
1871	5,5	8,1	0,14	8,7	176	149
1874	3,0	0,0	0,4	0,2	154	149
1875	143,241	3,0	128,222	0,0	173	149
1876	205,262	29,44	210,298	23,32	160	149
1877	3,3	166,184	1,0	108,228	158	149
1878	17,23	41,53	17,13	37,29	170	149
1879	3,2	43,36	2,0	26,40	176	149
1880	41,43	284,302	27,43	236,405	154	149
1881	32,16	63,47	46,48	56,60	153	149
1882	49,46	204,169	45,52	121,219	196	149
1883	133,149	17,19	106,160	9,11	214	149
1885	355,440	17,14	349,413	12,16	155	149
1886	2,3	207,246	2,4	164,189	176	149
1887	2057,2842	1,0	2195,3061	0,2	1434	149
1888	236,247	159,171	143,211	88,172	176	149
1889	241,270	3,4	159,255	0,1	284	149
1890	65,62	1,0	51,64	1,2	171	149
1891	2,1	24,31	0,2	26,40	178	149
1892	528,722	33,24	649,1106	30,51	241	149
1893	41,71	153,226	49,96	99,162	176	149
1894	447,682	17,24	348,418	11,9	152	149
1895	0,1	7,19	3,4	0,10	159	149
1897	1,2	17,38	0,5	36,61	162	149
1899	8,9	174,196	7,11	134,188	172	149
1900	397,478	4,3	294,403	2,6	229	149
1901	12,18	250,293	14,31	169,279	176	149
1902	9,8	255,286	6,14	291,466	308	149
1903	295,381	4,15	184,349	1,4	161	149
1904	14,23	32,18	17,18	6,12	154	149
1905	7,9	81,94	3,8	92,94	413	149
1906	116,103	16,15	118,160	6,14	316	149
1907	6,10	23,22	4,10	10,21	152	149
1908	16,19	29,31	4,10	29,29	185	149
1910	224,236	133,147	109,156	123,156	169	149
1911	465,435	27,37	386,673	23,47	197	149
1913	4,7	184,208	12,15	124,214	311	149
1914	11,6	1,5	2,7	0,1	450	149
1915	120,207	10,13	140,251	18,8	196	149
1916	634,949	1,5	667,1142	2,3	164	149
1917	124,136	1,0	62,132	0,3	163	149
1918	3,8	284,368	0,6	237,299	297	149
1919	76,87	2,4	58,108	2,2	163	149
1920	489,616	351,456	403,626	175,280	152	149
1921	71,54	19,17	39,72	18,16	154	149
1922	51,54	11,18	17,32	8,8	215	149
1923	73,70	21,20	22,38	8,14	238	149
1924	33,34	21,20	13,14	8,14	172	149
1925	6,1	96,90	4,4	48,98	471	149
1926	205,277	1196,1312	79,113	617,1088	170	149
1927	222,301	12,23	246,252	16,16	381	149
1928	5,4	0,0	24,47	2,0	167	149
1929	1,1	77,72	0,0	57,124	171	149
1931	20,11	2,0	9,4	0,0	164	149
1932	0,1	2,0	1,0	0,0	152	149
1933	362,414	135,105	240,337	128,175	158	149
1934	130,155	135,105	140,175	128,175	161	149
1935	111,141	343,400	120,152	220,314	152	149
1937	5423,5951	2,1	4605,7383	1,11	151	149
1938	206,350	260,319	221,318	176,308	160	149
1942	1,0	3,4	0,0	8,5	171	149
1943	141,157	22,24	92,131	20,34	402	149
1944	15,24	171,255	25,53	162,183	588	149
1945	4,0	118,114	0,5	79,101	210	149
1946	173,196	3,0	83,173	0,2	284	149
1948	0,1	81,75	0,0	34,69	170	149
1951	1163,1425	262,372	1458,2228	249,410	171	149
1952	534,653	2,7	559,879	3,5	522	149
1953	67,68	0,0	41,62	0,1	171	149
1954	11,33	354,441	7,21	350,496	233	149
1955	28,23	1,2	31,16	4,9	151	149
1956	748,762	1,0	507,827	0,0	158	149
1957	5,0	0,0	2,2	2,0	364	149
1958	110,102	248,313	71,149	215,264	152	149
1959	39,48	137,161	23,25	133,190	231	149
1960	106,151	121,154	52,103	97,154	156	149
1962	643,838	9,7	553,767	4,3	255	149
1963	8,10	6,2	8,7	9,17	155	149
1964	6,2	148,196	3,3	84,131	164	149
1965	101,155	52,93	53,83	25,69	162	149
1966	1097,1516	51,71	822,1376	35,69	218	149
1967	29,30	93,153	11,11	28,46	161	149
1968	5,3	6,2	0,3	6,5	162	149
1969	2,0	1,0	1,2	0,0	173	149
1970	85,85	1,2	65,118	0,1	206	149
1971	1,1	8,8	0,0	6,8	152	149
1972	63,117	86,111	69,99	46,98	169	149
1974	41,23	72,127	15,24	49,69	152	149
1975	2,2	4,7	1,0	1,4	154	149
1976	12,25	20,22	5,11	11,6	154	149
1977	732,1014	19,16	624,959	10,13	155	149
1978	7,13	5,8	14,15	4,8	164	149
1979	22,27	1,0	16,35	0,0	511	149
1980	89,87	21,18	38,69	5,12	165	149
1981	20,37	0,1	5,18	0,1	165	149
1982	161,149	0,0	80,198	2,0	281	149
1983	104,128	17,9	60,87	4,5	160	149
1984	651,810	0,0	704,1029	2,8	151	149
1985	14,40	182,277	27,74	139,228	152	149
1986	2,6	0,0	2,7	0,1	152	149
1987	5,4	15,9	2,7	7,9	152	149
1989	155,172	32,54	149,230	12,26	934	149
1990	1,5	9,6	1,6	2,3	152	149
1991	7,18	13,6	3,8	13,24	152	149
1992	73,93	93,128	57,78	66,101	181	149
1993	17,14	5,4	2,8	4,8	164	149
1995	47,43	200,252	38,73	125,203	170	149
1996	1,0	0,0	2,2	1,0	152	149
1999	3,4	4,3	13,13	5,17	151	149
2001	35,37	41,48	15,6	15,26	164	149
2002	81,72	61,77	41,42	23,30	158	149
2003	43,44	108,129	14,19	53,59	152	149
2004	5,2	3,0	9,4	1,5	201	149
2006	77,81	0,0	56,87	2,2	191	149
2007	42,48	379,369	62,121	163,359	301	149
2008	275,281	2,0	215,344	1,2	553	149
2009	71,85	324,462	85,74	268,474	480	149
2010	4,1	91,104	1,1	45,62	170	149
2011	562,676	7,7	410,534	4,4	156	149
2012	31,14	0,0	20,17	0,1	159	149
2013	4,6	1,0	3,3	0,0	177	149
2014	1,0	11,8	0,1	11,15	158	149
2015	5,4	28,31	2,5	13,34	152	149
2016	38,40	11,8	19,40	0,17	170	149
2018	17,15	2,1	19,13	0,0	233	149
2019	11,14	395,361	3,10	265,445	347	149
2020	16,18	4,2	10,25	1,2	220	149
2021	39,26	485,633	22,44	335,534	470	149
2022	18,13	49,56	8,16	47,88	152	149
2023	2,1	1,0	4,3	0,1	160	149
2024	89,97	35,24	81,136	11,18	398	149
2025	89,88	36,31	47,119	5,22	398	149
2026	44,39	11,22	5,27	4,14	209	149
2027	8,9	66,76	11,6	43,63	162	149
2028	1,3	113,137	4,9	99,193	173	149
2030	45,48	22,46	19,43	28,16	252	149
2031	184,265	2,2	103,146	0,0	191	149
2032	2292,2203	20,18	1757,2468	12,22	152	149
2034	31,23	19,7	10,11	4,15	155	149
2036	183,301	0,2	198,235	0,1	193	149
2037	22,10	249,306	0,5	144,268	163	149
2038	1,0	55,22	1,0	25,42	197	149
2039	1,1	41,36	8,2	25,35	161	149
2040	87,127	0,2	110,184	0,0	744	149
2041	72,106	11,20	72,80	16,23	179	149
2043	2,0	1,1	0,2	0,0	302	149
2045	191,209	223,355	124,147	246,318	169	149
2046	8,13	201,191	11,12	141,255	153	149
2048	12,14	15,11	7,5	18,15	212	149
2049	0,2	1,0	2,1	0,0	239	149
2054	173,189	11,26	104,187	26,9	160	149
2055	140,138	24,17	61,146	17,22	160	149
2056	465,563	0,0	458,695	2,0	182	149
2057	63,57	138,140	41,71	139,201	152	149
2058	709,898	11,22	566,920	7,18	152	149
2059	93,120	2,0	57,102	0,0	188	149
2060	42,90	1,10	24,48	4,5	179	149
2061	3,1	52,87	6,10	34,49	169	149
2065	12,17	153,234	19,25	154,203	169	149
2066	61,119	153,234	108,154	154,203	381	149
2067	60,114	11,12	98,142	9,13	361	149
2068	33,22	39,38	15,29	35,33	152	149
2069	10,20	39,38	4,17	35,33	158	149
2070	9,19	32,21	4,14	15,26	155	149
2073	2,10	15,15	8,4	14,20	182	149
2074	6,2	73,80	1,6	56,73	173	149
2076	116,135	5,5	78,130	1,3	214	149
2077	285,332	0,3	227,330	0,0	840	149
2079	3,2	309,398	2,2	404,598	179	149
2080	3,6	296,327	3,3	226,415	218	149
2081	299,365	0,0	247,380	1,0	153	149
2082	288,412	0,0	259,343	2,3	152	149
2084	598,768	2,1	460,646	2,0	442	149
2085	51,59	526,682	40,40	418,559	461	149
2086	65,78	3,1	62,93	0,2	294	149
2087	21,15	4,0	2,8	0,1	172	149
2089	147,201	0,4	95,130	0,3	176	149
2090	26,35	58,127	22,32	58,72	279	149
2091	12,21	12,25	2,17	7,18	257	149
2092	532,569	73,101	499,706	62,95	161	149
2093	31,27	176,163	13,24	110,179	602	149
2094	343,605	36,90	268,463	47,91	166	149
2095	113,202	42,61	130,186	40,68	185	149
2096	420,717	42,61	351,558	40,68	202	149
2097	370,628	0,0	357,671	2,0	161	149
2098	14,28	168,240	19,51	187,305	155	149
2099	3,5	30,31	1,4	23,39	343	149
2100	40,43	37,32	20,34	24,31	173	149
2101	74,65	228,203	42,63	140,223	158	149
2102	330,365	4,4	264,399	2,7	155	149
2103	15,15	107,173	7,14	87,171	167	149
2104	161,241	16,22	130,220	4,12	155	149
2105	704,911	405,435	426,704	283,358	550	149
2106	68,92	1,0	45,97	0,0	315	149
2108	330,507	73,115	212,353	57,94	161	149
2109	60,38	45,29	19,36	26,37	155	149
2110	0,2	193,215	0,1	152,184	165	149
2112	98,184	2,0	57,93	0,3	168	149
2113	140,184	45,60	131,174	59,49	216	149
2115	12,3	27,32	11,5	18,13	152	149
2116	9,7	2,2	10,21	2,3	163	149
2117	1832,1655	378,257	1382,1924	263,368	152	149
2119	22,23	208,233	25,40	184,237	336	149
2120	582,656	4,3	374,769	2,5	153	149
2121	3,1	49,74	2,1	29,40	167	149
2122	136,167	0,0	123,256	1,3	290	149
2123	1,3	33,41	2,2	27,27	326	149
2125	104,125	4,12	131,204	4,25	436	149
2127	1,5	4317,4644	4,1	1806,2907	176	149
2129	2911,3799	1,0	2057,3417	0,0	214	149
2131	107,119	1,7	52,99	2,1	152	149
2132	13,13	14,20	18,9	9,7	170	149
2133	1889,1183	295,189	781,1637	219,422	152	149
2135	351,444	39,43	233,322	57,50	158	149
2136	135,142	18,17	100,132	10,15	186	149
2137	10,15	10,11	9,22	2,2	158	149
2138	46,53	3,1	53,61	5,7	160	149
2139	4,5	27,23	4,6	13,44	176	149
2140	2,0	3,0	0,1	0,0	196	149
2141	873,819	31,25	610,1123	15,30	152	149
2142	8,5	75,96	6,7	53,89	160	149
2144	6,11	3,8	4,2	0,5	161	149
2145	133,146	18,16	89,174	21,30	154	149
2146	52,72	114,161	63,72	136,248	155	149
2148	818,935	61,83	606,950	44,76	164	149
2149	52,43	32,39	20,39	38,78	152	149
2150	4,6	16,21	3,11	13,13	200	149
2151	8,8	277,385	6,7	213,298	449	149
2152	74,80	5,17	60,138	8,11	161	149
2155	7,3	1,0	4,4	2,1	157	149
2156	1,3	87,148	0,0	69,138	324	149
2157	722,981	0,0	550,969	0,3	166	149
2158	66,37	4,1	25,26	0,1	212	149
2159	9,5	131,170	4,15	92,166	152	149
2160	100,173	6,1	85,138	3,9	155	149
2162	67,48	1,0	55,85	0,0	169	149
2163	2451,3893	6,6	2731,4013	3,7	176	149
2164	68,102	4,17	110,182	11,13	153	149
2166	786,770	85,109	392,685	55,87	155	149
2167	24,17	41,59	15,30	28,55	263	149
2169	87,76	0,4	67,112	0,0	472	149
2170	7,3	11,24	2,6	10,10	158	149
2173	2,5	10,13	0,3	6,11	155	149
2175	0,3	162,173	4,10	123,183	305	149
2176	13675,16948	1,5	12972,17734	4,7	152	149
2177	13997,17387	1,1	13309,18320	3,3	156	149
2178	323,444	1,1	341,593	3,3	153	149
2180	8,1	33,58	3,1	16,31	167	149
2181	4,7	491,598	0,1	197,366	165	149
2183	3,4	3,0	2,0	3,0	157	149
2184	9,9	3,0	4,3	3,0	261	149
2185	8,7	2,2	4,3	2,0	253	149
2186	192,223	37,33	99,159	4,12	160	149
2187	356,309	10,10	252,336	1,0	208	149
2188	12,18	1,6	9,23	13,7	176	149
2189	1,2	64,84	1,0	61,134	314	149
2192	1,6	4,4	0,6	0,7	322	149
2193	2445,2924	0,2	1729,3100	0,2	153	149
2194	2,4	8,0	2,2	3,10	162	149
2196	647,688	1,3	415,651	4,1	158	149
2197	13,20	26,28	15,19	12,21	152	149
2198	736,864	5,5	684,1135	3,6	158	149
2199	0,3	47,44	0,0	34,62	156	149
2200	77,121	7,4	56,95	1,1	204	149
2201	2,2	9,17	1,0	18,46	215	149
2202	4,5	119,146	1,2	96,148	172	149
2203	63,51	26,24	39,37	16,26	232	149
2204	28,36	1540,1341	34,26	1201,1772	511	149
2205	285,384	9,10	274,390	2,1	185	149
2206	275,244	0,0	112,194	0,1	403	149
2207	2,2	47,38	1,1	25,40	181	149
2208	41,58	145,236	48,68	203,256	164	149
2209	4,6	226,190	1,1	93,133	170	149
2210	700,850	19,23	628,1071	21,39	158	149
2211	27,58	24,39	35,55	11,24	205	149
2213	0,1	116,124	0,0	54,91	191	149
2214	581,838	2,2	485,718	0,5	315	149
2215	35,57	18,9	23,42	4,15	164	149
2216	138,163	46,32	85,132	10,39	151	149
2217	367,500	162,289	369,478	217,374	260	149
2218	201,345	18,38	237,432	14,12	704	149
2219	65,87	101,126	63,105	64,100	152	149
2220	10,3	7,4	6,5	1,1	154	149
2222	0,1	1,4	0,0	0,1	157	149
2223	70,184	0,3	121,233	0,1	155	149
2224	87,101	344,385	83,148	247,394	152	149
2225	21,16	1,3	9,20	2,3	754	149
2226	53,69	4,2	42,68	4,12	169	149
2227	49,99	4,16	36,83	5,14	165	149
2228	23,24	102,135	9,17	67,97	152	149
2229	387,483	63,58	324,423	41,59	191	149
2231	164,203	4,13	125,171	1,4	192	149
2234	0,0	3,6	1,0	6,7	165	149
2236	67,79	2598,3336	66,99	2330,3467	333	149
2238	4,2	21,47	5,8	14,46	184	149
2239	8,3	205,234	11,27	269,418	168	149
2241	29,38	25,48	10,27	13,30	152	149
2242	393,442	1,0	285,509	0,0	343	149
2243	84,69	176,200	41,99	171,277	165	149
2244	6,8	784,824	13,11	662,973	168	149
2245	13,7	2,2	5,11	0,3	161	149
2246	20,17	2,0	12,21	0,0	161	149
2247	11,9	4,6	3,7	0,5	170	149
2248	87,90	4,6	21,53	0,5	191	149
2251	157,237	114,127	129,197	102,124	161	149
2252	194,252	135,212	154,143	153,193	152	149
2253	1,0	243,266	0,4	237,344	179	149
2254	49,72	7,12	70,97	14,8	163	149
2255	1,1	10,11	0,0	6,8	152	149
2256	5,8	629,771	4,3	341,594	166	149
2257	58,76	6,9	32,65	1,3	167	149
2259	20,17	239,274	40,53	315,442	248	149
2260	93,106	2963,3268	54,116	1919,3136	960	149
2261	147,208	0,6	130,211	0,7	419	149
2262	9,27	17,40	9,25	22,25	195	149
2264	157,150	115,154	50,68	103,185	221	149
2265	4,10	77,127	12,12	75,77	153	149
2266	665,393	159,73	408,512	71,84	228	149
2267	4,3	19,14	3,3	11,12	179	149
2268	22,21	9,10	13,13	3,3	152	149
2269	60,63	31,36	30,36	15,25	175	149
2270	13,19	879,948	6,8	649,1047	152	149
2271	55,72	11,25	44,65	17,30	154	149
2272	2,12	12,35	4,4	13,20	162	149
2273	2,5	308,382	0,2	251,353	197	149
2274	90,120	13,14	80,114	8,13	352	149
2275	52,63	47,32	36,71	16,43	155	149
2276	18,22	63,65	11,32	31,60	152	149
2277	325,475	280,380	290,387	272,424	367	149
2278	26,31	0,0	28,48	0,1	301	149
2280	198,249	91,97	106,145	68,72	152	149
2281	310,366	312,316	128,132	268,379	155	149
2282	57,63	37,29	48,78	24,47	171	149
2283	2743,2618	11,6	1809,2883	2,10	193	149
2285	389,359	0,0	227,439	0,4	239	149
2287	261,196	0,0	120,244	1,0	164	149
2288	1,5	51,43	1,4	13,30	160	149
2290	7,10	1,2	4,8	2,2	163	149
2291	21,42	4,7	26,57	2,1	167	149
2292	0,2	64,78	0,3	85,90	164	149
2294	49,35	9,3	10,20	11,10	390	149
2295	123,126	722,979	83,98	552,896	804	149
2296	83,94	722,979	84,88	552,896	563	149
2297	1379,1866	3,2	933,1545	2,5	154	149
2298	20,33	1578,1999	11,17	1004,1700	152	149
2299	16,8	355,278	2,13	181,338	152	149
2301	29,17	31,41	8,12	11,25	152	149
2302	5,12	2,0	1,15	1,0	185	149
2304	3,3	1,4	0,3	2,4	487	149
2305	29,36	434,504	22,25	333,463	347	149
2306	560,470	5,0	324,481	3,0	317	149
2308	13,25	41,28	9,14	33,31	152	149
2309	15,28	6,4	3,8	0,5	152	149
2310	8,18	14,10	3,2	0,11	180	149
2311	72,120	2,6	64,110	11,6	165	149
2312	563,593	9,9	300,565	3,16	684	149
2313	0,3	3,0	0,6	0,1	169	149
2314	22,15	50,44	7,24	73,92	157	149
2315	34,22	1,1	20,22	0,0	271	149
2316	0,2	26,31	0,6	28,35	170	149
2317	58,67	0,2	32,82	0,4	265	149
2318	156,140	22,21	96,141	18,22	154	149
2319	38,50	282,282	31,57	200,291	177	149
2320	649,822	0,0	431,649	1,0	324	149
2321	18,31	146,213	19,16	154,184	170	149
2322	0,0	5,6	1,4	0,0	168	149
2323	291,343	13,32	188,284	9,23	154	149
2324	364,460	0,0	437,718	1,0	278	149
2325	3,1	80,120	0,0	76,120	188	149
2327	143,236	21,39	279,431	73,107	152	149
2328	16,21	91,83	5,14	61,109	152	149
2329	187,200	13,17	115,209	12,15	152	149
2330	140,144	1,1	80,140	0,2	154	149
2332	15,10	150,186	4,16	116,212	484	149
2333	2,4	0,0	3,7	0,2	166	149
2334	20,54	3,7	19,25	0,0	155	149
2336	1064,1287	406,513	868,1433	133,172	152	149
2337	52,46	0,1	38,64	0,0	153	149
2338	83,102	18,14	46,93	11,7	241	149
2339	24,37	71,104	38,22	86,99	152	149
2340	4,3	0,2	3,2	0,0	153	149
2341	47,41	2,2	39,57	0,0	178	149
2342	181,234	77,92	108,222	61,110	206	149
2343	5,8	6,4	4,7	10,4	167	149
2345	26,29	103,107	44,52	48,94	157	149
2346	29,42	108,101	16,28	76,119	327	149
2351	102,151	0,1	74,117	0,0	153	149
2352	354,341	5,6	330,506	2,6	153	149
2353	249,326	21,36	217,343	38,46	153	149
2354	230,312	142,191	180,276	135,202	152	149
2355	17,24	6,11	17,17	5,9	152	149
2356	11,7	93,107	3,17	34,58	162	149
2358	117,185	1,10	108,165	7,15	170	149
2359	6,0	13,16	10,5	14,19	152	149
2360	15,19	6,10	16,19	15,8	174	149
2361	28,19	118,149	7,25	104,101	792	149
2363	8,13	63,56	14,14	43,100	175	149
2364	45,72	39,30	39,69	32,42	178	149
2365	82,75	0,0	104,193	0,1	161	149
2367	4,0	51,64	1,3	35,51	167	149
2368	11,12	117,136	6,26	82,155	152	149
2370	27,26	49,83	23,23	41,56	168	149
2371	33,54	18,22	35,62	20,28	152	149
2372	2,7	52,91	2,2	29,52	200	149
2374	40,50	328,347	31,58	229,343	164	149
2375	140,168	2,16	56,128	0,5	162	149
2376	116,187	1,2	88,119	6,10	274	149
2378	182,231	111,111	137,252	97,204	152	149
2379	0,1	165,270	4,0	133,227	202	149
2380	67,80	9,9	51,82	6,9	165	149
2381	14,13	13,15	5,6	8,20	154	149
2382	442,557	73,75	341,469	39,64	152	149
2383	6,1	136,150	6,9	84,147	161	149
2385	84,93	39,47	74,109	15,36	152	149
2386	30,44	258,397	28,43	219,328	187	149
2388	16,42	1,7	13,28	0,3	170	149
2389	79,98	1,0	45,91	0,0	215	149
2390	78,70	1,0	37,77	4,3	215	149
2391	155,193	8,30	115,145	16,11	202	149
2392	96,115	8,30	61,101	16,11	225	149
2393	30,36	89,114	16,31	70,75	172	149
2394	396,511	345,486	275,468	300,485	178	149
2395	0,1	92,136	0,1	97,146	178	149
2396	87,110	26,28	59,124	13,33	152	149
2397	35,32	10,16	22,30	23,33	152	149
2399	1,1	10,3	2,0	6,15	152	149
2400	6,4	9,5	0,0	1,0	152	149
2401	14,37	22,27	14,26	4,11	168	149
2404	0,0	28,34	1,1	14,26	302	149
2407	317,290	20,24	224,339	13,12	152	149
2408	2,3	6,3	1,4	8,10	160	149
2409	2,2	44,61	10,19	29,64	163	149
2410	3,4	2,0	2,5	0,0	153	149
2411	68,75	215,194	37,87	112,189	200	149
2412	26,29	276,360	20,26	228,313	317	149
2413	17,9	34,45	11,15	20,29	152	149
2415	205,305	610,762	136,234	553,852	163	149
2416	420,525	4,2	349,591	1,0	164	149
2417	10,7	13,6	10,5	1,1	161	149
2418	257,245	14,11	157,258	10,10	185	149
2419	1,8	91,91	6,15	74,137	363	149
2420	35,31	20,32	25,65	12,27	165	149
2421	6,12	276,379	3,7	216,268	531	149
2422	7,4	2,2	2,5	1,8	155	149
2423	1004,814	0,2	634,995	0,0	619	149
2425	25,51	0,0	35,53	0,2	382	149
2426	231,193	436,452	237,430	214,385	152	149
2427	152,218	28,13	114,166	10,14	227	149
2429	137,93	3,1	68,112	1,0	167	149
2430	271,329	13,24	190,231	22,19	154	149
2432	54,83	23,29	43,88	9,7	157	149
2433	31,34	18,16	28,40	10,25	296	149
2434	99,123	18,16	70,121	10,25	491	149
2435	70,90	2,0	43,85	0,2	344	149
2436	1,1	36,42	1,4	19,39	164	149
2437	15,5	124,134	19,11	94,114	588	149
2438	88,113	11,16	75,166	12,16	193	149
2439	464,483	264,271	159,323	188,320	543	149
2440	9,4	47,49	1,10	30,47	165	149
2442	515,501	8,11	345,509	6,17	200	149
2443	47,52	231,282	28,45	147,208	433	149
2444	55,61	14,17	36,60	16,13	437	149
2445	214,246	1,2	114,213	0,0	490	149
2446	275,313	95,106	155,285	72,85	505	149
2447	239,291	14,17	155,223	16,13	153	149
2448	398,476	1,2	233,376	0,0	206	149
2449	459,543	95,106	274,448	72,85	221	149
2450	173,202	1,2	94,166	0,0	202	149
2451	234,269	95,106	135,238	72,85	217	149
2452	62,69	95,106	41,72	72,85	164	149
2453	283,302	8,16	249,314	6,10	166	149
2454	3,6	10,24	2,7	6,22	175	149
2455	23,18	248,239	14,30	177,244	178	149
2456	32,27	0,3	10,17	1,2	169	149
2457	1,3	66,73	3,0	47,66	164	149
2458	181,290	0,2	166,235	8,0	282	149
2459	3554,4796	9,16	2151,2898	5,2	183	149
2460	2928,3480	1,0	1639,2287	0,2	211	149
2461	975,1141	16,27	683,929	14,6	152	149
2462	2,6	39,16	11,6	8,34	287	149
2463	469,443	197,249	184,363	304,358	155	149
2464	70,150	119,173	70,119	111,112	152	149
2465	151,112	2,0	88,127	0,0	155	149
2466	97,92	2,1	93,104	0,0	158	149
2467	1,2	21,23	1,0	18,27	176	149
2468	0,3	13,4	1,1	7,7	176	149
2469	30,30	9,7	42,72	7,12	285	149
2470	278,369	0,1	214,331	0,1	277	149
2471	18,15	631,774	11,26	486,668	182	149
2472	0,1	48,63	0,0	36,64	187	149
2474	11,10	0,0	45,37	0,1	158	149
2475	0,2	1,1	0,0	3,0	175	149
2477	11,22	4,8	7,22	1,6	270	149
2478	15,32	741,1177	15,30	541,747	337	149
2479	94,112	1,0	48,87	0,1	158	149
2481	160,169	32,44	86,160	32,46	161	149
2482	21,8	9,2	5,8	5,7	167	149
2484	91,120	133,204	37,73	133,185	152	149
2485	41,41	236,339	22,53	215,292	652	149
2487	293,395	182,274	178,208	174,271	318	149
2488	483,554	38,28	370,565	9,20	179	149
2489	80,90	10,25	49,79	12,7	169	149
2490	9,7	345,451	2,10	288,432	414	149
2491	144,181	1,0	109,179	0,2	263	149
2492	96,129	1,1	55,85	2,1	334	149
2493	39,57	2,3	41,67	0,0	152	149
2494	154,166	134,178	141,240	102,151	152	149
2495	9,6	10,7	7,14	22,15	216	149
2496	0,2	0,0	2,2	0,1	162	149
2498	7,23	71,103	11,13	55,84	433	149
2499	73,112	10,8	51,73	3,2	206	149
2501	123,157	5,3	120,175	0,1	153	149
2502	157,185	0,2	123,176	0,0	341	149
2503	63,60	0,1	24,51	0,0	155	149
2504	96,112	48,44	72,104	38,50	152	149
2505	0,0	1,0	0,1	0,1	152	149
2506	62,66	186,115	21,49	113,182	161	149
2507	7,4	15,23	2,11	8,31	177	149
2508	0,1	0,5	2,2	3,0	173	149
2511	7,4	171,233	5,12	185,262	164	149
2512	81,69	90,83	59,67	55,62	163	149
2513	193,273	68,71	174,181	49,46	167	149
2514	108,121	153,179	47,60	125,209	152	149
2516	4,5	38,25	0,7	14,19	160	149
2517	8,4	11,13	0,2	5,3	160	149
2519	332,375	1,0	236,403	0,0	534	149
2520	14,11	8,1	8,19	9,7	229	149
2521	17,1	31,47	8,27	24,42	392	149
2522	732,983	20,25	817,1345	26,39	637	149
2523	0,0	2,2	0,1	1,2	194	149
2525	280,366	43,60	173,284	20,41	182	149
2527	64,107	24,40	90,153	30,34	547	149
2528	34,36	24,40	56,107	30,34	574	149
2529	19,14	46,82	37,83	67,118	176	149
2530	17,29	1,8	13,12	1,3	153	149
2531	75,96	33,33	44,79	24,34	184	149
2532	185,295	13,7	183,208	9,5	152	149
2533	118,234	4,1	120,215	4,5	230	149
2534	81,169	1,0	96,170	0,0	230	149
2535	528,780	1,0	444,621	0,0	375	149
2536	448,613	1,2	348,455	0,4	294	149
2537	95,98	22,16	31,82	13,16	166	149
2538	32,25	12,19	31,21	11,8	164	149
2539	2,1	19,17	1,0	10,19	222	149
2540	52,31	9,8	22,40	4,1	161	149
2541	13,13	26,41	44,55	31,62	171	149
2542	0,5	9,20	4,1	2,9	168	149
2543	221,242	0,0	287,442	0,2	327	149
2545	99,126	0,0	64,87	0,2	339	149
2546	18,15	1,0	15,18	0,0	185	149
2547	39,34	116,145	22,60	113,121	366	149
2548	5,10	244,288	3,7	223,304	424	149
2549	108,121	510,472	124,214	278,353	171	149
2550	249,332	2,2	133,230	4,0	164	149
2551	305,342	2,0	184,280	1,0	381	149
2552	32,49	163,235	37,58	135,207	152	149
2553	137,163	60,97	131,186	56,87	152	149
2554	462,584	0,0	423,749	0,3	153	149
2555	0,2	28,29	2,4	17,18	215	149
2557	0,1	7,7	0,0	2,0	154	149
2558	24,29	4,15	8,13	4,9	154	149
2559	33,61	0,0	24,61	2,2	178	149
2560	6,3	12,4	0,3	4,5	152	149
2563	1117,1434	37,28	872,1480	18,23	267	149
2564	186,224	103,94	143,234	34,63	152	149
2565	149,160	0,0	67,110	2,0	151	149
2566	237,320	7,0	193,270	3,2	191	149
2567	4,7	173,261	3,4	124,233	173	149
2569	64,70	197,215	51,98	132,209	152	149
2570	8,11	129,135	6,10	70,107	154	149
2571	9,6	26,28	7,10	11,20	162	149
2572	9,5	78,80	3,12	75,59	186	149
2573	0,2	43,98	1,3	38,58	152	149
2574	34,36	2,2	32,35	1,0	319	149
2575	31,35	18,12	31,37	18,24	319	149
2576	9,10	293,301	3,11	181,341	308	149
2577	324,297	16,23	200,273	4,7	152	149
2579	11,7	41,53	0,10	36,80	158	149
2580	88,66	6,5	66,87	4,3	194	149
2581	23,20	127,53	30,25	43,97	336	149
2582	433,485	0,1	330,608	0,0	346	149
2583	18,21	1,4	24,22	1,5	178	149
2584	32,35	7,2	37,33	0,2	195	149
2585	15,18	7,2	14,16	0,2	166	149
2586	0,3	236,332	5,3	184,289	208	149
2587	1021,1391	259,405	789,1315	249,402	155	149
2588	41,38	0,0	24,21	2,6	152	149
2589	14,13	2,2	21,14	0,0	224	149
2592	94,141	0,0	79,97	0,1	536	149
2593	225,270	3,8	122,234	8,8	155	149
2594	34,45	0,0	14,39	0,1	400	149
2595	19,22	254,340	29,32	198,337	154	149
2596	5,6	0,6	2,8	4,2	156	149
2597	1861,2255	1,4	1485,2206	1,5	158	149
2598	55,103	3,23	103,158	1,13	166	149
2599	14,8	19,13	2,7	6,13	273	149
2600	105,85	1,0	26,52	0,0	285	149
2602	16,27	42,35	12,37	38,54	276	149
2603	43,45	265,382	17,28	204,293	403	149
2604	42,76	0,0	58,93	0,2	278	149
2605	38,64	11,16	26,45	7,16	537	149
2606	164,231	20,37	102,182	18,18	278	149
2607	81,105	151,176	36,77	99,137	152	149
2609	21,16	15,9	12,16	6,13	152	149
2610	551,621	5,9	350,544	1,2	152	149
2611	23,43	78,109	12,43	50,54	165	149
2612	30,38	528,661	16,23	372,669	584	149
2613	7,7	50,59	3,6	64,59	176	149
2615	15,17	201,252	17,30	125,189	154	149
2616	144,93	17,12	77,111	9,10	175	149
2617	14,12	590,804	18,12	438,700	553	149
2618	28,25	22,26	16,36	10,9	183	149
2619	86,73	201,248	80,127	161,239	163	149
2625	110,153	0,2	111,242	1,0	549	149
2626	18,14	223,237	14,25	115,161	341	149
2627	142,121	1,1	113,113	1,4	153	149
2628	680,840	11,17	542,834	6,1	535	149
2629	602,840	3,5	519,798	0,0	465	149
2630	25,37	5,14	23,44	0,18	152	149
2631	59,82	211,250	52,86	199,298	160	149
2632	3,2	0,1	1,3	0,0	152	149
2633	9,15	155,130	2,6	108,150	152	149
2634	169,203	110,125	56,117	30,54	300	149
2635	1,5	334,378	1,9	192,312	167	149
2636	16,7	146,214	7,34	132,196	185	149
2638	7,24	66,76	10,7	31,59	185	149
2640	16,20	144,138	16,17	114,118	179	149
2641	15,21	92,113	6,7	53,75	166	149
2642	57,69	67,89	67,67	36,47	164	149
2643	109,131	790,898	73,151	610,766	152	149
2644	4,8	41,54	10,14	46,77	160	149
2647	12,31	48,51	7,36	16,55	170	149
2648	50,69	1574,2037	48,111	1274,1855	336	149
2649	566,494	59,42	408,628	50,72	155	149
2650	423,525	36,89	368,560	45,57	193	149
2651	491,647	2,2	452,772	2,0	679	149
2652	17,18	32,51	10,13	12,26	152	149
2653	20,15	45,37	14,21	18,52	278	149
2655	221,218	8,2	147,247	1,2	200	149
2657	35,42	96,97	16,41	59,133	479	149
2659	138,146	2,0	117,172	0,0	154	149
2660	124,202	0,0	158,188	0,1	233	149
2661	176,247	8,5	192,274	1,2	270	149
2662	8472,10230	4,1	6991,11836	0,0	1021	149
2663	14,29	610,948	16,28	564,769	379	149
2664	38,32	41,59	26,29	45,53	165	149
2665	28,24	0,1	9,12	0,0	178	149
2666	20,17	61,74	14,32	23,50	152	149
2667	117,160	5,3	75,96	4,2	181	149
2673	0,0	2,3	3,0	6,6	224	149
2674	209,258	3,3	158,248	0,0	170	149
2676	17,31	0,0	6,9	1,0	166	149
2677	62,39	38,23	33,56	17,18	163	149
2678	10,22	45,53	6,8	17,28	193	149
2680	6,9	64,73	7,10	37,98	171	149
2681	1,5	23,31	10,6	21,17	166	149
2682	1,0	2,11	0,0	0,7	171	149
2683	1,4	25,17	0,0	16,36	176	149
2684	2,15	25,17	0,7	16,36	154	149
2686	256,308	4,7	193,291	6,9	298	149
2687	59,78	0,0	40,54	0,1	331	149
2689	189,150	1,1	77,145	1,2	158	149
2690	2424,2501	6,6	1258,1683	3,2	251	149
2691	3114,3181	0,0	1546,2144	0,1	281	149
2692	4360,4547	0,0	2139,2894	0,2	314	149
2693	159,225	0,3	72,122	1,0	170	149
2694	696,686	0,0	291,463	0,1	179	149
2695	1942,2052	0,0	884,1213	0,2	212	149
2696	1246,1366	0,0	593,751	0,2	182	149
2697	541,597	39,43	255,349	18,30	170	149
2698	1940,2052	0,0	885,1211	1,1	212	149
2699	1178,1181	35,39	509,716	12,19	188	149
2700	694,682	171,132	289,463	69,149	179	149
2701	312,426	13,11	279,548	3,7	1756	149
2702	16,4	22,37	8,8	11,21	173	149
2703	4,7	76,78	11,4	35,67	158	149
2704	9,10	6,9	4,14	3,10	180	149
2705	0,1	205,277	0,2	140,176	173	149
2706	84,101	12,35	46,77	18,39	155	149
2707	4,5	127,139	8,10	94,146	152	149
2708	212,243	2,1	146,196	3,6	153	149
2709	5,6	126,175	2,9	133,196	233	149
2710	0,6	9,23	0,0	7,9	214	149
2711	38,89	1,0	38,31	0,0	157	149
2712	1,3	18,8	1,3	6,20	323	149
2713	891,1158	0,0	728,1148	1,0	216	149
2715	15,18	145,136	21,46	66,117	152	149
2717	127,128	1,4	87,120	0,0	164	149
2718	19,14	35,45	2,3	28,34	161	149
2720	36,48	2,2	36,36	0,4	154	149
2721	17,14	27,23	2,20	28,20	154	149
2722	297,341	2,2	178,332	0,2	156	149
2723	8,9	152,185	2,13	77,165	169	149
2724	30,10	0,0	20,11	0,4	215	149
