IncLevel1	IncLevel2	IncLevelDifference
0.998,0.999	0.997,0.997	0.001
1.0,NA	0.0,NA	1.0
0.981,0.982	1.0,0.986	-0.011
1.0,0.996	1.0,1.0	-0.002
1.0,1.0	1.0,1.0	0.0
1.0,1.0	1.0,1.0	0.0
1.0,1.0	1.0,0.983	0.008
1.0,0.993	0.962,1.0	0.015
1.0,1.0	1.0,0.953	0.024
1.0,0.972	1.0,1.0	-0.014
0.998,1.0	1.0,1.0	-0.001
0.998,1.0	1.0,1.0	-0.001
1.0,0.998	1.0,1.0	-0.001
1.0,0.998	1.0,1.0	-0.001
0.089,0.189	0.0,0.0	0.139
0.511,0.527	0.256,0.373	0.205
0.984,0.994	0.99,0.986	0.001
0.998,1.0	1.0,1.0	-0.001
0.465,0.471	0.781,0.673	-0.259
1.0,1.0	1.0,0.975	0.012
0.982,1.0	1.0,1.0	-0.009
1.0,0.997	1.0,0.985	0.006
1.0,0.995	1.0,1.0	-0.002
0.299,0.0	0.0,0.043	0.128
0.223,0.0	0.0,0.0	0.112
0.984,0.953	1.0,0.99	-0.027
1.0,1.0	0.88,1.0	0.06
1.0,0.973	1.0,0.937	0.018
1.0,0.974	1.0,0.938	0.018
1.0,0.721	1.0,1.0	-0.139
0.857,0.832	NA,1.0	-0.155
0.862,0.951	NA,0.757	0.149
NA,1.0	0.0,1.0	0.5
1.0,1.0	0.694,1.0	0.153
1.0,1.0	1.0,1.0	0.0
1.0,0.943	1.0,1.0	-0.028
1.0,1.0	1.0,1.0	0.0
0.974,1.0	1.0,1.0	-0.013
1.0,1.0	1.0,0.997	0.002
1.0,0.999	1.0,1.0	-0.0
1.0,0.996	0.995,0.997	0.002
0.968,0.962	1.0,0.981	-0.025
1.0,0.994	1.0,0.983	0.005
0.999,1.0	1.0,1.0	-0.0
0.018,0.035	0.039,0.037	-0.011
0.082,0.066	0.065,0.117	-0.017
1.0,1.0	0.991,1.0	0.004
0.997,0.993	1.0,1.0	-0.005
0.995,0.986	1.0,1.0	-0.01
0.998,1.0	1.0,1.0	-0.001
0.997,0.999	1.0,1.0	-0.002
1.0,1.0	0.993,1.0	0.004
1.0,0.998	1.0,0.998	0.0
0.988,0.996	1.0,1.0	-0.008
0.995,0.995	1.0,1.0	-0.005
1.0,0.997	1.0,0.997	0.0
0.994,0.994	0.992,0.994	0.001
0.012,0.008	0.01,0.014	-0.002
1.0,0.998	1.0,1.0	-0.001
1.0,0.978	1.0,1.0	-0.011
0.996,1.0	1.0,1.0	-0.002
0.001,0.0	0.002,0.002	-0.002
1.0,1.0	0.997,0.995	0.004
1.0,0.998	1.0,1.0	-0.001
1.0,0.992	1.0,1.0	-0.004
1.0,1.0	1.0,0.999	0.0
1.0,1.0	1.0,0.999	0.0
0.993,1.0	1.0,1.0	-0.004
1.0,0.997	1.0,1.0	-0.002
1.0,1.0	1.0,0.994	0.003
0.491,0.473	0.372,0.408	0.092
0.128,0.219	0.213,0.252	-0.059
0.143,0.183	0.235,0.234	-0.072
1.0,0.981	1.0,1.0	-0.01
0.996,1.0	0.995,1.0	0.0
0.5,0.789	0.429,0.657	0.102
0.667,1.0	0.846,0.862	-0.02
1.0,0.986	1.0,1.0	-0.007
1.0,1.0	1.0,0.999	0.0
0.918,0.889	0.881,0.98	-0.027
0.329,0.408	0.254,0.286	0.098
1.0,0.983	1.0,1.0	-0.008
1.0,0.985	1.0,1.0	-0.008
1.0,1.0	0.998,1.0	0.001
1.0,1.0	0.996,1.0	0.002
1.0,1.0	1.0,0.999	0.0
1.0,1.0	1.0,0.993	0.004
1.0,1.0	0.994,1.0	0.003
1.0,1.0	0.988,1.0	0.006
1.0,0.991	1.0,0.975	0.008
1.0,1.0	1.0,0.993	0.004
0.895,0.667	0.752,0.788	0.011
0.951,0.969	0.977,0.932	0.005
0.983,1.0	1.0,1.0	-0.008
0.908,0.89	1.0,0.85	-0.026
1.0,1.0	0.568,0.621	0.405
0.99,1.0	0.986,0.983	0.011
0.961,0.963	1.0,0.983	-0.03
0.792,1.0	1.0,1.0	-0.104
0.567,1.0	1.0,1.0	-0.217
0.958,0.962	1.0,1.0	-0.04
1.0,1.0	0.961,1.0	0.02
1.0,1.0	1.0,0.998	0.001
0.988,0.966	0.876,0.913	0.082
1.0,0.982	1.0,1.0	-0.009
1.0,1.0	0.999,1.0	0.0
1.0,1.0	0.993,0.996	0.006
1.0,1.0	1.0,0.996	0.002
1.0,0.997	1.0,1.0	-0.002
1.0,0.995	1.0,0.958	0.019
1.0,1.0	1.0,0.985	0.008
0.739,0.701	0.788,0.639	0.006
0.713,0.733	0.705,0.764	-0.011
0.362,0.486	0.397,0.518	-0.034
0.2,0.382	0.585,0.334	-0.168
1.0,0.992	1.0,1.0	-0.004
1.0,0.995	1.0,1.0	-0.002
1.0,1.0	1.0,0.999	0.0
0.027,0.0	0.0,0.0	0.013
1.0,0.891	1.0,0.98	-0.044
0.997,0.989	1.0,1.0	-0.007
0.908,1.0	1.0,1.0	-0.046
0.916,0.923	0.974,0.97	-0.052
0.334,0.349	1.0,0.273	-0.295
1.0,0.993	1.0,1.0	-0.004
0.701,0.675	0.814,0.901	-0.169
0.988,0.989	1.0,1.0	-0.012
0.076,0.022	0.397,0.052	-0.175
0.987,1.0	1.0,0.97	0.009
0.989,0.984	1.0,1.0	-0.014
1.0,0.996	1.0,0.996	0.0
1.0,0.999	1.0,1.0	-0.0
1.0,0.998	1.0,1.0	-0.001
1.0,0.979	0.954,1.0	0.013
0.075,0.077	0.083,0.103	-0.017
0.901,1.0	1.0,1.0	-0.049
0.988,1.0	1.0,1.0	-0.006
0.761,0.832	0.493,0.732	0.184
0.989,1.0	1.0,1.0	-0.006
1.0,1.0	0.994,0.997	0.004
1.0,1.0	0.992,0.995	0.006
0.978,1.0	1.0,0.956	0.011
1.0,0.991	1.0,1.0	-0.004
0.995,1.0	1.0,1.0	-0.002
0.979,1.0	1.0,1.0	-0.01
0.986,1.0	0.987,1.0	-0.001
0.996,1.0	1.0,1.0	-0.002
0.652,0.219	0.711,0.637	-0.238
0.556,0.867	0.918,0.964	-0.23
1.0,0.951	1.0,1.0	-0.024
1.0,0.959	1.0,1.0	-0.02
1.0,0.977	1.0,1.0	-0.012
1.0,0.952	1.0,1.0	-0.024
1.0,0.981	1.0,1.0	-0.01
0.869,0.854	0.864,0.779	0.04
1.0,0.981	1.0,0.964	0.008
0.992,1.0	1.0,1.0	-0.004
0.966,1.0	1.0,1.0	-0.017
0.6,1.0	1.0,1.0	-0.2
1.0,1.0	0.0,1.0	0.5
0.0,1.0	NA,1.0	-0.5
0.896,0.926	0.957,0.857	0.004
1.0,0.997	1.0,1.0	-0.002
0.994,1.0	0.992,1.0	0.001
1.0,1.0	1.0,0.983	0.008
1.0,1.0	1.0,0.997	0.002
1.0,1.0	1.0,1.0	0.0
1.0,1.0	1.0,1.0	0.0
0.94,0.943	1.0,0.99	-0.053
0.987,0.973	1.0,1.0	-0.02
0.0,0.001	0.0,0.0	0.001
0.981,1.0	1.0,1.0	-0.01
0.976,1.0	1.0,0.986	-0.005
0.078,0.094	0.184,0.157	-0.084
0.0,0.156	0.078,0.092	-0.007
0.601,0.571	0.556,0.511	0.052
0.264,0.585	0.348,0.214	0.144
0.995,1.0	1.0,1.0	-0.002
0.999,1.0	1.0,1.0	-0.0
0.997,1.0	1.0,1.0	-0.002
1.0,1.0	1.0,0.999	0.0
1.0,0.996	1.0,1.0	-0.002
0.975,0.983	1.0,0.979	-0.011
0.949,0.902	0.872,0.883	0.048
1.0,0.998	1.0,1.0	-0.001
1.0,1.0	1.0,0.988	0.006
1.0,0.906	1.0,1.0	-0.047
1.0,0.97	0.787,1.0	0.092
0.95,0.972	0.948,0.991	-0.009
0.988,0.99	0.998,0.99	-0.005
1.0,0.998	1.0,1.0	-0.001
1.0,1.0	1.0,0.999	0.0
0.999,0.998	1.0,0.999	-0.001
0.004,0.003	0.001,0.003	0.002
1.0,0.992	1.0,0.99	0.001
0.016,0.049	0.012,0.015	0.019
1.0,0.993	0.96,1.0	0.016
0.999,1.0	1.0,1.0	-0.0
1.0,1.0	1.0,0.978	0.011
1.0,0.991	1.0,1.0	-0.004
1.0,0.998	1.0,1.0	-0.001
1.0,1.0	1.0,0.999	0.0
1.0,1.0	0.837,1.0	0.082
0.948,0.952	1.0,0.95	-0.025
0.562,0.339	0.0,0.0	0.451
1.0,0.982	1.0,1.0	-0.009
0.56,0.516	0.673,0.623	-0.11
0.983,1.0	1.0,1.0	-0.008
0.975,1.0	1.0,1.0	-0.012
0.999,0.999	0.998,0.999	0.001
0.998,1.0	1.0,1.0	-0.001
1.0,1.0	1.0,0.955	0.022
1.0,1.0	1.0,0.991	0.004
0.984,1.0	1.0,1.0	-0.008
0.984,1.0	1.0,0.979	0.002
1.0,1.0	1.0,0.991	0.004
0.841,0.854	0.939,0.96	-0.102
0.98,1.0	1.0,1.0	-0.01
1.0,0.996	1.0,1.0	-0.002
1.0,0.996	1.0,1.0	-0.002
0.997,0.998	1.0,1.0	-0.002
0.992,1.0	1.0,0.995	-0.002
0.012,0.013	0.028,0.007	-0.005
0.019,0.002	0.009,0.004	0.004
0.343,0.264	0.272,0.342	-0.004
1.0,1.0	1.0,0.961	0.02
1.0,1.0	1.0,0.947	0.026
0.0,0.0	0.0,0.016	-0.008
0.932,0.854	0.906,0.893	-0.006
0.996,1.0	1.0,1.0	-0.002
0.998,1.0	1.0,0.998	0.0
0.547,0.515	0.462,0.465	0.068
1.0,0.996	1.0,1.0	-0.002
0.965,0.98	0.965,0.975	0.002
1.0,0.97	1.0,1.0	-0.015
1.0,0.977	0.977,1.0	0.0
0.113,0.067	0.114,0.073	-0.004
0.975,0.994	1.0,0.968	0.0
0.988,0.997	1.0,0.984	0.0
0.996,1.0	1.0,1.0	-0.002
0.819,0.948	0.84,0.865	0.031
0.997,1.0	1.0,1.0	-0.002
0.995,1.0	1.0,1.0	-0.002
0.997,0.997	0.999,0.996	-0.001
1.0,0.996	1.0,1.0	-0.002
0.997,1.0	1.0,1.0	-0.002
1.0,1.0	1.0,0.993	0.004
1.0,1.0	0.992,1.0	0.004
0.136,0.094	0.189,0.115	-0.037
0.992,1.0	0.99,0.984	0.009
1.0,1.0	0.997,1.0	0.002
0.769,0.833	0.893,0.684	0.012
1.0,1.0	1.0,0.996	0.002
1.0,1.0	1.0,0.992	0.004
0.805,0.766	0.898,1.0	-0.163
1.0,0.998	1.0,1.0	-0.001
0.962,1.0	1.0,1.0	-0.019
1.0,0.958	0.669,1.0	0.144
0.986,0.99	0.997,0.989	-0.005
0.971,0.981	0.995,0.979	-0.011
1.0,1.0	1.0,0.999	0.0
1.0,1.0	1.0,0.999	0.0
1.0,1.0	0.998,1.0	0.001
1.0,1.0	1.0,0.995	0.002
1.0,0.957	1.0,1.0	-0.022
0.265,0.302	0.144,0.166	0.128
0.955,0.944	0.979,0.967	-0.023
0.987,1.0	0.995,0.994	-0.001
1.0,0.999	0.999,1.0	0.0
1.0,0.996	0.997,1.0	-0.0
0.995,1.0	1.0,1.0	-0.002
0.981,0.987	0.951,0.971	0.023
0.915,0.938	1.0,0.983	-0.065
0.968,0.98	1.0,0.994	-0.023
1.0,0.994	1.0,1.0	-0.003
0.994,1.0	1.0,1.0	-0.003
0.998,1.0	1.0,1.0	-0.001
0.988,1.0	1.0,1.0	-0.006
0.977,1.0	1.0,1.0	-0.012
1.0,0.999	1.0,1.0	-0.0
1.0,0.998	1.0,1.0	-0.001
0.984,1.0	0.968,1.0	0.008
0.995,1.0	1.0,1.0	-0.002
1.0,0.322	1.0,0.517	-0.097
1.0,0.862	0.75,1.0	0.056
1.0,0.978	1.0,1.0	-0.011
0.007,0.007	0.005,0.009	0.0
1.0,1.0	1.0,0.998	0.001
1.0,0.967	1.0,1.0	-0.016
1.0,1.0	1.0,0.997	0.002
1.0,1.0	0.998,1.0	0.001
1.0,1.0	0.983,1.0	0.008
0.941,0.901	1.0,1.0	-0.079
0.962,0.948	1.0,1.0	-0.045
0.989,1.0	1.0,1.0	-0.006
1.0,0.996	1.0,1.0	-0.002
1.0,0.938	1.0,0.967	-0.015
0.951,1.0	1.0,1.0	-0.024
1.0,1.0	1.0,0.984	0.008
0.998,0.995	0.997,1.0	-0.002
0.992,1.0	0.992,0.989	0.006
0.996,1.0	1.0,0.996	0.0
0.957,1.0	1.0,1.0	-0.022
0.991,1.0	1.0,1.0	-0.004
1.0,1.0	1.0,0.997	0.002
1.0,0.998	1.0,1.0	-0.001
1.0,1.0	0.977,1.0	0.012
0.893,0.893	0.9,0.907	-0.01
1.0,1.0	1.0,0.998	0.001
1.0,0.987	1.0,1.0	-0.006
0.992,0.998	1.0,0.998	-0.004
1.0,1.0	1.0,0.996	0.002
1.0,1.0	1.0,0.988	0.006
0.9,1.0	1.0,1.0	-0.05
1.0,1.0	1.0,0.99	0.005
1.0,1.0	1.0,0.989	0.006
1.0,0.991	1.0,0.996	-0.002
0.997,1.0	1.0,1.0	-0.002
0.0,0.001	0.0,0.0	0.001
1.0,1.0	1.0,0.999	0.0
0.965,1.0	1.0,1.0	-0.018
0.096,0.084	0.104,0.079	-0.002
1.0,1.0	0.741,1.0	0.129
1.0,0.534	1.0,1.0	-0.233
1.0,0.918	1.0,1.0	-0.041
1.0,1.0	1.0,0.855	0.073
0.0,0.012	0.0,0.0	0.006
0.986,1.0	1.0,1.0	-0.007
1.0,0.875	1.0,1.0	-0.062
1.0,0.996	1.0,1.0	-0.002
0.993,0.996	0.996,1.0	-0.004
0.952,1.0	1.0,1.0	-0.024
1.0,0.907	1.0,1.0	-0.046
0.387,0.251	0.265,0.348	0.013
0.988,0.978	1.0,0.976	-0.005
0.902,0.876	1.0,0.915	-0.069
0.986,0.993	1.0,1.0	-0.01
0.965,0.983	1.0,1.0	-0.026
0.987,1.0	1.0,1.0	-0.006
1.0,0.998	1.0,0.999	-0.001
1.0,1.0	0.999,1.0	0.0
1.0,1.0	0.99,1.0	0.005
1.0,1.0	1.0,0.996	0.002
0.982,0.996	0.991,1.0	-0.007
0.229,0.298	0.184,0.182	0.081
0.995,1.0	1.0,1.0	-0.002
0.977,0.965	0.98,0.985	-0.011
1.0,1.0	1.0,0.998	0.001
0.089,0.062	0.0,0.0	0.075
0.12,0.084	0.018,0.006	0.09
0.994,1.0	1.0,1.0	-0.003
1.0,0.982	0.993,0.98	0.005
0.0,0.04	0.0,0.0	0.02
1.0,1.0	1.0,0.98	0.01
0.0,0.001	0.001,0.001	-0.001
1.0,0.993	1.0,1.0	-0.004
0.996,0.995	1.0,1.0	-0.004
1.0,0.978	1.0,0.804	0.087
1.0,0.999	1.0,0.999	0.0
1.0,0.999	1.0,1.0	-0.0
1.0,0.998	1.0,1.0	-0.001
1.0,1.0	1.0,0.997	0.002
0.982,1.0	0.985,0.991	0.003
0.998,1.0	1.0,1.0	-0.001
0.995,0.993	1.0,0.993	-0.002
1.0,0.997	1.0,1.0	-0.002
0.939,1.0	1.0,1.0	-0.03
0.601,0.609	0.788,0.752	-0.165
0.815,0.858	0.843,0.82	0.005
0.973,0.982	1.0,1.0	-0.022
0.999,1.0	1.0,0.997	0.001
0.995,1.0	1.0,1.0	-0.002
0.975,0.986	1.0,1.0	-0.02
0.928,0.938	1.0,1.0	-0.067
0.999,1.0	1.0,1.0	-0.0
0.989,0.996	1.0,0.973	0.006
0.983,0.935	0.972,0.963	-0.008
0.999,1.0	1.0,0.999	0.0
0.182,0.106	0.067,0.07	0.075
0.164,0.104	0.05,0.072	0.073
0.982,0.961	0.986,0.982	-0.012
0.968,1.0	0.997,0.995	-0.012
1.0,1.0	1.0,0.992	0.004
1.0,0.988	1.0,1.0	-0.006
1.0,0.993	1.0,1.0	-0.004
1.0,1.0	0.99,1.0	0.005
1.0,1.0	0.986,1.0	0.007
0.971,1.0	1.0,1.0	-0.014
1.0,1.0	1.0,0.956	0.022
0.995,1.0	1.0,0.995	0.0
1.0,1.0	1.0,0.998	0.001
0.909,1.0	1.0,1.0	-0.045
0.016,0.028	0.008,0.014	0.011
1.0,0.987	1.0,1.0	-0.006
1.0,0.957	1.0,1.0	-0.022
1.0,1.0	0.999,1.0	0.0
0.994,0.989	0.983,0.989	0.006
1.0,0.999	1.0,1.0	-0.0
0.998,0.995	0.992,0.992	0.004
1.0,0.996	1.0,1.0	-0.002
0.974,0.96	0.884,0.838	0.106
1.0,1.0	1.0,0.988	0.006
1.0,1.0	1.0,1.0	0.0
1.0,0.999	1.0,1.0	-0.0
1.0,1.0	0.999,1.0	0.0
0.0,0.002	0.0,0.0	0.001
1.0,1.0	1.0,0.999	0.0
0.116,0.105	0.242,0.205	-0.113
0.664,0.67	0.672,0.684	-0.011
0.435,0.455	0.599,0.606	-0.158
1.0,1.0	0.947,1.0	0.026
1.0,0.98	1.0,1.0	-0.01
1.0,0.929	1.0,1.0	-0.035
1.0,1.0	1.0,1.0	0.0
1.0,1.0	1.0,1.0	0.0
1.0,1.0	1.0,1.0	0.0
1.0,1.0	1.0,1.0	0.0
0.969,0.988	1.0,0.991	-0.017
0.922,0.942	0.891,0.979	-0.003
0.589,0.729	0.398,0.874	0.023
0.807,0.777	0.736,1.0	-0.076
1.0,1.0	1.0,0.994	0.003
1.0,1.0	1.0,0.997	0.002
0.992,1.0	1.0,1.0	-0.004
1.0,0.995	1.0,1.0	-0.002
1.0,0.997	1.0,1.0	-0.002
0.533,0.585	0.418,0.481	0.109
0.566,0.605	0.463,0.525	0.091
0.332,0.386	0.209,0.27	0.119
0.991,0.98	0.984,0.988	-0.0
0.986,1.0	1.0,1.0	-0.007
0.995,1.0	1.0,1.0	-0.002
1.0,1.0	0.99,1.0	0.005
0.997,1.0	1.0,1.0	-0.002
0.994,0.989	0.992,1.0	-0.004
0.078,0.0	0.0,0.098	-0.01
1.0,1.0	1.0,0.972	0.014
1.0,1.0	1.0,0.983	0.008
0.691,0.628	0.467,0.69	0.081
1.0,1.0	1.0,1.0	0.0
0.224,0.221	0.27,0.192	-0.009
0.414,0.452	0.446,0.391	0.015
0.795,0.846	0.959,0.936	-0.127
0.958,1.0	0.839,1.0	0.059
0.983,0.974	0.979,0.989	-0.006
0.936,0.968	1.0,0.966	-0.031
1.0,1.0	0.983,1.0	0.008
1.0,0.986	1.0,0.991	-0.003
1.0,1.0	0.996,0.998	0.003
1.0,0.992	1.0,1.0	-0.004
1.0,1.0	0.982,1.0	0.009
1.0,1.0	0.997,1.0	0.002
0.95,0.972	0.952,0.965	0.003
1.0,1.0	0.872,1.0	0.064
1.0,1.0	0.833,1.0	0.084
1.0,0.998	1.0,1.0	-0.001
0.549,0.626	0.102,0.115	0.479
0.004,0.006	0.002,0.004	0.002
0.895,0.978	0.973,1.0	-0.05
1.0,1.0	1.0,0.999	0.0
0.912,0.948	0.964,0.973	-0.038
0.95,0.958	0.974,0.976	-0.021
1.0,1.0	0.999,0.996	0.002
0.0,0.144	0.064,0.048	0.016
0.818,0.867	1.0,1.0	-0.157
1.0,1.0	1.0,0.914	0.043
0.945,0.934	1.0,0.961	-0.041
1.0,1.0	1.0,1.0	0.0
0.998,1.0	1.0,1.0	-0.001
1.0,0.985	1.0,1.0	-0.008
0.994,1.0	0.993,1.0	0.001
1.0,0.994	0.987,0.995	0.006
0.044,0.017	0.023,0.026	0.006
0.023,0.005	0.0,0.026	0.001
0.0,0.0	0.0,0.002	-0.001
1.0,1.0	0.994,0.978	0.014
1.0,0.974	1.0,1.0	-0.013
0.998,1.0	1.0,1.0	-0.001
1.0,0.999	1.0,1.0	-0.0
1.0,0.995	1.0,1.0	-0.002
0.251,0.295	0.0,0.0	0.273
0.093,0.304	0.167,0.364	-0.067
1.0,1.0	0.997,1.0	0.002
0.994,0.994	0.992,0.995	0.0
1.0,1.0	0.999,1.0	0.0
1.0,1.0	0.999,1.0	0.0
0.99,1.0	1.0,1.0	-0.005
1.0,1.0	0.997,1.0	0.002
0.983,0.968	0.946,0.964	0.021
1.0,0.993	1.0,1.0	-0.004
0.987,1.0	1.0,1.0	-0.006
0.991,1.0	1.0,1.0	-0.004
0.096,0.079	0.036,0.047	0.046
0.998,0.998	1.0,0.995	0.0
1.0,0.994	1.0,1.0	-0.003
1.0,1.0	0.999,1.0	0.0
1.0,1.0	0.999,1.0	0.0
0.405,0.388	0.395,0.395	0.002
0.166,0.188	0.13,0.182	0.021
0.996,0.997	0.98,1.0	0.006
0.363,0.38	0.309,0.3	0.067
0.191,0.156	0.211,0.328	-0.096
0.226,0.197	0.479,0.795	-0.425
0.991,1.0	1.0,1.0	-0.004
0.988,1.0	1.0,1.0	-0.006
1.0,0.997	1.0,0.997	0.0
1.0,0.999	1.0,1.0	-0.0
0.999,0.996	0.996,0.999	0.0
0.997,1.0	1.0,1.0	-0.002
0.095,0.081	0.064,0.08	0.016
0.998,1.0	0.998,0.998	0.001
0.985,1.0	1.0,1.0	-0.008
0.373,0.541	0.373,0.268	0.137
0.943,0.963	0.906,0.976	0.012
0.094,0.097	0.097,0.229	-0.068
0.343,0.341	0.308,0.26	0.058
1.0,0.992	1.0,1.0	-0.004
1.0,1.0	1.0,0.995	0.002
0.169,0.341	0.727,0.3	-0.258
1.0,1.0	1.0,0.967	0.016
1.0,1.0	1.0,0.997	0.002
0.999,0.999	1.0,1.0	-0.001
0.989,0.993	0.941,1.0	0.021
0.987,1.0	0.979,1.0	0.004
1.0,0.964	0.967,0.96	0.018
1.0,0.0	0.333,0.0	0.334
1.0,0.333	0.667,0.333	0.166
0.981,0.995	0.992,0.988	-0.002
0.985,1.0	1.0,0.994	-0.005
1.0,1.0	1.0,0.981	0.01
0.071,0.081	0.057,0.085	0.005
0.172,0.192	0.244,0.226	-0.053
1.0,1.0	1.0,0.993	0.004
1.0,0.983	1.0,1.0	-0.008
0.241,0.238	0.358,0.376	-0.128
1.0,0.992	1.0,1.0	-0.004
1.0,1.0	1.0,1.0	0.0
0.999,0.999	1.0,1.0	-0.001
1.0,1.0	1.0,0.959	0.02
0.981,1.0	1.0,0.993	-0.006
1.0,0.753	1.0,1.0	-0.123
1.0,1.0	1.0,1.0	0.0
1.0,0.992	1.0,1.0	-0.004
0.53,0.588	0.601,0.619	-0.051
0.668,0.723	0.544,0.595	0.126
0.993,1.0	1.0,1.0	-0.004
1.0,1.0	1.0,0.996	0.002
1.0,1.0	1.0,0.984	0.008
0.643,0.76	0.818,0.63	-0.022
0.88,0.918	0.951,0.845	0.001
1.0,0.991	1.0,1.0	-0.004
0.999,1.0	1.0,1.0	-0.0
0.976,1.0	0.963,1.0	0.006
1.0,0.985	1.0,1.0	-0.008
0.992,0.971	1.0,1.0	-0.018
0.965,1.0	1.0,1.0	-0.018
0.979,1.0	1.0,1.0	-0.01
0.903,0.93	0.969,0.92	-0.028
0.985,1.0	0.989,0.97	0.013
1.0,1.0	1.0,0.997	0.002
0.991,1.0	1.0,1.0	-0.004
1.0,1.0	1.0,0.991	0.004
1.0,0.999	1.0,1.0	-0.0
1.0,1.0	0.997,1.0	0.002
0.0,0.0	0.097,0.0	-0.049
1.0,0.991	1.0,1.0	-0.004
1.0,0.99	1.0,0.966	0.012
1.0,1.0	0.979,1.0	0.01
1.0,0.981	1.0,1.0	-0.01
0.622,0.624	0.91,0.781	-0.223
0.241,0.317	0.556,0.25	-0.124
0.819,0.833	0.961,0.9	-0.105
0.711,0.705	0.918,0.806	-0.154
0.703,0.731	0.92,0.809	-0.148
0.5,0.857	0.5,0.429	0.214
1.0,0.978	1.0,1.0	-0.011
1.0,0.942	1.0,1.0	-0.029
1.0,0.988	1.0,0.99	-0.001
0.995,1.0	1.0,1.0	-0.002
1.0,1.0	0.905,0.765	0.165
0.974,1.0	1.0,1.0	-0.013
0.981,0.979	1.0,1.0	-0.02
1.0,0.998	1.0,1.0	-0.001
1.0,1.0	1.0,0.987	0.006
1.0,1.0	1.0,1.0	0.0
0.944,1.0	1.0,1.0	-0.028
1.0,1.0	0.999,1.0	0.0
0.0,0.001	0.003,0.0	-0.001
1.0,0.996	0.988,1.0	0.004
1.0,0.979	1.0,1.0	-0.01
0.343,1.0	1.0,1.0	-0.329
0.924,0.918	0.832,0.96	0.025
0.908,0.817	0.956,0.884	-0.057
0.998,0.999	1.0,1.0	-0.002
0.995,1.0	1.0,1.0	-0.002
0.976,1.0	1.0,1.0	-0.012
0.004,0.001	0.0,0.0	0.003
0.062,0.046	0.111,0.045	-0.024
1.0,1.0	0.955,1.0	0.022
0.124,0.356	0.272,0.282	-0.037
0.99,1.0	1.0,1.0	-0.005
0.988,0.996	0.99,0.998	-0.002
0.999,0.999	1.0,1.0	-0.001
1.0,0.999	0.999,0.999	0.001
1.0,0.996	1.0,1.0	-0.002
1.0,1.0	NA,0.704	0.296
1.0,0.999	1.0,1.0	-0.0
1.0,1.0	1.0,0.999	0.0
0.994,1.0	1.0,1.0	-0.003
1.0,1.0	1.0,0.724	0.138
1.0,0.896	1.0,0.962	-0.033
1.0,1.0	0.922,1.0	0.039
0.795,0.563	0.886,0.462	0.005
0.633,0.511	0.715,0.385	0.022
1.0,0.999	1.0,1.0	-0.0
0.99,0.988	1.0,0.994	-0.008
0.98,1.0	1.0,1.0	-0.01
0.993,0.992	0.988,0.992	0.002
0.999,1.0	1.0,1.0	-0.0
0.03,0.042	0.039,0.035	-0.001
1.0,1.0	0.993,0.999	0.004
1.0,1.0	0.993,0.999	0.004
1.0,1.0	0.996,0.999	0.002
1.0,1.0	0.999,1.0	0.0
1.0,1.0	0.999,1.0	0.0
0.987,1.0	1.0,1.0	-0.006
1.0,1.0	1.0,0.995	0.002
0.98,1.0	1.0,1.0	-0.01
0.985,1.0	1.0,1.0	-0.008
0.923,0.966	0.98,0.985	-0.038
0.971,1.0	1.0,1.0	-0.014
1.0,1.0	1.0,0.992	0.004
1.0,1.0	1.0,0.989	0.006
0.111,0.154	0.172,0.181	-0.044
0.182,0.209	0.202,0.218	-0.015
1.0,0.99	0.969,1.0	0.011
1.0,0.419	0.419,0.0	0.5
0.997,0.982	0.976,0.995	0.004
1.0,1.0	1.0,1.0	0.0
1.0,1.0	1.0,1.0	0.0
0.025,0.03	0.011,0.041	0.001
0.993,1.0	1.0,1.0	-0.004
1.0,1.0	1.0,0.961	0.02
1.0,1.0	1.0,0.949	0.026
0.995,0.981	1.0,0.996	-0.01
1.0,0.883	1.0,1.0	-0.058
0.996,1.0	1.0,1.0	-0.002
1.0,1.0	1.0,1.0	0.0
1.0,1.0	1.0,1.0	0.0
1.0,1.0	0.934,0.799	0.133
0.383,0.379	0.26,0.25	0.126
0.12,0.143	0.102,0.09	0.036
0.126,0.121	0.08,0.134	0.016
0.185,0.205	0.173,0.235	-0.009
0.541,0.535	0.414,0.702	-0.02
0.979,0.983	0.995,0.986	-0.009
1.0,0.993	0.987,0.996	0.005
0.763,0.801	1.0,0.927	-0.181
0.999,1.0	1.0,1.0	-0.0
1.0,0.992	1.0,1.0	-0.004
1.0,0.997	1.0,1.0	-0.002
0.982,0.983	0.983,0.993	-0.006
0.936,0.966	0.953,0.934	0.008
0.992,1.0	1.0,0.995	-0.002
0.998,1.0	0.997,0.999	0.001
0.605,0.68	0.691,0.65	-0.028
0.534,1.0	1.0,1.0	-0.233
0.997,1.0	1.0,1.0	-0.002
0.114,0.105	0.179,0.122	-0.041
0.935,0.937	0.966,0.958	-0.026
0.798,0.782	0.706,0.752	0.061
0.778,0.689	0.833,0.763	-0.065
0.791,0.768	0.871,0.792	-0.052
0.998,0.997	1.0,0.996	-0.0
1.0,0.985	1.0,1.0	-0.008
1.0,1.0	1.0,0.993	0.004
1.0,0.998	1.0,1.0	-0.001
1.0,1.0	1.0,0.989	0.006
0.971,0.994	0.986,0.932	0.023
0.915,0.922	1.0,1.0	-0.081
1.0,1.0	1.0,0.989	0.006
1.0,0.759	1.0,1.0	-0.121
1.0,0.845	0.461,0.62	0.382
NA,1.0	0.621,1.0	0.19
0.247,1.0	0.568,0.396	0.141
0.32,0.678	0.376,0.429	0.097
0.948,0.971	0.955,0.962	0.001
1.0,1.0	1.0,1.0	0.0
1.0,1.0	1.0,1.0	0.0
0.0,0.0	0.0,0.0	0.0
1.0,1.0	1.0,0.996	0.002
0.991,1.0	1.0,1.0	-0.004
1.0,1.0	1.0,0.982	0.009
0.989,1.0	0.988,1.0	0.0
1.0,0.998	1.0,1.0	-0.001
0.995,0.998	1.0,0.998	-0.003
1.0,0.998	1.0,1.0	-0.001
1.0,0.957	1.0,1.0	-0.022
0.992,0.997	0.995,0.99	0.002
1.0,0.989	1.0,1.0	-0.006
1.0,1.0	0.952,0.977	0.036
0.955,1.0	0.959,0.899	0.048
0.979,1.0	0.984,0.958	0.019
0.991,1.0	1.0,1.0	-0.004
1.0,0.994	0.99,0.994	0.005
0.311,0.256	0.355,0.328	-0.058
1.0,0.989	1.0,1.0	-0.006
0.998,1.0	1.0,1.0	-0.001
1.0,0.997	1.0,1.0	-0.002
0.074,0.078	0.081,0.082	-0.006
0.642,0.636	0.438,0.525	0.157
0.456,0.537	0.537,0.581	-0.062
0.39,0.51	0.52,0.564	-0.092
0.925,0.948	0.972,0.855	0.023
0.996,0.998	1.0,0.993	0.001
0.996,1.0	1.0,1.0	-0.002
0.158,0.143	0.053,0.2	0.024
0.111,0.143	0.102,0.014	0.069
0.16,0.096	0.173,0.206	-0.061
1.0,0.998	1.0,1.0	-0.001
1.0,0.997	1.0,1.0	-0.002
0.981,0.997	0.992,0.996	-0.005
0.978,0.979	0.992,0.992	-0.014
1.0,0.982	1.0,0.976	0.003
1.0,0.939	1.0,0.933	0.003
1.0,1.0	1.0,0.993	0.004
1.0,0.996	1.0,1.0	-0.002
0.958,0.984	0.973,0.987	-0.009
1.0,1.0	1.0,0.995	0.002
1.0,1.0	1.0,0.994	0.003
0.666,0.541	0.767,0.755	-0.157
0.003,0.0	0.0,0.0	0.002
1.0,1.0	0.979,1.0	0.01
1.0,NA	NA,0.6	0.4
1.0,0.0	1.0,1.0	-0.5
1.0,0.99	0.991,0.979	0.01
1.0,0.987	0.987,0.971	0.015
0.76,0.975	0.867,0.963	-0.048
0.992,1.0	1.0,1.0	-0.004
1.0,0.998	1.0,1.0	-0.001
1.0,0.988	1.0,1.0	-0.006
1.0,1.0	0.991,0.985	0.012
0.986,1.0	1.0,1.0	-0.007
0.962,1.0	1.0,1.0	-0.019
0.984,1.0	1.0,1.0	-0.008
1.0,0.999	1.0,1.0	-0.0
0.995,0.998	1.0,1.0	-0.004
0.991,1.0	1.0,1.0	-0.004
1.0,0.995	1.0,1.0	-0.002
1.0,0.827	0.887,0.615	0.162
0.961,0.954	0.969,0.897	0.024
0.5,0.469	0.277,0.345	0.173
1.0,1.0	1.0,0.422	0.289
0.998,1.0	0.994,1.0	0.002
0.996,1.0	0.997,0.997	0.001
0.973,0.978	0.972,0.988	-0.004
1.0,1.0	0.988,1.0	0.006
0.333,0.333	1.0,NA	-0.667
0.976,0.975	0.987,1.0	-0.018
0.968,0.958	0.975,1.0	-0.025
0.135,0.07	0.067,0.065	0.037
1.0,1.0	1.0,0.991	0.004
1.0,0.997	1.0,1.0	-0.002
1.0,1.0	0.885,1.0	0.057
1.0,0.999	1.0,1.0	-0.0
1.0,0.99	1.0,1.0	-0.005
1.0,0.989	1.0,1.0	-0.006
0.995,1.0	1.0,1.0	-0.002
0.999,0.998	1.0,1.0	-0.002
0.984,0.976	1.0,0.965	-0.002
1.0,0.999	0.998,1.0	0.001
0.986,1.0	1.0,1.0	-0.007
1.0,1.0	0.981,1.0	0.01
1.0,0.922	0.966,0.922	0.017
1.0,0.965	0.986,0.973	0.003
1.0,0.979	1.0,0.96	0.01
1.0,0.87	1.0,0.859	0.006
0.99,0.976	1.0,1.0	-0.017
0.007,0.003	0.005,0.004	0.0
0.996,1.0	1.0,1.0	-0.002
1.0,0.996	1.0,0.994	0.001
1.0,0.983	1.0,0.994	-0.005
1.0,0.999	1.0,1.0	-0.0
1.0,0.977	1.0,1.0	-0.012
1.0,1.0	0.982,1.0	0.009
1.0,1.0	0.997,1.0	0.002
0.992,1.0	1.0,1.0	-0.004
1.0,0.998	1.0,1.0	-0.001
0.8,0.833	0.809,0.791	0.016
1.0,0.958	0.983,1.0	-0.013
0.982,0.984	1.0,1.0	-0.017
1.0,0.985	1.0,1.0	-0.008
1.0,1.0	0.997,1.0	0.002
0.977,1.0	1.0,1.0	-0.012
0.989,1.0	1.0,1.0	-0.006
1.0,0.996	0.981,0.99	0.012
1.0,1.0	0.998,1.0	0.001
0.987,0.977	1.0,1.0	-0.018
0.05,0.042	0.028,0.028	0.018
0.996,0.993	1.0,0.998	-0.005
1.0,1.0	0.98,1.0	0.01
1.0,1.0	0.87,1.0	0.065
0.994,1.0	0.982,1.0	0.006
1.0,0.979	1.0,1.0	-0.01
1.0,0.996	1.0,1.0	-0.002
1.0,0.991	1.0,1.0	-0.004
0.935,1.0	1.0,0.972	-0.018
0.881,1.0	1.0,0.947	-0.033
0.829,0.871	0.926,0.843	-0.035
1.0,1.0	1.0,0.979	0.01
1.0,1.0	1.0,0.993	0.004
0.969,1.0	0.994,0.983	-0.004
0.935,1.0	0.986,0.954	-0.002
0.979,0.953	1.0,1.0	-0.034
1.0,0.91	1.0,0.889	0.011
0.998,0.997	0.998,0.996	0.001
0.993,0.997	0.999,0.99	0.001
1.0,1.0	0.989,1.0	0.006
1.0,1.0	0.994,0.983	0.012
1.0,1.0	1.0,0.997	0.002
0.028,0.058	0.0,0.033	0.027
NA,0.639	NA,0.587	0.052
1.0,0.996	1.0,1.0	-0.002
0.981,0.996	1.0,1.0	-0.012
1.0,0.232	0.707,0.301	0.112
0.994,0.996	0.961,0.981	0.024
0.905,0.946	1.0,1.0	-0.075
0.95,0.969	1.0,1.0	-0.04
0.956,0.955	0.959,0.96	-0.004
1.0,1.0	0.999,1.0	0.0
0.975,1.0	1.0,1.0	-0.012
1.0,0.999	1.0,1.0	-0.0
0.945,0.945	1.0,0.854	0.018
0.891,1.0	0.768,1.0	0.061
1.0,0.841	0.823,1.0	0.009
1.0,1.0	1.0,0.995	0.002
1.0,1.0	1.0,0.993	0.004
1.0,0.992	1.0,1.0	-0.004
1.0,0.995	1.0,1.0	-0.002
1.0,0.99	1.0,1.0	-0.005
0.973,1.0	1.0,1.0	-0.014
1.0,1.0	1.0,0.999	0.0
0.998,1.0	1.0,1.0	-0.001
1.0,1.0	0.98,0.982	0.019
1.0,1.0	1.0,0.953	0.024
1.0,0.989	0.973,1.0	0.008
0.878,0.816	0.865,1.0	-0.086
0.995,1.0	0.986,0.995	0.007
1.0,0.958	0.981,0.994	-0.009
1.0,1.0	0.964,0.89	0.073
0.75,0.789	0.714,1.0	-0.087
0.667,0.662	0.85,0.68	-0.1
0.365,0.341	0.581,0.305	-0.09
0.999,1.0	1.0,1.0	-0.0
1.0,0.99	0.976,1.0	0.007
0.904,0.958	0.845,0.926	0.046
1.0,0.988	1.0,1.0	-0.006
1.0,0.99	1.0,1.0	-0.005
1.0,0.999	1.0,0.999	0.0
0.733,0.897	1.0,1.0	-0.185
0.991,0.997	1.0,1.0	-0.006
1.0,0.998	0.995,1.0	0.001
0.992,1.0	1.0,1.0	-0.004
0.982,1.0	1.0,1.0	-0.009
1.0,1.0	1.0,0.982	0.009
0.931,1.0	0.889,1.0	0.021
1.0,1.0	1.0,0.992	0.004
1.0,1.0	1.0,0.994	0.003
0.323,0.306	0.305,0.315	0.005
1.0,0.992	1.0,0.969	0.012
0.685,0.919	0.537,0.777	0.145
0.723,0.537	0.225,0.767	0.134
0.971,1.0	1.0,1.0	-0.014
0.926,0.904	0.958,0.896	-0.012
0.836,1.0	1.0,1.0	-0.082
1.0,1.0	0.995,0.993	0.006
1.0,1.0	0.985,0.979	0.018
1.0,1.0	0.998,1.0	0.001
1.0,0.995	1.0,1.0	-0.002
1.0,1.0	1.0,0.999	0.0
0.743,0.758	0.815,0.68	0.003
0.984,1.0	0.994,0.996	-0.003
1.0,1.0	1.0,1.0	0.0
0.0,0.0	0.0,0.0	0.0
0.971,0.982	0.991,0.983	-0.011
1.0,1.0	0.99,1.0	0.005
0.99,1.0	1.0,0.982	0.004
1.0,0.986	0.983,1.0	0.001
1.0,0.997	1.0,1.0	-0.002
1.0,0.997	1.0,1.0	-0.002
0.993,0.992	0.994,1.0	-0.005
1.0,0.997	1.0,1.0	-0.002
1.0,0.991	1.0,1.0	-0.004
1.0,0.951	1.0,1.0	-0.024
0.886,0.874	0.931,0.897	-0.034
1.0,1.0	0.993,1.0	0.004
1.0,1.0	0.982,1.0	0.009
0.016,0.012	0.009,0.005	0.007
1.0,1.0	0.983,1.0	0.008
0.0,0.009	0.0,0.0	0.004
1.0,1.0	0.999,1.0	0.0
1.0,1.0	1.0,0.995	0.002
0.992,0.994	1.0,1.0	-0.007
0.871,0.92	0.969,0.861	-0.02
1.0,1.0	1.0,0.976	0.012
0.137,0.151	0.047,0.046	0.098
1.0,1.0	1.0,0.995	0.002
1.0,1.0	1.0,0.993	0.004
0.982,1.0	1.0,0.98	0.001
1.0,0.999	1.0,1.0	-0.0
0.026,0.046	0.042,0.037	-0.004
1.0,0.989	1.0,1.0	-0.006
1.0,0.932	1.0,1.0	-0.034
1.0,0.976	1.0,0.978	-0.001
1.0,1.0	0.969,1.0	0.016
0.998,1.0	1.0,1.0	-0.001
0.05,0.056	0.06,0.055	-0.004
1.0,1.0	0.995,1.0	0.002
1.0,1.0	0.999,1.0	0.0
0.821,0.84	1.0,0.724	-0.031
0.13,0.265	0.261,0.364	-0.115
0.034,0.046	0.045,0.047	-0.006
0.286,0.144	0.136,0.1	0.097
0.291,0.256	0.306,0.311	-0.035
0.977,1.0	1.0,1.0	-0.012
1.0,0.98	1.0,1.0	-0.01
0.876,0.782	0.878,0.885	-0.052
0.325,0.274	0.493,0.486	-0.19
1.0,0.996	0.984,1.0	0.006
1.0,0.995	0.984,1.0	0.006
0.999,1.0	1.0,1.0	-0.0
0.993,0.99	1.0,0.997	-0.007
1.0,1.0	1.0,0.998	0.001
1.0,0.992	1.0,1.0	-0.004
1.0,1.0	1.0,0.996	0.002
1.0,0.998	1.0,1.0	-0.001
0.783,0.621	0.554,0.624	0.113
0.016,0.015	0.06,0.048	-0.038
0.998,1.0	1.0,1.0	-0.001
1.0,1.0	0.968,1.0	0.016
0.991,1.0	1.0,0.993	-0.001
0.995,0.996	0.994,0.992	0.003
0.99,0.987	1.0,1.0	-0.012
0.996,1.0	1.0,1.0	-0.002
1.0,1.0	1.0,0.963	0.018
1.0,0.933	0.546,0.745	0.321
0.994,1.0	1.0,1.0	-0.003
0.943,0.847	0.495,0.827	0.234
1.0,0.997	1.0,1.0	-0.002
0.952,1.0	1.0,1.0	-0.024
0.895,0.929	0.8,0.88	0.072
0.982,1.0	1.0,0.959	0.011
0.978,1.0	1.0,0.955	0.011
1.0,1.0	0.994,1.0	0.003
0.995,1.0	1.0,1.0	-0.002
0.983,0.984	1.0,0.983	-0.008
1.0,1.0	0.982,1.0	0.009
0.982,1.0	1.0,0.99	-0.004
1.0,0.865	1.0,1.0	-0.068
0.941,1.0	1.0,1.0	-0.03
1.0,1.0	1.0,0.855	0.073
1.0,1.0	1.0,0.999	0.0
1.0,0.974	1.0,0.961	0.007
1.0,0.986	1.0,0.943	0.021
0.978,0.981	0.969,0.955	0.018
1.0,0.445	1.0,1.0	-0.277
0.977,0.993	0.991,0.998	-0.009
0.989,0.996	0.995,0.999	-0.005
1.0,1.0	0.969,1.0	0.016
1.0,1.0	1.0,1.0	0.0
1.0,1.0	1.0,0.998	0.001
1.0,0.963	1.0,1.0	-0.018
0.126,0.066	0.0,0.0	0.096
0.993,1.0	1.0,1.0	-0.004
0.665,0.284	0.185,0.254	0.255
1.0,0.87	1.0,1.0	-0.065
0.121,0.106	0.095,0.121	0.005
0.98,0.992	0.997,0.993	-0.009
0.997,1.0	1.0,1.0	-0.002
1.0,0.997	1.0,1.0	-0.002
0.998,1.0	1.0,0.999	-0.001
0.963,0.977	1.0,1.0	-0.03
1.0,1.0	1.0,0.967	0.016
1.0,1.0	1.0,0.968	0.016
0.319,0.484	1.0,1.0	-0.599
1.0,0.996	1.0,0.999	-0.002
1.0,0.988	1.0,0.997	-0.004
0.998,0.998	0.998,0.998	0.0
0.969,0.982	0.97,1.0	-0.009
0.939,0.982	0.948,0.918	0.027
1.0,1.0	1.0,0.989	0.006
1.0,1.0	0.621,1.0	0.19
0.993,1.0	1.0,1.0	-0.004
1.0,1.0	1.0,0.996	0.002
0.955,1.0	1.0,1.0	-0.022
0.99,0.995	0.998,0.99	-0.002
0.998,1.0	1.0,1.0	-0.001
1.0,0.998	1.0,1.0	-0.001
0.033,0.04	0.045,0.041	-0.006
1.0,0.996	0.992,1.0	0.002
0.999,0.997	0.994,0.998	0.002
0.203,0.321	0.0,0.25	0.137
0.157,0.255	0.305,0.319	-0.106
0.149,0.19	0.066,0.091	0.091
1.0,1.0	1.0,0.969	0.016
1.0,1.0	1.0,0.998	0.001
1.0,0.989	1.0,1.0	-0.006
1.0,1.0	1.0,0.992	0.004
0.987,0.994	1.0,1.0	-0.01
1.0,1.0	1.0,0.997	0.002
0.994,1.0	1.0,0.99	0.002
1.0,1.0	0.957,1.0	0.022
1.0,0.995	1.0,1.0	-0.002
1.0,1.0	0.994,1.0	0.003
1.0,0.999	1.0,0.997	0.001
1.0,0.999	1.0,0.998	0.001
0.999,1.0	0.999,1.0	0.0
NA,0.256	NA,0.0	0.256
0.0,1.0	0.0,0.408	0.296
0.993,1.0	1.0,1.0	-0.004
0.997,1.0	1.0,1.0	-0.002
1.0,0.995	0.966,0.984	0.023
1.0,0.991	1.0,1.0	-0.004
0.997,1.0	1.0,1.0	-0.002
1.0,0.989	1.0,1.0	-0.006
0.818,0.937	0.854,0.826	0.037
0.792,0.906	0.803,0.777	0.059
1.0,0.975	0.979,0.976	0.01
0.999,0.999	0.999,0.998	0.001
1.0,1.0	1.0,1.0	0.0
1.0,0.998	0.989,1.0	0.005
1.0,1.0	1.0,0.943	0.028
0.008,0.008	0.0,0.049	-0.017
0.286,0.082	0.0,0.375	-0.004
1.0,1.0	1.0,1.0	0.0
0.996,1.0	1.0,1.0	-0.002
0.952,1.0	1.0,1.0	-0.024
0.98,0.983	0.979,0.989	-0.002
0.995,0.996	1.0,0.991	0.0
0.979,0.979	0.99,0.988	-0.01
0.8,0.986	1.0,0.975	-0.095
0.273,0.888	1.0,0.846	-0.343
0.977,0.961	0.99,0.958	-0.005
0.957,0.922	0.986,0.92	-0.014
0.994,1.0	1.0,1.0	-0.003
0.87,0.809	1.0,1.0	-0.16
0.998,1.0	1.0,1.0	-0.001
0.994,1.0	1.0,1.0	-0.003
NA,1.0	NA,0.111	0.889
1.0,1.0	0.997,1.0	0.002
1.0,1.0	1.0,0.997	0.002
0.973,0.978	1.0,1.0	-0.024
0.98,0.981	1.0,1.0	-0.02
0.967,0.97	1.0,1.0	-0.032
1.0,0.744	0.437,0.879	0.214
0.127,0.029	0.266,0.257	-0.183
0.997,1.0	1.0,1.0	-0.002
1.0,0.988	1.0,1.0	-0.006
0.922,0.954	0.978,0.945	-0.024
0.237,0.244	0.086,0.095	0.15
0.864,1.0	0.736,NA	0.196
1.0,0.96	1.0,1.0	-0.02
0.139,0.082	0.093,0.019	0.055
1.0,1.0	0.989,1.0	0.006
1.0,0.994	1.0,1.0	-0.003
0.909,1.0	1.0,0.869	0.02
0.976,0.971	0.974,0.996	-0.011
1.0,1.0	1.0,0.958	0.021
0.996,0.999	0.999,0.997	-0.0
1.0,1.0	1.0,0.966	0.017
0.998,0.995	1.0,1.0	-0.004
0.967,0.985	0.987,0.895	0.035
1.0,1.0	1.0,0.998	0.001
0.998,1.0	1.0,1.0	-0.001
0.95,1.0	1.0,1.0	-0.025
0.91,0.921	0.907,0.932	-0.004
0.999,1.0	1.0,1.0	-0.0
0.995,1.0	1.0,1.0	-0.002
0.994,1.0	1.0,1.0	-0.003
1.0,1.0	1.0,0.997	0.002
0.99,1.0	1.0,1.0	-0.005
0.989,0.995	0.988,0.986	0.005
1.0,0.998	1.0,1.0	-0.001
0.842,1.0	1.0,1.0	-0.079
0.999,0.997	1.0,0.998	-0.001
0.01,0.021	0.008,0.008	0.007
0.991,0.998	1.0,1.0	-0.006
1.0,0.988	1.0,1.0	-0.006
1.0,1.0	1.0,0.975	0.012
1.0,0.997	1.0,1.0	-0.002
1.0,0.996	1.0,1.0	-0.002
0.505,0.338	0.505,0.787	-0.225
0.38,0.441	0.479,0.734	-0.196
1.0,0.98	1.0,1.0	-0.01
1.0,1.0	0.993,1.0	0.004
0.97,1.0	1.0,1.0	-0.015
0.888,0.984	1.0,1.0	-0.064
1.0,1.0	1.0,0.98	0.01
1.0,1.0	1.0,0.98	0.01
0.982,1.0	1.0,1.0	-0.009
1.0,0.999	0.999,1.0	0.0
1.0,0.99	0.989,0.974	0.013
0.659,0.704	0.913,0.832	-0.191
0.791,0.816	0.923,0.83	-0.073
1.0,1.0	0.987,0.928	0.042
1.0,1.0	0.997,0.997	0.003
0.977,1.0	0.981,1.0	-0.002
1.0,0.901	0.961,0.913	0.013
0.927,1.0	1.0,1.0	-0.036
0.975,1.0	1.0,1.0	-0.012
1.0,0.991	0.948,1.0	0.022
1.0,0.791	1.0,1.0	-0.105
1.0,0.999	1.0,0.999	0.0
0.994,0.997	0.999,0.999	-0.003
1.0,1.0	1.0,0.603	0.199
0.952,0.912	0.97,0.953	-0.03
0.999,1.0	1.0,1.0	-0.0
1.0,0.999	1.0,1.0	-0.0
1.0,1.0	0.972,1.0	0.014
1.0,1.0	0.994,0.995	0.006
1.0,1.0	0.996,0.993	0.006
1.0,1.0	0.982,0.976	0.021
1.0,1.0	1.0,0.998	0.001
0.984,1.0	1.0,1.0	-0.008
0.162,0.131	0.097,0.11	0.043
1.0,1.0	0.994,0.996	0.005
0.873,0.852	0.809,0.869	0.024
0.956,0.96	0.943,0.962	0.006
0.987,1.0	1.0,1.0	-0.006
0.973,1.0	1.0,1.0	-0.014
1.0,0.968	1.0,1.0	-0.016
1.0,1.0	0.999,1.0	0.0
0.996,1.0	1.0,1.0	-0.002
0.987,1.0	1.0,1.0	-0.006
0.004,0.005	0.001,0.004	0.002
0.733,1.0	1.0,1.0	-0.133
0.998,1.0	1.0,1.0	-0.001
1.0,1.0	0.999,1.0	0.0
0.988,1.0	1.0,0.981	0.004
0.096,0.039	0.098,0.092	-0.027
1.0,0.983	0.985,1.0	-0.001
0.93,1.0	1.0,0.985	-0.027
0.993,0.988	0.981,0.995	0.002
1.0,1.0	1.0,0.996	0.002
0.979,1.0	1.0,1.0	-0.01
0.076,0.103	0.078,0.089	0.006
0.983,1.0	1.0,1.0	-0.008
0.979,0.99	0.984,0.997	-0.006
0.37,0.373	0.206,0.099	0.219
0.996,0.998	0.997,0.996	0.001
0.2,0.378	0.584,0.471	-0.238
0.344,0.464	0.2,0.489	0.059
0.989,1.0	1.0,1.0	-0.006
0.97,0.97	0.966,0.974	0.0
0.985,0.985	0.983,0.987	0.0
0.702,0.722	0.734,0.769	-0.04
1.0,0.997	1.0,1.0	-0.002
1.0,0.996	1.0,1.0	-0.002
1.0,1.0	0.998,1.0	0.001
1.0,0.994	0.981,1.0	0.007
0.998,1.0	0.998,1.0	0.0
1.0,1.0	1.0,0.985	0.008
0.999,0.998	0.993,1.0	0.002
1.0,1.0	1.0,0.977	0.012
1.0,0.999	1.0,1.0	-0.0
1.0,1.0	0.999,1.0	0.0
0.868,0.374	0.0,0.473	0.385
1.0,1.0	1.0,1.0	0.0
0.956,0.868	1.0,0.945	-0.06
1.0,0.997	1.0,1.0	-0.002
0.996,0.995	0.983,0.997	0.006
1.0,1.0	0.991,1.0	0.004
0.914,1.0	1.0,1.0	-0.043
1.0,1.0	1.0,0.977	0.012
0.998,0.999	1.0,1.0	-0.002
1.0,0.975	1.0,0.969	0.003
0.995,1.0	1.0,0.996	-0.0
0.997,0.998	1.0,1.0	-0.002
1.0,0.988	1.0,1.0	-0.006
1.0,0.997	0.993,0.999	0.002
0.935,0.953	0.984,0.987	-0.042
1.0,0.968	1.0,1.0	-0.016
0.963,0.926	0.972,0.962	-0.022
0.529,0.587	0.49,0.536	0.045
1.0,0.988	0.954,1.0	0.017
0.974,0.994	0.985,0.994	-0.006
0.945,0.974	0.975,0.967	-0.011
0.931,1.0	1.0,1.0	-0.034
1.0,0.994	1.0,1.0	-0.003
1.0,0.989	0.996,1.0	-0.004
0.992,1.0	1.0,1.0	-0.004
0.191,0.155	0.603,0.825	-0.541
0.084,0.092	0.112,0.25	-0.093
0.368,0.197	0.202,0.467	-0.052
1.0,0.999	0.999,0.999	0.001
0.974,0.985	0.982,0.978	-0.0
1.0,1.0	1.0,0.987	0.006
1.0,0.999	0.997,1.0	0.001
1.0,0.998	1.0,1.0	-0.001
0.99,1.0	1.0,1.0	-0.005
1.0,0.992	1.0,1.0	-0.004
1.0,1.0	1.0,0.995	0.002
0.953,1.0	1.0,1.0	-0.024
0.995,0.998	0.998,1.0	-0.003
1.0,1.0	1.0,0.998	0.001
0.088,0.139	0.144,0.169	-0.043
0.14,0.175	0.183,0.154	-0.011
0.076,0.076	0.032,0.023	0.049
0.032,0.045	0.044,0.046	-0.006
0.31,NA	0.0,NA	0.31
0.094,0.097	0.134,0.15	-0.047
1.0,0.99	1.0,0.987	0.001
0.996,1.0	0.994,0.997	0.002
0.955,0.929	1.0,0.985	-0.05
1.0,0.778	1.0,1.0	-0.111
1.0,1.0	1.0,0.973	0.014
0.99,0.975	1.0,0.971	-0.003
0.976,1.0	1.0,0.993	-0.008
1.0,0.981	1.0,0.976	0.002
1.0,0.991	1.0,0.987	0.002
0.026,0.018	0.042,0.0	0.001
0.115,0.035	0.098,0.078	-0.013
1.0,1.0	1.0,0.99	0.005
0.152,0.119	0.155,0.114	0.001
0.437,0.454	0.535,0.512	-0.078
0.856,0.878	0.847,0.944	-0.028
0.928,0.935	0.924,0.971	-0.016
0.877,0.911	0.892,0.961	-0.032
0.99,1.0	1.0,0.965	0.013
0.981,0.99	0.994,1.0	-0.011
0.922,0.922	1.0,1.0	-0.078
0.992,1.0	1.0,1.0	-0.004
0.867,0.967	0.867,1.0	-0.016
0.998,1.0	1.0,1.0	-0.001
1.0,1.0	0.975,1.0	0.012
0.815,1.0	1.0,0.93	-0.058
0.999,1.0	1.0,1.0	-0.0
0.005,0.017	0.011,0.009	0.001
1.0,0.998	0.98,0.988	0.015
0.265,0.361	0.308,0.301	0.009
1.0,1.0	1.0,0.999	0.0
1.0,0.995	1.0,1.0	-0.002
0.973,1.0	1.0,1.0	-0.014
1.0,0.997	0.995,0.99	0.006
1.0,1.0	0.988,1.0	0.006
0.999,0.997	0.998,0.998	0.0
0.998,0.994	0.997,0.997	-0.001
1.0,0.981	0.965,1.0	0.008
0.994,0.963	1.0,1.0	-0.022
0.985,1.0	1.0,1.0	-0.008
0.963,0.98	1.0,0.993	-0.025
0.99,0.99	1.0,0.98	0.0
0.999,1.0	1.0,0.999	0.0
1.0,0.999	1.0,1.0	-0.0
1.0,1.0	0.987,0.981	0.016
1.0,0.992	0.995,0.987	0.005
1.0,1.0	0.96,1.0	0.02
1.0,0.429	NA,1.0	-0.285
0.218,0.224	0.265,0.248	-0.036
0.8,1.0	1.0,0.765	0.017
0.793,0.72	1.0,0.846	-0.167
0.748,0.593	1.0,0.84	-0.249
1.0,1.0	0.989,1.0	0.006
0.88,1.0	1.0,1.0	-0.06
1.0,0.995	1.0,1.0	-0.002
1.0,1.0	1.0,0.994	0.003
1.0,1.0	1.0,0.975	0.012
0.056,0.134	0.073,0.054	0.032
0.975,0.976	0.98,0.983	-0.006
0.988,0.984	0.982,0.996	-0.003
0.999,1.0	1.0,0.999	0.0
0.989,0.984	0.985,0.997	-0.005
0.995,0.996	0.995,0.998	-0.001
1.0,1.0	1.0,1.0	0.0
0.369,1.0	1.0,1.0	-0.316
0.882,1.0	1.0,1.0	-0.059
1.0,0.993	1.0,1.0	-0.004
0.978,0.97	0.933,0.919	0.048
1.0,1.0	0.996,1.0	0.002
0.995,1.0	1.0,1.0	-0.002
1.0,1.0	1.0,0.979	0.01
0.986,1.0	1.0,1.0	-0.007
0.76,0.27	1.0,0.782	-0.376
0.654,0.05	1.0,0.627	-0.461
0.625,0.65	1.0,0.816	-0.27
0.983,1.0	1.0,1.0	-0.008
0.0,0.016	0.0,0.015	0.001
0.013,0.041	0.0,0.042	0.006
0.98,0.97	1.0,0.996	-0.023
0.966,0.952	0.941,0.903	0.037
0.992,0.994	1.0,1.0	-0.007
0.879,0.853	0.835,0.895	0.001
0.82,0.766	0.886,0.934	-0.117
0.88,0.855	0.742,0.732	0.13
0.999,1.0	1.0,1.0	-0.0
0.968,0.97	1.0,0.969	-0.015
0.637,0.467	1.0,0.467	-0.181
1.0,1.0	0.999,1.0	0.0
1.0,0.997	1.0,1.0	-0.002
0.996,1.0	1.0,1.0	-0.002
0.966,0.924	0.966,0.923	0.001
0.989,0.992	1.0,0.965	0.008
0.965,0.986	1.0,0.972	-0.01
0.368,0.714	1.0,0.609	-0.264
0.045,0.071	0.048,0.075	-0.004
0.994,0.987	1.0,0.996	-0.008
1.0,0.995	1.0,1.0	-0.002
1.0,0.996	1.0,1.0	-0.002
0.98,1.0	1.0,1.0	-0.01
1.0,1.0	0.981,1.0	0.01
1.0,1.0	1.0,0.989	0.006
0.995,0.99	1.0,0.992	-0.004
0.989,1.0	1.0,1.0	-0.006
1.0,0.969	0.984,1.0	-0.008
0.953,0.899	0.958,0.957	-0.032
0.015,0.037	0.023,0.03	-0.001
0.976,0.968	1.0,0.946	-0.001
0.988,1.0	1.0,0.998	-0.005
0.997,1.0	1.0,1.0	-0.002
0.886,0.971	0.889,0.957	0.005
0.104,0.139	0.156,0.088	-0.001
1.0,1.0	1.0,1.0	0.0
0.997,0.999	0.996,0.996	0.002
0.074,0.148	0.212,0.123	-0.056
0.99,1.0	0.996,1.0	-0.003
1.0,1.0	0.989,1.0	0.006
0.962,1.0	1.0,1.0	-0.019
1.0,0.864	0.86,1.0	0.002
1.0,0.932	0.931,1.0	0.0
0.96,1.0	1.0,1.0	-0.02
0.777,0.885	0.777,0.796	0.044
0.889,1.0	1.0,1.0	-0.055
1.0,1.0	0.982,1.0	0.009
1.0,0.996	1.0,1.0	-0.002
0.996,1.0	1.0,1.0	-0.002
1.0,0.866	1.0,1.0	-0.067
1.0,0.865	1.0,1.0	-0.068
1.0,1.0	1.0,1.0	0.0
1.0,1.0	1.0,1.0	0.0
1.0,1.0	1.0,0.998	0.001
1.0,1.0	1.0,0.999	0.0
0.0,0.0	0.0,0.019	-0.009
0.858,1.0	1.0,1.0	-0.071
0.953,1.0	1.0,1.0	-0.024
0.997,0.998	0.997,1.0	-0.001
0.994,0.993	0.989,0.992	0.003
1.0,1.0	1.0,0.999	0.0
1.0,1.0	0.994,0.991	0.008
0.978,1.0	0.912,0.948	0.059
0.993,1.0	1.0,1.0	-0.004
0.587,0.587	1.0,1.0	-0.413
0.862,0.903	0.944,0.909	-0.044
0.999,1.0	1.0,1.0	-0.0
1.0,1.0	1.0,0.997	0.002
0.975,1.0	1.0,1.0	-0.012
1.0,NA	NA,0.378	0.622
1.0,1.0	1.0,0.988	0.006
1.0,1.0	0.987,1.0	0.006
0.6,0.521	0.915,0.627	-0.211
1.0,0.973	1.0,1.0	-0.014
0.456,0.504	0.611,0.689	-0.17
1.0,0.986	0.99,1.0	-0.002
1.0,0.969	0.976,1.0	-0.004
1.0,1.0	0.99,1.0	0.005
1.0,1.0	0.606,0.365	0.514
0.117,0.181	0.126,0.197	-0.013
0.201,0.105	0.322,0.268	-0.142
1.0,1.0	1.0,0.835	0.083
1.0,1.0	1.0,0.741	0.129
0.365,0.268	0.397,0.277	-0.021
0.216,0.287	0.25,0.667	-0.207
0.133,0.141	0.196,0.218	-0.07
0.294,0.396	0.391,0.852	-0.276
0.205,0.218	0.236,0.288	-0.051
1.0,0.824	0.524,1.0	0.15
0.852,0.595	0.908,0.67	-0.066
0.098,0.128	0.142,0.118	-0.017
0.91,0.964	1.0,0.873	0.001
0.117,0.147	0.084,0.148	0.016
0.998,1.0	1.0,0.998	0.0
0.99,1.0	1.0,1.0	-0.005
0.966,0.958	0.967,0.961	-0.002
1.0,0.999	1.0,1.0	-0.0
1.0,1.0	0.999,1.0	0.0
0.655,0.559	1.0,1.0	-0.393
0.867,0.851	0.891,0.871	-0.022
0.98,0.996	0.957,1.0	0.01
0.996,1.0	1.0,1.0	-0.002
1.0,0.998	1.0,1.0	-0.001
1.0,0.972	1.0,1.0	-0.014
1.0,0.96	1.0,1.0	-0.02
1.0,1.0	0.884,0.979	0.069
0.994,0.994	1.0,1.0	-0.006
1.0,1.0	0.985,1.0	0.008
NA,0.434	0.0,NA	0.434
0.0,0.0	0.003,0.0	-0.002
0.945,1.0	1.0,1.0	-0.028
1.0,0.992	1.0,1.0	-0.004
1.0,0.976	1.0,1.0	-0.012
0.988,1.0	1.0,1.0	-0.006
1.0,0.997	0.997,1.0	0.0
1.0,1.0	1.0,1.0	0.0
0.826,1.0	0.758,1.0	0.034
1.0,1.0	0.96,1.0	0.02
0.992,1.0	1.0,1.0	-0.004
0.989,1.0	0.98,1.0	0.004
1.0,1.0	0.983,1.0	0.008
1.0,0.997	1.0,1.0	-0.002
0.049,0.07	0.011,0.041	0.034
1.0,1.0	0.996,0.998	0.003
0.985,1.0	0.989,1.0	-0.002
0.996,1.0	1.0,1.0	-0.002
1.0,0.992	1.0,1.0	-0.004
0.997,1.0	0.991,0.997	0.004
0.984,1.0	1.0,0.992	-0.004
0.999,1.0	1.0,1.0	-0.0
0.926,0.949	0.926,0.833	0.058
0.958,1.0	1.0,1.0	-0.021
1.0,0.929	1.0,1.0	-0.035
0.993,0.994	1.0,0.986	0.001
1.0,1.0	0.994,1.0	0.003
1.0,0.998	1.0,1.0	-0.001
1.0,1.0	1.0,0.991	0.004
1.0,1.0	1.0,0.995	0.002
1.0,0.999	1.0,1.0	-0.0
1.0,0.88	0.935,0.98	-0.018
1.0,0.863	0.927,0.978	-0.021
1.0,0.866	0.927,0.978	-0.019
0.479,0.234	0.382,0.675	-0.172
0.68,0.474	0.674,0.872	-0.196
1.0,1.0	0.999,1.0	0.0
1.0,1.0	0.988,0.957	0.028
1.0,0.997	1.0,1.0	-0.002
0.989,1.0	1.0,0.989	0.0
1.0,1.0	1.0,0.998	0.001
1.0,0.987	1.0,0.986	0.001
1.0,1.0	0.955,1.0	0.022
0.974,1.0	1.0,0.972	0.001
0.986,1.0	1.0,0.98	0.003
0.971,0.971	1.0,1.0	-0.029
0.941,0.977	1.0,1.0	-0.041
1.0,0.993	1.0,1.0	-0.004
1.0,0.996	1.0,1.0	-0.002
0.004,0.005	0.007,0.001	0.001
1.0,0.998	1.0,1.0	-0.001
0.948,0.979	0.971,0.842	0.057
0.921,0.973	0.958,0.786	0.075
0.992,1.0	1.0,1.0	-0.004
0.971,0.987	1.0,1.0	-0.021
1.0,0.995	1.0,1.0	-0.002
1.0,1.0	0.995,1.0	0.002
0.998,0.993	1.0,1.0	-0.004
1.0,0.998	0.994,1.0	0.002
1.0,1.0	0.998,1.0	0.001
1.0,1.0	1.0,0.989	0.006
1.0,1.0	1.0,0.996	0.002
0.986,1.0	1.0,1.0	-0.007
0.942,0.906	0.821,0.881	0.073
1.0,0.991	1.0,1.0	-0.004
0.985,1.0	1.0,1.0	-0.008
0.089,0.187	0.09,0.038	0.074
0.998,1.0	1.0,1.0	-0.001
0.957,1.0	1.0,1.0	-0.022
0.938,0.923	1.0,0.882	-0.011
1.0,0.939	1.0,1.0	-0.03
0.994,0.995	0.992,0.996	0.0
1.0,0.997	0.994,1.0	0.001
1.0,0.992	1.0,1.0	-0.004
0.533,1.0	1.0,1.0	-0.234
0.408,0.0	0.0,0.0	0.204
0.982,1.0	1.0,1.0	-0.009
1.0,1.0	1.0,0.973	0.014
1.0,1.0	0.994,1.0	0.003
0.996,1.0	1.0,1.0	-0.002
1.0,1.0	1.0,0.642	0.179
1.0,1.0	0.983,0.994	0.012
0.945,0.98	0.981,0.989	-0.023
0.954,0.968	1.0,0.853	0.034
0.969,0.985	0.958,0.992	0.002
1.0,1.0	1.0,0.985	0.008
0.999,1.0	1.0,1.0	-0.0
1.0,0.994	1.0,1.0	-0.003
0.986,1.0	1.0,0.986	0.0
0.875,0.911	0.861,0.756	0.085
1.0,1.0	1.0,1.0	0.0
0.998,1.0	1.0,1.0	-0.001
1.0,1.0	1.0,0.993	0.004
1.0,1.0	1.0,0.992	0.004
1.0,0.979	1.0,0.984	-0.002
1.0,0.986	0.99,0.995	0.001
0.435,0.577	0.626,0.729	-0.171
0.997,1.0	1.0,0.997	0.0
0.076,0.1	0.336,0.092	-0.126
0.31,0.335	0.26,0.376	0.005
1.0,1.0	0.96,0.974	0.033
0.977,1.0	1.0,1.0	-0.012
0.999,1.0	1.0,0.999	0.0
0.977,0.964	0.912,1.0	0.014
1.0,1.0	1.0,0.98	0.01
1.0,0.991	1.0,1.0	-0.004
0.993,1.0	1.0,1.0	-0.004
0.864,0.943	0.671,0.914	0.111
0.972,0.92	1.0,0.97	-0.039
0.968,1.0	1.0,1.0	-0.016
0.981,1.0	1.0,1.0	-0.01
1.0,1.0	0.876,1.0	0.062
0.241,0.238	0.09,0.115	0.137
0.989,0.982	1.0,0.991	-0.01
0.997,1.0	1.0,1.0	-0.002
0.082,0.05	0.041,0.055	0.018
0.151,0.115	0.151,0.185	-0.035
1.0,0.981	0.948,0.963	0.035
0.096,0.152	0.17,0.279	-0.101
0.022,0.086	0.0,0.233	-0.063
1.0,0.99	1.0,1.0	-0.005
1.0,1.0	0.954,0.966	0.04
0.978,0.978	1.0,1.0	-0.022
0.989,1.0	1.0,1.0	-0.006
0.993,1.0	1.0,1.0	-0.004
1.0,0.781	NA,1.0	-0.109
1.0,0.994	1.0,1.0	-0.003
0.0,0.0	0.0,0.0	0.0
0.333,0.351	0.318,0.615	-0.125
0.355,0.342	0.318,0.63	-0.125
0.333,0.314	0.348,0.615	-0.158
0.984,1.0	0.997,1.0	-0.006
1.0,1.0	1.0,0.997	0.002
0.012,0.036	0.0,0.0	0.024
1.0,1.0	1.0,1.0	0.0
1.0,0.999	1.0,1.0	-0.0
1.0,0.999	1.0,1.0	-0.0
1.0,1.0	0.726,1.0	0.137
0.912,0.889	1.0,0.965	-0.082
1.0,0.989	1.0,1.0	-0.006
1.0,1.0	1.0,0.982	0.009
0.594,0.588	0.685,0.613	-0.058
0.994,1.0	1.0,1.0	-0.003
1.0,1.0	1.0,0.998	0.001
0.763,0.763	0.895,0.863	-0.116
0.331,0.448	0.712,0.65	-0.292
0.876,0.866	0.96,0.942	-0.08
0.479,0.546	0.872,0.887	-0.367
1.0,1.0	1.0,1.0	0.0
1.0,1.0	1.0,1.0	0.0
1.0,1.0	1.0,1.0	0.0
0.992,1.0	1.0,1.0	-0.004
0.988,0.996	1.0,0.967	0.008
0.92,0.893	1.0,0.906	-0.046
0.996,1.0	1.0,1.0	-0.002
0.987,1.0	1.0,1.0	-0.006
1.0,1.0	0.992,1.0	0.004
0.99,1.0	1.0,1.0	-0.005
1.0,1.0	0.985,0.982	0.016
1.0,0.994	0.992,0.997	0.003
0.009,0.018	0.002,0.009	0.008
0.397,0.487	0.696,0.678	-0.245
0.987,1.0	1.0,1.0	-0.006
0.985,0.972	0.986,1.0	-0.015
0.991,0.979	0.986,1.0	-0.008
0.99,0.997	1.0,0.995	-0.004
0.994,0.992	1.0,1.0	-0.007
0.553,0.632	0.571,0.646	-0.016
1.0,1.0	1.0,0.999	0.0
0.977,1.0	1.0,1.0	-0.012
0.582,0.905	0.21,0.674	0.302
1.0,0.91	1.0,0.817	0.047
1.0,0.998	0.989,0.997	0.006
0.999,1.0	1.0,1.0	-0.0
1.0,0.998	1.0,1.0	-0.001
1.0,1.0	0.997,1.0	0.002
0.998,1.0	1.0,1.0	-0.001
0.994,0.998	0.998,0.994	0.0
1.0,0.987	1.0,0.997	-0.005
0.985,0.96	0.885,1.0	0.03
0.983,0.95	0.901,1.0	0.016
0.998,1.0	1.0,1.0	-0.001
0.548,0.51	0.554,0.5	0.002
0.992,1.0	0.996,1.0	-0.002
0.021,0.029	0.041,0.027	-0.009
0.973,0.972	0.983,0.993	-0.016
0.999,0.998	0.998,1.0	-0.001
0.907,0.906	0.895,0.819	0.05
0.893,0.882	0.887,0.843	0.022
1.0,1.0	1.0,0.997	0.002
1.0,0.996	1.0,1.0	-0.002
0.394,0.376	0.44,0.447	-0.058
0.362,0.502	0.669,0.431	-0.118
1.0,0.997	1.0,1.0	-0.002
0.989,1.0	1.0,1.0	-0.006
0.994,1.0	1.0,1.0	-0.003
0.981,1.0	1.0,1.0	-0.01
0.834,0.907	0.942,0.919	-0.06
1.0,0.999	1.0,1.0	-0.0
0.99,0.993	0.986,0.97	0.014
0.985,0.989	0.975,0.947	0.026
0.002,0.002	0.013,0.001	-0.005
1.0,1.0	0.983,0.984	0.016
0.523,0.388	0.574,0.186	0.076
0.497,0.381	0.583,0.186	0.055
1.0,1.0	0.992,1.0	0.004
0.992,1.0	1.0,1.0	-0.004
0.991,0.998	1.0,1.0	-0.006
0.999,1.0	1.0,1.0	-0.0
1.0,0.999	1.0,1.0	-0.0
0.78,0.799	0.754,0.706	0.06
0.985,1.0	1.0,1.0	-0.008
0.973,1.0	1.0,1.0	-0.014
0.901,0.91	0.919,0.909	-0.009
1.0,1.0	0.978,1.0	0.011
1.0,1.0	0.985,1.0	0.008
0.01,0.005	0.005,0.008	0.001
1.0,0.992	0.96,0.994	0.019
0.992,1.0	1.0,1.0	-0.004
1.0,1.0	0.857,1.0	0.072
0.003,0.001	0.0,0.001	0.002
1.0,0.997	1.0,1.0	-0.002
1.0,1.0	0.993,1.0	0.004
1.0,1.0	1.0,0.934	0.033
0.945,0.957	0.984,0.979	-0.031
0.996,0.989	1.0,1.0	-0.008
1.0,1.0	0.999,1.0	0.0
0.991,1.0	1.0,0.984	0.004
0.998,0.992	0.999,0.998	-0.003
0.996,0.982	0.998,0.995	-0.007
0.996,0.982	0.998,0.995	-0.007
0.887,0.925	0.953,0.893	-0.017
0.958,0.954	0.925,0.879	0.054
1.0,1.0	0.982,1.0	0.009
0.028,0.024	0.013,0.009	0.015
0.037,0.038	0.017,0.01	0.024
0.505,0.333	0.179,0.471	0.094
0.662,0.713	0.727,0.642	0.003
0.995,0.998	0.996,1.0	-0.002
0.989,0.985	0.982,1.0	-0.004
0.995,1.0	1.0,1.0	-0.002
1.0,1.0	1.0,1.0	0.0
1.0,1.0	0.982,1.0	0.009
1.0,1.0	1.0,0.997	0.002
0.0,0.075	0.173,0.261	-0.179
1.0,1.0	1.0,0.982	0.009
0.942,1.0	1.0,1.0	-0.029
NA,1.0	0.0,1.0	0.5
1.0,0.994	1.0,1.0	-0.003
1.0,1.0	0.994,1.0	0.003
1.0,1.0	0.999,1.0	0.0
1.0,1.0	0.994,1.0	0.003
0.001,0.001	0.0,0.0	0.001
0.998,1.0	1.0,1.0	-0.001
0.995,0.99	0.987,0.994	0.002
0.991,1.0	1.0,1.0	-0.004
0.997,1.0	1.0,1.0	-0.002
1.0,0.993	1.0,1.0	-0.004
0.987,0.995	1.0,1.0	-0.009
1.0,1.0	1.0,0.992	0.004
0.925,0.914	0.87,0.911	0.029
1.0,1.0	0.984,1.0	0.008
1.0,0.965	1.0,1.0	-0.018
1.0,0.88	1.0,1.0	-0.06
1.0,1.0	0.979,1.0	0.01
0.897,0.888	0.92,0.886	-0.01
0.923,0.957	1.0,0.979	-0.05
0.745,0.851	0.77,0.701	0.062
1.0,1.0	0.997,1.0	0.002
1.0,1.0	0.994,1.0	0.003
0.45,0.12	0.055,0.214	0.151
0.056,0.061	0.022,0.112	-0.009
0.999,1.0	1.0,1.0	-0.0
0.995,1.0	1.0,1.0	-0.002
1.0,0.962	1.0,0.985	-0.011
1.0,1.0	1.0,0.996	0.002
1.0,0.987	1.0,1.0	-0.006
0.985,0.986	1.0,0.995	-0.012
0.997,1.0	1.0,1.0	-0.002
0.998,1.0	1.0,1.0	-0.001
0.959,0.845	0.967,0.957	-0.06
1.0,1.0	1.0,0.994	0.003
1.0,1.0	0.948,1.0	0.026
1.0,1.0	0.972,1.0	0.014
0.756,0.97	0.695,1.0	0.016
0.982,1.0	1.0,1.0	-0.009
0.985,1.0	1.0,1.0	-0.008
1.0,0.997	1.0,1.0	-0.002
0.998,0.998	1.0,1.0	-0.002
0.97,0.963	0.96,0.969	0.002
0.557,0.578	0.601,0.566	-0.016
0.998,0.998	0.999,0.999	-0.001
0.986,1.0	0.938,1.0	0.024
1.0,1.0	1.0,0.987	0.006
1.0,1.0	1.0,0.996	0.002
0.988,0.995	0.992,1.0	-0.004
1.0,1.0	1.0,0.989	0.006
0.115,0.151	0.231,0.307	-0.136
NA,1.0	1.0,0.512	0.244
1.0,0.994	1.0,1.0	-0.003
1.0,1.0	1.0,0.977	0.012
0.98,1.0	1.0,1.0	-0.01
0.992,0.995	1.0,1.0	-0.006
0.0,0.001	0.0,0.0	0.001
0.048,0.174	0.053,0.1	0.034
0.048,0.136	0.053,0.085	0.023
1.0,1.0	1.0,0.925	0.037
0.976,0.945	1.0,0.977	-0.028
1.0,1.0	1.0,0.976	0.012
0.993,1.0	1.0,1.0	-0.004
0.993,1.0	1.0,0.995	-0.001
1.0,0.998	1.0,1.0	-0.001
1.0,1.0	1.0,0.991	0.004
0.972,0.959	0.934,0.96	0.018
1.0,1.0	1.0,0.996	0.002
0.199,0.238	0.314,0.367	-0.122
1.0,1.0	1.0,0.944	0.028
1.0,1.0	1.0,0.984	0.008
1.0,1.0	0.957,0.993	0.025
0.998,0.997	1.0,1.0	-0.002
0.985,0.978	0.979,0.966	0.009
0.995,1.0	1.0,1.0	-0.002
0.031,0.071	0.0,0.016	0.043
0.975,0.737	0.917,0.843	-0.024
0.972,0.705	0.929,0.894	-0.073
0.172,0.31	0.317,0.337	-0.086
0.176,0.241	0.211,0.25	-0.022
0.007,0.0	0.0,0.0	0.004
0.99,0.988	0.976,0.994	0.004
0.207,0.199	0.297,0.297	-0.094
1.0,0.929	1.0,1.0	-0.035
0.771,0.878	0.818,0.934	-0.051
0.644,0.825	0.704,0.886	-0.06
1.0,1.0	1.0,0.978	0.011
1.0,1.0	0.89,0.875	0.117
1.0,0.993	0.982,1.0	0.005
1.0,1.0	0.886,1.0	0.057
0.996,0.994	0.994,1.0	-0.002
1.0,1.0	0.999,0.998	0.002
1.0,0.993	1.0,0.997	-0.002
1.0,1.0	1.0,0.97	0.015
1.0,1.0	1.0,0.992	0.004
0.891,0.927	0.949,0.964	-0.047
0.722,0.802	0.905,0.915	-0.148
0.0,0.004	0.0,0.0	0.002
0.872,0.668	0.863,0.844	-0.083
0.988,0.952	0.965,0.969	0.003
0.983,0.983	0.984,0.991	-0.005
0.999,1.0	1.0,1.0	-0.0
1.0,1.0	1.0,0.96	0.02
1.0,0.801	1.0,1.0	-0.099
1.0,0.991	1.0,0.967	0.012
0.978,1.0	1.0,1.0	-0.011
0.002,0.001	0.0,0.001	0.001
0.017,0.024	0.018,0.027	-0.002
0.02,0.03	0.025,0.033	-0.004
0.404,0.315	0.262,0.252	0.103
0.967,0.971	1.0,0.97	-0.016
0.999,0.994	0.997,1.0	-0.002
0.987,1.0	0.981,1.0	0.003
0.047,0.071	0.031,0.103	-0.008
0.722,0.702	0.79,0.713	-0.04
0.657,0.643	0.735,0.658	-0.046
0.965,0.964	0.96,0.992	-0.012
0.993,1.0	1.0,1.0	-0.004
0.976,0.983	0.992,0.994	-0.013
1.0,0.995	1.0,0.993	0.001
0.916,0.967	0.928,0.952	0.002
0.953,0.984	1.0,0.972	-0.018
0.996,1.0	1.0,1.0	-0.002
0.981,0.964	0.96,0.943	0.021
0.987,0.994	1.0,0.986	-0.003
1.0,0.945	0.968,0.986	-0.005
1.0,0.992	1.0,1.0	-0.004
1.0,0.981	1.0,1.0	-0.01
0.078,0.078	0.063,0.055	0.019
1.0,0.988	1.0,1.0	-0.006
1.0,0.997	1.0,1.0	-0.002
1.0,1.0	0.938,1.0	0.031
1.0,1.0	0.979,1.0	0.01
1.0,1.0	1.0,0.998	0.001
1.0,1.0	1.0,0.961	0.02
1.0,0.925	1.0,1.0	-0.037
0.936,0.914	0.902,0.904	0.022
0.975,0.979	0.979,0.979	-0.002
0.141,0.191	0.222,0.236	-0.063
0.843,0.715	1.0,0.858	-0.15
1.0,1.0	1.0,0.985	0.008
0.986,0.991	1.0,1.0	-0.012
1.0,1.0	0.976,1.0	0.012
0.0,NA	1.0,1.0	-1.0
NA,1.0	0.667,0.238	0.547
0.714,0.697	0.786,0.6	0.012
1.0,1.0	0.613,0.733	0.327
0.99,1.0	1.0,0.995	-0.003
1.0,0.999	1.0,1.0	-0.0
0.989,0.983	0.98,0.973	0.01
1.0,1.0	0.998,1.0	0.001
0.964,0.962	0.981,0.985	-0.02
0.019,0.069	0.091,0.051	-0.027
0.986,1.0	1.0,1.0	-0.007
0.999,1.0	1.0,1.0	-0.0
1.0,0.98	1.0,1.0	-0.01
0.973,0.985	0.985,1.0	-0.013
1.0,0.972	1.0,1.0	-0.014
0.004,0.027	0.02,0.0	0.005
0.992,1.0	0.983,1.0	0.004
0.992,0.991	1.0,0.981	0.001
1.0,0.964	1.0,0.973	-0.004
1.0,0.875	1.0,NA	-0.062
1.0,1.0	1.0,0.998	0.001
1.0,1.0	1.0,1.0	0.0
0.961,0.96	0.943,0.942	0.018
0.973,0.995	1.0,1.0	-0.016
1.0,0.896	1.0,1.0	-0.052
1.0,1.0	0.995,1.0	0.002
1.0,1.0	0.502,1.0	0.249
1.0,1.0	1.0,0.995	0.002
0.985,1.0	1.0,1.0	-0.008
0.015,0.027	0.0,0.0	0.021
0.0,0.102	0.0,0.0	0.051
0.541,0.606	0.18,0.416	0.276
1.0,0.998	1.0,1.0	-0.001
0.999,1.0	1.0,1.0	-0.0
0.174,0.196	0.192,0.141	0.019
0.974,0.974	0.961,0.98	0.004
0.986,1.0	1.0,1.0	-0.007
0.996,1.0	0.997,0.99	0.004
1.0,1.0	0.997,0.998	0.002
1.0,NA	NA,0.0	1.0
1.0,NA	NA,0.0	1.0
NA,0.333	1.0,0.333	-0.333
0.829,1.0	1.0,1.0	-0.086
0.993,1.0	0.992,1.0	0.0
0.99,1.0	1.0,1.0	-0.005
0.415,0.855	1.0,0.787	-0.258
1.0,1.0	1.0,0.988	0.006
1.0,0.996	0.993,1.0	0.002
1.0,0.963	0.983,1.0	-0.01
1.0,1.0	1.0,0.943	0.028
1.0,1.0	1.0,0.892	0.054
1.0,1.0	0.934,1.0	0.033
1.0,1.0	1.0,0.996	0.002
1.0,0.998	1.0,0.998	0.0
1.0,1.0	1.0,0.976	0.012
1.0,0.998	1.0,1.0	-0.001
0.975,0.989	1.0,0.947	0.008
0.988,0.995	1.0,0.974	0.005
1.0,0.99	1.0,1.0	-0.005
1.0,1.0	0.964,1.0	0.018
0.922,1.0	1.0,1.0	-0.039
1.0,1.0	0.993,1.0	0.004
1.0,0.987	1.0,1.0	-0.006
1.0,0.999	1.0,1.0	-0.0
1.0,0.999	0.996,0.99	0.007
0.998,0.997	1.0,1.0	-0.002
0.362,0.392	0.417,0.444	-0.053
0.998,1.0	1.0,1.0	-0.001
0.999,1.0	1.0,1.0	-0.0
1.0,0.991	1.0,1.0	-0.004
0.982,0.987	0.996,0.997	-0.012
0.904,0.864	0.929,0.85	-0.005
1.0,0.986	1.0,0.988	-0.001
1.0,1.0	0.991,0.994	0.008
1.0,1.0	0.994,1.0	0.003
1.0,1.0	1.0,0.996	0.002
0.9,0.988	0.922,0.913	0.026
0.976,0.994	0.987,0.988	-0.003
1.0,1.0	1.0,0.997	0.002
0.997,0.993	1.0,1.0	-0.005
1.0,1.0	1.0,0.996	0.002
0.724,0.671	0.536,0.468	0.196
0.968,0.966	1.0,1.0	-0.033
0.974,0.978	1.0,1.0	-0.024
0.975,0.985	0.994,1.0	-0.017
0.989,1.0	1.0,1.0	-0.006
0.996,1.0	1.0,1.0	-0.002
1.0,0.962	1.0,0.9	0.031
0.829,0.856	0.84,0.858	-0.006
0.989,1.0	1.0,1.0	-0.006
1.0,1.0	1.0,0.97	0.015
1.0,1.0	1.0,1.0	0.0
0.533,0.484	0.415,0.325	0.138
0.014,0.012	0.017,0.009	0.0
1.0,0.99	0.994,1.0	-0.002
0.97,0.958	0.963,1.0	-0.018
0.978,1.0	1.0,1.0	-0.011
1.0,1.0	0.998,1.0	0.001
0.992,1.0	1.0,0.981	0.006
0.918,1.0	0.98,0.985	-0.023
0.999,1.0	1.0,1.0	-0.0
0.999,1.0	0.999,0.999	0.001
1.0,1.0	1.0,1.0	0.0
1.0,1.0	0.987,0.995	0.009
0.991,0.998	1.0,0.991	-0.001
0.967,1.0	1.0,0.969	-0.001
0.995,1.0	1.0,1.0	-0.002
1.0,1.0	0.977,0.982	0.02
1.0,1.0	0.925,0.939	0.068
1.0,1.0	0.943,1.0	0.028
1.0,1.0	0.985,1.0	0.008
1.0,1.0	1.0,0.987	0.006
1.0,1.0	0.997,0.994	0.004
0.997,1.0	1.0,1.0	-0.002
0.998,1.0	1.0,1.0	-0.001
1.0,0.998	1.0,1.0	-0.001
0.0,0.0	0.0,0.059	-0.029
0.986,0.982	0.98,0.989	-0.0
1.0,0.978	1.0,0.984	-0.003
1.0,1.0	0.997,1.0	0.002
1.0,0.999	1.0,1.0	-0.0
1.0,0.99	1.0,1.0	-0.005
1.0,0.979	0.983,1.0	-0.002
1.0,0.936	1.0,1.0	-0.032
0.896,0.919	0.983,0.953	-0.06
0.979,1.0	1.0,1.0	-0.01
1.0,1.0	0.993,0.988	0.01
0.915,0.901	1.0,1.0	-0.092
1.0,1.0	0.936,0.952	0.056
1.0,1.0	1.0,0.949	0.026
1.0,1.0	1.0,0.895	0.052
0.982,1.0	0.979,0.973	0.015
1.0,1.0	1.0,0.993	0.004
1.0,1.0	1.0,0.997	0.002
0.993,1.0	1.0,1.0	-0.004
0.993,1.0	1.0,0.995	-0.001
1.0,1.0	1.0,1.0	0.0
0.999,0.998	0.999,0.998	0.0
1.0,1.0	0.998,1.0	0.001
0.86,0.873	0.927,0.915	-0.054
0.08,0.141	0.083,0.079	0.029
0.26,0.311	0.163,0.149	0.129
1.0,1.0	0.96,1.0	0.02
0.981,0.987	0.997,0.997	-0.013
0.997,0.998	0.997,0.999	-0.0
1.0,0.999	1.0,1.0	-0.0
1.0,1.0	1.0,0.99	0.005
1.0,1.0	1.0,1.0	0.0
1.0,0.994	1.0,1.0	-0.003
0.958,1.0	1.0,1.0	-0.021
1.0,0.684	0.75,0.931	0.002
1.0,0.854	0.826,0.962	0.033
0.951,1.0	1.0,1.0	-0.024
1.0,1.0	0.93,1.0	0.035
1.0,1.0	0.969,1.0	0.016
1.0,0.982	1.0,1.0	-0.009
0.984,1.0	0.982,1.0	0.001
1.0,1.0	1.0,0.983	0.008
1.0,1.0	1.0,0.986	0.007
0.985,1.0	1.0,1.0	-0.008
1.0,1.0	1.0,0.889	0.055
1.0,1.0	1.0,0.935	0.032
1.0,1.0	0.991,1.0	0.004
0.973,0.982	0.952,1.0	0.002
0.975,1.0	1.0,1.0	-0.012
0.971,0.927	1.0,0.732	0.083
1.0,0.869	1.0,1.0	-0.066
0.992,0.996	1.0,0.994	-0.003
0.759,0.829	0.823,0.731	0.017
0.811,0.872	0.8,0.778	0.052
0.99,1.0	0.995,1.0	-0.003
0.983,1.0	0.994,0.979	0.005
0.966,1.0	0.989,0.961	0.008
1.0,1.0	0.997,1.0	0.002
0.98,1.0	1.0,1.0	-0.01
0.029,0.043	0.0,0.043	0.014
0.914,0.858	0.924,0.781	0.033
0.991,0.995	1.0,1.0	-0.007
0.996,0.997	1.0,0.99	0.001
0.967,0.972	0.956,0.978	0.003
1.0,1.0	1.0,1.0	0.0
1.0,1.0	1.0,1.0	0.0
0.002,0.0	0.0,0.001	0.001
1.0,1.0	1.0,0.965	0.018
1.0,0.993	0.985,1.0	0.004
1.0,0.992	0.993,0.985	0.007
1.0,0.993	0.994,0.986	0.006
1.0,0.993	0.994,0.986	0.006
1.0,0.985	1.0,1.0	-0.008
0.96,1.0	1.0,1.0	-0.02
0.718,0.955	1.0,0.567	0.053
1.0,0.942	1.0,1.0	-0.029
1.0,0.998	1.0,1.0	-0.001
0.997,0.995	1.0,1.0	-0.004
0.033,0.045	0.023,0.086	-0.015
1.0,1.0	0.989,1.0	0.006
0.153,0.0	0.0,0.0	0.076
1.0,1.0	1.0,0.993	0.004
0.996,0.993	1.0,1.0	-0.006
0.885,0.941	0.939,0.969	-0.041
0.984,0.983	0.993,0.99	-0.008
1.0,0.966	0.994,0.965	0.003
1.0,1.0	1.0,0.991	0.004
0.996,1.0	1.0,0.997	-0.0
1.0,0.99	1.0,0.991	-0.001
1.0,0.999	1.0,1.0	-0.0
1.0,0.987	1.0,0.994	-0.003
1.0,1.0	0.421,0.592	0.494
0.379,0.207	0.148,0.407	0.016
0.111,0.088	1.0,0.6	-0.701
1.0,1.0	0.932,0.89	0.089
1.0,0.999	1.0,1.0	-0.0
1.0,0.998	1.0,0.998	0.0
1.0,1.0	0.989,1.0	0.006
0.915,0.953	1.0,1.0	-0.066
1.0,1.0	1.0,1.0	0.0
1.0,1.0	1.0,0.869	0.066
1.0,1.0	1.0,0.95	0.025
1.0,0.997	1.0,1.0	-0.002
1.0,1.0	1.0,0.99	0.005
1.0,1.0	1.0,0.997	0.002
1.0,1.0	1.0,0.959	0.02
1.0,1.0	1.0,0.987	0.006
0.824,0.869	0.947,0.853	-0.053
0.999,1.0	1.0,1.0	-0.0
0.988,1.0	0.992,1.0	-0.002
0.954,1.0	1.0,1.0	-0.023
0.944,0.997	0.993,0.989	-0.021
0.453,0.528	0.482,0.39	0.055
1.0,0.998	1.0,1.0	-0.001
1.0,1.0	0.993,1.0	0.004
0.036,0.172	0.132,0.113	-0.019
0.041,0.224	0.275,0.178	-0.094
1.0,1.0	1.0,1.0	0.0
1.0,0.954	1.0,1.0	-0.023
0.353,0.456	0.199,0.329	0.14
0.919,0.882	0.988,0.965	-0.076
0.988,0.991	1.0,1.0	-0.01
0.983,0.985	1.0,1.0	-0.016
1.0,1.0	1.0,0.996	0.002
1.0,0.96	1.0,0.966	-0.003
0.981,1.0	1.0,1.0	-0.01
1.0,0.954	0.97,0.98	0.002
1.0,1.0	1.0,0.999	0.0
1.0,1.0	0.857,1.0	0.072
0.991,1.0	1.0,1.0	-0.004
1.0,1.0	0.991,1.0	0.004
1.0,1.0	0.995,1.0	0.002
1.0,1.0	1.0,0.774	0.113
0.93,0.918	0.964,0.941	-0.028
1.0,0.993	1.0,1.0	-0.004
0.998,1.0	1.0,1.0	-0.001
0.146,0.153	0.159,0.201	-0.03
0.123,0.0	0.0,0.149	-0.013
0.969,0.928	1.0,1.0	-0.051
0.97,0.943	1.0,1.0	-0.044
1.0,0.986	1.0,1.0	-0.007
1.0,0.993	1.0,1.0	-0.004
1.0,0.988	1.0,1.0	-0.006
1.0,1.0	1.0,0.999	0.0
1.0,1.0	0.986,1.0	0.007
0.949,0.938	0.984,0.983	-0.04
0.989,1.0	1.0,1.0	-0.006
1.0,0.993	1.0,1.0	-0.004
1.0,0.978	1.0,1.0	-0.011
0.994,1.0	1.0,1.0	-0.003
0.996,0.992	0.994,0.992	0.001
1.0,0.999	0.999,0.999	0.001
0.996,1.0	1.0,0.996	0.0
0.915,0.958	1.0,0.957	-0.042
1.0,0.913	1.0,1.0	-0.043
0.995,1.0	1.0,0.995	0.0
1.0,1.0	1.0,1.0	0.0
1.0,1.0	1.0,0.987	0.006
1.0,0.997	1.0,0.999	-0.001
1.0,0.988	1.0,1.0	-0.006
0.995,1.0	1.0,1.0	-0.002
1.0,0.996	1.0,1.0	-0.002
1.0,1.0	1.0,1.0	0.0
0.701,1.0	NA,1.0	-0.149
1.0,0.999	0.998,1.0	0.001
0.003,0.002	0.001,0.002	0.001
1.0,1.0	0.993,1.0	0.004
1.0,1.0	1.0,0.973	0.014
1.0,1.0	0.888,0.563	0.274
0.917,1.0	1.0,1.0	-0.041
0.965,1.0	1.0,1.0	-0.018
0.995,1.0	1.0,1.0	-0.002
0.998,1.0	1.0,1.0	-0.001
0.985,0.986	1.0,1.0	-0.014
0.978,1.0	1.0,1.0	-0.011
1.0,1.0	1.0,0.979	0.01
0.898,0.889	0.903,0.952	-0.034
1.0,1.0	1.0,0.993	0.004
1.0,0.935	1.0,1.0	-0.032
1.0,0.999	1.0,1.0	-0.0
1.0,0.997	1.0,0.993	0.002
1.0,1.0	0.998,1.0	0.001
0.983,0.985	1.0,0.974	-0.003
0.969,1.0	0.976,0.992	0.0
0.964,0.922	1.0,1.0	-0.057
0.968,1.0	1.0,1.0	-0.016
0.738,0.639	0.813,0.723	-0.08
0.998,0.997	1.0,1.0	-0.002
1.0,1.0	0.978,1.0	0.011
0.042,0.029	0.027,0.164	-0.06
1.0,1.0	1.0,0.996	0.002
1.0,1.0	1.0,0.988	0.006
1.0,0.997	1.0,1.0	-0.002
1.0,0.99	1.0,1.0	-0.005
1.0,1.0	1.0,0.998	0.001
0.994,0.998	0.996,1.0	-0.002
0.997,0.988	0.992,0.99	0.001
0.991,0.996	0.994,1.0	-0.003
0.997,0.989	0.993,0.99	0.001
0.996,0.999	0.998,1.0	-0.001
0.999,0.994	0.996,0.995	0.001
0.986,0.996	0.993,0.973	0.008
1.0,1.0	1.0,0.962	0.019
0.91,0.859	1.0,0.78	-0.005
1.0,0.93	0.924,1.0	0.003
1.0,1.0	1.0,0.999	0.0
1.0,1.0	1.0,0.752	0.124
0.997,1.0	1.0,0.998	-0.001
0.993,0.98	0.993,0.995	-0.008
0.429,1.0	1.0,1.0	-0.285
1.0,0.999	1.0,1.0	-0.0
1.0,0.99	1.0,1.0	-0.005
0.972,1.0	1.0,1.0	-0.014
0.969,1.0	1.0,0.97	-0.001
0.962,1.0	1.0,1.0	-0.019
0.982,1.0	1.0,1.0	-0.009
1.0,0.993	0.987,0.996	0.005
1.0,0.988	1.0,1.0	-0.006
1.0,0.996	0.995,0.994	0.004
0.984,1.0	0.959,1.0	0.012
0.535,0.637	0.486,0.47	0.108
0.987,0.991	1.0,0.984	-0.003
0.945,0.963	0.997,0.987	-0.038
0.999,1.0	1.0,1.0	-0.0
1.0,1.0	1.0,0.991	0.004
0.993,1.0	1.0,1.0	-0.004
0.0,0.006	0.0,0.0	0.003
0.996,1.0	1.0,1.0	-0.002
1.0,0.977	1.0,0.986	-0.005
0.877,1.0	1.0,0.401	0.238
0.053,0.084	0.06,0.08	-0.002
1.0,1.0	1.0,0.998	0.001
0.976,0.965	0.981,0.926	0.017
0.95,0.933	0.962,0.847	0.037
0.775,0.802	0.861,0.921	-0.103
0.228,0.219	0.15,0.179	0.059
0.995,1.0	1.0,1.0	-0.002
0.241,0.38	0.451,0.445	-0.138
1.0,0.99	1.0,1.0	-0.005
0.992,1.0	1.0,1.0	-0.004
0.958,0.989	0.969,0.962	0.008
1.0,1.0	1.0,0.997	0.002
1.0,0.979	1.0,1.0	-0.01
0.995,0.995	1.0,1.0	-0.005
0.589,1.0	0.364,0.589	0.318
1.0,1.0	1.0,0.997	0.002
1.0,0.999	1.0,1.0	-0.0
0.965,0.942	0.995,0.983	-0.035
0.748,0.647	0.538,0.553	0.152
0.51,0.29	0.135,0.168	0.248
0.047,0.064	0.047,0.037	0.014
1.0,1.0	1.0,0.991	0.004
0.999,1.0	1.0,1.0	-0.0
0.01,0.013	0.003,0.008	0.006
0.006,0.009	0.014,0.004	-0.002
0.999,1.0	1.0,1.0	-0.0
1.0,1.0	1.0,0.983	0.008
1.0,0.964	1.0,0.976	-0.006
1.0,1.0	0.993,1.0	0.004
1.0,0.992	1.0,1.0	-0.004
1.0,1.0	0.986,1.0	0.007
1.0,0.968	0.83,0.984	0.077
0.077,0.051	0.082,0.169	-0.061
0.062,0.05	0.05,0.079	-0.009
0.124,0.086	0.046,0.096	0.034
1.0,0.983	1.0,1.0	-0.008
0.247,0.324	0.572,0.505	-0.253
1.0,1.0	1.0,0.658	0.171
1.0,1.0	1.0,0.985	0.008
1.0,0.998	1.0,0.994	0.002
1.0,0.993	1.0,1.0	-0.004
1.0,0.975	1.0,1.0	-0.012
0.963,0.976	0.958,0.946	0.018
0.965,1.0	1.0,1.0	-0.018
1.0,0.996	0.975,0.991	0.015
0.995,1.0	1.0,1.0	-0.002
0.978,1.0	1.0,1.0	-0.011
0.983,1.0	1.0,0.973	0.005
0.997,1.0	1.0,1.0	-0.002
0.995,0.966	0.945,0.951	0.032
1.0,0.98	1.0,1.0	-0.01
1.0,0.999	0.997,1.0	0.001
1.0,1.0	0.99,1.0	0.005
1.0,1.0	1.0,0.994	0.003
0.962,1.0	1.0,1.0	-0.019
0.998,1.0	1.0,0.999	-0.001
1.0,0.986	1.0,0.974	0.006
1.0,0.986	1.0,0.97	0.008
1.0,1.0	1.0,1.0	0.0
1.0,1.0	0.987,0.992	0.01
1.0,0.913	1.0,1.0	-0.043
0.454,0.757	0.526,0.78	-0.047
0.0,0.0	0.047,0.0	-0.024
0.069,0.08	0.172,0.096	-0.059
0.976,1.0	1.0,0.95	0.013
0.112,0.161	0.056,0.111	0.053
0.225,0.326	0.2,0.267	0.042
0.989,1.0	1.0,1.0	-0.006
1.0,1.0	1.0,0.987	0.006
1.0,0.991	1.0,1.0	-0.004
1.0,0.977	1.0,1.0	-0.012
1.0,0.993	1.0,1.0	-0.004
0.99,1.0	1.0,1.0	-0.005
0.996,1.0	1.0,1.0	-0.002
1.0,1.0	1.0,0.999	0.0
0.999,1.0	1.0,1.0	-0.0
1.0,1.0	1.0,0.995	0.002
0.985,1.0	1.0,1.0	-0.008
1.0,1.0	1.0,1.0	0.0
1.0,1.0	0.973,1.0	0.014
1.0,0.995	1.0,1.0	-0.002
1.0,0.995	1.0,1.0	-0.002
0.988,1.0	1.0,1.0	-0.006
1.0,0.997	1.0,1.0	-0.002
1.0,0.992	1.0,1.0	-0.004
0.0,0.004	0.0,0.003	0.001
1.0,1.0	1.0,0.969	0.016
0.988,1.0	1.0,1.0	-0.006
1.0,0.968	1.0,1.0	-0.016
1.0,0.997	1.0,1.0	-0.002
0.967,0.947	0.957,0.967	-0.005
0.983,0.976	0.984,0.988	-0.006
0.67,0.576	0.526,0.542	0.089
1.0,0.994	1.0,0.992	0.001
0.739,NA	NA,0.0	0.739
0.941,1.0	1.0,1.0	-0.03
0.944,1.0	1.0,1.0	-0.028
1.0,0.994	1.0,1.0	-0.003
0.971,0.99	1.0,0.978	-0.009
1.0,1.0	1.0,0.997	0.002
1.0,1.0	1.0,0.993	0.004
1.0,1.0	0.998,1.0	0.001
0.986,1.0	1.0,1.0	-0.007
0.996,1.0	1.0,1.0	-0.002
0.319,0.385	0.342,0.274	0.044
0.388,0.434	0.331,0.276	0.108
1.0,0.997	1.0,1.0	-0.002
1.0,0.997	0.995,1.0	0.001
0.997,0.994	0.991,0.997	0.002
1.0,1.0	0.997,0.998	0.002
0.998,0.995	0.999,0.996	-0.001
0.999,0.997	0.999,0.998	-0.0
1.0,1.0	1.0,0.995	0.002
0.983,1.0	1.0,0.985	-0.001
0.995,1.0	1.0,1.0	-0.002
0.998,1.0	0.995,1.0	0.001
0.772,0.91	0.66,0.82	0.101
0.825,0.83	1.0,1.0	-0.173
0.0,0.111	NA,1.0	-0.945
1.0,0.994	1.0,1.0	-0.003
0.999,1.0	0.998,1.0	0.001
1.0,0.988	1.0,1.0	-0.006
1.0,0.986	1.0,1.0	-0.007
0.718,0.715	0.801,0.517	0.057
1.0,1.0	1.0,0.996	0.002
1.0,1.0	0.904,1.0	0.048
0.999,0.997	0.998,1.0	-0.001
1.0,0.984	0.968,1.0	0.008
0.998,1.0	0.999,1.0	-0.001
1.0,1.0	1.0,0.923	0.038
1.0,1.0	1.0,0.94	0.03
1.0,0.983	1.0,1.0	-0.008
0.998,1.0	1.0,1.0	-0.001
0.357,1.0	1.0,0.788	-0.216
1.0,1.0	1.0,0.981	0.01
0.996,1.0	1.0,1.0	-0.002
0.991,0.987	0.989,0.996	-0.003
0.999,1.0	1.0,0.999	0.0
0.997,1.0	1.0,1.0	-0.002
1.0,0.999	0.998,0.998	0.002
1.0,1.0	0.998,1.0	0.001
0.981,1.0	1.0,0.993	-0.006
0.987,0.93	0.994,1.0	-0.038
0.994,1.0	1.0,1.0	-0.003
1.0,1.0	0.996,1.0	0.002
1.0,0.997	0.99,0.993	0.007
0.989,1.0	1.0,1.0	-0.006
1.0,1.0	1.0,0.997	0.002
0.009,0.018	0.018,0.011	-0.001
0.989,0.994	0.993,0.992	-0.001
0.999,1.0	1.0,1.0	-0.0
0.996,0.997	0.998,0.996	-0.001
0.977,0.98	1.0,0.971	-0.007
1.0,0.997	1.0,1.0	-0.002
0.997,0.996	1.0,1.0	-0.004
1.0,0.992	1.0,0.996	-0.002
1.0,0.989	1.0,0.994	-0.003
0.994,1.0	1.0,1.0	-0.003
1.0,1.0	0.984,1.0	0.008
1.0,0.988	1.0,1.0	-0.006
1.0,0.993	1.0,1.0	-0.004
1.0,1.0	1.0,0.993	0.004
1.0,0.988	1.0,1.0	-0.006
1.0,0.973	1.0,1.0	-0.014
0.002,0.0	0.015,0.019	-0.016
0.98,1.0	0.966,1.0	0.007
1.0,1.0	0.994,1.0	0.003
0.795,0.853	1.0,0.876	-0.114
0.909,1.0	1.0,1.0	-0.045
0.199,0.274	0.406,0.407	-0.17
0.533,0.725	0.917,0.774	-0.217
0.333,0.65	0.857,0.613	-0.243
0.356,0.67	0.866,0.563	-0.201
0.739,0.797	0.909,0.768	-0.071
1.0,0.985	1.0,1.0	-0.008
0.344,0.25	0.279,0.156	0.079
1.0,0.981	1.0,1.0	-0.01
0.987,0.99	0.991,0.996	-0.005
0.302,NA	1.0,1.0	-0.698
0.993,0.994	1.0,1.0	-0.006
1.0,1.0	1.0,0.994	0.003
1.0,0.993	1.0,1.0	-0.004
0.994,0.995	1.0,1.0	-0.006
0.999,1.0	1.0,1.0	-0.0
1.0,0.999	1.0,1.0	-0.0
1.0,1.0	0.999,0.998	0.002
0.993,1.0	1.0,1.0	-0.004
1.0,1.0	1.0,0.998	0.001
0.991,0.966	1.0,1.0	-0.022
0.033,0.025	0.006,0.012	0.02
0.999,0.999	0.999,0.999	0.0
1.0,1.0	0.988,1.0	0.006
1.0,0.981	1.0,1.0	-0.01
1.0,0.975	1.0,1.0	-0.012
1.0,1.0	0.981,1.0	0.01
1.0,0.957	1.0,1.0	-0.022
1.0,0.922	1.0,1.0	-0.039
1.0,1.0	1.0,0.982	0.009
0.997,1.0	1.0,0.996	0.0
0.997,1.0	1.0,0.996	0.0
0.999,1.0	1.0,1.0	-0.0
0.983,0.982	1.0,0.995	-0.015
0.057,0.062	0.022,0.048	0.024
0.985,0.984	0.971,0.968	0.015
0.987,0.936	1.0,1.0	-0.038
1.0,0.992	1.0,1.0	-0.004
1.0,0.999	1.0,1.0	-0.0
1.0,1.0	1.0,0.998	0.001
1.0,1.0	0.995,1.0	0.002
1.0,0.998	1.0,1.0	-0.001
0.997,0.998	0.992,0.991	0.006
0.103,0.183	0.07,0.076	0.07
1.0,0.999	1.0,1.0	-0.0
1.0,0.984	1.0,1.0	-0.008
1.0,1.0	1.0,0.996	0.002
1.0,0.978	1.0,0.961	0.009
1.0,1.0	0.991,0.998	0.006
1.0,1.0	1.0,1.0	0.0
0.395,0.431	0.558,0.625	-0.178
1.0,1.0	1.0,0.998	0.001
1.0,0.989	1.0,0.994	-0.003
1.0,0.995	1.0,1.0	-0.002
0.998,0.997	0.995,0.996	0.002
1.0,0.999	1.0,1.0	-0.0
0.841,0.955	1.0,0.91	-0.057
0.991,0.97	1.0,0.993	-0.016
0.998,1.0	1.0,1.0	-0.001
0.876,0.878	0.947,0.915	-0.054
0.997,1.0	0.99,1.0	0.003
0.961,0.981	0.982,0.965	-0.003
0.044,0.039	0.021,0.014	0.024
0.991,0.942	0.952,1.0	-0.01
1.0,0.977	1.0,1.0	-0.012
1.0,1.0	0.948,1.0	0.026
0.024,0.006	0.0,0.028	0.001
1.0,1.0	0.898,1.0	0.051
0.749,1.0	1.0,1.0	-0.125
0.975,0.975	1.0,1.0	-0.025
1.0,1.0	1.0,0.976	0.012
0.998,1.0	1.0,1.0	-0.001
0.935,0.941	0.983,0.933	-0.02
0.896,0.969	0.916,1.0	-0.025
0.765,0.778	0.802,0.853	-0.056
0.997,0.997	1.0,1.0	-0.003
1.0,1.0	1.0,0.963	0.018
0.976,1.0	1.0,1.0	-0.012
1.0,1.0	0.985,1.0	0.008
0.987,1.0	1.0,0.958	0.015
0.917,1.0	1.0,0.722	0.098
0.966,1.0	1.0,0.914	0.026
0.981,0.973	0.954,0.961	0.019
0.995,1.0	1.0,1.0	-0.002
1.0,0.999	1.0,1.0	-0.0
1.0,0.969	1.0,1.0	-0.016
1.0,0.995	1.0,1.0	-0.002
0.733,1.0	0.913,1.0	-0.09
0.975,1.0	1.0,0.969	0.003
0.998,1.0	0.993,1.0	0.003
1.0,0.562	1.0,1.0	-0.219
0.988,0.977	0.981,1.0	-0.008
0.037,0.017	0.045,0.02	-0.006
0.992,1.0	1.0,1.0	-0.004
1.0,1.0	0.996,1.0	0.002
1.0,1.0	1.0,0.978	0.011
0.98,1.0	1.0,0.987	-0.004
0.999,1.0	1.0,0.999	0.0
1.0,1.0	0.96,1.0	0.02
1.0,1.0	1.0,1.0	0.0
0.935,1.0	1.0,1.0	-0.032
1.0,0.999	1.0,1.0	-0.0
1.0,0.998	1.0,0.998	0.0
0.994,0.983	0.989,0.988	0.0
0.988,0.998	0.992,0.985	0.005
0.0,0.0	0.18,0.099	-0.14
0.133,0.131	0.153,0.121	-0.005
0.988,1.0	1.0,1.0	-0.006
0.972,0.982	0.965,0.932	0.028
1.0,1.0	0.987,0.996	0.008
1.0,1.0	0.21,1.0	0.395
1.0,1.0	0.999,1.0	0.0
1.0,1.0	0.923,1.0	0.038
0.987,0.992	0.995,0.994	-0.005
1.0,0.996	1.0,0.98	0.008
0.981,1.0	1.0,1.0	-0.01
0.989,1.0	1.0,0.989	0.0
1.0,1.0	0.995,1.0	0.002
1.0,0.994	1.0,1.0	-0.003
1.0,0.998	1.0,1.0	-0.001
1.0,1.0	0.983,1.0	0.008
0.985,0.994	1.0,0.99	-0.005
0.992,1.0	0.987,0.991	0.007
0.951,1.0	0.918,0.918	0.057
1.0,0.984	1.0,0.993	-0.004
0.867,0.84	0.841,0.954	-0.044
1.0,0.999	1.0,1.0	-0.0
0.943,1.0	1.0,1.0	-0.028
0.994,1.0	1.0,1.0	-0.003
0.984,0.981	0.987,1.0	-0.011
1.0,0.985	1.0,1.0	-0.008
0.975,1.0	1.0,1.0	-0.012
1.0,0.996	1.0,1.0	-0.002
0.455,0.538	0.8,0.667	-0.237
0.564,0.115	0.437,0.608	-0.183
0.431,0.201	0.431,0.431	-0.115
0.82,0.881	0.482,0.58	0.32
0.922,1.0	1.0,1.0	-0.039
0.03,0.026	0.041,0.028	-0.007
0.0,0.042	0.0,0.062	-0.01
1.0,1.0	0.965,1.0	0.018
0.129,0.082	0.096,0.104	0.006
1.0,1.0	1.0,1.0	0.0
1.0,0.992	1.0,1.0	-0.004
0.995,1.0	1.0,1.0	-0.002
1.0,1.0	0.989,1.0	0.006
1.0,1.0	1.0,0.956	0.022
0.102,0.029	0.127,0.081	-0.039
0.977,1.0	0.951,1.0	0.013
0.47,0.429	0.356,0.623	-0.04
0.34,0.299	0.613,0.552	-0.263
0.532,0.446	0.426,0.674	-0.061
0.333,0.289	0.613,0.532	-0.262
0.379,0.349	0.613,0.559	-0.222
0.544,0.441	0.486,0.735	-0.118
1.0,1.0	0.998,1.0	0.001
1.0,0.992	1.0,1.0	-0.004
1.0,0.996	1.0,1.0	-0.002
1.0,1.0	1.0,1.0	0.0
1.0,1.0	1.0,1.0	0.0
1.0,1.0	1.0,0.999	0.0
0.925,0.918	0.987,0.963	-0.053
0.845,0.851	0.976,0.928	-0.104
0.281,0.0	0.0,0.527	-0.123
0.0,0.592	0.127,0.195	0.135
0.978,1.0	0.973,0.993	0.006
0.999,0.999	1.0,1.0	-0.001
0.046,0.037	0.029,0.048	0.003
1.0,0.914	1.0,1.0	-0.043
1.0,0.937	1.0,1.0	-0.031
1.0,0.987	1.0,1.0	-0.006
0.503,0.323	0.452,0.292	0.041
0.992,1.0	1.0,1.0	-0.004
0.0,0.005	0.006,0.017	-0.009
0.995,1.0	1.0,1.0	-0.002
0.054,0.048	0.165,0.154	-0.108
0.983,1.0	0.987,0.983	0.007
0.993,1.0	0.994,0.993	0.003
0.105,0.089	0.151,0.103	-0.03
0.991,1.0	1.0,0.995	-0.002
1.0,1.0	0.98,1.0	0.01
0.996,0.996	1.0,1.0	-0.004
0.437,NA	NA,1.0	-0.563
0.995,0.994	0.995,0.99	0.002
1.0,1.0	0.993,1.0	0.004
1.0,0.815	1.0,0.636	0.089
0.985,1.0	1.0,1.0	-0.008
0.994,1.0	1.0,1.0	-0.003
0.995,0.998	0.997,0.984	0.006
1.0,0.999	1.0,1.0	-0.0
1.0,1.0	1.0,0.882	0.059
0.935,0.908	0.902,0.96	-0.01
1.0,0.998	1.0,1.0	-0.001
0.989,0.998	0.989,0.985	0.007
1.0,0.995	1.0,1.0	-0.002
1.0,0.998	1.0,1.0	-0.001
0.589,0.597	0.848,0.793	-0.228
0.557,0.529	0.886,0.719	-0.259
0.558,0.548	0.825,0.67	-0.195
0.522,0.591	0.676,0.6	-0.082
0.985,1.0	1.0,0.972	0.006
0.995,1.0	1.0,0.99	0.003
0.077,0.0	0.0,0.048	0.014
1.0,0.985	1.0,1.0	-0.008
1.0,1.0	1.0,0.995	0.002
0.861,0.85	0.824,0.773	0.057
0.88,0.902	0.868,0.812	0.051
0.864,0.871	0.831,0.802	0.051
0.863,0.877	0.827,0.809	0.052
0.9,0.798	0.657,0.643	0.199
1.0,1.0	1.0,0.999	0.0
1.0,0.997	1.0,0.998	-0.001
0.991,0.994	0.992,0.985	0.004
1.0,0.99	1.0,1.0	-0.005
0.981,1.0	1.0,1.0	-0.01
0.983,0.979	0.988,0.973	0.001
0.987,0.99	1.0,1.0	-0.012
0.929,0.957	0.98,0.966	-0.03
0.984,0.949	0.961,0.907	0.032
1.0,0.952	1.0,1.0	-0.024
1.0,0.972	1.0,1.0	-0.014
1.0,1.0	1.0,0.991	0.004
0.981,1.0	1.0,1.0	-0.01
1.0,0.986	1.0,1.0	-0.007
1.0,0.997	0.998,1.0	-0.001
0.919,0.987	0.967,1.0	-0.03
0.119,0.135	0.134,0.126	-0.003
0.07,0.064	0.101,0.095	-0.031
1.0,1.0	0.977,1.0	0.012
0.995,1.0	0.994,1.0	0.001
1.0,0.85	1.0,0.295	0.278
1.0,1.0	0.859,1.0	0.071
1.0,1.0	0.996,1.0	0.002
1.0,1.0	1.0,1.0	0.0
0.55,0.693	0.689,0.606	-0.026
0.5,0.521	0.588,0.503	-0.035
1.0,1.0	0.977,1.0	0.012
1.0,1.0	0.948,1.0	0.026
1.0,0.994	1.0,1.0	-0.003
1.0,1.0	0.995,1.0	0.002
0.962,0.951	1.0,0.909	0.002
1.0,0.934	1.0,1.0	-0.033
0.951,1.0	1.0,1.0	-0.024
0.794,0.929	0.89,0.773	0.03
1.0,0.992	1.0,1.0	-0.004
0.978,0.98	1.0,1.0	-0.021
0.992,1.0	1.0,1.0	-0.004
0.992,1.0	1.0,1.0	-0.004
0.995,1.0	1.0,0.995	0.0
0.998,1.0	1.0,1.0	-0.001
1.0,1.0	1.0,0.986	0.007
0.0,0.006	0.0,0.0	0.003
1.0,1.0	1.0,0.992	0.004
1.0,0.998	0.999,0.999	0.0
0.994,0.995	1.0,1.0	-0.006
1.0,1.0	0.988,1.0	0.006
1.0,0.984	1.0,0.978	0.003
0.015,0.011	0.0,0.0	0.013
0.0,0.252	NA,0.0	0.126
0.017,0.0	0.0,0.0	0.009
1.0,1.0	1.0,1.0	0.0
1.0,0.963	1.0,1.0	-0.018
0.983,0.955	0.964,0.994	-0.01
1.0,1.0	0.985,0.974	0.02
1.0,0.954	1.0,1.0	-0.023
1.0,1.0	1.0,0.984	0.008
1.0,1.0	0.976,0.983	0.02
1.0,0.988	1.0,1.0	-0.006
1.0,1.0	1.0,0.995	0.002
0.989,1.0	1.0,0.995	-0.003
1.0,0.996	1.0,0.987	0.004
1.0,0.997	0.998,1.0	-0.001
1.0,1.0	1.0,0.964	0.018
0.094,0.146	0.042,0.034	0.082
0.96,0.977	1.0,1.0	-0.032
0.982,0.964	0.968,0.956	0.011
0.968,0.841	0.734,0.87	0.102
1.0,0.998	1.0,0.996	0.001
1.0,0.988	1.0,0.971	0.008
0.982,1.0	1.0,1.0	-0.009
0.845,1.0	0.832,0.956	0.029
1.0,1.0	0.333,0.75	0.459
1.0,0.979	0.964,1.0	0.008
1.0,1.0	1.0,0.994	0.003
0.927,1.0	0.962,1.0	-0.017
0.667,0.538	0.29,0.273	0.321
1.0,0.99	1.0,1.0	-0.005
0.97,1.0	1.0,1.0	-0.015
0.029,0.018	0.011,0.028	0.004
0.948,1.0	0.978,1.0	-0.015
0.984,0.943	0.923,0.892	0.056
1.0,0.999	1.0,1.0	-0.0
0.037,0.031	0.047,0.065	-0.022
1.0,1.0	0.999,1.0	0.0
0.99,1.0	0.993,1.0	-0.001
1.0,1.0	0.933,1.0	0.033
0.997,0.998	1.0,1.0	-0.002
1.0,0.995	1.0,1.0	-0.002
1.0,1.0	0.993,1.0	0.004
1.0,1.0	1.0,0.993	0.004
1.0,0.995	0.993,1.0	0.001
0.997,1.0	1.0,1.0	-0.002
0.977,0.98	0.982,0.978	-0.002
0.997,1.0	1.0,1.0	-0.002
0.227,0.228	0.195,0.138	0.061
1.0,0.98	0.981,0.962	0.018
1.0,0.989	0.99,0.979	0.01
1.0,0.979	0.98,0.962	0.019
0.908,0.887	0.872,0.84	0.041
0.0,0.0	0.0,0.011	-0.005
0.086,0.534	0.412,0.457	-0.124
0.932,0.929	1.0,1.0	-0.069
1.0,0.967	1.0,1.0	-0.016
1.0,0.909	1.0,1.0	-0.045
0.94,1.0	0.803,1.0	0.069
0.985,1.0	1.0,1.0	-0.008
1.0,0.995	1.0,1.0	-0.002
0.988,1.0	0.997,0.99	0.0
0.999,1.0	0.998,0.997	0.002
0.992,1.0	1.0,1.0	-0.004
0.932,0.954	0.955,0.971	-0.02
1.0,1.0	1.0,0.981	0.01
1.0,1.0	0.988,1.0	0.006
0.355,0.191	0.335,0.214	-0.002
1.0,0.999	1.0,1.0	-0.0
0.884,0.762	0.556,0.275	0.407
1.0,1.0	0.966,1.0	0.017
0.995,0.999	0.996,1.0	-0.001
0.989,1.0	0.989,1.0	0.0
1.0,0.992	1.0,1.0	-0.004
0.883,0.537	0.735,1.0	-0.157
1.0,1.0	1.0,0.988	0.006
0.999,1.0	0.998,1.0	0.001
1.0,1.0	0.999,1.0	0.0
0.959,0.969	0.978,0.973	-0.012
0.995,0.976	0.99,0.997	-0.008
1.0,1.0	1.0,0.998	0.001
1.0,1.0	1.0,1.0	0.0
1.0,1.0	1.0,1.0	0.0
1.0,0.993	1.0,1.0	-0.004
1.0,0.979	1.0,1.0	-0.01
0.995,1.0	1.0,1.0	-0.002
1.0,0.993	1.0,1.0	-0.004
0.941,0.907	1.0,1.0	-0.076
0.939,0.927	1.0,1.0	-0.067
0.967,0.842	0.93,0.975	-0.048
0.98,0.904	0.961,0.985	-0.031
0.506,0.654	0.277,0.487	0.198
1.0,0.944	1.0,1.0	-0.028
0.996,0.997	0.995,0.996	0.001
0.986,0.973	1.0,1.0	-0.02
0.992,0.985	1.0,1.0	-0.012
0.297,0.154	0.352,0.26	-0.081
0.038,0.009	0.007,0.029	0.005
0.999,1.0	1.0,1.0	-0.0
1.0,0.977	0.974,0.94	0.031
0.996,1.0	1.0,1.0	-0.002
0.518,0.485	0.507,0.368	0.064
0.347,0.268	0.225,0.246	0.072
1.0,0.996	1.0,1.0	-0.002
0.992,1.0	0.996,1.0	-0.002
0.987,0.973	0.98,1.0	-0.01
1.0,1.0	1.0,0.994	0.003
NA,1.0	1.0,0.639	0.18
0.945,0.921	0.989,0.864	0.007
1.0,0.999	1.0,1.0	-0.0
0.973,0.899	0.889,0.944	0.019
1.0,0.928	1.0,1.0	-0.036
0.999,0.999	1.0,0.985	0.007
1.0,0.998	1.0,1.0	-0.001
1.0,0.997	1.0,1.0	-0.002
1.0,1.0	0.971,1.0	0.014
0.987,0.971	0.981,0.923	0.027
1.0,1.0	0.996,1.0	0.002
0.007,0.0	0.0,0.0	0.004
0.389,0.365	0.237,0.301	0.108
0.991,1.0	1.0,1.0	-0.004
0.999,0.997	1.0,1.0	-0.002
1.0,0.938	1.0,1.0	-0.031
0.004,0.01	0.008,0.009	-0.002
0.565,0.634	0.603,0.302	0.147
0.918,0.952	0.693,0.793	0.192
0.82,1.0	1.0,1.0	-0.09
0.984,1.0	1.0,1.0	-0.008
1.0,0.972	0.978,0.989	0.002
0.979,1.0	0.978,1.0	0.001
0.896,0.943	1.0,0.89	-0.026
0.976,0.941	1.0,1.0	-0.042
1.0,0.989	1.0,0.992	-0.002
0.99,0.994	0.996,0.997	-0.004
0.975,0.987	0.989,0.993	-0.01
0.999,0.998	1.0,0.998	-0.001
1.0,1.0	1.0,0.998	0.001
1.0,1.0	1.0,0.99	0.005
1.0,1.0	1.0,0.989	0.006
1.0,0.882	0.895,1.0	-0.006
1.0,1.0	0.992,1.0	0.004
1.0,0.803	1.0,1.0	-0.099
0.996,0.995	0.993,0.998	0.0
1.0,0.967	1.0,1.0	-0.016
1.0,1.0	0.946,0.952	0.051
1.0,1.0	0.99,1.0	0.005
1.0,1.0	0.992,1.0	0.004
1.0,1.0	1.0,0.993	0.004
0.06,0.054	0.416,0.359	-0.33
0.144,0.072	0.311,0.147	-0.121
0.951,1.0	1.0,1.0	-0.024
0.998,1.0	0.998,0.994	0.003
1.0,1.0	1.0,1.0	0.0
0.988,1.0	0.984,1.0	0.002
0.948,1.0	0.933,1.0	0.007
1.0,0.991	1.0,1.0	-0.004
1.0,1.0	1.0,0.999	0.0
1.0,1.0	0.793,0.637	0.285
NA,1.0	0.333,0.231	0.718
NA,1.0	0.333,0.231	0.718
NA,1.0	0.333,0.231	0.718
0.999,0.999	0.999,1.0	-0.001
0.312,0.269	0.245,0.414	-0.039
0.237,0.242	0.168,0.243	0.034
1.0,1.0	1.0,0.963	0.018
0.998,0.997	1.0,1.0	-0.002
0.997,1.0	1.0,1.0	-0.002
0.0,1.0	1.0,1.0	-0.5
1.0,0.984	1.0,1.0	-0.008
0.998,1.0	1.0,1.0	-0.001
1.0,0.998	1.0,0.998	0.0
1.0,0.995	1.0,0.994	0.001
1.0,1.0	1.0,0.977	0.012
1.0,0.994	1.0,1.0	-0.003
1.0,0.989	1.0,1.0	-0.006
1.0,1.0	1.0,0.973	0.014
0.978,0.981	1.0,1.0	-0.02
0.956,0.974	1.0,0.946	-0.008
1.0,0.987	1.0,1.0	-0.006
1.0,1.0	1.0,1.0	0.0
0.999,1.0	1.0,1.0	-0.0
0.959,0.961	0.987,0.968	-0.018
1.0,1.0	1.0,0.993	0.004
1.0,0.997	1.0,1.0	-0.002
1.0,1.0	1.0,0.993	0.004
1.0,1.0	1.0,0.966	0.017
1.0,0.989	1.0,1.0	-0.006
1.0,1.0	1.0,0.995	0.002
1.0,1.0	1.0,0.995	0.002
0.987,1.0	1.0,1.0	-0.006
1.0,0.987	1.0,0.991	-0.002
1.0,0.992	0.98,1.0	0.006
1.0,1.0	1.0,0.999	0.0
0.683,0.817	1.0,0.681	-0.091
1.0,1.0	1.0,0.999	0.0
0.022,0.012	0.0,0.011	0.012
0.963,1.0	1.0,0.994	-0.015
0.996,0.997	1.0,0.993	0.0
1.0,0.997	1.0,1.0	-0.002
0.999,0.992	1.0,0.996	-0.002
0.526,0.434	0.588,0.73	-0.179
0.737,0.638	0.787,0.845	-0.129
0.606,0.567	0.742,0.79	-0.179
0.991,1.0	1.0,1.0	-0.004
0.779,1.0	1.0,1.0	-0.111
0.739,1.0	1.0,1.0	-0.131
0.986,0.988	1.0,0.978	-0.002
1.0,1.0	0.999,1.0	0.0
1.0,1.0	0.995,1.0	0.002
0.973,0.987	1.0,1.0	-0.02
1.0,0.99	1.0,1.0	-0.005
1.0,1.0	1.0,0.993	0.004
1.0,1.0	0.95,1.0	0.025
1.0,1.0	1.0,0.999	0.0
1.0,1.0	1.0,0.999	0.0
1.0,0.669	0.503,1.0	0.083
1.0,0.998	1.0,0.998	0.0
1.0,1.0	0.997,0.998	0.002
0.996,1.0	1.0,1.0	-0.002
1.0,1.0	0.996,1.0	0.002
0.996,1.0	1.0,1.0	-0.002
0.994,0.986	0.985,0.99	0.002
1.0,1.0	1.0,0.984	0.008
0.936,0.915	0.978,0.904	-0.016
1.0,0.996	1.0,1.0	-0.002
0.923,0.773	1.0,1.0	-0.152
1.0,1.0	1.0,1.0	0.0
1.0,0.995	1.0,1.0	-0.002
0.881,0.908	1.0,0.981	-0.096
1.0,0.961	1.0,0.957	0.002
1.0,0.918	1.0,0.932	-0.007
1.0,1.0	0.996,1.0	0.002
0.999,1.0	1.0,1.0	-0.0
0.974,0.991	1.0,1.0	-0.018
0.989,1.0	0.985,0.992	0.006
1.0,0.957	1.0,0.936	0.01
0.937,1.0	0.77,0.848	0.16
0.989,0.99	0.998,0.998	-0.008
0.986,0.988	0.997,0.998	-0.011
0.999,1.0	1.0,1.0	-0.0
1.0,1.0	1.0,0.996	0.002
1.0,0.936	1.0,1.0	-0.032
1.0,0.99	1.0,1.0	-0.005
1.0,0.999	1.0,1.0	-0.0
1.0,0.999	1.0,1.0	-0.0
1.0,1.0	1.0,0.993	0.004
1.0,0.988	1.0,1.0	-0.006
0.984,1.0	1.0,1.0	-0.008
1.0,1.0	1.0,0.931	0.034
0.344,0.44	0.374,0.407	0.002
0.994,1.0	0.986,1.0	0.004
1.0,1.0	0.977,1.0	0.012
1.0,0.994	1.0,1.0	-0.003
0.998,1.0	1.0,1.0	-0.001
1.0,1.0	1.0,0.966	0.017
0.999,1.0	1.0,1.0	-0.0
1.0,1.0	0.943,1.0	0.028
0.983,0.978	0.976,0.981	0.002
1.0,0.999	1.0,0.999	0.0
0.994,0.956	1.0,0.967	-0.009
0.99,0.969	1.0,0.924	0.018
0.995,0.968	1.0,0.978	-0.007
0.993,0.98	1.0,0.953	0.01
0.957,0.975	0.953,1.0	-0.01
0.99,1.0	1.0,1.0	-0.005
1.0,1.0	0.995,1.0	0.002
1.0,1.0	1.0,0.978	0.011
1.0,1.0	0.995,1.0	0.002
1.0,0.911	1.0,0.962	-0.025
0.023,0.018	0.02,0.015	0.003
1.0,1.0	1.0,0.951	0.024
1.0,1.0	1.0,0.973	0.014
1.0,0.994	1.0,1.0	-0.003
1.0,1.0	0.803,0.742	0.228
1.0,1.0	0.783,0.665	0.276
1.0,1.0	1.0,0.991	0.004
0.99,1.0	1.0,1.0	-0.005
0.997,1.0	1.0,0.997	0.0
1.0,0.99	1.0,1.0	-0.005
0.986,1.0	1.0,1.0	-0.007
1.0,1.0	1.0,1.0	0.0
0.001,0.003	0.002,0.0	0.001
0.992,1.0	1.0,1.0	-0.004
0.985,1.0	1.0,1.0	-0.008
0.962,0.97	0.964,0.973	-0.002
0.926,0.947	0.971,0.963	-0.03
0.956,0.951	0.984,1.0	-0.038
1.0,1.0	1.0,1.0	0.0
0.867,0.707	0.879,0.812	-0.059
0.257,0.389	0.261,0.31	0.038
0.428,0.158	0.272,0.272	0.021
1.0,0.997	1.0,1.0	-0.002
0.997,1.0	1.0,1.0	-0.002
1.0,1.0	1.0,1.0	0.0
1.0,0.966	1.0,1.0	-0.017
0.996,0.996	0.995,0.996	0.0
0.958,0.954	0.971,0.921	0.01
0.969,0.976	1.0,1.0	-0.028
0.989,0.99	1.0,1.0	-0.01
0.992,1.0	1.0,1.0	-0.004
0.091,0.0	0.0,0.0	0.045
1.0,0.97	1.0,0.953	0.009
0.99,0.954	0.995,0.984	-0.018
1.0,1.0	0.911,1.0	0.044
1.0,0.993	1.0,0.99	0.001
0.998,1.0	1.0,1.0	-0.001
0.997,1.0	1.0,1.0	-0.002
0.994,1.0	0.993,0.992	0.005
0.996,0.986	1.0,0.999	-0.009
0.997,0.988	1.0,0.999	-0.007
0.31,0.136	0.485,0.437	-0.238
0.995,0.991	0.994,0.967	0.013
0.99,0.974	0.969,1.0	-0.002
1.0,1.0	1.0,0.99	0.005
1.0,1.0	0.994,1.0	0.003
1.0,1.0	0.99,1.0	0.005
1.0,1.0	1.0,0.998	0.001
1.0,1.0	1.0,0.984	0.008
0.964,0.979	0.932,0.966	0.022
0.078,0.057	0.115,0.087	-0.034
0.046,0.021	0.039,0.041	-0.006
1.0,0.996	1.0,0.988	0.004
0.791,0.863	0.697,0.798	0.079
1.0,0.998	1.0,1.0	-0.001
0.975,0.973	0.973,0.977	-0.001
0.959,0.956	0.959,0.957	-0.0
1.0,1.0	1.0,0.988	0.006
1.0,0.739	1.0,0.545	0.097
0.993,0.987	1.0,0.988	-0.004
0.925,0.968	0.949,0.949	-0.002
1.0,1.0	1.0,0.998	0.001
0.076,0.087	0.043,0.011	0.054
1.0,1.0	0.981,1.0	0.01
1.0,1.0	0.994,1.0	0.003
1.0,0.993	1.0,1.0	-0.004
0.999,1.0	1.0,1.0	-0.0
0.999,1.0	1.0,1.0	-0.0
0.981,0.963	1.0,1.0	-0.028
1.0,1.0	1.0,0.998	0.001
0.991,0.989	0.976,1.0	0.002
0.968,0.955	0.948,0.953	0.011
1.0,0.994	1.0,0.997	-0.001
1.0,1.0	1.0,0.999	0.0
1.0,1.0	0.998,1.0	0.001
0.936,1.0	1.0,1.0	-0.032
1.0,0.988	1.0,1.0	-0.006
0.998,0.996	1.0,0.989	0.003
1.0,0.993	1.0,1.0	-0.004
1.0,0.957	0.952,1.0	0.002
0.067,0.043	0.008,0.088	0.007
1.0,0.996	1.0,1.0	-0.002
1.0,0.979	0.937,0.979	0.032
0.967,1.0	0.956,0.988	0.012
0.997,0.994	0.996,0.998	-0.001
1.0,0.994	1.0,1.0	-0.003
1.0,1.0	1.0,0.996	0.002
1.0,1.0	1.0,0.99	0.005
1.0,1.0	1.0,0.99	0.005
1.0,0.964	0.97,0.947	0.024
0.059,0.03	0.026,0.092	-0.014
0.041,0.055	0.088,0.038	-0.015
0.887,1.0	0.956,1.0	-0.034
1.0,0.99	1.0,1.0	-0.005
1.0,0.982	1.0,1.0	-0.009
1.0,0.985	1.0,1.0	-0.008
1.0,0.972	1.0,1.0	-0.014
0.268,0.341	0.305,0.398	-0.047
1.0,1.0	1.0,0.933	0.033
1.0,0.999	1.0,1.0	-0.0
0.999,0.999	1.0,0.997	0.001
1.0,1.0	1.0,0.966	0.017
1.0,1.0	1.0,0.909	0.045
1.0,0.987	0.965,1.0	0.011
1.0,0.996	1.0,1.0	-0.002
0.135,0.079	0.057,0.154	0.002
1.0,0.989	1.0,1.0	-0.006
1.0,0.994	1.0,1.0	-0.003
1.0,1.0	1.0,0.996	0.002
0.991,1.0	0.992,1.0	-0.0
0.969,1.0	1.0,1.0	-0.016
0.91,0.898	0.703,0.714	0.196
0.661,0.72	0.308,0.35	0.362
0.99,0.987	0.929,0.913	0.067
1.0,1.0	1.0,0.993	0.004
1.0,1.0	0.976,0.996	0.014
1.0,0.996	1.0,1.0	-0.002
0.99,1.0	1.0,1.0	-0.005
0.967,0.99	0.979,0.991	-0.007
0.883,0.808	0.843,0.871	-0.011
0.879,0.968	0.959,0.975	-0.043
0.939,1.0	1.0,1.0	-0.03
0.999,1.0	1.0,1.0	-0.0
1.0,1.0	1.0,0.998	0.001
0.079,0.097	0.07,0.078	0.014
0.077,0.102	0.063,0.066	0.025
0.284,0.129	0.514,0.312	-0.207
0.977,0.976	0.986,0.992	-0.013
0.98,1.0	1.0,1.0	-0.01
0.989,0.988	0.984,0.985	0.004
1.0,0.943	1.0,1.0	-0.028
0.15,0.191	0.298,1.0	-0.479
0.99,0.974	1.0,1.0	-0.018
0.134,0.109	0.163,0.163	-0.042
0.975,0.979	0.962,0.945	0.023
0.941,1.0	0.964,0.949	0.014
0.915,0.927	1.0,1.0	-0.079
0.064,0.042	0.0,0.221	-0.057
0.998,1.0	1.0,1.0	-0.001
0.996,0.998	1.0,1.0	-0.003
0.029,0.039	0.018,0.0	0.025
1.0,0.966	1.0,1.0	-0.017
1.0,0.973	1.0,1.0	-0.014
1.0,0.983	1.0,1.0	-0.008
1.0,0.945	1.0,1.0	-0.028
1.0,1.0	1.0,0.905	0.047
0.751,1.0	1.0,1.0	-0.125
1.0,1.0	0.996,0.999	0.002
0.973,0.966	0.927,0.949	0.032
1.0,0.994	1.0,1.0	-0.003
0.988,0.995	0.982,0.955	0.023
0.981,0.991	0.971,0.932	0.034
1.0,0.997	1.0,1.0	-0.002
0.147,0.111	0.136,0.021	0.051
0.993,1.0	1.0,1.0	-0.004
0.997,1.0	1.0,1.0	-0.002
0.75,1.0	1.0,1.0	-0.125
1.0,0.997	1.0,1.0	-0.002
1.0,1.0	1.0,0.997	0.002
0.872,0.83	0.85,0.838	0.007
0.193,0.0	0.0,0.0	0.097
0.072,0.085	0.043,0.065	0.025
1.0,0.996	1.0,1.0	-0.002
0.994,1.0	1.0,1.0	-0.003
0.999,1.0	1.0,1.0	-0.0
1.0,1.0	1.0,0.981	0.01
0.001,0.0	0.0,0.0	0.001
1.0,1.0	0.0,1.0	0.5
0.873,0.937	0.989,0.951	-0.065
1.0,1.0	0.984,1.0	0.008
1.0,1.0	1.0,0.97	0.015
1.0,0.998	1.0,1.0	-0.001
0.433,1.0	1.0,1.0	-0.283
0.01,0.062	0.0,0.019	0.026
1.0,0.999	1.0,1.0	-0.0
1.0,1.0	1.0,0.978	0.011
0.994,0.991	0.994,0.991	0.0
0.989,1.0	1.0,1.0	-0.006
1.0,0.997	1.0,1.0	-0.002
0.987,0.989	0.948,0.987	0.02
1.0,1.0	1.0,0.986	0.007
1.0,0.997	1.0,1.0	-0.002
0.882,0.951	0.742,0.89	0.1
0.849,0.917	1.0,0.954	-0.094
0.968,1.0	0.979,1.0	-0.006
1.0,1.0	1.0,1.0	0.0
0.395,0.38	0.246,0.343	0.093
0.4,0.508	0.444,0.438	0.013
0.937,1.0	1.0,0.931	0.003
1.0,0.988	1.0,1.0	-0.006
1.0,1.0	1.0,0.991	0.004
1.0,0.889	1.0,1.0	-0.055
1.0,0.905	1.0,1.0	-0.047
0.893,0.913	0.95,0.927	-0.035
1.0,0.98	0.984,1.0	-0.002
1.0,0.984	0.987,1.0	-0.002
0.214,0.162	0.345,0.324	-0.147
1.0,1.0	1.0,0.998	0.001
0.978,1.0	1.0,1.0	-0.011
0.248,0.24	0.2,0.218	0.035
0.181,0.171	0.111,0.133	0.054
0.0,0.005	0.0,0.0	0.003
1.0,0.992	1.0,0.997	-0.002
1.0,0.994	1.0,0.998	-0.002
1.0,0.992	1.0,0.997	-0.002
1.0,0.992	1.0,0.997	-0.002
1.0,0.993	1.0,0.997	-0.002
0.998,1.0	1.0,1.0	-0.001
1.0,0.992	1.0,0.974	0.009
0.835,0.837	0.853,0.864	-0.023
1.0,0.996	1.0,1.0	-0.002
0.242,0.561	1.0,0.0	-0.098
1.0,0.992	0.945,1.0	0.024
1.0,0.998	1.0,1.0	-0.001
1.0,0.867	0.111,0.286	0.735
1.0,0.988	0.942,0.94	0.053
1.0,0.993	0.968,0.967	0.029
0.703,0.845	0.896,0.88	-0.114
1.0,0.999	1.0,1.0	-0.0
0.851,0.88	0.766,0.932	0.016
0.963,1.0	1.0,1.0	-0.018
1.0,1.0	0.988,0.996	0.008
1.0,0.962	1.0,1.0	-0.019
0.923,0.968	1.0,0.966	-0.037
0.915,1.0	1.0,1.0	-0.042
0.954,1.0	1.0,1.0	-0.023
1.0,0.995	1.0,1.0	-0.002
1.0,0.996	1.0,1.0	-0.002
0.995,0.996	0.985,0.985	0.011
0.892,0.914	0.872,0.869	0.032
1.0,0.254	1.0,1.0	-0.373
1.0,0.96	1.0,1.0	-0.02
1.0,0.969	1.0,1.0	-0.016
0.994,0.985	0.944,1.0	0.018
1.0,0.997	1.0,0.996	0.0
0.905,0.825	0.9,0.931	-0.05
1.0,1.0	1.0,0.989	0.006
0.971,1.0	1.0,1.0	-0.014
1.0,0.998	1.0,1.0	-0.001
0.986,0.998	1.0,0.998	-0.007
1.0,1.0	0.998,0.997	0.002
0.997,0.999	1.0,0.999	-0.002
0.996,0.997	0.997,0.999	-0.002
0.375,0.396	0.714,0.61	-0.276
0.559,0.534	0.838,0.716	-0.23
0.402,0.427	0.706,0.618	-0.247
0.762,0.909	0.827,0.78	0.032
1.0,0.944	1.0,0.946	-0.001
0.005,0.0	0.0,0.0	0.003
0.991,0.992	0.946,0.995	0.021
1.0,1.0	1.0,0.992	0.004
0.991,1.0	0.971,1.0	0.01
0.972,1.0	1.0,0.993	-0.01
1.0,1.0	0.997,1.0	0.002
1.0,0.991	1.0,1.0	-0.004
0.992,0.992	1.0,1.0	-0.008
1.0,0.992	1.0,1.0	-0.004
1.0,1.0	1.0,0.975	0.012
0.0,0.028	0.017,0.02	-0.005
1.0,0.84	1.0,0.875	-0.018
0.995,1.0	1.0,0.996	-0.0
0.991,1.0	1.0,0.991	0.0
0.977,1.0	1.0,1.0	-0.012
0.997,1.0	1.0,1.0	-0.002
1.0,1.0	0.95,0.98	0.035
1.0,0.989	1.0,0.993	-0.002
0.0,0.002	0.002,0.003	-0.002
1.0,0.998	1.0,1.0	-0.001
0.971,1.0	1.0,1.0	-0.014
0.982,1.0	1.0,0.977	0.003
0.957,0.946	0.894,0.964	0.022
0.933,0.931	0.981,0.957	-0.037
1.0,1.0	1.0,0.997	0.002
0.636,0.579	1.0,0.739	-0.262
0.285,0.285	1.0,0.347	-0.389
0.758,0.75	1.0,0.824	-0.158
0.01,0.027	0.072,0.092	-0.063
0.965,0.975	1.0,1.0	-0.03
0.965,0.974	1.0,1.0	-0.03
1.0,1.0	1.0,0.98	0.01
1.0,0.989	1.0,0.992	-0.002
0.996,1.0	1.0,1.0	-0.002
1.0,0.99	0.982,1.0	0.004
1.0,1.0	1.0,0.986	0.007
0.647,0.771	0.737,0.762	-0.04
0.949,0.907	0.954,0.927	-0.013
0.117,0.093	0.066,0.037	0.054
0.345,0.285	0.381,0.35	-0.051
0.774,0.717	0.8,0.723	-0.016
0.37,0.348	0.465,0.424	-0.086
0.834,0.816	0.906,0.925	-0.091
1.0,0.956	1.0,1.0	-0.022
0.995,1.0	1.0,0.998	-0.001
1.0,0.99	1.0,1.0	-0.005
0.999,1.0	1.0,1.0	-0.0
0.189,0.224	0.313,0.197	-0.048
0.068,0.052	0.128,0.03	-0.019
0.985,1.0	1.0,1.0	-0.008
0.987,1.0	1.0,1.0	-0.006
0.991,1.0	1.0,1.0	-0.004
1.0,1.0	1.0,0.996	0.002
0.291,0.355	0.156,0.172	0.159
0.767,0.833	0.855,0.838	-0.046
1.0,1.0	1.0,0.99	0.005
0.0,0.0	0.269,0.054	-0.162
0.893,1.0	1.0,0.819	0.037
0.996,1.0	1.0,1.0	-0.002
0.992,0.997	1.0,0.986	0.001
0.963,0.987	1.0,0.936	0.007
0.378,0.445	0.453,0.422	-0.026
0.994,1.0	1.0,1.0	-0.003
0.991,0.986	1.0,0.993	-0.008
0.957,0.976	0.973,0.985	-0.013
0.917,0.935	0.95,0.973	-0.035
0.979,1.0	1.0,1.0	-0.01
0.954,0.957	0.922,0.924	0.032
1.0,0.997	0.998,1.0	-0.001
1.0,0.997	1.0,0.996	0.0
1.0,0.994	1.0,0.992	0.001
1.0,1.0	1.0,0.994	0.003
0.977,1.0	1.0,1.0	-0.012
0.979,1.0	1.0,1.0	-0.01
0.959,0.975	0.963,0.97	0.001
0.977,0.962	0.995,0.986	-0.021
0.999,0.998	0.999,1.0	-0.001
1.0,1.0	1.0,0.998	0.001
0.236,0.164	0.207,0.091	0.051
0.693,0.654	0.687,0.801	-0.071
0.54,0.342	0.56,0.74	-0.209
0.958,0.986	0.938,0.936	0.035
1.0,1.0	1.0,0.983	0.008
1.0,0.983	1.0,1.0	-0.008
0.976,1.0	1.0,1.0	-0.012
0.985,0.98	1.0,0.937	0.014
1.0,1.0	0.992,1.0	0.004
1.0,0.995	1.0,1.0	-0.002
1.0,0.988	1.0,1.0	-0.006
1.0,0.977	1.0,1.0	-0.012
0.97,1.0	0.895,1.0	0.037
1.0,0.999	1.0,1.0	-0.0
0.999,0.992	1.0,1.0	-0.004
1.0,1.0	0.995,1.0	0.002
0.024,0.009	0.0,0.008	0.013
1.0,0.994	0.991,0.986	0.009
1.0,0.995	1.0,1.0	-0.002
0.992,1.0	1.0,1.0	-0.004
1.0,1.0	1.0,0.993	0.004
1.0,1.0	0.997,0.989	0.007
1.0,1.0	1.0,0.974	0.013
1.0,1.0	1.0,0.638	0.181
1.0,0.989	1.0,1.0	-0.006
1.0,1.0	0.875,1.0	0.062
0.992,0.997	1.0,1.0	-0.006
0.152,0.123	0.092,0.066	0.059
1.0,1.0	0.855,0.966	0.09
0.999,1.0	1.0,1.0	-0.0
0.967,1.0	0.98,1.0	-0.006
0.997,1.0	1.0,1.0	-0.002
0.985,1.0	1.0,1.0	-0.008
1.0,0.99	1.0,1.0	-0.005
1.0,0.992	1.0,1.0	-0.004
1.0,1.0	0.996,1.0	0.002
1.0,0.996	1.0,1.0	-0.002
1.0,1.0	1.0,0.995	0.002
1.0,1.0	1.0,0.964	0.018
0.993,1.0	0.991,1.0	0.001
1.0,0.0	1.0,0.0	0.0
1.0,1.0	1.0,0.992	0.004
1.0,1.0	1.0,0.996	0.002
1.0,0.997	1.0,0.997	0.0
0.862,0.877	0.853,0.853	0.016
0.259,0.313	0.128,0.111	0.167
0.018,0.23	0.068,0.049	0.066
0.011,0.017	0.17,0.073	-0.107
1.0,1.0	1.0,0.973	0.014
1.0,0.995	1.0,1.0	-0.002
1.0,0.98	1.0,0.919	0.03
0.666,0.898	1.0,1.0	-0.218
1.0,1.0	0.999,1.0	0.0
0.534,0.81	0.926,0.802	-0.192
0.663,0.897	0.953,0.835	-0.114
1.0,0.992	1.0,1.0	-0.004
0.019,0.015	0.015,0.012	0.004
0.036,0.113	0.083,0.145	-0.039
1.0,0.998	1.0,1.0	-0.001
1.0,0.999	1.0,1.0	-0.0
1.0,0.996	1.0,1.0	-0.002
1.0,0.998	1.0,1.0	-0.001
1.0,0.997	1.0,1.0	-0.002
1.0,0.959	1.0,1.0	-0.02
1.0,1.0	1.0,0.988	0.006
1.0,0.988	1.0,1.0	-0.006
0.992,0.988	0.989,0.993	-0.001
1.0,1.0	1.0,0.689	0.155
1.0,0.999	1.0,1.0	-0.0
1.0,1.0	1.0,0.99	0.005
0.193,0.109	0.106,0.076	0.06
0.951,1.0	1.0,0.925	0.013
0.723,0.913	0.805,1.0	-0.085
0.763,0.941	0.833,1.0	-0.065
0.585,0.882	0.647,1.0	-0.09
1.0,1.0	1.0,0.974	0.013
0.997,0.995	0.997,1.0	-0.002
1.0,1.0	1.0,1.0	0.0
1.0,1.0	1.0,0.999	0.0
1.0,1.0	0.999,1.0	0.0
1.0,0.999	0.993,0.996	0.005
NA,0.0	1.0,NA	-1.0
1.0,1.0	0.993,1.0	0.004
1.0,0.993	0.997,1.0	-0.002
1.0,1.0	0.993,1.0	0.004
1.0,0.999	0.999,1.0	0.0
1.0,0.978	1.0,1.0	-0.011
1.0,0.981	1.0,1.0	-0.01
1.0,0.983	1.0,1.0	-0.008
1.0,0.751	1.0,1.0	-0.125
1.0,0.954	1.0,1.0	-0.023
0.973,0.97	0.974,0.951	0.009
0.987,1.0	1.0,1.0	-0.006
1.0,0.997	1.0,1.0	-0.002
1.0,0.98	1.0,1.0	-0.01
1.0,0.937	1.0,1.0	-0.031
1.0,0.961	1.0,1.0	-0.02
1.0,0.971	1.0,1.0	-0.014
1.0,0.964	1.0,1.0	-0.018
0.197,0.416	0.247,0.419	-0.026
0.997,0.993	0.994,0.997	-0.001
1.0,1.0	1.0,0.974	0.013
0.701,0.755	0.708,0.702	0.023
0.956,1.0	1.0,1.0	-0.022
0.966,1.0	1.0,1.0	-0.017
1.0,1.0	1.0,1.0	0.0
0.997,0.999	1.0,1.0	-0.002
0.989,0.984	0.989,0.992	-0.004
0.247,0.599	0.163,0.352	0.165
1.0,1.0	0.972,1.0	0.014
1.0,1.0	0.945,1.0	0.028
1.0,1.0	0.932,1.0	0.034
1.0,1.0	0.99,1.0	0.005
1.0,1.0	0.999,1.0	0.0
1.0,0.996	1.0,1.0	-0.002
1.0,1.0	1.0,0.997	0.002
1.0,1.0	0.996,0.998	0.003
1.0,0.996	0.999,0.998	-0.0
0.984,0.997	1.0,1.0	-0.01
0.929,0.553	1.0,1.0	-0.259
1.0,0.996	1.0,1.0	-0.002
1.0,0.983	1.0,1.0	-0.008
0.883,0.922	0.957,0.963	-0.057
0.259,0.375	0.86,0.6	-0.413
0.075,0.089	0.071,0.06	0.016
1.0,1.0	1.0,1.0	0.0
0.995,1.0	1.0,1.0	-0.002
1.0,1.0	1.0,1.0	0.0
1.0,0.916	0.827,0.872	0.109
1.0,0.941	0.922,0.929	0.045
1.0,0.84	0.692,0.428	0.36
1.0,1.0	1.0,0.996	0.002
1.0,0.984	0.988,1.0	-0.002
1.0,0.9	0.935,1.0	-0.018
0.003,0.001	0.006,0.009	-0.005
0.847,0.818	0.889,0.984	-0.104
0.898,0.863	0.917,0.988	-0.072
0.919,0.908	0.924,0.991	-0.044
1.0,0.939	1.0,1.0	-0.03
1.0,1.0	1.0,0.996	0.002
0.993,0.992	1.0,1.0	-0.008
1.0,1.0	0.996,1.0	0.002
1.0,1.0	0.911,1.0	0.044
1.0,0.995	1.0,0.997	-0.001
1.0,1.0	1.0,1.0	0.0
0.992,0.981	0.994,1.0	-0.011
1.0,0.999	1.0,1.0	-0.0
0.008,0.0	0.015,0.0	-0.003
0.988,0.993	0.996,1.0	-0.008
1.0,0.985	1.0,1.0	-0.008
1.0,0.994	1.0,0.997	-0.001
1.0,1.0	1.0,0.999	0.0
1.0,1.0	1.0,0.983	0.008
1.0,0.983	1.0,0.985	-0.001
1.0,1.0	1.0,0.998	0.001
1.0,1.0	1.0,0.998	0.001
0.911,0.877	0.809,0.894	0.042
0.61,0.349	0.335,0.33	0.147
1.0,1.0	1.0,0.993	0.004
1.0,1.0	1.0,1.0	0.0
1.0,1.0	1.0,0.988	0.006
1.0,1.0	0.983,1.0	0.008
0.586,0.6	0.509,0.543	0.067
0.93,0.784	0.908,0.929	-0.062
0.808,0.713	0.857,0.896	-0.116
0.999,1.0	1.0,1.0	-0.0
0.994,1.0	1.0,1.0	-0.003
1.0,0.998	1.0,0.994	0.002
1.0,0.998	0.997,1.0	0.001
0.975,1.0	1.0,1.0	-0.012
0.981,0.996	0.986,0.992	-0.001
0.98,1.0	1.0,1.0	-0.01
0.977,0.988	0.983,0.961	0.01
0.148,0.257	0.604,0.917	-0.558
1.0,0.381	1.0,1.0	-0.309
0.581,1.0	1.0,1.0	-0.21
1.0,1.0	1.0,0.999	0.0
1.0,1.0	1.0,0.996	0.002
1.0,0.953	0.922,0.946	0.042
1.0,0.993	1.0,1.0	-0.004
0.987,0.991	0.984,1.0	-0.003
0.84,0.778	1.0,1.0	-0.191
0.84,0.789	1.0,1.0	-0.185
0.429,0.556	1.0,1.0	-0.507
1.0,1.0	1.0,0.365	0.318
0.094,0.126	0.113,0.104	0.002
0.991,1.0	0.989,0.997	0.003
0.992,1.0	1.0,1.0	-0.004
0.978,0.991	0.973,0.975	0.01
0.69,0.825	0.934,0.917	-0.168
0.993,0.996	0.999,0.999	-0.005
0.997,0.999	1.0,1.0	-0.002
0.993,0.996	0.999,0.999	-0.005
1.0,1.0	1.0,0.991	0.004
0.952,1.0	0.813,0.951	0.094
1.0,1.0	1.0,0.785	0.107
0.995,1.0	1.0,1.0	-0.002
1.0,0.998	1.0,1.0	-0.001
1.0,1.0	1.0,0.997	0.002
0.011,0.005	0.016,0.001	-0.001
0.99,0.995	0.971,0.971	0.021
1.0,0.877	1.0,1.0	-0.061
1.0,1.0	0.992,1.0	0.004
1.0,1.0	0.997,1.0	0.002
1.0,0.99	1.0,1.0	-0.005
1.0,1.0	1.0,0.97	0.015
1.0,1.0	1.0,0.996	0.002
0.992,0.971	0.99,0.985	-0.006
0.769,0.784	0.846,0.889	-0.091
1.0,1.0	1.0,0.984	0.008
0.972,1.0	1.0,1.0	-0.014
0.988,1.0	1.0,1.0	-0.006
0.989,0.983	0.974,0.995	0.002
0.938,0.93	0.963,0.927	-0.011
0.927,0.865	0.948,0.938	-0.047
0.8,0.572	0.7,0.572	0.05
0.938,0.918	0.833,0.938	0.042
0.961,0.971	0.96,0.976	-0.002
1.0,0.986	1.0,1.0	-0.007
0.425,0.412	0.274,0.264	0.149
0.244,0.264	0.149,0.139	0.11
1.0,0.999	1.0,1.0	-0.0
0.95,1.0	1.0,0.949	0.001
0.992,0.997	0.998,0.998	-0.004
1.0,0.962	1.0,1.0	-0.019
1.0,0.979	1.0,1.0	-0.01
0.682,NA	1.0,NA	-0.318
1.0,1.0	1.0,0.991	0.004
0.221,0.236	0.343,0.331	-0.109
0.98,1.0	1.0,1.0	-0.01
1.0,1.0	1.0,0.982	0.009
0.567,0.607	0.684,0.754	-0.132
0.559,0.633	0.684,0.754	-0.123
0.114,0.062	0.032,0.051	0.046
1.0,1.0	0.957,1.0	0.022
0.0,0.004	0.0,0.015	-0.005
0.94,0.907	0.85,0.848	0.075
0.943,0.901	1.0,0.975	-0.066
1.0,0.908	0.882,1.0	0.013
1.0,0.417	0.0,NA	0.709
1.0,0.682	1.0,0.834	-0.076
0.994,1.0	1.0,1.0	-0.003
0.996,1.0	1.0,1.0	-0.002
0.102,0.126	0.23,0.174	-0.088
0.976,0.992	0.925,0.924	0.059
0.898,0.94	0.904,0.909	0.012
1.0,0.917	0.949,1.0	-0.016
0.056,0.056	0.07,0.042	-0.0
1.0,0.998	1.0,1.0	-0.001
1.0,1.0	1.0,0.99	0.005
0.0,0.018	0.068,0.007	-0.029
1.0,1.0	1.0,0.997	0.002
1.0,1.0	1.0,0.984	0.008
0.974,1.0	0.983,0.956	0.017
0.997,1.0	1.0,0.995	0.001
0.878,0.944	0.834,0.85	0.069
1.0,1.0	0.853,1.0	0.074
1.0,0.962	1.0,1.0	-0.019
0.854,1.0	1.0,0.897	-0.021
0.447,0.621	0.29,0.416	0.181
0.417,0.546	0.294,0.355	0.157
1.0,1.0	0.988,1.0	0.006
0.889,0.835	0.802,0.896	0.013
0.959,0.951	0.939,0.972	-0.001
1.0,1.0	1.0,0.987	0.006
0.283,0.366	0.356,0.239	0.027
1.0,1.0	1.0,1.0	0.0
1.0,1.0	0.998,0.999	0.002
