ID	IJC_SAMPLE_1	SJC_SAMPLE_1	IJC_SAMPLE_2	SJC_SAMPLE_2	IncFormLen	SkipFormLen	PValue	FDR	IncLevel1	IncLevel2	IncLevelDifference
0	32,58,43,32,51,54	58,62,47,37,55,76	30,32,17,52,48,17	44,23,22,31,32,14	210	238	1	1.0	0.385,0.515,0.509,0.495,0.512,0.446	0.436,0.612,0.467,0.655,0.63,0.579	-0.086
1	93,146,115,104,127,147	216,302,245,242,344,286	119,54,103,118,140,60	215,184,203,292,337,95	230	218	1	1.0	0.29,0.314,0.308,0.289,0.259,0.328	0.344,0.218,0.325,0.277,0.283,0.374	-0.006
2	57,91,91,52,134,92	86,153,99,117,161,119	87,60,53,87,96,28	103,68,89,99,147,51	217	211	1	1.0	0.392,0.366,0.472,0.302,0.447,0.429	0.451,0.462,0.367,0.461,0.388,0.348	-0.012
3	76,119,84,90,105,97	48,71,74,56,59,79	95,87,96,126,110,43	51,57,85,60,110,34	217	196	1	1.0	0.588,0.602,0.506,0.592,0.616,0.526	0.627,0.58,0.505,0.655,0.475,0.533	0.009
4	0,2,0,0,1,0	157,276,207,189,298,204	0,0,1,0,2,0	152,142,154,247,225,67	283	391	1	1.0	0.0,0.01,0.0,0.0,0.005,0.0	0.0,0.0,0.009,0.0,0.012,0.0	-0.001
5	52,62,79,83,94,72	9,20,16,16,25,14	73,45,72,67,87,24	9,3,6,6,8,1	262	219	0.361384448018	1.0	0.828,0.722,0.805,0.813,0.759,0.811	0.871,0.926,0.909,0.903,0.901,0.953	-0.121
6	10,12,15,28,20,13	155,295,212,184,307,211	18,11,33,12,13,2	152,148,161,248,238,68	262	539	1	1.0	0.117,0.077,0.127,0.238,0.118,0.112	0.196,0.133,0.297,0.091,0.101,0.057	-0.014
7	10,12,15,28,20,13	157,276,207,189,298,204	18,11,33,12,13,2	152,142,154,247,225,67	262	391	1	1.0	0.087,0.061,0.098,0.181,0.091,0.087	0.15,0.104,0.242,0.068,0.079,0.043	-0.014
8	21,41,35,39,48,71	31,49,54,31,57,43	34,21,32,39,43,15	29,19,58,61,72,19	189	194	1	1.0	0.41,0.462,0.4,0.564,0.464,0.629	0.546,0.532,0.362,0.396,0.38,0.448	0.044
9	6,23,10,5,13,15	68,125,103,77,131,71	14,7,10,18,19,7	64,66,56,116,124,33	230	230	1	1.0	0.081,0.155,0.088,0.061,0.09,0.174	0.179,0.096,0.152,0.134,0.133,0.175	-0.037
10	52,64,45,39,57,48	30,46,40,29,56,42	29,44,31,54,49,15	34,42,26,29,29,21	210	203	1	1.0	0.626,0.574,0.521,0.565,0.496,0.525	0.452,0.503,0.535,0.643,0.62,0.408	0.024
11	0,3,0,1,1,3	1,3,7,2,2,3	0,0,1,0,2,0	0,3,0,4,7,2	263	342	1	1.0	0.0,0.565,0.0,0.394,0.394,0.565	NA,0.0,1.0,0.0,0.271,0.0	0.065
12	380,687,444,381,490,461	124,188,136,110,148,162	470,331,341,496,496,155	134,72,101,190,133,48	239	203	1	1.0	0.722,0.756,0.735,0.746,0.738,0.707	0.749,0.796,0.741,0.689,0.76,0.733	-0.011
14	207,167,101,101,192,165	195,255,152,150,241,251	107,69,74,34,101,45	167,96,110,72,179,79	226	272	1	1.0	0.561,0.441,0.444,0.448,0.489,0.442	0.435,0.464,0.447,0.362,0.404,0.407	0.051
15	235,403,311,316,388,444	133,236,149,182,248,212	299,293,282,441,416,134	160,155,181,196,258,84	255	216	1	1.0	0.599,0.591,0.639,0.595,0.57,0.64	0.613,0.616,0.569,0.656,0.577,0.575	0.005
16	139,259,159,175,195,241	521,843,425,586,727,408	170,185,186,257,270,119	673,542,602,674,658,230	216	229	1	1.0	0.22,0.246,0.284,0.24,0.221,0.385	0.211,0.266,0.247,0.288,0.303,0.354	-0.012
17	310,582,297,251,403,336	141,236,137,92,217,150	594,441,467,613,864,249	220,173,219,266,331,99	231	218	1	1.0	0.675,0.699,0.672,0.72,0.637,0.679	0.718,0.706,0.668,0.685,0.711,0.704	-0.018
18	53,79,51,45,79,70	143,201,151,165,178,221	48,29,60,90,68,28	90,107,113,223,178,57	194	257	1	1.0	0.329,0.342,0.309,0.265,0.37,0.296	0.414,0.264,0.413,0.348,0.336,0.394	-0.043
19	32,48,42,39,51,42	30,59,62,45,75,63	66,27,42,38,39,16	43,27,32,46,69,25	197	196	1	1.0	0.515,0.447,0.403,0.463,0.404,0.399	0.604,0.499,0.566,0.451,0.36,0.389	-0.04
20	46,74,45,66,54,94	30,64,77,45,82,55	39,42,44,59,72,22	57,29,46,57,73,22	235	234	1	1.0	0.604,0.535,0.368,0.594,0.396,0.63	0.405,0.591,0.488,0.508,0.495,0.499	0.023
22	1,9,2,2,1,4	6,11,9,9,18,8	4,2,0,3,9,0	5,8,10,2,9,7	260	253	1	1.0	0.14,0.443,0.178,0.178,0.051,0.327	0.438,0.196,0.0,0.593,0.493,0.0	-0.067
23	493,809,633,492,784,663	18,35,43,20,47,31	563,390,491,577,796,209	29,11,30,26,22,15	216	167	1	1.0	0.955,0.947,0.919,0.95,0.928,0.943	0.938,0.965,0.927,0.945,0.965,0.915	-0.002
24	12,9,11,7,1,1	230,340,303,222,422,334	6,0,5,0,10,4	212,160,208,274,383,140	228	652	1	1.0	0.13,0.07,0.094,0.083,0.007,0.008	0.075,0.0,0.064,0.0,0.069,0.076	0.018
25	287,469,401,354,573,434	238,407,284,312,419,300	357,306,322,536,501,191	294,231,218,350,441,131	224	197	1	1.0	0.515,0.503,0.554,0.499,0.546,0.56	0.516,0.538,0.565,0.574,0.5,0.562	-0.013
26	134,192,155,124,181,145	121,200,190,146,201,158	151,103,140,187,226,81	191,116,144,248,218,65	249	219	1	1.0	0.493,0.458,0.418,0.428,0.442,0.447	0.41,0.439,0.461,0.399,0.477,0.523	-0.004
27	26,32,58,24,27,29	44,77,66,62,57,76	18,16,6,36,55,22	45,28,47,82,53,33	201	303	1	1.0	0.471,0.385,0.57,0.369,0.417,0.365	0.376,0.463,0.161,0.398,0.61,0.501	0.011
28	197,340,253,287,372,338	139,171,162,166,210,187	247,177,235,267,326,107	134,71,153,206,218,63	259	206	1	1.0	0.53,0.613,0.554,0.579,0.585,0.59	0.594,0.665,0.55,0.508,0.543,0.575	0.003
29	74,98,89,82,77,100	746,1015,925,900,1095,971	78,62,71,129,104,31	827,778,900,1792,1272,497	278	1923	1	1.0	0.407,0.4,0.4,0.387,0.327,0.416	0.395,0.355,0.353,0.332,0.361,0.301	0.04
31	6,22,19,10,27,11	22,60,36,37,48,43	7,2,7,1,22,0	20,14,29,21,27,15	266	259	0.953803745114	1.0	0.21,0.263,0.339,0.208,0.354,0.199	0.254,0.122,0.19,0.044,0.442,0.0	0.087
32	261,449,357,284,410,399	148,229,154,163,231,203	292,220,245,333,448,169	168,133,160,173,221,87	199	183	1	1.0	0.619,0.643,0.681,0.616,0.62,0.644	0.615,0.603,0.585,0.639,0.651,0.641	0.015
33	106,167,111,133,153,128	163,257,244,177,240,262	128,111,125,138,177,44	222,193,197,287,312,102	198	264	1	1.0	0.464,0.464,0.378,0.5,0.459,0.394	0.435,0.434,0.458,0.391,0.431,0.365	0.024
34	25,41,32,39,37,35	54,75,60,33,72,64	25,24,27,33,43,18	69,33,65,50,48,30	188	206	1	1.0	0.337,0.375,0.369,0.564,0.36,0.375	0.284,0.443,0.313,0.42,0.495,0.397	0.005
35	1093,1562,1229,1279,1592,1541	99,159,130,137,175,144	860,760,940,1319,1517,565	112,108,106,131,192,50	721	197	1	1.0	0.751,0.729,0.721,0.718,0.713,0.745	0.677,0.658,0.708,0.733,0.683,0.755	0.027
36	132,208,152,132,240,206	50,72,55,60,93,78	142,139,155,225,232,87	73,59,61,91,89,35	611	285	1	1.0	0.552,0.574,0.563,0.506,0.546,0.552	0.476,0.524,0.542,0.536,0.549,0.537	0.021
37	88,123,77,90,153,103	130,244,170,172,264,209	115,70,63,89,129,50	157,126,152,181,241,56	227	220	1	1.0	0.396,0.328,0.305,0.336,0.36,0.323	0.415,0.35,0.287,0.323,0.342,0.464	-0.022
38	395,465,402,391,561,507	101,139,101,107,149,150	121,214,267,464,399,150	26,48,64,124,100,36	439	234	1	1.0	0.676,0.641,0.68,0.661,0.667,0.643	0.713,0.704,0.69,0.666,0.68,0.69	-0.029
39	853,1346,1216,1018,1515,1149	826,1414,1293,1089,1549,1241	1239,956,1113,1487,1689,555	1148,940,1082,1654,1610,497	227	263	1	1.0	0.545,0.524,0.521,0.52,0.531,0.518	0.556,0.541,0.544,0.51,0.549,0.564	-0.017
40	1644,2494,1309,1371,2096,1496	514,667,406,379,576,447	1466,1572,1844,2234,2656,998	455,553,523,691,794,313	1227	482	1	1.0	0.557,0.595,0.559,0.587,0.588,0.568	0.559,0.528,0.581,0.559,0.568,0.556	0.017
41	26,58,54,28,50,49	83,130,102,111,156,117	52,34,54,54,64,22	110,67,109,159,204,56	201	271	1	1.0	0.297,0.376,0.416,0.254,0.302,0.361	0.389,0.406,0.4,0.314,0.297,0.346	-0.024
42	237,349,251,203,321,227	257,397,243,244,388,204	202,143,146,255,225,81	248,170,168,248,239,79	366	249	1	1.0	0.386,0.374,0.413,0.361,0.36,0.431	0.357,0.364,0.372,0.412,0.39,0.411	0.003
43	241,383,277,240,365,234	257,397,243,244,388,204	217,152,146,277,253,91	248,170,168,248,239,79	353	249	1	1.0	0.398,0.405,0.446,0.41,0.399,0.447	0.382,0.387,0.38,0.441,0.427,0.448	0.007
44	159,248,179,136,208,137	257,397,243,244,388,204	133,91,91,180,158,46	248,170,168,248,239,79	330	249	1	1.0	0.318,0.32,0.357,0.296,0.288,0.336	0.288,0.288,0.29,0.354,0.333,0.305	0.01
45	52,70,75,48,79,67	31,44,37,24,48,50	54,65,43,64,78,25	38,25,20,55,62,21	215	202	1	1.0	0.612,0.599,0.656,0.653,0.607,0.557	0.572,0.71,0.669,0.522,0.542,0.528	0.024
48	1759,3180,1851,1763,2697,1969	921,1603,762,844,1341,796	2671,1925,2454,1901,4003,1327	1283,911,1225,1027,1818,712	176	173	1	1.0	0.652,0.661,0.705,0.672,0.664,0.709	0.672,0.675,0.663,0.645,0.684,0.647	0.013
49	77,172,109,91,135,129	17,48,40,28,60,43	53,32,36,48,83,29	19,12,17,24,24,8	248	202	1	1.0	0.787,0.745,0.689,0.726,0.647,0.71	0.694,0.685,0.633,0.62,0.738,0.747	0.031
50	37,76,53,35,82,69	51,98,85,62,99,80	20,7,13,17,31,10	34,11,29,37,36,14	202	223	1	1.0	0.445,0.461,0.408,0.384,0.478,0.488	0.394,0.413,0.331,0.337,0.487,0.441	0.044
51	32,64,40,39,72,52	19,54,21,21,32,45	63,37,64,88,92,35	11,8,3,12,26,8	251	260	3.96634665477e-05	0.0090829338394233	0.636,0.551,0.664,0.658,0.7,0.545	0.856,0.827,0.957,0.884,0.786,0.819	-0.229
52	967,1349,1196,1165,1616,1363	241,340,279,288,354,348	933,760,948,1531,1407,510	239,175,225,335,416,135	566	234	1	1.0	0.624,0.621,0.639,0.626,0.654,0.618	0.617,0.642,0.635,0.654,0.583,0.61	0.007
53	95,138,125,88,133,112	119,186,173,159,179,173	160,108,98,156,174,34	195,136,139,217,200,54	198	225	1	1.0	0.476,0.457,0.451,0.386,0.458,0.424	0.483,0.474,0.445,0.45,0.497,0.417	-0.019
54	45,78,63,58,97,84	68,138,87,62,104,69	90,75,65,101,118,46	111,56,86,90,153,44	197	218	1	1.0	0.423,0.385,0.445,0.509,0.508,0.574	0.473,0.597,0.455,0.554,0.46,0.536	-0.038
55	38,48,43,29,73,30	90,111,102,72,130,92	45,42,47,59,54,11	130,105,107,134,177,55	169	202	1	1.0	0.335,0.341,0.335,0.325,0.402,0.28	0.293,0.323,0.344,0.345,0.267,0.193	0.042
56	493,721,576,553,781,673	952,1326,1212,1108,1574,1413	653,430,541,598,776,261	1227,820,1063,1547,1565,516	203	227	1	1.0	0.367,0.378,0.347,0.358,0.357,0.348	0.373,0.37,0.363,0.302,0.357,0.361	0.005
57	16,58,50,42,43,81	354,579,456,423,566,599	67,30,40,39,86,26	464,336,398,444,608,201	244	234	1	1.0	0.042,0.088,0.095,0.087,0.068,0.115	0.122,0.079,0.088,0.078,0.119,0.11	-0.017
58	141,214,171,143,215,191	142,239,137,136,173,154	114,96,107,173,189,75	169,92,122,198,165,61	247	225	1	1.0	0.475,0.449,0.532,0.489,0.531,0.53	0.381,0.487,0.444,0.443,0.511,0.528	0.035
59	84,106,74,74,114,125	220,281,208,200,324,235	85,84,87,132,160,52	267,223,248,318,412,113	220	290	1	1.0	0.335,0.332,0.319,0.328,0.317,0.412	0.296,0.332,0.316,0.354,0.339,0.378	0.005
60	32,62,87,62,78,66	42,91,92,67,99,94	53,59,52,97,102,46	68,82,77,149,144,58	193	201	1	1.0	0.442,0.415,0.496,0.491,0.451,0.422	0.448,0.428,0.413,0.404,0.425,0.452	0.025
61	34,77,41,44,48,52	55,128,91,99,90,90	29,40,37,59,48,15	87,81,84,106,99,47	208	263	1	1.0	0.439,0.432,0.363,0.36,0.403,0.422	0.297,0.384,0.358,0.413,0.38,0.288	0.05
63	109,171,148,129,180,131	90,111,107,96,149,133	81,71,79,139,161,56	67,74,57,101,84,29	208	216	1	1.0	0.557,0.615,0.59,0.583,0.556,0.506	0.557,0.499,0.59,0.588,0.666,0.667	-0.027
64	45,50,46,35,44,40	71,86,88,77,130,86	38,25,44,63,72,21	87,73,99,117,143,59	198	264	1	1.0	0.458,0.437,0.411,0.377,0.311,0.383	0.368,0.313,0.372,0.418,0.402,0.322	0.03
65	14,13,30,19,20,26	29,27,31,26,27,23	15,10,20,41,15,6	31,16,37,57,35,15	204	256	1	1.0	0.377,0.377,0.548,0.478,0.482,0.587	0.378,0.44,0.404,0.474,0.35,0.334	0.078
66	1078,1660,1342,1262,1890,1456	981,1723,1401,1376,1987,1650	1286,925,1108,1303,1735,566	1350,953,1165,1447,1803,661	223	209	1	1.0	0.507,0.475,0.473,0.462,0.471,0.453	0.472,0.476,0.471,0.458,0.474,0.445	0.008
67	67,123,106,68,106,104	90,168,117,89,114,108	46,43,59,75,89,23	55,51,87,115,110,39	205	221	1	1.0	0.445,0.441,0.494,0.452,0.501,0.509	0.474,0.476,0.422,0.413,0.466,0.389	0.034
68	44,50,48,29,41,44	46,75,81,36,78,45	38,26,27,50,48,13	44,17,41,46,58,9	248	271	1	1.0	0.511,0.421,0.393,0.468,0.365,0.517	0.486,0.626,0.418,0.543,0.475,0.612	-0.081
69	720,1030,1152,1188,1785,1392	985,1598,1524,1672,2320,1742	1737,1337,1647,2715,2330,807	2512,1904,2394,3668,3100,1348	575	575	1	1.0	0.422,0.392,0.43,0.415,0.435,0.444	0.409,0.413,0.408,0.425,0.429,0.374	0.013
70	126,180,115,107,149,118	132,182,130,100,136,128	117,67,129,149,142,40	114,81,116,174,154,50	203	215	1	1.0	0.503,0.512,0.484,0.531,0.537,0.494	0.521,0.467,0.541,0.476,0.494,0.459	0.017
71	119,158,174,119,217,144	55,95,66,49,81,54	156,85,135,206,235,48	54,52,45,67,74,17	274	441	1	1.0	0.777,0.728,0.809,0.796,0.812,0.811	0.823,0.725,0.828,0.832,0.836,0.82	-0.022
72	1037,1732,1228,991,1477,1066	726,1127,847,735,1090,799	1216,723,1001,1155,1246,351	745,529,666,895,988,262	195	206	1	1.0	0.601,0.619,0.605,0.588,0.589,0.585	0.633,0.591,0.614,0.577,0.571,0.586	0.003
73	78,98,94,62,101,89	65,111,87,78,121,86	62,51,62,93,93,39	90,86,78,152,103,51	273	301	1	1.0	0.57,0.493,0.544,0.467,0.479,0.533	0.432,0.395,0.467,0.403,0.499,0.457	0.072
74	31,34,25,46,45,44	57,108,84,68,104,73	27,24,37,23,54,10	85,56,58,86,78,27	193	266	1	1.0	0.428,0.303,0.291,0.482,0.374,0.454	0.304,0.371,0.468,0.269,0.488,0.338	0.016
75	64,140,112,77,135,128	468,618,571,398,698,634	100,65,109,71,111,38	476,316,426,553,732,238	220	230	1	1.0	0.125,0.191,0.17,0.168,0.168,0.174	0.18,0.177,0.211,0.118,0.137,0.143	0.005
76	758,1132,866,714,1120,853	163,225,161,104,228,166	863,586,721,885,1125,451	173,130,156,197,262,88	230	193	1	1.0	0.796,0.808,0.819,0.852,0.805,0.812	0.807,0.791,0.795,0.79,0.783,0.811	0.019
77	879,1439,915,717,1153,803	901,1398,1123,902,1483,1125	1247,888,914,1011,1244,386	1238,837,939,1348,1439,593	226	272	1	1.0	0.54,0.553,0.495,0.489,0.483,0.462	0.548,0.561,0.539,0.474,0.51,0.439	-0.008
78	3,6,8,3,5,6	1318,2055,1802,1413,2118,1640	13,6,7,10,11,2	1699,1198,1348,1974,1999,589	174	329	1	1.0	0.004,0.005,0.008,0.004,0.004,0.007	0.014,0.009,0.01,0.009,0.01,0.006	-0.004
79	0,0,0,2,0,0	54,94,59,71,87,61	0,0,0,0,0,0	58,47,52,119,96,27	209	209	1	1.0	0.0,0.0,0.0,0.027,0.0,0.0	0.0,0.0,0.0,0.0,0.0,0.0	0.004
80	26,37,48,23,65,54	54,94,59,71,87,61	62,20,37,56,64,13	58,47,52,119,96,27	209	209	1	1.0	0.325,0.282,0.449,0.245,0.428,0.47	0.517,0.299,0.416,0.32,0.4,0.325	-0.013
81	26,37,48,23,65,54	0,0,0,2,0,0	62,20,37,56,64,13	0,0,0,0,0,0	209	209	1	1.0	1.0,1.0,1.0,0.92,1.0,1.0	1.0,1.0,1.0,1.0,1.0,1.0	-0.013
82	24,37,48,24,65,54	46,66,60,64,103,61	60,19,36,55,64,13	59,46,51,100,104,32	209	209	1	1.0	0.343,0.359,0.444,0.273,0.387,0.47	0.504,0.292,0.414,0.355,0.381,0.289	0.007
83	164,223,207,142,227,217	277,407,307,251,380,285	175,125,139,237,237,99	375,204,274,354,484,141	251	293	1	1.0	0.409,0.39,0.44,0.398,0.411,0.471	0.353,0.417,0.372,0.439,0.364,0.45	0.021
84	2853,4392,3185,3168,4819,4296	3047,4833,3488,3451,5258,4499	3767,2179,2741,2561,4130,1398	4324,2787,3284,2707,4604,1755	416	419	1	1.0	0.485,0.478,0.479,0.48,0.48,0.49	0.467,0.441,0.457,0.488,0.475,0.445	0.02
85	11,26,8,3,10,18	2,2,2,4,5,2	11,2,4,5,8,2	1,2,5,11,3,0	194	201	0.557358207016	1.0	0.851,0.931,0.806,0.437,0.674,0.903	0.919,0.509,0.453,0.32,0.734,1.0	0.111
86	15,21,13,13,22,17	2,2,2,4,5,2	7,2,5,10,13,2	1,2,5,11,3,0	401	201	0.213316913904	1.0	0.79,0.84,0.765,0.62,0.688,0.81	0.778,0.334,0.334,0.313,0.685,1.0	0.178
87	367,633,461,377,584,465	6,7,7,4,19,22	480,465,584,639,865,296	21,14,11,9,30,10	354	299	1	1.0	0.981,0.987,0.982,0.988,0.963,0.947	0.951,0.966,0.978,0.984,0.961,0.962	0.008
88	378,691,492,496,658,505	561,969,749,733,1037,870	585,377,429,616,677,211	786,537,638,880,1002,296	237	279	1	1.0	0.442,0.456,0.436,0.443,0.428,0.406	0.467,0.452,0.442,0.452,0.443,0.456	-0.017
89	8,8,6,2,0,2	9,6,11,10,1,14	4,5,6,11,8,3	3,3,4,5,9,5	242	242	0.100759701097	1.0	0.471,0.571,0.353,0.167,0.0,0.125	0.571,0.625,0.6,0.688,0.471,0.375	-0.274
90	159,209,145,168,216,156	162,260,203,216,236,226	202,128,141,181,235,58	209,148,161,204,272,105	211	260	1	1.0	0.547,0.498,0.468,0.489,0.53,0.46	0.544,0.516,0.519,0.522,0.516,0.405	-0.005
91	74,101,92,84,115,84	272,361,318,315,356,274	94,75,78,64,126,38	257,221,241,307,381,152	205	280	1	1.0	0.271,0.276,0.283,0.267,0.306,0.295	0.333,0.317,0.307,0.222,0.311,0.255	-0.008
92	440,695,391,386,605,434	366,548,350,333,575,477	476,259,333,396,494,156	388,237,294,356,492,167	221	221	1	1.0	0.546,0.559,0.528,0.537,0.513,0.476	0.551,0.522,0.531,0.527,0.501,0.483	0.007
93	0,0,0,0,0,0	52,78,83,84,101,79	0,0,2,0,0,0	68,41,49,81,78,22	175	255	1	1.0	0.0,0.0,0.0,0.0,0.0,0.0	0.0,0.0,0.056,0.0,0.0,0.0	-0.009
94	44,54,44,32,37,47	61,93,69,57,83,108	19,19,25,37,33,5	58,40,55,68,71,29	217	238	1	1.0	0.442,0.389,0.412,0.381,0.328,0.323	0.264,0.343,0.333,0.374,0.338,0.159	0.077
95	23,38,43,31,59,61	26,43,42,61,45,57	20,17,20,46,31,10	39,16,30,33,35,8	209	218	1	1.0	0.48,0.48,0.516,0.346,0.578,0.527	0.348,0.526,0.41,0.592,0.48,0.566	0.001
97	11,15,18,15,22,29	18,17,26,15,18,27	8,5,9,15,9,2	3,9,13,14,11,4	215	210	1	1.0	0.374,0.463,0.403,0.494,0.544,0.512	0.723,0.352,0.403,0.511,0.444,0.328	0.005
98	23,57,28,41,50,30	95,142,118,99,136,107	21,10,29,48,33,19	80,73,73,132,138,39	238	221	1	1.0	0.184,0.272,0.181,0.278,0.255,0.207	0.196,0.113,0.269,0.252,0.182,0.311	0.009
99	49,44,50,33,72,82	38,58,43,34,60,55	38,27,43,39,73,34	31,31,31,56,52,17	214	199	1	1.0	0.545,0.414,0.52,0.474,0.527,0.581	0.533,0.447,0.563,0.393,0.566,0.65	-0.015
100	51,45,64,39,39,48	29,39,54,39,57,32	65,25,24,99,57,18	45,29,28,63,60,21	273	247	1	1.0	0.614,0.511,0.517,0.475,0.382,0.576	0.567,0.438,0.437,0.587,0.462,0.437	0.025
101	9,12,13,23,29,12	5009,8681,6647,7514,11947,7449	11,9,27,21,18,10	11203,8065,8553,8302,13141,4951	223	609	1	1.0	0.005,0.004,0.005,0.008,0.007,0.004	0.003,0.003,0.009,0.007,0.004,0.005	0.0
102	507,877,630,633,832,677	633,1118,717,686,923,701	807,608,633,939,962,337	909,656,722,1049,1098,310	218	203	1	1.0	0.427,0.422,0.45,0.462,0.456,0.473	0.453,0.463,0.449,0.455,0.449,0.503	-0.014
103	749,1117,881,741,1197,1073	170,301,246,199,345,230	905,583,655,861,1160,394	268,156,176,224,316,117	373	214	1	1.0	0.717,0.68,0.673,0.681,0.666,0.728	0.66,0.682,0.681,0.688,0.678,0.659	0.016
104	11,11,8,6,8,10	107,208,152,115,167,146	13,8,2,9,8,2	118,118,123,172,197,55	183	278	1	1.0	0.135,0.074,0.074,0.073,0.068,0.094	0.143,0.093,0.024,0.074,0.058,0.052	0.012
105	47,46,56,42,58,39	109,206,152,115,166,146	39,43,50,52,39,21	118,117,124,172,197,56	183	278	1	1.0	0.396,0.253,0.359,0.357,0.347,0.289	0.334,0.358,0.38,0.315,0.231,0.363	0.003
106	71,103,91,86,139,100	377,485,446,309,597,502	72,53,97,77,137,42	437,333,370,483,602,179	181	281	1	1.0	0.226,0.248,0.241,0.302,0.265,0.236	0.204,0.198,0.289,0.198,0.261,0.267	0.017
107	339,503,447,330,589,463	139,218,177,134,216,199	465,285,381,483,620,183	181,133,145,183,272,86	281	200	1	1.0	0.634,0.622,0.643,0.637,0.66,0.623	0.646,0.604,0.652,0.653,0.619,0.602	0.007
108	28,24,30,18,47,38	192,253,229,188,308,256	47,33,44,53,84,20	193,120,191,223,268,94	251	212	1	1.0	0.11,0.074,0.1,0.075,0.114,0.111	0.171,0.188,0.163,0.167,0.209,0.152	-0.078
109	21,46,26,36,40,26	321,430,344,335,476,417	62,50,70,73,84,43	358,243,306,364,536,173	183	212	1	1.0	0.07,0.11,0.081,0.111,0.089,0.067	0.167,0.192,0.209,0.189,0.154,0.224	-0.101
110	116,186,103,104,199,156	129,149,145,131,176,176	145,111,132,162,238,81	153,99,129,152,218,68	212	202	1	1.0	0.461,0.543,0.404,0.431,0.519,0.458	0.475,0.517,0.494,0.504,0.51,0.532	-0.036
111	73,97,100,89,120,92	200,277,193,139,287,183	44,39,58,93,100,24	114,98,103,192,174,51	252	247	1	1.0	0.263,0.256,0.337,0.386,0.291,0.33	0.274,0.281,0.356,0.322,0.36,0.316	-0.008
112	18,31,20,20,24,25	208,365,247,225,283,321	21,17,19,10,33,7	226,186,223,308,293,117	704	875	1	1.0	0.097,0.095,0.091,0.099,0.095,0.088	0.104,0.102,0.096,0.039,0.123,0.069	0.005
113	2,2,4,9,9,7	1051,1905,1468,1295,2231,1803	8,0,1,5,6,0	1160,1103,1004,1334,1760,596	187	373	1	1.0	0.004,0.002,0.005,0.014,0.008,0.008	0.014,0.0,0.002,0.007,0.007,0.0	0.002
114	2630,4120,2836,2627,3418,3294	2086,3208,2027,1964,2640,2281	4386,3331,4019,4379,6174,2126	3451,2432,3120,3190,4808,1694	259	240	1	1.0	0.539,0.543,0.565,0.553,0.545,0.572	0.541,0.559,0.544,0.56,0.543,0.538	0.005
115	301,373,314,321,476,350	90,143,130,106,195,115	373,357,394,459,545,204	149,136,112,192,268,78	395	234	1	1.0	0.665,0.607,0.589,0.642,0.591,0.643	0.597,0.609,0.676,0.586,0.546,0.608	0.019
116	296,356,323,319,490,361	282,373,279,272,447,369	372,347,427,497,653,204	371,345,330,434,520,207	404	395	1	1.0	0.506,0.483,0.531,0.534,0.517,0.489	0.495,0.496,0.559,0.528,0.551,0.491	-0.01
117	51,74,68,40,74,53	72,122,97,74,118,95	34,43,29,73,68,19	88,55,60,112,88,32	223	235	1	1.0	0.427,0.39,0.425,0.363,0.398,0.37	0.289,0.452,0.337,0.407,0.449,0.385	0.009
118	38,62,41,43,50,43	69,103,77,77,125,96	38,28,30,35,61,8	57,64,63,94,119,44	195	223	1	1.0	0.386,0.408,0.378,0.39,0.314,0.339	0.433,0.333,0.353,0.299,0.37,0.172	0.043
119	97,181,122,112,167,110	121,203,162,127,216,123	108,65,69,114,128,35	181,200,195,195,294,111	212	209	0.0331229839996	1.0	0.441,0.468,0.426,0.465,0.433,0.469	0.37,0.243,0.259,0.366,0.3,0.237	0.154
120	65,88,77,78,107,69	41,60,70,64,100,70	67,44,75,97,112,43	49,56,50,104,98,22	267	208	1	1.0	0.553,0.533,0.461,0.487,0.455,0.434	0.516,0.38,0.539,0.421,0.471,0.604	-0.001
121	134,184,150,149,219,222	46,65,44,67,92,78	105,133,115,189,180,77	49,38,48,84,74,28	396	311	1	1.0	0.696,0.69,0.728,0.636,0.652,0.691	0.627,0.733,0.653,0.639,0.656,0.684	0.017
122	9,9,3,6,4,8	13,10,4,8,5,12	6,0,1,2,5,5	4,2,3,6,9,5	209	209	0.866443902611	1.0	0.409,0.474,0.429,0.429,0.444,0.4	0.6,0.0,0.25,0.25,0.357,0.5	0.105
123	69,80,59,60,136,100	135,210,103,114,182,137	70,41,58,67,96,40	87,77,78,132,153,70	215	291	1	1.0	0.409,0.34,0.437,0.416,0.503,0.497	0.521,0.419,0.502,0.407,0.459,0.436	-0.024
124	1099,1809,1421,1379,2136,1783	2084,3547,2506,2321,3527,2747	1351,969,1131,1226,1746,567	2409,1620,2035,2010,3002,976	209	242	1	1.0	0.379,0.371,0.396,0.408,0.412,0.429	0.394,0.409,0.392,0.414,0.402,0.402	-0.003
125	350,525,540,388,485,456	113,186,179,122,176,177	288,297,351,421,510,205	107,81,85,157,153,46	520	251	1	1.0	0.599,0.577,0.593,0.606,0.571,0.554	0.565,0.639,0.666,0.564,0.617,0.683	-0.039
126	3428,5208,3950,3740,4898,4179	17,21,28,13,24,29	3050,2125,2848,3800,4138,1305	21,25,18,20,28,11	1846	157	1	1.0	0.945,0.955,0.923,0.961,0.946,0.925	0.925,0.878,0.931,0.942,0.926,0.91	0.024
127	3451,5220,3996,3740,4951,4199	17,21,28,13,24,29	3084,2147,2893,3842,4197,1323	21,25,18,20,28,11	1849	157	1	1.0	0.945,0.955,0.924,0.961,0.946,0.925	0.926,0.879,0.932,0.942,0.927,0.911	0.023
128	3474,5276,4023,3751,4991,4246	17,21,28,13,24,29	3108,2169,2908,3899,4206,1343	21,25,18,20,28,11	1886	157	1	1.0	0.944,0.954,0.923,0.96,0.945,0.924	0.925,0.878,0.931,0.942,0.926,0.91	0.023
129	54,70,71,80,116,71	57,43,52,41,70,65	50,37,77,90,95,27	44,36,53,74,57,32	209	194	1	1.0	0.468,0.602,0.559,0.644,0.606,0.503	0.513,0.488,0.574,0.53,0.607,0.439	0.038
130	5,7,8,3,10,5	27,48,35,15,31,41	1,4,8,9,10,8	25,28,17,28,40,15	218	218	1	1.0	0.156,0.127,0.186,0.167,0.244,0.109	0.038,0.125,0.32,0.243,0.2,0.348	-0.048
131	14,21,10,8,16,18	7,13,9,8,14,10	12,13,4,15,26,7	4,8,5,7,5,6	270	224	0.945385027527	1.0	0.624,0.573,0.48,0.453,0.487,0.599	0.713,0.574,0.399,0.64,0.812,0.492	-0.069
132	139,239,193,180,280,213	355,504,411,338,636,518	232,151,188,211,266,97	453,342,345,447,627,195	203	227	1	1.0	0.305,0.347,0.344,0.373,0.33,0.315	0.364,0.331,0.379,0.345,0.322,0.357	-0.014
133	41,74,71,38,72,70	259,388,309,237,330,356	38,20,34,31,45,15	150,69,122,147,196,51	176	272	1	1.0	0.197,0.228,0.262,0.199,0.252,0.233	0.281,0.309,0.301,0.246,0.262,0.312	-0.057
134	60,75,72,43,58,64	226,386,283,282,319,253	50,32,46,64,70,20	312,195,254,284,284,85	178	239	1	1.0	0.263,0.207,0.255,0.17,0.196,0.254	0.177,0.181,0.196,0.232,0.249,0.24	0.012
135	567,774,729,579,830,768	737,1098,968,775,1075,1009	491,295,449,766,664,164	725,427,580,1000,970,265	210	252	1	1.0	0.48,0.458,0.475,0.473,0.481,0.477	0.448,0.453,0.482,0.479,0.451,0.426	0.017
136	754,1334,1074,908,1286,1043	159,223,238,177,248,208	1046,804,816,1272,1363,361	220,147,208,277,309,91	244	182	1	1.0	0.78,0.817,0.771,0.793,0.795,0.789	0.78,0.803,0.745,0.774,0.767,0.747	0.021
137	117,165,161,142,200,153	82,111,114,96,140,125	109,85,107,146,186,73	93,66,62,111,122,58	201	188	1	1.0	0.572,0.582,0.569,0.58,0.572,0.534	0.523,0.546,0.617,0.552,0.588,0.541	0.007
138	127,161,143,137,175,175	402,592,489,516,640,640	98,65,90,126,135,68	335,220,301,420,474,204	171	206	1	1.0	0.276,0.247,0.261,0.242,0.248,0.248	0.261,0.262,0.265,0.265,0.255,0.287	-0.012
139	24,39,28,29,62,29	805,1194,1036,1154,1523,1602	18,9,12,18,29,10	865,559,748,1065,1240,412	405	231	1	1.0	0.017,0.018,0.015,0.014,0.023,0.01	0.012,0.009,0.009,0.01,0.013,0.014	0.005
140	715,979,794,842,1093,1193	805,1194,1036,1154,1523,1602	636,409,522,745,932,291	865,559,748,1065,1240,412	206	231	1	1.0	0.499,0.479,0.462,0.45,0.446,0.455	0.452,0.451,0.439,0.44,0.457,0.442	0.018
141	33,51,59,43,60,56	56,54,55,45,53,57	35,35,34,34,52,28	51,30,35,53,61,28	211	231	1	1.0	0.392,0.508,0.54,0.511,0.553,0.518	0.429,0.561,0.515,0.413,0.483,0.523	0.016
142	41,70,59,48,76,71	1357,2090,1675,1553,2119,1714	42,31,19,47,49,15	1231,811,1037,922,1494,545	158	394	1	1.0	0.07,0.077,0.081,0.072,0.082,0.094	0.078,0.087,0.044,0.113,0.076,0.064	0.002
144	163,284,192,177,247,195	22,43,36,41,62,54	199,233,226,273,269,83	44,42,39,71,53,19	190	475	1	1.0	0.949,0.943,0.93,0.915,0.909,0.9	0.919,0.933,0.935,0.906,0.927,0.916	0.002
145	163,284,192,177,247,195	303,459,395,316,460,433	199,233,226,273,269,83	387,278,332,514,482,203	190	216	1	1.0	0.379,0.413,0.356,0.389,0.379,0.339	0.369,0.488,0.436,0.376,0.388,0.317	-0.02
146	238,362,298,278,358,248	346,505,424,391,521,490	290,206,277,421,403,114	474,334,424,601,564,209	206	233	1	1.0	0.438,0.448,0.443,0.446,0.437,0.364	0.409,0.411,0.425,0.442,0.447,0.382	0.01
147	146,207,151,127,263,194	259,351,310,255,459,356	203,144,156,154,243,74	327,211,275,356,470,142	217	291	1	1.0	0.431,0.442,0.395,0.4,0.435,0.422	0.454,0.478,0.432,0.367,0.409,0.411	-0.004
148	7,3,4,5,4,12	263,375,336,231,313,342	3,0,1,6,2,1	168,99,154,213,247,56	274	247	1	1.0	0.023,0.007,0.011,0.019,0.011,0.031	0.016,0.0,0.006,0.025,0.007,0.016	0.005
149	1019,1566,1343,1172,1744,1526	582,831,716,569,796,805	1088,813,966,1173,1565,496	801,548,656,803,1077,318	281	198	1	1.0	0.552,0.57,0.569,0.592,0.607,0.572	0.489,0.511,0.509,0.507,0.506,0.524	0.069
150	102,132,132,118,100,171	61,76,108,83,75,127	79,66,76,134,108,27	69,57,59,117,101,26	228	208	1	1.0	0.604,0.613,0.527,0.565,0.549,0.551	0.511,0.514,0.54,0.511,0.494,0.486	0.059
151	24,36,21,27,36,25	39,74,56,41,56,36	19,11,17,24,26,5	23,31,28,44,48,33	226	238	1	1.0	0.393,0.339,0.283,0.41,0.404,0.422	0.465,0.272,0.39,0.365,0.363,0.138	0.043
152	14,28,18,18,21,11	44,68,53,43,68,53	19,13,19,25,24,11	73,49,51,83,101,37	189	226	1	1.0	0.276,0.33,0.289,0.334,0.27,0.199	0.237,0.241,0.308,0.265,0.221,0.262	0.027
153	78,83,84,81,83,83	191,315,209,220,314,302	24,33,56,82,81,25	122,114,197,265,230,72	174	206	1	1.0	0.326,0.238,0.322,0.304,0.238,0.245	0.189,0.255,0.252,0.268,0.294,0.291	0.021
154	301,448,315,331,432,394	718,1143,725,759,932,796	188,156,274,400,333,100	522,414,628,959,824,231	224	257	1	1.0	0.325,0.31,0.333,0.333,0.347,0.362	0.292,0.302,0.334,0.324,0.317,0.332	0.018
155	0,0,0,0,2,0	30,40,29,26,29,29	0,2,0,2,4,0	14,28,30,29,68,11	244	231	1	1.0	0.0,0.0,0.0,0.0,0.061,0.0	0.0,0.063,0.0,0.061,0.053,0.0	-0.019
156	6,32,7,21,16,9	30,40,29,26,29,29	7,13,29,12,49,14	14,28,30,29,68,11	231	231	1	1.0	0.167,0.444,0.194,0.447,0.356,0.237	0.333,0.317,0.492,0.293,0.419,0.56	-0.095
157	438,633,462,414,683,483	1301,2000,1549,1466,2214,1534	486,418,458,599,621,264	1950,1256,1432,1776,1974,667	216	299	1	1.0	0.318,0.305,0.292,0.281,0.299,0.304	0.257,0.315,0.307,0.318,0.303,0.354	-0.009
158	101,158,143,175,173,141	141,186,176,133,187,178	147,102,129,178,157,71	160,89,107,160,173,75	219	237	1	1.0	0.437,0.479,0.468,0.587,0.5,0.462	0.499,0.554,0.566,0.546,0.495,0.506	-0.039
159	67,85,78,45,95,77	170,283,186,179,259,289	50,30,59,70,78,24	168,122,184,265,288,97	186	221	1	1.0	0.319,0.263,0.333,0.23,0.304,0.24	0.261,0.226,0.276,0.239,0.243,0.227	0.036
160	42,46,41,40,51,39	60,71,67,63,92,60	43,33,30,31,44,13	37,27,29,70,75,25	185	233	1	1.0	0.469,0.449,0.435,0.444,0.411,0.45	0.594,0.606,0.566,0.358,0.425,0.396	-0.048
161	0,1,0,2,0,0	60,71,67,63,92,60	0,0,0,1,1,0	37,27,29,70,75,25	200	233	1	1.0	0.0,0.016,0.0,0.036,0.0,0.0	0.0,0.0,0.0,0.016,0.015,0.0	0.003
162	88,165,103,72,166,110	59,75,61,67,100,63	70,51,67,95,90,36	59,54,51,66,66,23	257	222	1	1.0	0.563,0.655,0.593,0.481,0.589,0.601	0.506,0.449,0.532,0.554,0.541,0.575	0.054
163	8156,13783,11009,10292,13661,11801	11506,18840,15036,13180,17859,16284	13980,10933,11354,13357,17402,6088	18925,14189,15681,18589,23563,8127	306	326	1	1.0	0.43,0.438,0.438,0.454,0.449,0.436	0.44,0.451,0.435,0.434,0.44,0.444	0.0
164	41,87,63,73,91,75	56,89,73,46,81,77	40,35,43,81,67,24	31,28,34,76,61,11	230	188	1	1.0	0.374,0.444,0.414,0.565,0.479,0.443	0.513,0.505,0.508,0.466,0.473,0.641	-0.064
165	119,160,127,107,194,129	210,322,234,172,321,220	143,102,110,130,218,90	281,211,247,273,352,127	211	249	1	1.0	0.401,0.37,0.39,0.423,0.416,0.409	0.375,0.363,0.344,0.36,0.422,0.455	0.015
166	39,82,66,34,48,58	57,81,71,43,45,52	68,26,37,50,60,16	51,42,60,79,83,18	190	214	1	1.0	0.435,0.533,0.511,0.471,0.546,0.557	0.6,0.411,0.41,0.416,0.449,0.5	0.045
168	12,22,14,8,23,17	3,7,3,6,8,20	9,5,7,21,11,6	0,1,2,4,5,0	338	338	0.20078024978	1.0	0.8,0.759,0.824,0.571,0.742,0.459	1.0,0.833,0.778,0.84,0.688,1.0	-0.164
169	58,108,79,101,113,96	128,186,124,110,149,142	90,81,98,144,91,53	161,121,150,213,219,70	218	260	1	1.0	0.351,0.409,0.432,0.523,0.475,0.446	0.4,0.444,0.438,0.446,0.331,0.475	0.017
170	349,553,525,469,589,604	217,399,390,280,367,322	452,309,404,659,648,184	272,185,319,439,368,143	216	200	1	1.0	0.598,0.562,0.555,0.608,0.598,0.635	0.606,0.607,0.54,0.582,0.62,0.544	0.009
171	10411,14602,13797,10896,16539,13117	9001,13253,12198,9197,15483,11587	15048,9393,9584,9466,14311,4601	13044,8843,8784,8887,13858,4301	611	608	1	1.0	0.535,0.523,0.53,0.541,0.515,0.53	0.534,0.514,0.521,0.515,0.507,0.516	0.011
172	155,165,176,132,179,164	504,813,533,454,645,474	137,137,132,162,184,59	571,423,511,523,643,225	178	233	1	1.0	0.287,0.21,0.302,0.276,0.266,0.312	0.239,0.298,0.253,0.288,0.273,0.256	0.008
173	255,374,332,265,369,359	110,168,132,120,186,154	239,216,219,286,316,115	127,75,104,131,126,77	202	178	1	1.0	0.671,0.662,0.689,0.661,0.636,0.673	0.624,0.717,0.65,0.658,0.688,0.568	0.015
174	962,1460,1245,1176,1677,1301	1287,2051,1993,1809,2596,2395	1455,902,1013,1227,1446,540	2059,1406,1513,2184,2427,936	237	279	1	1.0	0.468,0.456,0.424,0.434,0.432,0.39	0.454,0.43,0.441,0.398,0.412,0.404	0.011
175	1064,1686,1411,1181,1693,1434	1768,2668,2157,1992,2884,2510	1088,748,963,1252,1437,503	1733,1119,1638,2065,2540,873	233	302	1	1.0	0.438,0.45,0.459,0.435,0.432,0.425	0.449,0.464,0.432,0.44,0.423,0.428	0.001
176	2190,3632,2933,2549,3627,3109	995,1455,1106,1052,1504,1354	2354,1541,2111,2607,3074,1017	1064,631,915,1088,1252,446	302	236	1	1.0	0.632,0.661,0.675,0.654,0.653,0.642	0.634,0.656,0.643,0.652,0.657,0.641	0.006
177	64,59,69,61,78,67	67,58,63,53,59,64	33,48,50,59,80,27	37,53,44,86,64,28	202	210	1	1.0	0.498,0.514,0.532,0.545,0.579,0.521	0.481,0.485,0.542,0.416,0.565,0.501	0.033
178	37,33,39,19,22,36	23,53,48,29,58,48	37,51,29,33,50,19	43,41,22,43,67,24	221	227	1	1.0	0.623,0.39,0.455,0.402,0.28,0.435	0.469,0.561,0.575,0.441,0.434,0.448	-0.057
179	45,89,75,60,106,81	21,19,22,17,37,29	41,29,40,41,78,35	15,3,11,14,13,17	274	195	1	1.0	0.604,0.769,0.708,0.715,0.671,0.665	0.66,0.873,0.721,0.676,0.81,0.594	-0.034
181	454,771,644,462,652,506	63,88,81,52,102,76	565,328,417,480,729,220	73,52,49,71,66,38	541	210	1	1.0	0.737,0.773,0.755,0.775,0.713,0.721	0.75,0.71,0.768,0.724,0.811,0.692	0.003
182	60,107,66,87,136,107	148,204,180,188,223,153	83,43,60,106,105,19	229,135,155,215,211,59	198	250	1	1.0	0.339,0.398,0.316,0.369,0.435,0.469	0.314,0.287,0.328,0.384,0.386,0.289	0.056
183	0,0,5,7,0,8	0,6,11,1,4,3	1,0,4,4,10,0	7,4,0,7,1,0	537	570	1	1.0	NA,0.0,0.325,0.881,0.0,0.739	0.132,0.0,1.0,0.378,0.914,NA	-0.096
184	151,211,194,187,270,253	352,619,476,412,639,453	201,137,187,227,254,95	525,347,378,585,562,221	194	222	1	1.0	0.329,0.281,0.318,0.342,0.326,0.39	0.305,0.311,0.361,0.307,0.341,0.33	0.005
185	1697,2788,2325,2093,2989,2482	310,494,450,381,448,378	2285,1545,1942,2385,2982,1069	414,297,337,435,536,206	286	225	1	1.0	0.812,0.816,0.803,0.812,0.84,0.838	0.813,0.804,0.819,0.812,0.814,0.803	0.009
186	34,41,42,30,47,35	34,32,19,17,28,34	29,14,12,40,35,25	18,16,34,31,41,12	264	217	1	1.0	0.451,0.513,0.645,0.592,0.58,0.458	0.57,0.418,0.225,0.515,0.412,0.631	0.078
187	68,121,109,88,108,118	75,94,71,70,104,75	144,115,111,156,203,67	49,26,51,52,60,23	189	196	0.000274486415705	0.0314286945982225	0.485,0.572,0.614,0.566,0.519,0.62	0.753,0.821,0.693,0.757,0.778,0.751	-0.196
188	256,379,401,307,372,420	232,342,289,233,326,306	365,330,303,447,441,178	325,271,319,392,450,143	212	212	1	1.0	0.525,0.526,0.581,0.569,0.533,0.579	0.529,0.549,0.487,0.533,0.495,0.555	0.027
189	257,329,302,295,455,380	162,247,213,164,301,258	207,184,204,278,361,102	190,136,132,173,211,53	309	218	1	1.0	0.528,0.484,0.5,0.559,0.516,0.51	0.435,0.488,0.522,0.531,0.547,0.576	-0.0
190	95,124,126,97,123,128	117,235,166,155,198,128	108,67,80,144,136,49	181,109,148,250,208,57	201	201	1	1.0	0.448,0.345,0.432,0.385,0.383,0.5	0.374,0.381,0.351,0.365,0.395,0.462	0.028
191	54,94,61,40,87,61	56,69,52,45,69,59	33,30,38,46,55,11	24,21,37,45,53,31	301	281	1	1.0	0.474,0.56,0.523,0.454,0.541,0.491	0.562,0.571,0.489,0.488,0.492,0.249	0.032
192	48,35,39,40,44,40	56,69,52,45,69,59	18,16,25,21,32,16	24,21,37,45,53,31	228	281	1	1.0	0.514,0.385,0.48,0.523,0.44,0.455	0.48,0.484,0.454,0.365,0.427,0.389	0.033
193	49,35,39,40,44,38	57,79,58,62,86,49	18,16,25,21,32,16	33,26,34,46,51,13	228	301	1	1.0	0.532,0.369,0.47,0.46,0.403,0.506	0.419,0.448,0.493,0.376,0.453,0.619	-0.011
194	1,4,2,0,4,1	23,53,37,23,53,30	1,0,1,0,3,0	19,15,18,22,32,6	157	228	1	1.0	0.059,0.099,0.073,0.0,0.099,0.046	0.071,0.0,0.075,0.0,0.12,0.0	0.018
195	417,630,496,498,661,677	696,1024,828,679,1044,1057	490,342,430,521,673,286	669,539,672,824,1037,396	272	527	1	1.0	0.537,0.544,0.537,0.587,0.551,0.554	0.587,0.551,0.554,0.551,0.557,0.583	-0.012
196	30,63,56,45,79,69	1108,1830,1350,1183,1997,1392	46,47,41,79,67,26	1188,1011,1115,1624,1756,543	197	483	1	1.0	0.062,0.078,0.092,0.085,0.088,0.108	0.087,0.102,0.083,0.107,0.086,0.105	-0.009
198	1417,1738,1508,1556,2650,2050	367,437,419,439,737,519	1106,913,960,2046,1659,411	240,255,317,612,422,140	245	203	1	1.0	0.762,0.767,0.749,0.746,0.749,0.766	0.792,0.748,0.715,0.735,0.765,0.709	0.013
199	63,68,75,76,89,71	75,99,104,86,67,85	57,45,45,79,89,12	34,45,46,84,104,13	288	294	1	1.0	0.462,0.412,0.424,0.474,0.576,0.46	0.631,0.505,0.5,0.49,0.466,0.485	-0.045
200	58,101,77,68,124,68	70,128,76,76,111,105	56,47,67,85,81,24	84,53,86,110,116,34	206	214	1	1.0	0.463,0.45,0.513,0.482,0.537,0.402	0.409,0.48,0.447,0.445,0.42,0.423	0.037
201	78,106,99,69,104,57	63,71,72,47,59,36	58,38,58,97,71,20	37,32,49,59,56,25	262	238	1	1.0	0.529,0.576,0.555,0.571,0.616,0.59	0.587,0.519,0.518,0.599,0.535,0.421	0.043
203	21,42,38,32,36,32	107,165,125,124,170,131	7,20,11,6,15,7	146,91,120,117,198,54	292	242	1	1.0	0.14,0.174,0.201,0.176,0.149,0.168	0.038,0.154,0.071,0.041,0.059,0.097	0.091
204	5,11,14,5,11,12	0,4,0,1,0,1	4,6,5,3,11,0	0,0,0,0,0,0	214	202	1	1.0	1.0,0.722,1.0,0.825,1.0,0.919	1.0,1.0,1.0,1.0,1.0,NA	-0.089
205	198,277,227,185,318,247	53,95,55,59,63,54	193,150,188,258,295,115	67,39,53,67,90,23	300	215	1	1.0	0.728,0.676,0.747,0.692,0.783,0.766	0.674,0.734,0.718,0.734,0.701,0.782	0.008
206	120,226,146,127,223,202	54,96,57,60,67,57	141,92,135,178,210,76	67,40,54,68,93,24	262	215	1	1.0	0.646,0.659,0.678,0.635,0.732,0.744	0.633,0.654,0.672,0.682,0.649,0.722	0.014
207	99,243,172,156,228,145	30,47,52,43,33,50	180,192,199,300,272,99	33,23,17,36,50,21	386	241	1	1.0	0.673,0.763,0.674,0.694,0.812,0.644	0.773,0.839,0.88,0.839,0.773,0.746	-0.098
208	46,83,64,62,77,44	36,59,37,42,38,53	58,34,59,72,61,19	39,25,26,36,37,17	210	196	1	1.0	0.544,0.568,0.618,0.579,0.654,0.437	0.581,0.559,0.679,0.651,0.606,0.511	-0.031
209	31,36,31,28,34,24	34,66,33,43,45,40	13,10,18,19,34,7	25,24,19,31,25,15	305	228	1	1.0	0.405,0.29,0.413,0.327,0.361,0.31	0.28,0.238,0.415,0.314,0.504,0.259	0.016
210	570,958,928,836,1307,1214	592,807,881,747,1124,1071	979,722,904,1194,1265,329	877,732,779,983,1115,395	218	194	1	1.0	0.461,0.514,0.484,0.499,0.509,0.502	0.498,0.467,0.508,0.519,0.502,0.426	0.008
211	571,953,802,737,1247,1011	614,861,886,735,1151,1076	905,663,738,1121,1090,381	939,718,842,1109,1218,370	197	197	1	1.0	0.482,0.525,0.475,0.501,0.52,0.484	0.491,0.48,0.467,0.503,0.472,0.507	0.011
212	409,536,557,515,773,794	614,861,886,735,1151,1076	607,470,478,735,691,280	935,718,841,1110,1218,370	197	197	1	1.0	0.4,0.384,0.386,0.412,0.402,0.425	0.394,0.396,0.362,0.398,0.362,0.431	0.011
213	511,672,685,575,975,861	0,0,1,3,6,3	661,496,591,909,850,334	5,3,2,1,0,2	215	218	1	1.0	1.0,1.0,0.999,0.995,0.994,0.997	0.993,0.994,0.997,0.999,1.0,0.994	0.001
214	683,977,859,821,1339,1057	695,917,922,868,1127,1019	1004,733,789,1238,1241,369	998,768,818,1168,1242,414	215	218	1	1.0	0.499,0.519,0.486,0.49,0.546,0.513	0.505,0.492,0.494,0.518,0.503,0.475	0.011
215	627,789,822,688,1288,1072	695,918,922,869,1125,1021	929,587,742,1082,1054,381	999,768,819,1172,1242,414	224	218	1	1.0	0.468,0.455,0.465,0.435,0.527,0.505	0.475,0.427,0.469,0.473,0.452,0.472	0.015
216	683,977,859,821,1339,1057	364,605,527,464,720,626	1000,733,788,1239,1241,369	546,455,502,708,741,247	215	197	1	1.0	0.632,0.597,0.599,0.619,0.63,0.607	0.627,0.596,0.59,0.616,0.605,0.578	0.012
217	21,35,11,30,43,41	0,3,0,1,1,0	38,36,30,28,40,9	0,0,2,1,4,1	197	197	1	1.0	1.0,0.921,1.0,0.968,0.977,1.0	1.0,1.0,0.938,0.966,0.909,0.9	0.026
218	293,386,407,365,553,429	0,3,0,1,1,0	410,252,355,508,443,159	0,0,2,1,4,1	197	197	1	1.0	1.0,0.992,1.0,0.997,0.998,1.0	1.0,1.0,0.994,0.998,0.991,0.994	0.002
219	294,389,406,362,554,427	532,820,720,688,1067,805	406,252,354,506,443,157	879,593,717,952,1006,295	197	197	1	1.0	0.356,0.322,0.361,0.345,0.342,0.347	0.316,0.298,0.331,0.347,0.306,0.347	0.021
220	1135,1477,1426,1312,2214,1867	505,686,662,620,934,764	1565,1066,1278,1915,1943,655	778,551,569,845,926,306	197	197	1	1.0	0.692,0.683,0.683,0.679,0.703,0.71	0.668,0.659,0.692,0.694,0.677,0.682	0.013
221	21,34,11,30,43,41	505,688,663,620,934,764	38,37,30,28,40,9	778,551,569,845,927,306	197	197	1	1.0	0.04,0.047,0.016,0.046,0.044,0.051	0.047,0.063,0.05,0.032,0.041,0.029	-0.003
222	291,387,407,361,550,429	505,688,663,620,934,764	406,250,353,506,443,157	778,551,569,845,927,306	197	197	1	1.0	0.366,0.36,0.38,0.368,0.371,0.36	0.343,0.312,0.383,0.375,0.323,0.339	0.022
223	511,672,685,575,975,861	547,688,733,649,1076,987	663,495,591,909,850,334	798,543,660,938,901,359	215	212	1	1.0	0.479,0.491,0.48,0.466,0.472,0.462	0.45,0.473,0.469,0.489,0.482,0.478	0.002
224	293,386,407,365,553,429	21,35,11,30,43,41	410,252,355,508,443,159	38,36,30,28,40,9	197	197	1	1.0	0.933,0.917,0.974,0.924,0.928,0.913	0.915,0.875,0.922,0.948,0.917,0.946	0.011
225	291,387,407,361,550,429	21,34,11,30,43,41	406,250,353,506,443,157	38,37,30,28,40,9	197	197	1	1.0	0.933,0.919,0.974,0.923,0.927,0.913	0.914,0.871,0.922,0.948,0.917,0.946	0.012
226	291,385,406,361,548,430	348,485,460,397,733,635	406,250,353,506,443,157	539,351,443,651,620,205	197	197	1	1.0	0.455,0.443,0.469,0.476,0.428,0.404	0.43,0.416,0.443,0.437,0.417,0.434	0.016
227	430,585,637,517,859,757	658,891,862,796,1341,1167	605,426,582,795,751,302	938,678,756,1172,1168,396	215	215	1	1.0	0.395,0.396,0.425,0.394,0.39,0.393	0.392,0.386,0.435,0.404,0.391,0.433	-0.008
229	435,788,500,490,805,519	144,221,144,118,194,167	585,388,535,553,728,196	152,134,154,136,209,64	284	206	1	1.0	0.687,0.721,0.716,0.751,0.751,0.693	0.736,0.677,0.716,0.747,0.716,0.69	0.006
230	543,939,713,646,1025,826	400,606,416,385,620,459	746,483,630,662,999,360	491,313,424,480,604,206	428	284	1	1.0	0.474,0.507,0.532,0.527,0.523,0.544	0.502,0.506,0.496,0.478,0.523,0.537	0.011
231	13,12,10,5,12,10	157,241,158,178,237,212	4,1,6,7,13,5	165,117,123,172,222,86	157	305	1	1.0	0.139,0.088,0.109,0.052,0.09,0.084	0.045,0.016,0.087,0.073,0.102,0.101	0.023
232	24,30,22,22,45,42	6,18,6,2,18,9	24,15,12,26,26,16	6,2,10,5,5,1	183	157	1	1.0	0.774,0.588,0.759,0.904,0.682,0.8	0.774,0.865,0.507,0.817,0.817,0.932	-0.034
233	95,196,141,130,212,179	61,115,53,63,101,74	126,78,102,140,194,70	68,53,67,48,92,31	387	223	1	1.0	0.473,0.495,0.605,0.543,0.547,0.582	0.516,0.459,0.467,0.627,0.549,0.565	0.01
234	26,37,40,29,34,42	123,172,165,142,224,178	30,23,20,33,37,8	131,88,129,152,205,60	252	249	1	1.0	0.173,0.175,0.193,0.168,0.13,0.189	0.185,0.205,0.133,0.177,0.151,0.116	0.01
235	259,365,300,231,383,372	109,132,107,99,138,130	280,180,242,275,351,94	94,58,88,108,114,32	239	215	1	1.0	0.681,0.713,0.716,0.677,0.714,0.72	0.728,0.736,0.712,0.696,0.735,0.725	-0.018
236	1325,2030,1706,1508,2538,2143	311,506,416,386,610,482	1643,1326,1478,2062,2265,824	416,329,348,451,547,199	334	183	1	1.0	0.7,0.687,0.692,0.682,0.695,0.709	0.684,0.688,0.699,0.715,0.694,0.694	-0.002
237	50,35,40,25,41,33	14,24,14,18,17,11	20,26,16,29,43,11	10,4,5,12,10,4	396	311	1	1.0	0.737,0.534,0.692,0.522,0.654,0.702	0.611,0.836,0.715,0.655,0.772,0.684	-0.072
238	22,19,17,22,24,31	85,101,118,88,153,113	10,19,12,13,13,7	85,67,75,129,120,48	210	212	1	1.0	0.207,0.16,0.127,0.202,0.137,0.217	0.106,0.223,0.139,0.092,0.099,0.128	0.044
239	4,5,5,8,10,7	85,101,118,88,153,113	0,3,4,2,3,2	85,67,75,129,120,48	254	212	1	1.0	0.038,0.04,0.034,0.071,0.052,0.049	0.0,0.036,0.043,0.013,0.02,0.034	0.023
240	82,105,105,108,141,133	61,100,89,81,112,111	96,73,100,126,120,75	76,59,65,124,89,43	297	258	1	1.0	0.539,0.477,0.506,0.537,0.522,0.51	0.523,0.518,0.572,0.469,0.539,0.602	-0.022
241	1,0,0,2,6,2	20,45,35,38,66,39	0,0,0,0,0,0	30,25,20,35,56,16	208	260	1	1.0	0.059,0.0,0.0,0.062,0.102,0.06	0.0,0.0,0.0,0.0,0.0,0.0	0.047
