IncLevel1	IncLevel2	IncLevelDifference
0.966,1.0	1.0,1.0	-0.017
1.0,1.0	1.0,0.976	0.012
0.01,0.008	0.005,0.0	0.007
0.887,0.417	1.0,0.506	-0.101
0.0,0.051	0.0,0.0	0.025
0.805,0.837	0.863,0.808	-0.015
0.985,1.0	1.0,1.0	-0.008
0.003,0.01	0.057,0.042	-0.043
0.005,0.003	0.002,0.001	0.003
0.963,0.989	1.0,0.974	-0.011
0.709,0.861	0.619,0.565	0.193
0.198,0.251	0.133,0.429	-0.057
0.342,0.234	0.29,0.21	0.038
0.0,0.092	0.213,0.174	-0.148
1.0,1.0	1.0,0.984	0.008
0.033,0.052	0.054,0.029	0.001
0.872,0.933	0.803,0.783	0.11
0.428,0.491	0.319,0.347	0.127
0.019,0.0	0.046,0.043	-0.035
1.0,0.853	1.0,0.909	-0.028
1.0,0.687	0.927,0.94	-0.09
1.0,1.0	1.0,0.988	0.006
1.0,0.985	0.91,1.0	0.037
0.995,0.993	1.0,1.0	-0.006
0.319,0.289	0.085,0.129	0.197
0.007,0.016	0.013,0.002	0.004
0.072,0.068	0.103,0.082	-0.022
0.023,0.005	0.187,0.067	-0.113
0.007,0.008	0.013,0.022	-0.01
0.117,0.046	0.0,0.179	-0.008
0.84,0.839	0.736,0.801	0.071
0.013,0.003	0.01,0.01	-0.002
0.934,1.0	1.0,0.746	0.094
0.929,0.948	1.0,0.962	-0.042
1.0,0.951	1.0,1.0	-0.024
0.052,0.039	0.035,0.048	0.004
0.042,0.025	0.051,0.028	-0.006
0.127,0.154	0.161,0.203	-0.041
0.009,0.024	0.038,0.025	-0.015
1.0,1.0	0.663,0.694	0.322
1.0,0.931	1.0,1.0	-0.034
0.991,1.0	1.0,1.0	-0.004
0.02,0.0	0.0,0.0	0.01
1.0,1.0	1.0,0.989	0.006
0.983,1.0	1.0,1.0	-0.008
0.979,1.0	1.0,1.0	-0.01
0.936,1.0	1.0,1.0	-0.032
1.0,0.939	0.977,0.973	-0.005
0.15,0.137	0.116,0.194	-0.011
0.908,0.901	0.768,0.83	0.106
0.012,0.011	0.003,0.0	0.01
1.0,0.994	1.0,0.989	0.003
0.019,0.003	0.052,0.009	-0.019
0.167,0.157	0.138,0.09	0.048
0.594,0.31	0.467,0.148	0.144
0.002,0.0	0.002,0.001	-0.001
0.969,0.841	0.469,0.43	0.456
0.755,0.907	1.0,1.0	-0.169
0.377,0.611	0.171,0.167	0.325
0.971,0.978	1.0,1.0	-0.026
0.206,0.205	0.027,0.041	0.171
0.02,0.023	0.025,0.012	0.003
0.054,0.066	0.114,0.043	-0.019
0.096,0.341	0.0,0.309	0.064
0.999,1.0	1.0,1.0	-0.0
0.509,0.361	0.777,0.705	-0.306
0.926,0.924	0.978,0.977	-0.052
0.935,0.931	0.98,0.978	-0.046
0.997,1.0	1.0,1.0	-0.002
0.908,0.812	0.474,0.653	0.297
0.022,0.017	0.036,0.033	-0.015
0.082,0.056	0.063,0.147	-0.036
0.487,0.501	0.386,0.437	0.083
0.0,0.078	0.078,0.24	-0.12
1.0,1.0	0.452,0.0	0.774
1.0,0.995	0.987,1.0	0.004
0.011,0.01	0.013,0.01	-0.001
0.967,0.951	1.0,1.0	-0.041
0.016,0.023	0.029,0.034	-0.012
0.047,0.073	0.054,0.035	0.015
0.0,0.0	0.728,0.0	-0.364
0.471,0.284	0.914,0.924	-0.542
1.0,0.975	1.0,1.0	-0.012
0.961,0.976	0.988,0.978	-0.015
0.0,0.0	0.0,0.1	-0.05
1.0,0.652	0.319,0.413	0.46
0.064,0.1	0.0,0.0	0.082
0.0,0.311	0.102,0.057	0.076
0.041,0.088	0.04,0.049	0.02
0.011,0.011	0.0,0.008	0.007
0.992,0.981	1.0,1.0	-0.014
1.0,0.962	1.0,1.0	-0.019
0.939,0.968	1.0,0.979	-0.036
0.009,0.012	0.024,0.012	-0.008
0.915,0.97	0.899,0.913	0.036
0.142,0.138	0.0,0.056	0.112
0.992,0.991	1.0,0.994	-0.005
0.604,0.303	0.0,0.179	0.364
0.029,0.057	0.097,0.09	-0.05
0.988,1.0	1.0,0.977	0.006
0.01,0.009	0.01,0.009	0.0
0.901,0.854	1.0,1.0	-0.123
0.068,0.101	0.0,0.114	0.028
0.125,0.475	0.501,0.448	-0.175
0.019,0.0	0.0,0.0	0.009
0.003,0.001	0.013,0.011	-0.01
0.01,0.007	0.004,0.011	0.001
0.921,0.909	0.969,0.943	-0.041
0.011,0.009	0.015,0.013	-0.004
0.944,0.749	0.658,0.433	0.301
0.991,1.0	1.0,1.0	-0.004
0.692,0.38	0.658,0.784	-0.185
0.998,0.999	0.994,0.992	0.005
1.0,1.0	1.0,0.988	0.006
1.0,0.983	1.0,0.872	0.056
0.114,0.207	0.21,0.139	-0.014
0.677,0.884	1.0,0.915	-0.177
0.241,0.304	0.349,0.231	-0.018
0.003,0.006	0.002,0.001	0.003
0.076,0.072	0.011,0.041	0.048
0.967,0.973	0.989,0.967	-0.008
0.0,0.0	0.102,0.0	-0.051
0.0,0.0	0.063,0.071	-0.067
0.011,0.006	0.023,0.043	-0.025
0.714,0.717	0.23,0.298	0.452
0.024,0.023	0.0,0.094	-0.024
0.148,0.112	0.092,0.104	0.032
0.24,0.148	0.011,0.02	0.178
0.052,0.097	0.081,0.039	0.014
0.275,0.476	0.517,0.548	-0.157
0.017,0.008	0.003,0.005	0.009
0.003,0.01	0.01,0.009	-0.003
0.007,0.008	0.0,0.0	0.007
0.126,0.146	0.052,0.009	0.106
0.336,0.498	0.153,0.319	0.181
0.951,1.0	1.0,1.0	-0.024
0.73,0.659	0.333,0.34	0.358
0.001,0.002	0.002,0.003	-0.001
0.995,0.992	0.995,1.0	-0.004
0.499,0.633	0.764,0.583	-0.107
1.0,0.678	1.0,1.0	-0.161
0.619,0.565	0.736,0.711	-0.132
1.0,1.0	0.235,0.45	0.657
0.005,0.006	0.002,0.006	0.001
0.005,0.004	0.006,0.007	-0.002
0.725,0.351	0.358,0.565	0.077
0.824,1.0	NA,0.438	0.474
0.924,0.766	0.806,0.733	0.075
0.664,0.662	0.53,0.599	0.099
0.951,0.989	1.0,0.93	0.005
0.836,0.755	0.958,0.951	-0.159
0.923,0.877	0.838,0.93	0.016
0.977,1.0	0.992,0.994	-0.005
0.779,0.0	1.0,0.718	-0.469
0.504,0.316	0.0,0.357	0.232
1.0,0.744	1.0,1.0	-0.128
1.0,0.812	NA,1.0	-0.094
0.446,0.47	0.392,0.421	0.051
0.609,0.663	0.834,0.533	-0.047
0.614,0.667	0.837,0.538	-0.047
0.012,0.0	0.0,0.003	0.005
0.666,0.767	0.902,0.898	-0.183
0.957,0.966	0.969,0.967	-0.006
0.035,0.038	0.076,0.088	-0.045
0.182,0.142	0.106,0.147	0.035
0.722,0.699	0.5,0.582	0.169
0.333,0.412	0.91,0.82	-0.492
0.115,0.092	0.148,0.093	-0.017
0.016,0.016	0.012,0.014	0.003
0.022,0.046	0.024,0.035	0.005
0.835,0.72	0.7,0.528	0.163
0.005,0.003	0.005,0.004	-0.001
0.783,0.765	0.888,0.867	-0.103
0.817,0.854	0.925,0.921	-0.088
0.735,0.841	0.822,0.863	-0.054
0.926,1.0	1.0,1.0	-0.037
0.592,0.515	0.22,0.362	0.263
0.855,0.894	0.889,0.884	-0.012
0.857,0.899	0.916,0.9	-0.03
1.0,0.989	0.95,0.988	0.025
0.605,0.499	0.353,0.577	0.087
1.0,0.876	0.865,0.722	0.144
0.51,0.564	0.416,0.413	0.122
0.335,0.312	0.106,0.103	0.219
0.673,1.0	0.407,0.673	0.296
0.019,0.111	0.0,0.0	0.065
0.182,0.222	0.322,0.277	-0.097
0.119,0.134	0.083,0.052	0.059
0.179,0.208	0.05,0.055	0.141
0.164,0.136	0.02,0.043	0.119
0.886,0.944	0.894,0.932	0.002
0.033,0.041	0.009,0.022	0.022
0.661,0.493	0.493,1.0	-0.169
0.764,1.0	1.0,0.493	0.136
1.0,0.977	0.992,0.992	-0.004
0.359,0.43	0.335,0.779	-0.163
0.275,0.238	0.551,0.523	-0.281
0.803,0.896	0.762,0.701	0.118
1.0,0.996	0.992,0.998	0.003
0.592,0.294	0.272,0.418	0.098
1.0,1.0	1.0,0.448	0.276
0.038,0.08	0.072,0.049	-0.002
0.537,0.68	0.842,0.646	-0.135
1.0,1.0	NA,0.0	1.0
0.085,0.068	0.186,0.238	-0.135
0.072,0.035	0.019,0.008	0.04
0.007,0.015	0.021,0.013	-0.006
0.006,0.007	0.018,0.0	-0.002
0.969,1.0	0.957,1.0	0.006
0.063,0.019	0.024,0.023	0.018
0.014,0.015	0.01,0.012	0.003
0.008,0.009	0.009,0.014	-0.003
0.076,0.209	0.398,0.598	-0.356
1.0,1.0	1.0,0.969	0.016
0.0,0.0	0.001,0.0	-0.001
0.002,0.0	0.0,0.002	0.0
0.796,0.941	0.754,0.908	0.038
NA,0.325	0.59,0.0	0.03
0.09,0.141	0.395,0.306	-0.235
0.061,0.268	1.0,0.785	-0.728
NA,1.0	0.0,1.0	0.5
0.0,0.006	0.021,0.0	-0.008
0.341,0.353	0.193,0.182	0.159
1.0,1.0	1.0,0.987	0.006
0.087,0.053	0.118,0.075	-0.027
1.0,0.993	0.99,0.987	0.008
0.084,0.097	0.128,0.079	-0.013
0.059,0.089	0.04,0.037	0.035
0.996,0.994	1.0,1.0	-0.005
0.024,0.044	0.04,0.097	-0.035
0.13,0.175	0.259,0.225	-0.089
0.59,1.0	1.0,1.0	-0.205
0.912,0.911	0.894,0.809	0.06
0.069,0.083	0.126,0.102	-0.038
1.0,1.0	1.0,0.99	0.005
0.0,0.009	0.0,0.0	0.004
0.945,1.0	1.0,0.939	0.003
0.051,0.01	0.027,0.029	0.002
0.559,0.629	0.893,0.727	-0.216
0.971,0.978	0.948,1.0	0.0
0.908,0.611	1.0,0.741	-0.111
0.838,0.484	1.0,0.607	-0.142
0.183,0.228	0.253,0.183	-0.012
0.814,0.379	1.0,0.56	-0.183
0.151,0.108	0.245,0.112	-0.049
0.632,0.944	0.781,0.874	-0.039
1.0,1.0	0.918,1.0	0.041
0.082,0.174	0.025,0.0	0.116
1.0,0.245	0.493,0.0	0.376
0.028,0.017	0.044,0.02	-0.01
0.956,0.962	0.914,0.949	0.027
1.0,0.245	NA,0.0	0.623
0.974,1.0	1.0,1.0	-0.013
0.162,0.137	0.226,0.105	-0.016
0.142,0.147	0.178,0.108	0.002
0.119,0.144	0.165,0.104	-0.003
0.05,0.127	0.166,0.068	-0.029
0.279,0.721	0.139,1.0	-0.07
0.008,0.007	0.005,0.007	0.001
0.989,0.992	0.982,0.996	0.001
0.017,0.014	0.021,0.023	-0.006
0.141,0.167	0.13,0.131	0.023
0.035,0.079	0.092,0.031	-0.004
0.024,0.059	0.008,0.077	-0.001
0.016,0.02	0.012,0.003	0.011
0.98,0.975	0.985,0.979	-0.004
0.079,0.111	0.087,0.217	-0.057
0.94,0.927	0.955,0.968	-0.028
0.951,1.0	1.0,1.0	-0.024
0.988,1.0	0.978,1.0	0.005
0.475,0.445	0.351,0.475	0.047
0.734,0.745	0.793,0.765	-0.039
0.882,0.937	1.0,1.0	-0.091
0.028,0.05	0.021,0.005	0.026
0.0,0.0	0.057,0.0	-0.029
0.941,0.908	0.877,0.852	0.06
0.001,0.001	0.002,0.002	-0.001
0.091,0.078	0.109,0.099	-0.02
0.565,1.0	1.0,0.0	0.282
0.094,0.144	0.143,0.144	-0.024
0.92,0.948	0.915,0.958	-0.003
0.521,0.534	0.528,0.343	0.092
0.056,0.091	0.156,0.109	-0.059
0.932,0.902	0.859,0.802	0.087
0.606,0.785	0.894,0.816	-0.159
0.16,0.153	0.397,0.198	-0.141
0.257,0.233	0.311,0.348	-0.085
0.564,0.27	0.0,NA	0.417
0.907,0.925	0.931,0.98	-0.039
1.0,1.0	0.985,1.0	0.008
0.862,0.925	0.941,0.887	-0.02
0.427,0.716	0.618,0.425	0.05
0.745,0.541	0.206,0.427	0.327
0.031,0.063	0.559,0.315	-0.39
0.181,0.307	0.0,0.0	0.244
0.212,0.212	0.0,0.146	0.139
0.061,0.078	0.0,0.087	0.026
1.0,1.0	0.998,1.0	0.001
0.079,0.101	0.101,0.098	-0.01
0.085,0.296	0.299,0.081	0.001
0.223,0.254	0.258,0.316	-0.049
0.021,0.009	0.0,0.012	0.009
NA,0.499	1.0,0.692	-0.347
0.065,0.134	0.059,0.127	0.007
0.0,0.195	0.0,0.0	0.098
0.984,0.99	1.0,0.979	-0.003
0.002,0.004	0.005,0.005	-0.002
0.852,0.83	0.876,0.727	0.039
0.804,0.74	1.0,0.662	-0.059
0.926,0.879	0.941,0.818	0.023
0.0,0.04	0.0,0.038	0.001
0.588,0.474	0.44,0.411	0.105
0.121,0.0	0.084,0.143	-0.053
1.0,0.859	1.0,0.91	-0.026
0.0,0.232	0.0,0.0	0.116
0.997,0.984	0.998,0.994	-0.006
0.083,0.075	0.083,0.093	-0.009
1.0,0.989	1.0,1.0	-0.006
0.98,0.995	0.988,0.973	0.007
0.018,0.017	0.079,0.067	-0.056
0.003,0.005	0.002,0.0	0.003
1.0,0.97	0.925,0.851	0.097
0.875,0.753	0.734,0.832	0.031
1.0,0.867	1.0,1.0	-0.067
0.083,0.111	0.032,0.064	0.049
0.943,0.945	0.88,0.929	0.039
0.439,0.421	0.8,0.777	-0.358
0.155,0.225	0.062,0.065	0.127
0.048,0.0	0.0,0.0	0.024
0.107,0.085	0.065,0.061	0.033
0.0,0.093	0.564,0.593	-0.532
0.862,0.864	0.391,0.422	0.457
0.938,0.933	0.512,0.476	0.442
1.0,0.993	1.0,1.0	-0.004
1.0,1.0	1.0,0.952	0.024
0.997,0.984	0.957,0.973	0.025
0.012,0.021	0.031,0.027	-0.012
0.028,0.029	0.012,0.022	0.011
0.001,0.0	0.001,0.003	-0.002
0.495,0.499	0.658,0.574	-0.119
0.189,0.184	0.047,0.0	0.163
0.421,0.447	0.421,0.447	0.0
0.034,0.017	0.081,0.05	-0.04
0.173,0.169	0.249,0.284	-0.095
1.0,0.985	0.917,0.979	0.044
0.015,0.015	0.016,0.006	0.004
0.988,1.0	1.0,0.98	0.004
0.954,0.902	0.867,0.973	0.008
0.027,0.036	0.037,0.021	0.003
0.018,0.009	0.021,0.012	-0.003
0.877,0.821	0.92,0.898	-0.06
0.023,0.029	0.041,0.03	-0.01
0.991,0.996	1.0,1.0	-0.006
0.824,0.819	0.855,0.811	-0.012
0.998,1.0	1.0,1.0	-0.001
0.885,0.893	1.0,1.0	-0.111
0.014,0.009	0.016,0.015	-0.004
0.005,0.003	0.007,0.011	-0.005
0.998,0.999	0.999,0.994	0.002
0.962,0.98	1.0,1.0	-0.029
0.767,0.814	0.883,0.904	-0.103
0.909,0.852	1.0,0.982	-0.11
0.955,1.0	1.0,0.987	-0.016
0.009,0.013	0.004,0.008	0.005
0.0,0.009	0.0,0.005	0.002
0.951,0.9	1.0,1.0	-0.075
0.638,0.67	0.41,0.404	0.247
0.027,0.006	0.017,0.005	0.005
0.996,0.992	0.996,0.996	-0.002
0.045,0.039	0.016,0.019	0.024
1.0,1.0	1.0,0.993	0.004
0.003,0.003	0.005,0.006	-0.002
1.0,0.999	0.998,0.999	0.001
1.0,0.851	1.0,1.0	-0.075
0.96,1.0	1.0,1.0	-0.02
0.492,0.506	0.406,0.401	0.095
0.0,0.001	0.001,0.0	0.0
0.237,0.236	0.152,0.156	0.082
0.009,0.015	0.006,0.012	0.003
0.987,0.98	0.983,1.0	-0.008
0.97,0.964	0.971,1.0	-0.019
0.253,0.296	0.319,0.335	-0.053
0.39,0.473	0.25,0.44	0.087
1.0,0.993	1.0,1.0	-0.004
0.0,0.0	0.0,0.0	0.0
0.633,0.879	1.0,0.876	-0.182
0.945,0.87	0.864,0.86	0.045
1.0,1.0	1.0,0.961	0.02
0.257,0.27	0.046,0.17	0.155
1.0,1.0	1.0,0.863	0.069
NA,1.0	NA,0.0	1.0
0.001,0.002	0.001,0.002	0.0
0.036,0.034	0.016,0.009	0.023
0.369,0.26	0.358,0.342	-0.035
1.0,0.572	0.401,0.308	0.431
0.588,0.416	0.781,1.0	-0.389
0.018,0.021	0.027,0.101	-0.044
0.396,0.375	0.34,0.3	0.066
0.823,1.0	1.0,0.823	0.0
0.853,1.0	1.0,0.898	-0.023
0.969,1.0	1.0,1.0	-0.016
0.707,0.682	0.34,0.515	0.267
0.074,0.0	0.443,0.0	-0.184
1.0,0.999	0.999,0.999	0.001
0.96,0.962	0.962,0.958	0.001
0.998,0.997	0.997,0.995	0.002
0.998,0.997	0.997,0.996	0.001
0.993,0.993	0.997,0.987	0.001
0.999,0.998	0.998,0.998	0.0
0.999,0.999	0.999,0.998	0.001
0.999,0.999	0.998,0.999	0.001
0.093,0.081	0.023,0.025	0.063
0.309,0.274	0.046,0.104	0.216
0.006,0.015	0.015,0.018	-0.006
0.314,0.38	0.104,0.142	0.224
0.993,0.995	0.983,0.98	0.012
0.013,0.037	0.03,0.043	-0.011
0.068,0.071	0.116,0.075	-0.026
0.915,1.0	NA,1.0	-0.042
0.102,0.157	0.217,0.204	-0.081
0.492,0.471	0.635,0.638	-0.155
1.0,NA	1.0,0.0	0.5
1.0,NA	NA,0.463	0.537
0.986,0.974	0.98,0.995	-0.008
0.956,0.981	1.0,0.998	-0.031
0.263,0.071	0.121,0.352	-0.069
1.0,1.0	1.0,0.975	0.012
0.931,1.0	1.0,1.0	-0.034
0.23,0.254	0.357,0.469	-0.171
0.026,0.053	0.512,0.52	-0.477
0.343,0.254	0.24,0.4	-0.022
0.077,0.083	0.29,0.065	-0.097
1.0,0.992	0.958,0.945	0.044
0.014,0.007	0.036,0.0	-0.007
1.0,1.0	1.0,0.0	0.5
0.956,1.0	1.0,1.0	-0.022
0.167,0.086	0.138,0.1	0.007
1.0,0.995	1.0,1.0	-0.002
0.013,0.015	0.03,0.0	-0.001
0.925,0.936	0.936,0.939	-0.007
NA,0.413	1.0,NA	-0.587
0.054,0.06	0.053,0.047	0.007
0.017,0.037	0.036,0.021	-0.001
1.0,1.0	0.997,0.992	0.006
0.947,0.928	0.996,0.983	-0.052
0.971,0.966	0.989,0.98	-0.016
0.862,0.962	0.899,0.97	-0.023
1.0,0.0	NA,0.482	0.018
0.136,0.186	0.894,0.777	-0.674
0.923,0.954	0.726,1.0	0.076
0.633,0.631	0.446,0.543	0.137
0.839,0.678	0.819,0.856	-0.079
0.71,0.434	0.754,0.822	-0.216
0.229,0.102	0.363,0.412	-0.222
0.008,0.01	0.018,0.003	-0.001
0.356,0.376	0.203,0.214	0.157
0.782,0.729	1.0,NA	-0.244
1.0,1.0	0.987,1.0	0.006
0.356,0.45	0.02,0.049	0.369
0.692,0.542	0.651,0.583	0.0
0.666,0.586	0.702,0.667	-0.058
0.356,0.701	1.0,0.931	-0.437
0.0,0.035	0.016,0.0	0.01
0.335,0.055	0.171,0.156	0.032
0.027,0.004	0.009,0.009	0.007
1.0,0.963	1.0,1.0	-0.018
1.0,0.693	0.693,1.0	0.0
0.051,0.062	0.072,0.054	-0.007
0.123,0.071	0.025,0.013	0.078
0.041,0.024	0.14,0.114	-0.095
0.367,0.355	0.153,0.177	0.196
0.96,1.0	0.953,0.976	0.016
0.127,0.16	0.31,0.412	-0.217
0.906,0.866	0.899,0.924	-0.025
0.022,0.006	0.028,0.039	-0.02
0.157,0.318	0.0,0.117	0.179
0.062,0.051	0.193,0.164	-0.122
0.96,0.969	0.992,0.967	-0.015
0.127,0.0	0.117,0.0	0.005
1.0,0.7	0.482,0.21	0.504
0.22,0.514	1.0,0.717	-0.492
0.091,0.311	1.0,0.878	-0.738
0.008,0.012	0.001,0.005	0.007
0.105,0.086	0.121,0.026	0.022
0.644,0.718	0.384,0.571	0.204
0.204,0.248	0.111,0.269	0.036
0.062,0.058	0.0,0.05	0.035
0.0,0.008	0.0,0.027	-0.009
0.985,1.0	1.0,1.0	-0.008
0.072,0.126	0.316,0.297	-0.207
0.43,0.62	1.0,0.861	-0.405
0.9,0.973	1.0,0.952	-0.039
0.948,0.956	0.912,0.989	0.001
0.959,0.948	0.977,0.979	-0.024
0.999,1.0	1.0,1.0	-0.0
0.767,0.782	0.857,0.904	-0.106
0.0,0.0	0.0,0.005	-0.003
0.0,0.0	0.047,0.0	-0.024
0.88,0.774	0.714,0.882	0.029
0.03,0.0	0.032,0.031	-0.017
0.042,0.022	0.043,0.025	-0.002
0.003,0.007	0.006,0.005	-0.0
0.006,0.0	0.014,0.0	-0.004
1.0,1.0	0.925,1.0	0.037
0.041,0.041	0.034,0.0	0.024
0.854,0.825	0.878,0.937	-0.068
0.9,1.0	1.0,0.929	-0.015
0.284,0.327	0.306,0.286	0.01
1.0,1.0	1.0,0.886	0.057
0.987,1.0	1.0,1.0	-0.006
1.0,0.944	1.0,1.0	-0.028
1.0,1.0	1.0,0.995	0.002
0.563,0.708	0.131,0.53	0.305
0.186,0.161	0.2,0.232	-0.043
0.137,0.232	0.151,0.203	0.008
0.106,0.137	0.073,0.175	-0.003
0.504,0.352	0.311,0.622	-0.039
0.16,0.0	0.0,0.487	-0.163
0.818,0.829	1.0,0.948	-0.151
0.986,1.0	1.0,0.993	-0.003
0.222,0.193	0.182,0.169	0.032
0.961,0.981	1.0,0.977	-0.017
0.013,0.045	0.036,0.011	0.005
0.219,0.156	0.085,0.108	0.091
0.177,0.138	0.088,0.107	0.06
0.165,0.382	0.612,0.639	-0.352
0.051,0.052	0.152,0.137	-0.093
0.968,0.961	1.0,1.0	-0.036
0.841,0.865	0.955,0.983	-0.116
0.733,0.722	0.627,0.773	0.028
0.359,0.493	0.722,0.74	-0.305
0.275,0.345	0.273,0.198	0.074
0.93,0.929	1.0,0.911	-0.026
0.948,0.944	1.0,0.942	-0.025
0.026,0.035	0.018,0.015	0.014
0.185,0.149	0.185,0.147	0.001
0.023,0.04	0.02,0.03	0.006
0.443,0.102	0.374,0.857	-0.343
0.0,0.004	0.007,0.004	-0.003
0.72,0.63	0.708,0.65	-0.004
0.982,0.972	0.898,0.943	0.056
0.474,0.678	0.546,0.595	0.006
0.356,0.0	0.0,0.0	0.178
0.847,0.833	0.901,0.933	-0.077
0.033,0.026	0.015,0.027	0.009
0.091,0.058	0.07,0.063	0.008
0.01,0.016	0.003,0.011	0.006
0.009,0.006	0.0,0.009	0.003
0.782,0.834	0.152,0.417	0.524
0.004,0.006	0.004,0.006	0.0
0.926,1.0	1.0,1.0	-0.037
0.975,0.986	0.946,0.961	0.027
0.515,0.501	0.658,0.708	-0.175
0.0,0.0	0.027,0.07	-0.049
0.343,1.0	0.594,1.0	-0.125
0.318,1.0	0.572,1.0	-0.127
0.459,0.648	0.515,0.793	-0.101
1.0,0.895	0.673,0.892	0.165
0.051,0.05	0.243,0.193	-0.167
0.03,0.0	0.0,0.0	0.015
0.607,0.761	0.147,0.306	0.457
0.084,0.08	0.037,0.02	0.054
0.13,0.212	0.063,0.024	0.128
0.586,0.589	0.434,0.41	0.165
0.03,0.012	0.012,0.027	0.001
0.878,0.85	0.766,0.783	0.09
0.299,1.0	0.0,1.0	0.149
0.04,0.052	0.0,0.058	0.017
1.0,0.739	1.0,1.0	-0.131
0.396,0.346	0.541,0.174	0.013
0.0,0.262	0.0,0.0	0.131
0.266,0.174	0.313,0.211	-0.042
1.0,1.0	1.0,1.0	0.0
0.001,0.001	0.001,0.002	-0.001
0.029,0.021	0.036,0.005	0.005
0.763,0.763	0.686,0.715	0.062
0.161,0.163	0.238,0.093	-0.003
0.98,0.998	0.994,0.986	-0.001
0.0,0.0	0.05,0.037	-0.043
0.0,0.0	0.0,0.001	-0.001
0.069,0.096	0.084,0.097	-0.008
1.0,0.98	1.0,1.0	-0.01
0.036,0.018	0.008,0.007	0.019
0.723,0.746	0.0,0.0	0.734
1.0,0.495	0.269,0.082	0.572
0.606,0.763	0.754,0.697	-0.041
1.0,1.0	1.0,0.792	0.104
0.914,0.875	0.918,0.919	-0.024
0.004,0.0	0.005,0.002	-0.002
0.007,0.009	0.006,0.01	0.0
0.013,0.006	0.005,0.007	0.003
0.474,0.598	0.773,0.627	-0.164
0.321,0.582	0.348,0.211	0.172
0.749,0.778	0.786,0.954	-0.106
0.966,1.0	1.0,1.0	-0.017
0.933,0.988	1.0,0.976	-0.027
0.774,0.783	0.667,0.58	0.155
1.0,0.773	1.0,1.0	-0.113
0.725,0.683	0.683,0.545	0.09
0.008,0.012	0.019,0.012	-0.005
0.003,0.003	0.005,0.003	-0.001
0.005,0.021	0.031,0.028	-0.016
0.745,1.0	0.594,1.0	0.076
0.004,0.0	0.003,0.003	-0.001
0.0,0.0	0.004,0.0	-0.002
1.0,0.961	0.976,1.0	-0.008
1.0,0.995	1.0,1.0	-0.002
0.953,1.0	1.0,0.964	-0.006
0.113,0.249	0.685,0.466	-0.395
0.098,0.151	0.475,0.33	-0.278
0.421,0.257	0.069,0.244	0.182
0.086,0.026	0.218,0.156	-0.131
0.709,0.779	0.782,0.761	-0.028
0.064,0.048	0.041,0.018	0.027
0.142,0.088	0.124,0.089	0.008
1.0,0.661	1.0,0.661	0.0
0.976,0.939	0.996,0.992	-0.036
0.002,0.002	0.0,0.003	0.001
0.001,0.004	0.016,0.008	-0.009
0.625,0.594	0.834,0.396	-0.006
0.973,0.974	1.0,1.0	-0.026
0.042,0.029	0.052,0.031	-0.006
0.807,0.799	0.753,0.574	0.14
0.057,0.033	0.049,0.029	0.006
0.994,0.994	0.985,0.993	0.005
0.542,0.523	0.804,0.787	-0.263
0.837,0.965	1.0,0.774	0.014
0.895,0.0	0.239,0.274	0.191
0.526,0.553	1.0,1.0	-0.46
0.902,1.0	1.0,1.0	-0.049
1.0,0.933	1.0,1.0	-0.033
0.778,0.832	0.813,0.96	-0.082
0.952,0.903	0.903,0.837	0.057
0.212,0.461	0.229,0.668	-0.112
0.0,NA	0.661,1.0	-0.831
0.012,0.0	0.006,0.04	-0.017
0.0,0.0	0.022,0.0	-0.011
0.537,0.573	0.937,0.712	-0.27
0.97,0.98	0.994,1.0	-0.022
0.033,0.03	0.011,0.028	0.012
1.0,0.973	1.0,1.0	-0.014
0.218,0.484	0.201,0.203	0.149
NA,1.0	NA,0.243	0.757
0.256,0.303	0.253,0.327	-0.011
0.197,0.244	0.08,0.141	0.11
1.0,0.861	1.0,1.0	-0.07
0.008,0.016	0.0,0.001	0.011
0.0,0.0	1.0,0.0	-0.5
0.809,0.206	1.0,0.809	-0.397
0.015,0.004	0.002,0.001	0.008
0.707,0.454	0.864,0.807	-0.255
0.106,0.119	0.224,0.283	-0.141
0.917,0.806	0.951,0.904	-0.066
0.637,0.691	0.913,0.866	-0.226
0.577,0.498	0.74,0.616	-0.14
0.927,0.96	0.94,0.862	0.042
0.475,0.297	0.554,0.502	-0.142
0.068,0.052	0.053,0.068	-0.001
0.0,0.022	0.005,0.035	-0.009
0.539,0.585	0.788,0.669	-0.166
0.981,0.974	1.0,1.0	-0.022
0.9,0.887	0.937,0.734	0.058
0.011,0.01	0.0,0.009	0.006
0.953,1.0	1.0,1.0	-0.024
0.498,0.631	0.486,0.515	0.064
0.131,0.092	0.122,0.096	0.003
0.498,0.634	0.442,0.509	0.091
0.005,0.013	0.055,0.091	-0.064
1.0,0.886	0.649,0.8	0.219
0.017,0.013	0.019,0.016	-0.003
0.036,0.027	0.043,0.019	0.001
0.743,0.78	0.747,0.73	0.023
0.092,0.102	0.117,0.1	-0.012
0.01,0.009	0.012,0.013	-0.003
1.0,1.0	1.0,0.978	0.011
0.525,0.459	0.345,0.338	0.15
1.0,1.0	0.892,0.972	0.068
0.382,0.299	0.481,0.15	0.025
0.743,0.756	0.568,0.518	0.207
0.544,0.6	0.553,0.583	0.004
0.044,0.072	0.098,0.089	-0.036
0.024,0.014	0.038,0.012	-0.006
0.132,0.21	0.255,0.276	-0.095
0.655,0.672	0.705,0.272	0.175
0.033,0.084	0.404,0.559	-0.423
0.003,0.005	0.011,0.003	-0.003
0.003,0.005	0.012,0.004	-0.004
0.851,0.792	1.0,0.777	-0.067
0.966,0.962	0.782,0.956	0.095
0.008,0.009	0.01,0.017	-0.005
0.913,0.914	0.99,0.971	-0.067
0.905,0.897	0.972,0.952	-0.061
0.561,0.573	0.0,1.0	0.067
0.024,0.025	0.031,0.033	-0.007
1.0,1.0	1.0,0.993	0.004
0.445,0.418	0.427,0.482	-0.023
0.108,0.229	0.401,0.708	-0.386
0.575,0.593	0.81,0.763	-0.203
0.058,0.048	0.045,0.069	-0.004
0.302,1.0	0.366,0.145	0.396
0.021,0.027	0.013,0.03	0.003
0.895,0.844	0.78,0.861	0.049
1.0,0.969	0.964,1.0	0.002
1.0,0.891	0.877,1.0	0.007
0.403,0.445	0.41,0.496	-0.029
0.944,0.853	0.756,0.692	0.174
0.577,0.345	0.327,0.38	0.107
0.069,0.081	0.132,0.209	-0.095
0.041,0.028	0.0,0.0	0.035
0.726,0.424	0.469,0.32	0.18
0.411,0.166	0.044,0.024	0.254
0.047,0.089	0.087,0.108	-0.029
0.286,0.324	0.026,0.096	0.244
0.912,1.0	1.0,1.0	-0.044
0.984,0.985	0.951,1.0	0.009
1.0,1.0	1.0,0.978	0.011
0.013,0.031	0.033,0.011	0.0
0.056,0.097	0.03,0.061	0.031
0.237,0.204	0.44,0.488	-0.243
0.341,0.399	0.455,0.491	-0.103
1.0,1.0	1.0,0.912	0.044
0.007,0.008	0.014,0.018	-0.009
0.057,0.104	0.433,0.217	-0.244
1.0,0.963	0.92,0.952	0.046
0.977,0.982	0.947,0.979	0.017
0.006,0.0	0.017,0.0	-0.006
0.044,0.093	0.068,0.105	-0.018
0.218,0.289	0.264,0.241	0.001
0.944,0.97	0.943,0.972	-0.001
0.637,0.822	0.729,0.803	-0.036
0.003,0.003	0.051,0.0	-0.022
0.243,0.194	0.0,0.107	0.165
1.0,1.0	0.874,1.0	0.063
0.904,0.908	0.975,0.96	-0.061
0.604,0.546	0.852,0.923	-0.312
0.963,0.958	0.971,0.936	0.007
0.93,0.907	0.86,0.89	0.044
0.277,0.352	0.849,0.642	-0.431
0.159,0.117	0.11,0.19	-0.012
0.925,0.717	1.0,1.0	-0.179
0.059,0.045	0.018,0.056	0.015
0.049,0.041	0.025,0.043	0.011
0.791,0.901	0.853,0.867	-0.014
0.841,0.83	0.822,0.896	-0.024
0.61,0.594	0.585,0.743	-0.062
0.11,0.108	0.104,0.073	0.021
0.995,0.996	0.997,0.998	-0.002
0.896,0.892	0.706,0.691	0.196
0.41,0.487	0.457,0.451	-0.006
1.0,1.0	1.0,1.0	0.0
1.0,1.0	0.998,1.0	0.001
0.536,0.54	0.789,0.737	-0.225
0.718,0.714	0.808,0.772	-0.074
0.944,0.94	1.0,0.968	-0.042
0.93,1.0	1.0,1.0	-0.035
0.069,0.112	0.136,0.079	-0.017
0.028,0.067	0.096,0.037	-0.019
0.419,0.441	0.429,0.211	0.11
0.65,0.598	0.569,0.531	0.074
0.303,0.3	0.56,0.241	-0.099
0.924,0.918	0.971,0.88	-0.004
0.962,0.923	1.0,0.969	-0.042
0.002,0.001	0.002,0.004	-0.002
1.0,0.0	1.0,1.0	-0.5
0.014,0.0	0.002,0.001	0.005
0.01,0.007	0.009,0.01	-0.001
0.287,0.225	0.376,0.32	-0.092
0.049,0.029	0.038,0.021	0.01
0.186,0.192	0.286,0.075	0.009
0.062,0.058	0.051,0.033	0.018
1.0,1.0	0.9,1.0	0.05
0.002,0.0	0.009,0.007	-0.007
0.0,0.0	0.004,0.004	-0.004
0.025,0.022	0.03,0.026	-0.004
0.013,0.015	0.014,0.015	-0.001
0.156,0.347	0.182,0.254	0.034
0.542,0.67	0.28,0.305	0.314
0.618,0.729	0.573,0.59	0.092
0.02,0.015	0.012,0.01	0.007
0.836,0.891	0.798,0.775	0.077
0.006,0.001	0.005,0.008	-0.003
0.001,0.009	0.011,0.009	-0.005
NA,1.0	0.0,0.0	1.0
0.0,0.0	0.0,0.002	-0.001
0.08,0.061	0.208,0.122	-0.094
0.015,0.004	0.013,0.004	0.001
0.948,1.0	1.0,1.0	-0.026
0.028,0.027	0.027,0.028	0.0
0.896,1.0	1.0,1.0	-0.052
0.0,0.014	0.0,0.0	0.007
0.01,0.023	0.0,0.037	-0.002
0.011,0.009	0.008,0.017	-0.003
0.029,0.033	0.025,0.022	0.007
1.0,0.977	1.0,1.0	-0.012
0.307,0.282	0.62,0.637	-0.334
1.0,1.0	0.863,0.778	0.179
0.0,0.008	0.021,0.027	-0.02
1.0,1.0	1.0,0.996	0.002
0.024,0.065	0.0,0.106	-0.009
1.0,1.0	0.573,1.0	0.214
0.0,0.0	0.0,0.001	-0.001
0.022,0.022	0.03,0.033	-0.01
0.897,0.864	0.85,0.777	0.067
0.735,0.702	0.426,0.378	0.316
0.478,0.673	0.89,1.0	-0.37
0.961,0.965	0.95,1.0	-0.012
0.349,0.335	0.34,0.444	-0.05
0.898,0.548	0.456,0.442	0.274
0.954,0.985	1.0,1.0	-0.03
0.24,0.293	0.0,0.052	0.24
1.0,1.0	1.0,0.954	0.023
0.044,0.058	0.123,0.129	-0.075
0.941,0.934	0.997,0.974	-0.048
0.069,0.047	0.082,0.104	-0.035
1.0,1.0	1.0,0.997	0.002
0.008,0.024	0.003,0.03	-0.001
0.909,1.0	1.0,1.0	-0.045
0.76,0.687	0.217,0.437	0.397
0.0,0.021	0.0,0.036	-0.007
0.0,0.008	0.011,0.013	-0.008
0.983,1.0	0.953,1.0	0.015
0.874,0.823	1.0,1.0	-0.151
0.983,0.973	0.996,0.997	-0.018
1.0,1.0	1.0,0.889	0.055
0.0,0.043	0.0,0.0	0.021
0.019,0.021	0.025,0.028	-0.007
0.02,0.019	0.024,0.027	-0.006
0.669,0.548	0.536,0.52	0.081
0.0,0.589	NA,0.45	-0.156
1.0,1.0	0.71,1.0	0.145
0.022,0.033	0.045,0.073	-0.032
0.02,0.011	0.025,0.019	-0.006
0.269,0.279	0.164,0.136	0.124
0.616,0.618	0.508,0.63	0.048
0.687,0.607	0.491,0.43	0.186
0.106,0.052	0.0,0.225	-0.034
1.0,0.999	1.0,1.0	-0.0
0.27,0.213	0.094,0.144	0.122
0.986,0.92	1.0,0.953	-0.023
0.047,0.0	0.0,0.024	0.011
0.188,0.101	0.136,0.186	-0.016
0.64,0.703	1.0,0.64	-0.149
0.011,0.003	0.009,0.011	-0.003
0.624,0.825	0.835,0.842	-0.114
0.996,0.99	1.0,1.0	-0.007
1.0,1.0	0.659,0.795	0.273
0.996,0.992	0.974,0.962	0.026
0.137,0.141	0.068,0.081	0.065
0.0,0.0	0.001,0.0	-0.001
NA,0.0	NA,1.0	-1.0
0.005,0.008	0.008,0.008	-0.001
0.0,0.004	0.006,0.005	-0.003
0.002,0.002	0.037,0.064	-0.049
0.018,0.016	0.015,0.007	0.006
0.949,1.0	1.0,1.0	-0.026
0.141,0.0	0.0,0.0	0.07
0.0,0.0	0.001,0.0	-0.001
0.074,0.077	0.036,0.046	0.035
0.307,0.398	0.245,0.216	0.122
0.0,0.017	0.033,0.019	-0.018
0.387,0.28	0.0,0.0	0.334
0.159,0.268	0.309,0.239	-0.06
0.969,0.963	0.959,0.958	0.008
0.001,0.001	0.001,0.001	0.0
1.0,0.844	1.0,1.0	-0.078
0.018,0.014	0.012,0.006	0.007
0.432,0.581	0.663,0.548	-0.099
0.976,0.949	0.924,0.907	0.047
0.729,0.87	0.89,0.901	-0.096
0.045,0.056	0.071,0.075	-0.022
0.814,0.896	0.986,0.994	-0.135
0.991,0.899	1.0,1.0	-0.055
0.021,0.086	0.052,0.017	0.019
0.0,0.006	0.02,0.012	-0.013
0.378,0.541	0.252,0.403	0.132
0.95,0.994	0.933,0.979	0.016
0.0,0.001	0.001,0.0	0.0
0.929,1.0	1.0,1.0	-0.035
0.828,0.831	0.873,0.966	-0.09
0.09,0.04	0.028,0.122	-0.01
1.0,0.83	1.0,0.923	-0.046
0.067,0.091	0.208,0.187	-0.119
1.0,1.0	1.0,0.883	0.058
0.214,0.353	0.22,0.251	0.048
0.014,0.068	0.102,0.02	-0.02
0.417,0.769	1.0,0.68	-0.247
0.771,0.904	0.653,0.758	0.132
0.037,0.027	0.016,0.084	-0.018
0.921,0.844	0.895,0.942	-0.036
0.883,0.902	1.0,0.991	-0.103
0.0,0.044	0.13,0.0	-0.043
0.466,0.473	0.721,0.708	-0.245
0.981,0.945	0.459,0.288	0.589
1.0,1.0	0.0,0.0	1.0
0.593,0.638	0.538,0.796	-0.052
0.408,0.437	1.0,0.079	-0.117
0.019,0.011	0.011,0.017	0.001
0.0,0.034	0.037,0.015	-0.009
1.0,1.0	0.542,0.922	0.268
1.0,0.981	1.0,1.0	-0.01
0.024,0.018	0.024,0.035	-0.009
0.033,0.014	0.009,0.035	0.001
0.031,0.023	0.02,0.052	-0.009
1.0,1.0	1.0,0.996	0.002
0.985,0.966	1.0,0.957	-0.003
0.257,0.155	0.067,0.04	0.153
1.0,0.706	1.0,1.0	-0.147
0.286,0.166	0.029,0.091	0.166
0.031,0.059	0.0,0.0	0.045
1.0,0.747	1.0,0.639	0.054
1.0,0.996	1.0,1.0	-0.002
0.839,0.852	0.858,0.919	-0.043
0.117,0.037	0.296,0.397	-0.27
0.423,0.396	0.889,0.886	-0.478
0.073,0.156	0.597,0.649	-0.508
0.385,0.532	0.326,0.315	0.138
0.0,0.0	0.029,0.0	-0.015
0.65,0.65	0.808,0.783	-0.146
0.015,0.007	0.012,0.016	-0.003
0.012,0.012	0.004,0.02	0.0
0.009,0.006	0.004,0.01	0.0
0.017,0.026	0.034,0.024	-0.008
0.684,0.793	1.0,0.677	-0.1
0.322,0.53	0.905,0.858	-0.455
0.286,0.167	0.445,0.0	0.004
1.0,1.0	1.0,0.712	0.144
0.014,0.039	0.017,0.027	0.005
0.002,0.0	0.005,0.007	-0.005
0.915,1.0	1.0,1.0	-0.042
0.099,0.467	0.149,0.305	0.056
0.013,0.011	0.033,0.039	-0.024
0.037,0.014	0.065,0.059	-0.037
0.122,0.249	0.217,0.0	0.077
0.004,0.016	0.006,0.008	0.003
0.078,0.093	0.025,0.121	0.012
0.012,0.028	0.015,0.038	-0.006
0.021,0.021	0.016,0.018	0.004
0.734,0.83	0.83,0.63	0.052
0.186,0.251	0.37,0.325	-0.129
0.174,0.04	0.229,0.0	-0.008
0.098,0.104	0.208,0.161	-0.083
0.955,0.971	0.559,0.605	0.381
0.197,0.275	0.321,0.215	-0.032
0.983,0.942	1.0,1.0	-0.038
0.0,0.034	0.034,0.052	-0.026
0.835,0.904	1.0,1.0	-0.131
0.259,0.186	0.183,0.229	0.016
0.463,0.529	0.559,0.461	-0.014
0.841,0.768	0.938,0.642	0.014
0.99,0.98	1.0,0.98	-0.005
1.0,0.97	0.789,0.692	0.245
0.228,0.207	0.209,0.267	-0.02
0.549,0.365	0.243,0.461	0.105
0.89,0.895	0.929,0.838	0.009
0.363,0.456	0.843,0.498	-0.261
0.647,0.941	0.384,0.192	0.506
0.054,0.078	0.1,0.052	-0.01
0.023,0.011	0.01,0.016	0.004
0.072,0.044	0.044,0.072	0.0
0.008,0.002	0.006,0.004	0.0
0.889,0.801	0.277,0.394	0.509
0.898,1.0	0.95,0.876	0.036
0.457,0.279	0.33,0.44	-0.017
0.0,0.0	0.0,0.2	-0.1
0.018,0.01	0.009,0.006	0.006
0.029,0.023	0.045,0.038	-0.015
0.898,0.919	0.831,0.949	0.019
0.299,0.286	0.264,0.424	-0.051
0.051,0.041	0.041,0.057	-0.003
0.991,1.0	1.0,0.963	0.014
0.41,0.499	0.45,0.429	0.015
0.953,0.935	0.896,0.974	0.009
0.01,0.009	0.011,0.005	0.001
0.137,0.115	0.282,0.355	-0.193
0.165,0.168	0.04,0.06	0.117
0.821,0.76	0.931,0.926	-0.138
0.562,0.6	0.36,0.489	0.156
0.362,0.445	0.152,0.303	0.176
0.399,0.7	0.583,0.117	0.2
1.0,1.0	0.959,1.0	0.02
0.851,0.87	0.907,0.837	-0.011
0.972,0.978	0.963,0.986	0.001
0.121,0.087	0.062,0.086	0.03
0.249,0.355	0.348,0.206	0.025
0.425,0.134	0.0,0.0	0.279
0.217,0.291	0.0,0.209	0.15
0.011,0.009	0.009,0.009	0.001
0.998,1.0	1.0,1.0	-0.001
0.077,0.09	0.046,0.042	0.039
0.805,0.923	0.705,0.424	0.3
0.594,1.0	1.0,1.0	-0.203
0.57,0.562	0.45,0.451	0.116
0.002,0.0	0.006,0.002	-0.003
0.822,0.617	0.846,0.694	-0.05
0.541,0.521	0.514,0.444	0.052
0.909,0.897	0.909,0.914	-0.008
0.983,0.993	1.0,1.0	-0.012
0.902,0.895	0.907,0.928	-0.019
0.982,0.993	1.0,1.0	-0.012
0.935,0.968	1.0,1.0	-0.048
0.0,0.0	0.078,0.008	-0.043
0.672,0.897	1.0,0.945	-0.188
0.618,0.63	0.671,0.797	-0.11
0.139,0.1	0.083,0.121	0.018
0.224,0.366	0.076,0.374	0.07
0.0,0.0	0.0,0.0	0.0
0.048,0.051	0.034,0.038	0.013
0.979,1.0	0.917,0.906	0.078
1.0,1.0	1.0,0.886	0.057
0.28,0.493	0.245,0.0	0.264
0.01,0.026	0.016,0.018	0.001
0.005,0.004	0.0,0.004	0.003
1.0,1.0	1.0,0.989	0.006
0.0,0.0	0.0,0.017	-0.009
0.175,0.165	0.184,0.172	-0.008
0.026,0.025	0.028,0.032	-0.004
0.001,0.0	0.001,0.001	-0.001
0.008,0.0	0.0,0.0	0.004
1.0,0.869	0.79,0.936	0.072
0.036,0.022	0.009,0.0	0.024
0.359,0.415	0.907,0.918	-0.526
0.09,0.225	0.182,0.21	-0.039
1.0,0.872	1.0,1.0	-0.064
0.31,0.316	0.778,0.809	-0.481
0.768,0.868	0.592,0.596	0.224
0.778,0.629	0.547,0.751	0.054
1.0,0.356	0.303,0.772	0.14
0.185,0.13	0.159,0.218	-0.031
1.0,0.277	0.274,0.659	0.172
0.083,0.098	0.142,0.139	-0.05
0.0,0.232	0.287,0.091	-0.073
0.834,1.0	1.0,0.893	-0.029
0.421,0.404	0.414,0.315	0.048
1.0,1.0	1.0,0.988	0.006
0.999,1.0	0.995,0.997	0.004
0.332,0.242	1.0,NA	-0.713
0.437,0.493	0.22,0.313	0.198
0.067,0.393	0.0,0.393	0.034
0.474,0.542	0.555,0.612	-0.076
0.099,0.13	0.068,0.095	0.033
0.032,0.021	0.031,0.042	-0.01
1.0,0.952	1.0,0.88	0.036
0.02,0.021	0.075,0.029	-0.032
0.24,0.192	0.16,0.559	-0.144
0.088,0.14	0.072,0.133	0.011
0.006,0.001	0.007,0.006	-0.003
1.0,0.864	0.327,1.0	0.268
0.023,0.018	0.012,0.011	0.009
0.666,0.584	0.774,0.8	-0.162
0.0,0.005	0.0,0.022	-0.008
1.0,0.984	1.0,1.0	-0.008
0.13,0.103	0.287,0.282	-0.168
0.001,0.001	0.005,0.009	-0.006
0.591,0.582	0.461,0.441	0.136
0.582,0.727	0.727,0.634	-0.026
0.968,1.0	1.0,1.0	-0.016
0.839,0.952	1.0,0.963	-0.086
1.0,0.687	1.0,1.0	-0.156
0.422,0.245	0.431,0.418	-0.091
0.292,0.255	0.184,0.273	0.045
0.0,0.008	0.0,0.0	0.004
0.047,0.007	0.037,0.034	-0.009
0.974,1.0	1.0,0.965	0.005
0.013,0.019	0.017,0.03	-0.007
0.337,0.491	0.233,0.628	-0.016
0.008,0.033	0.033,0.057	-0.024
0.01,0.035	0.051,0.054	-0.03
0.962,1.0	1.0,1.0	-0.019
0.934,1.0	1.0,0.701	0.117
0.026,0.006	0.012,0.0	0.01
0.784,0.823	0.727,0.699	0.091
0.734,1.0	1.0,1.0	-0.133
0.106,0.116	0.117,0.065	0.02
0.103,0.095	0.091,0.068	0.02
0.004,0.004	0.012,0.015	-0.009
0.03,0.024	0.024,0.032	-0.001
0.973,1.0	1.0,1.0	-0.014
0.115,0.133	0.186,0.209	-0.074
0.849,0.913	0.918,0.777	0.033
0.962,0.98	0.963,0.934	0.022
0.963,1.0	1.0,1.0	-0.018
0.73,1.0	0.575,0.895	0.13
0.191,0.113	0.177,0.126	0.001
1.0,0.958	1.0,1.0	-0.021
1.0,0.973	1.0,1.0	-0.014
0.0,0.07	0.121,0.07	-0.06
0.532,0.625	0.476,0.312	0.184
0.146,0.123	0.108,0.126	0.018
0.961,0.982	0.982,0.965	-0.002
0.287,0.251	0.208,0.243	0.044
1.0,1.0	0.908,1.0	0.046
0.686,1.0	1.0,0.694	-0.004
0.511,1.0	1.0,0.635	-0.062
0.218,0.254	0.387,0.093	-0.004
1.0,1.0	0.961,1.0	0.02
0.0,0.261	0.0,0.0	0.131
1.0,0.836	1.0,1.0	-0.082
0.02,0.006	0.04,0.019	-0.016
0.145,0.201	0.114,0.155	0.038
0.822,0.811	0.856,0.805	-0.014
0.011,0.01	0.025,0.038	-0.021
0.575,0.788	0.549,0.619	0.097
0.705,0.92	0.738,0.822	0.032
0.948,0.766	1.0,0.907	-0.097
0.007,0.006	0.007,0.003	0.002
1.0,1.0	1.0,0.863	0.069
0.065,0.066	0.054,0.115	-0.019
0.983,0.995	1.0,1.0	-0.011
0.242,0.408	0.0,0.21	0.22
0.07,0.056	0.038,0.036	0.026
0.057,0.059	0.147,0.164	-0.098
1.0,1.0	1.0,0.327	0.337
0.03,0.042	0.091,0.066	-0.042
0.329,0.288	0.352,0.241	0.012
0.014,0.157	0.115,0.094	-0.019
1.0,0.998	1.0,1.0	-0.001
1.0,0.93	1.0,1.0	-0.035
0.035,0.03	0.032,0.043	-0.005
0.01,0.019	0.003,0.01	0.008
0.0,0.537	1.0,1.0	-0.732
0.743,0.86	0.606,0.524	0.237
0.0,0.143	0.0,0.25	-0.054
0.178,0.084	0.14,0.028	0.047
0.933,0.893	0.836,0.913	0.038
0.078,0.074	0.049,0.077	0.013
1.0,0.0	NA,0.738	-0.238
0.079,0.056	0.087,0.074	-0.013
0.009,0.0	0.016,0.045	-0.026
0.003,0.005	0.002,0.002	0.002
0.005,0.0	0.008,0.008	-0.005
0.119,0.174	0.14,0.162	-0.005
0.945,0.958	0.975,0.979	-0.025
0.008,0.012	0.01,0.017	-0.004
0.0,0.005	0.0,0.0	0.003
0.019,0.018	0.0,0.04	-0.002
0.0,0.011	0.0,0.0	0.005
0.7,0.385	0.759,0.881	-0.278
0.016,0.007	0.0,0.006	0.009
0.004,0.003	0.004,0.006	-0.002
0.037,0.087	0.179,0.113	-0.084
1.0,1.0	0.953,0.991	0.028
0.929,1.0	1.0,1.0	-0.035
0.921,1.0	NA,1.0	-0.039
0.032,0.047	0.0,0.089	-0.005
0.032,0.041	0.029,0.033	0.006
1.0,1.0	0.926,0.95	0.062
0.253,0.25	0.416,0.118	-0.016
1.0,1.0	1.0,0.435	0.282
0.981,1.0	1.0,1.0	-0.01
0.498,0.555	1.0,0.512	-0.23
0.297,0.0	0.0,NA	0.148
0.013,0.006	0.013,0.009	-0.001
0.018,0.008	0.023,0.01	-0.004
0.1,0.041	1.0,0.318	-0.589
0.042,0.024	0.02,0.022	0.012
0.131,0.151	0.022,0.044	0.108
0.547,0.731	0.307,0.293	0.339
0.653,0.57	0.45,0.519	0.127
0.023,0.018	0.009,0.053	-0.011
0.018,0.024	0.036,0.025	-0.01
0.791,1.0	1.0,1.0	-0.105
0.598,0.57	0.745,0.578	-0.078
0.26,0.208	0.179,0.169	0.06
0.012,0.005	0.015,0.019	-0.009
0.023,0.081	0.0,0.034	0.035
0.036,0.072	0.028,0.075	0.002
0.253,0.236	0.281,0.397	-0.095
0.003,0.006	0.008,0.0	0.001
0.043,0.093	0.075,0.096	-0.017
0.04,0.101	0.09,0.051	0.0
0.995,0.984	1.0,1.0	-0.01
0.607,0.639	0.548,0.578	0.06
0.575,0.475	1.0,0.972	-0.461
0.053,0.059	0.318,0.32	-0.263
0.001,0.0	0.002,0.001	-0.001
0.869,0.946	1.0,1.0	-0.093
0.978,1.0	1.0,1.0	-0.011
0.97,1.0	1.0,0.981	-0.005
0.002,0.004	0.0,0.014	-0.004
0.006,0.0	0.0,0.003	0.002
1.0,0.961	1.0,1.0	-0.02
0.003,0.015	0.0,0.0	0.009
0.0,0.002	0.011,0.0	-0.004
0.043,0.024	0.056,0.045	-0.017
1.0,1.0	0.987,0.962	0.026
0.026,0.016	0.008,0.013	0.01
0.018,0.024	0.025,0.018	-0.001
1.0,1.0	1.0,0.983	0.008
0.219,0.221	0.171,0.259	0.005
0.118,0.094	0.043,0.144	0.012
0.896,0.807	1.0,0.982	-0.139
0.055,0.041	0.0,0.011	0.043
0.491,0.495	0.494,0.487	0.003
1.0,0.994	1.0,1.0	-0.003
0.847,1.0	0.649,0.514	0.342
0.991,1.0	1.0,1.0	-0.004
0.015,0.012	0.015,0.011	0.001
0.754,0.365	1.0,0.0	0.059
0.342,0.336	0.188,0.23	0.13
0.0,0.0	0.0,0.287	-0.143
0.697,0.204	NA,0.0	0.45
0.31,0.263	0.254,0.272	0.023
0.456,0.44	0.55,0.585	-0.119
1.0,0.921	1.0,0.905	0.008
0.256,0.094	0.284,0.075	-0.005
0.005,0.004	0.005,0.006	-0.001
0.063,0.106	0.0,0.023	0.073
0.327,1.0	1.0,1.0	-0.337
0.01,0.009	0.006,0.011	0.001
0.0,0.055	0.0,0.071	-0.008
0.388,0.267	0.075,0.104	0.238
0.894,1.0	1.0,1.0	-0.053
0.678,0.908	1.0,0.97	-0.192
0.414,0.368	0.856,0.939	-0.506
0.824,0.831	1.0,0.757	-0.051
0.001,0.002	0.001,0.001	0.001
0.001,0.001	0.001,0.0	0.001
0.002,0.002	0.001,0.001	0.001
0.002,0.001	0.001,0.001	0.001
0.586,0.403	0.452,0.313	0.112
0.698,0.491	0.491,0.415	0.142
0.667,0.465	0.422,0.399	0.156
0.868,0.912	0.523,1.0	0.128
0.011,0.01	0.012,0.014	-0.003
0.99,0.994	1.0,0.987	-0.002
0.639,0.552	0.758,0.775	-0.171
0.284,0.439	0.301,0.674	-0.126
0.0,0.101	0.629,0.133	-0.331
0.268,0.243	0.211,0.248	0.026
0.975,0.969	1.0,0.978	-0.017
0.026,0.029	0.032,0.021	0.001
0.0,0.034	0.0,0.0	0.017
0.925,0.794	1.0,0.811	-0.046
0.846,0.768	1.0,1.0	-0.193
0.089,0.04	0.086,0.154	-0.055
0.999,0.998	0.998,0.994	0.002
0.002,0.006	0.003,0.004	0.001
0.01,0.037	0.005,0.025	0.008
0.233,0.256	0.145,0.165	0.089
1.0,1.0	0.992,0.995	0.006
0.978,0.982	0.969,0.974	0.008
0.488,0.483	0.456,0.442	0.036
0.039,0.022	0.03,0.022	0.005
0.9,1.0	1.0,0.916	-0.008
0.805,0.839	0.968,0.909	-0.116
0.006,0.003	0.0,0.029	-0.01
0.924,0.962	0.861,0.78	0.123
0.888,0.943	0.856,0.683	0.146
0.291,0.277	0.513,0.257	-0.101
0.025,0.015	0.079,0.038	-0.038
0.069,0.021	0.0,0.029	0.031
0.813,0.718	0.942,0.851	-0.131
0.034,0.017	0.0,0.01	0.021
0.448,0.537	0.864,1.0	-0.439
0.114,0.119	0.1,0.181	-0.024
0.002,0.001	0.008,0.006	-0.005
0.021,0.019	0.014,0.02	0.003
1.0,0.785	0.0,0.0	0.893
1.0,0.913	0.707,0.522	0.342
0.882,0.703	1.0,1.0	-0.208
0.007,0.006	0.009,0.008	-0.002
0.081,0.066	0.138,0.089	-0.04
0.006,0.0	0.016,0.011	-0.01
0.957,0.992	0.899,0.939	0.055
0.004,0.004	0.002,0.003	0.002
0.979,0.932	0.96,0.995	-0.022
0.02,0.122	0.0,0.065	0.038
1.0,1.0	1.0,0.985	0.008
0.0,0.001	0.0,0.0	0.001
0.914,0.932	0.962,0.984	-0.05
1.0,1.0	1.0,0.994	0.003
0.0,0.0	0.016,0.0	-0.008
0.041,0.093	0.25,0.381	-0.248
0.014,0.012	0.006,0.009	0.006
0.0,0.001	0.001,0.001	-0.001
0.006,0.012	0.011,0.009	-0.001
0.082,0.092	0.22,0.191	-0.119
0.011,0.0	0.006,0.0	0.002
0.857,0.765	0.782,0.772	0.034
0.685,0.766	0.723,0.948	-0.11
0.05,0.066	0.036,0.06	0.01
0.058,0.038	0.01,0.012	0.037
0.0,0.006	0.006,0.002	-0.001
0.028,0.022	0.024,0.022	0.002
0.028,0.02	0.028,0.022	-0.001
0.426,0.341	0.908,0.551	-0.346
1.0,NA	1.0,0.0	0.5
0.918,0.902	1.0,1.0	-0.09
0.023,0.0	0.0,0.008	0.007
0.009,0.019	0.08,0.119	-0.086
0.145,0.202	0.0,0.027	0.16
0.982,0.991	0.936,0.959	0.039
0.147,0.097	1.0,0.392	-0.574
0.022,0.12	0.145,0.056	-0.029
0.091,0.052	0.144,0.143	-0.072
0.01,0.026	0.022,0.017	-0.002
0.432,0.275	0.132,0.363	0.106
0.249,0.142	0.614,0.635	-0.429
0.218,0.295	1.0,0.799	-0.643
0.288,0.151	0.259,0.165	0.007
0.0,0.012	0.014,0.006	-0.004
0.966,0.871	1.0,1.0	-0.082
0.11,0.175	0.183,0.092	0.005
0.488,0.479	0.647,0.524	-0.102
0.044,0.0	NA,0.0	0.022
0.172,0.295	0.0,0.113	0.177
0.071,0.115	0.038,0.089	0.029
0.983,0.915	1.0,0.968	-0.035
0.007,0.003	0.008,0.0	0.001
0.011,0.007	0.007,0.004	0.003
0.775,0.724	0.724,0.738	0.019
0.977,0.979	0.977,0.967	0.006
0.364,0.363	0.261,0.262	0.102
0.009,0.036	0.024,0.035	-0.007
0.036,0.105	0.045,0.078	0.009
0.007,0.033	0.0,0.0	0.02
0.085,0.0	0.0,0.526	-0.221
0.0,0.007	0.015,0.041	-0.025
0.0,0.492	1.0,0.0	-0.254
0.981,1.0	1.0,1.0	-0.01
0.301,0.535	1.0,1.0	-0.582
1.0,0.688	0.0,0.423	0.632
0.0,0.421	1.0,1.0	-0.789
0.344,0.43	0.607,0.602	-0.218
0.149,0.18	NA,0.0	0.164
0.858,0.933	0.0,0.145	0.823
0.063,0.055	0.025,0.023	0.035
0.039,0.023	0.041,0.053	-0.016
0.11,0.137	0.1,0.082	0.033
0.719,1.0	1.0,0.706	0.006
1.0,1.0	1.0,0.0	0.5
0.017,0.018	0.018,0.016	0.001
0.006,0.033	0.058,0.061	-0.04
0.006,0.013	0.059,0.048	-0.044
0.947,0.919	1.0,1.0	-0.067
0.226,0.311	0.187,0.202	0.074
0.032,0.076	0.131,0.055	-0.039
0.022,0.066	0.13,0.048	-0.045
0.121,0.119	0.092,0.08	0.034
0.893,0.776	0.775,0.824	0.035
0.039,0.026	0.079,0.084	-0.049
1.0,0.256	NA,0.805	-0.177
0.159,0.079	0.101,0.116	0.01
1.0,1.0	0.914,1.0	0.043
0.385,0.427	0.573,0.38	-0.07
1.0,0.99	1.0,1.0	-0.005
1.0,0.988	1.0,1.0	-0.006
0.899,0.895	0.911,0.871	0.006
0.045,0.047	0.055,0.062	-0.012
0.622,0.59	0.397,0.571	0.122
1.0,0.848	0.736,1.0	0.056
0.006,0.003	0.004,0.015	-0.005
0.013,0.02	0.0,0.034	-0.001
0.978,0.981	0.958,0.891	0.055
0.791,0.819	0.91,0.899	-0.1
1.0,1.0	1.0,0.869	0.066
0.653,0.461	0.704,0.727	-0.158
0.017,0.031	0.01,0.023	0.007
0.689,1.0	1.0,0.771	-0.041
0.779,NA	NA,0.0	0.779
0.29,0.104	0.282,0.138	-0.013
0.525,0.321	0.415,0.269	0.081
0.713,0.788	0.623,0.679	0.099
0.009,0.008	0.005,0.0	0.006
0.594,0.796	0.493,NA	0.202
0.523,0.619	0.0,0.0	0.571
0.0,0.02	0.0,0.09	-0.035
0.216,0.203	0.161,0.299	-0.02
0.342,0.272	0.247,0.27	0.049
0.594,0.525	0.563,0.395	0.081
0.042,0.05	0.059,0.029	0.002
0.029,0.042	0.162,0.179	-0.135
0.92,0.931	0.807,0.777	0.133
1.0,0.891	1.0,1.0	-0.054
0.964,0.958	1.0,1.0	-0.039
0.0,0.0	0.036,0.03	-0.033
1.0,1.0	0.994,1.0	0.003
0.918,1.0	1.0,1.0	-0.041
0.999,1.0	1.0,1.0	-0.0
0.0,0.001	0.0,0.001	0.0
0.405,0.433	0.539,0.557	-0.129
0.697,0.72	0.902,0.956	-0.221
0.006,0.004	0.011,0.011	-0.006
0.995,0.999	1.0,1.0	-0.003
0.002,0.001	0.004,0.001	-0.001
1.0,1.0	0.991,0.988	0.01
0.006,0.0	0.0,0.0	0.003
0.997,1.0	0.995,0.992	0.005
0.014,0.024	0.016,0.073	-0.025
0.023,0.057	0.058,0.02	0.001
0.918,0.906	1.0,0.945	-0.06
0.659,0.664	0.921,0.561	-0.08
1.0,1.0	0.661,0.945	0.197
0.034,0.009	0.007,0.022	0.007
0.0,0.005	0.0,0.0	0.003
0.106,0.129	0.148,0.104	-0.009
0.124,0.149	0.071,0.151	0.026
0.019,0.023	0.02,0.016	0.003
0.036,0.027	0.056,0.02	-0.006
0.988,0.986	0.981,0.994	-0.001
0.859,0.931	0.986,0.956	-0.076
0.516,0.612	1.0,0.835	-0.353
0.006,0.004	0.007,0.004	-0.0
0.013,0.021	0.015,0.046	-0.013
0.746,1.0	1.0,1.0	-0.127
0.902,1.0	1.0,1.0	-0.049
0.721,0.782	0.778,0.857	-0.066
1.0,0.983	1.0,1.0	-0.008
0.005,0.005	0.008,0.002	0.0
0.084,0.173	0.077,0.18	0.0
0.023,0.027	0.005,0.015	0.015
0.599,0.841	0.878,0.762	-0.1
0.929,0.814	0.687,0.876	0.09
0.264,0.144	0.244,0.201	-0.018
0.492,NA	1.0,NA	-0.508
0.102,0.0	0.042,0.349	-0.144
1.0,0.979	0.988,1.0	-0.004
0.826,0.688	0.913,0.855	-0.127
0.415,0.28	0.113,0.208	0.187
0.832,0.806	0.52,0.167	0.475
0.187,0.529	0.778,0.383	-0.223
0.233,0.436	0.659,0.436	-0.213
0.006,0.003	0.007,0.007	-0.002
0.462,0.36	0.29,0.397	0.068
0.028,0.025	0.014,0.012	0.014
0.023,0.01	0.0,0.0	0.017
0.937,0.955	0.882,0.906	0.052
0.326,1.0	0.0,1.0	0.163
0.946,0.969	0.944,0.947	0.012
0.53,0.515	0.08,0.121	0.422
0.0,0.0	0.05,0.018	-0.034
0.6,0.407	0.706,0.526	-0.113
0.288,0.231	0.246,0.326	-0.027
0.004,0.01	0.03,0.04	-0.028
0.557,0.431	0.317,0.392	0.139
0.069,0.09	0.081,0.079	-0.001
0.204,0.167	0.151,0.177	0.022
0.792,0.802	0.856,0.91	-0.086
0.008,0.022	0.01,0.011	0.005
0.978,0.96	1.0,1.0	-0.031
0.053,0.064	0.096,0.01	0.005
0.078,0.089	0.024,0.036	0.053
0.028,0.055	0.009,0.006	0.034
0.885,0.636	1.0,0.864	-0.171
0.855,0.577	0.476,1.0	-0.022
0.0,0.0	0.035,0.014	-0.025
0.0,0.0	0.0,0.003	-0.002
0.637,1.0	1.0,1.0	-0.181
0.626,0.735	0.62,0.717	0.012
0.572,0.647	0.701,0.599	-0.04
0.859,0.978	0.898,0.924	0.007
0.977,0.974	0.97,0.955	0.013
1.0,0.96	1.0,0.994	-0.017
0.093,0.118	0.353,0.217	-0.179
0.993,1.0	1.0,0.978	0.007
0.052,0.077	0.023,0.057	0.025
1.0,0.995	1.0,1.0	-0.002
0.025,0.008	0.032,0.024	-0.011
0.999,1.0	1.0,1.0	-0.0
0.901,0.94	0.989,0.989	-0.069
0.968,1.0	1.0,0.919	0.024
1.0,0.994	0.993,1.0	0.001
0.474,0.492	0.227,0.36	0.19
1.0,0.984	1.0,1.0	-0.008
0.559,0.311	0.139,0.0	0.366
0.0,0.032	0.0,0.0	0.016
0.014,0.016	0.01,0.007	0.006
0.041,0.0	0.0,0.018	0.012
0.099,0.131	0.091,0.082	0.029
0.101,0.086	0.485,0.268	-0.283
0.072,0.041	0.021,0.049	0.021
0.0,0.0	0.0,0.001	-0.001
0.001,0.001	0.015,0.005	-0.009
0.974,0.891	1.0,0.927	-0.031
0.0,0.0	0.0,0.004	-0.002
0.014,0.008	0.012,0.021	-0.006
0.019,0.022	0.069,0.068	-0.048
0.454,0.769	1.0,1.0	-0.388
0.959,0.923	1.0,0.984	-0.051
0.011,0.017	0.0,0.0	0.014
0.701,0.745	0.044,0.054	0.674
1.0,1.0	0.946,0.992	0.031
0.987,1.0	1.0,1.0	-0.006
0.0,0.01	0.0,0.0	0.005
0.985,1.0	1.0,1.0	-0.008
1.0,1.0	0.904,0.872	0.112
1.0,1.0	1.0,0.941	0.03
0.023,0.051	0.168,0.017	-0.056
0.0,0.0	0.031,0.0	-0.015
1.0,0.958	1.0,1.0	-0.021
0.057,0.067	0.065,0.085	-0.013
0.982,0.985	0.995,0.998	-0.013
0.034,0.0	0.043,0.0	-0.004
1.0,1.0	1.0,0.948	0.026
0.993,1.0	0.992,1.0	0.0
0.016,0.017	0.042,0.033	-0.021
1.0,NA	NA,0.0	1.0
0.027,0.069	0.037,0.023	0.018
0.05,0.051	0.05,0.047	0.002
0.625,0.455	0.664,0.624	-0.104
0.103,0.493	0.0,0.268	0.164
0.066,0.354	0.18,0.185	0.027
0.095,0.098	0.056,0.048	0.044
0.038,0.056	0.065,0.152	-0.061
0.983,0.972	0.912,1.0	0.022
0.057,0.069	0.079,0.105	-0.029
0.82,0.797	0.65,0.729	0.119
0.824,0.834	0.963,0.957	-0.131
0.026,0.034	0.019,0.034	0.003
0.002,0.033	0.007,0.008	0.01
0.135,0.238	1.0,0.294	-0.461
0.005,0.003	0.005,0.006	-0.001
0.936,0.967	1.0,0.984	-0.04
0.69,0.688	0.643,0.569	0.083
0.367,0.322	0.051,0.046	0.296
0.27,0.21	0.331,0.356	-0.104
0.048,0.009	0.027,0.013	0.009
0.132,0.128	0.37,0.216	-0.163
0.012,0.007	0.031,0.018	-0.015
0.842,0.918	0.963,0.851	-0.027
0.06,0.076	0.068,0.119	-0.025
0.264,0.218	0.33,0.319	-0.084
0.998,0.997	0.999,0.999	-0.001
0.641,0.678	0.9,0.736	-0.159
0.084,0.047	0.0,0.116	0.007
0.0,0.0	0.249,0.049	-0.149
0.079,0.152	0.136,0.058	0.018
1.0,0.529	1.0,1.0	-0.236
1.0,0.505	1.0,1.0	-0.248
0.118,0.235	0.118,0.129	0.053
0.005,0.006	0.003,0.006	0.001
0.018,0.0	0.045,0.0	-0.013
0.881,0.912	0.734,0.625	0.217
0.057,0.097	0.0,0.029	0.062
0.995,1.0	1.0,1.0	-0.002
0.483,0.629	0.399,0.324	0.195
0.01,0.017	0.017,0.016	-0.003
0.536,0.574	0.545,0.871	-0.153
0.018,0.013	0.025,0.032	-0.013
0.017,0.013	0.024,0.023	-0.009
0.21,0.175	0.412,0.349	-0.188
1.0,0.962	1.0,1.0	-0.019
0.547,0.364	0.0,0.184	0.364
0.989,0.983	0.978,0.989	0.002
0.0,0.0	0.037,0.021	-0.029
1.0,0.824	1.0,0.911	-0.044
0.916,1.0	0.848,1.0	0.034
0.668,0.638	0.16,0.123	0.512
0.281,0.21	0.189,0.132	0.085
0.373,0.651	1.0,1.0	-0.488
0.31,0.329	0.438,0.443	-0.121
0.996,1.0	1.0,0.992	0.002
0.996,0.988	0.979,1.0	0.002
0.996,0.969	0.991,0.985	-0.006
0.995,0.973	0.963,0.987	0.009
0.996,0.976	0.967,0.988	0.008
0.994,0.967	0.956,0.985	0.01
0.983,0.914	0.959,1.0	-0.031
0.963,0.789	0.908,1.0	-0.078
0.197,0.127	0.172,0.206	-0.027
1.0,1.0	1.0,0.996	0.002
0.175,0.043	0.084,0.156	-0.011
1.0,1.0	1.0,0.987	0.006
1.0,1.0	1.0,0.994	0.003
1.0,1.0	1.0,0.995	0.002
0.0,0.129	NA,0.0	0.065
0.806,0.773	0.897,0.871	-0.094
NA,0.0	NA,1.0	-1.0
0.035,0.035	0.057,0.03	-0.008
0.145,0.141	0.303,0.332	-0.175
0.474,0.546	0.454,0.535	0.015
0.107,0.0	0.074,0.023	0.005
0.022,0.0	0.0,0.056	-0.017
0.0,0.0	0.004,0.002	-0.003
0.012,0.03	0.037,0.033	-0.014
0.184,0.29	0.085,0.104	0.142
0.0,0.113	0.0,0.226	-0.057
0.721,0.782	0.637,0.661	0.103
0.142,0.244	0.142,0.205	0.02
0.012,0.0	0.03,0.013	-0.015
0.025,0.0	0.093,0.0	-0.034
0.18,0.224	0.315,0.27	-0.09
0.949,0.957	0.877,0.916	0.056
