ID	IJC_SAMPLE_1	SJC_SAMPLE_1	IJC_SAMPLE_2	SJC_SAMPLE_2	IncFormLen	SkipFormLen	PValue	FDR
3	161,157	0,0	89,157	0,2	291	149	1	1.0
4	1,3	180,233	5,0	132,171	230	149	1	1.0
5	0,5	1,5	5,10	2,7	208	149	0.354502387386	1.0
8	3,2	24,28	0,0	7,21	200	149	1	1.0
9	69,127	18,20	77,109	8,21	184	149	1	1.0
10	62,101	1,0	60,78	0,0	184	149	1	1.0
11	5,6	234,257	13,22	132,208	359	149	1	1.0
12	8,3	707,1039	1,1	630,1036	156	149	1	1.0
15	233,342	0,2	239,359	0,5	283	149	1	1.0
16	16,19	2,1	0,4	0,1	458	149	1	1.0
17	7,6	15,11	1,11	7,9	242	149	1	1.0
18	7,12	10,16	10,15	10,23	365	149	1	1.0
20	1,2	10,16	0,6	10,23	184	149	1	1.0
21	63,43	2,0	28,64	0,1	155	149	1	1.0
22	9,17	74,63	15,13	43,87	734	149	1	1.0
23	188,271	28,17	185,234	27,57	170	149	1	1.0
24	21,26	28,17	23,48	27,57	236	149	1	1.0
25	4,0	171,245	5,13	167,199	215	149	1	1.0
26	88,115	3,4	57,99	0,2	736	149	0.899428894733	1.0
27	8,9	0,4	4,16	1,1	153	149	1	1.0
28	99,85	0,0	60,85	0,1	152	149	1	1.0
29	1,0	107,73	0,0	69,61	293	149	1	1.0
31	215,188	1,1	70,106	0,0	421	149	1	1.0
32	860,918	4,6	670,950	0,0	161	149	1	1.0
33	5,20	35,41	6,10	28,56	179	149	1	1.0
34	7,15	245,382	2,1	158,267	359	149	1	1.0
35	12,35	277,383	21,32	178,283	188	149	1	1.0
36	5,1	63,89	9,9	43,61	308	149	1	1.0
37	0,5	191,236	3,13	157,220	395	149	1	1.0
38	0,1	34,19	0,4	7,17	161	149	1	1.0
39	150,209	7,16	111,172	6,17	374	149	1	1.0
40	3,2	382,476	4,6	313,467	188	149	1	1.0
41	75,67	6,0	22,37	0,7	268	149	1	1.0
42	192,179	6,9	164,194	3,7	161	149	1	1.0
43	39,40	0,2	19,55	0,0	155	149	1	1.0
44	23,35	260,408	20,41	283,380	316	149	1	1.0
45	11,8	277,260	7,8	138,238	177	149	1	1.0
46	65,88	230,200	51,98	120,160	359	149	1	1.0
47	3,8	194,315	0,10	205,374	157	149	1	1.0
48	32,28	3,0	14,30	1,2	984	149	0.935980169709	1.0
50	234,344	0,2	195,311	0,0	1909	149	1	1.0
51	115,100	4,0	88,149	0,0	167	149	1	1.0
54	110,105	0,0	80,105	3,1	170	149	1	1.0
55	121,176	4,5	104,166	0,2	339	149	1	1.0
56	31,28	108,98	17,52	68,120	268	149	1	1.0
57	392,391	3,9	384,584	25,25	715	149	0.230425763336	1.0
58	10,7	244,308	2,0	149,186	311	149	1	1.0
59	302,368	0,2	277,369	0,4	157	149	1	1.0
60	3,1	237,306	3,3	205,338	151	149	1	1.0
61	21,14	69,55	6,12	50,89	204	149	1	1.0
62	12,8	11,13	3,5	10,21	204	149	0.165956494185	1.0
63	1,0	313,312	1,1	255,391	373	149	1	1.0
64	14,24	1,4	12,6	2,7	169	149	0.349357943269	1.0
65	18,30	4,3	10,17	0,0	153	149	0.818881584185	1.0
66	19,34	16,20	0,10	16,46	161	149	6.5150066012e-06	0.0002616025727558769
67	20,57	4,1	13,22	0,0	190	149	1	1.0
68	53,97	196,336	7,15	177,312	167	149	0.00110885408738	0.023465750011311893
69	7,12	295,479	5,5	223,397	157	149	1	1.0
70	21,35	91,141	15,15	68,95	525	149	1	1.0
71	4,21	20,26	2,7	11,10	233	149	1	1.0
73	17,13	3,10	13,11	2,2	343	149	0.426341808991	1.0
74	434,486	4,7	355,477	0,2	847	149	1	1.0
75	477,553	4,7	420,533	0,2	875	149	1	1.0
78	82,141	8,9	67,89	5,13	542	149	1	1.0
79	18,19	993,1101	20,37	601,1049	153	149	1	1.0
80	2,5	31,71	4,8	27,39	177	149	1	1.0
81	34,73	16,39	27,42	18,29	278	149	1	1.0
82	0,2	12,20	0,3	11,8	177	149	1	1.0
83	672,769	1,0	355,734	0,0	389	149	1	1.0
84	1,3	2,0	0,0	5,8	181	149	0.0162936362941	0.24093822523121322
86	269,395	0,1	220,327	0,0	300	149	1	1.0
87	11,23	1685,2189	17,26	1560,2504	153	149	1	1.0
88	681,799	2,15	588,959	1,0	406	149	1	1.0
89	18,33	987,1364	23,49	811,1349	152	149	1	1.0
91	36,54	227,298	18,23	196,274	343	149	1	1.0
92	4,0	8,9	2,0	1,1	167	149	1	1.0
93	13,5	8,9	16,17	1,1	209	149	0.000116533550989	0.0033180280154322546
95	155,201	0,4	174,330	0,0	189	149	1	1.0
96	223,334	3,3	240,369	0,3	408	149	1	1.0
98	0,0	43,22	0,3	20,26	154	149	1	1.0
99	90,46	2,2	27,26	2,3	1832	149	0.18997670019	1.0
100	4,9	46,78	0,0	40,44	155	149	1	1.0
101	0,9	20,17	0,3	24,42	175	149	1	1.0
102	350,432	2,0	306,468	0,0	783	149	1	1.0
103	11,21	100,158	10,20	97,282	206	149	1	1.0
104	1,2	85,108	0,2	77,152	242	149	1	1.0
105	106,129	1,2	72,77	6,0	191	149	1	1.0
107	107,140	0,3	86,156	2,0	271	149	1	1.0
108	169,222	6,4	161,251	0,3	272	149	1	1.0
109	13,26	574,747	32,24	494,711	412	149	1	1.0
110	293,379	19,5	206,219	12,9	346	149	1	1.0
111	6,8	37,44	1,4	56,60	169	149	1	1.0
113	1007,1493	5,11	938,1363	2,7	176	149	1	1.0
114	5,2	2,4	2,8	15,32	171	149	0.152519096371	1.0
115	3,2	33,34	4,20	29,58	316	149	1	1.0
116	9,12	152,192	9,20	107,196	154	149	1	1.0
117	143,397	1,0	121,283	1,4	251	149	1	1.0
118	31,49	1038,1219	19,40	705,962	685	149	1	1.0
119	19,57	1,3	49,25	1,0	484	149	1	1.0
120	4,3	11,24	0,2	14,14	165	149	1	1.0
122	8,12	35,12	6,9	2,10	165	149	0.278362939574	1.0
123	2,0	43,34	0,0	19,26	231	149	1	1.0
124	2,1	490,603	0,7	323,504	182	149	1	1.0
125	8,10	471,562	8,14	337,516	368	149	1	1.0
126	125,139	5,7	183,263	3,8	297	149	1	1.0
127	10,9	633,924	9,23	1089,1665	153	149	1	1.0
128	72,59	1,4	25,34	4,9	737	149	0.0106992024207	0.167549509908162
129	178,223	1,0	115,206	0,0	174	149	1	1.0
130	1195,1577	5,1	943,1557	19,12	155	149	1	1.0
131	113,143	0,0	126,215	0,2	199	149	1	1.0
132	43,63	1,1	31,52	8,7	163	149	0.195600556077	1.0
133	4,7	37,25	6,4	19,23	160	149	1	1.0
134	27,39	13,5	31,44	3,4	152	149	0.624463346894	1.0
135	58,48	30,24	47,77	42,56	683	149	1	1.0
137	2,5	314,349	2,1	253,375	336	149	1	1.0
138	10,21	110,141	10,8	63,99	285	149	1	1.0
139	178,185	2,5	138,181	6,6	153	149	1	1.0
142	0,0	12,13	0,2	19,16	245	149	1	1.0
145	6,4	125,119	14,34	96,134	847	149	1	1.0
146	129,113	30,31	29,59	65,97	214	149	2.88657986403e-14	4.52038406707098e-12
147	3,6	67,95	7,11	33,40	396	149	1	1.0
149	20,18	90,85	10,20	66,103	249	149	1	1.0
150	18,33	124,179	4,6	214,284	158	149	0.378733451679	1.0
152	3,8	18,22	7,3	7,22	507	149	1	1.0
153	46,71	11,29	80,114	25,35	401	149	1	1.0
154	8,8	452,504	0,4	295,358	303	149	1	1.0
155	9,9	559,717	1,8	434,704	180	149	1	1.0
156	2,2	73,103	0,0	68,82	345	149	1	1.0
157	45,42	86,93	0,2	57,88	393	149	0.013379048712	0.2034134978931262
158	7,11	2,4	1,13	1,10	413	149	0.372931835222	1.0
160	140,220	44,98	32,58	61,97	173	149	1.00353738652e-08	6.548081447043001e-07
161	6,6	1521,1561	2,12	1315,1875	369	149	1	1.0
163	1184,1475	4,7	812,1370	0,0	258	149	1	1.0
164	35,16	17,6	33,41	3,19	230	149	0.742672353602	1.0
165	6,5	0,2	6,4	1,0	177	149	1	1.0
167	285,394	68,87	318,489	32,57	519	149	0.0792564962232	0.8740540358136
169	7,6	1,0	2,4	4,3	243	149	0.000144467208139	0.003969046455187263
170	11,12	585,654	11,10	500,604	420	149	1	1.0
171	5,6	585,654	13,9	500,604	326	149	1	1.0
172	21,7	12,6	16,14	5,5	321	149	0.503539392084	1.0
173	4,3	0,0	2,4	2,4	191	149	0.00166333916551	0.034273541226166576
174	154,154	22,44	96,120	15,41	159	149	1	1.0
175	4,8	1,0	7,6	0,0	159	149	1	1.0
177	94,161	32,70	147,207	90,118	175	149	1	1.0
178	392,504	2,1	237,455	0,6	852	149	1	1.0
180	81,90	7,27	82,83	4,4	161	149	0.571244926303	1.0
181	67,97	7,12	52,91	6,6	169	149	1	1.0
182	454,640	8,0	804,1340	1,3	416	149	1	1.0
184	2,0	1,1	6,13	0,3	253	149	0.033869702088	0.4533329356393846
185	6,16	32,32	1,6	11,10	161	149	1	1.0
186	3,6	0,1	6,6	0,0	307	149	1	1.0
187	5,5	0,1	3,1	1,0	172	149	1	1.0
188	3,11	4,12	2,3	5,4	154	149	0.849529596855	1.0
189	137,155	28,30	83,138	32,46	391	149	0.429052337421	1.0
190	138,156	28,30	86,139	32,46	386	149	0.466767536435	1.0
191	0,0	228,286	2,1	144,258	194	149	1	1.0
194	138,125	35,33	89,161	1,16	171	149	0.0513435531854	0.6232868549483441
196	7128,6032	146,125	4218,6697	90,137	251	149	1	1.0
198	16,16	281,359	24,29	187,265	168	149	1	1.0
199	22,29	82,116	42,37	112,142	225	149	1	1.0
200	287,372	82,116	205,273	112,142	206	149	0.354350480543	1.0
201	13,23	34,30	13,30	3,6	163	149	1.72855237156e-05	0.0006152075031506727
203	17,18	120,141	2,19	113,147	187	149	1	1.0
204	24,26	405,461	10,24	345,496	522	149	1	1.0
205	15,27	478,543	7,24	384,657	152	149	1	1.0
206	42,115	2,10	94,150	13,30	666	149	0.208029585937	1.0
207	51,120	5406,8177	103,150	4652,7625	666	149	1	1.0
208	66,54	12,12	37,72	10,8	206	149	1	1.0
209	130,122	12,12	79,163	10,8	260	149	1	1.0
210	79,79	15,11	50,103	8,12	203	149	1	1.0
211	18,26	1,0	14,34	2,0	298	149	1	1.0
212	68,57	49,47	21,46	39,71	170	149	0.104670450794	1.0
213	314,374	25,22	156,260	16,17	299	149	1	1.0
214	295,364	25,22	174,285	16,17	278	149	1	1.0
215	83,102	1,1	88,89	2,1	166	149	1	1.0
216	23,23	21,21	15,15	7,10	164	149	0.774896679275	1.0
217	14,23	3,1	9,17	0,2	487	149	0.553909527759	1.0
219	146,241	85,105	112,167	67,134	264	149	1	1.0
220	121,195	282,352	41,80	281,572	182	149	0.000209462570539	0.005559633651933457
221	3,8	1,0	2,3	2,1	217	149	0.198734230452	1.0
223	2,7	31,54	3,0	23,66	154	149	1	1.0
224	13,24	57,70	14,23	39,50	179	149	1	1.0
225	7,19	88,103	6,5	56,76	177	149	1	1.0
226	71,75	251,220	6,19	180,253	194	149	0.00761250105466	0.12682102820848468
227	66,65	359,317	9,24	228,415	194	149	1	1.0
228	269,293	27,16	172,270	21,18	162	149	1	1.0
229	4,14	246,322	0,10	318,441	153	149	1	1.0
230	3,1	0,1	0,4	3,0	153	149	0.50076568128	1.0
231	6,13	0,0	2,4	3,4	153	149	0.0010430556324	0.02237568657997808
232	113,127	1,3	105,127	1,1	151	149	1	1.0
233	2,6	0,4	9,7	8,1	296	149	0.871693119808	1.0
235	66,63	174,191	87,135	93,117	157	149	0.000109745034827	0.003242655179982679
236	115,185	9,9	142,235	18,42	356	149	0.2060884943	1.0
237	14,20	11,15	14,26	3,3	153	149	0.00840829560144	0.13574629806036123
238	382,663	2,2	343,547	0,1	179	149	1	1.0
239	18,11	13,24	13,19	28,24	164	149	1	1.0
240	8,6	0,0	3,5	0,6	153	149	0.363893112098	1.0
244	1,4	13,18	1,2	11,15	382	149	1	1.0
245	33,44	15,20	13,32	5,17	154	149	1	1.0
246	4,8	0,0	0,0	0,1	154	149	1	1.0
247	30,35	397,450	62,111	239,331	160	149	0.0103427704223	0.16360382304365456
249	5,3	34,76	1,2	160,240	163	149	1	1.0
250	10,19	145,247	5,15	110,223	745	149	1	1.0
251	2,2	109,137	0,0	67,98	324	149	1	1.0
253	70,56	1,0	53,120	0,0	174	149	1	1.0
254	20,10	187,260	8,9	151,201	289	149	1	1.0
255	21,20	303,314	14,15	235,282	644	149	1	1.0
256	7,14	303,314	5,20	235,282	720	149	1	1.0
257	0,4	14,10	2,9	11,4	225	149	0.305105048146	1.0
258	264,362	0,0	273,350	1,5	331	149	1	1.0
260	2,0	317,322	1,1	207,390	176	149	1	1.0
261	21,22	0,1	19,27	2,2	204	149	1	1.0
262	0,1	8,2	0,0	4,5	155	149	1	1.0
263	21,23	51,65	18,57	45,60	321	149	1	1.0
264	0,4	4,5	0,8	2,1	326	149	0.801702922398	1.0
269	8,2	183,152	7,0	72,124	348	149	1	1.0
271	124,126	79,92	72,76	88,136	374	149	0.0916837692023	0.9571785504720118
272	447,611	0,0	348,549	0,2	537	149	1	1.0
273	32,22	287,339	22,40	276,426	173	149	1	1.0
274	4618,6252	0,2	2396,3536	1,2	3390	149	1	1.0
275	30,49	116,106	27,36	57,97	644	149	1	1.0
276	18,33	218,304	4,10	147,232	166	149	1	1.0
277	325,459	0,2	224,393	0,0	209	149	1	1.0
278	2,4	25,39	2,5	14,21	329	149	1	1.0
279	813,963	841,923	668,1065	447,745	732	149	1	1.0
280	11,5	2,0	0,7	0,0	155	149	1	1.0
282	97,110	16,8	88,147	20,26	199	149	1	1.0
283	69,83	320,448	59,80	210,345	304	149	1	1.0
284	218,306	0,0	187,257	0,1	386	149	1	1.0
286	1,1	71,102	0,0	73,121	164	149	1	1.0
287	32,75	1,0	20,43	0,2	207	149	1	1.0
288	5,1	56,52	1,3	14,52	288	149	1	1.0
289	276,376	0,0	263,364	1,0	870	149	1	1.0
290	27,14	6,3	5,22	3,3	411	149	1	1.0
291	61,89	0,1	49,85	0,0	294	149	1	1.0
292	82,97	11,14	56,114	2,9	658	149	0.342643820388	1.0
293	85,85	11,14	31,90	2,9	963	149	0.757881112926	1.0
294	45,54	38,60	16,47	41,69	454	149	1	1.0
295	51,41	11,14	17,55	2,9	715	149	0.581277964414	1.0
296	11,10	38,60	2,12	41,69	206	149	1	1.0
297	37,45	3,1	15,37	1,2	397	149	1	1.0
301	8,15	38,50	3,0	39,59	212	149	0.238126982742	1.0
302	1,1	2,3	1,0	2,4	153	149	0.311354560343	1.0
304	13,9	273,243	6,12	171,266	327	149	1	1.0
307	520,501	8,7	383,476	6,9	423	149	1	1.0
308	8,12	2,0	11,3	0,0	172	149	1	1.0
309	1,1	1,3	0,0	0,8	153	149	1	1.0
310	0,0	56,51	1,0	22,42	197	149	1	1.0
313	18,30	49,54	14,14	27,36	479	149	1	1.0
315	11,26	49,54	9,12	27,36	427	149	1	1.0
316	1,12	49,54	4,4	27,36	228	149	1	1.0
317	2,12	2,3	4,1	0,0	231	149	0.0953993558339	0.9871523959894941
318	31,57	1270,1583	22,50	867,1492	744	149	1	1.0
320	574,768	6,3	375,517	3,1	316	149	1	1.0
321	11,16	275,420	9,16	163,248	414	149	1	1.0
323	106,169	677,718	75,94	376,531	175	149	1	1.0
325	16,22	49,58	13,9	49,65	655	149	1	1.0
326	11,11	111,145	4,12	94,119	180	149	1	1.0
327	64,92	0,0	42,69	2,0	258	149	1	1.0
328	3,6	219,272	3,1	211,274	164	149	1	1.0
329	566,767	11,19	435,714	8,15	153	149	1	1.0
330	7,10	58,46	10,27	27,56	259	149	0.665289559433	1.0
332	745,997	11,19	727,994	13,8	620	149	1	1.0
333	16,28	12,34	8,39	10,42	153	149	1	1.0
334	238,359	35,30	229,347	20,26	611	149	1	1.0
335	13,18	5,1	10,7	1,0	180	149	0.637061508539	1.0
337	6,12	90,107	5,1	40,96	317	149	1	1.0
340	333,361	15,32	266,324	56,49	171	149	0.967549387006	1.0
341	3,8	1764,2433	2,12	1402,2087	344	149	1	1.0
342	39,68	97,131	36,58	86,87	909	149	1	1.0
343	0,2	0,0	0,0	0,1	172	149	1	1.0
344	36,70	315,345	32,71	195,349	180	149	1	1.0
345	453,604	7,7	287,539	1,5	711	149	1	1.0
346	104,113	17,23	102,188	35,84	640	149	0.0807147213734	0.8839108648303803
348	10,9	104,87	13,16	85,127	154	149	1	1.0
349	326,536	36,43	279,457	48,83	202	149	1	1.0
350	211,288	7,16	131,241	4,11	734	149	1	1.0
351	15,25	100,106	13,22	53,68	195	149	1	1.0
352	218,320	316,474	261,438	267,368	332	149	1	1.0
353	0,4	2,6	0,0	3,0	269	149	1	1.0
354	425,513	26,34	286,425	17,7	181	149	1	1.0
356	15,8	0,0	14,31	2,0	427	149	1	1.0
357	195,238	8,5	134,210	5,7	571	149	1	1.0
358	31,40	5,11	14,23	8,10	460	149	0.302028717722	1.0
359	3,8	128,110	43,37	43,75	160	149	9.34842023792e-08	5.4220837379936e-06
361	3,1	7,2	1,0	2,17	168	149	0.58673899413	1.0
362	14,32	73,113	8,13	52,72	157	149	1	1.0
363	5,6	52,51	2,10	57,76	207	149	1	1.0
364	1523,2204	0,0	1522,2066	2,0	248	149	1	1.0
365	607,728	974,1137	461,704	688,1137	850	149	1	1.0
368	10,23	35,21	13,9	27,39	388	149	1	1.0
369	17,29	85,79	15,31	48,62	161	149	1	1.0
370	2,1	33,58	1,1	28,41	293	149	1	1.0
371	0,6	0,3	5,9	0,2	299	149	1	1.0
372	1,7	19,18	9,4	6,11	374	149	0.530394797351	1.0
373	1,1	6,4	0,0	2,3	154	149	0.510354760399	1.0
374	682,890	0,4	484,812	2,8	319	149	1	1.0
377	0,5	919,1151	1,6	711,985	182	149	1	1.0
380	5,11	0,2	6,15	2,5	168	149	0.154789986259	1.0
381	11,16	0,2	15,33	1,6	418	149	0.227611358753	1.0
382	64,81	1,10	47,80	6,16	166	149	1	1.0
383	3,1	26,16	1,1	17,17	224	149	1	1.0
384	36,39	13,17	17,32	17,18	380	149	0.529652707205	1.0
385	2,0	29,30	1,5	21,29	154	149	1	1.0
386	9,12	0,1	8,20	2,1	293	149	1	1.0
387	1,1	5,3	0,0	5,11	164	149	0.670609476748	1.0
388	1035,1293	19,16	795,1218	5,6	194	149	1	1.0
389	12,5	47,42	1,11	60,73	220	149	1	1.0
390	947,1154	0,2	687,1017	0,0	937	149	1	1.0
391	376,485	6,2	338,512	5,11	194	149	1	1.0
392	2,11	182,237	15,27	82,139	404	149	1	1.0
393	1,9	958,1107	4,0	658,1048	257	149	1	1.0
395	57,35	0,1	22,63	3,10	164	149	0.620842649428	1.0
397	156,167	24,36	169,264	8,35	227	149	1	1.0
398	151,157	0,1	132,223	0,0	227	149	1	1.0
399	6,9	0,1	5,7	1,0	205	149	1	1.0
400	63,102	342,368	36,61	256,402	332	149	1	1.0
402	434,464	24,21	300,438	21,26	192	149	1	1.0
403	129,158	186,212	118,197	32,55	153	149	1.3526957332e-12	1.6294780909163076e-10
404	33,54	76,80	14,15	63,92	347	149	0.50145584962	1.0
406	88,146	350,497	68,96	277,470	471	149	1	1.0
407	0,1	10,9	5,11	7,7	161	149	1	1.0
408	405,390	48,59	133,210	173,277	155	149	0	0.0
409	236,219	8,13	26,46	19,42	180	149	2.99760216649e-15	5.2158277696926e-13
410	268,280	0,1	147,299	0,0	297	149	1	1.0
411	77,68	5,0	50,52	0,1	394	149	1	1.0
413	251,318	0,5	139,266	5,7	158	149	1	1.0
415	30,15	199,201	7,20	141,207	527	149	1	1.0
416	25,21	248,284	9,20	208,363	372	149	1	1.0
417	2,0	10,5	0,0	1,3	153	149	1	1.0
418	0,0	1315,1661	2,6	1232,1899	153	149	1	1.0
419	60,134	56,118	110,152	29,99	170	149	0.232467756452	1.0
421	2,6	8,17	5,0	13,9	233	149	1	1.0
422	356,480	443,583	264,417	362,505	152	149	1	1.0
424	15,4	134,118	3,11	73,104	300	149	1	1.0
425	27,48	123,198	59,62	69,131	178	149	0.0724616911126	0.8105357734452256
426	199,216	0,2	154,227	3,3	244	149	1	1.0
427	12,29	529,548	6,12	378,594	521	149	1	1.0
428	58,62	1,0	32,44	0,0	151	149	1	1.0
430	368,451	0,0	380,434	1,3	431	149	1	1.0
431	160,207	11,19	84,127	2,3	176	149	1	1.0
432	7,7	151,167	8,6	134,253	167	149	1	1.0
434	8,3	56,104	3,3	57,77	478	149	1	1.0
435	374,393	60,53	343,626	26,44	241	149	1	1.0
436	66,118	621,1008	52,95	457,776	583	149	1	1.0
437	733,1173	4,2	525,867	0,0	311	149	1	1.0
438	184,227	43,36	192,270	20,45	208	149	1	1.0
440	23,21	2,2	28,34	0,0	188	149	1	1.0
441	25,15	1383,1663	18,28	1385,1771	153	149	1	1.0
442	5,7	972,1081	24,25	699,1055	317	149	1	1.0
443	1628,1712	0,1	1316,1964	4,12	152	149	1	1.0
444	316,334	0,1	199,245	0,0	1010	149	1	1.0
445	293,349	20,28	267,479	7,18	423	149	1	1.0
446	61,83	2,10	29,81	1,1	215	149	1	1.0
447	46,84	0,0	27,75	0,1	152	149	1	1.0
448	8,16	434,541	10,10	284,510	342	149	1	1.0
449	1,3	121,155	1,1	78,87	325	149	1	1.0
450	27,38	0,2	28,28	0,0	315	149	1	1.0
451	239,279	137,135	424,679	530,983	152	149	3.18653615972e-05	0.0010617267289620255
452	5,5	285,373	1,4	158,346	354	149	1	1.0
454	666,788	3,6	724,989	2,4	153	149	1	1.0
455	44,48	375,445	23,23	277,455	394	149	1	1.0
456	960,1108	0,0	800,1318	0,2	677	149	1	1.0
457	43,54	11369,10833	39,97	7415,11539	212	149	1	1.0
458	3835,4095	4,4	2404,3968	4,4	185	149	1	1.0
459	54,46	0,3	38,69	0,0	399	149	1	1.0
460	59,132	0,0	49,63	1,0	281	149	1	1.0
461	174,315	231,301	143,209	157,306	152	149	1	1.0
462	0,1	1348,1475	1,0	1106,1815	197	149	1	1.0
463	614,832	1947,2643	359,546	1897,2894	152	149	1	1.0
464	18,28	1230,1642	5,22	880,1538	172	149	1	1.0
465	148,169	0,2	108,175	0,0	252	149	1	1.0
466	127,145	0,2	99,180	0,0	407	149	1	1.0
467	125,144	146,168	99,180	108,175	304	149	1	1.0
469	16,22	23,18	21,30	20,28	203	149	1	1.0
471	1514,1767	0,1	917,1458	0,0	1974	149	1	1.0
472	2,0	11264,11912	5,10	13673,21316	153	149	1	1.0
474	13,16	5,1	24,31	1,2	328	149	0.432764216666	1.0
476	151,175	9,8	91,200	13,10	486	149	1	1.0
477	1724,2100	1,0	1046,1562	0,3	3125	149	1	1.0
478	19,26	36,61	4,9	24,38	172	149	0.446044123398	1.0
481	12,11	0,0	11,16	0,1	378	149	1	1.0
484	0,2	0,0	0,0	0,2	164	149	1	1.0
485	22,18	2156,2554	6,18	1467,2279	481	149	1	1.0
488	0,4	81,109	0,1	55,103	154	149	1	1.0
490	181,190	115,165	120,167	72,98	489	149	1	1.0
491	9,6	1,3	2,2	0,3	223	149	1	1.0
492	10,5	6,5	6,19	0,0	209	149	2.65338713829e-05	0.0009233787241249201
493	7,4	155,157	6,15	127,115	173	149	1	1.0
494	23,21	15,15	7,25	5,25	347	149	1	1.0
495	25,22	0,0	7,26	0,2	417	149	1	1.0
496	17,16	0,0	5,26	0,2	219	149	1	1.0
498	80,85	26,36	16,48	35,41	164	149	0.015066519829	0.2268670197328269
499	0,0	8,5	1,0	2,11	375	149	1	1.0
500	5046,7991	5,9	4911,7502	6,4	167	149	1	1.0
501	2354,3993	102,139	2477,3671	61,143	167	149	1	1.0
502	2350,3987	7,11	2467,3663	10,15	167	149	1	1.0
503	2744,4594	7,11	2804,4266	10,15	188	149	1	1.0
504	395,611	1,4	340,610	3,7	170	149	1	1.0
505	2350,3984	5,6	2466,3657	4,6	167	149	1	1.0
506	3109,5109	5,6	3147,4986	4,6	188	149	1	1.0
507	760,1126	1,1	683,1330	2,1	170	149	1	1.0
508	111,202	1453,2112	29,46	1073,1676	162	149	1	1.0
509	64,97	143,236	27,49	221,390	162	149	0.00260875562011	0.04982086952551537
510	12,13	240,322	9,13	204,259	401	149	1	1.0
511	72,121	134,173	32,59	160,312	170	149	0.00043809317942	0.010089028220172352
512	389,499	5,2	345,493	2,8	189	149	1	1.0
513	11,12	243,286	12,22	301,454	161	149	1	1.0
514	2,13	47,57	14,15	29,62	446	149	1	1.0
517	23,35	23,48	12,35	13,35	582	149	1	1.0
518	11,23	9,25	10,20	0,11	154	149	0.0902961398634	0.9554307772032731
520	2,0	0,0	0,4	0,4	173	149	1	1.0
523	379,491	6,12	306,439	1,2	163	149	1	1.0
524	574,734	17,12	429,661	0,1	176	149	1	1.0
525	10,2	9,20	7,10	7,14	196	149	0.625371036226	1.0
526	367,445	0,0	208,273	0,2	532	149	1	1.0
527	51,38	67,93	36,53	25,50	179	149	0.185087318589	1.0
528	6,12	194,209	65,99	62,89	153	149	0	0.0
529	48,49	47,64	16,51	23,34	335	149	1	1.0
530	11,6	38,45	6,5	16,49	219	149	1	1.0
532	277,254	2,2	241,367	5,21	153	149	1	1.0
534	1,0	14,10	0,0	2,19	153	149	1	1.0
535	0,1	6,21	0,0	7,20	1070	149	1	1.0
536	0,1	0,0	0,0	0,1	305	149	1	1.0
537	170,196	1,0	108,162	0,0	602	149	1	1.0
538	21,32	74,114	21,27	39,81	445	149	1	1.0
539	1423,1950	0,1	1320,2001	0,0	1400	149	1	1.0
541	4,5	195,184	0,0	130,176	268	149	1	1.0
542	370,404	30,27	253,365	16,23	153	149	1	1.0
544	1,3	6,3	2,0	0,0	212	149	1	1.0
546	69,73	360,482	35,60	288,508	356	149	1	1.0
547	7,17	394,433	9,11	359,498	153	149	1	1.0
548	906,854	0,0	422,689	4,5	173	149	1	1.0
549	769,899	53,58	594,963	6,14	179	149	1	1.0
550	1104,1435	14,19	756,1260	5,10	391	149	1	1.0
551	106,116	8,3	71,98	0,2	229	149	1	1.0
554	1,0	1,4	0,1	0,1	160	149	1	1.0
556	8,10	40,39	20,39	8,10	167	149	1.79676939993e-10	1.5631893779391e-08
557	91,70	1,2	20,50	0,0	253	149	1	1.0
558	96,175	27,73	80,115	50,69	209	149	0.570736060121	1.0
559	60,67	23,28	21,54	6,8	169	149	0.429469839938	1.0
560	21,28	23,28	21,48	6,8	194	149	0.00038957097402	0.009385218131688819
561	12,6	51,45	12,27	12,33	174	149	0.00240518945644	0.04733930961230625
562	7,3	268,285	0,1	204,329	152	149	1	1.0
564	151,157	94,112	60,98	115,155	346	149	0.00583550673531	0.10042201700544462
566	16,33	15,35	3,6	54,100	172	149	6.07102257355e-10	4.527248261990143e-08
567	56,50	12,8	84,59	5,8	786	149	0.404985027832	1.0
568	40,60	12,8	109,85	5,8	791	149	0.110931268614	1.0
569	8,17	24,7	27,28	2,2	154	149	0.00230486386676	0.04627457455572
570	3,5	59,137	2,0	69,72	152	149	1	1.0
571	20,3	45,48	6,4	13,20	161	149	1	1.0
572	6,2	171,200	2,4	121,185	360	149	1	1.0
575	40,49	0,1	29,55	0,0	279	149	1	1.0
577	13,11	0,2	3,10	1,0	363	149	1	1.0
578	12,12	87,75	3,10	41,72	363	149	1	1.0
579	17,14	140,166	0,2	74,135	164	149	1	1.0
581	5,3	112,120	1,5	27,38	153	149	1	1.0
582	84,100	124,162	33,46	118,191	167	149	0.02228376136	0.31438171432216216
583	54,52	0,0	40,67	0,1	250	149	1	1.0
584	15,14	41,63	10,27	9,33	174	149	0.0404844904024	0.5154366826842146
585	177,200	8,17	163,288	5,13	271	149	1	1.0
586	2,2	93,144	0,12	98,137	320	149	1	1.0
588	7,2	0,4	0,2	1,14	160	149	0.00344495659309	0.06422383362832071
589	10,11	64,107	26,38	40,101	286	149	0.243949504327	1.0
591	166,190	9,5	167,280	3,8	180	149	1	1.0
592	2,0	17,17	0,0	26,15	161	149	1	1.0
593	2,5	1,2	5,2	7,7	160	149	0.0656967514988	0.7401518909864806
594	2,5	3,4	5,3	0,1	176	149	0.00137487613208	0.0287074136378304
595	1,2	3,4	7,8	0,1	165	149	1.35735468926e-05	0.0005060993912812285
596	19,24	732,943	4,8	390,753	313	149	1	1.0
597	22,22	30,57	21,3	38,28	609	149	1	1.0
598	31,66	10,23	17,24	19,16	168	149	0.134564673714	1.0
599	7,9	10,23	1,7	19,16	177	149	0.600005208364	1.0
600	3,4	27,61	0,1	16,18	158	149	1	1.0
601	0,1	105,109	1,4	44,128	170	149	1	1.0
602	163,264	2,0	135,212	0,0	535	149	1	1.0
603	13,29	144,179	26,63	92,133	167	149	0.122486646168	1.0
604	39,52	1,6	32,33	2,1	791	149	1	1.0
605	37,41	1,1	28,46	4,2	172	149	1	1.0
606	188,208	1,6	122,140	4,1	240	149	1	1.0
607	12,11	0,0	15,19	1,0	262	149	1	1.0
608	98,119	3,6	50,99	4,2	162	149	1	1.0
610	1,0	9,10	1,0	7,4	309	149	1	1.0
611	106,158	40,43	107,175	11,18	153	149	0.102318912042	1.0
612	1,0	164,172	1,1	139,177	153	149	1	1.0
613	1,0	39,19	0,0	8,18	302	149	1	1.0
614	44,44	2,6	17,32	0,2	319	149	0.842632039152	1.0
615	0,0	48,55	1,4	31,57	332	149	1	1.0
616	17,15	447,609	15,18	432,618	166	149	1	1.0
618	4,18	988,1315	14,17	1080,1790	304	149	1	1.0
619	2,0	167,196	0,0	165,199	153	149	1	1.0
620	0,1	0,2	2,0	0,0	153	149	1	1.0
621	0,5	73,114	4,0	50,93	152	149	1	1.0
622	48,68	11,13	34,82	3,5	165	149	0.638448632456	1.0
623	10,12	0,0	12,19	0,1	216	149	1	1.0
625	64,98	118,153	40,49	64,93	196	149	1	1.0
626	0,1	0,0	1,8	0,1	153	149	1	1.0
628	85,113	0,6	66,88	0,0	165	149	1	1.0
629	1357,1823	0,0	1019,1375	0,2	494	149	1	1.0
630	20,20	7,4	12,21	21,9	308	149	0.13115615556	1.0
631	63,85	151,181	95,116	131,157	365	149	1	1.0
632	13,23	44,65	5,23	65,77	175	149	1	1.0
633	41,41	44,65	24,65	65,77	591	149	1	1.0
634	38,35	10,17	23,50	4,8	565	149	0.276744743029	1.0
635	1,0	0,1	0,4	2,4	157	149	0.0542224234457	0.6460927934143091
636	85,70	14,13	68,82	0,4	166	149	0.229920168082	1.0
637	615,762	2,0	405,591	2,2	309	149	1	1.0
639	53,127	85,75	79,208	76,145	1052	149	1	1.0
640	260,255	0,2	138,213	0,2	373	149	1	1.0
641	5,17	117,150	8,5	157,196	357	149	1	1.0
643	63,78	140,161	53,57	109,179	392	149	1	1.0
644	60,75	140,161	55,62	109,179	432	149	1	1.0
645	10,11	13,14	6,9	4,4	189	149	0.306849220384	1.0
646	45,81	232,385	90,143	148,234	574	149	1	1.0
648	323,469	5,4	290,458	1,0	703	149	1	1.0
649	117,141	15,20	92,131	3,2	164	149	0.75457205119	1.0
651	65,88	33,33	73,63	20,18	153	149	1	1.0
652	19,25	11,25	45,38	11,13	153	149	0.103883095458	1.0
653	17,12	18,20	1,9	33,32	170	149	0.0109702327871	0.17009291628315443
654	48,44	3,2	25,52	0,3	251	149	1	1.0
655	49,52	3,2	57,75	0,3	230	149	1	1.0
656	3,12	316,318	5,5	188,310	155	149	1	1.0
657	239,335	77,101	215,368	66,112	2830	149	1	1.0
658	4,4	29,42	2,2	21,28	341	149	1	1.0
659	7,1	6,7	5,15	4,2	187	149	0.0591712328591	0.6915085869951537
660	0,2	329,483	6,2	278,424	167	149	1	1.0
661	297,312	52,79	217,280	54,65	345	149	1	1.0
662	257,284	13,8	171,258	3,15	155	149	1	1.0
663	122,125	68,57	76,196	82,128	155	149	0.753163606326	1.0
666	130,172	31,29	162,233	17,14	177	149	0.83224530879	1.0
667	6,13	447,470	3,14	333,503	152	149	1	1.0
668	8,10	85,141	3,9	88,116	172	149	1	1.0
669	25,16	359,340	6,11	287,327	438	149	1	1.0
670	2,1	153,171	1,2	109,210	152	149	1	1.0
671	7,7	5,1	4,10	5,10	208	149	0.256498672385	1.0
672	17,27	1020,1241	21,22	938,1090	509	149	1	1.0
673	16,33	1,0	24,40	0,0	405	149	1	1.0
674	1874,2562	27,17	1502,2518	24,49	310	149	1	1.0
675	1871,2579	0,0	1502,2450	1,0	470	149	1	1.0
676	511,665	329,536	492,759	174,253	184	149	0.00807733083254	0.13176145920580876
678	0,0	81,70	5,4	35,50	158	149	1	1.0
680	10,26	4,6	7,18	0,2	351	149	0.0411808883547	0.5200747674472597
681	14,28	0,3	16,45	4,5	163	149	1	1.0
682	15,14	297,238	45,64	126,241	165	149	0.00245335499129	0.04743152983160667
684	44,36	20,11	8,24	22,53	153	149	2.85660772492e-06	0.00012426243603402
685	8,11	58,51	1,4	39,79	370	149	1	1.0
686	52,82	227,298	13,9	277,364	152	149	0.000350618877721	0.008715383531922001
687	603,704	62,92	451,632	112,170	797	149	0.00704066852566	0.11855577323853289
688	3,5	291,335	12,13	229,386	179	149	1	1.0
690	231,246	17,38	186,264	37,64	170	149	1	1.0
691	4,4	0,0	8,2	1,0	175	149	1	1.0
692	2,1	11,9	0,1	7,8	300	149	1	1.0
693	23,14	0,1	9,37	0,0	735	149	1	1.0
694	13,18	6,20	10,5	5,14	253	149	0.924684692503	1.0
695	1,2	15,5	2,0	2,7	168	149	1	1.0
696	43,32	25,26	23,39	13,25	871	149	1	1.0
698	12694,12504	1,2	8104,11746	0,0	219	149	1	1.0
699	6,4	2118,2233	2,6	1388,2141	224	149	1	1.0
701	2,3	58,55	2,1	31,75	378	149	1	1.0
702	252,316	97,96	170,223	66,87	152	149	1	1.0
704	37,37	108,119	15,10	43,61	238	149	1	1.0
705	492,963	3,1	428,788	2,5	343	149	1	1.0
706	0,0	15,23	0,1	22,25	156	149	1	1.0
707	0,0	1395,1777	0,3	875,1550	203	149	1	1.0
708	7,8	53,74	1,7	40,64	152	149	1	1.0
709	129,115	0,2	81,127	0,0	173	149	1	1.0
711	4,5	78,95	6,2	31,101	427	149	1	1.0
712	10,9	1,3	1,0	7,20	152	149	1.90482296603e-10	1.5699751393699893e-08
713	11,1	7,1	0,1	14,11	152	149	2.72345600549e-06	0.00012185520298849544
714	60,90	18,9	78,107	12,15	462	149	1	1.0
715	88,85	0,0	31,53	0,9	230	149	1	1.0
716	71,83	4,10	110,134	4,10	176	149	1	1.0
717	7,11	2,0	4,8	0,0	313	149	1	1.0
718	1,0	308,438	0,1	247,400	174	149	1	1.0
719	35,47	1228,1409	26,52	938,1323	575	149	1	1.0
720	4,4	214,260	2,5	126,300	354	149	1	1.0
721	45,81	12,21	47,87	7,20	386	149	1	1.0
722	30,38	17,20	4,12	17,33	203	149	6.35962276355e-05	0.00199183384954386
723	71,108	3,10	69,127	2,2	460	149	0.645304421375	1.0
724	100,134	0,1	81,127	0,2	235	149	1	1.0
725	118,132	35,32	35,96	28,61	170	149	0.0256466064046	0.35230338271582107
727	13,7	1,2	9,5	0,0	153	149	1	1.0
728	14,21	4,7	26,35	8,21	207	149	1	1.0
729	19,16	291,389	6,14	199,347	501	149	1	1.0
730	2,5	528,676	1,8	864,1341	341	149	1	1.0
731	7,4	141,182	0,5	95,166	153	149	1	1.0
732	1,0	881,1102	4,3	736,1171	152	149	1	1.0
734	114,130	1,3	79,123	2,0	260	149	1	1.0
735	491,576	0,1	373,539	0,0	439	149	1	1.0
736	60,38	0,0	31,64	4,1	353	149	1	1.0
737	16,20	44,50	15,38	18,36	180	149	0.085228333591	0.9141614411199043
738	6,11	44,50	10,22	18,36	185	149	0.0902245099539	0.9554307772032731
739	0,5	10,14	3,8	8,24	154	149	0.909822034789	1.0
742	1,2	69,67	6,14	32,67	169	149	0.309218639809	1.0
743	83,93	14,14	84,84	7,14	281	149	1	1.0
744	11,10	146,196	4,4	143,212	152	149	1	1.0
745	52,43	96,120	22,49	73,134	556	149	1	1.0
746	2,2	0,1	6,6	1,3	153	149	0.550487406698	1.0
747	447,561	21,28	400,500	0,3	194	149	1	1.0
749	3,10	1240,1533	4,13	838,1375	414	149	1	1.0
750	2,5	989,1107	3,9	721,1085	154	149	1	1.0
751	6,28	8,8	14,11	2,7	357	149	0.827043066503	1.0
752	425,593	0,1	424,729	0,0	2376	149	1	1.0
753	25,30	250,347	16,22	172,238	424	149	1	1.0
754	150,151	42,33	86,105	36,68	171	149	0.202137755174	1.0
755	21,12	32,38	14,11	22,39	1395	149	1	1.0
756	2288,2578	12,15	1720,2764	12,19	152	149	1	1.0
757	1117,1349	940,1125	1613,2154	348,533	163	149	7.64943663967e-14	1.0890016161566565e-11
758	212,274	6,3	125,168	2,15	487	149	1	1.0
760	5,0	8,3	3,2	0,5	158	149	0.205552322489	1.0
761	43,40	19,28	56,37	1,0	172	149	5.66187208229e-10	4.43324584043307e-08
763	61,79	0,2	29,33	0,0	422	149	1	1.0
764	30,46	6,9	25,25	4,1	154	149	1	1.0
765	217,258	18,21	155,256	31,38	196	149	1	1.0
767	16,22	41,25	7,33	18,16	153	149	0.867083396278	1.0
769	0,0	131,162	0,13	222,300	153	149	1	1.0
772	15,25	24,18	21,23	3,9	154	149	0.0290479622569	0.39214749046815
775	220,286	7,5	213,286	0,0	170	149	1	1.0
777	4,7	79,90	1,6	65,84	376	149	1	1.0
778	63,81	2,2	68,99	0,0	167	149	1	1.0
779	14,28	71,25	8,18	32,59	178	149	1	1.0
780	0,2	0,0	1,1	3,3	155	149	1	1.0
781	103,161	183,221	77,114	124,140	250	149	1	1.0
782	35,25	47,45	12,18	42,64	256	149	0.428242760552	1.0
783	25,29	1,4	21,28	1,0	175	149	1	1.0
784	1,10	215,247	4,1	176,319	382	149	1	1.0
786	4,3	5,7	0,7	2,1	246	149	1	1.0
787	3,5	645,849	1,1	493,672	216	149	1	1.0
788	28,48	12,21	28,69	3,6	409	149	0.00218426985201	0.044422942704515064
789	16,32	127,201	24,61	98,131	176	149	0.506884813142	1.0
790	144,224	12,21	108,145	3,6	382	149	0.825252402686	1.0
791	65,122	25,49	47,108	12,15	166	149	0.322554832372	1.0
792	34,53	13,48	31,50	12,28	166	149	1	1.0
794	65,73	1,3	34,64	6,10	153	149	0.665982722296	1.0
795	25,30	40,66	10,26	15,24	160	149	0.695080777686	1.0
796	65,63	439,510	37,89	298,542	333	149	1	1.0
797	5,8	354,348	3,13	173,349	153	149	1	1.0
798	172,272	67,64	179,274	31,45	449	149	0.434937014145	1.0
799	191,235	1,3	170,237	1,0	317	149	1	1.0
801	53,53	1,0	29,48	0,0	394	149	1	1.0
802	23,46	0,3	22,27	0,5	291	149	1	1.0
804	7,6	107,116	0,5	70,108	729	149	1	1.0
805	65,74	1,0	53,85	1,0	207	149	1	1.0
806	213,312	101,80	178,310	83,128	340	149	1	1.0
807	14,16	92,122	2,14	62,102	193	149	1	1.0
808	7,21	1,4	5,22	5,7	451	149	0.212040492054	1.0
809	7,4	125,140	4,29	83,129	336	149	1	1.0
810	14,28	0,2	21,36	2,5	269	149	0.47959025436	1.0
811	7,16	413,510	5,15	251,412	344	149	1	1.0
812	16,29	376,509	17,18	296,462	303	149	1	1.0
813	254,317	40,81	142,262	75,88	164	149	0.453842734799	1.0
814	196,271	409,550	135,212	344,441	644	149	1	1.0
815	40,41	784,967	42,68	692,1137	670	149	1	1.0
816	92,72	0,0	89,102	0,2	167	149	1	1.0
817	114,92	51,74	76,85	78,114	218	149	0.245164685025	1.0
818	193,230	0,0	153,323	2,4	352	149	1	1.0
819	84,88	36,60	37,28	10,46	512	149	1	1.0
820	125,194	47,56	68,112	43,93	167	149	0.0372134211311	0.48971611337229076
821	320,452	244,264	226,433	160,272	170	149	1	1.0
822	6,10	135,114	8,13	92,118	168	149	1	1.0
823	8,10	280,350	6,7	211,276	310	149	1	1.0
824	56,89	2,0	47,50	0,0	191	149	1	1.0
826	0,4	0,0	0,0	1,0	151	149	1	1.0
827	16,33	75,98	20,30	48,62	189	149	1	1.0
828	10,12	10,4	3,6	1,11	218	149	0.7233822826	1.0
829	2,4	40,42	14,21	11,16	154	149	1.48929963917e-08	9.328972939760881e-07
830	18,24	1252,1745	1,15	1037,1723	380	149	1	1.0
831	23,28	1252,1745	5,24	1037,1723	466	149	1	1.0
832	5,6	0,1	4,11	0,2	235	149	1	1.0
833	192,213	4,5	200,185	4,5	252	149	1	1.0
834	11,23	433,523	25,41	413,482	723	149	1	1.0
835	97,144	12,13	105,137	3,4	155	149	1	1.0
836	215,230	19,25	154,272	8,13	157	149	1	1.0
837	5,7	6,4	8,4	2,0	194	149	0.0167385212665	0.244976862648028
838	106,100	3496,3778	72,136	2284,3905	152	149	1	1.0
839	105,100	1,0	72,136	0,1	152	149	1	1.0
840	31,34	40,44	29,48	27,48	160	149	1	1.0
841	4,4	5,12	12,19	4,7	167	149	0.00788417000992	0.12996431826878654
842	148,201	93,126	238,392	69,111	163	149	0.0395635680051	0.508102091378159
844	37,39	663,747	39,47	444,616	153	149	1	1.0
845	5,7	3,0	4,5	3,17	258	149	0.0222711750471	0.31438171432216216
846	29,25	245,330	34,33	296,399	404	149	1	1.0
847	155,196	10,18	121,188	17,15	301	149	1	1.0
848	166,215	0,2	133,195	0,0	506	149	1	1.0
849	27,39	0,2	32,25	0,0	354	149	1	1.0
850	96,137	0,0	87,107	1,0	417	149	1	1.0
851	69,100	0,0	55,82	1,0	212	149	1	1.0
852	106,170	103,149	91,130	114,93	212	149	1	1.0
853	69,75	3,12	36,65	14,27	160	149	0.0273943871622	0.37304008953048
854	15,13	3,12	13,34	14,27	306	149	0.695176544268	1.0
855	15,13	69,75	13,34	36,65	295	149	1	1.0
856	1,2	28,57	2,0	18,43	182	149	1	1.0
857	11,5	2,6	3,8	12,15	169	149	0.0655682425131	0.7401518909864806
859	3,3	10,14	0,1	25,38	160	149	0.594382929271	1.0
860	18,17	153,155	10,19	98,140	167	149	1	1.0
861	53,71	93,143	5,15	89,137	154	149	2.25055148984e-06	0.00010365775391439528
862	2,7	0,0	6,8	1,0	187	149	1	1.0
864	126,144	0,0	65,120	1,0	825	149	1	1.0
865	74,158	6,1	61,92	7,0	347	149	1	1.0
867	168,151	0,0	118,148	7,3	163	149	1	1.0
869	14,5	85,41	6,2	17,47	567	149	1	1.0
871	6,6	32,41	6,3	24,34	202	149	1	1.0
872	261,246	693,855	308,433	252,406	167	149	1.38372313607e-10	1.274653194756247e-08
873	0,2	751,802	4,0	538,827	153	149	1	1.0
874	85,165	115,137	95,140	63,80	270	149	0.538866104299	1.0
875	34,66	0,0	43,56	0,3	270	149	1	1.0
876	4,7	712,883	11,17	534,883	153	149	1	1.0
877	15,21	152,175	34,41	59,143	154	149	0.0544599289468	0.6460927934143091
878	86,145	4,5	62,90	1,4	168	149	1	1.0
880	49,69	7,1	62,60	0,1	193	149	1	1.0
882	4,8	30,19	4,13	27,27	611	149	1	1.0
883	71,49	113,97	32,35	51,89	185	149	1	1.0
884	242,281	3,7	146,212	7,5	184	149	1	1.0
885	46,54	3,7	19,34	7,5	249	149	0.693038464737	1.0
886	0,1	196,228	0,0	127,178	214	149	1	1.0
887	0,1	1,4	0,1	1,8	155	149	1	1.0
888	271,326	21,25	212,414	0,13	196	149	1	1.0
889	242,243	199,187	280,427	29,33	161	149	0	0.0
890	284,368	4,7	267,376	5,11	347	149	1	1.0
891	977,1169	60,77	641,793	69,63	231	149	1	1.0
892	19,17	20,24	27,28	8,12	194	149	0.0163087176721	0.24093822523121322
893	4,9	30,28	14,4	14,7	362	149	0.314850161635	1.0
894	12,26	9,9	14,26	0,0	170	149	0.000155977918732	0.0042114038057640005
895	18,18	169,234	12,25	152,312	267	149	1	1.0
896	23,36	9,2	77,103	8,8	295	149	1	1.0
898	122,189	12,11	73,121	3,4	524	149	1	1.0
899	30,60	12,11	42,43	3,4	555	149	0.0837683934886	0.9046986496768801
900	10,21	97,144	14,8	44,84	180	149	1	1.0
901	906,1242	3,5	856,1186	0,2	161	149	1	1.0
903	687,794	1,0	501,803	0,0	341	149	1	1.0
904	749,916	75,85	378,608	131,209	194	149	9.50451338833e-06	0.000363026047954263
905	1613,2561	1411,1953	1418,2061	1188,1818	206	149	1	1.0
906	3582,5764	1,1	3163,4917	1,2	164	149	1	1.0
907	4962,7370	1,2	3956,6732	0,0	167	149	1	1.0
908	61,58	46,42	46,69	12,21	175	149	0.0361168710963	0.4793137299729305
909	281,369	49,74	196,276	20,41	297	149	1	1.0
910	101,176	5,7	84,148	0,3	241	149	1	1.0
911	54,75	3,0	47,62	0,0	355	149	1	1.0
912	81,131	156,184	69,94	142,195	839	149	1	1.0
913	30,56	156,184	22,32	142,195	633	149	1	1.0
914	46,67	9,20	23,34	11,30	633	149	0.075013912316	0.8331332389138724
915	20,33	4,11	21,32	12,14	301	149	0.622577392939	1.0
916	56,66	28,49	30,49	24,49	469	149	1	1.0
918	90,71	3,5	49,65	11,7	188	149	1	1.0
919	37,56	3,4	13,36	0,1	173	149	1	1.0
920	6,2	2132,2704	5,11	1464,2231	170	149	1	1.0
922	1,0	3,1	1,1	0,0	154	149	2.73426326621e-05	0.0009308383206271435
923	6,0	306,325	0,1	213,341	315	149	1	1.0
924	6,5	548,702	3,7	421,651	153	149	1	1.0
925	19,20	36,61	12,26	45,49	168	149	1	1.0
927	11,11	42,45	5,4	18,48	153	149	1	1.0
929	16,27	378,427	18,18	229,507	153	149	1	1.0
931	2,1	1057,983	10,18	727,997	387	149	1	1.0
932	0,0	1057,983	5,11	727,997	370	149	1	1.0
933	22,56	722,1012	40,46	574,724	361	149	1	1.0
934	20,63	722,1012	40,44	574,724	615	149	1	1.0
935	6,23	8,16	15,23	15,25	403	149	1	1.0
936	15,25	17,12	3,18	9,40	153	149	0.0608546885054	0.70591438666264
937	149,137	14,7	97,136	1,13	1084	149	0.958057013193	1.0
938	14,16	322,350	7,9	210,314	443	149	1	1.0
940	105,138	22,16	62,84	15,23	158	149	1	1.0
941	3,1	1153,1508	5,11	797,1264	153	149	1	1.0
942	8,14	853,1207	4,11	589,945	185	149	1	1.0
943	2,2	0,0	0,0	0,1	363	149	1	1.0
944	0,0	286,380	0,1	277,477	153	149	1	1.0
945	12,26	132,213	27,48	143,184	281	149	1	1.0
946	1,1	75,137	2,1	104,142	292	149	1	1.0
948	55,44	0,0	15,23	1,0	310	149	1	1.0
949	97,140	853,1213	51,103	561,873	616	149	1	1.0
951	0,1	22,21	4,0	3,20	484	149	1	1.0
952	3,7	132,129	1,13	66,146	350	149	1	1.0
953	22,11	460,548	4,22	436,599	324	149	1	1.0
954	24,22	171,221	13,12	132,183	433	149	1	1.0
955	108,156	0,1	92,129	0,0	555	149	1	1.0
956	63,72	200,176	103,126	60,69	155	149	1.35096378528e-11	1.5111494912489142e-09
957	7,5	3,0	6,10	3,2	213	149	0.90183119872	1.0
959	6,2	168,185	1,7	118,202	188	149	1	1.0
960	369,520	0,0	306,476	2,1	261	149	1	1.0
961	1,2	29,24	3,4	16,28	180	149	1	1.0
962	14,24	3,0	15,17	9,0	500	149	0.714553253031	1.0
963	14,22	0,2	10,17	0,4	202	149	1	1.0
964	0,0	2645,3037	5,4	2639,4071	189	149	1	1.0
965	70,114	3870,4628	162,214	3607,5658	167	149	1	1.0
966	49,37	3,3	22,34	1,5	290	149	1	1.0
967	189,234	43,86	77,99	104,141	172	149	7.85857157126e-10	5.593874127542345e-08
968	31,36	21,17	36,58	3,0	153	149	1.03064389878e-06	4.890873774210545e-05
969	582,937	3,4	692,970	0,0	1253	149	1	1.0
971	43,38	39,62	27,31	29,32	181	149	1	1.0
973	19,13	5,10	19,23	5,27	160	149	1	1.0
975	164,226	0,2	137,187	1,0	260	149	1	1.0
976	6,9	6,12	6,1	9,10	270	149	0.509597246674	1.0
977	12,22	0,0	12,52	1,2	185	149	1	1.0
978	16,25	202,326	17,60	189,326	185	149	1	1.0
979	643,728	24,41	603,767	17,16	188	149	1	1.0
980	19,15	229,261	25,47	190,347	173	149	1	1.0
981	251,325	0,0	265,407	0,1	153	149	1	1.0
982	3,12	161,218	2,14	142,200	335	149	1	1.0
983	1222,1852	1,0	1046,1723	0,0	334	149	1	1.0
984	75,83	28,35	21,42	62,50	161	149	0.000338957019375	0.008561398263568549
985	5,3	68,64	1,5	35,60	329	149	1	1.0
986	1,1	143,124	2,2	82,152	153	149	1	1.0
988	138,236	0,5	116,245	0,0	1508	149	1	1.0
989	792,918	16,22	654,1006	2,3	172	149	1	1.0
990	144,212	3,0	131,187	2,0	172	149	1	1.0
992	12,20	0,0	6,23	0,1	426	149	1	1.0
993	4,2	16,36	0,0	1,1	185	149	1	1.0
994	134,276	2146,3238	180,353	1910,3025	601	149	1	1.0
995	147,300	2146,3238	193,396	1910,3025	706	149	1	1.0
996	42,95	19,46	48,107	32,58	254	149	1	1.0
997	0,7	4,4	0,1	3,1	182	149	0.366750116423	1.0
998	17,20	337,422	22,37	285,331	210	149	1	1.0
999	19,17	441,627	23,26	412,548	361	149	1	1.0
1000	108,156	169,188	82,100	144,295	320	149	1	1.0
1001	76,75	25,33	33,55	22,23	209	149	1	1.0
1002	1331,1616	115,175	780,1244	153,275	892	149	0.00507006585554	0.08821914588639601
1003	8,1	18,16	2,3	3,9	171	149	1	1.0
1004	3723,4948	1,4	3092,4755	0,0	164	149	1	1.0
1007	8,8	32,23	6,8	16,37	191	149	1	1.0
1009	72,95	0,8	93,188	1,9	154	149	1	1.0
1010	0,0	34,37	0,1	28,39	158	149	1	1.0
1011	3,5	35,38	1,12	10,45	174	149	1	1.0
1012	10,8	3,1	8,12	0,2	503	149	0.207136281489	1.0
1013	1,1	281,370	1,4	208,366	153	149	1	1.0
1015	97,95	5,3	80,107	2,3	999	149	1	1.0
1016	828,1164	4,10	468,753	0,0	182	149	1	1.0
1017	1223,1284	2,0	782,1248	0,0	1094	149	1	1.0
1018	4,8	3,0	0,6	1,1	231	149	0.462282486793	1.0
1019	151,274	4,2	157,217	4,8	159	149	1	1.0
1021	10,16	48,67	3,6	26,47	216	149	1	1.0
1022	5,2	11088,12809	1,9	12305,18517	153	149	1	1.0
1023	0,0	0,1	1,2	0,0	153	149	1	1.0
1024	23,30	814,1058	18,31	775,1078	558	149	1	1.0
1025	13,9	814,1058	10,12	775,1078	319	149	1	1.0
1026	1,0	31,52	0,0	19,34	167	149	1	1.0
1027	0,1	415,453	9,25	266,345	158	149	1	1.0
1028	0,3	59,88	1,1	38,73	311	149	1	1.0
1030	4,0	4,6	1,0	3,7	165	149	0.798484884857	1.0
1031	0,0	3025,3207	4,0	1819,3328	153	149	1	1.0
1033	12,43	87,108	18,34	68,147	709	149	1	1.0
1034	50,70	69,84	38,34	48,98	188	149	1	1.0
1035	4,4	64,73	2,4	54,65	462	149	1	1.0
1037	10,6	14,13	2,0	11,8	177	149	0.010142419815	0.1620717288805102
1039	5,20	53,51	43,48	104,142	160	149	1	1.0
1040	1697,2268	44,74	1741,2573	76,96	173	149	1	1.0
1041	5,9	3074,3081	10,9	2243,3374	328	149	1	1.0
1042	12,14	4,1	9,20	0,0	387	149	0.138257735767	1.0
1043	31,28	769,834	10,11	477,798	359	149	1	1.0
1045	24,48	39,32	29,42	9,32	161	149	0.522765213564	1.0
1046	245,479	11,20	266,359	13,29	190	149	1	1.0
1049	141,172	19,23	102,123	19,12	167	149	1	1.0
1050	5,12	55,67	2,10	14,41	450	149	1	1.0
1051	98,124	15,14	113,174	2,1	154	149	0.896009926669	1.0
1052	115,135	3,11	103,182	2,0	205	149	1	1.0
1054	2,6	40,56	0,2	56,105	169	149	1	1.0
1055	0,1	144,154	0,2	119,160	152	149	1	1.0
1056	15,18	30,15	5,31	18,45	152	149	1	1.0
1057	281,407	13,1	173,341	1,3	372	149	1	1.0
1058	8,8	3632,5046	3,2	3061,4152	434	149	1	1.0
1060	148,193	11,22	107,154	9,3	266	149	1	1.0
1061	6,4	82,87	5,10	60,66	163	149	1	1.0
1062	10,9	0,1	8,22	2,1	274	149	1	1.0
1063	37,52	109,139	42,94	33,110	555	149	0.475438248064	1.0
1064	12,26	0,0	14,38	3,3	250	149	0.794255045637	1.0
1065	10,21	6,14	14,12	9,13	410	149	1	1.0
1068	10,10	54,29	2,4	22,42	703	149	1	1.0
1070	12,20	4,3	9,17	3,4	298	149	1	1.0
1071	130,149	20,12	75,128	20,31	196	149	0.636736285866	1.0
1072	12,10	149,184	9,27	106,152	287	149	1	1.0
1073	158,228	7,16	122,172	1,4	392	149	1	1.0
1074	64,86	11,9	60,118	0,1	154	149	0.832994336682	1.0
1076	0,2	32,42	0,0	6,21	153	149	1	1.0
1078	14106,14942	14416,15530	26990,38512	9503,14806	160	149	1.28652566378e-09	8.759561693389043e-08
1079	64,54	1,3	11,16	12,38	155	149	8.05799871273e-13	1.051568832011265e-10
1080	1,5	0,0	1,0	1,1	155	149	0.00241835553575	0.04733930961230625
1081	60,93	15,26	37,79	16,10	302	149	1	1.0
1082	3,9	9,8	2,1	5,8	216	149	0.242410933838	1.0
1083	4,8	262,346	4,10	164,277	302	149	1	1.0
1084	1,5	124,127	5,2	59,116	167	149	1	1.0
1085	3,3	0,0	4,14	1,1	176	149	1	1.0
1087	344,357	0,2	258,392	0,0	520	149	1	1.0
1088	5,2	38,52	0,4	26,52	320	149	1	1.0
1089	4,4	135,130	3,13	109,162	326	149	1	1.0
1091	1,4	135,165	0,10	83,178	153	149	1	1.0
1092	528,711	0,0	407,692	0,3	152	149	1	1.0
1093	48,67	3,2	37,80	1,3	178	149	1	1.0
1094	5,12	33,47	2,4	33,68	208	149	1	1.0
1095	4,5	0,2	6,9	0,0	155	149	1	1.0
1097	66,64	141,208	8,28	112,181	230	149	0.295604984628	1.0
1098	2,4	37,41	0,0	20,45	233	149	1	1.0
1099	5,10	1,2	0,6	0,2	252	149	1	1.0
1100	199,229	0,1	117,198	0,0	154	149	1	1.0
1101	433,468	14,17	247,434	10,8	715	149	1	1.0
1102	6,2	3,1	23,30	6,2	322	149	0.275975552535	1.0
1103	6,2	33,24	24,37	26,26	322	149	8.9270193339e-05	0.0027411200542916472
1104	34,63	44,89	88,126	7,15	161	149	0	0.0
1105	2,8	45,40	12,16	4,8	161	149	2.10034853954e-08	1.2650560818921694e-06
1106	54,98	69,78	58,63	82,124	165	149	0.581211121786	1.0
1107	2,0	112,111	0,0	31,60	156	149	1	1.0
1108	107,129	42,52	86,125	13,26	199	149	0.219292369905	1.0
1110	13,6	596,843	5,11	417,644	153	149	1	1.0
1111	10,11	338,405	5,17	249,387	324	149	1	1.0
1112	9,11	637,808	6,15	514,687	324	149	1	1.0
1113	11,19	209,246	9,16	168,230	423	149	1	1.0
1114	59,56	3,5	39,49	0,8	436	149	1	1.0
1115	52,55	22,33	49,80	8,9	220	149	0.00379966851448	0.06918931271715906
1116	5,3	4,12	1,0	0,2	186	149	0.0395839432619	0.508102091378159
1117	4,5	0,0	13,33	0,6	332	149	0.608719327135	1.0
1119	6,11	84,132	8,7	90,126	304	149	1	1.0
1122	3,0	398,420	0,8	263,411	387	149	1	1.0
1123	52,58	1,0	35,47	0,0	189	149	1	1.0
1124	12,2	6,1	0,6	1,6	340	149	0.255654760025	1.0
1125	19,7	172,178	3,21	104,141	548	149	1	1.0
1126	13,6	172,178	4,21	104,141	357	149	1	1.0
1127	1,3	3,5	0,0	6,8	269	149	0.642212094636	1.0
1128	6,7	120,146	4,3	59,130	442	149	1	1.0
1129	8,8	27,37	10,11	41,38	313	149	1	1.0
1130	8,9	120,146	10,11	59,130	322	149	1	1.0
1131	18,28	719,1239	14,11	352,584	155	149	1	1.0
1132	5,15	3,3	2,7	2,4	153	149	0.65999480312	1.0
1133	25,74	109,141	30,70	58,93	233	149	0.972262652845	1.0
1134	4,1	5,20	0,0	18,25	177	149	1	1.0
1135	12,49	175,216	41,63	116,168	291	149	1	1.0
1136	41,40	0,1	11,29	7,16	176	149	1.00139715076e-07	5.6006712074648575e-06
1137	60,101	95,136	32,71	84,133	291	149	1	1.0
1138	74,98	0,4	51,73	0,0	225	149	1	1.0
1139	0,1	40,25	0,3	26,49	167	149	1	1.0
1140	84,117	10,11	50,82	0,0	168	149	1	1.0
1141	290,400	581,975	225,375	429,703	267	149	1	1.0
1143	23,59	15,25	43,36	15,20	313	149	1	1.0
1144	60,102	15,28	43,71	21,36	164	149	0.551958610001	1.0
1145	424,467	1,9	291,375	6,7	159	149	1	1.0
1146	16,35	0,1	20,24	3,10	159	149	0.0554829791197	0.6532807917402271
1147	28,43	71,119	37,54	61,107	206	149	1	1.0
1148	15,10	6,13	15,16	6,14	199	149	1	1.0
1149	67,99	15,11	77,131	12,24	157	149	1	1.0
1150	9,15	30,17	21,24	3,23	157	149	0.0625632968765	0.720397962563228
1151	246,239	0,0	222,300	1,0	158	149	1	1.0
1152	26,19	3,1	0,8	7,28	179	149	1.06493147634e-10	1.042301682467775e-08
1153	22,36	157,149	10,19	89,122	424	149	1	1.0
1154	12,5	424,422	4,7	260,422	153	149	1	1.0
1155	23,31	315,310	19,55	225,327	323	149	1	1.0
1156	1,1	355,403	1,2	281,455	182	149	1	1.0
1157	16,18	2,4	0,8	13,11	167	149	5.05657186065e-05	0.0016497065695370624
1158	30,34	3,0	11,39	2,0	368	149	1	1.0
1159	17,20	3,0	24,43	2,0	350	149	1	1.0
1160	37,56	3,0	31,29	0,3	204	149	1	1.0
1161	4,11	14,21	8,16	14,15	202	149	0.617829328116	1.0
1162	0,0	11,12	0,5	7,12	248	149	1	1.0
1164	4,8	288,389	2,4	204,323	293	149	1	1.0
1165	11,15	440,616	3,16	268,396	153	149	1	1.0
1166	20,23	2,2	8,19	2,1	152	149	1	1.0
1167	57,64	109,148	60,66	45,83	161	149	0.14516988809	1.0
1168	19,16	132,167	2,18	90,133	332	149	1	1.0
1170	100,115	2,0	78,117	1,4	168	149	1	1.0
1171	143,197	210,194	75,167	146,218	152	149	1	1.0
1173	88,57	5,3	67,98	0,2	196	149	1	1.0
1174	24,19	503,613	6,13	469,730	522	149	1	1.0
1175	17,19	118,143	32,57	56,101	153	149	0.00038500222331	0.009385218131688819
1176	165,295	851,1308	47,112	1097,1575	166	149	0.451807942107	1.0
1177	92,142	11,24	74,140	3,6	278	149	0.211428152187	1.0
1178	111,169	43,57	85,180	79,95	295	149	0.258193516474	1.0
1179	30,51	43,57	14,46	79,95	166	149	0.0964459237461	0.9871523959894941
1180	4,5	5,2	0,1	3,7	160	149	0.000306006378481	0.007855835880348296
1182	0,0	279,304	1,0	214,383	151	149	1	1.0
1183	493,698	0,0	431,764	2,0	824	149	1	1.0
1185	52,61	0,0	37,66	1,0	177	149	1	1.0
1186	96,127	14,16	85,140	24,23	177	149	1	1.0
1187	1183,1269	6,10	740,1254	4,6	428	149	1	1.0
1188	19,20	95,111	11,12	51,67	283	149	1	1.0
1189	11,4	20,7	1,7	12,26	155	149	0.299836621625	1.0
1190	1,0	23,36	4,0	38,44	215	149	1	1.0
1191	2,2	11,12	0,0	10,12	161	149	0.610462413994	1.0
1192	4,4	17,9	0,4	11,14	161	149	0.862859677133	1.0
1193	32,36	3722,3945	41,54	4041,6067	153	149	1	1.0
1194	4425,6220	2,0	3647,4960	0,0	1337	149	1	1.0
1195	43,67	261,434	36,26	327,383	232	149	1	1.0
1196	20,25	0,2	10,10	7,13	156	149	5.42838430884e-06	0.00022370657441166946
1199	86,126	47,65	79,123	65,99	225	149	0.860629951861	1.0
1200	2,1	984,1045	5,4	656,914	349	149	1	1.0
1201	28,33	3,8	26,29	5,5	381	149	1	1.0
1202	344,323	191,230	181,290	180,282	192	149	0.742891627123	1.0
1203	477,447	35,33	269,430	13,26	231	149	1	1.0
1204	524,481	2,2	312,482	0,0	246	149	1	1.0
1205	324,354	35,33	268,422	13,26	188	149	1	1.0
1206	371,388	2,2	311,474	0,0	203	149	1	1.0
1207	82,67	2,2	56,78	0,0	164	149	1	1.0
1208	0,0	35,46	0,1	19,44	409	149	1	1.0
1209	22,29	2,3	15,19	0,1	166	149	1	1.0
1211	76,97	31,44	47,117	19,23	193	149	0.934732761382	1.0
1212	20,38	73,135	35,62	125,178	378	149	1	1.0
1213	1,7	4,5	9,13	10,9	361	149	0.930029313066	1.0
1215	0,1	2095,2312	1,0	1410,2188	176	149	1	1.0
1216	23,13	111,127	2,10	74,133	286	149	1	1.0
1219	131,149	0,0	127,173	0,5	533	149	1	1.0
1220	43,34	4,0	11,31	0,2	297	149	1	1.0
1221	2,1	0,1	1,0	2,3	153	149	0.000395545591757	0.009385218131688819
1222	7,12	339,442	4,7	256,376	152	149	1	1.0
1223	2,6	753,1207	4,5	634,989	209	149	1	1.0
1224	316,534	2,0	263,365	0,1	630	149	1	1.0
1225	0,0	141,171	0,2	85,110	153	149	1	1.0
1226	5,14	55,60	1,13	34,53	176	149	1	1.0
1228	203,211	6684,7909	227,298	6190,8740	156	149	1	1.0
1230	2,3	5607,7394	2,5	5709,7954	153	149	1	1.0
1231	1,0	83,103	1,0	58,92	206	149	1	1.0
1232	18,40	0,4	17,22	4,1	225	149	1	1.0
1233	3,6	130,133	3,0	91,115	296	149	1	1.0
1234	35,69	80,90	99,97	8,8	161	149	0	0.0
1235	11,17	63,57	17,18	45,66	153	149	1	1.0
1236	326,368	0,3	343,488	0,0	2677	149	1	1.0
1237	232,192	452,384	359,477	63,104	161	149	0	0.0
1238	79,116	17,17	25,106	53,69	155	149	0.000659253092513	0.014962178882251565
1239	10,22	1,11	16,32	4,9	176	149	1	1.0
1240	18,34	0,8	28,52	4,2	1145	149	1	1.0
1241	20,38	23,32	34,53	13,24	1181	149	0.810771084903	1.0
1242	9,23	0,8	16,29	4,2	1118	149	0.969033658721	1.0
1243	11,27	23,32	22,30	13,24	1154	149	1	1.0
1244	2,12	23,32	10,3	13,24	185	149	1	1.0
1245	17,33	0,0	20,35	1,2	312	149	1	1.0
1246	157,163	59,81	121,130	40,95	443	149	1	1.0
1248	447,673	0,0	333,513	0,2	456	149	1	1.0
1249	1737,2539	0,0	1091,1634	1,2	374	149	1	1.0
1251	64,64	76,64	32,44	102,94	153	149	0.0385266983485	0.5027734134479249
1254	0,3	5,3	1,1	3,1	230	149	1	1.0
1255	68,67	17,33	62,111	40,41	256	149	1	1.0
1256	48,77	182,227	42,60	177,251	338	149	1	1.0
1257	37,32	184,221	34,42	99,144	985	149	1	1.0
1258	23,39	0,1	22,29	0,2	295	149	1	1.0
1259	8,5	48,56	6,4	20,32	616	149	1	1.0
1260	1,2	3,8	1,12	1,9	157	149	0.0510404652176	0.6232868549483441
1261	75,109	95,77	65,104	47,78	1300	149	1	1.0
1262	1,1	350,318	2,4	225,288	341	149	1	1.0
1263	7,13	0,2	3,8	0,0	153	149	1	1.0
1264	10,28	453,573	14,12	322,423	392	149	1	1.0
1266	754,821	107,124	981,1507	69,80	702	149	0.00473571295138	0.08332726384113574
1268	0,1	172,207	0,4	121,174	152	149	1	1.0
1269	256,295	1,0	169,268	0,0	320	149	1	1.0
1270	201,192	3,3	170,263	0,0	154	149	1	1.0
1271	23,28	137,114	55,102	66,122	317	149	0.000750663136622	0.016793406742143597
1272	2,1	503,536	0,8	294,406	328	149	1	1.0
1273	220,318	89,126	153,224	127,157	270	149	0.110292852338	1.0
1275	19,24	1,6	2,13	7,5	224	149	0.0491976011186	0.6114558996168857
1277	87,143	6,4	98,141	5,3	270	149	1	1.0
1278	12,5	1,2	0,8	0,0	170	149	1	1.0
1279	1,2	4,6	5,14	15,19	153	149	0.826637931211	1.0
1280	47,82	146,188	36,65	118,136	190	149	1	1.0
1281	0,1	97,127	0,0	56,118	153	149	1	1.0
1282	15,3	165,170	3,16	107,192	352	149	1	1.0
1283	37,48	0,0	37,29	1,1	155	149	1	1.0
1284	19,17	177,238	18,17	139,151	544	149	1	1.0
1285	3,19	13,8	9,25	11,6	367	149	0.608254610196	1.0
1286	14,44	171,255	15,55	162,183	742	149	1	1.0
1287	24,33	171,255	18,37	162,183	524	149	1	1.0
1288	11,9	0,0	7,6	0,2	191	149	1	1.0
1289	6,1	83,114	2,0	50,80	218	149	1	1.0
1290	70,107	33,20	46,67	8,25	172	149	1	1.0
1291	48,99	2,0	33,60	0,0	1107	149	1	1.0
1292	3,15	4,0	0,4	0,0	431	149	1	1.0
1293	12,32	19,43	5,13	12,33	842	149	1	1.0
1294	13,17	19,43	5,9	12,33	560	149	1	1.0
1295	17,16	1189,1441	48,92	1414,2254	395	149	1	1.0
1297	37,33	492,448	23,44	236,440	449	149	1	1.0
1298	3,6	0,0	3,15	2,0	379	149	1	1.0
1300	112,200	0,0	69,100	9,0	213	149	1	1.0
1301	13,31	129,151	29,36	71,102	199	149	0.640984875203	1.0
1302	7,14	0,1	15,14	0,3	199	149	1	1.0
1303	321,392	0,1	228,331	0,3	1169	149	1	1.0
1304	316,378	2,0	213,317	0,0	1119	149	1	1.0
1306	4,12	0,0	5,11	0,1	193	149	1	1.0
1307	7,9	43,53	11,9	32,47	198	149	1	1.0
1308	0,2	2,3	0,0	1,0	198	149	1	1.0
1309	272,371	2,3	176,299	1,0	802	149	1	1.0
1310	272,371	0,2	176,299	0,0	753	149	1	1.0
1311	77,98	1,0	44,75	0,0	557	149	1	1.0
1312	4,1	17,11	2,1	10,11	181	149	1	1.0
1313	18,22	7,6	12,8	2,8	328	149	1	1.0
1314	10,17	64,85	18,19	59,92	213	149	1	1.0
1315	316,288	10,5	188,287	1,10	155	149	1	1.0
1316	290,377	746,1104	194,298	661,910	152	149	1	1.0
1318	9,16	0,0	2,5	1,2	164	149	0.657902608741	1.0
1319	13,12	1,0	12,25	0,0	309	149	1	1.0
1320	9,11	9,0	4,6	4,3	171	149	0.539697391318	1.0
1321	14,25	21,18	5,5	5,12	607	149	1	1.0
1322	3,3	24,8	0,0	17,20	158	149	0.958536436257	1.0
1323	26,12	3,2	7,13	0,0	176	149	0.627512807225	1.0
1324	19,10	503,716	17,25	345,562	338	149	1	1.0
1325	59,81	100,124	28,58	75,122	387	149	1	1.0
1326	643,676	112,136	674,1025	78,214	173	149	1	1.0
1327	2,4	141,173	1,12	88,134	341	149	1	1.0
1328	9,11	1,2	18,12	0,5	220	149	1	1.0
1329	51,62	1,2	49,62	0,5	401	149	1	1.0
1331	57,53	9,6	60,79	2,3	401	149	0.167876569199	1.0
1332	4,4	310,397	3,2	268,340	260	149	1	1.0
1333	51,61	9,0	47,73	0,4	433	149	1	1.0
1334	42,34	78,112	21,42	46,75	640	149	1	1.0
1335	3,0	0,0	0,2	2,0	331	149	1	1.0
1339	272,321	0,1	224,329	1,0	236	149	1	1.0
1340	3,13	13,15	2,7	17,21	187	149	0.645324148861	1.0
1341	140,158	794,954	67,105	546,1003	414	149	1	1.0
1343	51,47	379,369	74,142	163,359	300	149	0.52795594023	1.0
1345	3,8	3,0	1,1	0,2	153	149	1	1.0
1346	22,38	660,836	14,54	446,739	154	149	1	1.0
1349	65,42	62,80	29,35	51,85	193	149	1	1.0
1350	0,0	20,7	2,0	8,15	167	149	1	1.0
1351	4,5	10,7	1,4	2,10	572	149	1	1.0
1352	976,1129	0,1	676,1150	0,0	414	149	1	1.0
1353	47,37	0,1	18,26	0,0	417	149	1	1.0
1354	36,35	929,1094	28,51	658,1124	152	149	1	1.0
1358	0,9	279,280	1,5	227,320	242	149	1	1.0
1359	0,0	265,297	1,0	221,291	164	149	1	1.0
1361	1,3	2,2	2,2	5,0	193	149	0.716034187656	1.0
1363	53,69	18,11	31,37	11,33	152	149	0.272531354541	1.0
1364	3,2	16,8	0,3	9,6	223	149	1	1.0
1365	8,8	47,79	2,2	38,63	164	149	1	1.0
1366	23,18	6,2	34,34	2,3	161	149	1	1.0
1368	3,8	49,65	1,7	35,54	231	149	1	1.0
1369	0,0	0,2	0,4	0,1	212	149	1	1.0
1370	23,33	120,164	22,37	100,136	509	149	1	1.0
1371	1,0	110,106	1,5	59,104	152	149	1	1.0
1373	29,78	0,0	52,88	1,0	281	149	1	1.0
1374	5,5	811,1035	2,2	636,965	152	149	1	1.0
1376	3,0	327,373	5,4	305,453	166	149	1	1.0
1377	40,37	114,158	23,29	81,135	166	149	1	1.0
1378	202,231	20,8	191,301	5,5	190	149	1	1.0
1379	1,11	209,255	7,13	151,214	516	149	1	1.0
1382	0,1	117,162	1,0	131,207	188	149	1	1.0
1383	2,4	155,210	2,6	121,137	158	149	1	1.0
1384	4,1	31,42	0,0	21,32	307	149	1	1.0
1385	21,16	12,22	27,43	2,5	173	149	0.000256584683979	0.006696860251851899
1387	1,2	164,188	0,1	73,106	230	149	1	1.0
1388	10,9	988,1214	0,18	924,1178	369	149	1	1.0
1389	1,17	42,71	8,17	53,53	374	149	1	1.0
1390	229,325	2,0	146,277	0,1	383	149	1	1.0
1392	7,9	0,0	10,10	1,0	153	149	1	1.0
1393	0,1	12,12	0,3	13,18	253	149	1	1.0
1394	160,258	526,682	85,170	418,559	1331	149	1	1.0
1395	47,31	1,0	17,43	0,2	167	149	1	1.0
1396	13,8	24,20	13,4	13,25	179	149	1	1.0
1397	8,2	0,0	5,4	0,5	155	149	0.531447880533	1.0
1399	141,268	2,0	173,270	1,0	1482	149	1	1.0
1400	19,25	1,3	52,56	11,8	995	149	0.505404797378	1.0
1401	1,0	4,1	3,0	3,0	176	149	1	1.0
1402	4,5	481,371	8,10	356,509	330	149	1	1.0
1403	7,6	481,371	8,10	356,509	303	149	1	1.0
1404	3,3	17,27	1,6	1,5	384	149	0.253006631126	1.0
1405	14,11	185,153	13,14	131,219	427	149	1	1.0
1406	28,35	185,153	13,13	131,219	192	149	1	1.0
1407	13,14	7,4	12,8	5,15	192	149	0.427559596175	1.0
1408	199,189	108,125	137,218	115,177	170	149	1	1.0
1409	4,6	81,92	5,13	50,64	541	149	1	1.0
1412	27,34	330,409	25,32	303,369	502	149	1	1.0
1413	1,2	0,0	0,9	2,0	197	149	0.782341880825	1.0
1414	46,105	58,77	32,52	16,37	153	149	0.977942112959	1.0
1415	36,49	96,160	30,51	142,215	174	149	1	1.0
1416	12,4	173,206	9,12	103,171	528	149	1	1.0
1417	8,6	30,31	1,3	23,39	329	149	1	1.0
1418	13,9	57,51	0,10	34,54	341	149	1	1.0
1422	34,78	109,178	53,107	72,115	211	149	0.102067705437	1.0
1423	0,2	208,278	0,0	180,289	188	149	1	1.0
1424	21,35	118,166	11,29	97,133	305	149	1	1.0
1426	19,23	95,95	5,8	64,69	322	149	1	1.0
1427	226,290	7,3	121,229	0,0	227	149	1	1.0
1428	118,130	64,68	111,182	58,123	161	149	1	1.0
1429	12,24	10,23	19,40	2,1	172	149	3.14440585347e-07	1.6979791608738e-05
1430	42,52	522,667	152,226	203,384	186	149	0	0.0
1431	2,0	764,897	1,1	450,790	176	149	1	1.0
1433	21,39	1,2	10,10	0,0	165	149	1	1.0
1435	324,364	4,0	306,492	1,5	282	149	1	1.0
1436	0,2	152,204	4,4	87,124	348	149	1	1.0
1437	0,0	114,78	0,1	61,68	674	149	1	1.0
1439	37,49	1,1	33,28	0,0	299	149	1	1.0
1440	2,5	198,259	0,0	137,215	185	149	1	1.0
1441	3,1	226,283	0,0	130,260	215	149	1	1.0
1443	9,10	208,233	9,20	184,237	264	149	1	1.0
1444	181,186	0,0	69,128	0,5	152	149	1	1.0
1445	14,8	197,240	3,9	177,328	314	149	1	1.0
1446	6,27	157,207	5,24	133,257	780	149	1	1.0
1447	310,509	0,0	315,504	1,3	434	149	1	1.0
1448	43,44	74,87	40,49	56,79	265	149	1	1.0
1449	6,2	11,13	1,2	5,8	222	149	1	1.0
1451	63,63	13,14	38,60	0,1	160	149	0.0183103631734	0.2655002660143
1452	9,16	131,159	2,3	57,120	347	149	1	1.0
1453	3,1	2098,2709	2,3	1571,2326	154	149	1	1.0
1454	213,271	175,245	254,346	237,323	168	149	1	1.0
1456	183,225	0,1	163,306	3,0	200	149	1	1.0
1457	1,5	0,0	6,8	4,7	161	149	0.000119225028399	0.003334042758443464
1458	127,111	2,0	118,94	0,0	161	149	1	1.0
1459	12,12	277,385	13,8	213,298	368	149	1	1.0
1460	1,3	1,4	4,0	0,1	194	149	0.0526793466858	0.6345835146920216
1462	54,78	136,150	29,67	177,219	153	149	0.521074678345	1.0
1463	3,0	7,4	2,3	6,7	159	149	0.743643053056	1.0
1464	0,1	7,3	0,0	4,4	194	149	1	1.0
1465	483,543	294,387	249,443	231,302	585	149	1	1.0
1466	331,350	157,152	223,383	62,93	436	149	0.263372336558	1.0
1467	39,35	3,2	21,43	7,3	224	149	1	1.0
1468	4,5	46,47	4,5	33,60	153	149	1	1.0
1470	5,13	2754,3240	5,18	2257,3005	151	149	1	1.0
1471	4,16	65,118	2,2	36,74	171	149	1	1.0
1472	0,1	0,0	1,2	2,0	153	149	1	1.0
1473	27,33	2446,3556	23,49	2448,4090	155	149	1	1.0
1474	0,1	4,17	0,1	11,13	151	149	1	1.0
1475	56,81	72,106	14,23	52,94	313	149	0.0496358000134	0.6120445891416094
1476	18,35	0,3	13,38	7,1	177	149	1	1.0
1477	4,6	14,8	27,40	9,2	192	149	5.17531079581e-05	0.001653987082905808
1479	30,19	0,2	17,12	2,2	287	149	0.713682670001	1.0
1480	22,22	11439,13116	12,13	11382,13816	154	149	1	1.0
1481	50,45	11439,13116	15,18	11382,13816	457	149	1	1.0
1482	140,140	11439,13116	56,61	11382,13816	989	149	1	1.0
1483	162,177	11439,13116	67,80	11382,13816	1384	149	1	1.0
1484	50,45	22,22	15,18	12,13	452	149	0.799636906339	1.0
1485	140,140	22,22	56,61	12,13	984	149	1	1.0
1486	162,177	22,22	67,80	12,13	1379	149	1	1.0
1489	22,38	0,1	11,19	0,0	544	149	1	1.0
1490	156,171	13420,16649	155,243	12745,17250	153	149	1	1.0
1491	156,171	1,1	155,243	3,3	153	149	1	1.0
1492	49,47	26,31	21,55	10,13	183	149	0.483181247574	1.0
1493	1,0	773,924	0,0	348,576	153	149	1	1.0
1495	1,0	7,6	0,0	2,5	267	149	1	1.0
1498	7,10	5,11	5,12	2,5	173	149	0.357818588059	1.0
1499	0,2	10,15	3,2	3,11	176	149	0.447026332789	1.0
1500	25,54	99,150	21,31	65,84	167	149	1	1.0
1501	52,65	0,2	27,90	0,2	153	149	1	1.0
1502	8,20	172,281	13,8	110,155	354	149	1	1.0
1503	0,2	25,39	0,0	23,38	218	149	1	1.0
1504	12,21	5,5	15,28	3,6	162	149	1	1.0
1505	15,9	0,2	2,14	1,0	203	149	1	1.0
1506	12,9	174,188	12,33	136,160	169	149	1	1.0
1507	3292,3138	9,5	2515,4017	2,23	155	149	1	1.0
1508	18,26	1540,1341	15,25	1201,1772	477	149	1	1.0
1509	9,11	256,267	7,10	226,365	161	149	1	1.0
1510	29,50	141,121	29,44	106,186	179	149	1	1.0
1511	997,1108	0,0	1010,1681	0,1	1154	149	1	1.0
1512	395,415	13,6	270,370	6,8	186	149	1	1.0
1513	247,407	167,224	224,301	127,195	290	149	1	1.0
1514	16,16	154,250	7,12	145,183	428	149	1	1.0
1515	24,15	1,0	16,14	0,1	191	149	1	1.0
1516	280,299	26,26	165,266	5,12	329	149	1	1.0
1517	0,1	97,133	4,7	53,78	440	149	1	1.0
1518	53,64	3,2	52,71	1,16	186	149	1	1.0
1519	23,46	3,2	41,48	1,16	207	149	1	1.0
1520	4,14	34,32	16,15	27,38	170	149	0.864304433579	1.0
1522	7,9	413,583	11,20	301,489	155	149	1	1.0
1523	3,3	53,65	3,3	26,48	314	149	1	1.0
1524	61,78	17,28	60,81	2,13	163	149	0.149150446582	1.0
1525	7,4	175,222	0,2	144,200	153	149	1	1.0
1526	16,14	8,7	11,9	0,0	257	149	8.95648279875e-07	4.3830787696382816e-05
1528	10,14	33,30	52,89	74,116	516	149	1	1.0
1529	4,1	369,328	4,6	255,345	411	149	1	1.0
1530	1,0	1,0	2,2	0,0	175	149	1	1.0
1531	144,180	0,0	84,105	1,0	293	149	1	1.0
1532	53,78	2797,3849	36,85	2436,3967	153	149	1	1.0
1533	0,7	3,1	0,0	0,7	285	149	1	1.0
1534	26,26	3,1	26,19	0,7	370	149	1	1.0
1535	26,26	0,7	26,19	0,0	234	149	0.943462444227	1.0
1536	22,45	2598,3336	36,55	2330,3467	308	149	1	1.0
1539	23,37	82,123	19,40	73,95	639	149	1	1.0
1540	4,0	285,362	0,4	238,337	153	149	1	1.0
1541	101,134	6,1	117,142	9,8	171	149	1	1.0
1542	18,26	2963,3268	20,22	1919,3136	335	149	1	1.0
1543	232,327	5,16	235,301	11,1	221	149	1	1.0
1544	1,5	31,34	2,4	24,54	158	149	1	1.0
1545	114,83	1,0	74,163	1,1	372	149	1	1.0
1546	0,1	311,362	2,0	208,300	299	149	1	1.0
1547	130,104	19,7	76,131	7,2	162	149	1	1.0
1549	274,369	0,0	147,201	0,1	173	149	1	1.0
1550	3,16	102,125	17,45	28,59	185	149	7.54002509429e-07	3.808928805696174e-05
1551	8,22	623,820	6,17	590,858	334	149	1	1.0
1552	1,4	1371,1620	0,3	1034,1530	487	149	1	1.0
1553	3,9	562,550	4,7	316,549	206	149	1	1.0
1554	2,5	34,39	8,6	11,20	189	149	0.203511193304	1.0
1555	246,226	46,63	139,280	36,75	164	149	1	1.0
1556	10,15	5,4	7,21	3,1	171	149	0.501933520941	1.0
1557	98,99	230,185	32,108	132,225	1123	149	1	1.0
1558	6,5	106,108	2,2	68,148	173	149	1	1.0
1560	3,4	264,294	2,1	168,251	360	149	1	1.0
1561	111,117	722,979	61,107	552,896	796	149	1	1.0
1562	114,109	722,979	69,110	552,896	814	149	1	1.0
1563	8,11	5,19	10,11	2,8	167	149	0.304128294873	1.0
1565	23,32	5,3	24,58	0,0	172	149	0.915288365257	1.0
1566	0,0	86,97	2,1	64,63	305	149	1	1.0
1568	10,14	309,320	48,78	187,257	334	149	1	1.0
1569	1,7	38,27	0,2	58,69	153	149	1	1.0
1570	220,221	5,2	294,387	7,16	154	149	1	1.0
1572	1,1	1,4	2,6	2,4	346	149	0.0833364901189	0.9046986496768801
1573	0,6	30,30	4,2	18,23	219	149	1	1.0
1574	15,7	94,110	17,17	45,87	174	149	1	1.0
1575	4,9	171,177	1,6	78,178	289	149	1	1.0
1576	13,4	9,8	12,6	0,8	196	149	0.238262267345	1.0
1577	13,2	9,8	31,21	0,8	225	149	0.00590233161441	0.10046794900180499
1578	9,2	9,4	26,19	7,4	178	149	0.0243630108711	0.3376325223375451
1579	15,19	57,42	6,24	35,48	378	149	1	1.0
1580	2,4	131,170	2,2	133,172	288	149	1	1.0
1581	94,84	11,12	123,210	0,0	154	149	0.849061949159	1.0
1582	12,39	80,82	20,20	72,88	333	149	1	1.0
1583	85,145	86,146	95,143	71,120	161	149	1	1.0
1584	4,0	5,2	1,0	1,2	1070	149	1	1.0
1585	9,14	14,16	0,4	8,15	311	149	0.0648471127607	0.7401518909864806
1587	36,30	123,155	18,25	107,173	221	149	1	1.0
1588	354,370	2,10	305,421	1,4	513	149	1	1.0
1589	14,3	389,445	1,0	235,336	340	149	1	1.0
1590	9,7	289,398	7,4	229,351	379	149	1	1.0
1591	685,1029	173,231	636,985	155,206	253	149	1	1.0
1592	1426,1679	26,35	1006,1688	19,56	152	149	1	1.0
1593	436,606	889,1042	308,448	717,1234	152	149	1	1.0
1594	3,9	96,121	1,8	68,110	299	149	1	1.0
1595	31,44	163,202	16,32	139,203	278	149	1	1.0
1596	5,8	158,225	0,0	150,251	157	149	1	1.0
1597	2,0	6,7	0,6	7,5	161	149	0.506002704989	1.0
1598	2,1	138,141	1,6	78,135	154	149	1	1.0
1599	2,1	1,1	0,0	0,2	154	149	1	1.0
1600	1,4	5,2	4,3	0,0	259	149	0.000113187182115	0.003282428281335
1601	0,3	0,1	4,2	0,2	203	149	1	1.0
1602	1,2	5,2	0,3	0,0	205	149	1	1.0
1603	175,194	235,234	187,240	98,144	164	149	0.00445288260939	0.07924107007164477
1605	2,2	2,8	0,0	2,3	170	149	0.517372959146	1.0
1606	4,15	0,1	1,2	0,11	160	149	0.356302314291	1.0
1607	6,23	111,161	7,7	87,120	363	149	1	1.0
1608	2,9	111,161	6,16	87,120	352	149	1	1.0
1610	28,33	108,101	18,22	76,119	307	149	1	1.0
1611	11,6	2,0	6,15	2,4	233	149	0.148698693239	1.0
1613	0,1	0,0	0,0	0,1	177	149	1	1.0
1615	269,374	3361,3866	333,427	3244,5080	788	149	1	1.0
1616	6,5	122,103	6,8	73,87	212	149	1	1.0
1617	4,1	44,38	0,3	14,30	295	149	1	1.0
1618	142,139	2,4	67,75	0,0	454	149	1	1.0
1619	115,149	112,120	63,66	73,95	410	149	1	1.0
1620	3,15	72,86	2,8	19,64	317	149	1	1.0
1621	4,13	72,86	2,7	19,64	321	149	1	1.0
1622	1,0	0,2	0,0	0,1	153	149	1	1.0
1624	20,25	184,165	10,20	143,206	167	149	1	1.0
1625	68,82	4,6	77,111	3,6	589	149	1	1.0
1626	5,6	90,107	11,14	49,74	308	149	1	1.0
1627	10,8	1,8	3,12	0,1	432	149	0.00290192876975	0.054752053655765055
1628	17,22	118,149	8,23	104,101	258	149	1	1.0
1630	73,89	67,83	73,134	100,152	214	149	1	1.0
1631	86,125	1,1	134,195	0,0	182	149	1	1.0
1632	92,131	1,1	107,177	0,0	247	149	1	1.0
1633	95,109	3,9	62,96	2,10	212	149	1	1.0
1634	6,12	88,91	13,22	88,124	397	149	1	1.0
1635	52,93	43,63	30,52	33,38	153	149	1	1.0
1636	15,10	0,1	6,19	1,0	267	149	1	1.0
1637	1,1	238,346	5,5	222,290	167	149	1	1.0
1638	2,7	182,246	0,13	173,264	209	149	1	1.0
1639	109,184	1,2	102,147	6,10	269	149	1	1.0
1640	541,529	24,40	492,810	23,31	435	149	1	1.0
1644	8,14	0,0	6,13	1,1	293	149	1	1.0
1646	20,27	17,31	12,19	6,7	152	149	0.17430571305	1.0
1647	13,21	265,345	3,15	280,335	288	149	1	1.0
1648	12,16	2,0	10,7	0,2	155	149	1	1.0
1649	2,0	0,0	0,0	0,2	338	149	1	1.0
1650	5,8	17,36	9,7	18,23	284	149	1	1.0
1651	6,8	16,8	9,7	10,9	315	149	1	1.0
1652	18,36	16,8	18,23	10,9	180	149	1	1.0
1653	1,2	187,251	3,0	227,296	152	149	1	1.0
1654	8,4	1,1	0,0	2,0	153	149	1	1.0
1655	11,5	10,3	1,0	6,15	153	149	7.38199353312e-06	0.00028900504682164796
1656	2,1	46,39	0,3	24,24	188	149	1	1.0
1658	69,74	118,177	41,98	109,140	244	149	1	1.0
1659	239,238	118,177	154,187	109,140	537	149	1	1.0
1660	237,236	67,72	154,184	41,95	442	149	1	1.0
1661	9,19	245,279	6,10	159,256	194	149	1	1.0
1662	4,3	56,57	8,14	28,53	181	149	0.369672002982	1.0
1663	127,125	9,8	68,85	15,21	173	149	0.249130056798	1.0
1664	11,19	1,2	0,15	0,0	173	149	1	1.0
1667	74,58	0,2	37,71	0,0	191	149	1	1.0
1668	0,0	42,53	0,2	45,44	221	149	1	1.0
1670	805,894	4,0	496,947	0,0	158	149	1	1.0
1671	7,5	5845,6371	4,4	4621,6181	153	149	1	1.0
1672	60,104	58,73	33,96	47,41	278	149	1	1.0
1673	208,252	66,67	156,254	9,8	218	149	5.99685080704e-07	3.13035612127488e-05
1675	4,6	462,494	7,16	289,521	423	149	1	1.0
1676	1348,2462	2,1	680,1010	0,0	221	149	1	1.0
1677	10,1	1001,1175	2,1	749,1062	154	149	1	1.0
1678	233,316	0,0	194,221	0,2	206	149	1	1.0
1680	1,0	130,176	0,0	108,187	153	149	1	1.0
1681	188,242	2,0	204,259	3,2	152	149	1	1.0
1682	0,2	74,79	0,5	36,62	153	149	1	1.0
1683	9,13	93,106	1,3	67,72	305	149	1	1.0
1685	37,53	5,3	26,63	0,2	274	149	1	1.0
1686	92,108	18,16	74,109	10,25	509	149	1	1.0
1687	68,98	2,0	47,71	0,2	306	149	1	1.0
1688	4,4	132,140	4,9	75,127	462	149	1	1.0
1691	1,4	288,368	0,0	208,298	337	149	1	1.0
1692	222,244	264,271	127,227	188,320	908	149	1	1.0
1693	20,12	57,60	1,17	49,84	170	149	1	1.0
1694	50,76	1064,1397	45,44	845,1189	342	149	1	1.0
1695	20,23	231,282	22,12	147,208	431	149	1	1.0
1696	808,995	0,3	574,868	0,1	723	149	1	1.0
1697	105,138	7,9	93,123	0,5	170	149	1	1.0
1698	26,24	22,14	20,11	0,2	162	149	9.13680632568e-05	0.0027515843665413225
1699	9,12	2469,2668	8,10	1613,2546	153	149	1	1.0
1700	6,14	142,232	3,18	86,135	410	149	1	1.0
1701	1,4	3,0	0,3	0,0	203	149	1	1.0
1702	27,43	3,0	27,54	0,0	501	149	1	1.0
1703	27,43	1,4	27,54	0,3	447	149	0.874451253901	1.0
1704	158,227	0,2	130,188	8,0	298	149	1	1.0
1705	5,7	848,1033	1,3	574,939	209	149	1	1.0
1706	19,25	39,35	4,21	26,28	510	149	1	1.0
1707	7,11	185,245	2,6	205,241	243	149	1	1.0
1708	190,250	33,10	141,257	6,17	705	149	1	1.0
1709	15,27	4,3	18,29	1,2	306	149	0.731618103273	1.0
1711	0,1	1,0	2,1	0,0	154	149	1	1.0
1712	13,4	21,23	9,7	18,27	154	149	1	1.0
1713	3,0	24,28	2,13	19,20	181	149	0.225765267095	1.0
1714	234,260	1,3	178,364	7,0	278	149	1	1.0
1715	100,92	10,18	81,109	8,8	345	149	1	1.0
1718	4,4	9,10	2,10	44,37	153	149	0.691493571057	1.0
1719	12,23	1,5	5,2	4,9	165	149	0.00368495342872	0.06788984787500613
1720	26,46	8,12	16,36	10,17	509	149	0.492748315731	1.0
1721	7,12	8,12	5,17	10,17	193	149	1	1.0
1722	17,18	1420,1586	24,45	1208,1712	535	149	1	1.0
1723	108,86	148,149	86,156	135,231	153	149	1	1.0
1724	7,7	118,130	4,4	101,157	307	149	1	1.0
1725	2,1	115,93	1,0	46,97	153	149	1	1.0
1726	367,431	11,20	367,518	40,53	151	149	1	1.0
1727	777,997	19,19	719,1027	16,34	250	149	1	1.0
1728	37,42	12,32	8,8	29,47	184	149	4.66107009378e-06	0.00019727664234755348
1729	0,0	92,176	0,2	98,105	158	149	1	1.0
1730	8,6	9,7	27,18	13,13	186	149	0.441119223182	1.0
1731	13,19	40,39	7,22	24,28	242	149	1	1.0
1733	3,0	360,460	0,0	253,459	153	149	1	1.0
1736	6,4	71,103	7,14	55,84	598	149	1	1.0
1737	53,67	24,41	30,32	25,23	321	149	1	1.0
1738	67,116	734,1024	27,57	402,581	171	149	1	1.0
1739	89,99	146,179	39,94	87,158	412	149	1	1.0
1740	357,452	18,20	270,451	6,8	831	149	0.705947176614	1.0
1741	39,37	262,162	9,21	138,193	1484	149	1	1.0
1742	120,140	0,5	103,151	3,0	173	149	1	1.0
1743	3,7	36,68	5,1	52,69	224	149	1	1.0
1744	31,36	226,311	13,12	230,273	176	149	1	1.0
1745	20,31	247,377	7,4	310,476	211	149	1	1.0
1746	39,25	11,13	15,21	5,3	164	149	0.862054819275	1.0
1747	3,3	6,2	1,7	0,0	164	149	0.000407778571722	0.009531063333084358
1748	1,0	79,114	0,2	56,128	170	149	1	1.0
1750	0,0	236,439	0,1	174,316	185	149	1	1.0
1752	722,981	29,23	561,780	15,20	2288	149	1	1.0
1753	17,43	3,10	23,21	13,6	349	149	0.456909248358	1.0
1754	85,112	3,1	101,187	4,6	382	149	1	1.0
1755	102,130	1,2	70,147	0,4	261	149	1	1.0
1756	295,402	3,10	196,287	2,1	247	149	1	1.0
1758	36,30	124,143	48,63	92,145	233	149	1	1.0
1759	179,261	0,0	145,176	0,2	291	149	1	1.0
1760	11,25	121,205	2,11	102,125	218	149	1	1.0
1761	493,454	0,1	333,514	0,0	313	149	1	1.0
1763	136,179	20,11	130,194	3,2	155	149	1	1.0
1764	27,32	0,0	11,35	0,3	153	149	1	1.0
1765	413,518	3,3	347,474	3,0	152	149	1	1.0
1767	116,127	110,106	50,75	92,108	184	149	0.304142138293	1.0
1768	373,344	0,1	242,392	0,0	834	149	1	1.0
1769	7,7	4,15	2,0	4,9	154	149	0.0226138015953	0.31618940444856963
1770	0,1	24,29	0,0	8,13	154	149	1	1.0
1772	8,11	527,661	7,5	459,669	152	149	1	1.0
1773	1,0	133,129	0,2	79,105	155	149	1	1.0
1774	121,175	439,601	81,95	345,550	288	149	1	1.0
1775	14,19	58,117	30,43	39,68	258	149	0.0212574494585	0.30540519130285326
1776	14,13	77,100	12,12	78,77	453	149	1	1.0
1777	0,0	598,750	2,1	397,696	153	149	1	1.0
1778	3,1	484,475	2,6	355,505	337	149	1	1.0
1780	71,92	3,11	32,52	1,4	152	149	1	1.0
1782	41,95	2,0	43,80	0,0	161	149	1	1.0
1783	0,0	265,313	0,1	140,255	161	149	1	1.0
1784	0,2	164,220	1,5	109,200	170	149	1	1.0
1785	7,22	611,858	25,47	450,556	173	149	1	1.0
1787	18,27	8,3	8,19	2,0	403	149	0.0912935990931	0.9571785504720118
1791	215,180	3,8	165,231	2,2	281	149	1	1.0
1792	0,3	126,130	0,0	56,86	203	149	1	1.0
1793	490,597	165,196	44,47	438,788	155	149	0	0.0
1794	344,395	0,0	197,348	0,1	435	149	1	1.0
1795	178,286	1,0	152,214	0,0	157	149	1	1.0
1796	0,2	172,131	2,0	76,119	221	149	1	1.0
1799	98,80	4,0	32,59	0,4	323	149	1	1.0
1800	83,91	0,0	47,65	0,1	610	149	1	1.0
1801	0,4	27,30	5,1	11,24	368	149	1	1.0
1802	0,0	75,18	2,0	31,54	363	149	1	1.0
1803	269,307	0,2	328,600	0,0	1010	149	1	1.0
1804	0,7	90,90	8,8	49,80	161	149	1	1.0
1805	371,499	10,7	387,688	4,1	161	149	1	1.0
1806	1,0	22,46	0,0	43,67	183	149	1	1.0
1807	45,74	0,0	46,67	0,2	273	149	1	1.0
1808	1,5	120,117	10,10	73,119	365	149	1	1.0
1811	101,116	0,0	73,121	1,0	341	149	1	1.0
1812	2650,3140	0,0	1811,2988	1,0	542	149	1	1.0
1813	6,12	129,109	3,3	95,86	222	149	1	1.0
1814	237,287	1158,1304	139,222	681,1114	604	149	1	1.0
1815	51,55	46,61	52,52	30,29	161	149	0.438144575032	1.0
1816	3,5	5,5	0,3	5,8	153	149	0.132337554357	1.0
1817	6,10	14,18	3,6	14,26	151	149	0.52805230817	1.0
1820	12,22	161,188	2,8	93,148	160	149	1	1.0
1821	6,4	35,58	9,11	42,53	173	149	1	1.0
1822	86,138	0,2	98,174	1,0	296	149	1	1.0
1823	12,21	83,132	13,43	94,170	320	149	1	1.0
1824	428,608	38,52	263,400	37,50	444	149	1	1.0
1825	1101,1534	155,200	1103,1633	17,48	228	149	0.00406259233032	0.07312666194576
1826	52,84	259,292	47,87	175,310	1202	149	1	1.0
1828	9,14	155,130	2,4	108,150	476	149	1	1.0
1829	9,13	6,13	2,4	1,3	476	149	1	1.0
1830	21,15	3964,4973	21,37	4456,6025	152	149	1	1.0
1832	235,318	12,9	207,299	5,4	182	149	1	1.0
1833	72,111	44,29	55,71	20,31	259	149	1	1.0
1834	65,80	136,162	6,11	150,219	155	149	5.14107645344e-11	5.36728381739136e-09
1835	40,39	25,32	47,48	20,19	682	149	0.780229154768	1.0
1836	23,5	123,91	6,7	64,89	872	149	1	1.0
1837	44,58	187,278	37,64	147,164	211	149	1	1.0
1838	6,4	257,282	5,11	222,290	313	149	1	1.0
1840	83,142	21,8	68,127	9,14	237	149	1	1.0
1841	11,16	97,95	8,19	49,68	307	149	1	1.0
1842	64,76	210,252	55,78	105,154	161	149	0.924192480035	1.0
1843	4426,5235	11,13	5012,7659	8,8	152	149	1	1.0
1844	28,31	3,7	24,41	6,7	313	149	1	1.0
1845	2,4	55,59	6,9	38,50	204	149	1	1.0
1846	6,0	6,4	2,1	4,8	359	149	1	1.0
1847	29,30	69,63	32,31	114,190	396	149	1	1.0
1848	1,12	0,5	11,27	2,0	319	149	0.220114912611	1.0
1849	9,30	0,9	51,78	0,0	486	149	0.179708044413	1.0
1850	14,31	43,73	13,34	118,166	206	149	0.77982468941	1.0
1851	13,18	794,1055	9,21	655,1130	451	149	1	1.0
1852	1,0	43,27	0,0	27,32	177	149	1	1.0
1853	134,94	3,2	78,121	12,16	675	149	0.000949907907641	0.020951489906560646
1854	0,4	17,17	1,1	6,15	327	149	1	1.0
1855	69,68	3,0	36,49	4,0	217	149	1	1.0
1859	32,64	38,32	34,59	43,104	176	149	0.335375171743	1.0
1863	42,68	610,948	30,51	564,769	603	149	1	1.0
1865	5,6	9,4	5,15	8,2	166	149	0.518006169531	1.0
1866	20,20	392,554	15,39	308,441	396	149	1	1.0
1867	24,18	392,554	18,26	308,441	379	149	1	1.0
1869	16,38	72,107	32,68	51,76	249	149	0.0958375234152	0.9871523959894941
1870	25,54	5,2	32,38	0,0	161	149	1	1.0
1871	6,18	18,19	17,6	6,16	247	149	0.921420474681	1.0
1872	416,468	18,8	389,732	12,8	155	149	1	1.0
1873	0,0	70,65	0,1	32,45	155	149	1	1.0
1878	27,32	1,2	16,35	2,1	510	149	1	1.0
1879	28,51	0,0	21,39	3,0	267	149	1	1.0
1880	35,44	12,21	11,4	23,24	177	149	1.57633109981e-05	0.0005740777912331302
1882	75,97	71,85	19,57	47,87	641	149	1	1.0
1883	1,5	3,2	3,9	0,0	200	149	0.0132999206035	0.2034134978931262
1884	1808,2720	1039,1428	1864,2383	586,769	580	149	0.273436249958	1.0
1885	621,614	4,0	313,406	0,3	170	149	1	1.0
1886	274,285	0,3	148,206	1,0	170	149	1	1.0
1887	288,288	6,8	168,227	4,3	170	149	1	1.0
1888	239,248	6,6	134,176	3,2	170	149	1	1.0
1889	299,315	6,6	159,220	3,2	191	149	1	1.0
1890	269,274	6,6	144,203	3,2	233	149	1	1.0
1891	64,73	4,6	29,44	4,0	170	149	1	1.0
1892	34,32	4,6	14,27	4,0	212	149	0.83541566515	1.0
1893	19,8	34,43	5,7	16,21	191	149	1	1.0
1894	436,404	0,0	212,350	0,1	233	149	1	1.0
1895	235,242	0,0	131,177	0,2	170	149	1	1.0
1896	641,621	0,0	313,436	0,2	212	149	1	1.0
1897	406,379	0,0	183,260	1,1	191	149	1	1.0
1898	4,1	2,6	0,0	0,1	168	149	1	1.0
1900	300,421	13,11	291,532	3,7	1678	149	0.290914680407	1.0
1904	0,0	3,2	0,2	0,0	171	149	1	1.0
1905	5,20	273,360	10,15	218,315	227	149	1	1.0
1907	33,42	213,238	68,110	125,206	160	149	0.000963338872858	0.020952620484661497
1909	137,172	121,121	60,129	81,95	176	149	1	1.0
1910	0,0	18,8	1,1	6,20	311	149	1	1.0
1912	1,1	262,352	2,0	182,302	157	149	1	1.0
1914	2,0	48,37	0,2	20,30	167	149	1	1.0
1916	0,0	357,434	0,1	329,442	155	149	1	1.0
1917	5,6	145,191	8,6	120,174	151	149	1	1.0
1919	28,40	73,91	20,31	142,250	160	149	0.0461735765068	0.5784625664771904
1920	2,3	27,23	0,6	28,20	153	149	1	1.0
1921	32,48	13,13	36,36	2,18	153	149	1	1.0
1922	29,37	124,106	23,36	79,129	161	149	1	1.0
1923	1,0	124,106	2,2	79,129	173	149	1	1.0
1925	25,36	57,100	26,43	61,93	186	149	1	1.0
1926	192,216	8,9	86,165	5,14	160	149	1	1.0
