IncLevel1	IncLevel2	IncLevelDifference
1.0,0.995	0.997,1.0	-0.001
1.0,1.0	0.997,1.0	0.002
1.0,0.908	0.966,1.0	-0.029
0.99,1.0	0.987,1.0	0.001
0.969,1.0	0.99,0.976	0.001
1.0,0.984	0.986,1.0	-0.001
1.0,1.0	0.987,1.0	0.006
0.989,1.0	1.0,1.0	-0.006
0.997,1.0	0.993,0.995	0.004
0.997,1.0	1.0,1.0	-0.002
1.0,1.0	1.0,0.996	0.002
0.02,0.033	0.0,0.042	0.006
1.0,0.998	1.0,1.0	-0.001
0.593,0.618	0.392,0.242	0.288
0.994,1.0	1.0,1.0	-0.003
0.991,1.0	0.982,0.98	0.015
0.455,1.0	0.417,0.2	0.419
1.0,1.0	0.966,1.0	0.017
0.96,1.0	1.0,0.97	-0.005
0.98,0.976	0.996,0.988	-0.014
0.0,0.0	0.2,0.0	-0.1
1.0,1.0	1.0,0.971	0.014
0.1,0.0	0.0,NA	0.05
0.065,0.0	0.0,NA	0.033
0.925,0.994	0.993,1.0	-0.037
1.0,0.981	0.987,1.0	-0.003
1.0,1.0	1.0,0.887	0.056
1.0,1.0	1.0,0.918	0.041
0.787,0.885	1.0,1.0	-0.164
0.678,1.0	1.0,1.0	-0.161
0.143,1.0	NA,0.0	0.572
0.669,1.0	1.0,0.669	0.0
1.0,0.975	1.0,1.0	-0.012
1.0,1.0	0.999,1.0	0.0
1.0,1.0	0.994,1.0	0.003
1.0,1.0	0.996,0.986	0.009
1.0,0.998	1.0,1.0	-0.001
1.0,1.0	0.996,0.991	0.006
0.994,0.996	1.0,1.0	-0.005
1.0,0.978	0.953,1.0	0.013
0.972,0.994	0.978,0.982	0.003
0.04,0.058	0.049,0.086	-0.019
0.098,0.107	0.129,0.185	-0.054
1.0,0.988	0.991,0.994	0.002
1.0,0.976	0.981,0.989	0.003
0.996,1.0	1.0,1.0	-0.002
0.979,1.0	1.0,1.0	-0.01
1.0,0.997	1.0,1.0	-0.002
1.0,1.0	1.0,0.939	0.03
0.993,1.0	1.0,1.0	-0.004
1.0,0.999	0.999,1.0	0.0
0.994,0.995	0.994,0.993	0.001
0.013,0.017	0.008,0.0	0.011
0.001,0.001	0.001,0.002	-0.001
1.0,0.997	1.0,1.0	-0.002
1.0,0.993	1.0,1.0	-0.004
1.0,0.998	0.996,1.0	0.001
1.0,1.0	0.997,1.0	0.002
0.98,1.0	1.0,1.0	-0.01
0.446,0.552	0.379,0.471	0.074
0.227,0.188	0.178,0.272	-0.017
0.209,0.196	0.253,0.236	-0.042
1.0,0.999	1.0,1.0	-0.0
1.0,1.0	0.926,1.0	0.037
1.0,0.981	1.0,1.0	-0.01
1.0,0.988	1.0,1.0	-0.006
0.444,0.6	0.6,0.5	-0.028
0.778,0.625	1.0,1.0	-0.298
1.0,1.0	0.939,1.0	0.03
0.934,0.964	0.963,1.0	-0.032
1.0,0.999	1.0,1.0	-0.0
1.0,0.949	1.0,1.0	-0.026
1.0,0.985	1.0,1.0	-0.008
0.941,0.882	0.915,0.944	-0.018
0.811,0.51	0.666,0.804	-0.075
0.465,0.405	0.3,0.334	0.118
0.986,1.0	1.0,1.0	-0.007
0.987,1.0	1.0,1.0	-0.006
0.998,1.0	1.0,1.0	-0.001
1.0,1.0	0.99,1.0	0.005
0.735,0.694	0.615,0.771	0.021
0.973,0.982	0.969,0.984	0.001
1.0,0.913	1.0,0.811	0.051
1.0,1.0	0.989,0.976	0.018
0.949,0.982	0.9,0.916	0.057
1.0,0.997	1.0,1.0	-0.002
1.0,1.0	0.979,0.982	0.02
0.747,0.604	0.822,0.548	-0.01
0.713,0.649	0.733,0.871	-0.121
0.465,0.457	0.468,0.805	-0.176
0.383,0.419	0.449,0.304	0.025
1.0,0.983	1.0,1.0	-0.008
0.988,0.992	1.0,1.0	-0.01
1.0,0.99	1.0,1.0	-0.005
0.997,1.0	1.0,1.0	-0.002
1.0,0.997	1.0,1.0	-0.002
0.0,0.019	0.0,0.0	0.009
0.957,0.925	0.958,0.937	-0.006
1.0,1.0	1.0,0.75	0.125
1.0,0.999	1.0,1.0	-0.0
0.986,1.0	1.0,1.0	-0.007
1.0,0.995	1.0,1.0	-0.002
0.956,0.944	0.983,0.99	-0.036
1.0,0.412	1.0,0.0	0.206
1.0,0.993	0.988,1.0	0.002
1.0,0.991	0.985,1.0	0.003
1.0,1.0	0.995,1.0	0.002
0.688,0.791	0.862,0.82	-0.101
0.049,0.094	0.115,0.31	-0.141
1.0,1.0	0.965,0.982	0.026
1.0,1.0	0.991,1.0	0.004
0.989,0.996	0.995,1.0	-0.005
1.0,1.0	1.0,1.0	0.0
1.0,0.998	1.0,1.0	-0.001
0.078,0.119	0.113,0.148	-0.032
0.843,0.652	0.774,0.635	0.043
0.983,0.989	0.996,0.981	-0.002
1.0,1.0	0.994,1.0	0.003
0.991,0.993	0.996,0.973	0.008
0.99,1.0	1.0,1.0	-0.005
1.0,0.968	1.0,1.0	-0.016
1.0,1.0	1.0,1.0	0.0
0.234,0.196	0.71,0.55	-0.415
1.0,0.993	1.0,1.0	-0.004
0.99,1.0	1.0,1.0	-0.005
1.0,0.852	1.0,1.0	-0.074
0.914,0.761	1.0,1.0	-0.162
1.0,0.99	1.0,1.0	-0.005
0.875,0.838	0.879,0.829	0.003
1.0,1.0	1.0,0.957	0.022
0.988,0.963	1.0,1.0	-0.024
1.0,0.636	1.0,1.0	-0.182
0.771,0.949	0.812,0.917	-0.005
0.997,1.0	1.0,1.0	-0.002
1.0,1.0	0.993,1.0	0.004
1.0,0.999	1.0,1.0	-0.0
0.99,0.948	0.991,1.0	-0.027
0.954,1.0	1.0,1.0	-0.023
0.992,1.0	1.0,1.0	-0.004
0.988,1.0	1.0,1.0	-0.006
0.0,0.0	0.0,0.0	0.0
1.0,1.0	1.0,0.988	0.006
0.961,1.0	1.0,1.0	-0.02
0.368,0.345	0.359,0.525	-0.086
0.484,0.393	0.441,0.452	-0.008
0.554,0.529	0.578,0.69	-0.092
0.568,0.489	0.663,0.525	-0.066
1.0,0.986	1.0,1.0	-0.007
1.0,1.0	0.991,1.0	0.004
0.956,0.923	0.87,0.854	0.078
1.0,0.972	0.833,1.0	0.07
1.0,0.918	1.0,1.0	-0.041
1.0,1.0	0.995,1.0	0.002
1.0,1.0	0.987,1.0	0.006
1.0,1.0	0.989,1.0	0.006
0.938,0.981	0.987,0.969	-0.018
0.993,0.997	0.99,0.995	0.003
1.0,1.0	1.0,0.999	0.0
0.991,1.0	1.0,1.0	-0.004
1.0,0.999	0.999,1.0	0.0
0.004,0.008	0.007,0.01	-0.003
1.0,1.0	0.997,1.0	0.002
0.041,0.043	0.025,0.04	0.009
0.97,1.0	0.97,1.0	0.0
1.0,1.0	1.0,1.0	0.0
1.0,1.0	0.995,1.0	0.002
0.966,1.0	1.0,1.0	-0.017
0.942,1.0	0.968,1.0	-0.013
1.0,0.714	0.0,NA	0.857
0.998,1.0	1.0,1.0	-0.001
0.532,0.544	0.537,0.468	0.035
NA,0.0	0.0,1.0	-0.5
0.999,0.999	1.0,1.0	-0.001
0.986,0.984	0.98,1.0	-0.005
1.0,1.0	1.0,0.983	0.008
0.91,0.954	0.962,0.924	-0.011
0.974,1.0	1.0,1.0	-0.013
1.0,1.0	0.99,1.0	0.005
0.003,0.0	0.004,0.006	-0.004
1.0,1.0	1.0,0.982	0.009
0.189,0.452	0.25,0.168	0.111
1.0,0.99	1.0,1.0	-0.005
0.849,1.0	1.0,1.0	-0.076
1.0,1.0	0.927,1.0	0.036
1.0,1.0	1.0,0.954	0.023
0.004,0.003	0.0,0.0	0.004
0.93,0.92	0.863,0.92	0.034
0.997,1.0	1.0,1.0	-0.002
0.644,0.693	0.534,0.554	0.124
1.0,1.0	0.992,1.0	0.004
1.0,0.984	1.0,1.0	-0.008
0.99,0.992	0.987,0.985	0.005
0.997,1.0	1.0,1.0	-0.002
1.0,0.995	1.0,1.0	-0.002
1.0,0.992	1.0,0.978	0.007
0.119,0.123	0.1,0.093	0.024
0.895,0.858	0.832,0.921	0.0
0.998,0.997	0.998,0.996	0.001
1.0,0.997	0.996,1.0	0.0
1.0,1.0	1.0,1.0	0.0
0.092,0.088	0.188,0.14	-0.074
1.0,1.0	0.994,0.987	0.01
1.0,1.0	1.0,0.996	0.002
0.8,0.873	0.617,1.0	0.028
1.0,1.0	1.0,0.995	0.002
0.833,1.0	1.0,1.0	-0.084
0.994,1.0	1.0,1.0	-0.003
1.0,0.979	1.0,1.0	-0.01
1.0,0.994	1.0,1.0	-0.003
1.0,1.0	0.864,1.0	0.068
0.966,1.0	1.0,1.0	-0.017
0.982,0.984	0.986,1.0	-0.01
0.962,0.972	0.974,1.0	-0.02
0.998,1.0	1.0,1.0	-0.001
0.999,1.0	1.0,1.0	-0.0
1.0,0.995	1.0,1.0	-0.002
0.226,0.26	0.19,0.168	0.064
0.991,1.0	0.967,0.941	0.042
0.988,1.0	0.992,1.0	-0.002
1.0,1.0	1.0,0.83	0.085
1.0,0.996	1.0,1.0	-0.002
0.991,0.979	0.985,0.981	0.002
0.957,0.963	0.942,0.927	0.025
0.981,0.987	0.973,0.961	0.017
1.0,0.997	0.988,1.0	0.004
1.0,0.998	0.996,1.0	0.001
0.99,0.937	0.967,1.0	-0.02
0.999,1.0	0.998,1.0	0.001
0.997,1.0	0.996,1.0	0.0
0.963,0.985	1.0,0.857	0.045
0.555,0.714	NA,1.0	-0.365
1.0,1.0	0.957,1.0	0.022
1.0,1.0	1.0,0.905	0.047
1.0,1.0	1.0,0.884	0.058
0.001,0.005	0.002,0.004	0.0
1.0,1.0	1.0,0.999	0.0
1.0,0.919	1.0,NA	-0.04
1.0,0.993	1.0,1.0	-0.004
0.99,1.0	1.0,1.0	-0.005
0.968,0.943	0.975,1.0	-0.032
1.0,0.997	1.0,1.0	-0.002
1.0,0.99	1.0,0.962	0.014
1.0,0.993	1.0,1.0	-0.004
1.0,1.0	0.998,1.0	0.001
0.997,1.0	0.996,1.0	0.0
0.99,1.0	0.987,1.0	0.001
1.0,0.991	1.0,0.946	0.023
0.969,0.991	1.0,1.0	-0.02
0.997,1.0	1.0,1.0	-0.002
1.0,1.0	1.0,0.226	0.387
1.0,0.996	1.0,0.99	0.003
0.996,0.99	1.0,1.0	-0.007
1.0,1.0	0.987,1.0	0.006
0.948,1.0	1.0,1.0	-0.026
0.907,0.894	0.896,0.914	-0.004
1.0,1.0	1.0,0.899	0.05
1.0,0.996	1.0,1.0	-0.002
0.997,1.0	1.0,1.0	-0.002
0.994,1.0	1.0,1.0	-0.003
1.0,0.99	1.0,1.0	-0.005
0.091,0.065	0.071,0.09	-0.002
0.778,1.0	1.0,0.818	-0.02
1.0,1.0	0.882,1.0	0.059
1.0,0.88	1.0,1.0	-0.06
0.0,0.006	0.0,0.0	0.003
0.998,0.991	1.0,1.0	-0.006
0.939,1.0	0.975,0.932	0.016
1.0,0.911	1.0,1.0	-0.044
0.156,0.273	0.388,0.181	-0.07
1.0,1.0	1.0,0.98	0.01
1.0,1.0	1.0,0.909	0.045
1.0,1.0	0.99,1.0	0.005
1.0,1.0	0.978,1.0	0.011
1.0,1.0	1.0,1.0	0.0
1.0,0.998	1.0,1.0	-0.001
1.0,1.0	0.999,1.0	0.0
1.0,0.995	1.0,1.0	-0.002
1.0,0.993	1.0,1.0	-0.004
0.271,0.146	0.254,0.154	0.005
1.0,1.0	0.995,1.0	0.002
0.98,0.978	0.996,0.975	-0.007
0.072,0.074	0.0,0.028	0.059
0.072,0.092	0.0,0.028	0.068
1.0,0.998	1.0,1.0	-0.001
1.0,1.0	0.974,1.0	0.013
1.0,1.0	0.971,0.987	0.021
0.096,0.0	0.0,0.0	0.048
1.0,1.0	1.0,0.898	0.051
0.0,0.0	0.001,0.0	-0.001
0.996,0.995	1.0,0.998	-0.003
0.999,1.0	1.0,0.998	0.001
1.0,1.0	0.996,1.0	0.002
0.992,1.0	1.0,1.0	-0.004
0.977,1.0	0.995,0.987	-0.003
1.0,0.998	1.0,1.0	-0.001
1.0,1.0	0.918,1.0	0.041
1.0,0.998	1.0,1.0	-0.001
1.0,0.982	1.0,1.0	-0.009
0.654,0.6	0.738,0.759	-0.121
0.858,0.905	0.829,0.889	0.022
0.985,1.0	1.0,1.0	-0.008
1.0,1.0	0.989,1.0	0.006
1.0,1.0	0.986,1.0	0.007
1.0,0.992	1.0,1.0	-0.004
1.0,0.997	1.0,1.0	-0.002
0.987,0.993	1.0,1.0	-0.01
1.0,1.0	0.964,1.0	0.018
1.0,1.0	1.0,0.99	0.005
1.0,1.0	1.0,0.976	0.012
0.993,1.0	0.987,0.979	0.013
1.0,0.994	0.98,1.0	0.007
1.0,0.999	1.0,1.0	-0.0
1.0,1.0	0.998,1.0	0.001
0.083,0.066	0.015,0.031	0.052
0.072,0.073	0.015,0.031	0.049
1.0,0.998	1.0,1.0	-0.001
0.97,0.976	0.991,1.0	-0.023
0.993,1.0	1.0,1.0	-0.004
1.0,0.985	0.997,0.987	0.0
1.0,0.974	1.0,1.0	-0.013
0.998,1.0	1.0,1.0	-0.001
1.0,1.0	0.878,1.0	0.061
1.0,1.0	1.0,0.992	0.004
NA,0.0	1.0,NA	-1.0
0.997,0.999	1.0,1.0	-0.002
0.014,0.034	0.017,0.002	0.014
1.0,1.0	0.903,1.0	0.048
0.999,0.988	0.984,0.982	0.011
1.0,0.989	0.998,0.977	0.007
1.0,0.996	1.0,1.0	-0.002
0.929,0.98	0.836,0.83	0.122
1.0,1.0	0.997,1.0	0.002
0.992,1.0	1.0,1.0	-0.004
1.0,0.993	1.0,1.0	-0.004
0.98,1.0	1.0,1.0	-0.01
1.0,1.0	0.999,1.0	0.0
0.35,0.338	0.253,0.416	0.009
0.659,0.689	0.573,0.676	0.049
0.508,0.452	0.485,0.574	-0.049
1.0,0.999	1.0,1.0	-0.0
1.0,1.0	0.997,1.0	0.002
0.972,1.0	0.959,1.0	0.006
0.974,1.0	0.968,1.0	0.003
0.974,1.0	1.0,1.0	-0.013
1.0,1.0	1.0,1.0	0.0
0.986,0.998	1.0,0.993	-0.004
0.948,0.878	0.929,0.947	-0.025
0.844,0.715	0.671,0.758	0.065
1.0,0.879	NA,1.0	-0.06
0.999,1.0	1.0,1.0	-0.0
0.452,0.495	0.471,0.562	-0.043
0.488,0.525	0.532,0.583	-0.051
0.364,0.376	0.376,0.462	-0.049
0.982,0.989	0.993,0.984	-0.003
1.0,0.994	1.0,1.0	-0.003
0.993,1.0	1.0,1.0	-0.004
1.0,1.0	1.0,1.0	0.0
0.61,0.717	0.473,0.431	0.212
0.233,0.242	0.301,0.25	-0.038
0.425,0.405	0.488,0.496	-0.077
0.867,0.845	1.0,0.93	-0.109
0.933,1.0	0.908,1.0	0.013
0.979,1.0	1.0,1.0	-0.01
1.0,1.0	0.967,1.0	0.016
1.0,1.0	0.981,1.0	0.01
1.0,1.0	0.996,1.0	0.002
0.998,1.0	0.998,1.0	0.0
1.0,0.99	1.0,1.0	-0.005
1.0,1.0	0.999,1.0	0.0
0.982,0.985	0.951,1.0	0.008
1.0,0.998	0.998,1.0	0.0
1.0,0.987	1.0,1.0	-0.006
0.388,0.616	0.407,0.314	0.142
0.008,0.008	0.011,0.009	-0.002
0.937,0.901	1.0,1.0	-0.081
0.955,0.958	0.97,1.0	-0.029
1.0,0.981	0.964,0.958	0.029
1.0,0.999	0.999,0.999	0.001
0.999,1.0	1.0,1.0	-0.0
0.119,0.053	0.034,0.119	0.009
1.0,0.976	0.949,1.0	0.014
1.0,1.0	0.989,1.0	0.006
1.0,1.0	1.0,1.0	0.0
0.997,1.0	1.0,1.0	-0.002
1.0,1.0	0.99,0.957	0.026
1.0,0.984	1.0,1.0	-0.008
0.017,0.027	0.01,0.009	0.012
0.017,0.013	0.012,0.009	0.005
0.005,0.002	0.011,0.0	-0.002
1.0,1.0	0.989,1.0	0.006
0.995,0.989	0.995,0.99	-0.0
1.0,0.89	1.0,1.0	-0.055
0.436,0.0	0.279,0.0	0.078
0.444,0.182	0.333,0.214	0.039
0.995,0.993	1.0,0.993	-0.002
0.996,0.999	1.0,1.0	-0.002
1.0,1.0	1.0,0.994	0.003
0.979,0.973	0.977,0.97	0.002
0.983,1.0	1.0,1.0	-0.008
1.0,0.992	1.0,0.974	0.009
1.0,0.988	1.0,1.0	-0.006
0.994,1.0	1.0,1.0	-0.003
0.081,0.067	0.032,0.034	0.041
1.0,0.995	0.991,1.0	0.002
0.992,1.0	1.0,0.977	0.008
0.308,0.349	0.37,0.241	0.023
0.155,0.172	0.2,0.116	0.005
1.0,1.0	0.99,0.973	0.018
0.426,0.461	0.35,0.297	0.12
1.0,0.988	1.0,1.0	-0.006
1.0,0.988	1.0,1.0	-0.006
0.143,0.081	0.341,0.367	-0.242
0.187,0.17	0.728,0.817	-0.594
0.994,1.0	1.0,1.0	-0.003
1.0,1.0	1.0,0.997	0.002
1.0,0.998	1.0,1.0	-0.001
1.0,0.999	1.0,1.0	-0.0
0.998,0.999	1.0,1.0	-0.002
0.081,0.08	0.064,0.086	0.006
1.0,0.995	1.0,1.0	-0.002
0.995,0.99	1.0,1.0	-0.008
1.0,1.0	1.0,0.97	0.015
0.562,0.293	0.263,0.186	0.203
0.787,0.845	1.0,1.0	-0.184
0.098,0.0	0.393,0.146	-0.221
0.354,0.337	0.152,0.287	0.126
1.0,1.0	1.0,0.999	0.0
1.0,0.95	1.0,1.0	-0.025
0.301,0.253	0.404,0.225	-0.037
1.0,1.0	1.0,0.925	0.037
1.0,0.998	1.0,1.0	-0.001
0.995,1.0	1.0,1.0	-0.002
1.0,1.0	0.986,1.0	0.007
0.983,1.0	0.968,1.0	0.008
0.96,1.0	0.9,1.0	0.03
0.556,1.0	0.25,NA	0.528
0.636,1.0	0.5,NA	0.318
0.983,0.985	0.988,1.0	-0.01
0.996,1.0	0.993,1.0	0.002
0.077,0.067	0.079,0.117	-0.026
0.169,0.208	0.193,0.265	-0.041
0.993,1.0	1.0,1.0	-0.004
0.251,0.363	0.278,0.436	-0.05
1.0,0.969	1.0,1.0	-0.016
1.0,1.0	0.891,1.0	0.054
1.0,0.997	1.0,1.0	-0.002
0.669,0.659	0.703,0.636	-0.005
0.663,0.716	0.606,0.556	0.109
0.995,1.0	1.0,1.0	-0.002
1.0,1.0	1.0,0.99	0.005
1.0,1.0	1.0,0.988	0.006
0.714,0.73	0.789,0.873	-0.109
0.839,0.876	0.893,0.932	-0.055
0.949,1.0	0.972,1.0	-0.012
1.0,1.0	0.988,1.0	0.006
0.851,0.868	0.864,0.841	0.007
0.963,1.0	0.98,1.0	-0.008
1.0,1.0	0.989,1.0	0.006
1.0,1.0	0.999,1.0	0.0
0.999,0.998	1.0,1.0	-0.002
0.998,1.0	1.0,1.0	-0.001
0.518,0.0	0.287,NA	-0.028
1.0,1.0	0.985,1.0	0.008
0.984,0.979	1.0,1.0	-0.018
0.745,0.784	0.857,0.758	-0.043
0.364,0.304	0.444,0.467	-0.122
0.854,0.862	0.922,0.879	-0.043
0.759,0.765	0.859,0.822	-0.079
0.778,0.754	0.868,0.833	-0.085
0.75,0.2	1.0,0.5	-0.275
0.88,1.0	1.0,1.0	-0.06
0.935,1.0	1.0,1.0	-0.032
1.0,0.988	1.0,1.0	-0.006
0.818,1.0	1.0,1.0	-0.091
1.0,1.0	0.969,1.0	0.016
1.0,1.0	0.333,1.0	0.334
0.0,0.001	0.0,0.0	0.001
1.0,0.996	1.0,1.0	-0.002
1.0,0.992	1.0,1.0	-0.004
1.0,0.997	1.0,1.0	-0.002
1.0,1.0	1.0,0.989	0.006
1.0,0.2	1.0,1.0	-0.4
0.949,0.984	0.962,1.0	-0.015
0.936,0.867	0.811,0.891	0.05
0.999,0.999	1.0,0.997	0.001
1.0,1.0	0.995,0.982	0.012
1.0,1.0	0.972,0.935	0.046
0.041,0.068	0.065,0.125	-0.04
0.999,1.0	1.0,1.0	-0.0
0.236,0.426	0.27,0.597	-0.103
0.973,0.99	1.0,1.0	-0.018
1.0,1.0	0.999,1.0	0.0
0.992,1.0	1.0,1.0	-0.004
1.0,1.0	0.998,1.0	0.001
0.841,0.898	1.0,1.0	-0.131
0.905,1.0	1.0,0.938	-0.016
0.766,0.836	0.578,0.354	0.335
0.826,0.801	0.441,0.345	0.42
1.0,0.935	1.0,1.0	-0.032
1.0,0.983	1.0,1.0	-0.008
0.972,1.0	1.0,0.981	-0.004
0.995,1.0	1.0,1.0	-0.002
1.0,0.993	1.0,1.0	-0.004
1.0,0.992	1.0,1.0	-0.004
1.0,0.992	0.986,1.0	0.003
0.993,0.989	1.0,1.0	-0.009
0.996,0.992	1.0,1.0	-0.006
1.0,1.0	1.0,1.0	0.0
0.038,0.036	0.029,0.048	-0.002
1.0,1.0	0.998,0.996	0.003
1.0,1.0	0.998,0.996	0.003
1.0,1.0	0.999,0.998	0.002
1.0,1.0	0.998,0.996	0.003
1.0,0.998	0.999,1.0	-0.001
1.0,0.998	0.999,1.0	-0.001
0.996,1.0	1.0,1.0	-0.002
0.993,0.986	0.994,1.0	-0.007
1.0,0.991	1.0,1.0	-0.004
0.989,1.0	1.0,1.0	-0.006
0.996,0.991	1.0,1.0	-0.006
1.0,0.98	1.0,0.968	0.006
1.0,1.0	1.0,0.97	0.015
0.234,0.175	0.206,0.159	0.022
0.286,0.232	0.226,0.142	0.075
0.877,0.968	0.981,0.973	-0.054
1.0,1.0	0.929,1.0	0.035
1.0,0.997	0.991,1.0	0.003
0.99,1.0	1.0,1.0	-0.005
1.0,1.0	1.0,1.0	0.0
1.0,0.995	1.0,1.0	-0.002
0.027,0.066	0.053,0.04	0.0
1.0,0.994	1.0,1.0	-0.003
1.0,0.999	1.0,1.0	-0.0
1.0,0.998	0.999,1.0	-0.001
1.0,0.954	1.0,1.0	-0.023
1.0,1.0	0.947,1.0	0.026
0.423,0.35	0.458,0.2	0.057
0.076,0.097	0.138,0.091	-0.028
0.067,0.129	0.127,0.08	-0.006
0.122,0.224	0.136,0.187	0.011
0.653,0.724	0.414,0.414	0.275
0.986,0.963	0.979,1.0	-0.015
1.0,1.0	0.996,1.0	0.002
1.0,0.996	1.0,1.0	-0.002
0.98,0.996	0.986,1.0	-0.005
1.0,1.0	0.99,1.0	0.005
1.0,0.998	1.0,1.0	-0.001
0.583,0.922	0.8,0.75	-0.023
0.989,1.0	0.997,1.0	-0.004
0.896,0.967	0.94,0.973	-0.025
0.996,0.988	0.997,1.0	-0.006
1.0,0.995	1.0,1.0	-0.002
0.61,0.695	0.691,0.69	-0.038
0.099,0.082	0.138,0.18	-0.069
0.92,0.925	0.94,0.98	-0.037
0.752,0.778	0.688,0.665	0.089
0.585,0.778	0.803,1.0	-0.22
0.614,0.821	0.829,1.0	-0.197
0.878,1.0	1.0,1.0	-0.061
0.997,1.0	1.0,1.0	-0.002
1.0,1.0	0.998,1.0	0.001
1.0,1.0	0.99,0.995	0.008
0.945,1.0	1.0,1.0	-0.028
0.989,0.995	1.0,1.0	-0.008
0.981,0.983	0.943,1.0	0.01
1.0,0.966	0.914,1.0	0.026
0.667,1.0	0.556,1.0	0.055
0.0,1.0	0.427,NA	0.073
1.0,0.932	1.0,1.0	-0.034
0.77,0.572	0.641,0.484	0.109
0.992,0.974	0.98,0.908	0.039
1.0,1.0	1.0,1.0	0.0
1.0,1.0	1.0,1.0	0.0
0.0,0.0	0.0,0.0	0.0
1.0,0.994	0.995,0.988	0.005
1.0,1.0	0.993,1.0	0.004
1.0,1.0	1.0,0.985	0.008
0.997,1.0	1.0,1.0	-0.002
1.0,1.0	1.0,0.994	0.003
0.998,0.993	0.994,0.986	0.006
1.0,1.0	0.967,1.0	0.016
1.0,1.0	0.985,1.0	0.008
1.0,1.0	0.989,1.0	0.006
0.232,0.176	0.229,0.307	-0.064
1.0,0.994	1.0,1.0	-0.003
0.054,0.086	0.072,0.105	-0.019
0.594,0.595	0.504,0.484	0.101
0.434,0.431	0.582,0.524	-0.12
0.397,0.393	0.553,0.519	-0.141
0.983,0.972	1.0,1.0	-0.022
0.008,0.0	0.0,0.0	0.004
0.992,1.0	1.0,1.0	-0.004
1.0,0.997	1.0,1.0	-0.002
0.998,0.989	1.0,1.0	-0.006
0.022,0.023	0.143,0.143	-0.12
0.04,0.049	0.0,0.042	0.023
0.21,0.194	0.274,0.119	0.006
1.0,1.0	1.0,0.967	0.016
0.978,0.997	0.999,1.0	-0.012
0.984,0.989	0.992,0.977	0.002
0.993,0.985	0.992,0.987	-0.001
0.998,1.0	1.0,1.0	-0.001
1.0,1.0	0.996,1.0	0.002
1.0,0.997	1.0,1.0	-0.002
1.0,1.0	0.992,1.0	0.004
0.692,0.69	0.61,0.613	0.08
1.0,1.0	0.99,0.994	0.008
1.0,1.0	0.986,0.992	0.011
1.0,0.998	1.0,1.0	-0.001
0.771,1.0	0.897,0.818	0.028
0.926,1.0	1.0,1.0	-0.037
1.0,0.999	1.0,1.0	-0.0
0.958,1.0	1.0,1.0	-0.021
1.0,0.991	1.0,1.0	-0.004
0.999,0.999	0.999,1.0	-0.001
1.0,1.0	0.989,1.0	0.006
1.0,1.0	0.97,1.0	0.015
0.99,0.993	0.952,0.986	0.023
1.0,1.0	0.996,1.0	0.002
1.0,0.968	1.0,1.0	-0.016
1.0,0.846	1.0,1.0	-0.077
1.0,0.979	1.0,1.0	-0.01
0.16,0.35	0.27,0.133	0.053
1.0,0.794	NA,0.391	0.506
1.0,1.0	0.987,1.0	0.006
1.0,1.0	0.998,1.0	0.001
1.0,1.0	0.978,1.0	0.011
1.0,0.985	1.0,1.0	-0.008
1.0,0.977	1.0,1.0	-0.012
0.107,0.142	0.11,0.036	0.052
1.0,0.999	1.0,1.0	-0.0
0.988,1.0	1.0,1.0	-0.006
0.99,1.0	1.0,1.0	-0.005
1.0,0.999	0.999,0.998	0.001
0.988,1.0	1.0,1.0	-0.006
0.976,1.0	1.0,1.0	-0.012
0.98,0.935	1.0,1.0	-0.042
1.0,0.998	1.0,1.0	-0.001
0.931,1.0	1.0,1.0	-0.034
0.949,1.0	0.957,0.937	0.027
0.983,1.0	0.985,0.978	0.01
0.006,0.003	0.005,0.005	-0.0
0.999,1.0	1.0,1.0	-0.0
1.0,1.0	0.583,1.0	0.209
1.0,0.999	1.0,1.0	-0.0
1.0,1.0	0.99,1.0	0.005
1.0,0.99	1.0,1.0	-0.005
0.812,0.808	0.826,0.736	0.029
1.0,1.0	0.979,1.0	0.01
0.97,0.985	0.985,0.856	0.057
1.0,0.974	1.0,1.0	-0.013
1.0,0.966	1.0,1.0	-0.017
1.0,0.994	1.0,1.0	-0.003
1.0,0.997	1.0,1.0	-0.002
1.0,1.0	1.0,0.987	0.006
0.992,0.983	0.986,1.0	-0.005
0.994,1.0	1.0,1.0	-0.003
0.992,1.0	0.955,1.0	0.018
0.04,0.022	0.017,0.011	0.017
0.995,0.996	0.986,1.0	0.003
0.857,1.0	1.0,0.951	-0.047
1.0,0.989	0.969,0.957	0.031
1.0,0.977	1.0,0.981	-0.002
0.993,1.0	1.0,1.0	-0.004
1.0,1.0	0.993,1.0	0.004
1.0,1.0	0.978,1.0	0.011
1.0,0.997	1.0,1.0	-0.002
0.989,1.0	1.0,1.0	-0.006
0.952,1.0	1.0,1.0	-0.024
0.911,1.0	1.0,1.0	-0.044
1.0,1.0	0.974,1.0	0.013
0.785,0.757	0.935,1.0	-0.197
1.0,1.0	0.989,1.0	0.006
0.952,1.0	1.0,1.0	-0.024
1.0,0.997	1.0,1.0	-0.002
0.994,0.976	1.0,0.986	-0.008
0.988,0.95	1.0,0.967	-0.015
0.988,0.991	0.909,0.956	0.057
0.995,0.995	0.997,0.993	0.0
1.0,1.0	1.0,1.0	0.0
0.994,0.992	0.989,0.995	0.001
0.967,1.0	1.0,0.991	-0.012
1.0,1.0	0.995,1.0	0.002
0.029,0.025	0.054,0.014	-0.007
1.0,0.982	1.0,1.0	-0.009
0.201,0.295	0.573,1.0	-0.538
0.986,0.972	0.978,0.991	-0.005
1.0,0.915	0.798,0.625	0.246
1.0,0.966	0.957,0.927	0.041
0.956,0.95	0.977,0.986	-0.029
0.985,1.0	1.0,1.0	-0.008
0.813,1.0	1.0,0.819	-0.003
0.908,0.865	1.0,1.0	-0.113
1.0,0.798	0.915,1.0	-0.058
1.0,1.0	0.995,1.0	0.002
1.0,1.0	0.991,1.0	0.004
1.0,1.0	0.996,1.0	0.002
0.995,1.0	1.0,1.0	-0.002
1.0,0.994	0.991,0.971	0.016
0.991,1.0	1.0,1.0	-0.004
1.0,1.0	0.967,1.0	0.016
0.985,1.0	0.991,0.986	0.004
1.0,0.999	1.0,1.0	-0.0
1.0,0.99	1.0,1.0	-0.005
1.0,0.992	1.0,1.0	-0.004
1.0,0.993	1.0,1.0	-0.004
0.977,0.989	0.985,1.0	-0.009
0.0,0.0	0.19,0.0	-0.095
0.921,1.0	1.0,0.975	-0.027
1.0,1.0	0.978,1.0	0.011
1.0,1.0	0.9,1.0	0.05
1.0,0.973	0.908,1.0	0.032
1.0,0.995	0.991,1.0	0.002
0.993,0.995	1.0,0.989	-0.0
1.0,1.0	1.0,0.973	0.014
1.0,1.0	1.0,0.991	0.004
1.0,0.875	0.956,1.0	-0.04
0.818,0.857	1.0,1.0	-0.163
0.992,1.0	1.0,1.0	-0.004
0.995,1.0	1.0,1.0	-0.002
0.77,0.711	0.663,0.805	0.006
0.549,0.517	0.436,0.534	0.048
0.996,0.999	0.999,1.0	-0.002
0.906,0.973	0.883,0.941	0.028
1.0,0.997	1.0,1.0	-0.002
1.0,0.998	1.0,1.0	-0.001
0.944,0.927	1.0,1.0	-0.065
0.996,0.994	1.0,1.0	-0.005
1.0,0.995	1.0,1.0	-0.002
1.0,0.986	1.0,1.0	-0.007
1.0,0.893	1.0,1.0	-0.053
0.522,0.302	0.34,0.31	0.087
1.0,1.0	0.983,1.0	0.008
0.818,0.818	1.0,1.0	-0.182
0.6,0.714	1.0,1.0	-0.343
1.0,1.0	0.971,1.0	0.014
0.929,0.982	0.967,1.0	-0.028
0.909,0.944	0.918,0.945	-0.005
0.909,0.966	0.947,1.0	-0.036
0.985,1.0	1.0,1.0	-0.008
0.997,1.0	1.0,1.0	-0.002
0.999,1.0	1.0,1.0	-0.0
1.0,0.995	1.0,1.0	-0.002
1.0,0.981	1.0,1.0	-0.01
1.0,1.0	0.99,1.0	0.005
1.0,0.984	1.0,1.0	-0.008
0.741,0.746	0.616,0.746	0.062
1.0,1.0	1.0,1.0	0.0
1.0,1.0	0.999,1.0	0.0
0.0,0.0	0.0,0.0	0.0
0.991,0.968	0.975,0.988	-0.002
1.0,1.0	0.994,1.0	0.003
0.996,1.0	0.996,1.0	0.0
1.0,0.996	1.0,1.0	-0.002
1.0,0.991	1.0,1.0	-0.004
1.0,0.996	1.0,1.0	-0.002
0.883,0.907	0.946,0.898	-0.027
1.0,0.991	1.0,1.0	-0.004
1.0,1.0	0.996,1.0	0.002
1.0,1.0	0.991,1.0	0.004
0.049,0.021	0.018,0.0	0.026
1.0,1.0	1.0,0.997	0.002
0.999,1.0	1.0,0.996	0.002
1.0,0.996	1.0,1.0	-0.002
0.945,1.0	1.0,1.0	-0.028
1.0,0.894	0.97,0.973	-0.024
1.0,0.892	0.953,0.949	-0.005
1.0,1.0	0.991,1.0	0.004
0.063,0.067	0.064,0.041	0.012
0.975,0.966	0.989,1.0	-0.024
1.0,1.0	0.984,1.0	0.008
0.026,0.035	0.03,0.052	-0.01
0.974,1.0	1.0,1.0	-0.013
1.0,0.956	1.0,1.0	-0.022
1.0,0.986	1.0,1.0	-0.007
0.042,0.04	0.031,0.033	0.009
0.996,1.0	1.0,1.0	-0.002
0.999,1.0	1.0,1.0	-0.0
1.0,1.0	0.881,1.0	0.059
1.0,0.838	0.955,0.928	-0.022
0.105,0.169	0.281,0.219	-0.113
0.0,0.028	0.06,0.044	-0.038
0.185,0.254	0.211,0.303	-0.038
0.215,0.266	0.206,0.306	-0.016
0.984,1.0	1.0,1.0	-0.008
1.0,1.0	1.0,0.993	0.004
0.799,0.88	0.835,0.958	-0.057
0.477,0.407	0.458,0.748	-0.161
1.0,0.996	1.0,1.0	-0.002
1.0,0.972	0.994,1.0	-0.011
1.0,0.973	0.994,1.0	-0.011
1.0,0.982	1.0,0.99	-0.004
1.0,0.999	1.0,1.0	-0.0
1.0,1.0	0.995,1.0	0.002
1.0,0.999	1.0,1.0	-0.0
0.274,0.664	0.731,0.629	-0.211
0.003,0.002	0.013,0.04	-0.024
0.997,1.0	1.0,1.0	-0.002
0.99,1.0	1.0,1.0	-0.005
1.0,0.991	1.0,1.0	-0.004
1.0,1.0	0.985,1.0	0.008
0.831,0.913	0.747,1.0	-0.001
0.897,1.0	0.739,1.0	0.079
1.0,0.997	1.0,1.0	-0.002
0.934,0.9	0.925,0.958	-0.024
1.0,0.961	1.0,1.0	-0.02
1.0,0.955	1.0,1.0	-0.022
1.0,0.979	1.0,1.0	-0.01
1.0,0.944	1.0,1.0	-0.028
1.0,1.0	1.0,1.0	0.0
1.0,0.999	1.0,1.0	-0.0
1.0,1.0	1.0,0.999	0.0
1.0,0.982	1.0,1.0	-0.009
1.0,0.9	1.0,1.0	-0.05
0.983,1.0	1.0,0.956	0.014
1.0,0.972	1.0,1.0	-0.014
0.951,1.0	0.953,1.0	-0.001
0.992,0.941	0.939,0.951	0.021
0.593,1.0	NA,1.0	-0.204
0.973,0.992	1.0,1.0	-0.018
0.984,0.995	1.0,1.0	-0.01
0.971,1.0	0.949,0.875	0.074
1.0,1.0	0.999,1.0	0.0
NA,1.0	1.0,0.0	0.5
0.902,0.962	1.0,1.0	-0.068
0.0,0.019	0.06,0.0	-0.02
1.0,1.0	0.989,1.0	0.006
1.0,1.0	0.992,1.0	0.004
0.852,0.852	0.264,0.589	0.425
1.0,0.951	1.0,1.0	-0.024
0.083,0.106	0.089,0.084	0.008
0.993,0.979	0.999,0.991	-0.009
1.0,0.998	1.0,1.0	-0.001
0.947,1.0	1.0,1.0	-0.026
1.0,1.0	1.0,0.99	0.005
1.0,0.886	1.0,1.0	-0.057
1.0,1.0	1.0,0.961	0.02
1.0,1.0	1.0,0.963	0.018
1.0,0.0	0.732,1.0	-0.366
0.998,1.0	1.0,1.0	-0.001
0.996,1.0	1.0,1.0	-0.002
0.997,0.998	0.998,1.0	-0.001
1.0,0.984	1.0,1.0	-0.008
0.912,0.846	0.929,0.929	-0.05
1.0,1.0	0.987,1.0	0.006
1.0,1.0	0.974,1.0	0.013
1.0,0.993	0.999,1.0	-0.003
1.0,0.994	1.0,1.0	-0.003
0.037,0.038	0.059,0.071	-0.028
0.997,0.995	1.0,0.998	-0.003
0.232,0.233	0.278,0.205	-0.009
0.163,0.141	0.514,0.35	-0.28
0.974,1.0	1.0,1.0	-0.013
1.0,0.929	1.0,1.0	-0.035
0.196,0.202	0.106,0.15	0.071
0.997,1.0	1.0,1.0	-0.002
1.0,1.0	0.998,1.0	0.001
1.0,0.994	1.0,1.0	-0.003
1.0,0.939	0.963,1.0	-0.012
1.0,0.997	1.0,1.0	-0.002
1.0,1.0	0.99,1.0	0.005
1.0,0.967	1.0,1.0	-0.016
1.0,0.986	0.983,0.986	0.009
0.976,1.0	1.0,1.0	-0.012
1.0,1.0	1.0,0.986	0.007
1.0,0.989	0.996,1.0	-0.004
1.0,1.0	1.0,0.994	0.003
0.993,0.994	1.0,1.0	-0.006
0.995,0.996	1.0,1.0	-0.004
0.999,0.999	0.998,1.0	0.0
1.0,0.498	1.0,1.0	-0.251
1.0,0.985	1.0,1.0	-0.008
1.0,0.998	1.0,1.0	-0.001
1.0,0.994	1.0,1.0	-0.003
1.0,1.0	0.984,0.966	0.025
1.0,0.994	1.0,1.0	-0.003
0.95,0.881	0.818,1.0	0.006
0.965,0.911	0.849,1.0	0.013
1.0,0.986	1.0,1.0	-0.007
1.0,0.998	0.999,0.998	0.001
1.0,0.994	1.0,1.0	-0.003
1.0,1.0	0.919,1.0	0.04
0.018,0.0	0.012,0.0	0.003
0.0,0.0	0.154,0.421	-0.287
1.0,1.0	1.0,1.0	0.0
0.991,1.0	1.0,1.0	-0.004
0.992,1.0	1.0,1.0	-0.004
0.891,1.0	1.0,1.0	-0.054
0.986,0.978	0.984,0.991	-0.006
1.0,0.989	1.0,1.0	-0.006
0.987,0.991	0.985,0.99	0.001
0.887,0.821	0.957,0.897	-0.073
0.813,0.671	0.92,0.781	-0.109
0.96,0.979	0.991,0.891	0.028
0.934,0.966	0.986,0.849	0.032
1.0,0.994	0.989,1.0	0.003
1.0,1.0	1.0,0.826	0.087
1.0,1.0	0.992,1.0	0.004
1.0,0.996	1.0,1.0	-0.002
0.897,0.964	0.963,0.917	-0.009
0.922,0.967	0.964,0.929	-0.002
0.879,0.953	0.965,0.917	-0.025
1.0,0.909	1.0,0.778	0.066
1.0,0.739	0.78,1.0	-0.021
0.081,0.108	0.2,0.073	-0.042
0.994,0.995	1.0,1.0	-0.006
0.966,0.938	0.967,0.974	-0.018
0.148,0.198	0.073,0.143	0.065
1.0,1.0	0.835,1.0	0.083
1.0,0.984	1.0,1.0	-0.008
0.117,0.196	0.143,0.188	-0.009
1.0,1.0	1.0,1.0	0.0
0.985,0.985	0.991,0.989	-0.005
0.993,0.995	0.997,0.997	-0.003
0.988,1.0	1.0,1.0	-0.006
0.95,1.0	1.0,1.0	-0.025
0.998,1.0	0.996,1.0	0.001
0.907,0.979	0.954,0.945	-0.006
0.772,0.871	0.965,1.0	-0.161
1.0,1.0	0.999,1.0	0.0
1.0,1.0	0.955,1.0	0.022
1.0,0.988	1.0,1.0	-0.006
0.992,0.994	0.996,0.993	-0.001
1.0,1.0	0.998,1.0	0.001
0.0,0.0	0.0,0.0	0.0
1.0,1.0	1.0,0.695	0.153
1.0,1.0	1.0,1.0	0.0
0.997,0.999	0.999,0.999	-0.001
0.012,0.014	0.014,0.011	0.001
0.994,1.0	1.0,1.0	-0.003
0.993,1.0	1.0,1.0	-0.004
1.0,0.993	1.0,1.0	-0.004
0.995,1.0	1.0,1.0	-0.002
1.0,0.997	0.999,1.0	-0.001
0.684,0.529	0.857,1.0	-0.322
0.705,0.472	0.807,1.0	-0.315
1.0,1.0	0.885,1.0	0.057
0.927,1.0	1.0,0.843	0.042
0.97,0.984	1.0,1.0	-0.023
1.0,1.0	0.999,1.0	0.0
0.971,0.975	0.942,1.0	0.002
0.81,0.767	0.687,0.565	0.162
0.864,0.829	0.811,0.673	0.105
1.0,0.988	0.965,0.971	0.026
0.993,1.0	1.0,1.0	-0.004
0.975,0.989	1.0,1.0	-0.018
0.882,0.944	1.0,1.0	-0.087
1.0,0.955	0.957,1.0	-0.001
1.0,1.0	0.931,1.0	0.034
1.0,1.0	0.973,1.0	0.014
1.0,0.992	0.987,1.0	0.002
0.997,1.0	1.0,0.998	-0.001
1.0,0.998	1.0,1.0	-0.001
1.0,1.0	0.613,0.871	0.258
0.947,0.966	0.96,0.901	0.026
1.0,1.0	1.0,1.0	0.0
1.0,1.0	0.995,1.0	0.002
1.0,1.0	0.999,1.0	0.0
0.158,0.167	0.159,0.132	0.017
1.0,1.0	0.994,1.0	0.003
0.974,0.911	0.902,1.0	-0.009
0.991,0.973	0.958,1.0	0.003
0.99,1.0	1.0,1.0	-0.005
0.997,1.0	1.0,1.0	-0.002
0.986,1.0	1.0,1.0	-0.007
1.0,0.993	1.0,1.0	-0.004
1.0,1.0	0.999,0.998	0.002
1.0,1.0	0.997,1.0	0.002
1.0,0.976	1.0,1.0	-0.012
0.006,0.008	0.004,0.002	0.004
1.0,0.778	1.0,1.0	-0.111
0.999,1.0	1.0,1.0	-0.0
1.0,1.0	0.966,1.0	0.017
1.0,1.0	0.999,1.0	0.0
1.0,0.998	0.988,0.994	0.008
1.0,0.984	1.0,1.0	-0.008
0.009,0.099	0.071,0.071	-0.017
0.99,1.0	1.0,1.0	-0.005
0.992,1.0	1.0,1.0	-0.004
1.0,0.996	1.0,1.0	-0.002
1.0,1.0	0.998,1.0	0.001
0.975,1.0	0.985,1.0	-0.005
1.0,1.0	0.985,0.982	0.016
0.072,0.082	0.069,0.065	0.01
0.984,1.0	1.0,1.0	-0.008
0.983,0.979	0.992,0.977	-0.003
0.345,0.276	0.22,0.182	0.109
1.0,0.995	0.996,0.995	0.002
1.0,0.909	1.0,1.0	-0.045
1.0,1.0	0.974,1.0	0.013
0.308,0.198	0.373,0.42	-0.143
0.294,0.379	0.204,0.306	0.082
0.961,1.0	1.0,1.0	-0.02
0.983,0.985	0.981,0.984	0.002
0.991,0.993	0.99,0.992	0.001
1.0,0.998	0.996,1.0	0.001
0.727,0.733	0.738,0.707	0.008
1.0,1.0	1.0,0.995	0.002
1.0,0.973	1.0,1.0	-0.014
1.0,0.976	1.0,1.0	-0.012
0.998,0.997	0.995,1.0	0.0
1.0,1.0	0.985,1.0	0.008
1.0,1.0	0.991,1.0	0.004
0.429,0.238	0.333,1.0	-0.333
1.0,1.0	0.968,1.0	0.016
1.0,1.0	1.0,1.0	0.0
0.0,0.0	0.0,0.0	0.0
0.928,0.95	0.901,1.0	-0.011
1.0,1.0	0.995,1.0	0.002
0.991,0.994	0.972,0.991	0.011
1.0,1.0	0.999,1.0	0.0
1.0,0.979	1.0,1.0	-0.01
0.995,0.993	1.0,1.0	-0.006
0.988,1.0	1.0,1.0	-0.006
0.996,0.994	1.0,1.0	-0.005
0.944,0.958	0.983,0.985	-0.033
1.0,0.994	1.0,1.0	-0.003
0.933,0.916	0.986,0.967	-0.052
1.0,0.931	1.0,0.871	0.03
0.636,0.686	0.673,0.686	-0.018
1.0,1.0	1.0,0.917	0.041
1.0,0.993	0.967,1.0	0.013
0.991,0.983	0.985,0.97	0.009
0.946,0.958	0.99,1.0	-0.043
0.853,1.0	1.0,1.0	-0.074
0.996,1.0	1.0,0.986	0.005
1.0,0.996	1.0,1.0	-0.002
0.218,0.333	0.769,0.743	-0.48
0.103,0.124	0.157,0.247	-0.089
0.68,0.378	0.506,0.822	-0.135
1.0,1.0	1.0,0.999	0.0
0.981,0.996	0.987,0.995	-0.003
0.997,1.0	0.998,0.99	0.004
1.0,0.974	1.0,1.0	-0.013
0.979,1.0	1.0,1.0	-0.01
0.998,1.0	1.0,0.998	0.0
1.0,1.0	0.999,0.996	0.002
0.146,0.104	0.127,0.179	-0.028
0.195,0.168	0.125,0.165	0.036
0.058,0.089	0.02,0.049	0.039
0.059,0.082	0.032,0.052	0.029
1.0,1.0	0.181,1.0	0.409
0.129,0.066	0.085,0.142	-0.016
1.0,0.971	1.0,1.0	-0.014
1.0,1.0	0.974,1.0	0.013
1.0,0.996	0.995,1.0	0.0
0.958,0.969	0.984,0.974	-0.015
1.0,0.998	1.0,1.0	-0.001
1.0,0.5	0.692,0.556	0.126
1.0,1.0	0.959,1.0	0.02
0.957,0.983	1.0,0.951	-0.006
0.988,0.981	1.0,1.0	-0.016
0.993,0.99	1.0,1.0	-0.008
1.0,1.0	0.999,1.0	0.0
1.0,1.0	0.992,1.0	0.004
0.0,0.016	0.112,0.07	-0.083
0.0,0.0	0.142,0.069	-0.105
0.235,0.192	0.271,0.287	-0.066
0.507,0.445	0.495,0.495	-0.019
0.932,0.964	0.951,0.891	0.027
0.953,0.978	0.963,0.919	0.024
0.928,0.962	0.952,0.901	0.019
1.0,1.0	0.966,0.947	0.044
0.991,0.991	1.0,1.0	-0.009
0.969,0.972	1.0,1.0	-0.03
1.0,1.0	0.999,1.0	0.0
1.0,0.971	1.0,0.967	0.002
0.758,0.906	0.896,0.658	0.055
0.95,1.0	1.0,1.0	-0.025
1.0,0.978	1.0,1.0	-0.011
1.0,0.888	1.0,0.514	0.187
1.0,0.999	1.0,1.0	-0.0
0.01,0.013	0.005,0.007	0.005
0.994,0.992	1.0,0.993	-0.003
0.315,0.282	0.316,0.414	-0.067
0.999,1.0	1.0,1.0	-0.0
1.0,0.997	0.995,1.0	0.001
0.996,1.0	1.0,1.0	-0.002
1.0,1.0	0.995,1.0	0.002
1.0,0.98	1.0,1.0	-0.01
0.909,1.0	1.0,1.0	-0.045
0.94,1.0	1.0,1.0	-0.03
0.996,1.0	0.985,0.993	0.009
1.0,1.0	0.997,1.0	0.002
1.0,0.993	1.0,1.0	-0.004
0.985,1.0	1.0,1.0	-0.008
0.998,0.999	1.0,1.0	-0.002
0.996,0.998	1.0,1.0	-0.003
0.001,0.001	0.0,0.0	0.001
0.983,1.0	0.979,1.0	0.002
0.968,1.0	0.987,0.961	0.01
0.991,1.0	1.0,1.0	-0.004
0.988,0.979	1.0,1.0	-0.016
0.947,0.962	0.99,0.927	-0.004
1.0,0.98	1.0,1.0	-0.01
0.993,0.994	1.0,1.0	-0.006
0.998,1.0	0.999,1.0	-0.001
0.999,1.0	0.997,1.0	0.001
0.961,1.0	1.0,1.0	-0.02
0.966,1.0	1.0,1.0	-0.017
0.995,0.995	0.995,0.991	0.002
0.962,1.0	1.0,1.0	-0.019
0.221,0.187	0.24,0.279	-0.055
0.583,0.674	0.375,0.6	0.141
0.492,0.666	0.392,0.548	0.109
1.0,1.0	0.598,1.0	0.201
1.0,0.991	1.0,1.0	-0.004
1.0,0.96	1.0,1.0	-0.02
0.088,0.076	0.055,0.05	0.029
1.0,1.0	1.0,1.0	0.0
0.981,0.988	0.965,0.976	0.014
1.0,1.0	1.0,1.0	0.0
0.981,0.988	0.97,0.98	0.009
1.0,0.997	1.0,1.0	-0.002
1.0,0.998	1.0,1.0	-0.001
NA,1.0	1.0,0.5	0.25
0.937,0.962	0.934,0.855	0.055
0.495,0.495	0.286,0.652	0.026
0.383,0.383	0.166,0.516	0.042
1.0,0.605	0.621,1.0	-0.008
0.747,1.0	1.0,0.821	-0.037
0.998,1.0	1.0,1.0	-0.001
0.079,0.0	0.03,0.055	-0.003
0.96,0.952	0.994,1.0	-0.041
0.963,0.936	0.958,0.939	0.001
0.982,1.0	1.0,1.0	-0.009
0.978,0.926	0.851,1.0	0.026
0.963,0.908	0.907,1.0	-0.018
0.882,0.86	0.779,0.779	0.092
0.983,0.976	0.969,1.0	-0.005
0.667,0.778	0.789,1.0	-0.172
1.0,0.997	1.0,1.0	-0.002
0.912,0.968	0.974,0.976	-0.035
1.0,0.963	1.0,1.0	-0.018
0.991,0.974	1.0,0.989	-0.012
0.818,0.704	1.0,0.818	-0.148
0.078,0.083	0.107,0.14	-0.043
0.993,1.0	0.993,1.0	0.0
1.0,0.975	1.0,1.0	-0.012
0.99,1.0	1.0,1.0	-0.005
0.988,0.99	0.986,1.0	-0.004
1.0,1.0	0.811,1.0	0.095
1.0,1.0	0.986,1.0	0.007
0.973,1.0	1.0,1.0	-0.014
0.954,0.93	0.923,0.972	-0.006
0.037,0.026	0.033,0.058	-0.014
1.0,0.957	1.0,0.902	0.027
0.978,0.982	0.997,0.994	-0.016
0.997,0.995	1.0,1.0	-0.004
0.999,1.0	1.0,1.0	-0.0
0.889,0.931	0.891,0.808	0.06
0.164,0.12	0.178,0.2	-0.047
0.994,0.999	0.997,0.998	-0.001
0.091,0.127	0.0,0.067	0.075
1.0,1.0	1.0,1.0	0.0
0.989,1.0	1.0,0.991	-0.001
1.0,0.974	1.0,1.0	-0.013
1.0,0.979	1.0,1.0	-0.01
1.0,0.972	1.0,1.0	-0.014
0.748,0.857	0.856,0.721	0.014
1.0,1.0	0.962,1.0	0.019
0.992,1.0	1.0,1.0	-0.004
0.0,0.008	0.019,0.0	-0.005
1.0,1.0	0.983,1.0	0.008
1.0,1.0	0.991,1.0	0.004
1.0,0.967	1.0,1.0	-0.016
0.984,0.985	0.991,0.994	-0.008
1.0,1.0	0.995,1.0	0.002
1.0,0.942	0.982,0.774	0.093
0.957,0.985	1.0,1.0	-0.029
0.553,0.452	1.0,0.481	-0.238
0.976,0.914	0.871,1.0	0.01
1.0,0.996	0.993,1.0	0.002
1.0,1.0	1.0,0.985	0.008
0.0,0.164	0.164,NA	-0.082
0.594,0.68	0.835,0.854	-0.208
0.978,1.0	1.0,1.0	-0.011
0.64,0.464	0.682,0.747	-0.162
0.963,0.935	1.0,1.0	-0.051
0.938,0.907	1.0,1.0	-0.078
1.0,1.0	0.988,0.987	0.012
0.861,1.0	1.0,1.0	-0.07
0.118,0.196	0.18,0.171	-0.018
0.369,0.122	0.122,0.229	0.07
1.0,0.393	1.0,0.0	0.197
0.944,1.0	1.0,1.0	-0.028
1.0,1.0	1.0,0.0	0.5
0.524,0.303	0.392,0.647	-0.106
0.706,0.756	0.805,0.805	-0.074
0.358,0.5	0.586,0.385	-0.056
0.175,0.237	0.221,0.276	-0.043
0.32,0.574	0.613,0.273	0.004
0.153,0.278	0.231,0.25	-0.025
0.52,0.889	0.622,1.0	-0.106
0.114,0.108	0.127,0.183	-0.044
0.44,0.752	0.514,1.0	-0.161
0.935,1.0	1.0,1.0	-0.032
0.935,1.0	0.882,1.0	0.026
1.0,1.0	1.0,0.985	0.008
1.0,0.999	1.0,1.0	-0.0
0.998,1.0	1.0,1.0	-0.001
0.121,0.144	0.101,0.174	-0.005
1.0,0.998	1.0,0.989	0.005
1.0,0.996	1.0,1.0	-0.002
0.943,0.958	0.944,0.931	0.013
0.996,1.0	1.0,1.0	-0.002
1.0,1.0	0.932,1.0	0.034
1.0,1.0	0.933,1.0	0.033
1.0,1.0	1.0,0.976	0.012
0.887,0.8	0.872,0.847	-0.016
0.972,1.0	0.994,0.988	-0.005
1.0,1.0	1.0,0.96	0.02
1.0,1.0	0.895,1.0	0.052
1.0,1.0	0.788,1.0	0.106
1.0,1.0	0.99,1.0	0.005
0.988,0.993	0.982,1.0	-0.001
0.993,1.0	1.0,1.0	-0.004
NA,1.0	0.0,NA	1.0
0.0,0.0	0.001,0.0	-0.001
1.0,1.0	0.999,1.0	0.0
1.0,0.953	1.0,1.0	-0.024
1.0,1.0	0.942,1.0	0.029
1.0,1.0	0.988,1.0	0.006
1.0,0.985	1.0,1.0	-0.008
1.0,0.967	1.0,1.0	-0.016
0.995,1.0	1.0,1.0	-0.002
0.071,0.045	0.067,0.019	0.015
0.994,1.0	1.0,1.0	-0.003
1.0,1.0	0.991,1.0	0.004
0.992,1.0	1.0,1.0	-0.004
1.0,0.997	0.988,0.993	0.008
1.0,0.968	1.0,0.963	0.002
1.0,1.0	1.0,0.99	0.005
1.0,1.0	0.997,1.0	0.002
0.94,0.95	0.885,0.924	0.04
0.889,0.958	1.0,1.0	-0.077
1.0,1.0	1.0,0.98	0.01
0.986,1.0	1.0,1.0	-0.007
1.0,0.993	1.0,1.0	-0.004
1.0,0.764	0.951,1.0	-0.094
1.0,0.737	0.933,1.0	-0.098
1.0,0.752	0.933,1.0	-0.091
0.56,0.341	0.213,0.73	-0.021
0.621,0.676	0.442,0.774	0.041
1.0,1.0	0.998,1.0	0.001
1.0,0.993	0.968,0.949	0.038
1.0,1.0	0.987,1.0	0.006
1.0,1.0	1.0,0.996	0.002
1.0,1.0	1.0,0.957	0.022
0.992,1.0	1.0,1.0	-0.004
0.959,1.0	1.0,1.0	-0.02
0.997,1.0	1.0,1.0	-0.002
1.0,0.995	1.0,1.0	-0.002
0.003,0.006	0.003,0.0	0.003
0.978,0.941	0.975,1.0	-0.028
0.972,0.915	0.963,1.0	-0.038
1.0,0.996	1.0,1.0	-0.002
1.0,0.987	1.0,0.957	0.015
0.993,1.0	1.0,1.0	-0.004
0.995,0.998	1.0,1.0	-0.004
1.0,0.998	1.0,1.0	-0.001
0.993,1.0	1.0,1.0	-0.004
1.0,1.0	1.0,0.982	0.009
1.0,0.997	1.0,1.0	-0.002
1.0,1.0	0.766,0.902	0.166
1.0,1.0	0.991,1.0	0.004
0.094,0.1	0.086,0.086	0.011
1.0,1.0	1.0,0.85	0.075
0.8,0.839	0.92,1.0	-0.14
0.955,0.966	0.871,1.0	0.025
0.994,0.998	0.997,0.997	-0.001
0.988,1.0	1.0,1.0	-0.006
1.0,1.0	1.0,0.935	0.032
1.0,1.0	1.0,1.0	0.0
1.0,0.976	1.0,1.0	-0.012
0.966,1.0	1.0,1.0	-0.017
0.981,1.0	0.995,0.976	0.005
0.994,1.0	1.0,1.0	-0.003
0.905,0.844	1.0,1.0	-0.125
0.971,0.993	0.968,1.0	-0.002
1.0,1.0	1.0,0.968	0.016
0.861,0.86	0.94,0.88	-0.049
1.0,1.0	0.999,1.0	0.0
0.999,1.0	1.0,1.0	-0.0
1.0,1.0	0.998,0.996	0.003
1.0,0.992	1.0,1.0	-0.004
1.0,0.968	1.0,1.0	-0.016
1.0,0.993	1.0,1.0	-0.004
0.993,1.0	1.0,1.0	-0.004
0.979,1.0	1.0,0.979	0.0
1.0,0.998	1.0,1.0	-0.001
1.0,1.0	1.0,0.991	0.004
1.0,0.947	0.952,1.0	-0.002
0.585,0.51	0.666,0.723	-0.147
0.993,1.0	1.0,0.993	0.0
1.0,0.996	0.995,1.0	0.0
0.094,0.123	0.117,0.096	0.002
0.409,0.463	0.333,0.429	0.055
1.0,0.986	1.0,0.957	0.015
1.0,1.0	1.0,0.975	0.012
0.998,0.998	0.999,1.0	-0.002
0.943,0.949	0.969,1.0	-0.038
1.0,1.0	1.0,0.974	0.013
0.921,0.767	1.0,0.964	-0.138
0.972,1.0	1.0,1.0	-0.014
1.0,0.991	0.973,0.963	0.028
0.186,0.22	0.143,0.0	0.132
0.0,0.0	0.0,0.011	-0.005
0.989,0.99	1.0,0.977	0.001
1.0,0.997	0.996,1.0	0.0
1.0,1.0	0.991,1.0	0.004
0.052,0.106	0.098,0.071	-0.005
0.063,0.196	0.231,0.148	-0.06
0.972,0.976	0.936,1.0	0.006
0.143,0.212	0.275,0.289	-0.105
0.0,0.0	0.13,0.193	-0.162
1.0,0.999	1.0,1.0	-0.0
1.0,1.0	0.986,1.0	0.007
0.0,0.0	0.001,0.0	-0.001
0.375,0.543	0.212,0.25	0.228
0.375,0.543	0.212,0.25	0.228
0.375,0.568	0.212,0.25	0.24
1.0,0.984	1.0,1.0	-0.008
0.989,1.0	1.0,1.0	-0.006
0.019,0.048	0.038,0.0	0.015
0.0,0.0	1.0,0.0	-0.5
1.0,1.0	1.0,1.0	0.0
1.0,0.999	1.0,1.0	-0.0
0.788,1.0	1.0,1.0	-0.106
1.0,0.967	1.0,1.0	-0.016
0.721,0.654	0.756,0.768	-0.075
0.827,0.848	0.86,1.0	-0.093
0.591,0.605	0.65,1.0	-0.227
0.895,0.911	0.925,1.0	-0.059
0.649,0.723	0.769,1.0	-0.199
0.999,1.0	1.0,1.0	-0.0
1.0,0.978	1.0,1.0	-0.011
0.993,0.996	1.0,1.0	-0.006
0.985,0.96	0.974,0.947	0.012
1.0,0.988	1.0,1.0	-0.006
0.977,1.0	1.0,1.0	-0.012
1.0,1.0	0.982,0.962	0.028
0.975,0.979	0.978,0.98	-0.002
0.98,0.994	1.0,1.0	-0.013
1.0,1.0	1.0,0.96	0.02
1.0,1.0	0.996,1.0	0.002
0.013,0.005	0.006,0.005	0.003
0.533,0.444	0.75,0.651	-0.212
1.0,0.951	1.0,1.0	-0.024
1.0,0.97	1.0,1.0	-0.015
1.0,0.981	1.0,1.0	-0.01
0.953,0.956	1.0,1.0	-0.046
1.0,1.0	1.0,1.0	0.0
0.997,1.0	1.0,1.0	-0.002
1.0,1.0	0.991,1.0	0.004
0.86,1.0	0.904,1.0	-0.022
0.861,0.957	0.868,0.897	0.026
0.999,1.0	1.0,1.0	-0.0
0.997,1.0	1.0,1.0	-0.002
1.0,0.999	1.0,1.0	-0.0
1.0,0.999	1.0,1.0	-0.0
0.997,1.0	1.0,0.987	0.005
0.998,0.996	0.993,0.996	0.003
0.993,1.0	1.0,1.0	-0.004
0.995,1.0	1.0,1.0	-0.002
1.0,1.0	1.0,0.99	0.005
0.983,1.0	1.0,0.991	-0.004
0.987,1.0	1.0,1.0	-0.006
0.951,0.981	0.971,1.0	-0.02
0.932,0.978	0.968,1.0	-0.029
1.0,1.0	1.0,0.966	0.017
1.0,1.0	1.0,1.0	0.0
0.998,0.998	1.0,1.0	-0.002
0.489,0.534	0.542,0.476	0.003
0.997,0.987	0.994,0.994	-0.002
0.0,1.0	1.0,1.0	-0.5
0.025,0.05	0.054,0.05	-0.014
0.991,1.0	1.0,1.0	-0.004
0.975,0.987	0.994,0.99	-0.011
0.996,1.0	1.0,1.0	-0.002
0.999,1.0	1.0,1.0	-0.0
1.0,0.999	1.0,1.0	-0.0
1.0,0.977	1.0,1.0	-0.012
0.89,0.916	0.887,0.903	0.008
0.953,0.85	0.94,1.0	-0.069
1.0,1.0	0.996,0.991	0.006
1.0,0.992	1.0,1.0	-0.004
0.384,0.404	0.441,0.438	-0.045
NA,0.402	0.31,0.402	0.046
0.997,1.0	1.0,1.0	-0.002
0.996,1.0	1.0,1.0	-0.002
1.0,1.0	0.994,1.0	0.003
0.996,1.0	1.0,1.0	-0.002
0.98,0.954	1.0,1.0	-0.033
1.0,1.0	0.996,1.0	0.002
1.0,1.0	0.996,1.0	0.002
0.973,1.0	0.973,1.0	0.0
1.0,0.984	1.0,1.0	-0.008
0.933,0.909	0.8,0.922	0.06
1.0,0.999	1.0,1.0	-0.0
0.989,0.997	0.989,0.988	0.005
0.985,0.996	0.983,0.978	0.01
0.001,0.0	0.004,0.004	-0.004
0.977,1.0	0.982,0.974	0.01
0.994,1.0	1.0,1.0	-0.003
0.399,0.379	0.412,0.379	-0.006
0.385,0.357	0.412,0.333	-0.002
0.971,1.0	1.0,1.0	-0.014
0.992,1.0	1.0,1.0	-0.004
0.999,1.0	1.0,1.0	-0.0
1.0,0.999	1.0,1.0	-0.0
0.749,0.819	0.658,0.742	0.084
0.714,1.0	1.0,1.0	-0.143
1.0,1.0	1.0,0.986	0.007
0.92,0.944	0.939,0.947	-0.011
0.949,1.0	1.0,1.0	-0.026
1.0,1.0	1.0,0.96	0.02
0.005,0.006	0.012,0.005	-0.003
0.957,0.985	0.994,1.0	-0.026
1.0,1.0	1.0,1.0	0.0
0.003,0.001	0.002,0.001	0.001
1.0,0.995	1.0,1.0	-0.002
1.0,1.0	0.995,1.0	0.002
1.0,1.0	0.964,0.955	0.04
0.946,0.967	0.99,0.984	-0.031
1.0,0.998	1.0,0.992	0.003
1.0,0.99	1.0,1.0	-0.005
1.0,0.997	0.999,1.0	-0.001
1.0,0.994	0.998,1.0	-0.002
1.0,0.994	0.998,1.0	-0.002
0.97,0.939	0.988,0.903	0.009
0.908,0.963	0.926,1.0	-0.028
1.0,1.0	0.998,1.0	0.001
1.0,1.0	0.778,1.0	0.111
1.0,1.0	0.991,1.0	0.004
0.028,0.031	0.016,0.0	0.021
0.038,0.042	0.006,0.006	0.034
0.233,0.453	0.406,0.434	-0.077
0.664,0.594	0.809,1.0	-0.276
0.996,0.999	0.999,0.997	-0.0
0.932,0.953	0.982,1.0	-0.048
1.0,1.0	1.0,0.996	0.002
0.097,0.077	0.175,0.111	-0.056
0.945,0.968	1.0,1.0	-0.044
1.0,0.998	1.0,1.0	-0.001
1.0,0.995	0.997,1.0	-0.001
1.0,0.996	0.997,1.0	-0.0
0.994,0.999	1.0,1.0	-0.004
0.994,1.0	0.988,1.0	0.003
0.994,1.0	1.0,1.0	-0.003
0.983,1.0	1.0,1.0	-0.008
1.0,1.0	1.0,0.97	0.015
0.994,1.0	1.0,1.0	-0.003
0.997,1.0	1.0,0.998	-0.001
0.907,0.915	0.874,0.911	0.018
0.985,1.0	1.0,0.973	0.006
0.961,1.0	1.0,0.912	0.024
1.0,0.598	1.0,0.749	-0.076
1.0,0.955	1.0,1.0	-0.022
1.0,0.0	1.0,0.333	-0.166
0.895,0.971	0.964,1.0	-0.049
0.992,0.956	1.0,1.0	-0.026
0.895,0.871	0.9,0.929	-0.032
1.0,1.0	1.0,0.943	0.028
0.021,0.042	0.027,0.057	-0.011
1.0,0.991	1.0,1.0	-0.004
0.919,0.991	1.0,1.0	-0.045
0.995,0.991	1.0,1.0	-0.007
1.0,0.998	1.0,1.0	-0.001
0.919,0.896	0.939,0.948	-0.036
1.0,0.994	0.941,1.0	0.027
1.0,0.919	1.0,1.0	-0.04
0.981,1.0	1.0,1.0	-0.01
0.997,1.0	1.0,1.0	-0.002
0.976,0.976	0.981,1.0	-0.014
1.0,1.0	0.998,1.0	0.001
0.556,0.586	0.62,0.568	-0.023
0.999,1.0	0.999,1.0	0.0
1.0,1.0	1.0,1.0	0.0
0.87,1.0	1.0,1.0	-0.065
1.0,0.999	1.0,1.0	-0.0
0.986,0.995	1.0,1.0	-0.01
0.988,1.0	1.0,1.0	-0.006
0.177,0.224	0.136,0.111	0.077
0.982,1.0	1.0,1.0	-0.009
1.0,0.959	1.0,1.0	-0.02
0.138,0.062	0.143,0.143	-0.043
0.107,0.07	0.143,0.217	-0.091
1.0,1.0	0.976,1.0	0.012
0.983,1.0	1.0,1.0	-0.008
1.0,1.0	0.994,1.0	0.003
0.977,1.0	1.0,1.0	-0.012
1.0,0.997	1.0,1.0	-0.002
0.944,0.966	0.981,0.971	-0.021
0.173,0.212	0.314,0.325	-0.127
1.0,0.968	0.981,0.982	0.002
1.0,0.996	1.0,1.0	-0.002
0.994,1.0	1.0,1.0	-0.003
0.983,0.976	0.995,0.978	-0.007
0.009,0.03	0.004,0.017	0.009
0.81,0.673	0.727,0.647	0.054
0.837,0.727	0.714,0.625	0.113
0.071,0.168	0.0,0.0	0.119
0.196,0.28	0.369,0.415	-0.154
0.109,0.216	0.176,0.294	-0.072
0.996,0.972	0.987,0.988	-0.004
0.144,0.213	0.2,0.236	-0.04
0.896,0.965	1.0,1.0	-0.07
0.852,1.0	0.809,1.0	0.021
0.985,0.989	0.984,1.0	-0.005
1.0,0.977	1.0,1.0	-0.012
1.0,1.0	0.978,1.0	0.011
0.996,1.0	1.0,1.0	-0.002
0.995,0.988	1.0,1.0	-0.008
1.0,0.971	1.0,1.0	-0.014
1.0,0.938	1.0,1.0	-0.031
0.996,0.989	0.996,1.0	-0.006
0.917,0.867	1.0,0.868	-0.042
0.831,0.731	1.0,0.775	-0.107
0.009,0.003	0.0,0.0	0.006
0.781,0.732	0.96,0.902	-0.175
0.977,0.98	0.992,0.976	-0.006
1.0,0.995	1.0,1.0	-0.002
1.0,0.995	0.997,0.982	0.008
1.0,1.0	0.993,1.0	0.004
1.0,1.0	0.99,1.0	0.005
1.0,1.0	0.971,1.0	0.014
0.993,1.0	1.0,1.0	-0.004
0.002,0.003	0.002,0.001	0.001
0.013,0.012	0.017,0.012	-0.002
0.016,0.016	0.022,0.021	-0.005
1.0,0.615	1.0,1.0	-0.193
0.412,0.304	0.527,0.429	-0.12
0.961,0.906	0.972,0.935	-0.02
1.0,0.993	1.0,1.0	-0.004
0.949,0.961	1.0,1.0	-0.045
1.0,0.999	1.0,1.0	-0.0
0.999,1.0	0.999,1.0	0.0
1.0,1.0	0.998,1.0	0.001
1.0,0.98	1.0,1.0	-0.01
1.0,1.0	0.99,1.0	0.005
0.971,1.0	0.921,1.0	0.025
0.058,0.066	0.059,0.046	0.01
0.119,0.253	0.119,0.253	0.0
0.975,1.0	1.0,1.0	-0.012
0.931,1.0	1.0,1.0	-0.034
1.0,1.0	1.0,0.982	0.009
0.631,0.655	0.681,0.569	0.018
0.514,0.519	0.588,0.444	0.0
0.988,0.944	0.974,0.963	-0.002
1.0,0.996	1.0,1.0	-0.002
0.987,0.984	0.992,1.0	-0.01
1.0,1.0	0.993,1.0	0.004
0.904,0.975	0.942,0.946	-0.004
1.0,0.989	0.982,1.0	0.003
0.977,0.957	0.976,0.982	-0.012
0.98,0.987	0.986,0.987	-0.003
0.975,1.0	1.0,1.0	-0.012
1.0,1.0	1.0,0.862	0.069
1.0,0.989	1.0,1.0	-0.006
0.057,0.063	0.091,0.056	-0.013
1.0,1.0	1.0,0.942	0.029
0.99,0.998	1.0,1.0	-0.006
1.0,1.0	0.963,1.0	0.018
0.925,0.881	0.886,0.905	0.008
0.98,0.979	1.0,0.993	-0.017
0.201,0.183	0.207,0.275	-0.049
1.0,1.0	0.997,1.0	0.002
0.932,0.974	0.708,0.917	0.141
0.996,0.999	1.0,1.0	-0.002
0.983,0.983	1.0,1.0	-0.017
1.0,1.0	0.333,0.333	0.667
0.333,0.5	0.333,0.0	0.25
0.913,0.955	0.647,0.818	0.202
1.0,0.867	1.0,0.714	0.077
0.992,1.0	0.993,1.0	-0.0
0.987,0.991	0.978,0.962	0.019
0.989,1.0	1.0,1.0	-0.006
0.961,0.972	0.938,1.0	-0.003
0.026,0.018	0.154,0.091	-0.101
1.0,1.0	0.987,1.0	0.006
1.0,1.0	0.99,1.0	0.005
0.03,0.026	0.004,0.046	0.003
1.0,0.983	1.0,1.0	-0.008
1.0,1.0	0.964,1.0	0.018
1.0,1.0	0.957,1.0	0.022
0.99,0.944	0.987,1.0	-0.027
0.992,0.994	0.969,1.0	0.009
0.993,1.0	0.984,1.0	0.004
0.045,0.045	0.0,0.0	0.045
0.0,0.105	0.0,0.0	0.052
0.596,0.763	0.478,0.733	0.074
1.0,0.996	1.0,1.0	-0.002
1.0,0.998	1.0,1.0	-0.001
0.999,1.0	1.0,1.0	-0.0
0.179,0.105	0.155,0.095	0.017
0.984,0.969	0.944,0.951	0.029
0.997,1.0	1.0,1.0	-0.002
0.997,0.992	0.993,0.991	0.002
0.935,0.828	0.894,0.644	0.112
0.998,1.0	1.0,1.0	-0.001
0.5,NA	1.0,NA	-0.5
0.6,NA	1.0,NA	-0.4
1.0,0.0	1.0,NA	-0.5
0.788,0.642	0.812,0.712	-0.047
1.0,1.0	1.0,0.993	0.004
1.0,0.957	1.0,1.0	-0.022
1.0,0.938	1.0,1.0	-0.031
1.0,0.694	1.0,1.0	-0.153
NA,0.529	1.0,NA	-0.471
1.0,1.0	1.0,0.818	0.091
0.998,1.0	1.0,1.0	-0.001
1.0,0.996	1.0,1.0	-0.002
0.988,0.981	1.0,1.0	-0.016
0.989,0.992	1.0,0.926	0.027
0.994,0.995	1.0,0.958	0.015
1.0,1.0	1.0,0.968	0.016
0.995,1.0	1.0,1.0	-0.002
1.0,0.995	1.0,1.0	-0.002
0.986,1.0	0.991,1.0	-0.003
1.0,0.998	0.998,1.0	0.0
0.998,1.0	1.0,1.0	-0.001
0.378,0.378	0.43,0.439	-0.056
1.0,0.999	1.0,1.0	-0.0
1.0,0.999	1.0,1.0	-0.0
1.0,1.0	1.0,0.991	0.004
1.0,0.995	1.0,1.0	-0.002
0.993,1.0	0.995,1.0	-0.001
1.0,0.887	0.928,1.0	-0.02
0.994,0.996	1.0,0.985	0.003
1.0,1.0	0.976,1.0	0.012
1.0,1.0	1.0,0.989	0.006
1.0,0.961	1.0,1.0	-0.02
1.0,0.991	0.991,0.972	0.014
0.993,1.0	0.997,1.0	-0.002
0.983,0.994	1.0,1.0	-0.012
0.996,0.997	1.0,1.0	-0.004
0.697,0.75	0.656,0.543	0.124
0.971,1.0	1.0,0.973	-0.001
0.983,1.0	1.0,0.991	-0.004
0.981,0.977	1.0,1.0	-0.021
1.0,0.927	1.0,1.0	-0.036
0.883,0.944	0.935,0.966	-0.037
0.965,0.921	0.808,0.95	0.064
1.0,1.0	0.999,1.0	0.0
0.434,0.552	0.371,0.296	0.159
0.017,0.011	0.011,0.011	0.003
1.0,0.997	1.0,1.0	-0.002
1.0,1.0	1.0,0.968	0.016
0.988,1.0	1.0,1.0	-0.006
1.0,0.992	1.0,1.0	-0.004
0.99,1.0	1.0,1.0	-0.005
1.0,1.0	0.999,1.0	0.0
0.997,0.998	1.0,0.961	0.017
0.977,0.958	0.98,1.0	-0.022
1.0,1.0	0.769,1.0	0.115
1.0,0.98	1.0,0.973	0.004
1.0,1.0	0.999,0.995	0.003
0.996,0.991	0.996,0.977	0.007
0.947,1.0	1.0,1.0	-0.026
1.0,1.0	0.979,0.966	0.028
1.0,1.0	0.942,0.916	0.071
1.0,1.0	0.997,1.0	0.002
0.0,0.015	0.0,0.0	0.007
1.0,1.0	1.0,0.943	0.028
1.0,0.996	1.0,1.0	-0.002
1.0,0.997	1.0,1.0	-0.002
0.999,1.0	1.0,1.0	-0.0
0.999,1.0	1.0,1.0	-0.0
0.982,1.0	1.0,1.0	-0.009
1.0,1.0	1.0,0.965	0.018
1.0,1.0	0.971,0.956	0.036
0.915,0.944	0.962,0.954	-0.028
1.0,1.0	0.929,1.0	0.035
1.0,1.0	0.967,1.0	0.016
1.0,0.998	1.0,1.0	-0.001
0.852,0.818	0.917,1.0	-0.124
1.0,1.0	1.0,0.913	0.043
1.0,0.981	1.0,1.0	-0.01
0.991,1.0	1.0,1.0	-0.004
0.996,0.996	1.0,1.0	-0.004
1.0,0.984	1.0,1.0	-0.008
0.999,1.0	0.999,0.999	0.001
1.0,0.999	1.0,1.0	-0.0
0.902,0.897	0.925,0.959	-0.042
1.0,0.986	1.0,1.0	-0.007
0.875,1.0	1.0,0.6	0.137
1.0,1.0	1.0,1.0	0.0
0.136,0.181	0.087,0.13	0.05
1.0,0.999	1.0,1.0	-0.0
0.243,0.204	0.097,0.273	0.038
0.988,0.984	0.995,0.996	-0.01
0.998,0.997	0.996,0.999	0.0
1.0,0.999	1.0,1.0	-0.0
0.981,1.0	1.0,1.0	-0.01
1.0,1.0	0.995,1.0	0.002
1.0,1.0	1.0,0.625	0.188
1.0,1.0	0.967,1.0	0.016
1.0,1.0	1.0,1.0	0.0
0.909,1.0	1.0,1.0	-0.045
1.0,0.73	0.778,1.0	-0.024
1.0,0.846	0.862,1.0	-0.008
0.979,0.942	1.0,1.0	-0.04
0.984,0.966	1.0,1.0	-0.025
1.0,0.974	1.0,1.0	-0.013
0.981,1.0	1.0,1.0	-0.01
0.929,0.913	1.0,1.0	-0.079
1.0,0.978	1.0,1.0	-0.011
0.895,1.0	0.739,1.0	0.078
0.892,1.0	0.739,1.0	0.077
0.0,0.0	0.037,0.0	-0.018
0.992,0.987	1.0,1.0	-0.01
0.986,0.976	1.0,1.0	-0.019
0.997,1.0	1.0,1.0	-0.002
1.0,0.996	1.0,1.0	-0.002
0.061,0.0	0.048,0.0	0.006
0.944,0.836	0.806,0.813	0.08
0.987,0.98	1.0,1.0	-0.016
0.979,0.985	1.0,1.0	-0.018
0.934,0.95	0.968,0.906	0.005
0.0,0.0	0.003,0.0	-0.002
1.0,0.998	1.0,1.0	-0.001
1.0,0.935	1.0,0.6	0.167
1.0,1.0	0.984,1.0	0.008
1.0,1.0	1.0,0.966	0.017
1.0,0.992	1.0,0.992	0.0
0.988,0.987	1.0,1.0	-0.012
0.989,0.986	1.0,1.0	-0.012
0.989,0.987	1.0,1.0	-0.012
1.0,1.0	1.0,0.923	0.038
1.0,0.998	1.0,1.0	-0.001
1.0,0.962	1.0,1.0	-0.019
0.889,0.953	1.0,0.929	-0.043
1.0,0.999	0.999,1.0	0.0
0.05,0.012	0.021,0.012	0.014
1.0,1.0	0.989,0.987	0.012
1.0,0.995	1.0,1.0	-0.002
1.0,0.988	1.0,1.0	-0.006
1.0,0.999	1.0,1.0	-0.0
0.96,0.978	0.943,0.869	0.063
1.0,1.0	0.993,0.988	0.01
0.947,0.924	0.973,0.975	-0.038
1.0,0.995	0.996,1.0	-0.0
1.0,0.987	1.0,0.964	0.012
0.976,1.0	0.993,1.0	-0.008
0.312,0.209	0.15,0.497	-0.063
1.0,0.974	1.0,1.0	-0.013
0.996,1.0	1.0,1.0	-0.002
0.776,1.0	1.0,0.874	-0.049
1.0,1.0	1.0,0.998	0.001
1.0,1.0	1.0,1.0	0.0
1.0,1.0	0.996,1.0	0.002
0.968,0.852	0.962,1.0	-0.071
1.0,1.0	0.959,1.0	0.02
0.999,1.0	1.0,1.0	-0.0
0.938,0.957	0.946,1.0	-0.025
0.968,0.968	0.97,0.984	-0.009
0.452,0.41	0.483,0.324	0.028
1.0,0.997	1.0,1.0	-0.002
1.0,0.997	1.0,1.0	-0.002
0.974,1.0	1.0,1.0	-0.013
0.917,1.0	1.0,1.0	-0.041
0.21,0.178	0.117,0.088	0.091
0.135,0.253	0.05,0.184	0.077
1.0,0.991	1.0,1.0	-0.004
0.257,0.198	0.29,0.259	-0.047
0.921,0.909	0.961,0.958	-0.044
1.0,1.0	0.972,1.0	0.014
1.0,1.0	0.948,1.0	0.026
1.0,0.996	1.0,1.0	-0.002
0.946,1.0	1.0,1.0	-0.027
0.952,1.0	1.0,1.0	-0.024
1.0,0.981	1.0,1.0	-0.01
0.98,0.974	0.973,0.889	0.046
0.953,1.0	1.0,1.0	-0.024
0.209,0.19	0.194,0.313	-0.054
0.378,1.0	0.0,1.0	0.189
0.989,0.966	1.0,0.979	-0.012
1.0,0.994	1.0,1.0	-0.003
1.0,1.0	0.993,1.0	0.004
1.0,1.0	0.981,1.0	0.01
0.96,0.945	0.98,0.979	-0.027
0.333,1.0	1.0,NA	-0.334
0.997,0.993	0.989,0.986	0.007
1.0,0.994	1.0,1.0	-0.003
1.0,0.999	0.999,0.996	0.002
1.0,0.967	0.949,1.0	0.009
1.0,1.0	0.995,1.0	0.002
0.982,0.981	0.979,0.902	0.041
1.0,0.81	1.0,1.0	-0.095
0.992,0.995	1.0,1.0	-0.006
1.0,1.0	1.0,1.0	0.0
1.0,1.0	0.981,1.0	0.01
0.929,1.0	1.0,1.0	-0.035
0.95,1.0	1.0,1.0	-0.025
0.994,1.0	1.0,1.0	-0.003
1.0,0.998	1.0,1.0	-0.001
1.0,1.0	0.99,1.0	0.005
1.0,1.0	1.0,0.998	0.001
1.0,1.0	1.0,1.0	0.0
0.778,1.0	1.0,1.0	-0.111
0.001,0.002	0.002,0.002	-0.001
0.993,1.0	1.0,1.0	-0.004
1.0,0.982	1.0,0.925	0.028
1.0,0.975	1.0,0.925	0.025
0.923,0.917	0.954,0.971	-0.042
0.999,1.0	1.0,1.0	-0.0
1.0,1.0	0.99,1.0	0.005
1.0,0.998	1.0,0.994	0.002
0.978,1.0	0.992,1.0	-0.007
0.954,0.986	1.0,0.967	-0.014
1.0,0.846	1.0,1.0	-0.077
0.973,0.899	0.931,1.0	-0.03
0.741,0.811	0.625,0.913	0.007
1.0,0.997	1.0,1.0	-0.002
0.074,0.041	0.212,0.21	-0.153
1.0,0.989	1.0,1.0	-0.006
0.994,0.995	1.0,1.0	-0.006
1.0,0.99	1.0,1.0	-0.005
1.0,1.0	1.0,0.982	0.009
0.994,1.0	1.0,1.0	-0.003
0.989,1.0	1.0,1.0	-0.006
0.997,1.0	1.0,1.0	-0.002
0.996,0.99	1.0,1.0	-0.007
0.987,0.997	0.984,1.0	0.0
0.994,0.989	1.0,1.0	-0.008
0.989,0.998	0.987,1.0	0.0
0.997,0.994	1.0,1.0	-0.004
0.994,0.998	0.992,1.0	0.0
0.994,0.992	0.983,0.987	0.008
1.0,1.0	0.92,1.0	0.04
0.897,0.77	0.793,1.0	-0.063
0.995,0.994	0.991,0.979	0.009
1.0,0.999	1.0,1.0	-0.0
0.917,0.938	1.0,1.0	-0.073
1.0,0.943	1.0,1.0	-0.028
1.0,0.996	1.0,1.0	-0.002
0.98,0.961	0.995,1.0	-0.027
1.0,0.994	1.0,1.0	-0.003
1.0,1.0	0.995,1.0	0.002
1.0,1.0	0.996,1.0	0.002
0.991,0.989	0.996,0.994	-0.005
0.995,1.0	0.998,0.99	0.004
1.0,1.0	0.99,1.0	0.005
0.897,1.0	1.0,1.0	-0.051
0.65,0.435	0.6,0.611	-0.063
0.935,0.951	0.969,0.954	-0.018
1.0,1.0	0.987,1.0	0.006
0.0,0.0	0.01,0.0	-0.005
0.995,0.997	1.0,1.0	-0.004
1.0,1.0	0.972,1.0	0.014
1.0,0.939	1.0,1.0	-0.03
1.0,0.221	1.0,1.0	-0.389
0.585,0.717	0.0,0.458	0.422
0.049,0.085	0.184,0.173	-0.111
1.0,1.0	1.0,0.993	0.004
1.0,1.0	1.0,0.991	0.004
0.914,0.981	0.939,0.972	-0.008
0.796,0.957	0.856,0.945	-0.024
0.917,0.906	0.911,0.924	-0.006
0.17,0.177	0.121,0.09	0.068
1.0,1.0	0.997,1.0	0.002
0.237,0.2	0.353,0.324	-0.12
1.0,0.992	1.0,0.982	0.005
0.983,0.992	1.0,1.0	-0.012
1.0,1.0	0.95,1.0	0.025
1.0,0.948	1.0,1.0	-0.026
0.6,0.643	0.429,1.0	-0.093
1.0,1.0	0.999,1.0	0.0
1.0,1.0	1.0,0.996	0.002
1.0,0.967	1.0,1.0	-0.016
0.976,0.991	0.974,1.0	-0.003
0.669,0.615	0.68,0.726	-0.061
0.473,0.357	0.438,0.525	-0.067
0.078,0.055	0.115,0.043	-0.012
0.978,0.996	1.0,0.99	-0.008
1.0,0.998	1.0,1.0	-0.001
1.0,1.0	0.999,1.0	0.0
0.012,0.012	0.007,0.005	0.006
0.003,0.006	0.009,0.004	-0.002
1.0,1.0	0.988,1.0	0.006
0.975,0.982	0.989,0.972	-0.002
1.0,1.0	0.977,1.0	0.012
0.99,1.0	1.0,1.0	-0.005
0.96,1.0	0.97,0.953	0.018
0.025,0.021	0.049,0.044	-0.024
0.032,0.019	0.038,0.043	-0.015
0.045,0.038	0.037,0.03	0.008
1.0,1.0	1.0,0.982	0.009
0.387,0.359	0.23,0.274	0.121
1.0,0.995	1.0,0.993	0.001
0.953,0.983	0.976,1.0	-0.02
1.0,1.0	0.944,1.0	0.028
0.959,1.0	1.0,1.0	-0.02
1.0,0.991	1.0,1.0	-0.004
0.965,0.986	0.922,0.912	0.058
0.988,1.0	1.0,1.0	-0.006
1.0,0.983	1.0,1.0	-0.008
0.999,1.0	1.0,1.0	-0.0
0.998,1.0	1.0,1.0	-0.001
0.999,1.0	1.0,1.0	-0.0
0.978,0.952	1.0,0.923	0.003
0.978,0.944	1.0,0.917	0.002
1.0,1.0	1.0,1.0	0.0
0.979,1.0	1.0,1.0	-0.01
0.754,0.585	0.946,0.754	-0.18
0.0,0.021	0.106,0.0	-0.042
0.034,0.045	0.112,0.302	-0.167
0.178,0.153	0.181,0.275	-0.063
0.28,0.252	0.283,0.263	-0.007
0.959,1.0	1.0,1.0	-0.02
0.987,1.0	1.0,1.0	-0.006
1.0,0.986	0.967,1.0	0.009
1.0,1.0	0.986,1.0	0.007
0.999,1.0	1.0,1.0	-0.0
1.0,0.997	1.0,1.0	-0.002
1.0,0.998	1.0,1.0	-0.001
1.0,0.998	1.0,1.0	-0.001
1.0,1.0	1.0,0.976	0.012
0.0,0.004	0.008,0.0	-0.002
0.977,0.982	1.0,0.963	-0.002
0.0,0.001	0.0,0.0	0.001
0.001,0.001	0.0,0.0	0.001
0.863,1.0	1.0,1.0	-0.069
1.0,0.556	0.75,1.0	-0.097
0.975,0.991	0.981,0.966	0.009
0.986,0.995	0.99,0.981	0.005
0.579,0.673	0.703,0.729	-0.09
1.0,0.939	1.0,1.0	-0.03
1.0,0.998	1.0,1.0	-0.001
0.997,0.994	0.995,0.994	0.001
1.0,1.0	0.999,1.0	0.0
1.0,1.0	0.998,1.0	0.001
0.975,1.0	1.0,1.0	-0.012
1.0,1.0	0.995,1.0	0.002
1.0,0.995	1.0,1.0	-0.002
0.96,1.0	1.0,1.0	-0.02
0.847,1.0	1.0,NA	-0.077
0.403,0.246	0.182,0.165	0.151
0.479,0.304	0.169,0.278	0.168
1.0,0.997	1.0,1.0	-0.002
0.997,0.989	0.997,1.0	-0.005
0.997,0.992	0.999,0.992	-0.001
0.998,0.994	0.999,0.995	-0.001
1.0,1.0	1.0,1.0	0.0
1.0,1.0	0.994,0.965	0.02
1.0,0.999	1.0,1.0	-0.0
1.0,0.6	0.824,1.0	-0.112
1.0,1.0	0.991,1.0	0.004
0.996,1.0	1.0,1.0	-0.002
0.946,0.944	1.0,1.0	-0.055
0.999,1.0	1.0,0.996	0.002
0.717,0.551	0.749,0.558	-0.019
1.0,0.993	1.0,0.989	0.002
1.0,0.998	0.999,1.0	-0.001
0.997,1.0	1.0,1.0	-0.002
1.0,0.999	0.997,0.999	0.002
1.0,1.0	1.0,0.781	0.109
1.0,0.986	0.973,1.0	0.007
1.0,1.0	0.963,1.0	0.018
0.567,0.908	1.0,0.466	0.005
0.981,1.0	1.0,0.955	0.013
0.995,0.989	1.0,0.994	-0.005
0.996,1.0	1.0,1.0	-0.002
1.0,0.977	0.987,0.988	0.001
0.995,0.996	0.986,0.954	0.026
1.0,0.99	1.0,1.0	-0.005
1.0,1.0	0.996,1.0	0.002
0.008,0.023	0.024,0.008	-0.001
0.998,1.0	1.0,1.0	-0.001
0.992,0.996	0.994,1.0	-0.003
0.988,0.992	0.989,1.0	-0.004
0.997,0.998	0.999,0.997	-0.0
1.0,0.999	0.989,1.0	0.005
0.977,1.0	0.982,1.0	-0.003
0.988,0.997	0.994,1.0	-0.005
1.0,0.975	0.993,1.0	-0.009
1.0,0.976	0.994,1.0	-0.009
1.0,0.992	1.0,1.0	-0.004
1.0,0.964	1.0,1.0	-0.018
1.0,1.0	1.0,0.969	0.016
1.0,0.984	1.0,1.0	-0.008
1.0,1.0	0.994,1.0	0.003
0.997,0.997	1.0,1.0	-0.003
0.984,1.0	0.99,1.0	-0.003
0.967,1.0	0.978,1.0	-0.005
0.008,0.014	0.018,0.007	-0.001
1.0,0.982	1.0,1.0	-0.009
1.0,0.975	1.0,1.0	-0.012
0.949,1.0	1.0,1.0	-0.026
0.963,1.0	1.0,0.845	0.059
0.895,1.0	1.0,0.636	0.129
0.86,0.811	0.933,1.0	-0.131
0.229,0.157	0.362,0.445	-0.21
0.524,0.879	0.688,0.684	0.016
0.524,0.879	0.333,0.6	0.235
0.354,0.877	0.568,0.593	0.035
0.6,0.925	0.722,0.672	0.065
0.0,1.0	NA,1.0	-0.5
0.954,1.0	1.0,1.0	-0.023
1.0,0.983	1.0,1.0	-0.008
1.0,0.996	0.996,0.991	0.004
0.141,0.293	0.345,0.194	-0.052
0.991,0.992	0.991,0.992	0.0
1.0,1.0	1.0,0.986	0.007
1.0,1.0	1.0,0.95	0.025
1.0,1.0	1.0,0.996	0.002
0.999,1.0	0.998,0.994	0.004
1.0,0.995	1.0,1.0	-0.002
0.996,1.0	1.0,1.0	-0.002
0.018,0.008	0.01,0.012	0.002
1.0,0.999	0.999,0.998	0.001
1.0,1.0	0.999,1.0	0.0
1.0,0.947	1.0,1.0	-0.026
0.98,0.995	0.996,0.988	-0.004
0.985,0.996	0.997,0.991	-0.004
1.0,0.988	1.0,1.0	-0.006
0.988,1.0	0.979,0.926	0.041
0.063,0.047	0.042,0.028	0.02
1.0,0.988	1.0,1.0	-0.006
0.987,0.988	1.0,1.0	-0.012
1.0,0.998	1.0,1.0	-0.001
1.0,0.995	1.0,1.0	-0.002
0.993,0.991	0.984,0.994	0.003
0.157,0.057	0.063,0.091	0.03
1.0,0.996	0.999,1.0	-0.002
0.974,1.0	1.0,0.967	0.003
1.0,1.0	0.994,1.0	0.003
0.446,0.339	0.556,0.716	-0.243
0.992,1.0	1.0,0.981	0.006
0.998,0.998	0.998,0.998	0.0
0.723,0.934	0.978,0.854	-0.087
1.0,0.987	1.0,1.0	-0.006
0.962,0.983	1.0,1.0	-0.028
1.0,1.0	0.996,1.0	0.002
0.874,0.896	0.93,0.884	-0.022
1.0,1.0	1.0,0.991	0.004
0.018,0.009	0.007,0.013	0.003
0.973,1.0	1.0,1.0	-0.014
1.0,0.994	1.0,1.0	-0.003
1.0,1.0	1.0,0.997	0.002
1.0,1.0	1.0,0.992	0.004
0.963,0.963	0.98,1.0	-0.027
1.0,0.939	1.0,1.0	-0.03
1.0,1.0	1.0,0.991	0.004
0.061,0.046	0.024,0.035	0.024
1.0,0.989	0.991,1.0	-0.001
0.013,0.011	0.029,0.009	-0.007
1.0,0.93	1.0,1.0	-0.035
1.0,1.0	0.968,0.927	0.052
1.0,0.985	1.0,1.0	-0.008
0.953,0.969	0.94,0.963	0.009
0.899,0.973	0.963,0.895	0.007
0.851,0.847	0.896,0.845	-0.022
0.997,0.998	1.0,1.0	-0.002
1.0,1.0	1.0,0.993	0.004
0.993,1.0	1.0,1.0	-0.004
0.971,0.99	0.947,1.0	0.007
0.934,0.975	0.891,1.0	0.009
1.0,0.965	0.984,0.956	0.012
1.0,0.993	1.0,1.0	-0.004
0.91,0.918	0.905,1.0	-0.038
0.986,1.0	0.997,1.0	-0.005
0.833,0.867	1.0,1.0	-0.15
0.98,0.975	1.0,1.0	-0.022
0.027,0.021	0.022,0.055	-0.014
1.0,1.0	1.0,0.909	0.045
0.999,1.0	1.0,1.0	-0.0
0.999,1.0	1.0,1.0	-0.0
0.998,1.0	1.0,1.0	-0.001
0.997,0.976	0.982,0.974	0.008
0.983,0.998	0.997,1.0	-0.008
0.894,0.37	0.835,0.692	-0.131
0.107,0.132	0.102,0.161	-0.012
0.926,0.962	0.984,0.9	0.002
1.0,0.981	1.0,1.0	-0.01
0.517,0.517	1.0,NA	-0.483
1.0,0.997	1.0,1.0	-0.002
1.0,0.997	1.0,1.0	-0.002
1.0,1.0	1.0,0.554	0.223
1.0,1.0	0.995,1.0	0.002
0.987,0.989	1.0,1.0	-0.012
1.0,0.995	1.0,0.986	0.005
1.0,1.0	0.0,NA	1.0
0.969,0.968	0.977,0.979	-0.01
0.992,1.0	0.989,1.0	0.002
0.967,1.0	0.945,1.0	0.011
0.98,1.0	0.978,1.0	0.001
0.872,0.868	0.954,0.922	-0.068
1.0,1.0	0.978,1.0	0.011
1.0,1.0	0.976,1.0	0.012
1.0,0.992	1.0,1.0	-0.004
1.0,0.966	1.0,1.0	-0.017
0.976,1.0	1.0,1.0	-0.012
1.0,0.982	1.0,1.0	-0.009
0.217,0.429	0.385,0.5	-0.119
0.072,0.343	0.511,0.411	-0.253
0.07,0.252	0.402,0.402	-0.241
0.873,0.882	0.644,0.521	0.295
0.94,1.0	1.0,1.0	-0.03
0.054,0.067	0.025,0.125	-0.014
1.0,0.974	1.0,1.0	-0.013
0.143,0.129	0.083,0.07	0.059
0.991,1.0	0.939,1.0	0.026
1.0,0.986	1.0,1.0	-0.007
1.0,0.991	1.0,1.0	-0.004
0.074,0.09	0.11,0.027	0.013
0.98,0.981	0.951,1.0	0.005
0.541,0.409	0.566,0.623	-0.12
0.4,0.347	0.267,0.765	-0.143
0.543,0.415	0.44,0.722	-0.102
0.407,0.347	0.25,0.765	-0.131
0.435,0.359	0.258,0.789	-0.127
0.5,0.392	0.563,0.762	-0.216
1.0,1.0	0.995,1.0	0.002
1.0,1.0	1.0,0.96	0.02
1.0,0.993	1.0,1.0	-0.004
1.0,1.0	0.973,1.0	0.014
1.0,1.0	1.0,1.0	0.0
0.984,1.0	1.0,1.0	-0.008
0.957,0.973	0.989,1.0	-0.029
0.923,0.941	0.979,1.0	-0.058
1.0,0.996	1.0,1.0	-0.002
1.0,1.0	0.995,1.0	0.002
1.0,0.484	0.467,0.0	0.508
0.0,0.561	0.138,0.242	0.091
0.971,0.987	1.0,0.958	0.0
1.0,0.996	1.0,1.0	-0.002
0.999,0.999	1.0,1.0	-0.001
0.058,0.027	0.041,0.045	-0.0
1.0,0.981	1.0,1.0	-0.01
1.0,1.0	0.971,1.0	0.014
1.0,0.997	1.0,1.0	-0.002
0.232,0.251	0.486,0.43	-0.216
0.005,0.0	0.0,0.009	-0.002
0.057,0.073	0.13,0.12	-0.06
0.081,0.124	0.11,0.104	-0.004
0.976,1.0	1.0,0.993	-0.008
0.982,1.0	0.929,1.0	0.026
0.995,1.0	1.0,1.0	-0.002
1.0,1.0	0.941,1.0	0.03
0.997,0.996	1.0,1.0	-0.004
0.831,1.0	0.835,0.896	0.05
0.996,0.986	0.994,0.981	0.003
1.0,0.998	1.0,1.0	-0.001
1.0,0.995	1.0,1.0	-0.002
0.951,0.941	0.813,0.818	0.131
1.0,1.0	1.0,1.0	0.0
1.0,1.0	0.996,1.0	0.002
0.992,0.997	0.997,0.983	0.004
0.999,1.0	1.0,1.0	-0.0
1.0,0.99	1.0,1.0	-0.005
0.616,0.539	0.547,0.703	-0.047
0.644,0.607	0.71,0.741	-0.1
0.586,0.613	0.741,0.697	-0.12
0.497,0.505	0.586,0.68	-0.132
0.988,1.0	1.0,1.0	-0.006
0.995,1.0	1.0,1.0	-0.002
0.0,0.015	0.0,0.086	-0.035
1.0,0.911	0.778,0.8	0.166
1.0,0.939	0.82,0.84	0.14
1.0,0.92	0.793,0.8	0.163
1.0,0.918	0.798,0.8	0.16
1.0,1.0	1.0,0.791	0.105
1.0,0.998	1.0,1.0	-0.001
1.0,0.981	1.0,1.0	-0.01
1.0,1.0	0.999,1.0	0.0
0.984,0.982	1.0,0.983	-0.009
1.0,0.986	1.0,0.984	0.001
0.978,1.0	0.992,0.987	-0.001
1.0,0.948	0.971,0.902	0.037
0.88,0.891	0.833,0.965	-0.014
0.998,1.0	1.0,1.0	-0.001
1.0,1.0	0.989,1.0	0.006
1.0,1.0	0.994,1.0	0.003
1.0,0.993	1.0,0.991	0.001
0.991,1.0	1.0,1.0	-0.004
0.981,0.984	0.983,0.959	0.011
0.105,0.172	0.136,0.198	-0.029
0.087,0.111	0.12,0.129	-0.025
0.333,NA	NA,0.0	0.333
0.361,NA	NA,0.0	0.361
1.0,0.994	1.0,1.0	-0.003
1.0,1.0	0.999,1.0	0.0
0.992,1.0	1.0,1.0	-0.004
1.0,1.0	0.726,1.0	0.137
1.0,0.949	1.0,1.0	-0.026
1.0,0.912	1.0,1.0	-0.044
0.8,0.798	0.817,0.869	-0.044
0.546,0.484	0.606,0.497	-0.036
1.0,0.996	1.0,1.0	-0.002
1.0,0.991	1.0,1.0	-0.004
1.0,1.0	0.998,1.0	0.001
0.99,0.993	1.0,1.0	-0.008
0.981,0.987	1.0,1.0	-0.016
0.976,0.983	0.966,0.976	0.009
1.0,0.941	0.936,1.0	0.002
0.714,0.862	1.0,0.847	-0.135
1.0,0.98	1.0,1.0	-0.01
0.947,0.985	0.957,1.0	-0.012
1.0,1.0	0.985,1.0	0.008
1.0,1.0	1.0,0.999	0.0
1.0,1.0	0.986,1.0	0.007
0.999,0.999	0.999,0.999	0.0
0.922,0.896	0.971,1.0	-0.077
0.0,0.047	0.028,0.0	0.009
0.142,0.0	0.162,NA	-0.091
NA,0.465	0.367,NA	0.098
0.0,0.01	0.0,0.0	0.005
0.406,0.185	0.0,NA	0.295
1.0,1.0	1.0,1.0	0.0
1.0,1.0	1.0,1.0	0.0
1.0,1.0	1.0,1.0	0.0
1.0,1.0	0.994,1.0	0.003
1.0,0.967	0.976,1.0	-0.004
1.0,0.991	0.988,1.0	0.002
1.0,0.981	0.994,0.977	0.005
1.0,1.0	1.0,0.939	0.03
1.0,0.988	1.0,1.0	-0.006
0.963,0.994	0.987,1.0	-0.015
1.0,0.807	1.0,1.0	-0.097
1.0,0.911	1.0,1.0	-0.044
1.0,1.0	0.939,1.0	0.03
0.997,0.998	1.0,0.998	-0.001
1.0,1.0	0.999,1.0	0.0
0.129,0.103	0.017,0.071	0.072
0.906,0.934	1.0,1.0	-0.08
0.935,0.969	0.987,0.967	-0.025
0.895,0.834	0.877,0.911	-0.029
1.0,1.0	0.983,1.0	0.008
0.908,0.908	0.738,0.797	0.14
NA,1.0	0.0,NA	1.0
0.989,1.0	1.0,0.939	0.025
0.992,1.0	1.0,1.0	-0.004
0.5,0.286	0.333,0.6	-0.074
1.0,1.0	1.0,0.943	0.028
0.971,1.0	1.0,1.0	-0.014
0.019,0.053	0.017,0.018	0.018
1.0,0.985	1.0,1.0	-0.008
0.92,0.919	0.953,0.768	0.059
1.0,0.999	1.0,1.0	-0.0
0.042,0.036	0.022,0.034	0.011
0.996,1.0	1.0,1.0	-0.002
1.0,1.0	0.995,1.0	0.002
1.0,0.996	1.0,1.0	-0.002
1.0,0.992	1.0,1.0	-0.004
1.0,0.998	1.0,1.0	-0.001
0.988,1.0	1.0,1.0	-0.006
0.997,1.0	1.0,1.0	-0.002
1.0,1.0	0.991,1.0	0.004
1.0,0.994	1.0,1.0	-0.003
0.976,0.987	0.988,0.982	-0.003
1.0,0.995	1.0,0.994	0.001
0.978,1.0	1.0,1.0	-0.011
0.233,0.187	0.408,0.389	-0.188
0.921,0.952	1.0,1.0	-0.064
0.961,0.976	1.0,1.0	-0.032
0.917,0.951	1.0,1.0	-0.066
0.935,0.971	0.864,0.836	0.103
0.004,0.0	0.0,0.0	0.002
0.476,0.7	0.148,0.401	0.313
0.993,1.0	1.0,1.0	-0.004
0.913,1.0	1.0,1.0	-0.043
0.942,0.888	0.913,1.0	-0.041
0.981,0.98	0.997,1.0	-0.018
0.996,1.0	1.0,1.0	-0.002
0.982,0.954	0.949,0.879	0.054
0.999,1.0	1.0,1.0	-0.0
1.0,0.948	1.0,1.0	-0.026
0.993,1.0	1.0,1.0	-0.004
0.994,0.995	1.0,1.0	-0.006
0.995,1.0	1.0,1.0	-0.002
0.345,0.324	0.291,0.506	-0.064
1.0,1.0	0.999,1.0	0.0
0.991,1.0	1.0,1.0	-0.004
0.828,0.711	0.366,0.067	0.553
0.995,1.0	1.0,1.0	-0.002
1.0,0.992	0.991,1.0	0.0
0.714,0.684	0.733,1.0	-0.167
1.0,1.0	0.995,1.0	0.002
0.999,0.999	0.999,1.0	-0.001
1.0,0.999	1.0,0.998	0.001
1.0,0.999	0.999,0.999	0.001
1.0,0.996	0.994,1.0	0.001
0.958,0.965	0.978,0.982	-0.018
0.974,0.99	0.969,0.993	0.001
1.0,1.0	1.0,1.0	0.0
1.0,0.991	1.0,1.0	-0.004
1.0,1.0	1.0,0.993	0.004
1.0,0.947	0.962,1.0	-0.007
1.0,0.965	0.98,1.0	-0.008
0.68,0.62	0.605,0.427	0.134
0.907,0.947	1.0,0.793	0.03
1.0,1.0	0.986,1.0	0.007
1.0,0.995	0.999,0.994	0.001
0.64,0.688	1.0,1.0	-0.336
0.17,0.181	0.272,0.156	-0.039
0.022,0.023	0.072,0.057	-0.042
1.0,1.0	0.989,1.0	0.006
0.993,0.995	0.989,1.0	-0.0
1.0,1.0	0.995,1.0	0.002
1.0,1.0	0.985,1.0	0.008
0.341,0.566	0.345,0.561	0.001
0.143,0.333	0.233,0.467	-0.112
0.993,0.996	1.0,0.98	0.004
0.952,0.947	0.989,0.967	-0.028
1.0,1.0	1.0,0.938	0.031
1.0,0.947	0.941,0.899	0.054
0.906,0.93	0.91,0.942	-0.008
0.998,1.0	1.0,0.99	0.004
1.0,1.0	0.984,1.0	0.008
0.965,0.98	0.988,1.0	-0.022
1.0,1.0	1.0,0.978	0.011
0.422,0.413	0.269,0.337	0.114
0.999,1.0	0.999,0.999	0.001
1.0,1.0	1.0,0.909	0.045
0.008,0.0	0.012,0.008	-0.006
0.289,0.654	0.802,1.0	-0.429
0.819,0.891	0.943,1.0	-0.117
1.0,0.963	1.0,1.0	-0.018
1.0,1.0	0.96,1.0	0.02
1.0,0.947	0.965,1.0	-0.009
0.842,0.921	0.85,0.971	-0.029
0.913,0.912	0.944,1.0	-0.059
0.987,1.0	0.987,1.0	0.0
0.986,0.99	1.0,1.0	-0.012
1.0,0.991	1.0,1.0	-0.004
0.996,0.995	0.997,1.0	-0.003
0.991,0.99	0.993,1.0	-0.006
1.0,0.998	1.0,1.0	-0.001
1.0,1.0	1.0,0.999	0.0
1.0,1.0	0.999,1.0	0.0
1.0,0.999	0.998,1.0	0.001
1.0,0.999	0.998,1.0	0.001
1.0,1.0	1.0,1.0	0.0
0.992,0.997	0.994,0.993	0.001
1.0,1.0	0.971,1.0	0.014
1.0,1.0	0.989,1.0	0.006
0.988,1.0	1.0,1.0	-0.006
0.992,1.0	1.0,1.0	-0.004
0.116,0.079	0.076,0.243	-0.062
0.176,0.138	0.067,0.194	0.026
0.99,0.988	0.983,1.0	-0.003
1.0,1.0	1.0,0.996	0.002
1.0,1.0	1.0,1.0	0.0
0.993,1.0	1.0,1.0	-0.004
0.981,1.0	1.0,1.0	-0.01
1.0,1.0	1.0,1.0	0.0
1.0,1.0	1.0,0.714	0.143
1.0,NA	1.0,0.2	0.4
0.999,1.0	1.0,1.0	-0.0
0.345,0.331	0.267,0.346	0.031
0.153,0.237	0.106,0.148	0.068
1.0,1.0	0.974,1.0	0.013
1.0,1.0	0.87,0.92	0.105
1.0,1.0	0.997,1.0	0.002
1.0,1.0	0.992,1.0	0.004
0.867,0.9	1.0,1.0	-0.117
0.8,0.81	1.0,1.0	-0.195
1.0,1.0	0.995,0.995	0.005
0.0,0.0	0.009,0.0	-0.004
0.973,1.0	1.0,1.0	-0.014
0.999,0.999	0.999,1.0	-0.001
0.998,1.0	0.995,1.0	0.001
0.996,1.0	0.989,1.0	0.004
0.973,1.0	1.0,1.0	-0.014
0.976,0.959	1.0,0.935	0.0
0.996,1.0	1.0,1.0	-0.002
0.987,1.0	1.0,1.0	-0.006
1.0,1.0	0.955,1.0	0.022
1.0,1.0	1.0,0.921	0.039
0.953,0.954	0.95,0.942	0.008
1.0,0.991	1.0,1.0	-0.004
1.0,1.0	1.0,0.999	0.0
0.999,0.999	0.999,0.999	0.0
0.982,0.977	0.988,0.991	-0.01
1.0,0.991	1.0,0.989	0.001
1.0,0.993	1.0,1.0	-0.004
1.0,0.913	1.0,1.0	-0.043
0.992,1.0	1.0,1.0	-0.004
1.0,0.987	1.0,1.0	-0.006
0.972,1.0	1.0,1.0	-0.014
0.964,1.0	1.0,1.0	-0.018
0.992,0.985	0.985,1.0	-0.004
0.984,0.991	1.0,0.983	-0.004
0.983,1.0	0.991,0.984	0.004
NA,1.0	1.0,0.0	0.5
0.926,0.904	0.872,1.0	-0.021
0.024,0.007	0.003,0.0	0.014
0.993,0.962	0.992,1.0	-0.018
1.0,1.0	0.998,1.0	0.001
1.0,0.967	1.0,1.0	-0.016
1.0,0.961	1.0,1.0	-0.02
1.0,0.998	1.0,1.0	-0.001
0.388,0.69	0.781,0.697	-0.2
0.564,0.822	0.815,0.819	-0.124
0.506,0.772	0.814,0.797	-0.166
1.0,1.0	0.934,1.0	0.033
1.0,0.977	1.0,1.0	-0.012
1.0,0.977	1.0,1.0	-0.012
1.0,0.998	1.0,1.0	-0.001
0.0,0.003	0.0,0.0	0.002
0.99,0.98	1.0,1.0	-0.015
1.0,1.0	1.0,0.996	0.002
0.986,1.0	1.0,1.0	-0.007
0.991,1.0	1.0,1.0	-0.004
1.0,1.0	0.996,1.0	0.002
1.0,1.0	1.0,0.97	0.015
0.957,0.982	0.959,1.0	-0.01
0.997,1.0	0.986,1.0	0.005
1.0,0.972	1.0,0.865	0.053
1.0,1.0	1.0,0.978	0.011
1.0,1.0	1.0,0.998	0.001
1.0,1.0	0.537,1.0	0.232
0.997,0.999	0.998,0.997	0.0
0.982,1.0	1.0,1.0	-0.009
0.995,1.0	1.0,1.0	-0.002
1.0,0.999	1.0,1.0	-0.0
0.992,0.99	0.993,1.0	-0.005
1.0,0.996	1.0,1.0	-0.002
1.0,1.0	1.0,0.972	0.014
NA,0.0	1.0,NA	-1.0
0.912,0.927	0.961,0.937	-0.03
1.0,0.781	1.0,1.0	-0.109
1.0,1.0	1.0,0.987	0.006
0.751,0.744	1.0,0.819	-0.162
1.0,1.0	0.976,1.0	0.012
1.0,1.0	0.963,1.0	0.018
0.983,1.0	1.0,1.0	-0.008
0.943,0.945	0.903,0.977	0.004
1.0,1.0	1.0,0.725	0.137
0.985,0.991	0.996,1.0	-0.01
0.98,0.988	0.994,1.0	-0.013
1.0,0.998	1.0,1.0	-0.001
1.0,0.995	1.0,0.996	-0.0
0.714,0.889	0.939,0.793	-0.065
1.0,1.0	0.991,1.0	0.004
1.0,0.985	1.0,1.0	-0.008
1.0,1.0	0.992,1.0	0.004
1.0,1.0	0.995,1.0	0.002
0.432,0.45	0.348,0.347	0.094
1.0,1.0	1.0,0.987	0.006
1.0,0.985	0.992,1.0	-0.004
1.0,1.0	0.993,0.996	0.006
1.0,1.0	0.999,1.0	0.0
0.832,0.974	0.939,1.0	-0.067
1.0,1.0	0.999,0.998	0.002
0.993,0.994	0.976,0.976	0.018
0.964,0.983	0.985,1.0	-0.019
0.994,0.994	0.981,0.981	0.013
0.971,0.985	0.988,1.0	-0.016
1.0,0.981	0.939,0.927	0.057
1.0,1.0	0.997,1.0	0.002
1.0,1.0	1.0,1.0	0.0
1.0,0.938	0.882,0.778	0.139
0.015,0.018	0.02,0.02	-0.003
1.0,0.986	1.0,0.987	-0.001
1.0,1.0	0.982,1.0	0.009
0.994,1.0	1.0,1.0	-0.003
1.0,1.0	0.998,1.0	0.001
0.976,1.0	1.0,1.0	-0.012
0.976,1.0	1.0,1.0	-0.012
0.003,0.004	0.002,0.005	0.0
1.0,0.992	1.0,0.986	0.003
1.0,0.988	1.0,1.0	-0.006
0.941,0.969	0.99,1.0	-0.04
0.853,0.937	0.972,1.0	-0.091
0.982,0.959	1.0,0.984	-0.022
1.0,0.766	0.909,1.0	-0.072
0.254,0.309	0.208,0.285	0.035
0.977,1.0	1.0,1.0	-0.012
1.0,0.997	1.0,1.0	-0.002
0.117,0.0	0.307,0.142	-0.166
1.0,0.999	1.0,1.0	-0.0
1.0,1.0	0.997,0.994	0.004
1.0,0.998	1.0,1.0	-0.001
0.998,1.0	1.0,1.0	-0.001
0.995,0.993	0.995,1.0	-0.004
0.998,1.0	0.995,0.99	0.007
0.965,0.954	0.936,0.946	0.018
1.0,0.989	1.0,0.968	0.01
1.0,0.994	1.0,0.985	0.005
1.0,1.0	1.0,0.977	0.012
0.954,0.984	0.964,0.952	0.011
0.97,0.99	0.995,0.991	-0.013
1.0,0.996	1.0,1.0	-0.002
1.0,1.0	0.997,1.0	0.002
1.0,1.0	1.0,0.987	0.006
0.995,0.999	0.998,0.993	0.001
0.996,0.999	0.999,0.995	0.001
0.191,0.413	0.209,0.0	0.198
1.0,0.996	1.0,1.0	-0.002
1.0,0.998	1.0,1.0	-0.001
1.0,0.997	1.0,1.0	-0.002
1.0,0.969	0.995,0.979	-0.003
1.0,1.0	0.988,1.0	0.006
0.979,0.989	0.989,1.0	-0.01
1.0,1.0	0.964,1.0	0.018
0.996,1.0	1.0,1.0	-0.002
0.969,0.977	0.956,0.938	0.026
1.0,0.984	1.0,1.0	-0.008
1.0,1.0	0.333,1.0	0.334
1.0,1.0	0.667,1.0	0.166
0.09,0.07	0.083,0.101	-0.012
0.03,0.038	0.061,0.094	-0.043
1.0,0.97	1.0,1.0	-0.015
0.999,1.0	1.0,1.0	-0.0
0.767,0.74	0.771,0.867	-0.065
1.0,0.977	0.975,0.987	0.007
1.0,0.966	0.967,0.982	0.009
1.0,1.0	0.995,1.0	0.002
1.0,1.0	0.538,0.778	0.342
0.993,1.0	0.995,1.0	-0.001
0.99,1.0	1.0,1.0	-0.005
0.989,1.0	1.0,1.0	-0.006
0.986,0.996	0.989,1.0	-0.003
0.907,1.0	0.929,0.889	0.044
0.038,0.096	0.051,0.07	0.007
0.998,1.0	0.998,1.0	0.0
0.996,0.999	0.997,1.0	-0.001
0.982,0.99	1.0,1.0	-0.014
0.991,1.0	1.0,1.0	-0.004
1.0,0.956	1.0,1.0	-0.022
0.964,0.95	0.964,0.957	-0.003
0.996,0.994	1.0,1.0	-0.005
1.0,0.999	0.998,1.0	0.001
0.998,1.0	1.0,1.0	-0.001
1.0,0.994	0.996,1.0	-0.001
1.0,0.996	0.998,0.995	0.002
1.0,0.98	1.0,0.978	0.001
0.941,1.0	0.959,1.0	-0.009
0.049,0.006	0.029,0.039	-0.007
1.0,1.0	1.0,0.99	0.005
0.938,1.0	0.958,1.0	-0.01
1.0,0.941	0.96,1.0	-0.01
0.991,0.994	1.0,0.996	-0.006
0.991,1.0	1.0,1.0	-0.004
1.0,1.0	0.99,1.0	0.005
1.0,1.0	0.978,1.0	0.011
1.0,1.0	0.978,1.0	0.011
0.045,0.087	0.02,0.0	0.056
0.064,0.067	0.075,0.078	-0.011
1.0,1.0	0.849,1.0	0.076
1.0,0.988	1.0,1.0	-0.006
0.946,0.949	1.0,1.0	-0.052
0.961,0.956	1.0,1.0	-0.042
0.931,0.871	1.0,1.0	-0.099
0.261,0.211	0.378,0.551	-0.229
0.996,0.999	0.998,0.995	0.001
0.983,1.0	0.921,1.0	0.031
1.0,0.995	1.0,1.0	-0.002
0.126,0.111	0.11,0.095	0.016
0.985,1.0	1.0,1.0	-0.008
0.946,0.972	0.974,1.0	-0.028
0.978,0.911	0.834,1.0	0.027
0.945,0.784	0.663,1.0	0.033
0.99,0.992	0.894,0.963	0.062
1.0,0.991	0.995,1.0	-0.002
1.0,1.0	0.994,1.0	0.003
1.0,1.0	0.99,1.0	0.005
1.0,0.993	1.0,1.0	-0.004
0.986,1.0	0.988,1.0	-0.001
0.886,0.816	0.919,0.97	-0.094
0.983,0.948	0.921,0.927	0.041
1.0,1.0	0.998,1.0	0.001
0.998,1.0	1.0,1.0	-0.001
0.092,0.108	0.085,0.107	0.004
0.07,0.092	0.078,0.094	-0.005
0.977,1.0	1.0,1.0	-0.012
1.0,1.0	1.0,0.932	0.034
0.313,0.418	0.0,0.193	0.269
0.973,0.968	0.985,1.0	-0.022
0.964,0.956	0.955,1.0	-0.018
0.291,0.381	0.711,1.0	-0.519
0.992,1.0	1.0,1.0	-0.004
0.092,0.075	0.098,0.122	-0.027
0.99,0.986	0.987,0.973	0.008
0.987,0.954	0.987,1.0	-0.023
0.263,0.0	0.0,0.0	0.132
1.0,0.998	1.0,1.0	-0.001
1.0,0.995	0.999,1.0	-0.002
0.012,0.0	0.013,0.032	-0.017
1.0,0.944	1.0,1.0	-0.028
0.982,1.0	1.0,1.0	-0.009
0.967,1.0	1.0,1.0	-0.016
0.919,1.0	1.0,1.0	-0.04
1.0,0.975	0.971,1.0	0.002
1.0,0.922	0.95,1.0	-0.014
1.0,0.9	1.0,1.0	-0.05
1.0,0.992	1.0,1.0	-0.004
0.982,0.984	0.93,0.908	0.064
1.0,0.992	1.0,1.0	-0.004
0.985,0.975	0.992,1.0	-0.016
0.976,0.96	0.988,1.0	-0.026
1.0,0.984	1.0,1.0	-0.008
1.0,0.882	1.0,1.0	-0.059
1.0,1.0	1.0,0.988	0.006
1.0,1.0	1.0,0.986	0.007
0.081,0.095	0.027,0.043	0.053
1.0,0.997	1.0,1.0	-0.002
0.846,0.839	0.82,0.867	-0.001
1.0,0.994	1.0,1.0	-0.003
0.142,0.0	0.0,0.0	0.071
0.069,0.119	0.091,0.111	-0.007
0.998,1.0	1.0,1.0	-0.001
0.997,1.0	1.0,1.0	-0.002
1.0,0.996	1.0,1.0	-0.002
0.004,0.003	0.003,0.0	0.002
0.935,0.909	0.947,0.981	-0.042
0.031,0.023	0.046,0.012	-0.002
1.0,1.0	0.973,1.0	0.014
1.0,0.983	1.0,0.986	-0.001
1.0,1.0	1.0,0.996	0.002
1.0,0.989	0.983,1.0	0.003
0.929,0.92	0.796,0.786	0.134
0.936,0.832	0.774,1.0	-0.003
1.0,1.0	0.966,1.0	0.017
0.329,0.357	0.43,0.625	-0.184
0.575,0.561	0.671,0.769	-0.152
0.964,1.0	0.946,0.883	0.068
1.0,0.988	0.968,1.0	0.01
0.974,1.0	1.0,1.0	-0.013
0.973,1.0	1.0,1.0	-0.014
0.931,0.923	0.976,1.0	-0.061
0.989,1.0	1.0,1.0	-0.006
0.11,0.191	0.275,0.326	-0.15
0.986,1.0	1.0,1.0	-0.007
0.992,1.0	1.0,1.0	-0.004
1.0,1.0	0.957,0.9	0.072
1.0,1.0	1.0,0.996	0.002
0.172,0.216	0.142,0.216	0.015
0.122,0.168	0.073,0.143	0.037
1.0,1.0	1.0,1.0	0.0
0.973,0.996	0.991,1.0	-0.011
0.982,0.998	0.994,1.0	-0.007
0.974,0.996	0.992,1.0	-0.011
0.974,0.996	0.991,1.0	-0.011
0.978,0.997	0.993,1.0	-0.009
0.997,0.998	0.998,1.0	-0.001
0.967,0.987	0.973,1.0	-0.009
1.0,0.998	1.0,1.0	-0.001
0.875,0.967	0.789,0.864	0.095
1.0,1.0	0.98,1.0	0.01
1.0,0.997	1.0,1.0	-0.002
0.213,0.0	1.0,0.213	-0.5
1.0,0.994	1.0,1.0	-0.003
1.0,0.982	1.0,0.985	-0.001
1.0,0.999	1.0,1.0	-0.0
0.998,1.0	1.0,0.996	0.001
0.75,0.684	0.81,0.889	-0.132
0.985,0.969	0.98,0.976	-0.001
0.99,0.98	0.986,0.984	0.0
0.425,0.921	0.784,0.491	0.036
1.0,0.999	1.0,1.0	-0.0
0.991,1.0	0.972,1.0	0.01
0.925,0.851	0.934,1.0	-0.079
0.993,0.981	0.994,1.0	-0.01
0.985,0.948	1.0,1.0	-0.034
0.814,1.0	0.94,1.0	-0.063
1.0,0.995	1.0,1.0	-0.002
1.0,1.0	0.94,1.0	0.03
1.0,1.0	0.95,1.0	0.025
1.0,0.993	1.0,1.0	-0.004
0.995,1.0	0.994,0.988	0.007
0.904,0.93	0.88,0.799	0.078
NA,1.0	0.637,1.0	0.181
1.0,1.0	0.987,1.0	0.006
1.0,1.0	0.989,1.0	0.006
1.0,0.996	0.987,0.963	0.023
0.992,1.0	1.0,1.0	-0.004
0.848,0.855	0.932,0.967	-0.098
0.998,1.0	1.0,1.0	-0.001
1.0,0.972	1.0,1.0	-0.014
1.0,0.992	1.0,1.0	-0.004
1.0,1.0	0.998,1.0	0.001
1.0,0.998	1.0,1.0	-0.001
0.997,0.998	0.995,1.0	0.0
0.443,0.59	0.714,0.548	-0.115
0.57,0.692	0.806,0.667	-0.106
0.477,0.619	0.714,0.548	-0.083
1.0,1.0	1.0,0.996	0.002
1.0,1.0	0.997,1.0	0.002
0.797,0.806	0.937,0.708	-0.021
0.0,0.003	0.0,0.0	0.002
1.0,0.988	0.967,0.953	0.034
1.0,1.0	0.989,1.0	0.006
0.977,1.0	1.0,1.0	-0.012
0.988,1.0	1.0,1.0	-0.006
0.013,0.027	0.009,0.019	0.006
0.933,0.848	0.684,0.68	0.209
1.0,0.99	1.0,1.0	-0.005
1.0,1.0	1.0,0.929	0.035
1.0,1.0	0.999,1.0	0.0
0.988,0.986	1.0,1.0	-0.013
1.0,1.0	1.0,0.963	0.018
1.0,1.0	1.0,0.895	0.052
0.947,0.918	0.964,0.956	-0.027
1.0,0.993	1.0,1.0	-0.004
0.895,0.846	0.684,1.0	0.028
0.91,0.938	0.783,1.0	0.032
0.947,0.949	0.842,1.0	0.027
0.071,0.029	0.0,0.078	0.011
0.875,1.0	1.0,1.0	-0.062
0.86,1.0	1.0,1.0	-0.07
1.0,0.989	1.0,1.0	-0.006
1.0,0.996	1.0,1.0	-0.002
0.967,0.927	0.976,1.0	-0.041
1.0,1.0	0.984,1.0	0.008
0.996,1.0	0.996,0.994	0.003
1.0,1.0	0.943,1.0	0.028
0.683,0.636	0.824,0.748	-0.127
0.884,0.967	1.0,1.0	-0.075
0.071,0.079	0.045,0.05	0.027
0.318,0.348	0.374,0.337	-0.023
0.887,0.858	0.781,0.739	0.113
0.354,0.388	0.429,0.384	-0.035
0.908,0.868	0.93,0.91	-0.032
1.0,0.987	0.987,0.904	0.048
0.991,1.0	1.0,1.0	-0.004
0.997,0.998	1.0,1.0	-0.002
1.0,1.0	1.0,0.984	0.008
1.0,1.0	0.993,1.0	0.004
1.0,0.995	0.992,1.0	0.002
1.0,1.0	1.0,0.997	0.002
0.212,0.177	0.218,0.243	-0.036
0.126,0.064	0.068,0.034	0.044
1.0,0.996	1.0,1.0	-0.002
0.984,1.0	1.0,1.0	-0.008
0.508,0.402	0.484,0.626	-0.1
0.807,0.784	0.839,0.904	-0.076
1.0,1.0	0.991,1.0	0.004
1.0,1.0	0.974,1.0	0.013
0.351,0.355	0.377,0.371	-0.021
1.0,0.992	1.0,0.989	0.002
0.918,0.979	0.989,0.969	-0.03
0.96,0.957	0.948,0.942	0.013
1.0,1.0	0.99,1.0	0.005
1.0,1.0	0.981,1.0	0.01
0.949,0.946	0.974,0.962	-0.02
0.977,0.97	0.948,0.959	0.02
0.998,0.999	1.0,1.0	-0.002
0.078,0.205	0.114,0.0	0.084
0.582,0.845	0.788,0.834	-0.097
0.394,0.706	0.622,0.711	-0.116
0.98,0.987	0.966,1.0	0.001
1.0,0.93	1.0,1.0	-0.035
1.0,0.994	1.0,1.0	-0.003
0.982,1.0	1.0,1.0	-0.009
0.984,0.987	1.0,1.0	-0.014
0.968,0.976	1.0,1.0	-0.028
0.928,1.0	0.97,0.956	0.001
1.0,1.0	0.981,0.954	0.032
0.033,0.014	0.005,0.0	0.021
0.991,1.0	1.0,1.0	-0.004
0.954,1.0	1.0,1.0	-0.023
0.993,1.0	1.0,1.0	-0.004
1.0,0.994	1.0,1.0	-0.003
0.986,0.957	1.0,1.0	-0.028
0.917,0.778	1.0,1.0	-0.152
0.995,1.0	1.0,1.0	-0.002
1.0,0.991	1.0,1.0	-0.004
0.195,0.144	0.061,0.095	0.091
1.0,0.997	1.0,1.0	-0.002
1.0,0.973	1.0,1.0	-0.014
0.981,0.986	1.0,1.0	-0.016
1.0,0.997	1.0,1.0	-0.002
0.991,1.0	0.997,1.0	-0.003
1.0,1.0	0.986,1.0	0.007
0.995,1.0	0.995,1.0	0.0
0.995,1.0	1.0,0.994	0.001
1.0,0.996	1.0,1.0	-0.002
1.0,0.997	1.0,1.0	-0.002
1.0,1.0	0.984,1.0	0.008
NA,0.0	0.357,NA	-0.357
1.0,0.986	1.0,1.0	-0.007
0.872,0.86	0.861,0.864	0.003
0.322,0.282	0.201,0.081	0.161
0.163,0.172	0.09,0.051	0.097
0.044,0.122	0.237,0.151	-0.111
0.988,1.0	0.986,0.966	0.018
0.998,1.0	1.0,1.0	-0.001
0.882,1.0	0.979,1.0	-0.048
1.0,0.928	0.978,1.0	-0.025
0.778,0.892	0.808,1.0	-0.069
0.877,0.935	0.831,1.0	-0.009
0.964,1.0	1.0,1.0	-0.018
0.009,0.01	0.01,0.002	0.003
0.289,0.312	0.104,NA	0.197
0.996,0.997	1.0,1.0	-0.004
1.0,1.0	1.0,0.995	0.002
0.998,1.0	0.995,1.0	0.001
1.0,1.0	0.983,1.0	0.008
1.0,1.0	1.0,0.959	0.02
0.996,1.0	1.0,1.0	-0.002
1.0,1.0	1.0,0.993	0.004
0.832,1.0	1.0,1.0	-0.084
0.999,1.0	1.0,1.0	-0.0
1.0,1.0	0.999,1.0	0.0
1.0,0.978	1.0,1.0	-0.011
0.118,0.136	0.168,0.219	-0.067
0.996,1.0	1.0,1.0	-0.002
1.0,1.0	0.994,1.0	0.003
1.0,0.978	0.913,1.0	0.032
1.0,0.995	1.0,1.0	-0.002
1.0,0.987	1.0,1.0	-0.006
1.0,1.0	1.0,1.0	0.0
NA,1.0	0.183,NA	0.817
0.999,1.0	1.0,1.0	-0.0
1.0,0.999	1.0,1.0	-0.0
0.969,0.98	0.947,0.897	0.052
1.0,1.0	0.986,0.981	0.016
0.99,1.0	1.0,1.0	-0.005
1.0,0.998	1.0,1.0	-0.001
0.393,0.374	0.299,0.358	0.055
1.0,0.987	1.0,1.0	-0.006
1.0,0.998	0.999,1.0	-0.001
1.0,1.0	0.998,0.994	0.004
1.0,1.0	0.998,0.994	0.004
0.989,0.995	0.996,0.997	-0.004
0.782,0.723	0.723,0.738	0.022
0.998,0.993	0.994,1.0	-0.001
1.0,0.999	1.0,1.0	-0.0
0.998,0.997	1.0,1.0	-0.002
0.994,0.991	0.991,0.992	0.001
0.455,0.4	0.455,0.429	-0.015
1.0,1.0	1.0,0.986	0.007
0.998,0.997	1.0,1.0	-0.002
0.984,1.0	1.0,1.0	-0.008
0.883,1.0	0.806,1.0	0.038
1.0,1.0	1.0,0.989	0.006
1.0,0.954	0.957,0.939	0.029
0.31,0.163	0.755,0.755	-0.518
0.068,0.075	0.067,0.069	0.004
0.999,1.0	1.0,0.999	0.0
0.994,1.0	1.0,0.969	0.013
1.0,1.0	1.0,1.0	0.0
1.0,0.995	1.0,1.0	-0.002
1.0,0.997	1.0,1.0	-0.002
0.975,1.0	1.0,1.0	-0.012
0.992,1.0	1.0,1.0	-0.004
0.57,0.861	1.0,1.0	-0.284
0.692,0.915	1.0,1.0	-0.197
0.454,0.812	1.0,1.0	-0.367
1.0,1.0	0.96,0.968	0.036
1.0,1.0	0.859,0.875	0.133
0.001,0.006	0.006,0.009	-0.004
0.92,0.851	0.92,0.924	-0.037
0.949,0.875	0.936,0.939	-0.026
0.964,0.905	0.947,0.953	-0.015
0.98,1.0	1.0,1.0	-0.01
1.0,0.991	1.0,1.0	-0.004
0.995,0.991	0.998,0.996	-0.004
1.0,0.985	1.0,1.0	-0.008
1.0,0.994	0.997,1.0	-0.001
0.993,1.0	1.0,1.0	-0.004
1.0,1.0	1.0,1.0	0.0
1.0,1.0	1.0,1.0	0.0
0.994,1.0	1.0,1.0	-0.003
0.0,0.006	0.0,0.0	0.003
1.0,0.994	1.0,1.0	-0.003
NA,1.0	0.727,0.0	0.637
1.0,NA	1.0,0.6	0.2
1.0,0.992	0.994,0.991	0.004
1.0,1.0	0.987,1.0	0.006
1.0,1.0	0.993,1.0	0.004
0.984,1.0	1.0,1.0	-0.008
1.0,1.0	0.997,1.0	0.002
0.008,0.006	0.012,0.0	0.001
0.996,0.979	1.0,1.0	-0.012
0.997,1.0	1.0,1.0	-0.002
0.997,1.0	1.0,1.0	-0.002
1.0,1.0	0.946,1.0	0.027
1.0,1.0	1.0,0.978	0.011
0.978,1.0	1.0,1.0	-0.011
1.0,0.988	1.0,0.995	-0.004
0.889,0.912	0.878,0.956	-0.016
0.113,0.173	0.161,1.0	-0.438
1.0,0.994	0.992,1.0	0.001
0.643,0.61	0.535,0.533	0.093
0.86,0.847	0.88,1.0	-0.087
0.795,0.786	0.81,1.0	-0.115
1.0,1.0	0.997,1.0	0.002
1.0,0.994	0.989,1.0	0.003
1.0,1.0	0.99,1.0	0.005
0.997,1.0	1.0,0.994	0.001
0.993,1.0	1.0,1.0	-0.004
1.0,0.972	1.0,1.0	-0.014
0.915,1.0	1.0,1.0	-0.042
0.989,0.988	1.0,0.988	-0.006
0.983,0.91	1.0,1.0	-0.053
0.545,0.324	0.94,0.375	-0.223
0.886,0.375	0.833,0.545	-0.058
1.0,1.0	0.999,1.0	0.0
0.998,0.999	0.995,1.0	0.001
1.0,1.0	0.998,1.0	0.001
0.959,1.0	0.974,1.0	-0.007
0.992,0.979	0.99,1.0	-0.009
0.9,1.0	1.0,1.0	-0.05
0.875,1.0	1.0,1.0	-0.062
0.714,1.0	1.0,NA	-0.143
0.121,0.105	0.091,0.135	-0.0
1.0,0.992	1.0,1.0	-0.004
1.0,1.0	1.0,0.956	0.022
0.186,1.0	1.0,1.0	-0.407
1.0,0.991	0.991,1.0	0.0
0.968,0.96	0.949,0.982	-0.002
0.841,1.0	1.0,1.0	-0.08
0.995,1.0	1.0,1.0	-0.002
1.0,0.996	1.0,1.0	-0.002
0.995,1.0	1.0,1.0	-0.002
1.0,0.993	1.0,1.0	-0.004
1.0,1.0	0.956,1.0	0.022
0.994,0.998	1.0,1.0	-0.004
0.998,1.0	1.0,1.0	-0.001
1.0,1.0	0.993,1.0	0.004
0.016,0.009	0.005,0.003	0.009
0.967,0.978	0.996,1.0	-0.026
1.0,1.0	0.989,1.0	0.006
0.972,1.0	1.0,1.0	-0.014
0.991,1.0	0.996,1.0	-0.002
0.996,1.0	0.998,1.0	-0.001
0.981,1.0	1.0,1.0	-0.01
0.997,0.999	1.0,1.0	-0.002
1.0,0.991	1.0,1.0	-0.004
0.999,1.0	1.0,1.0	-0.0
0.991,0.992	1.0,1.0	-0.008
0.771,0.68	0.5,0.636	0.157
1.0,0.973	1.0,0.916	0.028
0.978,0.991	0.997,0.994	-0.011
0.996,0.997	1.0,1.0	-0.004
0.944,0.962	0.963,0.879	0.032
0.97,0.89	0.972,0.93	-0.021
1.0,1.0	0.873,0.632	0.248
1.0,1.0	0.939,0.765	0.148
1.0,1.0	0.924,1.0	0.038
0.868,0.97	0.935,0.923	-0.01
0.998,1.0	1.0,1.0	-0.001
0.995,1.0	1.0,1.0	-0.002
1.0,0.997	0.993,1.0	0.002
0.978,1.0	1.0,1.0	-0.011
0.951,1.0	1.0,1.0	-0.024
0.852,1.0	1.0,1.0	-0.074
0.404,0.536	0.323,0.349	0.134
0.333,1.0	1.0,1.0	-0.334
0.137,0.35	0.159,0.143	0.092
1.0,0.998	1.0,1.0	-0.001
1.0,1.0	0.952,1.0	0.024
0.979,0.987	1.0,1.0	-0.017
0.995,0.998	0.998,0.996	-0.001
1.0,1.0	0.974,1.0	0.013
0.323,0.274	0.409,0.403	-0.108
0.988,0.989	1.0,1.0	-0.012
0.988,1.0	1.0,1.0	-0.006
0.512,0.701	0.702,0.84	-0.164
0.524,0.726	0.696,0.84	-0.143
0.18,0.072	0.084,0.053	0.057
0.0,0.0	0.0,0.048	-0.024
0.968,0.949	0.819,0.841	0.128
0.86,0.909	1.0,1.0	-0.115
1.0,1.0	0.891,0.849	0.13
0.996,1.0	1.0,1.0	-0.002
0.184,0.254	0.313,0.312	-0.093
1.0,0.982	1.0,1.0	-0.009
0.98,0.975	0.905,0.932	0.059
0.935,0.881	0.944,0.986	-0.057
0.958,0.966	0.953,1.0	-0.014
0.0,0.018	0.143,0.0	-0.062
1.0,0.971	1.0,1.0	-0.014
0.99,1.0	1.0,1.0	-0.005
0.972,1.0	1.0,1.0	-0.014
1.0,1.0	0.985,1.0	0.008
0.0,0.019	0.0,0.019	0.0
0.993,1.0	1.0,1.0	-0.004
0.994,1.0	1.0,1.0	-0.003
0.993,1.0	1.0,1.0	-0.004
0.996,1.0	1.0,1.0	-0.002
1.0,0.86	0.975,0.896	-0.006
1.0,1.0	0.962,1.0	0.019
1.0,1.0	0.81,1.0	0.095
1.0,1.0	0.969,1.0	0.016
0.956,1.0	1.0,1.0	-0.022
0.98,1.0	1.0,1.0	-0.01
0.391,0.53	0.339,0.346	0.118
0.376,0.475	0.285,0.252	0.157
1.0,1.0	0.967,1.0	0.016
1.0,0.991	1.0,1.0	-0.004
0.862,0.951	0.916,0.888	0.004
0.937,0.979	0.972,0.942	0.001
1.0,0.996	1.0,1.0	-0.002
0.446,0.363	0.237,0.346	0.113
1.0,1.0	1.0,0.999	0.0
1.0,1.0	1.0,1.0	0.0
1.0,1.0	1.0,0.999	0.0
