ID	IJC_SAMPLE_1	SJC_SAMPLE_1	IJC_SAMPLE_2	SJC_SAMPLE_2	IncFormLen	SkipFormLen
3	57,55	2,0	81,71,75,116	1,0,0,2	291	149
5	2,4	0,0	4,0,1,4	1,0,2,0	208	149
8	0,0	18,11	0,2,0,0	13,11,22,22	200	149
9	5,13	2,0	13,17,13,19	4,0,1,1	184	149
10	0,2	55,70	4,2,2,2	38,38,66,88	298	149
11	0,1	1,0	2,0,5,0	3,0,1,0	220	149
13	75,73	3,4	83,60,94,119	2,0,1,2	283	149
14	16,12	1,7	2,7,2,3	0,2,2,0	298	149
15	2,0	1,0	0,1,4,2	4,0,0,3	242	149
16	0,0	1,0	0,0,1,1	3,1,3,3	298	149
18	0,0	1,0	0,0,1,1	3,1,3,3	184	149
19	19,15	1,0	28,30,14,24	0,0,0,0	155	149
20	3,2	73,45	0,0,3,1	42,57,63,91	298	149
21	192,209	21,19	189,178,233,260	28,24,43,56	170	149
22	38,54	21,19	52,49,40,53	28,24,43,56	236	149
23	3,3	157,158	7,5,0,13	144,134,193,220	215	149
24	4,7	1,0	16,7,3,12	1,1,5,5	153	149
25	99,136	0,1	111,117,129,166	0,3,0,0	152	149
26	1,0	47,45	0,4,0,0	71,44,43,74	293	149
28	311,314	1,4	231,242,378,430	0,0,0,0	161	149
29	14,12	26,22	6,3,4,2	34,31,31,67	179	149
30	1,0	153,108	2,0,2,0	79,97,105,109	298	149
31	12,14	156,115	14,12,6,20	79,102,114,102	188	149
32	0,0	15,23	2,7,2,1	24,15,21,14	298	149
33	2,2	93,107	2,4,5,4	69,86,94,107	298	149
34	2,3	38,27	5,3,4,2	33,50,50,52	161	149
35	45,38	4,1	26,20,41,61	6,2,5,1	298	149
36	2,1	287,272	0,4,1,3	289,279,300,404	188	149
37	32,28	2,5	21,22,35,54	0,1,4,6	268	149
38	60,82	4,3	78,51,64,117	4,1,3,3	161	149
40	0,0	29,33	0,3,3,7	23,42,82,86	298	149
41	2,3	84,127	13,8,8,12	70,59,96,96	177	149
42	15,29	73,65	24,16,21,35	38,51,59,87	298	149
43	7,2	108,112	5,1,7,1	111,122,99,135	157	149
44	0,0	2,2	3,4,2,8	0,1,0,0	298	149
46	38,25	0,0	15,21,33,33	2,0,0,0	298	149
50	57,69	0,0	80,48,58,74	0,1,0,0	170	149
51	91,86	2,5	104,105,122,141	0,0,0,4	298	149
52	31,30	49,50	26,22,27,46	36,35,27,72	268	149
53	245,302	6,5	236,308,231,263	21,22,28,19	298	149
54	0,0	52,62	3,1,0,0	22,28,37,108	298	149
55	120,126	0,0	87,88,91,160	0,0,1,0	157	149
56	2,4	105,99	1,1,0,0	90,75,86,147	151	149
57	15,24	71,53	20,5,13,7	84,93,72,111	204	149
58	11,12	6,9	18,7,12,6	7,15,17,26	204	149
59	2,1	249,262	4,2,0,2	277,278,199,369	298	149
60	22,17	4,1	7,11,20,21	7,0,4,15	169	149
61	2,4	0,2	8,5,4,3	0,0,0,0	153	149
62	10,6	5,9	3,0,1,2	15,20,21,15	161	149
63	15,12	0,2	17,17,21,25	0,0,0,0	190	149
64	13,6	61,64	4,1,10,5	47,54,82,114	167	149
65	0,0	121,136	3,0,2,3	111,80,131,141	157	149
66	11,14	30,36	2,8,3,11	36,30,38,47	298	149
67	5,14	6,16	14,7,8,3	15,15,21,19	233	149
69	2,1	2,1	3,1,3,1	1,0,0,0	298	149
70	13,3	1,0	8,5,3,23	0,0,5,0	298	149
71	23,21	1,0	18,15,14,38	0,0,5,0	298	149
73	32,31	2,4	33,28,36,34	5,4,4,3	298	149
74	5,13	528,592	24,21,14,16	519,524,415,672	153	149
75	43,46	3,0	51,38,38,62	0,0,0,0	292	149
76	0,0	9,15	0,0,0,1	9,7,1,21	177	149
77	11,15	2,11	9,7,1,22	15,10,6,7	278	149
78	4,3	0,1	2,2,0,2	1,3,2,4	181	149
80	3,8	924,948	2,7,6,8	1072,997,963,1261	153	149
81	204,180	0,4	253,253,226,266	1,0,0,0	298	149
83	7,2	296,303	12,8,6,9	295,333,318,383	152	149
84	0,1	0,0	2,1,3,1	0,0,0,1	161	149
85	9,6	138,185	5,9,7,4	173,133,161,188	298	149
86	3,1	1,3	3,2,5,4	3,4,1,3	167	149
87	5,7	1,3	12,16,15,23	3,4,1,3	209	149
89	284,332	2,2	372,330,285,386	1,0,0,2	189	149
90	42,42	1,4	56,59,60,58	0,0,2,0	298	149
92	0,0	22,31	0,0,0,2	45,39,31,51	154	149
93	2,2	0,0	0,0,3,0	1,4,1,1	298	149
94	3,0	13,21	0,0,0,0	14,13,28,24	155	149
95	2,0	14,11	0,0,1,0	19,15,8,24	175	149
96	6,2	28,26	7,6,10,5	36,34,68,49	206	149
97	0,0	42,25	0,2,0,0	37,31,58,51	242	149
98	36,45	3,0	49,39,61,54	0,1,1,0	191	149
100	52,57	2,0	33,37,80,56	0,1,0,1	271	149
101	73,85	3,11	131,162,87,116	8,5,0,0	272	149
102	36,29	300,296	45,45,31,47	284,275,253,394	298	149
103	39,66	0,2	45,40,45,82	3,1,3,3	298	149
104	1,0	22,12	0,2,0,3	25,27,28,37	169	149
106	308,301	5,3	308,292,301,382	2,0,0,3	176	149
107	4,5	2,2	0,1,6,3	9,14,12,12	171	149
108	2,9	48,48	6,5,6,7	44,61,58,86	294	149
109	0,0	49,43	9,2,5,3	46,42,61,43	154	149
110	2,1	956,977	5,8,4,2	857,909,863,910	298	149
111	0,1	3,0	0,0,0,0	1,2,5,0	165	149
113	7,1	15,15	7,4,5,9	10,7,10,11	165	149
114	1,0	22,29	0,1,2,2	7,25,16,13	231	149
115	1,0	229,258	1,4,1,1	231,267,196,262	182	149
116	10,6	405,390	3,3,2,1	402,354,324,475	298	149
117	13,21	5,10	15,23,21,44	3,0,1,3	297	149
118	12,16	603,597	10,18,15,11	667,649,758,975	153	149
119	4,3	0,2	3,10,3,5	2,0,1,2	298	149
120	88,132	0,0	111,121,77,167	2,0,0,2	174	149
121	1324,1309	3,7	1316,1284,1381,1534	9,12,15,19	155	149
123	11,11	56,46	17,19,11,25	73,48,54,73	160	149
124	2,1	53,55	0,1,0,1	59,54,45,40	153	149
125	14,15	0,0	12,15,9,12	1,0,1,0	152	149
126	11,11	32,37	23,12,6,16	42,51,59,70	298	149
127	322,384	0,0	366,347,321,471	0,2,0,0	298	149
128	2,0	122,95	0,1,0,3	100,118,96,141	298	149
129	2,3	11,11	0,1,2,2	9,16,13,23	285	149
130	69,92	1,2	88,74,72,117	4,2,4,1	153	149
132	0,0	6,12	0,0,0,1	18,22,13,18	188	149
133	0,0	6,8	1,0,0,0	7,3,13,15	245	149
135	80,74	0,0	56,63,59,69	0,0,0,4	153	149
137	0,0	140,142	1,0,0,0	106,131,155,166	298	149
138	229,197	52,46	67,55,61,72	143,108,123,138	214	149
139	0,2	8,12	2,1,5,2	17,5,14,16	298	149
141	13,8	49,48	5,2,3,14	34,47,37,64	249	149
142	12,6	62,40	1,0,2,0	77,95,88,98	158	149
144	1,0	23,15	1,0,0,5	5,17,15,19	298	149
145	22,16	1,8	17,27,24,33	5,9,12,16	298	149
146	6,17	0,0	21,20,18,22	1,0,0,0	298	149
147	14,11	1,0	11,23,10,14	0,1,0,0	298	149
148	1,2	148,189	0,1,0,2	99,97,121,176	298	149
149	1,8	262,234	0,2,0,6	197,211,243,288	180	149
150	1,0	29,35	0,2,2,0	20,21,25,39	298	149
151	9,8	30,18	3,0,3,0	13,17,18,29	298	149
153	15,17	8,5	4,18,28,23	13,16,25,26	173	149
154	1,5	157,228	2,0,0,4	208,186,273,327	298	149
156	583,636	3,4	736,753,584,670	0,0,2,1	258	149
157	7,1	5,3	18,27,21,33	0,2,8,5	230	149
158	0,2	0,1	0,0,0,1	0,0,0,0	177	149
160	101,97	43,33	135,102,113,151	60,58,45,41	298	149
162	13,7	3,0	7,3,1,9	0,1,3,1	243	149
163	13,9	273,271	1,5,4,9	298,250,300,432	298	149
164	7,6	273,271	1,5,7,4	298,250,300,432	298	149
165	6,8	2,2	16,4,5,1	5,5,6,4	298	149
167	10,20	4,6	15,15,21,49	3,2,2,2	159	149
168	7,6	0,0	1,0,0,0	0,1,0,0	166	149
169	34,21	21,16	61,37,72,49	20,28,28,37	175	149
171	19,24	8,6	24,42,24,42	3,5,1,2	161	149
172	30,27	1,4	18,32,31,51	0,4,1,14	169	149
173	135,177	0,1	179,202,337,470	0,1,0,1	298	149
175	0,8	3,3	13,9,17,6	0,0,2,0	253	149
176	4,0	10,9	4,3,3,3	17,11,2,16	161	149
179	0,0	10,6	1,0,0,0	5,1,1,4	154	149
180	27,22	9,15	46,32,42,47	13,11,15,20	298	149
181	37,28	9,15	50,33,43,51	13,11,15,20	298	149
182	0,1	106,113	0,0,0,0	90,71,115,119	194	149
184	17,13	0,1	5,12,25,19	0,0,0,0	298	149
185	67,62	14,14	57,69,71,98	6,3,2,5	171	149
187	1162,1010	102,103	1224,1078,1645,2305	101,84,113,183	251	149
189	0,8	128,117	10,1,6,15	83,66,121,198	168	149
190	7,8	35,19	10,3,8,17	28,43,46,62	225	149
191	135,117	35,19	83,69,123,200	28,43,46,62	206	149
192	3,6	22,17	12,8,12,12	10,2,4,8	163	149
194	12,8	89,107	6,14,9,19	63,71,132,112	187	149
195	30,27	273,223	25,25,23,24	192,205,219,255	298	149
196	0,4	193,136	2,2,3,3	164,177,173,264	152	149
197	12,9	2,0	6,3,5,9	0,0,3,4	298	149
198	15,11	2355,2361	8,5,13,13	1182,1161,1693,2088	298	149
199	10,13	1,0	22,19,29,30	3,0,0,1	206	149
200	26,24	1,0	35,27,40,60	3,0,0,1	260	149
201	19,13	2,1	18,12,13,32	3,1,1,0	203	149
202	15,14	1,0	18,12,14,11	0,0,0,3	298	149
203	18,28	18,9	18,19,22,25	11,20,28,26	170	149
204	122,179	7,6	107,150,142,160	11,12,4,13	298	149
205	124,162	7,6	100,151,150,161	11,12,4,13	278	149
206	45,61	2,1	52,53,67,71	1,0,3,0	166	149
207	7,3	2,5	4,1,8,13	2,4,6,1	164	149
210	89,78	65,71	98,94,84,127	119,107,100,111	264	149
211	30,33	133,100	6,6,6,9	156,144,115,219	182	149
212	8,0	3,1	7,1,3,3	4,1,4,6	217	149
214	6,3	13,25	0,0,0,0	9,20,21,17	154	149
215	13,9	25,24	6,7,14,16	23,21,28,43	179	149
216	2,2	26,33	5,2,0,1	30,15,43,55	177	149
217	77,75	271,246	38,28,22,48	339,267,306,294	194	149
218	75,71	264,285	37,36,22,43	375,375,406,500	194	149
219	218,187	18,15	270,212,221,241	31,34,21,26	162	149
220	146,169	0,1	129,144,170,182	0,0,0,0	298	149
221	11,17	242,308	3,8,6,4	321,273,297,391	153	149
222	2,1	0,0	1,7,5,1	2,2,0,2	153	149
223	1,0	1,2	2,0,4,0	3,3,1,0	153	149
224	48,82	2,0	51,55,59,69	0,0,1,0	151	149
225	1,1	2,2	2,3,1,0	3,4,5,2	296	149
227	47,54	105,116	98,59,82,81	111,107,61,97	157	149
228	26,35	2,0	39,39,61,71	7,8,2,4	298	149
229	123,138	2,2	127,136,111,177	0,0,1,0	179	149
230	71,69	0,0	83,73,66,121	0,0,0,2	179	149
231	7,4	7,9	5,1,6,14	3,10,10,19	164	149
235	3,7	7,6	2,1,5,2	5,7,12,25	298	149
236	22,17	0,1	11,16,21,38	0,0,0,0	298	149
237	22,18	0,1	11,14,20,41	3,3,6,3	154	149
238	15,9	226,232	47,34,47,61	189,193,205,324	160	149
239	394,366	0,0	339,333,308,362	1,0,0,0	298	149
241	3,4	33,30	2,3,0,0	85,74,36,67	163	149
242	6,0	54,52	3,2,3,2	56,53,71,112	298	149
243	0,3	49,48	0,0,0,0	29,45,55,66	298	149
245	41,24	1,1	32,36,52,59	0,0,0,0	174	149
246	0,7	68,69	0,1,4,12	57,53,57,90	289	149
247	3,3	71,64	2,0,4,5	72,50,95,115	298	149
248	0,1	71,64	0,1,0,5	72,50,95,115	298	149
249	0,3	3,3	1,2,2,8	2,0,4,5	225	149
250	40,67	0,0	70,101,119,142	0,1,3,0	298	149
252	0,0	59,98	0,0,2,0	85,90,92,120	176	149
253	7,9	0,0	18,7,8,9	3,3,4,2	204	149
254	0,0	2,5	2,4,4,3	5,11,6,22	155	149
255	9,7	9,16	9,7,17,12	24,18,18,22	298	149
256	1,1	2,2	1,1,0,1	0,2,2,0	298	149
261	6,4	139,196	4,4,8,10	260,348,399,502	298	149
263	47,42	35,34	26,22,27,23	36,32,50,69	298	149
264	30,28	253,317	21,35,16,21	322,263,298,330	173	149
265	0,1	3,2	2,2,1,4	4,1,0,1	298	149
266	1,1	23,27	0,0,1,3	15,9,27,35	298	149
267	13,14	172,187	5,8,3,11	191,175,140,227	166	149
268	176,197	0,1	159,183,167,193	0,0,0,0	209	149
269	1,0	8,10	1,0,0,0	6,8,21,12	298	149
270	59,35	222,202	81,84,116,114	180,183,235,316	298	149
271	1,0	0,2	1,4,4,4	0,0,0,3	155	149
273	147,181	8,10	139,123,130,166	7,12,14,23	199	149
274	8,25	96,122	19,15,20,33	96,106,117,169	298	149
275	82,98	0,2	92,72,85,133	0,0,0,1	298	149
277	0,0	28,40	0,0,0,1	55,66,57,80	164	149
278	21,17	1,3	34,26,31,20	0,0,0,1	207	149
279	1,0	52,46	1,2,0,3	70,60,55,80	288	149
280	4,4	4,1	7,2,5,6	6,3,6,8	298	149
281	26,23	12,13	35,37,44,42	1,8,4,0	298	149
282	5,5	12,13	9,5,4,6	1,8,4,0	298	149
283	5,5	22,19	10,19,20,19	28,36,40,37	298	149
284	6,13	12,13	12,11,4,10	1,8,4,0	298	149
285	4,11	22,19	10,19,7,12	28,36,40,37	206	149
286	3,4	2,9	11,10,20,15	5,10,0,5	298	149
290	3,2	20,20	1,1,2,3	20,18,23,42	212	149
291	1,1	6,8	0,1,0,0	2,3,9,7	153	149
293	7,4	282,288	9,4,9,7	202,179,271,307	298	149
296	229,255	0,4	245,204,234,300	0,1,0,1	298	149
299	0,0	75,100	0,0,1,1	49,56,43,84	197	149
300	0,3	12,20	2,2,5,7	6,16,15,25	298	149
303	0,3	26,21	2,2,2,7	19,32,22,29	298	149
305	0,3	26,21	2,2,2,7	19,32,22,29	298	149
306	0,2	26,21	1,2,1,7	19,32,22,29	228	149
307	0,0	3,0	0,1,0,3	2,0,0,0	231	149
308	6,4	411,400	6,4,9,6	382,388,412,470	298	149
310	188,210	0,0	237,214,304,419	2,0,2,6	298	149
311	0,3	77,78	2,5,3,8	138,107,213,263	298	149
313	92,105	103,130	100,84,87,148	150,160,222,209	175	149
315	0,0	44,41	1,2,3,4	53,47,44,71	298	149
316	7,2	41,68	0,1,7,9	62,68,56,80	180	149
317	10,9	1,0	9,13,15,12	0,0,0,2	298	149
318	1,5	142,137	1,0,1,1	143,135,158,187	164	149
319	133,158	5,6	124,137,126,158	6,3,4,3	153	149
320	8,3	44,27	11,5,13,22	25,33,21,44	259	149
322	129,135	5,11	80,83,108,133	7,4,8,5	298	149
323	89,72	0,0	62,83,108,151	0,2,0,0	298	149
324	9,12	16,29	20,24,23,14	22,25,16,14	153	149
325	164,150	8,9	101,83,106,171	9,14,4,15	298	149
328	0,0	57,58	2,0,0,0	39,59,31,67	298	149
330	0,0	9,11	0,0,1,0	17,9,11,18	191	149
331	155,143	6,17	132,87,114,154	32,24,23,33	171	149
333	6,6	34,38	13,12,7,17	53,35,57,47	298	149
334	11,12	134,126	10,11,7,16	137,121,148,139	180	149
335	93,140	0,5	108,108,117,157	2,0,4,1	298	149
336	9,11	8,16	13,32,17,35	20,8,7,13	298	149
337	7,14	0,0	5,1,9,5	0,0,3,0	157	149
338	4,11	88,102	19,15,20,25	88,85,135,145	154	149
339	98,89	6,6	111,95,120,133	5,14,11,30	202	149
340	47,53	24,8	43,70,61,67	5,2,8,2	298	149
341	7,17	14,10	9,7,11,19	12,12,17,14	195	149
342	103,116	197,223	112,156,138,156	148,169,223,237	298	149
343	1,1	3,4	0,0,1,1	4,6,1,7	269	149
344	94,95	7,15	111,132,120,157	5,4,7,5	181	149
346	9,1	0,0	5,1,4,10	2,0,0,0	298	149
347	124,123	4,2	172,128,145,219	7,4,6,4	298	149
348	6,8	3,7	3,4,0,12	2,9,0,8	298	149
349	7,4	61,37	21,22,39,23	25,35,21,44	160	149
351	0,0	0,2	0,0,1,0	1,3,2,1	168	149
352	7,8	14,16	0,3,7,2	14,17,12,21	157	149
353	6,3	31,18	9,9,5,9	41,14,32,36	207	149
354	435,442	0,0	481,489,484,609	2,7,2,0	248	149
355	57,37	415,400	65,45,68,61	342,315,400,515	298	149
358	2,1	17,11	2,2,2,5	16,17,15,34	298	149
359	6,14	32,28	14,16,12,20	27,22,36,30	161	149
360	9,1	34,30	1,0,0,1	31,36,24,44	293	149
361	87,56	0,1	54,49,57,92	0,0,0,0	298	149
362	3,2	1,0	3,3,6,12	0,1,0,0	298	149
363	8,4	2,8	3,0,3,4	4,6,11,14	298	149
365	165,183	3,1	146,123,183,229	0,0,0,1	298	149
368	0,0	240,223	1,0,1,0	212,199,290,359	182	149
370	14,16	0,0	45,19,26,26	0,0,0,1	265	149
372	3,4	0,0	0,2,3,1	0,0,1,3	168	149
373	6,3	0,0	10,10,7,20	0,0,1,0	298	149
374	34,35	3,3	47,51,30,41	1,4,5,3	166	149
375	1,1	22,28	0,0,0,0	17,21,27,25	224	149
376	16,13	4,4	28,13,25,20	6,11,0,1	298	149
377	0,0	10,9	1,0,2,1	11,19,13,6	154	149
378	1,0	0,0	0,1,1,1	2,0,0,0	293	149
379	0,0	7,0	0,0,2,0	0,2,2,1	164	149
380	364,348	0,0	262,276,331,489	0,1,0,0	298	149
381	368,363	6,2	278,289,333,505	0,0,2,0	194	149
382	0,0	6,7	0,0,1,4	19,9,7,13	220	149
383	42,50	0,1	44,53,54,94	0,0,0,0	298	149
384	402,390	10,10	392,414,401,442	7,9,15,13	194	149
385	4,0	83,97	8,7,17,4	42,58,34,67	298	149
386	0,2	341,374	0,1,0,0	322,339,401,438	257	149
388	1,0	0,0	0,0,0,1	0,1,0,0	154	149
389	45,40	0,0	40,32,39,60	18,8,10,10	164	149
391	109,89	8,4	127,130,168,157	7,11,10,9	227	149
392	1,0	0,0	0,1,2,5	0,0,1,0	205	149
393	29,34	90,91	24,20,25,23	105,110,105,162	298	149
395	180,200	4,4	145,168,151,200	8,13,6,8	192	149
396	21,31	55,68	59,42,47,75	12,9,18,30	153	149
397	21,13	48,33	11,9,9,8	43,41,42,54	298	149
398	2,0	9,16	0,0,0,1	7,7,6,9	298	149
399	471,465	0,1	516,478,422,521	0,1,0,0	298	149
400	10,7	117,99	5,9,13,16	120,134,108,199	298	149
401	2,0	10,5	10,1,3,6	4,7,4,9	161	149
402	142,182	25,17	72,86,85,120	72,85,140,171	155	149
403	92,114	8,17	31,24,11,17	28,21,25,13	180	149
404	242,254	4,5	265,285,354,436	0,5,2,0	297	149
405	38,33	2,0	29,38,32,48	0,0,0,0	298	149
407	38,44	0,0	40,67,148,109	3,0,4,6	158	149
409	2,1	72,75	2,4,10,0	89,98,96,105	298	149
410	4,4	71,126	4,6,4,14	149,178,102,162	298	149
411	0,1	3,3	0,0,0,0	3,3,2,1	153	149
413	5,6	0,0	6,4,8,7	0,1,0,0	298	149
414	18,14	14,24	28,30,36,46	16,13,15,34	170	149
416	64,47	150,123	83,76,70,68	142,181,100,181	152	149
418	5,2	100,90	4,5,8,6	39,59,77,119	298	149
419	9,10	36,30	9,5,12,14	12,17,36,25	178	149
420	79,86	2,0	70,96,74,120	0,2,3,0	244	149
421	19,20	517,566	21,17,24,20	619,629,554,720	298	149
422	34,75	0,0	117,122,48,76	0,0,0,3	151	149
424	246,238	0,0	277,247,257,302	1,0,0,0	298	149
425	128,161	12,8	80,80,64,89	3,1,5,5	176	149
426	1,2	54,52	2,1,2,3	89,79,72,111	167	149
428	1,2	29,28	0,2,0,1	21,22,21,41	298	149
429	38,32	24,33	59,73,117,117	16,19,21,25	241	149
430	3,2	90,83	2,9,5,9	99,98,110,136	298	149
431	98,95	0,0	112,105,121,156	0,1,0,2	298	149
432	56,58	7,11	77,88,88,122	24,25,12,26	208	149
434	19,16	0,2	20,21,23,47	0,1,0,0	188	149
435	5,2	600,668	3,2,1,2	746,761,707,866	153	149
436	2,3	462,502	10,10,8,6	397,437,486,733	298	149
437	1151,1070	0,1	1114,1123,1083,1316	7,4,3,5	152	149
438	54,36	1,1	23,32,55,56	0,0,1,0	298	149
439	48,24	12,6	48,52,58,87	9,5,2,9	298	149
440	67,72	0,1	54,46,58,90	0,0,0,0	294	149
441	210,262	22,12	169,253,215,263	9,7,3,6	215	149
442	135,169	1,0	105,134,102,170	0,0,1,4	152	149
443	5,9	246,335	3,5,3,8	244,246,240,327	298	149
444	2,0	39,42	0,1,0,0	34,29,54,65	298	149
445	12,7	2,0	20,14,11,17	0,0,1,0	298	149
446	30,47	21,20	86,66,118,122	107,109,142,191	152	149
447	0,3	64,73	2,1,1,6	76,83,84,108	298	149
449	413,479	1,4	588,544,542,700	1,1,1,1	153	149
450	15,11	227,230	8,17,25,28	165,209,211,321	298	149
451	25,26	8606,8958	37,17,31,46	9399,9273,8718,10609	212	149
452	1070,1089	0,0	1922,1682,1963,2329	1,2,0,1	185	149
454	46,57	34,51	58,49,65,71	56,43,56,63	152	149
455	0,1	726,681	1,0,0,1	754,792,690,930	197	149
456	302,270	501,598	205,182,168,206	622,608,730,840	152	149
457	2,5	432,503	3,6,6,10	462,392,472,648	172	149
458	23,22	3,0	20,15,29,24	0,0,0,0	252	149
459	19,15	3,0	11,14,29,42	0,0,0,0	298	149
460	30,18	23,22	13,17,41,52	20,15,29,24	298	149
461	0,0	1788,1820	0,1,1,0	2067,1967,2144,2705	153	149
462	6,4	3,3	16,10,9,13	2,4,8,18	203	149
464	82,92	1,0	77,87,94,91	0,0,0,2	298	149
465	0,0	6902,7496	3,0,2,3	7855,7664,6011,7847	153	149
466	3,1	0,0	4,0,6,0	0,0,1,0	294	149
468	9,3	5,0	13,9,7,14	1,0,0,0	298	149
470	58,47	6,9	42,42,39,51	12,9,13,9	298	149
471	49,67	0,0	78,64,67,84	0,0,0,5	298	149
472	6,8	11,10	0,0,4,4	14,7,16,24	172	149
475	3,7	0,0	14,17,16,15	0,1,0,3	298	149
478	1874,2118	0,0	1486,1465,1778,2122	1,0,0,0	298	149
480	2,1	1304,1246	0,2,0,1	1367,1409,1420,2093	298	149
483	0,0	15,24	0,2,0,0	11,8,19,8	154	149
485	31,32	50,57	23,44,57,37	57,57,72,96	298	149
486	5,3	3,1	8,7,4,16	2,2,2,9	223	149
487	9,21	8,6	19,14,30,25	1,0,1,2	209	149
488	2,1	81,73	0,4,0,1	47,48,59,88	173	149
489	15,22	11,8	17,9,7,10	11,4,11,15	298	149
493	20,37	8,5	13,26,19,15	13,23,28,32	164	149
495	4679,4204	5,1	3265,3080,3747,4388	1,6,5,3	167	149
496	1575,1452	75,63	1047,1064,1309,1434	50,61,62,101	167	149
497	1572,1446	3,11	1047,1064,1299,1440	6,3,8,8	167	149
498	1900,1709	3,11	1276,1260,1515,1701	6,3,8,8	188	149
499	332,264	4,1	232,198,219,271	3,2,3,10	170	149
500	1571,1446	1,1	1045,1063,1297,1435	1,3,0,10	167	149
501	2033,1852	1,1	1384,1376,1634,1820	1,3,0,10	188	149
502	465,407	3,1	340,314,338,390	1,1,1,5	170	149
503	26,22	223,248	6,5,2,12	243,254,274,330	162	149
504	12,5	15,26	6,9,6,15	33,48,46,54	162	149
505	0,3	78,78	5,2,2,1	61,75,85,98	298	149
506	37,40	36,47	7,7,8,21	66,59,64,101	170	149
507	139,173	3,7	150,153,178,219	7,4,5,5	189	149
508	0,0	36,34	4,1,1,2	69,58,67,95	161	149
509	1,6	34,23	0,1,3,1	18,7,25,34	298	149
512	7,8	8,19	6,2,9,15	7,8,15,8	298	149
513	7,8	0,4	6,2,6,16	3,1,5,8	154	149
517	157,188	3,1	187,163,188,221	1,0,1,4	163	149
518	245,253	14,10	228,267,294,325	0,1,0,0	176	149
519	7,7	3,2	4,6,2,7	6,2,1,4	196	149
520	10,14	0,0	9,19,7,2	1,0,0,0	298	149
521	408,450	0,0	246,249,311,385	0,2,0,0	278	149
522	27,15	54,52	27,19,29,28	25,33,29,32	179	149
523	5,3	80,99	25,32,37,46	43,48,52,56	153	149
524	10,14	0,7	13,8,18,35	4,4,4,6	298	149
525	1,2	10,13	0,1,1,4	12,8,15,34	219	149
526	80,74	0,0	53,39,83,108	0,2,0,0	233	149
527	631,779	4,3	766,716,546,712	33,32,16,33	153	149
530	0,0	2,8	1,0,3,0	7,4,5,7	298	149
531	90,79	4,3	81,58,58,84	0,0,0,0	298	149
532	6,13	55,40	9,2,3,8	71,71,66,76	298	149
533	4,4	0,0	2,8,2,9	0,0,2,0	298	149
535	1,0	98,104	6,1,0,2	144,100,85,131	268	149
536	206,230	20,4	241,179,216,271	13,10,6,11	153	149
538	3,2	0,2	3,5,1,4	0,0,0,0	212	149
540	18,16	224,249	6,4,13,11	112,105,163,171	298	149
541	4,0	216,246	2,2,3,2	173,123,155,179	153	149
542	495,525	0,0	326,362,321,352	2,1,4,3	173	149
543	178,162	7,5	331,330,245,326	0,1,2,0	179	149
544	200,181	1,1	281,316,222,342	0,1,2,3	298	149
545	46,43	2,3	51,77,54,57	3,2,0,0	229	149
549	0,0	1,1	0,1,0,1	1,3,1,0	285	149
550	1,1	15,7	7,8,8,4	3,3,4,7	167	149
551	30,23	0,0	50,36,50,56	0,0,1,0	253	149
552	32,17	16,30	22,16,24,21	19,19,25,27	209	149
553	25,19	5,4	12,8,19,20	3,2,6,3	169	149
554	6,3	5,4	4,12,10,19	3,2,6,3	194	149
555	2,2	21,18	3,8,10,15	11,4,19,16	174	149
556	1,0	72,98	0,2,1,2	123,125,125,164	152	149
558	35,42	21,12	13,19,12,32	25,18,20,21	298	149
559	8,8	1,0	0,2,0,3	0,2,0,2	166	149
560	58,60	2,0	106,98,88,106	0,0,0,2	298	149
561	36,50	2,0	13,10,5,20	0,0,0,2	298	149
562	33,47	53,52	11,7,5,11	104,93,87,97	172	149
563	2,5	4,2	1,4,9,5	3,1,2,2	298	149
564	3,3	4,2	7,29,23,8	3,1,2,2	298	149
565	2,2	1,4	6,26,16,3	0,1,0,0	154	149
566	2,3	39,35	1,0,1,3	20,13,44,36	152	149
567	15,7	41,22	9,10,10,22	44,51,35,68	161	149
568	3,0	1,0	2,0,2,7	0,0,0,0	153	149
569	1,1	102,83	0,2,1,0	95,84,68,126	298	149
572	22,28	0,1	23,36,15,38	1,0,0,1	279	149
574	11,7	3,1	14,18,8,10	4,0,2,0	298	149
575	13,7	179,203	14,18,8,10	211,231,221,224	298	149
576	7,10	61,44	1,0,1,1	64,52,62,102	164	149
578	0,0	89,107	0,0,0,1	14,33,21,29	153	149
579	34,50	39,80	26,41,35,30	51,47,53,71	167	149
580	5,8	55,52	8,28,5,25	28,24,9,27	174	149
581	264,293	35,31	409,408,364,432	33,49,27,19	271	149
582	257,291	0,0	338,341,332,404	2,0,0,0	298	149
583	0,0	91,63	2,1,1,5	59,68,56,105	298	149
586	6,4	57,46	11,22,19,24	46,70,55,55	286	149
588	74,100	8,0	64,78,86,124	3,0,0,0	180	149
589	1,0	5,1	0,0,0,0	12,5,5,14	161	149
590	2,1	0,1	1,6,4,4	2,8,5,7	160	149
591	2,1	4,1	1,8,4,7	1,0,0,2	176	149
592	0,1	4,1	2,10,5,10	1,0,0,2	165	149
593	3,7	222,197	3,1,0,3	199,177,213,335	298	149
594	2,2	17,13	1,5,6,4	15,12,24,18	298	149
595	19,21	11,15	6,12,18,7	16,9,19,46	168	149
596	6,5	11,15	0,4,4,1	16,9,19,46	177	149
597	0,0	13,16	0,1,0,0	6,9,14,6	158	149
598	2,1	38,31	3,1,1,1	23,24,29,45	170	149
599	3,3	34,34	17,8,13,24	37,24,42,50	167	149
600	12,6	0,2	3,9,7,23	1,2,0,1	298	149
601	94,95	4,4	61,78,77,94	1,6,1,3	172	149
602	70,60	5,2	70,62,78,95	1,1,2,0	240	149
603	2,2	1,0	9,3,7,8	0,0,0,0	262	149
604	126,139	1,3	152,143,130,174	9,9,11,10	162	149
607	1,0	8,11	0,1,0,1	11,11,13,9	298	149
608	47,52	19,24	66,52,62,62	8,3,12,12	153	149
610	1,0	10,8	0,0,0,1	8,5,13,20	298	149
611	67,94	0,0	91,51,92,137	0,1,0,0	298	149
612	3,8	0,0	4,0,15,4	0,2,0,0	298	149
613	0,0	27,31	3,2,3,3	46,50,49,70	298	149
614	13,18	104,108	7,1,9,11	109,102,129,185	166	149
616	24,42	750,955	32,28,35,37	694,732,709,900	298	149
617	2,0	254,258	0,0,0,0	219,222,176,176	153	149
618	99,109	0,0	100,81,78,92	1,0,0,0	152	149
620	4,3	21,27	3,0,2,0	20,26,14,36	152	149
621	10,12	0,2	21,16,9,12	0,0,0,0	165	149
624	11,34	45,24	19,17,24,38	38,32,26,47	196	149
625	0,1	0,0	1,1,0,0	3,0,0,0	153	149
626	183,160	0,0	279,257,314,377	0,0,1,0	298	149
628	16,30	0,1	40,28,36,46	0,0,0,0	165	149
629	191,220	0,0	164,200,261,328	1,0,0,0	298	149
630	5,11	0,0	8,10,23,27	0,0,0,1	298	149
631	3,1	0,5	2,1,7,1	2,0,0,5	298	149
632	19,11	27,33	21,20,29,28	42,21,29,66	298	149
633	5,6	19,10	4,0,3,8	15,19,23,24	175	149
634	5,6	19,10	4,1,7,0	15,19,23,24	298	149
635	4,5	4,4	2,1,6,0	2,0,2,8	298	149
637	10,4	1,4	17,19,18,26	0,0,0,0	166	149
638	339,405	4,8	334,316,300,361	2,3,4,2	298	149
639	1,0	99,143	0,0,0,0	113,133,145,149	158	149
641	7,11	38,45	12,13,0,4	22,7,11,5	298	149
642	123,125	1,0	123,114,121,163	1,1,1,0	298	149
643	0,2	11,5	0,1,1,0	15,10,18,12	298	149
644	186,155	0,0	138,137,195,225	2,0,0,0	268	149
646	12,13	23,27	17,3,18,17	19,10,23,44	298	149
647	6,10	23,27	13,3,13,13	19,10,23,44	298	149
648	4,2	6,3	1,0,4,2	4,0,6,4	189	149
649	9,5	76,77	2,11,11,17	28,43,71,87	298	149
651	78,68	0,0	31,53,84,88	1,0,0,0	298	149
652	34,29	3,8	31,23,31,41	2,1,1,0	164	149
654	8,2	3,4	0,4,9,7	0,0,3,1	153	149
655	1,0	2,1	3,0,5,0	0,0,0,0	153	149
656	2,0	6,2	4,3,3,1	10,10,0,5	170	149
657	6,13	0,0	19,17,10,14	1,1,0,1	251	149
658	10,15	0,0	25,24,8,18	1,1,0,1	230	149
659	2,0	71,74	0,0,0,1	69,76,102,114	155	149
660	6,14	35,26	4,5,7,12	45,37,33,54	298	149
661	1037,860	0,0	1094,1379,842,922	1,0,1,1	215	149
662	0,0	16,27	3,3,4,4	16,20,26,31	298	149
663	0,0	0,3	3,5,2,6	6,4,0,3	187	149
664	2,3	2,2	5,9,6,12	2,0,4,2	187	149
665	1,2	109,117	0,3,1,1	92,87,107,148	167	149
666	78,68	8,18	43,42,80,62	16,12,30,20	298	149
667	150,134	8,4	81,101,107,111	12,7,11,5	155	149
668	28,37	29,25	41,69,62,73	49,29,46,61	155	149
669	4,0	0,0	0,0,2,1	1,4,0,1	180	149
671	60,46	11,6	85,68,76,91	11,8,8,5	177	149
672	1,4	141,174	1,10,4,4	206,223,188,252	152	149
673	3,0	30,16	5,0,0,2	28,36,27,41	172	149
674	2,5	113,106	3,2,0,8	89,141,122,159	298	149
675	0,0	37,58	0,2,0,0	45,64,72,86	152	149
676	1,1	1,0	3,0,2,3	3,7,7,6	208	149
677	19,25	2239,2515	17,19,11,28	2258,2212,2244,2751	153	149
678	0,0	361,340	0,0,0,1	267,245,392,580	298	149
679	11,16	0,0	8,7,9,13	0,0,2,0	298	149
680	294,376	8,17	375,480,442,655	22,22,23,18	298	149
681	335,375	0,0	436,471,446,635	0,1,0,0	298	149
682	54,58	104,100	145,94,93,137	97,65,74,83	184	149
684	0,0	17,19	0,0,3,0	17,24,20,27	158	149
686	2,2	4,0	6,13,5,7	3,7,0,4	298	149
687	17,29	4,0	19,19,11,19	3,7,0,4	298	149
688	23,31	2,0	18,22,9,14	2,13,1,1	298	149
689	10,3	0,0	5,6,8,13	0,0,0,2	163	149
690	23,32	227,331	26,37,31,38	152,199,179,192	165	149
691	0,0	9,30	2,0,0,0	9,22,20,18	153	149
692	19,28	13,11	10,8,8,22	22,25,32,36	153	149
693	6,2	26,38	0,0,0,1	38,36,40,51	298	149
694	29,31	93,98	4,8,11,4	125,150,170,176	152	149
695	216,222	12,12	197,157,203,252	32,22,18,28	298	149
696	5,1	61,67	4,6,2,6	79,78,113,122	179	149
698	64,78	6,10	58,68,65,78	15,11,5,16	170	149
699	1,3	0,0	8,7,5,2	0,2,1,2	175	149
702	2,3	2,3	0,2,6,3	2,1,0,2	253	149
703	2,2	17,9	1,5,5,7	16,16,11,19	168	149
704	2,7	17,37	4,5,6,5	7,8,17,22	298	149
705	0,0	479,460	1,0,0,0	498,522,507,687	153	149
706	4,5	1279,1362	7,3,9,2	1431,1294,1393,1973	224	149
708	1,0	30,36	1,5,4,0	31,32,24,41	298	149
709	74,61	57,53	56,49,51,86	22,25,53,46	152	149
710	147625,153906	0,2	177231,163819,138292,172916	0,0,0,0	156	149
711	1,3	3,7	1,1,1,5	22,12,1,19	238	149
712	55,65	2,3	32,23,52,70	0,1,2,4	298	149
713	0,0	9,7	0,0,1,1	6,0,6,18	156	149
714	1,0	622,709	0,0,0,1	619,501,534,801	203	149
715	4,1	21,21	0,2,0,3	16,18,11,12	152	149
716	23,32	0,0	17,24,33,53	1,0,2,2	173	149
718	0,2	28,26	1,0,0,1	24,10,19,26	298	149
719	5,4	0,5	1,1,0,2	6,7,11,4	152	149
720	6,3	0,0	0,1,0,0	7,22,9,2	152	149
721	12,13	0,0	16,20,8,12	1,6,1,8	298	149
722	44,57	0,0	27,26,45,29	1,2,0,0	230	149
723	13,19	4,3	12,12,17,31	0,2,3,2	176	149
724	0,0	298,328	2,0,0,0	216,211,325,426	174	149
725	64,82	0,1	72,62,72,81	0,0,0,0	298	149
726	10,7	466,529	3,0,3,1	615,607,578,720	298	149
727	0,2	183,235	0,2,2,2	225,223,179,281	298	149
728	13,16	13,12	20,18,9,33	16,3,5,11	298	149
729	15,16	10,8	5,3,6,6	25,27,19,26	203	149
730	22,25	3,0	31,28,23,49	3,3,1,3	298	149
731	16,16	0,0	17,20,18,34	0,0,2,0	223	149
732	46,51	0,0	71,55,67,78	2,0,0,0	235	149
733	23,30	3,9	12,8,24,42	5,3,10,13	170	149
734	0,0	164,170	0,1,0,0	151,188,217,287	298	149
735	1,3	3,0	1,5,18,32	0,0,6,7	207	149
736	2,6	97,99	3,3,9,1	87,115,101,149	298	149
737	0,2	535,595	4,3,7,4	812,776,796,1007	298	149
738	4,1	865,950	3,1,1,8	826,876,808,1087	152	149
740	166,165	2,4	112,97,77,112	3,1,0,0	260	149
741	8,10	0,0	14,29,23,33	0,1,0,0	298	149
742	3,5	26,11	18,10,6,11	11,8,6,11	180	149
743	2,3	26,11	7,12,6,11	11,8,6,11	185	149
744	0,0	1,2	0,8,3,5	11,6,3,5	154	149
747	2,0	40,56	6,4,12,1	29,37,44,69	169	149
748	34,49	8,7	27,27,27,36	9,6,10,4	281	149
749	8,3	68,78	6,2,1,4	85,79,93,139	152	149
750	28,23	90,103	5,12,5,27	51,75,84,105	298	149
751	261,296	13,39	294,267,305,326	3,0,0,3	194	149
752	35,49	13,39	56,46,48,36	3,0,0,3	234	149
753	8,10	234,257	5,10,5,5	243,231,262,294	189	149
755	0,1	422,388	0,0,0,3	386,359,373,511	298	149
756	5,3	639,652	9,4,1,10	578,603,541,660	154	149
757	0,8	12,4	5,10,6,11	8,8,3,6	298	149
758	7,16	0,1	19,27,23,24	0,0,2,0	298	149
759	13,11	90,114	9,9,11,13	74,91,102,134	298	149
760	30,19	14,24	21,22,32,24	16,14,14,10	171	149
761	0,2	24,31	1,0,5,3	29,30,41,45	298	149
762	1806,1876	2,6	1763,1684,1533,1910	5,7,3,8	152	149
763	1329,1440	981,1053	1824,1885,1490,1895	413,471,356,356	163	149
764	42,37	6,1	26,28,34,47	1,1,3,5	298	149
767	7,9	1,2	9,6,3,13	3,0,0,1	158	149
768	32,52	10,13	66,101,89,121	0,0,0,0	172	149
770	16,11	2,4	7,15,13,5	5,0,0,4	154	149
771	433,419	0,0	295,343,293,342	0,0,1,2	298	149
772	210,236	8,12	171,181,146,211	10,9,16,14	196	149
774	6,10	30,27	10,24,15,19	21,20,32,33	153	149
775	1,0	5,3	0,2,1,4	0,0,0,0	153	149
776	0,3	61,65	3,3,5,4	154,144,132,132	153	149
777	1,3	0,0	5,7,4,7	1,0,0,0	153	149
780	15,11	14,15	9,14,8,20	0,0,0,3	154	149
783	82,85	5,3	131,92,92,108	0,1,2,1	170	149
785	0,0	28,26	0,1,1,3	21,18,5,28	298	149
787	5,6	75,93	6,4,10,7	48,53,56,64	178	149
789	69,61	75,66	67,85,71,85	56,74,76,91	250	149
790	60,40	0,1	37,46,45,54	0,0,0,0	298	149
791	18,4	31,37	8,8,3,5	26,41,35,40	256	149
792	7,6	1,4	3,9,2,10	1,2,0,1	175	149
793	1,2	44,49	1,1,0,0	32,38,52,73	298	149
794	76,74	52,77	70,87,70,67	74,57,44,36	215	149
796	0,1	0,1	0,0,0,0	0,0,2,0	246	149
797	144,177	0,0	148,143,131,224	1,0,0,0	298	149
798	1,2	220,303	1,3,0,1	235,239,298,454	216	149
799	27,27	0,0	33,29,36,47	2,0,0,0	298	149
800	15,11	19,19	13,14,28,23	11,14,9,15	298	149
801	6,9	81,88	15,13,28,19	68,72,96,65	176	149
802	90,93	19,19	68,74,101,71	11,14,9,15	298	149
803	70,70	28,24	59,56,71,61	12,15,19,11	166	149
804	23,27	12,17	21,45,39,38	14,11,22,20	166	149
806	3,9	1,1	18,12,13,20	1,0,1,2	153	149
807	2,7	335,331	4,3,5,4	421,466,306,399	154	149
808	8,3	6,13	9,3,5,15	10,5,6,14	160	149
809	14,13	198,180	18,13,11,26	155,164,200,222	298	149
810	4,3	203,243	1,2,0,2	224,159,172,242	153	149
811	124,120	51,56	113,119,130,139	27,40,20,28	298	149
812	62,97	6,8	76,99,91,115	0,0,0,1	298	149
814	12,9	0,0	6,10,10,12	1,0,0,0	291	149
815	0,0	1,0	0,0,0,1	0,0,0,0	158	149
816	1,2	56,81	2,0,0,0	45,34,39,76	298	149
817	109,103	6,8	92,109,120,98	0,1,3,0	207	149
818	141,132	24,19	133,112,121,176	28,19,18,34	298	149
819	4,13	38,37	6,6,5,15	40,24,28,46	193	149
820	5,14	5,0	6,9,9,3	5,1,1,4	298	149
821	93,89	0,0	136,92,136,136	0,0,0,2	296	149
822	123,115	0,0	190,190,171,197	0,1,0,0	298	149
823	0,3	66,73	3,3,6,11	88,93,114,113	298	149
824	5,11	1,0	17,17,5,9	10,6,7,11	269	149
825	1,0	282,292	11,4,8,3	285,344,275,406	298	149
826	8,7	113,159	6,6,3,11	127,110,126,182	298	149
827	56,77	15,22	46,41,42,71	31,35,35,40	164	149
828	51,43	132,154	28,44,29,39	121,91,206,209	298	149
829	30,37	1148,1193	25,41,17,30	1079,1074,866,934	298	149
831	60,106	37,38	43,55,54,73	81,68,112,118	218	149
832	59,71	4,6	57,66,79,101	12,18,7,21	298	149
833	41,39	6,10	17,25,21,39	2,8,11,5	298	149
834	43,71	17,25	23,41,23,45	25,25,17,30	167	149
835	112,126	74,72	69,80,93,102	49,42,65,82	170	149
836	8,2	131,153	8,9,3,4	110,103,93,151	168	149
837	10,3	87,90	6,1,1,1	80,63,94,136	298	149
838	52,64	0,0	64,62,62,68	0,3,0,0	191	149
841	12,15	45,61	10,12,3,11	40,76,62,88	189	149
842	12,17	2,3	7,10,3,9	4,4,0,9	218	149
843	1,0	16,22	1,0,2,3	7,3,3,3	154	149
844	5,6	318,347	3,3,2,17	223,246,423,519	298	149
845	5,6	318,347	3,3,2,17	223,246,423,519	298	149
847	41,51	1,3	40,58,87,98	1,4,0,6	252	149
848	6,2	263,310	9,4,7,6	360,304,329,336	298	149
849	67,57	9,6	74,69,67,73	2,3,2,2	155	149
850	211,201	1,2	214,219,206,253	0,0,0,0	298	149
851	257,250	17,31	332,379,379,490	2,6,5,13	157	149
852	0,1	1,2	0,1,1,0	0,3,7,0	194	149
853	56,93	1,1	57,59,53,123	2,2,0,0	152	149
854	22,12	57,49	29,23,18,13	39,36,50,37	160	149
855	3,3	3,5	4,5,8,6	2,2,0,3	167	149
856	16,27	7,9	39,44,77,68	8,15,18,22	163	149
858	4,4	308,330	6,8,4,11	236,265,313,340	153	149
859	3,7	0,0	0,0,1,11	1,1,0,0	258	149
860	2,8	51,48	5,5,6,11	83,66,93,95	298	149
861	175,138	22,13	157,116,135,189	26,44,49,46	298	149
862	165,135	0,0	154,119,139,184	1,1,0,0	298	149
863	25,22	0,0	35,53,55,60	1,1,0,0	298	149
864	71,60	0,0	96,119,115,155	0,4,0,2	298	149
865	48,40	0,0	65,73,60,101	0,4,0,2	212	149
866	90,73	240,160	127,140,135,170	187,173,188,267	212	149
867	21,31	5,6	17,7,12,27	5,7,6,6	160	149
868	3,6	5,6	8,6,5,8	5,7,6,6	298	149
869	4,9	21,31	9,7,6,9	17,7,12,27	295	149
871	16,17	3,12	4,4,1,6	9,12,8,15	169	149
872	7,11	0,0	5,0,1,6	1,0,0,0	169	149
873	0,1	6,18	0,0,1,1	6,5,19,11	160	149
874	12,15	72,95	9,4,16,15	63,76,80,73	167	149
875	56,55	54,57	8,2,1,5	112,102,78,112	154	149
877	32,49	3,1	37,47,39,49	0,1,0,0	298	149
878	16,21	0,0	22,4,8,34	0,0,0,3	298	149
880	115,87	0,0	89,99,82,79	2,1,3,2	163	149
881	5,11	0,0	2,12,15,12	0,0,0,2	224	149
882	0,2	50,51	1,3,0,4	49,38,67,65	298	149
884	1,1	14,31	0,2,2,0	10,10,13,34	202	149
885	40,68	96,131	71,106,115,154	53,54,87,155	167	149
886	45,56	35,20	51,47,66,82	16,21,18,34	270	149
887	4,4	262,277	1,2,6,19	292,242,294,380	153	149
888	12,7	61,57	24,21,25,36	50,61,61,93	154	149
889	15,14	0,0	10,16,17,34	0,1,0,0	168	149
891	59,51	1,2	78,52,46,73	0,1,2,1	193	149
893	1,0	23,13	1,1,3,1	36,27,14,57	298	149
894	21,18	32,72	11,5,15,17	47,44,56,59	185	149
895	129,125	5,3	58,57,77,79	0,7,2,5	184	149
896	34,32	5,3	9,11,13,16	0,7,2,5	249	149
897	0,2	95,95	0,4,2,2	49,50,66,65	214	149
899	129,157	6,17	151,129,142,203	1,1,0,0	196	149
900	152,159	134,133	279,353,302,264	29,31,21,31	161	149
901	52,53	4,0	54,59,85,96	0,0,1,6	298	149
902	499,502	37,30	507,504,562,605	43,52,38,48	231	149
903	5,2	17,24	10,17,9,25	13,18,5,6	194	149
904	1,0	4,3	0,0,0,2	0,2,6,5	298	149
905	31,33	0,1	31,38,30,29	0,0,0,0	298	149
906	7,17	8,4	22,22,17,24	1,0,0,0	170	149
907	7,13	73,88	13,10,13,15	133,133,136,132	267	149
908	7,13	140,164	12,10,13,15	180,179,142,162	267	149
909	5,7	1,5	20,19,22,25	0,0,4,6	295	149
910	65,67	0,2	66,40,64,85	0,0,0,0	298	149
912	34,30	4,3	31,40,46,35	0,0,1,0	298	149
913	3,4	4,3	5,13,3,5	0,0,1,0	298	149
914	1,2	31,28	1,3,2,9	27,29,45,35	180	149
915	319,336	2,3	243,267,287,338	3,1,0,0	161	149
917	278,314	15,13	225,235,275,363	66,71,64,141	194	149
918	54,54	736,758	75,61,55,62	615,590,630,819	206	149
919	681,760	0,0	563,582,551,716	1,0,0,3	164	149
920	1208,1181	4,0	1078,1028,937,1148	0,0,0,0	167	149
921	23,22	33,42	24,28,7,24	23,10,18,10	175	149
922	19,9	0,0	18,14,24,18	0,0,1,0	245	149
923	130,149	7,9	91,110,160,179	10,5,6,13	297	149
924	89,109	0,1	76,45,88,105	0,0,0,0	241	149
925	14,12	53,54	13,13,10,14	38,35,39,63	298	149
926	8,4	7,3	2,5,2,4	7,5,3,7	298	149
927	10,2	0,0	6,9,9,7	2,1,1,0	298	149
928	12,18	37,26	12,18,8,14	30,27,17,43	298	149
930	39,28	0,0	41,47,41,88	1,0,0,0	298	149
931	61,59	5,5	61,45,69,65	1,2,4,9	188	149
932	21,33	1,0	14,32,30,25	0,1,1,2	173	149
933	17,21	896,951	4,13,6,4	863,880,1007,1133	170	149
936	1,0	153,115	0,1,0,0	120,129,151,212	298	149
937	4,3	166,159	3,2,5,0	147,119,190,229	153	149
938	6,10	13,13	2,4,7,14	16,17,27,31	168	149
940	0,0	4,12	1,0,2,1	8,12,17,19	153	149
942	4,2	198,188	5,4,4,11	176,156,210,268	153	149
943	4,7	0,2	24,19,7,19	6,7,1,3	166	149
944	4,7	1431,1544	39,28,9,42	1271,1404,1440,1985	298	149
945	1,2	1431,1544	23,18,6,27	1271,1404,1440,1985	298	149
946	4,3	91,111	5,7,7,5	66,78,72,101	298	149
947	4,4	91,111	3,2,4,4	66,78,72,101	298	149
948	5,8	2,0	5,5,2,9	2,6,3,2	298	149
949	16,8	10,14	3,7,2,6	6,21,7,13	153	149
950	10,12	6,8	15,15,13,16	12,5,0,12	298	149
951	0,5	409,426	4,1,6,4	356,409,367,507	298	149
953	46,44	0,0	32,41,70,37	0,0,0,1	298	149
954	45,57	8,10	46,37,35,46	4,3,10,10	158	149
955	9,4	710,731	7,2,5,6	717,686,761,821	153	149
956	1,0	299,340	3,2,2,3	240,255,302,394	185	149
957	0,0	0,1	0,4,1,1	1,2,0,0	298	149
959	5,2	50,52	7,5,12,8	20,19,16,31	281	149
960	1,3	75,78	0,1,1,0	53,70,55,80	292	149
961	0,0	0,1	1,0,0,5	0,0,0,0	267	149
962	22,13	0,0	19,19,35,42	0,0,1,0	298	149
963	13,5	293,313	0,7,7,1	150,191,279,319	298	149
965	1,6	0,0	8,10,3,7	2,0,0,0	200	149
966	45,35	2,2	40,32,46,56	0,0,0,0	298	149
967	0,0	7,1	0,0,1,0	9,6,22,16	298	149
968	0,4	45,31	0,0,1,1	20,29,38,43	298	149
969	5,3	111,105	2,10,3,6	103,110,121,135	298	149
970	3,3	68,83	0,0,1,8	63,47,88,109	298	149
971	26,31	0,0	34,27,21,47	0,0,0,3	298	149
972	2,0	0,0	0,0,1,2	0,1,0,1	153	149
973	29,26	56,87	34,45,47,51	25,31,25,45	155	149
974	20,11	3,2	20,25,17,23	13,7,5,0	213	149
976	1,2	67,79	1,0,0,0	70,54,90,93	188	149
977	180,193	0,0	220,178,159,234	1,0,1,1	261	149
978	0,3	7,11	2,0,0,0	16,14,14,22	180	149
979	2,1	1,1	0,2,5,8	0,2,4,1	298	149
980	13,15	0,2	18,12,11,19	0,0,0,0	202	149
981	0,1	1629,1759	0,0,1,1	1402,1462,1433,1712	189	149
982	52,57	2614,2744	69,62,77,74	2573,2571,2132,2391	167	149
983	21,32	0,3	20,29,10,28	2,3,0,1	290	149
984	90,96	21,25	24,27,41,34	57,57,74,82	172	149
985	21,11	11,6	31,11,11,15	5,1,2,0	153	149
987	26,46	63,50	24,34,40,25	42,54,47,39	181	149
988	238,265	0,0	278,256,218,367	0,0,2,0	164	149
989	12,16	6,5	10,8,15,19	8,7,22,13	160	149
991	57,78	0,5	73,98,81,104	0,0,1,0	260	149
992	2,3	4,2	4,3,3,9	0,5,0,9	270	149
993	2,3	0,0	4,0,1,10	0,0,0,1	185	149
994	2,3	13,17	4,0,2,12	25,8,39,53	185	149
995	258,281	16,21	210,263,230,323	13,5,0,4	188	149
996	3,4	95,93	5,18,21,8	98,114,96,124	173	149
998	2,2	118,150	2,3,1,2	110,119,125,135	298	149
999	42,37	14,21	17,9,25,31	16,36,45,47	161	149
1000	1,0	24,44	4,7,2,9	17,22,19,46	298	149
1001	0,0	83,68	0,1,1,0	173,135,105,121	153	149
1003	42,50	1,8	47,27,34,54	6,2,0,4	298	149
1004	245,319	5,7	359,375,446,435	0,2,0,2	172	149
1007	3,2	0,0	2,3,13,5	0,0,0,1	298	149
1009	4,0	191,244	1,3,4,9	96,98,147,176	298	149
1010	3,5	191,244	1,2,3,8	96,98,147,176	298	149
1011	3,7	1,0	2,0,5,0	0,1,2,1	254	149
1012	0,0	1,2	1,0,2,0	2,1,4,2	182	149
1013	15,14	0,0	39,26,18,35	0,0,2,1	298	149
1014	8,9	125,131	6,11,9,18	115,99,113,122	210	149
1015	4,6	314,316	4,4,2,1	268,281,256,293	298	149
1016	31,54	281,271	27,29,25,42	256,319,265,259	298	149
1017	51,64	5,4	41,22,47,47	3,2,10,12	209	149
1018	77,98	52,40	75,90,111,130	57,70,79,112	298	149
1019	1,0	3,9	0,1,1,0	3,6,10,12	171	149
1023	18,8	61,56	9,12,21,23	61,77,100,104	191	149
1024	1,2	82,45	0,0,0,0	79,63,71,96	155	149
1025	11,13	0,1	33,30,25,35	0,0,0,0	154	149
1026	2,0	13,20	0,0,0,1	7,10,7,5	158	149
1027	0,0	25,22	5,0,12,1	20,13,20,31	174	149
1028	9,4	0,3	10,4,4,13	3,4,4,6	298	149
1029	1,0	120,96	1,0,0,0	145,142,146,180	153	149
1031	53,57	18,16	53,58,72,106	4,8,10,12	298	149
1032	110,150	1,0	165,141,167,241	0,0,0,1	182	149
1033	24,19	9,8	19,20,10,27	15,10,10,4	231	149
1034	42,43	0,0	23,60,32,32	0,2,0,0	159	149
1036	7,9	36,40	2,3,3,11	45,56,42,69	216	149
1037	3,3	3834,4113	1,0,3,0	4053,3961,3477,4476	153	149
1038	8,1	1246,1160	1,7,1,2	1475,1536,1271,1733	298	149
1039	3,1	1246,1160	1,7,1,2	1475,1536,1271,1733	298	149
1040	0,0	12,18	0,1,2,0	14,24,22,24	167	149
1041	1,0	260,317	6,7,3,11	256,262,256,394	158	149
1042	1,4	40,21	2,1,6,3	41,20,27,44	298	149
1047	1,1	25,32	2,6,7,7	35,36,26,61	298	149
1048	32,17	29,16	9,5,18,9	16,22,24,25	188	149
1049	1,0	77,59	1,0,1,0	63,79,88,105	298	149
1050	0,2	1,0	0,3,1,0	0,0,0,1	167	149
1051	2,1	0,1	2,2,0,0	0,1,1,2	177	149
1053	3,4	33,38	33,34,43,60	77,79,112,94	160	149
1054	556,559	16,5	563,651,504,690	33,23,11,26	173	149
1055	3,1	1043,1164	3,3,1,7	1119,983,1075,1654	298	149
1057	3,1	86,69	2,2,4,6	65,80,71,159	298	149
1059	16,14	22,10	4,11,25,12	5,4,13,10	161	149
1060	169,220	18,16	105,94,126,138	22,10,16,13	190	149
1064	31,45	12,7	37,55,28,42	7,4,2,3	167	149
1065	1,1	9,15	2,3,0,1	7,4,7,10	298	149
1066	51,42	7,2	56,68,57,96	3,1,0,1	154	149
1067	59,61	3,2	69,104,102,151	1,0,0,0	205	149
1068	1,1	29,20	0,0,0,0	33,31,35,31	169	149
1069	1,0	139,118	0,0,0,1	122,139,136,120	152	149
1070	29,29	32,32	15,24,34,56	30,47,104,132	152	149
1071	2,1	0,0	2,6,6,5	0,2,0,0	154	149
1072	94,90	3,7	81,49,82,114	3,1,1,0	298	149
1073	0,0	1024,1107	0,0,4,2	1101,1089,1512,1920	298	149
1074	5,4	0,0	9,3,9,17	0,0,0,1	298	149
1075	22,11	1,2	14,11,19,31	0,0,0,3	266	149
1077	0,1	19,10	0,1,1,5	10,8,14,24	298	149
1078	17,11	0,0	7,9,7,16	3,0,0,0	250	149
1079	5,1	2,8	7,11,1,6	4,3,7,2	298	149
1084	11,29	0,2	17,20,22,27	0,0,2,2	298	149
1085	28,44	2,6	26,42,53,39	8,11,13,7	196	149
1086	2,4	59,54	1,1,5,0	86,60,56,78	287	149
1087	37,66	6,3	34,38,37,47	3,11,3,13	298	149
1088	13,16	2,4	25,19,31,35	0,1,0,0	154	149
1090	0,0	5,16	0,1,2,0	9,14,4,7	153	149
1091	0,0	2,5	0,0,0,1	2,9,2,5	161	149
1092	9656,10227	8180,8703	21120,19300,16809,20773	6443,5728,4725,6090	160	149
1093	22,22	2,0	8,9,6,15	10,17,20,18	155	149
1094	3,5	0,0	1,1,2,1	1,0,0,0	155	149
1095	113,142	0,0	51,73,96,101	0,2,0,0	298	149
1096	18,27	5,3	33,29,12,24	3,12,10,14	298	149
1097	24,31	0,0	20,22,25,42	0,0,0,1	155	149
1099	2,6	125,125	0,1,0,4	89,137,129,153	298	149
1100	0,0	26,32	2,2,2,0	36,35,54,67	167	149
1101	1,0	0,2	2,6,3,3	0,0,0,3	176	149
1103	117,113	4,1	99,84,120,125	0,0,0,0	298	149
1104	0,2	20,23	0,3,1,0	9,12,26,23	298	149
1105	6,9	100,100	8,4,2,5	134,117,89,133	298	149
1107	2,4	92,125	2,1,6,7	110,91,139,132	153	149
1108	251,288	0,0	273,301,315,322	0,0,0,1	298	149
1110	44,33	3,1	53,54,34,45	1,2,1,3	178	149
1111	3,3	12,9	1,0,2,2	26,4,10,21	208	149
1112	4,8	0,1	10,7,8,6	0,0,0,0	155	149
1113	4,4	0,0	12,4,4,6	0,0,0,3	253	149
1114	22,19	26,47	12,14,4,20	49,60,53,86	230	149
1115	0,0	15,11	0,0,0,1	17,8,17,13	233	149
1116	7,3	0,0	5,4,2,4	0,2,3,0	252	149
1117	54,80	2,2	72,71,90,68	1,3,1,1	298	149
1118	220,237	0,0	442,416,412,523	0,1,0,1	298	149
1119	3,4	6,11	13,12,4,14	24,14,21,27	298	149
1120	6,7	22,21	41,56,64,64	3,2,0,2	161	149
1121	2,1	14,20	3,11,3,4	0,2,4,7	161	149
1122	20,15	34,30	11,29,22,44	37,49,38,52	165	149
1123	1,0	14,27	0,0,0,1	19,17,21,23	156	149
1124	11,16	7,6	18,22,27,53	1,3,3,14	199	149
1126	1,5	152,175	4,0,6,3	203,196,127,210	153	149
1128	0,0	66,91	1,0,2,0	68,109,73,127	298	149
1129	0,0	108,132	2,0,1,0	122,129,122,161	298	149
1130	3,6	45,61	4,7,5,4	60,68,66,90	298	149
1131	46,36	4,4	40,46,26,45	1,2,2,1	298	149
1132	90,119	2,2	117,142,114,160	3,1,0,0	298	149
1133	18,17	11,8	15,20,19,16	5,1,2,0	220	149
1134	8,4	7,10	0,4,3,0	5,2,5,5	186	149
1135	3,4	1,0	2,4,9,6	0,0,0,0	298	149
1137	0,0	17,25	3,2,0,4	27,19,33,42	298	149
1140	0,0	80,57	1,0,0,2	136,152,317,391	298	149
1141	18,10	0,1	7,16,3,22	0,2,0,0	189	149
1142	0,0	0,1	4,1,0,1	0,0,0,3	298	149
1143	4,0	60,44	3,3,0,1	68,46,59,72	298	149
1144	4,1	60,44	2,3,0,4	68,46,59,72	298	149
1145	2,1	0,1	3,0,4,3	0,6,5,8	269	149
1146	0,0	41,62	0,0,3,2	39,33,61,45	298	149
1147	0,1	4,12	0,8,8,8	9,20,20,20	298	149
1148	0,1	41,62	0,6,8,8	39,33,61,45	298	149
1149	150,191	0,0	202,233,290,283	0,0,2,0	292	149
1150	2,3	111,146	2,4,1,22	160,197,228,201	155	149
1151	5,1	0,1	1,2,3,2	1,0,1,0	153	149
1152	20,11	66,48	13,15,15,25	44,38,37,46	233	149
1153	0,0	6,6	0,1,3,0	4,2,4,2	177	149
1154	14,13	73,69	5,3,14,10	49,43,62,108	291	149
1155	20,7	0,2	16,18,14,19	14,1,14,7	176	149
1156	48,58	75,97	70,78,58,66	100,86,98,91	291	149
1157	557,535	0,0	654,625,546,655	0,1,0,0	298	149
1158	48,92	4,5	74,42,59,92	0,0,1,0	225	149
1159	1,0	12,11	0,0,0,0	20,11,22,17	167	149
1160	31,30	2,1	17,12,31,46	0,0,0,0	168	149
1161	42,49	115,95	67,45,69,60	70,76,97,78	267	149
1163	7,11	1,4	16,8,14,11	0,6,0,4	298	149
1164	3,9	0,2	9,21,15,20	2,0,2,5	164	149
1165	189,216	0,2	124,154,149,239	0,0,1,4	159	149
1166	7,6	0,0	3,0,1,4	0,1,0,1	159	149
1167	17,19	53,47	27,14,26,24	50,58,32,55	206	149
1168	15,11	9,12	9,7,7,9	10,5,8,3	199	149
1169	12,28	5,2	25,31,30,48	2,6,11,3	157	149
1170	4,4	8,3	4,10,21,12	2,5,2,2	157	149
1172	11,17	2,3	3,0,7,5	7,7,8,14	179	149
1173	0,3	29,43	2,2,1,3	29,19,46,48	298	149
1174	231,258	0,1	214,218,268,272	0,0,0,0	298	149
1175	2,3	123,139	2,3,1,5	134,144,155,240	153	149
1176	8,10	219,212	4,7,10,14	256,232,216,288	298	149
1177	2,0	204,172	3,0,2,1	242,239,220,287	182	149
1178	2,6	1,1	5,1,0,6	6,5,12,3	167	149
1179	9,10	5,7	23,17,11,16	0,2,1,4	298	149
1180	8,5	5,7	25,22,23,18	0,2,1,4	298	149
1181	20,30	2,2	26,21,32,38	0,1,0,3	204	149
1182	4,3	7,21	12,6,10,10	11,10,13,20	202	149
1185	3,14	293,359	10,6,7,6	317,288,309,359	293	149
1186	2,0	158,192	1,2,1,1	88,135,108,115	153	149
1187	0,0	119,104	1,4,1,3	97,88,92,131	296	149
1188	14,10	0,0	8,8,14,10	3,2,2,0	152	149
1189	14,13	73,52	32,14,46,28	35,45,53,57	161	149
1190	6,3	47,58	0,3,0,7	37,34,67,93	298	149
1191	104,96	0,1	140,129,184,219	0,0,0,0	293	149
1193	40,63	0,3	46,59,44,78	0,1,0,0	168	149
1194	41,41	67,98	62,47,61,75	67,103,81,117	152	149
1196	36,41	1,2	22,24,40,45	0,0,0,4	196	149
1197	7,2	603,621	1,5,2,6	698,703,660,880	298	149
1198	5,3	52,55	21,19,14,28	31,22,34,59	153	149
1199	29,34	189,216	15,15,7,13	225,223,254,275	166	149
1200	56,65	3,7	43,43,43,46	4,1,0,0	278	149
1201	63,75	15,25	52,52,47,53	20,13,25,20	295	149
1202	10,17	15,25	13,10,4,7	20,13,25,20	166	149
1203	1,2	0,2	1,0,1,4	5,6,0,6	160	149
1205	0,1	120,163	0,0,0,0	184,174,134,186	151	149
1206	1,0	0,0	2,3,6,7	9,2,0,9	216	149
1207	37,45	10,0	55,50,45,52	7,11,9,13	177	149
1208	291,340	3,10	355,379,375,433	5,6,6,13	298	149
1209	14,12	25,26	10,16,23,16	27,25,23,46	283	149
1210	7,2	12,9	4,7,4,6	15,13,20,25	155	149
1211	1,0	43,42	2,1,0,4	77,68,61,64	215	149
1212	0,1	5,4	0,0,0,0	5,4,7,5	161	149
1213	1,1	5,8	1,0,0,0	6,4,2,18	161	149
1214	29,24	4039,4230	35,29,26,26	4884,4712,3952,5000	153	149
1215	13,13	90,86	14,8,13,22	67,78,88,120	232	149
1216	9,9	0,0	1,5,14,8	1,4,6,4	156	149
1219	38,42	12,21	76,106,41,58	54,30,30,34	225	149
1220	3,0	686,717	3,0,8,0	595,612,712,806	298	149
1221	17,10	7,2	17,18,14,13	0,3,1,0	298	149
1222	128,177	68,77	158,133,145,176	75,95,97,99	192	149
1223	184,222	17,15	225,181,217,259	11,8,18,11	231	149
1224	213,251	2,1	270,215,250,303	0,0,0,0	246	149
1225	124,122	17,15	142,144,170,182	11,8,18,11	188	149
1226	153,152	2,1	187,178,203,226	0,0,0,0	203	149
1227	46,45	2,1	56,42,51,55	0,0,0,0	164	149
1228	0,0	18,19	1,1,0,0	11,6,18,27	298	149
1230	1,0	0,0	0,0,1,0	1,0,0,0	153	149
1232	29,25	1,0	51,45,22,51	6,3,3,13	193	149
1233	6,9	37,36	4,11,5,13	32,25,37,48	298	149
1234	0,0	3,2	0,2,5,5	11,5,4,12	298	149
1235	0,1	0,0	0,1,2,0	0,0,1,0	171	149
1237	11,18	92,86	1,1,8,2	72,54,79,111	286	149
1240	79,108	1,2	83,94,120,120	0,0,0,0	298	149
1241	15,16	1,2	9,26,19,36	0,0,0,0	297	149
1242	0,0	2,3	1,0,0,2	1,2,4,0	153	149
1244	0,0	112,130	0,1,0,0	94,103,108,126	209	149
1245	34,49	1,0	33,28,67,80	0,0,0,0	298	149
1247	1,1	7,13	2,4,7,0	7,7,16,17	176	149
1249	86,84	2995,3202	103,81,167,141	3524,3365,3828,4594	156	149
1250	3049,3401	0,0	3816,3696,3631,4795	0,1,0,0	182	149
1251	2,2	3620,3834	0,1,3,1	4580,4502,4052,4873	153	149
1253	2,3	1,0	4,5,14,9	0,0,0,5	225	149
1254	2,0	45,50	0,0,0,0	16,30,42,63	296	149
1255	15,24	51,46	54,36,41,58	14,5,8,6	161	149
1256	0,1	13,16	6,5,11,6	25,19,24,21	153	149
1257	215,241	0,2	89,86,88,81	0,1,1,0	298	149
1258	46,79	0,0	50,40,57,72	0,0,2,0	298	149
1259	37,54	139,139	204,155,199,272	53,40,44,66	161	149
1260	62,45	16,19	38,32,29,46	57,54,46,48	155	149
1261	6,5	5,3	4,1,6,10	5,1,3,6	176	149
1262	6,11	1,1	4,2,4,12	4,2,3,1	298	149
1263	6,6	3,6	4,3,4,13	10,6,11,12	298	149
1264	5,10	1,1	5,2,4,8	4,2,3,1	298	149
1265	5,5	3,6	5,3,4,9	10,6,11,12	298	149
1266	1,1	3,6	4,3,3,2	10,6,11,12	185	149
1268	42,34	73,108	60,55,47,73	61,54,81,87	298	149
1270	226,241	0,0	190,193,167,177	1,0,2,10	298	149
1271	0,1	2,1	0,0,3,0	1,0,3,0	200	149
1272	28,25	41,54	19,10,20,32	73,57,80,123	153	149
1275	0,0	2,2	0,0,0,2	0,3,0,2	230	149
1276	38,12	7,19	64,56,45,64	26,32,27,33	256	149
1277	12,23	60,48	12,10,10,16	61,85,96,93	298	149
1278	0,2	35,46	0,10,7,2	46,52,47,88	298	149
1279	15,11	0,0	3,13,9,6	0,1,2,2	295	149
1280	3,2	19,13	0,0,3,3	14,18,17,34	298	149
1281	0,0	5,3	0,1,2,1	2,4,3,4	157	149
1282	66,99	40,34	55,60,60,41	23,17,31,39	298	149
1283	1,1	683,796	3,1,2,3	613,713,747,1058	298	149
1284	4,2	115,110	0,3,0,1	84,70,152,206	298	149
1285	164,155	45,43	323,383,433,539	20,17,49,58	298	149
1287	0,0	109,97	0,0,0,1	75,66,63,103	152	149
1290	14,11	36,31	22,29,43,38	21,30,26,42	298	149
1291	1,2	159,167	3,0,0,5	154,133,176,207	298	149
1292	54,48	10,6	16,32,40,47	18,18,18,29	270	149
1293	213,219	0,0	232,268,214,292	0,0,4,0	288	149
1295	20,18	5,9	14,23,20,15	7,17,9,8	224	149
1296	45,43	1,0	39,44,46,62	0,0,0,0	152	149
1297	12,22	0,2	13,25,29,42	1,1,2,2	270	149
1300	39,26	72,52	12,31,41,31	81,59,70,86	190	149
1302	1,5	89,85	1,4,1,9	89,110,130,124	298	149
1303	19,28	1,0	17,8,15,32	0,0,0,1	155	149
1304	0,6	74,93	2,1,2,0	64,59,69,92	298	149
1305	452,452	0,1	372,385,366,494	0,0,0,0	290	149
1306	2,0	5,16	1,2,2,0	9,10,6,6	298	149
1307	2,1	36,34	0,2,1,0	38,48,51,81	298	149
1308	5,17	36,34	9,12,7,6	38,48,51,81	298	149
1309	252,217	0,2	310,309,224,333	0,0,0,0	298	149
1310	2,2	0,0	5,4,1,5	0,2,0,4	191	149
1311	1,1	60,70	0,0,0,0	74,46,62,69	218	149
1312	48,30	17,25	47,61,35,77	16,4,6,36	172	149
1313	14,8	0,0	5,7,12,13	0,0,1,2	298	149
1315	3,1	6,7	0,0,0,0	4,7,13,10	298	149
1316	3,1	6,7	0,0,0,0	4,7,13,10	298	149
1317	0,3	215,248	4,3,0,0	269,312,322,321	298	149
1319	5,7	166,197	33,24,36,33	435,483,344,418	298	149
1321	49,73	0,0	61,40,44,46	4,3,5,0	213	149
1322	7,9	46,36	13,8,12,12	40,39,24,64	199	149
1323	3,7	0,0	15,6,11,9	0,0,1,0	199	149
1324	74,68	0,0	90,63,53,78	0,0,1,0	298	149
1325	71,61	0,0	79,59,44,74	3,0,0,0	298	149
1327	15,17	2,2	9,7,14,3	2,5,2,0	193	149
1328	7,9	18,15	4,5,5,8	20,13,16,16	198	149
1329	193,174	0,0	125,125,180,190	0,0,0,1	298	149
1330	3,0	0,0	0,4,6,3	0,0,2,0	298	149
1331	0,0	6,5	2,1,1,0	6,13,9,7	181	149
1332	10,9	3,2	8,19,6,6	1,4,4,3	298	149
1333	4,0	27,33	6,3,11,7	33,39,37,42	213	149
1334	168,177	3,9	163,175,185,246	0,2,1,0	155	149
1335	89,95	250,292	83,118,101,157	267,305,319,362	152	149
1337	4,2	1,0	3,5,6,10	1,0,2,4	164	149
1338	5,0	1,1	8,4,0,1	1,1,0,1	171	149
1339	6,2	2,4	1,3,1,2	0,5,12,11	298	149
1340	3,5	7,9	0,0,0,0	22,31,19,17	158	149
1341	35,17	0,0	19,10,23,36	1,2,1,3	176	149
1342	5,3	213,223	10,2,11,15	244,276,220,321	298	149
1343	18,12	35,54	1,6,2,13	43,58,39,58	298	149
1344	909,950	166,147	997,862,815,934	143,142,148,177	173	149
1345	1,0	63,72	0,0,2,8	64,96,83,128	298	149
1346	9,12	1,3	11,13,12,23	0,1,0,2	220	149
1347	26,26	1,3	42,42,38,54	0,1,0,2	298	149
1349	26,23	1,0	51,44,42,75	1,3,0,2	298	149
1350	1,3	153,138	5,5,0,2	124,98,124,135	260	149
1351	5,12	2,3	10,11,13,17	4,0,0,2	298	149
1352	4,6	27,41	11,7,3,10	24,23,44,31	298	149
1358	0,4	2,6	0,2,3,2	5,4,0,4	187	149
1359	10,17	174,225	6,10,4,16	286,248,233,325	298	149
1361	16,12	123,120	26,26,29,52	72,74,89,140	298	149
1362	224,229	0,0	127,141,177,200	2,0,0,0	248	149
1363	5,3	0,1	4,6,8,0	1,1,3,2	153	149
1364	4,6	181,139	7,17,28,14	121,111,159,185	154	149
1367	23,24	41,63	19,19,8,39	53,69,53,79	193	149
1368	0,0	2,7	1,0,0,0	9,15,9,15	167	149
1370	3,4	50,47	1,1,5,2	18,39,36,38	298	149
1371	493,524	0,2	410,496,501,627	0,0,0,0	298	149
1372	11,11	0,2	12,3,2,6	0,0,0,0	298	149
1373	4,0	482,513	0,1,2,1	398,493,499,621	152	149
1377	0,0	103,101	0,0,2,1	110,133,90,152	242	149
1378	0,1	90,100	0,0,0,0	76,107,116,119	164	149
1379	191,175	1,0	254,331,430,474	0,0,0,0	158	149
1380	0,0	4,2	0,1,3,1	0,0,2,1	193	149
1382	10,10	8,1	11,8,13,20	8,3,7,17	152	149
1383	6,3	13,11	0,1,0,2	18,21,29,27	223	149
1384	1,3	40,20	1,0,3,2	24,19,28,49	164	149
1385	11,18	1,1	13,15,15,9	0,0,0,1	161	149
1387	7,0	11,23	0,0,0,8	14,13,19,36	231	149
1389	9,2	17,24	13,5,11,13	17,7,32,32	298	149
1390	2,0	58,34	0,0,0,1	38,29,57,67	152	149
1392	1,1	216,242	0,0,1,1	236,251,257,306	152	149
1394	1,0	256,251	4,8,8,12	276,280,296,323	166	149
1395	4,17	59,61	9,4,14,19	55,39,70,76	166	149
1396	36,48	4,5	92,101,147,222	5,5,0,6	190	149
1397	0,0	17,10	0,0,0,3	19,29,22,44	298	149
1401	1,0	91,75	0,0,2,0	89,56,68,110	158	149
1402	0,2	24,35	1,2,0,1	25,32,24,28	298	149
1403	10,11	5,11	19,30,38,45	2,5,0,5	173	149
1405	4,2	62,86	3,2,6,5	102,107,114,142	230	149
1406	3,0	443,453	1,1,0,0	319,377,377,595	298	149
1407	8,2	16,16	1,0,0,0	13,17,14,25	298	149
1408	134,135	0,0	128,103,121,154	2,1,1,2	298	149
1410	0,4	1,2	5,1,0,5	3,0,0,1	153	149
1411	0,0	1,5	0,0,3,0	4,9,10,8	253	149
1412	30,17	538,589	8,20,13,13	471,477,492,585	298	149
1413	5,7	0,1	24,23,20,41	0,1,0,0	167	149
1414	5,11	6,7	4,6,7,2	5,5,14,16	179	149
1417	20,27	0,0	21,19,24,24	0,1,0,0	298	149
1418	13,14	6,2	30,26,25,19	19,23,14,26	298	149
1419	0,4	0,6	0,2,0,0	2,1,1,2	176	149
1420	8,9	522,536	9,9,11,10	560,529,427,681	298	149
1421	8,12	522,536	11,8,12,12	560,529,427,681	298	149
1422	7,3	18,16	5,5,0,3	4,0,2,7	298	149
1423	19,20	101,104	11,9,2,16	163,169,187,256	298	149
1424	32,33	101,104	11,5,4,21	163,169,187,256	192	149
1425	22,24	6,5	9,6,4,18	13,9,18,16	192	149
1426	155,162	59,48	132,109,167,217	111,101,141,119	170	149
1427	5,5	34,47	3,1,2,2	31,36,45,38	298	149
1430	1,4	139,169	7,13,9,9	193,200,129,177	298	149
1431	9,14	12,5	5,10,16,13	2,4,7,6	153	149
1432	37,32	43,55	24,42,20,37	93,107,102,79	174	149
1433	0,0	136,155	1,0,2,0	134,149,151,169	298	149
1434	5,3	63,97	3,0,4,1	81,94,50,84	298	149
1435	0,0	1,5	0,0,0,1	10,6,5,9	298	149
1439	47,36	106,98	23,36,51,39	60,72,91,83	211	149
1440	0,1	29,32	0,0,0,0	30,33,56,48	188	149
1441	20,22	23,44	15,20,13,27	15,25,40,47	298	149
1443	4,4	24,25	0,10,12,5	16,12,18,39	298	149
1444	121,113	2,0	99,105,124,157	0,0,0,0	227	149
1445	88,152	51,50	101,119,95,131	64,65,79,80	161	149
1446	14,16	8,6	33,36,10,25	0,2,0,0	172	149
1447	5,8	201,205	66,69,79,95	117,101,125,150	186	149
1448	0,2	237,276	1,1,1,3	273,240,277,340	176	149
1452	457,532	11,6	456,435,393,466	2,1,6,6	282	149
1453	0,0	44,41	0,0,0,1	34,34,65,65	298	149
1454	0,0	84,74	1,1,2,0	79,104,144,182	298	149
1455	0,0	45,60	0,0,1,0	65,27,47,73	185	149
1456	0,0	70,61	0,0,0,1	49,47,61,90	215	149
1458	5,2	92,88	17,5,16,11	57,72,79,125	264	149
1459	58,65	0,0	78,60,55,87	0,4,1,2	152	149
1461	5,3	106,117	6,4,2,1	164,122,138,161	298	149
1462	4,2	62,62	8,1,5,6	57,74,83,94	298	149
1463	108,95	0,0	79,86,122,146	1,0,4,1	298	149
1464	10,12	17,13	10,4,16,18	24,11,46,39	265	149
1465	0,0	2,1	0,0,2,3	5,2,0,2	222	149
1467	59,75	7,9	56,55,87,79	0,0,0,0	160	149
1468	0,2	13,18	0,2,1,2	17,20,35,38	298	149
1469	1,2	392,393	1,1,0,2	429,455,441,514	154	149
1470	15,13	16,15	15,7,11,14	5,1,6,7	168	149
1472	548,482	0,0	507,505,514,611	0,0,1,0	298	149
1473	92,107	3,0	127,96,91,167	0,0,0,0	200	149
1474	1,1	0,5	1,0,3,6	0,0,1,2	161	149
1476	3,4	91,74	3,7,6,1	64,69,81,163	298	149
1477	0,2	3,0	0,0,2,1	0,0,1,0	194	149
1479	6,15	90,69	15,7,9,14	60,84,55,91	153	149
1480	0,0	3,8	0,0,2,0	6,8,4,2	159	149
1481	0,2	3,4	8,0,0,1	1,5,3,1	194	149
1482	77,59	79,113	65,74,59,90	103,77,90,139	298	149
1483	37,29	48,26	44,46,34,58	28,32,28,49	298	149
1484	146,161	2,0	143,143,197,284	0,0,0,0	298	149
1485	7,15	1,5	19,11,15,10	0,2,2,6	224	149
1486	1,2	6,25	3,0,2,2	24,17,13,28	153	149
1487	188,173	1,0	127,169,153,231	0,0,0,0	298	149
1488	0,1	219,228	2,0,0,0	238,218,192,258	176	149
1489	3,8	1129,1186	8,2,5,6	1032,1011,1076,1465	151	149
1490	1,3	14,17	0,0,0,0	19,37,33,36	171	149
1491	8,8	1226,1463	9,13,7,11	1365,1338,1226,1547	155	149
1492	0,0	4,4	2,2,0,2	12,13,2,7	151	149
1493	8,16	21,17	7,2,2,6	12,15,28,24	298	149
1495	1,0	1,0	3,1,0,12	0,0,1,5	192	149
1497	96,113	0,1	57,67,74,96	0,0,0,0	298	149
1498	9,6	0,0	6,6,9,14	1,1,3,2	287	149
1499	11,12	4636,4798	1,4,0,0	3244,3281,2611,3542	154	149
1500	99,69	4636,4798	55,53,70,62	3244,3281,2611,3542	298	149
1501	98,71	4636,4798	52,47,70,62	3244,3281,2611,3542	298	149
1502	98,69	4636,4798	51,47,70,62	3244,3281,2611,3542	298	149
1503	99,68	11,10	57,54,70,63	1,4,0,0	298	149
1504	98,70	11,10	54,48,70,63	1,4,0,0	298	149
1505	98,68	11,10	53,48,70,63	1,4,0,0	298	149
1506	30,52	1,0	25,11,25,26	4,6,0,0	298	149
1507	30,50	1,0	24,11,25,26	4,6,0,0	298	149
1508	26,30	0,2	4,5,6,13	1,0,0,0	298	149
1509	48,43	7650,8005	26,17,18,18	6249,5997,4409,5440	153	149
1510	46,41	2,1	26,17,18,18	1,0,3,6	153	149
1511	25,29	20,6	8,26,21,10	5,11,5,6	183	149
1512	0,1	688,681	0,0,1,0	283,267,260,300	153	149
1514	0,0	7,4	0,0,2,0	6,12,19,17	267	149
1517	2,0	4,2	11,3,4,9	3,8,2,0	173	149
1518	3,0	6,8	2,9,9,2	3,6,9,17	176	149
1519	11,10	16,14	7,9,13,16	10,19,11,20	167	149
1520	16,20	1,1	19,6,12,14	0,0,0,1	153	149
1521	0,0	4,3	0,0,0,3	1,11,14,36	298	149
1523	3,1	0,3	0,1,0,0	2,4,6,6	162	149
1524	8,5	0,0	17,7,23,25	0,1,1,5	203	149
1525	9,7	46,63	4,11,9,12	45,42,48,74	169	149
1526	3002,3465	10,12	3241,3132,3306,4200	10,14,21,20	155	149
1527	1,2	983,1103	1,0,1,4	1046,1009,1174,1820	298	149
1528	6,1	244,226	4,9,6,4	256,253,203,252	161	149
1529	16,11	45,42	11,14,5,4	47,35,60,72	179	149
1530	84,62	0,0	136,124,124,162	1,1,0,0	298	149
1531	191,212	1,4	159,175,185,191	3,2,1,6	186	149
1532	175,176	34,50	129,132,181,172	25,28,38,42	290	149
1533	3,6	104,120	4,3,2,3	95,100,119,120	298	149
1534	4,5	0,0	2,6,5,3	0,0,3,0	191	149
1535	71,79	3,3	93,85,78,96	0,0,2,0	298	149
1536	0,1	59,58	0,0,4,4	38,44,63,86	298	149
1537	46,65	1,0	59,60,55,65	0,0,0,0	298	149
1538	29,36	1,8	31,39,41,34	2,1,0,3	186	149
1539	17,28	1,8	24,28,28,27	2,1,0,3	207	149
1540	4,8	16,16	6,7,4,10	13,18,17,17	170	149
1541	118,109	2,0	176,168,159,244	0,0,0,0	155	149
1542	2,7	151,121	12,7,8,7	111,99,106,144	155	149
1543	0,0	11,8	0,2,2,3	12,10,11,21	298	149
1544	45,46	19,6	27,41,28,35	3,8,5,2	163	149
1545	4,6	141,160	1,6,0,5	194,232,165,231	153	149
1546	121,107	0,0	95,84,66,102	0,0,0,1	298	149
1547	12,13	1,3	1,4,1,6	0,0,0,0	257	149
1548	1,1	0,2	0,1,9,0	0,0,1,0	296	149
1549	0,0	1,5	1,0,0,1	2,3,5,14	298	149
1550	1,0	133,110	2,1,2,2	109,141,143,197	298	149
1551	2,1	1,2	0,2,3,8	0,0,0,1	175	149
1552	40,36	2,0	32,45,55,59	0,0,0,0	293	149
1553	15,17	1579,1609	16,19,23,7	1552,1570,1420,1719	153	149
1554	0,0	3,0	0,0,2,0	0,3,0,3	285	149
1555	4,13	3,0	10,13,3,6	0,3,0,3	298	149
1557	1,4	504,557	2,11,5,5	479,449,558,708	298	149
1559	79,83	1,0	90,79,68,125	1,1,0,0	298	149
1561	8,3	17,33	0,2,2,0	18,26,40,39	298	149
1562	2,1	177,189	0,2,1,0	152,167,158,174	153	149
1563	35,24	1,0	65,59,69,83	4,1,3,2	171	149
1564	8,10	1692,1804	7,9,10,16	1691,1694,1861,2397	298	149
1565	38,22	1,3	30,13,56,43	1,1,5,1	221	149
1566	1,1	40,36	0,0,0,3	26,13,16,22	158	149
1567	78,74	0,0	95,117,109,115	6,1,6,3	298	149
1569	155,132	11,3	115,148,138,172	2,2,7,2	162	149
1572	0,3	41,30	5,4,11,20	32,21,25,48	185	149
1573	2,7	135,105	6,7,4,0	96,86,101,128	298	149
1574	0,2	350,381	1,2,0,0	380,416,356,541	298	149
1575	0,1	218,210	0,1,2,1	159,171,219,194	206	149
1576	3,2	47,37	6,6,5,2	23,29,34,30	189	149
1577	64,59	9,4	54,35,54,73	12,4,10,15	164	149
1578	7,17	4,1	11,14,22,22	2,5,0,3	171	149
1579	4,12	74,65	1,11,3,4	71,87,88,102	298	149
1580	1,2	54,45	0,8,2,3	63,65,48,79	173	149
1582	1,1	29,32	0,0,0,1	31,25,54,90	298	149
1583	20,10	316,296	8,16,5,14	255,273,221,344	298	149
1584	20,11	316,296	9,18,7,8	255,273,221,344	298	149
1585	3,6	2,1	8,4,7,6	3,0,1,7	167	149
1586	1,0	1,0	0,0,0,2	0,1,1,1	215	149
1587	51,37	4,3	24,26,60,41	2,4,2,2	172	149
1590	7,7	161,178	28,32,46,49	253,195,293,371	298	149
1591	7,11	33,31	6,2,0,3	55,32,84,116	153	149
1592	463,469	24,9	578,511,565,685	22,33,21,20	154	149
1595	4,3	6,3	7,5,2,4	3,12,5,8	219	149
1596	4,10	65,107	12,8,21,26	77,81,135,110	174	149
1597	152,172	0,1	172,154,172,183	0,0,0,0	298	149
1598	1,1	89,75	1,0,0,4	57,56,62,93	289	149
1599	1,1	4,2	5,0,4,0	0,0,0,0	196	149
1600	0,3	4,2	3,1,2,5	0,0,0,0	225	149
1601	0,3	1,1	2,1,2,5	4,0,4,0	178	149
1602	0,0	23,19	0,0,5,3	27,43,44,35	298	149
1603	1,0	51,96	3,1,1,4	66,77,79,101	288	149
1604	36,42	3,1	60,82,53,91	1,0,0,0	154	149
1605	4,17	48,34	5,7,15,6	39,49,64,94	298	149
1606	48,42	69,50	46,60,53,51	44,48,39,48	161	149
1608	4,4	3,6	2,5,2,1	7,5,3,15	298	149
1610	36,45	50,45	19,23,35,26	37,52,45,84	221	149
1611	261,266	1,0	268,292,291,432	0,0,0,0	298	149
1612	0,1	106,128	2,0,0,8	211,175,176,199	298	149
1613	0,0	70,83	0,0,2,0	69,69,89,131	298	149
1614	390,426	70,98	394,391,382,425	77,88,82,84	253	149
1615	509,529	10,4	620,519,528,624	10,4,5,10	152	149
1616	202,246	249,258	197,171,189,251	356,272,367,391	152	149
1617	86,79	0,0	78,89,74,92	0,0,0,2	298	149
1618	4,7	73,65	8,3,3,9	71,79,80,74	298	149
1619	8,8	71,94	7,7,4,14	68,75,72,92	278	149
1620	4,0	70,64	2,0,0,0	52,71,72,78	157	149
1621	0,1	3,2	4,1,0,2	7,3,2,3	161	149
1622	0,0	52,54	0,0,0,2	78,71,58,73	154	149
1624	0,2	3,2	5,3,4,5	0,0,1,0	259	149
1626	0,2	3,2	3,3,2,1	0,0,1,0	205	149
1627	84,118	163,176	156,169,108,156	124,122,62,119	164	149
1629	1,2	5,2	0,0,2,2	1,2,1,1	170	149
1630	2,1	0,1	7,0,2,2	5,2,1,2	160	149
1631	2,1	82,62	6,0,0,0	55,45,76,104	298	149
1632	0,1	82,62	5,2,1,2	55,45,76,104	298	149
1634	21,22	126,120	6,17,21,18	115,98,112,132	298	149
1635	12,8	0,0	21,11,15,19	1,2,0,3	233	149
1637	3,0	0,1	0,0,0,3	0,0,0,0	177	149
1638	0,0	1,0	0,0,1,0	0,1,0,0	153	149
1639	83,61	931,981	53,38,77,71	1172,1085,1365,1591	298	149
1640	1,1	42,76	0,3,1,1	43,63,77,80	212	149
1641	1,4	4,1	0,0,0,1	5,10,12,9	295	149
1642	45,43	0,0	28,45,68,58	0,0,0,3	298	149
1643	22,16	31,18	28,36,44,40	6,16,19,36	298	149
1644	0,3	14,35	1,0,2,5	24,16,22,45	298	149
1645	0,2	14,35	1,1,2,5	24,16,22,45	298	149
1646	0,0	0,1	0,1,0,0	0,0,0,0	153	149
1648	13,15	95,94	9,9,1,16	91,90,109,111	167	149
1649	26,48	0,0	31,27,39,55	1,1,4,1	298	149
1650	0,0	45,74	0,2,1,0	35,51,51,64	298	149
1651	16,29	0,0	39,24,48,69	1,0,0,1	298	149
1652	9,2	0,0	8,6,6,8	0,2,0,2	298	149
1653	13,17	68,44	9,7,6,23	45,33,38,64	258	149
1654	1,7	0,0	4,4,3,3	2,0,0,0	224	149
1655	23,27	23,36	29,36,20,41	50,54,35,63	214	149
1656	33,57	0,0	79,72,63,95	1,0,1,2	182	149
1657	33,48	0,0	58,54,48,73	1,0,1,2	247	149
1658	41,60	0,3	39,39,48,50	3,10,9,7	212	149
1659	0,2	66,67	0,3,1,1	70,80,82,99	298	149
1660	38,49	15,16	10,9,9,7	15,15,17,14	153	149
1661	7,12	0,0	6,2,5,2	0,1,0,2	267	149
1662	0,1	99,91	1,1,0,2	87,85,67,89	167	149
1663	0,3	54,76	1,2,0,0	34,30,48,43	209	149
1664	78,118	9,2	65,43,68,79	12,9,3,6	269	149
1665	98,125	1,0	132,127,102,150	0,0,2,0	298	149
1666	171,188	2,1	283,298,215,329	0,0,0,0	298	149
1667	213,200	13,6	282,297,265,309	26,11,26,25	298	149
1671	2,3	0,0	12,2,10,7	1,0,0,0	293	149
1673	7,3	7,7	13,10,15,8	11,5,4,7	152	149
1674	0,2	109,103	0,0,2,5	121,99,85,133	288	149
1675	0,5	0,0	0,4,5,9	0,0,2,0	155	149
1676	2,0	0,1	0,2,3,1	2,1,1,2	298	149
1677	10,7	6,5	2,7,9,16	3,12,22,21	284	149
1678	5,7	4,7	3,8,8,12	10,10,8,23	298	149
1679	6,7	4,7	4,13,22,22	10,10,8,23	180	149
1680	0,1	31,23	0,0,0,0	30,33,45,70	152	149
1681	3,4	1,0	0,0,1,1	0,1,2,1	153	149
1682	6,2	1,4	0,0,0,0	11,0,4,5	153	149
1683	0,0	22,17	0,0,0,1	19,21,28,22	188	149
1685	25,18	34,38	21,15,25,27	46,53,37,62	244	149
1686	75,95	34,38	38,59,42,85	46,53,37,62	298	149
1687	93,119	25,18	51,80,59,107	21,15,25,26	298	149
1688	3,0	48,45	3,0,0,1	37,45,57,75	194	149
1689	0,0	19,16	7,8,3,6	8,16,27,22	181	149
1690	47,36	2,3	21,20,25,44	5,5,5,8	173	149
1691	8,5	1,2	7,5,0,5	0,0,0,0	173	149
1692	11,13	0,0	13,13,4,28	0,1,0,0	158	149
1694	44,49	0,0	71,69,77,90	1,0,3,5	191	149
1695	0,1	40,42	0,0,0,1	39,41,50,52	221	149
1696	158,163	0,0	176,149,177,246	0,0,0,2	298	149
1697	18,5	1,0	16,16,33,12	0,0,0,0	279	149
1699	0,0	3158,3255	0,1,0,0	4020,4033,3687,4858	153	149
1700	3,15	5,10	8,3,13,18	5,6,7,10	278	149
1701	215,194	0,0	166,193,188,307	1,0,0,0	298	149
1702	43,26	55,38	41,66,82,117	20,8,16,38	218	149
1704	1,0	384,387	1,4,0,0	262,297,365,481	298	149
1706	1,1	647,735	1,0,1,0	667,713,814,948	154	149
1707	123,145	0,0	109,124,132,161	0,0,1,0	206	149
1710	95,90	0,1	76,86,95,116	0,0,0,0	152	149
1711	0,0	43,31	1,0,0,2	29,36,23,33	153	149
1712	4,0	22,14	0,1,0,0	7,5,15,30	298	149
1714	2,4	0,2	1,6,0,2	0,0,0,0	274	149
1715	51,48	0,0	39,55,90,73	2,0,0,0	298	149
1716	45,43	23,18	42,56,57,66	25,30,27,29	298	149
1717	19,16	23,18	27,28,20,29	25,30,27,29	298	149
1718	59,58	0,0	43,66,57,78	1,3,1,2	298	149
1719	1,0	28,29	0,0,0,2	50,53,65,120	298	149
1723	48,29	220,228	30,33,20,70	246,249,241,376	298	149
1724	3,11	48,27	2,3,0,12	25,31,20,62	170	149
1725	10,21	401,412	7,8,22,2	145,155,156,231	298	149
1726	9,1	43,57	2,2,1,2	24,32,51,65	298	149
1727	123,143	0,3	149,114,146,179	0,0,2,0	298	149
1728	65,92	1,4	139,119,163,170	1,2,4,3	170	149
1729	11,5	0,6	1,6,5,8	0,0,0,0	162	149
1730	15,16	894,1015	16,9,7,13	941,899,867,1140	153	149
1731	1,2	66,86	3,3,3,0	66,62,82,89	298	149
1732	3,0	0,0	2,0,1,0	0,3,0,0	203	149
1733	9,4	0,0	6,9,5,6	0,3,0,0	298	149
1734	13,5	3,0	6,14,11,16	2,0,1,0	298	149
1735	53,64	3,1	42,54,54,58	4,4,2,2	298	149
1736	1,2	239,234	0,0,0,2	216,208,308,307	209	149
1737	3,3	22,19	2,3,0,3	12,8,16,27	298	149
1738	2,0	34,37	0,0,0,0	28,31,37,52	243	149
1739	16,12	4,1	23,27,26,35	5,3,0,1	298	149
1740	9,2	2,0	2,4,14,8	3,2,3,5	298	149
1741	9,9	0,1	6,11,14,10	0,0,0,0	152	149
1742	2,0	2,0	1,1,0,0	0,1,0,1	154	149
1743	2,2	14,15	11,19,8,5	14,22,15,30	154	149
1744	1,1	0,0	2,1,0,1	0,1,0,1	154	149
1745	2,2	19,19	18,21,7,11	33,34,33,36	181	149
1746	112,148	0,0	139,169,194,174	1,2,4,4	278	149
1747	35,44	11,8	56,27,48,57	8,6,3,3	298	149
1750	7,5	4,8	2,4,5,2	19,17,11,25	153	149
1751	6,8	8,2	3,3,2,3	7,1,0,13	165	149
1752	6,14	1,2	8,2,5,5	7,2,1,9	298	149
1753	5,13	1,2	8,1,3,7	7,2,1,9	193	149
1754	1,1	708,797	3,4,9,7	644,567,736,913	298	149
1755	105,69	95,109	73,115,88,106	115,114,154,118	153	149
1756	0,0	51,50	0,1,0,3	23,32,56,45	298	149
1758	115,138	1,4	195,167,267,307	14,20,26,24	151	149
1760	444,441	36,33	447,417,508,496	32,49,21,27	250	149
1761	19,19	6,1	2,2,5,1	3,9,13,17	184	149
1762	0,0	37,32	0,0,0,1	5,4,10,20	158	149
1763	8,2	9,6	5,16,28,6	8,11,35,13	186	149
1764	1,4	7,9	2,8,3,7	7,0,5,8	242	149
1768	1,5	41,39	2,3,3,1	41,52,57,39	298	149
1769	24,19	1,8	7,4,8,12	1,5,3,14	298	149
1770	13,11	100,114	13,2,20,10	74,86,109,138	171	149
1771	21,20	44,46	17,19,15,36	38,47,31,77	298	149
1772	118,126	4,9	127,111,123,176	0,4,4,3	298	149
1773	0,1	1,0	0,0,0,1	0,0,0,0	155	149
1774	6,2	78,93	2,7,4,7	126,174,202,228	298	149
1775	55,57	0,1	50,45,78,60	0,1,0,4	173	149
1776	7,2	1,6	0,1,0,1	33,22,12,19	224	149
1777	13,11	113,111	4,7,5,8	111,86,105,126	176	149
1778	1,12	117,126	1,1,4,4	119,110,154,197	211	149
1779	34,67	12,9	68,42,27,52	4,5,8,2	164	149
1780	3,2	1,1	8,2,3,3	1,0,0,2	164	149
1781	94,77	0,0	63,63,50,94	1,3,0,0	298	149
1785	0,1	0,0	6,5,2,5	3,0,0,2	170	149
1786	260,278	18,15	199,235,195,291	11,10,11,5	298	149
1787	7,8	0,0	4,8,18,18	7,0,4,4	298	149
1788	20,45	8,1	42,34,49,97	2,4,3,2	298	149
1789	24,34	0,2	29,34,55,53	3,2,2,7	261	149
1790	98,100	1,6	134,152,195,219	2,2,1,7	247	149
1792	17,24	83,73	72,64,69,90	86,60,76,103	233	149
1793	67,74	1,4	52,49,86,98	3,2,0,0	291	149
1794	2,1	48,54	0,0,0,1	37,33,67,69	218	149
1796	72,66	12,11	36,66,64,59	4,0,4,5	155	149
1797	13,7	2,0	19,12,21,16	0,0,0,0	153	149
1798	272,315	0,0	249,246,221,312	1,0,0,11	152	149
1799	55,63	40,39	24,28,36,41	39,54,69,91	184	149
1800	9,3	8,6	3,4,1,2	7,5,9,7	154	149
1801	0,2	9,16	0,0,0,1	10,8,12,11	154	149
1803	0,2	220,295	1,1,0,2	305,278,359,390	152	149
1804	2,1	60,45	0,0,1,0	52,51,75,98	155	149
1805	16,5	88,110	9,10,14,18	125,108,164,209	288	149
1806	4,14	21,16	12,20,10,27	12,13,11,26	258	149
1807	1,4	16,21	1,1,6,8	16,32,18,19	298	149
1808	1,0	274,273	1,0,0,0	239,248,229,313	153	149
1809	0,0	68,74	0,0,4,4	58,72,88,144	298	149
1810	32,45	1,0	43,38,51,47	0,0,0,1	166	149
1811	33,20	2,2	37,35,36,54	0,0,1,0	152	149
1816	2,3	125,121	4,2,6,18	154,130,153,176	173	149
1818	4,3	0,0	2,2,10,11	0,0,1,0	298	149
1819	6,3	0,0	3,5,11,15	0,2,2,0	298	149
1823	103,71	3,6	128,150,97,152	6,5,4,4	281	149
1824	2,1	49,63	1,1,4,0	58,67,54,68	203	149
1825	97,96	30,31	9,3,5,9	99,138,133,173	155	149
1826	215,206	0,1	172,145,174,287	0,6,0,5	298	149
1827	177,221	1,3	193,192,205,282	0,0,0,0	157	149
1828	0,1	88,80	2,0,3,3	62,44,54,75	221	149
1829	97,109	0,0	109,135,135,166	0,3,0,0	281	149
1830	135,153	0,2	132,131,92,138	0,1,0,2	298	149
1832	0,4	0,0	0,0,1,4	2,0,0,0	155	149
1836	38,36	1,0	80,83,74,78	0,0,0,0	298	149
1837	2,4	27,18	4,2,4,10	32,42,54,33	161	149
1838	18,18	0,0	51,35,36,30	1,0,0,4	298	149
1839	24,23	1,7	56,46,24,46	3,0,2,4	161	149
1840	2,0	16,12	0,0,0,0	9,13,16,28	183	149
1841	29,10	2,0	17,20,37,36	0,0,0,0	273	149
1842	17,31	0,0	45,33,29,41	1,0,0,0	298	149
1843	224,226	0,2	405,430,116,186	1,0,1,0	298	149
1844	3,4	58,60	3,6,2,9	43,53,54,79	298	149
1845	2,0	3,1	0,0,0,0	3,2,0,6	155	149
1847	0,0	26,16	1,0,0,1	15,16,18,31	222	149
1848	33,42	532,535	30,37,37,46	485,459,513,536	298	149
1849	13,17	9,12	17,16,8,19	13,14,10,13	161	149
1850	0,2	1,1	1,1,6,1	3,3,2,1	153	149
1851	8,4	16,7	4,4,5,1	11,7,6,12	151	149
1854	15,5	78,75	7,9,2,10	81,79,49,73	160	149
1855	3,3	9,3	0,2,2,2	2,12,3,11	173	149
1856	57,42	2,0	27,37,47,47	0,0,1,0	296	149
1857	2,3	55,41	2,10,6,5	26,33,47,47	298	149
1858	388,419	0,0	386,422,442,581	2,0,3,0	298	149
1859	106,105	13,27	91,103,89,108	30,25,21,35	298	149
1860	480,405	28,40	586,584,617,706	8,5,6,11	228	149
1861	277,277	1,0	264,232,199,242	2,0,0,0	298	149
1862	3,0	116,137	11,3,6,2	156,109,111,159	298	149
1864	12,15	0,0	13,18,29,28	0,0,0,1	298	149
1865	4,0	26,14	0,0,2,0	5,3,3,6	298	149
1866	13,15	3253,3415	17,12,16,10	3644,3652,3233,3760	152	149
1869	177,192	2,4	67,92,112,118	2,3,8,7	182	149
1870	16,14	9,11	3,8,14,21	6,3,8,11	259	149
1871	10,33	52,41	3,3,1,16	45,73,68,99	155	149
1872	16,15	18,19	10,8,23,12	24,23,27,33	298	149
1873	0,6	21,27	0,1,0,0	1,6,20,35	298	149
1874	19,25	117,126	21,20,24,28	109,111,107,142	211	149
1875	5,14	96,82	9,14,10,5	63,76,88,104	298	149
1876	0,1	0,0	0,0,0,0	0,0,5,1	200	149
1877	38,43	4,9	30,25,40,31	8,4,2,1	237	149
1878	4,0	6,14	1,0,0,0	16,5,13,15	298	149
1879	17,14	54,66	26,30,50,56	48,68,74,115	161	149
1880	3004,3371	4,4	3984,3702,3160,3673	5,0,2,1	152	149
1881	13,13	3,5	16,13,17,20	3,4,6,10	298	149
1882	0,3	12,13	2,0,7,0	15,16,14,25	204	149
1883	0,0	7,3	1,0,0,2	2,11,9,5	298	149
1884	24,35	28,36	20,13,25,25	57,56,52,58	298	149
1885	11,12	0,0	11,8,30,42	0,4,0,0	298	149
1886	10,5	3,2	8,8,21,41	0,1,0,0	298	149
1887	14,11	3,2	40,29,56,69	0,1,0,0	298	149
1888	12,12	0,0	41,33,65,55	0,0,0,1	298	149
1889	9,7	21,21	10,16,11,22	70,49,68,77	206	149
1890	21,18	484,590	24,14,24,36	503,439,490,584	298	149
1891	1,1	11,31	1,1,0,0	26,23,20,23	177	149
1892	10,5	3,0	8,4,11,9	3,5,0,6	298	149
1893	2,0	4,4	0,0,0,0	3,6,1,8	298	149
1898	55,70	64,58	67,57,89,84	106,106,96,157	176	149
1899	0,0	0,1	0,0,0,2	0,0,0,0	153	149
1900	90,129	0,1	130,139,143,172	0,0,0,0	253	149
1903	13,12	1,0	11,16,11,23	0,0,0,0	191	149
1904	3,2	220,219	7,5,11,4	198,264,220,306	298	149
1907	0,4	91,80	2,1,1,3	54,42,91,123	298	149
1908	0,4	91,80	1,1,0,1	54,42,91,123	298	149
1910	18,4	29,33	10,49,52,61	20,22,36,37	249	149
1911	11,9	0,1	8,10,12,5	1,0,3,0	161	149
1912	1048,1129	0,0	772,846,748,910	0,2,0,0	298	149
1913	83,104	49,56	70,80,72,66	29,23,23,42	247	149
1914	35,42	0,1	34,32,29,52	0,0,0,0	298	149
1915	392,398	15,10	376,375,346,418	3,5,6,8	155	149
1916	1,0	196,196	0,0,3,0	220,164,150,229	155	149
1921	13,10	2,2	15,17,14,21	2,0,1,0	298	149
1922	20,23	2,0	26,19,20,27	4,0,0,0	267	149
1923	12,23	6,8	4,9,0,0	26,8,23,37	177	149
1925	4,6	4,11	17,9,4,6	25,30,7,6	298	149
1926	4,2	4,0	1,4,14,11	1,0,1,1	200	149
1927	212,214	316,323	207,242,350,470	239,222,328,388	298	149
1928	299,269	3,4	357,377,349,438	3,2,3,5	170	149
1929	192,187	1,0	215,263,220,256	0,0,0,2	170	149
1930	185,185	2,1	232,240,226,256	1,2,3,3	170	149
1931	140,141	2,4	180,196,169,204	0,0,1,6	170	149
1932	181,175	2,4	229,263,218,258	0,0,1,6	191	149
1933	161,158	2,4	207,226,192,231	0,0,1,6	212	149
1934	161,161	2,4	210,230,192,235	0,0,1,6	233	149
1935	41,38	0,4	49,67,50,58	0,0,1,4	170	149
1936	21,21	0,4	27,30,24,31	0,0,1,4	191	149
1937	22,24	0,4	30,34,24,35	0,0,1,4	212	149
1938	4,1	22,17	1,4,3,9	22,37,27,28	170	149
1939	9,6	22,17	6,10,10,17	22,37,27,28	191	149
1940	7,7	1,0	12,8,11,12	0,0,1,1	170	149
1941	173,172	0,0	234,245,209,252	3,0,0,2	233	149
1942	167,164	0,1	214,238,202,239	0,0,0,2	191	149
1943	160,158	0,1	207,226,193,230	0,0,0,2	212	149
1944	160,158	0,1	209,227,191,231	0,0,0,2	233	149
1945	3,1	8,6	1,4,4,8	7,12,11,9	170	149
1946	8,3	8,6	5,7,9,13	7,12,11,9	191	149
1947	6,4	0,0	11,5,10,8	0,0,2,0	170	149
1948	141,141	0,2	187,197,168,206	0,0,0,0	170	149
1949	159,159	0,2	208,228,191,232	0,0,0,0	191	149
1950	242,243	0,2	287,341,298,382	0,0,0,0	212	149
1951	19,22	1,4	28,32,23,32	7,1,0,6	170	149
1952	102,106	1,4	107,145,130,182	7,1,0,6	191	149
1953	85,86	0,1	81,119,109,160	1,2,0,2	170	149
1954	2,1	0,1	0,1,0,0	0,0,0,1	168	149
1956	10,4	8,4	2,5,8,4	2,1,4,8	298	149
1960	1,0	0,0	2,3,11,8	0,0,2,0	171	149
1961	6,2	147,203	2,1,4,0	148,109,133,202	227	149
1963	5,4	67,66	26,15,18,23	65,58,61,88	160	149
1965	15,29	32,25	28,13,29,29	19,10,36,38	176	149
1966	2,1	4,13	2,1,2,3	8,5,9,12	298	149
1968	0,1	22,20	0,0,0,0	20,26,19,30	167	149
1969	0,1	223,295	0,0,0,0	130,165,182,231	161	149
1970	3,0	320,271	0,0,0,2	135,157,228,232	155	149
1971	0,1	118,148	0,1,1,2	113,112,106,182	151	149
1973	19,9	25,39	21,6,17,21	124,114,121,167	160	149
1974	0,3	2,1	2,2,0,3	12,6,6,11	153	149
1975	15,22	3,4	10,5,12,18	1,4,4,5	153	149
1976	6,7	22,12	3,7,6,7	15,13,30,31	161	149
1977	1,4	22,12	1,1,5,1	15,13,30,31	173	149
1979	59,52	99,85	81,69,55,60	113,120,126,100	186	149
1980	80,91	0,2	49,44,64,82	5,5,1,8	160	149
