ID	IJC_SAMPLE_1	SJC_SAMPLE_1	IJC_SAMPLE_2	SJC_SAMPLE_2	IncFormLen	SkipFormLen	PValue
0	2272,2417	1,4	1582,827	2,0	188	99	1
2	24,24	0,1	16,10	0,0	165	99	1
3	159,162	2,0	167,80	1,0	198	99	1
4	4316,4878	1,0	4212,2120	0,0	177	99	1
5	116,106	0,0	84,35	2,0	140	99	1
6	86,157	0,1	70,48	0,0	188	99	1
7	619,572	1,0	477,257	0,0	160	99	1
8	551,587	0,0	449,216	0,1	179	99	1
9	3,0	29,29	0,1	13,10	120	99	1
10	975,1288	0,1	596,282	0,0	163	99	1
11	134,158	74,64	38,22	55,39	157	99	0.000247955110928
13	675,672	8,0	469,204	4,0	198	99	1
14	9,5	5,0	17,2	3,9	198	99	0.337985616332
15	61,82	2,0	59,39	0,0	198	99	1
16	331,325	1,6	242,104	0,1	198	99	1
19	1,0	4,10	0,0	3,0	198	99	1
21	192,192	4,1	152,85	2,0	169	99	1
22	28,34	0,0	16,6	2,0	198	99	1
24	292,271	0,1	152,90	0,0	198	99	1
25	73,57	1,0	41,14	0,2	152	99	1
26	77,69	1,0	63,21	0,2	155	99	1
27	11,15	4,1	2,1	0,0	161	99	0.424533616533
29	2,3	0,0	0,0	1,1	198	99	9.68952851288e-09
30	7,4	0,0	4,2	1,1	147	99	0.527349638856
31	39,67	1,1	25,8	0,0	136	99	1
32	6832,7860	1,0	5143,2474	0,0	173	99	1
33	477,597	0,1	422,220	0,0	145	99	1
34	106,113	0,1	54,42	0,0	186	99	1
35	203,198	1,1	125,67	0,0	188	99	1
36	3413,3496	2,0	2223,1210	0,0	142	99	1
37	5,4	63,56	6,3	41,23	128	99	1
38	7,8	63,56	9,8	41,23	132	99	1
39	139,151	0,0	115,60	2,0	197	99	1
40	497,538	1,5	320,196	0,1	167	99	1
41	258,274	1,5	146,108	0,1	173	99	1
42	489,381	0,1	355,147	0,0	170	99	1
43	92,98	0,0	88,36	0,2	174	99	1
44	242,186	1,0	62,25	0,0	198	99	1
45	656,635	0,0	484,189	1,0	117	99	1
46	5429,7638	16,21	4456,2249	14,8	166	99	1
47	5,10	276,314	2,0	240,79	198	99	1
48	396,353	1,0	234,114	0,0	198	99	1
49	7,6	2451,2777	5,2	1422,735	164	99	1
50	644,645	0,0	358,171	1,0	198	99	1
51	774,779	0,1	818,387	1,0	198	99	1
52	74,106	54,44	46,33	36,14	198	99	1
53	53,53	144,127	36,27	84,42	157	99	1
54	53,54	144,127	50,20	84,42	160	99	1
55	998,891	0,1	917,408	0,0	174	99	1
56	202,200	0,1	161,71	0,0	172	99	1
57	14,11	6,4	3,1	4,1	198	99	0.205766007209
58	11,8	2,1	5,1	0,0	198	99	0.467299062153
59	51,55	0,0	32,18	1,0	198	99	1
61	2732,2945	0,1	2605,1408	0,0	198	99	1
62	12,24	0,1	9,5	0,0	198	99	1
63	59,78	0,1	46,18	0,0	198	99	1
64	79,76	1,6	61,23	4,1	198	99	1
65	12,12	1,6	6,5	4,1	169	99	0.935400467339
66	24,35	32,22	10,9	24,10	169	99	0.575159973677
67	674,797	0,0	543,252	1,0	150	99	1
68	33,25	5,6	26,9	4,1	147	99	1
69	148,151	0,2	155,83	2,1	198	99	1
70	8,10	1,1	4,4	0,1	161	99	0.579297964173
72	73,108	0,0	74,37	0,1	139	99	1
73	7,12	2,0	8,4	0,0	185	99	1
74	1,5	2,0	6,4	0,0	178	99	1
75	50,64	1,0	36,19	0,0	198	99	1
76	248,227	4,3	192,81	16,4	155	99	1
77	2400,2449	0,0	1876,901	1,0	128	99	1
78	307,336	0,1	197,107	0,0	159	99	1
80	197,223	0,0	155,77	0,1	189	99	1
81	54,32	9,11	47,11	6,8	146	99	1
82	67,36	11,16	41,18	6,2	146	99	0.728536736702
83	16,11	11,16	15,9	6,2	144	99	0.127927379576
84	12,10	20,13	27,2	11,10	144	99	1
85	158,142	0,2	94,55	0,0	198	99	1
86	258,258	0,2	165,93	0,0	198	99	1
89	944,1249	0,2	720,369	1,0	198	99	1
91	75,61	0,2	84,46	0,2	198	99	1
92	428,420	1,0	177,110	0,0	197	99	1
93	13,17	0,0	8,5	1,1	198	99	0.401512958821
94	256,244	0,1	177,101	0,0	168	99	1
95	847,826	32,25	1107,653	9,4	195	99	1
96	3,3	3,0	1,0	1,1	188	99	0.0236365682041
97	77,91	20,13	73,63	4,6	160	99	0.425381535445
99	93,70	0,0	48,24	1,0	156	99	1
100	3,3	3,19	7,4	4,4	176	99	0.128183774734
101	145,139	2,0	143,51	0,0	141	99	1
102	263,310	0,1	211,120	0,0	184	99	1
103	7135,8507	1,2	7627,3941	0,1	198	99	1
104	65,75	0,0	61,26	2,0	140	99	1
105	8,8	53,33	8,5	23,15	180	99	1
106	59,32	4,12	27,12	8,5	180	99	0.767341014086
107	289,329	0,2	254,101	1,1	141	99	1
108	281,276	0,0	174,104	2,0	198	99	1
109	265,367	2,3	185,100	1,2	146	99	1
110	157,213	0,0	163,89	3,0	160	99	1
111	7822,8879	1,0	7059,3862	0,0	198	99	1
112	6,2	1,6	3,4	0,1	162	99	0.0154693100449
113	114,158	0,1	84,37	0,0	153	99	1
114	30,62	2,0	29,15	0,0	198	99	1
115	12,19	0,2	18,4	0,0	155	99	1
116	9,24	2,5	11,4	1,0	164	99	0.116360216156
117	286,240	0,1	171,100	0,0	179	99	1
118	236,230	21,30	197,85	18,13	140	99	1
119	75,79	0,0	56,31	0,1	198	99	1
120	127,128	0,4	69,32	0,0	182	99	1
121	114,87	1,0	78,36	0,0	151	99	1
122	115,86	2,0	74,44	0,0	172	99	1
123	4,2	0,2	0,2	1,0	198	99	0.495277980883
124	79,82	7,2	46,32	0,2	198	99	1
125	219,259	0,0	197,70	1,0	198	99	1
126	186,213	7,6	146,88	0,0	198	99	1
128	0,1	2339,2669	0,0	1901,886	144	99	1
129	170,144	1,0	76,44	0,0	154	99	1
130	24,19	17,18	10,13	14,7	170	99	1
131	23,20	27,21	7,12	20,8	170	99	1
132	42,32	17,18	32,24	14,7	142	99	1
133	28,25	27,21	10,13	20,8	142	99	1
134	187,204	0,2	94,62	0,0	198	99	1
135	1049,1079	1,0	791,410	0,0	198	99	1
136	532,562	1,0	381,204	0,0	198	99	1
137	249,355	3,0	201,145	0,0	198	99	1
138	217,292	9,13	156,72	10,11	145	99	1
140	56,50	0,1	12,4	0,0	198	99	1
141	40,42	0,3	13,16	1,0	198	99	1
142	119,128	3,1	76,51	2,1	190	99	1
144	355,354	5,1	473,200	0,0	158	99	1
146	4675,5488	0,0	3358,1810	0,1	198	99	1
147	4083,4885	3,0	3372,1889	0,0	156	99	1
148	49,45	2889,3447	27,25	2329,1336	172	99	1
149	7,14	133,157	6,5	106,81	193	99	1
150	131,99	1,0	80,51	1,0	166	99	1
151	3373,3289	2,1	3033,1546	1,0	183	99	1
152	45,32	0,0	5,8	1,0	182	99	1
153	293,262	1,0	131,83	0,0	198	99	1
155	83,54	3,0	58,18	0,0	158	99	1
156	2,5	1,0	0,0	3,0	198	99	1
157	104,107	42,46	130,53	35,27	198	99	1
158	167,184	2,0	192,94	0,0	198	99	1
159	93,108	2,0	90,64	0,0	159	99	1
160	0,0	3,0	0,1	0,0	180	99	1
162	1353,1585	1,1	1148,571	2,0	171	99	1
164	86,77	1,1	46,39	0,0	198	99	1
165	144,162	2,0	114,72	0,1	161	99	1
166	130,160	12,2	95,58	5,3	198	99	1
167	165,163	2,0	144,63	0,0	198	99	1
168	4,0	166,163	3,1	144,63	148	99	1
169	340,323	0,0	266,144	0,1	198	99	1
171	12,31	18,24	16,5	37,16	123	99	0.18800678529
174	12,12	3,0	10,3	0,0	198	99	1
175	78,69	0,0	57,24	0,1	173	99	1
177	91,73	1,3	50,41	1,3	160	99	1
179	68,106	33,36	73,39	36,22	135	99	1
180	81,71	0,1	47,14	0,0	182	99	1
182	865,857	15,3	501,232	7,3	194	99	1
183	316,446	0,2	279,149	0,0	179	99	1
184	20,20	95,78	8,4	62,35	181	99	1
185	160,201	3,0	136,79	0,0	198	99	1
186	356,445	3,0	277,150	0,0	198	99	1
187	147,110	22,13	101,43	10,1	187	99	0.88420693915
189	1285,1305	1,3	1199,597	2,2	197	99	1
191	313,336	2,0	327,179	0,0	161	99	1
195	15,16	31,68	13,8	46,22	179	99	1
196	111,103	1,0	86,71	1,1	129	99	1
197	828,726	0,0	550,252	0,1	151	99	1
199	28,36	2,3	19,7	0,0	198	99	0.623293107839
200	677,641	0,0	401,226	0,1	179	99	1
201	5,11	1,0	12,3	1,0	198	99	1
202	33,21	1,0	38,38	0,0	140	99	1
203	159,208	0,3	163,42	0,0	134	99	1
204	933,988	0,3	724,393	0,0	179	99	1
206	888,931	11,9	449,234	2,0	192	99	1
207	408,502	11,9	267,123	2,0	185	99	1
208	190,182	0,1	121,56	0,0	134	99	1
209	75,74	191,220	40,12	172,62	105	99	1
210	118,124	6,0	154,69	3,1	161	99	1
211	254,304	3,0	246,140	0,0	187	99	1
213	587,702	0,0	1064,563	1,0	181	99	1
214	245,302	0,0	416,250	1,0	185	99	1
215	7,8	0,0	9,6	0,1	162	99	1
216	211,268	0,1	183,66	0,0	144	99	1
217	294,351	1,0	244,101	0,0	198	99	1
218	286,406	1,4	268,126	10,2	176	99	1
219	82,65	5,1	61,35	0,2	188	99	1
220	180,198	5,1	143,77	0,2	197	99	1
221	306,350	1,0	177,107	0,0	169	99	1
222	703,749	1,0	417,224	0,0	166	99	1
223	214,172	1,0	93,74	0,0	194	99	1
224	144,170	1,9	74,47	0,0	158	99	1
225	83,87	1,1	42,22	1,1	198	99	1
226	212,198	1,0	168,67	0,0	155	99	1
227	3,1	1,1	4,1	0,0	159	99	0.770570214622
228	84,86	0,0	39,23	0,1	198	99	1
229	52,51	0,0	24,17	0,1	195	99	1
230	4,6	431,383	5,2	444,260	198	99	1
231	2135,2063	0,0	1686,847	0,1	153	99	1
232	17,12	0,1	4,0	0,0	191	99	1
233	145,124	0,0	96,44	1,0	147	99	1
234	63,50	1,0	46,24	0,0	147	99	1
235	46,46	1,0	40,16	0,0	146	99	1
236	131,125	0,1	90,35	0,0	146	99	1
238	52,31	0,1	24,16	0,0	141	99	1
239	313,336	0,1	227,141	0,0	134	99	1
240	47,29	2,0	15,5	0,0	179	99	1
241	106,130	0,1	54,37	0,1	198	99	1
242	514,462	0,2	360,163	0,0	161	99	1
243	136,122	1,0	415,220	3,0	179	99	1
245	128,134	1,0	63,47	0,2	198	99	1
248	281,267	0,1	227,85	0,1	141	99	1
249	319,300	0,2	269,108	0,0	149	99	1
251	391,412	31,32	302,152	30,12	140	99	1
252	195,215	0,0	98,51	0,2	156	99	1
253	307,420	1,0	287,137	0,0	128	99	1
254	189,207	1,0	112,61	0,0	183	99	1
255	9,23	1,0	14,7	0,0	198	99	1
259	103,103	1,0	46,28	0,0	196	99	1
260	95,68	464,436	57,21	273,119	198	99	1
261	5,9	0,0	6,7	2,1	198	99	0.548429526139
262	27,29	0,2	12,17	0,0	198	99	1
263	0,1	132,119	0,0	1,1	171	99	1
264	175,165	1,0	5,1	0,0	141	99	1
265	466,448	0,3	254,120	1,0	122	99	1
266	39,52	0,0	46,11	1,1	144	99	1
267	19,14	0,1	11,3	0,0	165	99	1
268	14,11	9,14	10,5	16,6	165	99	1
269	84,74	1,0	82,60	0,1	170	99	1
270	16,13	1,0	15,11	0,1	129	99	1
271	157,172	3,0	137,46	0,0	182	99	1
272	83,86	3,0	75,25	0,0	179	99	1
273	457,494	0,1	961,511	0,0	180	99	1
274	255,213	0,1	205,98	3,0	155	99	1
275	169,181	1,1	141,66	0,0	175	99	1
276	20,12	75,68	13,5	69,31	101	99	1
277	165,192	1,0	181,83	0,0	137	99	1
278	682,720	11,11	456,283	2,3	159	99	1
281	837,892	1,0	608,320	0,0	198	99	1
282	14,14	97,75	0,1	67,22	198	99	1
283	15,19	97,75	2,1	67,22	198	99	1
284	351,481	3,1	286,156	0,0	137	99	1
285	242,219	0,0	164,71	3,1	143	99	1
287	53,41	0,0	33,12	0,1	191	99	1
288	2,0	1423,1336	0,0	1173,527	198	99	1
290	962,890	1,5	747,343	0,1	117	99	1
291	1423,1394	0,0	1118,499	0,1	166	99	1
292	1451,1540	0,1	1522,700	0,0	198	99	1
293	74,73	1,0	38,32	0,0	198	99	1
294	436,500	0,1	301,210	0,0	132	99	1
295	547,804	0,8	310,129	0,0	198	99	1
296	149,145	43,53	153,84	20,17	197	99	0.233520098753
297	114,142	9,6	115,49	13,2	198	99	1
298	101,119	3,0	58,47	0,0	198	99	1
299	1049,1068	1,0	862,366	0,0	162	99	1
302	248,292	0,1	180,105	0,0	117	99	1
303	308,354	2,2	267,109	0,0	174	99	1
304	285,311	0,0	185,112	0,2	198	99	1
305	1110,1167	0,1	1144,500	0,0	118	99	1
306	1545,1649	2,0	1309,658	0,0	164	99	1
307	19,11	54,77	3,1	40,43	198	99	1
308	20,13	54,77	2,1	40,43	198	99	1
309	976,1110	0,2	807,495	0,0	198	99	1
310	671,775	1,0	643,324	0,0	140	99	1
311	326,418	3,5	261,140	1,0	183	99	1
313	314,347	3,3	435,312	1,2	198	99	1
314	108,120	0,3	93,53	0,0	159	99	1
317	1377,1643	0,0	1506,827	0,3	198	99	1
319	1054,1355	0,1	721,408	0,0	198	99	1
320	14,27	460,384	7,1	318,181	189	99	1
321	938,1005	0,0	848,465	1,0	174	99	1
322	1047,1079	3,9	906,446	2,4	174	99	1
325	371,367	0,2	335,198	2,5	133	99	1
327	51,53	1,1	44,31	5,4	175	99	0.391797916763
328	431,409	0,0	378,167	1,0	198	99	1
329	1984,2324	1,0	1731,796	0,0	198	99	1
330	1778,2013	0,0	1693,847	1,0	174	99	1
332	1136,1315	0,0	873,477	1,0	182	99	1
333	76,94	74,84	72,29	67,22	191	99	1
334	243,317	74,84	190,80	67,22	172	99	1
335	86,81	74,84	87,34	67,22	115	99	1
336	2988,3488	0,3	1950,1010	0,0	195	99	1
337	125,149	0,0	85,62	1,0	198	99	1
338	64,56	0,0	23,19	1,0	151	99	1
341	559,626	8,0	434,201	2,1	198	99	1
342	61,62	4,10	58,29	3,2	120	99	1
343	16,28	4,10	11,8	3,2	158	99	1
344	7,7	1,1	3,1	1,0	164	99	0.350382284449
345	422,463	1,0	351,190	0,0	198	99	1
346	882,867	1,0	681,383	0,0	198	99	1
348	180,171	81,93	97,70	69,30	198	99	1
349	205,197	81,93	118,74	69,30	198	99	1
350	100,64	81,93	37,26	69,30	136	99	1
351	354,358	2,3	173,98	4,1	122	99	1
353	359,401	1,1	222,127	1,0	172	99	1
354	649,674	3,0	448,223	0,0	183	99	1
356	2,0	5,3	0,0	3,1	145	99	1
357	39,46	15,12	27,8	16,7	141	99	0.378297175749
358	114,124	216,251	85,28	127,78	151	99	1
359	303,287	216,251	215,109	127,78	164	99	1
360	192,159	20,17	128,74	2,2	164	99	0.346518792235
361	4619,4889	1,0	3336,1719	0,0	189	99	1
362	52,84	1,0	54,23	1,0	132	99	1
363	643,800	0,0	509,313	1,0	153	99	1
365	269,274	0,1	233,143	0,0	195	99	1
366	205,241	5,3	169,83	4,0	135	99	1
367	560,578	0,1	514,296	0,0	168	99	1
368	10,23	6,7	2,4	9,6	168	99	0.00743942679899
369	4,5	344,407	2,2	235,115	168	99	1
370	44,37	0,2	42,12	0,0	160	99	1
371	333,348	13,8	247,148	5,0	198	99	1
372	404,349	11,5	270,196	2,4	198	99	1
374	2166,2289	1,1	1393,770	1,1	147	99	1
375	1,0	11,16	1,1	14,6	147	99	1
376	19,26	2,0	8,8	0,0	198	99	1
377	60,49	3,1	43,21	1,0	198	99	1
378	186,159	0,2	132,71	0,0	198	99	1
380	241,241	0,0	232,100	2,0	195	99	1
381	163,166	0,0	172,81	1,0	152	99	1
382	20,17	190,237	6,1	139,76	198	99	1
383	8,7	190,237	0,1	139,76	198	99	1
385	266,305	0,3	189,113	2,1	167	99	1
386	46,37	0,4	32,10	0,0	198	99	1
387	2,0	5,4	0,0	3,4	128	99	1
388	8,5	21,12	5,3	3,9	198	99	1
389	647,843	0,0	410,193	1,0	198	99	1
390	875,846	8,3	716,384	0,2	139	99	1
392	766,934	0,1	648,383	1,0	133	99	1
393	461,474	0,0	451,201	0,1	193	99	1
394	200,204	2,2	142,77	7,1	158	99	1
395	192,152	2,0	115,67	0,0	180	99	1
396	153,163	1,0	89,64	0,0	180	99	1
397	123,132	2,1	58,46	0,1	180	99	1
398	202,216	0,1	138,82	0,0	193	99	1
399	31,24	251,269	8,7	209,105	160	99	1
400	345,362	0,1	266,132	0,0	134	99	1
402	137,183	0,0	86,48	0,1	165	99	1
403	1404,1580	0,0	1165,562	1,0	198	99	1
404	198,202	196,199	170,48	165,74	182	99	1
405	80,85	196,199	56,26	165,74	198	99	1
406	247,260	0,0	180,99	2,1	197	99	1
407	64,71	79,39	53,33	59,40	173	99	1
408	259,216	0,2	66,25	0,0	198	99	1
409	245,225	0,2	65,23	0,0	197	99	1
410	14,8	41,54	16,17	40,19	148	99	0.47166680035
411	15,8	27,25	11,16	8,2	148	99	0.0120226967211
412	574,646	1,1	444,239	0,0	161	99	1
413	1922,2103	0,1	1483,749	0,0	188	99	1
414	793,1030	1,1	963,510	1,0	184	99	1
415	458,593	1,0	599,308	0,0	184	99	1
416	58,65	354,472	40,32	407,198	159	99	1
417	860,1095	1,3	857,451	2,0	198	99	1
418	319,387	1,0	213,127	0,0	198	99	1
419	308,378	0,3	204,109	0,0	198	99	1
420	121,99	0,0	55,30	0,1	152	99	1
421	15,10	19,14	10,3	15,3	163	99	1
422	57,61	2,7	18,11	2,0	198	99	1
423	1,0	16,16	6,3	18,8	134	99	0.257748177048
424	50,49	49,50	38,27	77,38	178	99	0.701715995905
425	3074,3587	0,0	2480,1406	0,1	198	99	1
427	6,5	8,11	7,3	7,3	146	99	0.73353721385
428	94,122	0,0	68,13	0,1	177	99	1
429	913,1025	1,0	719,313	0,0	167	99	1
430	671,716	0,1	529,239	0,0	166	99	1
431	289,261	1,0	66,40	0,0	181	99	1
432	902,799	14,13	755,280	8,0	117	99	1
434	145,165	2,0	102,56	0,0	154	99	1
435	229,215	1,0	130,71	0,0	160	99	1
436	65,63	486,515	25,31	292,166	166	99	1
437	209,271	584,516	178,92	284,128	198	99	1
438	82,72	0,0	41,18	1,0	198	99	1
439	32,34	52,52	26,24	24,20	156	99	0.59647913683
442	209,217	0,6	125,50	0,0	179	99	1
444	400,436	1,1	325,167	0,0	198	99	1
445	128,126	53,37	134,45	27,15	148	99	1
446	178,168	47,38	106,42	32,17	198	99	1
447	262,336	0,0	252,128	0,1	182	99	1
448	195,253	2,0	174,97	0,0	167	99	1
449	87,144	2,0	100,48	0,0	198	99	1
450	213,196	0,0	139,78	0,1	144	99	1
451	70,68	10,10	43,39	4,3	198	99	1
452	154,156	10,10	97,72	4,3	174	99	1
453	1670,1821	1,0	1225,672	0,0	169	99	1
454	41,51	0,0	48,31	3,0	137	99	1
455	35,50	1,0	29,17	0,0	138	99	1
456	135,143	10,15	113,76	10,12	156	99	1
457	218,176	1,0	102,54	1,0	181	99	1
458	1059,1184	0,2	979,496	0,0	148	99	1
459	603,795	0,0	525,237	2,0	148	99	1
460	2,0	0,1	1,0	7,0	123	99	1
462	102,118	0,2	97,46	1,0	198	99	1
463	70,76	0,0	66,26	1,0	198	99	1
464	42,33	10,5	33,15	1,2	198	99	0.149407423481
465	7,3	10,5	0,4	1,2	198	99	1
466	83,62	10,5	71,37	1,2	198	99	0.48453389538
467	51,35	10,5	40,25	1,2	198	99	0.121939096893
468	48,32	10,5	38,26	1,2	198	99	0.0977341577376
469	2,1	4,3	0,4	2,3	198	99	1
470	63,91	0,0	35,33	1,0	198	99	1
471	29,37	0,0	12,20	1,0	198	99	1
474	146,86	1,1	59,34	0,0	159	99	1
475	20,16	0,0	18,5	1,0	198	99	1
476	46,57	1,0	22,23	0,0	163	99	1
477	69,66	2,0	33,20	0,0	198	99	1
478	21,35	1,0	18,9	0,0	198	99	1
480	0,2	507,632	2,0	331,186	141	99	1
481	298,368	0,1	301,125	0,0	198	99	1
482	207,294	0,2	192,100	0,0	172	99	1
483	398,525	0,1	293,163	0,0	198	99	1
484	1,0	1,1	9,4	0,0	198	99	0.000350968666657
485	70,77	1,0	45,29	1,0	198	99	1
486	72,70	2,6	61,42	4,4	188	99	1
487	1692,2265	2,1	1511,831	0,1	198	99	1
488	216,254	0,0	179,116	0,2	161	99	1
489	41,34	0,0	24,32	0,2	158	99	1
490	5,3	47,28	3,3	28,10	198	99	1
491	117,78	0,0	63,25	2,0	186	99	1
492	9,7	19,6	3,6	11,2	178	99	1
493	170,160	1,0	88,58	0,0	197	99	1
494	261,307	1,0	209,101	0,0	179	99	1
495	548,607	6,3	346,202	0,0	177	99	1
496	3157,3282	0,0	2368,1160	2,0	160	99	1
498	43,38	0,0	36,18	0,1	198	99	1
499	14,19	4,2	12,1	0,2	181	99	0.417832062965
500	9,17	4,2	7,1	0,2	188	99	0.495218851936
501	97,113	1,0	65,36	1,1	124	99	1
504	257,352	0,1	183,96	0,0	198	99	1
508	183,257	1,0	109,86	1,0	196	99	1
509	233,321	0,2	137,69	0,0	198	99	1
510	31,39	473,479	38,25	424,257	198	99	1
511	611,691	0,0	559,336	1,0	198	99	1
512	623,704	0,0	573,333	1,0	198	99	1
513	1071,1154	0,0	975,579	1,0	198	99	1
514	599,732	0,0	589,315	0,1	198	99	1
515	1441,1483	0,0	1469,796	1,0	198	99	1
516	1287,1359	0,1	1367,801	0,0	198	99	1
517	1269,1356	0,1	1277,719	0,0	198	99	1
518	50,65	1,0	82,56	0,0	198	99	1
519	181,178	0,1	259,127	0,0	198	99	1
520	129,125	4,1	65,34	0,0	159	99	1
521	301,440	0,3	258,103	0,0	198	99	1
522	115,124	0,2	86,44	1,1	198	99	1
523	90,115	0,0	59,36	0,1	151	99	1
524	42,41	102,109	28,12	71,36	181	99	1
525	36,31	71,53	31,11	55,38	181	99	1
526	79,117	1,2	88,46	1,1	198	99	1
528	1,2	0,0	2,1	4,0	157	99	0.32472071523
530	412,518	0,1	332,184	3,0	198	99	1
531	258,259	1,0	135,65	0,0	162	99	1
532	580,649	1,2	437,253	0,0	156	99	1
533	4,4	41,35	2,1	34,29	195	99	1
536	427,371	2,0	360,186	0,0	186	99	1
537	183,182	1,1	122,65	0,0	175	99	1
539	2954,3584	0,5	2265,1123	0,0	145	99	1
540	2046,2544	0,5	1578,738	0,0	148	99	1
541	21,24	0,1	13,7	0,0	162	99	1
542	13,15	8,17	9,4	17,7	198	99	0.561687000973
543	14,11	76,56	10,5	52,26	198	99	1
544	20,18	76,56	10,5	52,26	198	99	1
545	16,25	76,56	21,9	52,26	140	99	1
546	10,17	3,5	7,4	4,3	140	99	0.506282572557
548	256,196	3,7	146,90	2,0	127	99	1
549	219,238	0,1	136,63	1,0	140	99	1
550	524,550	0,1	397,158	0,0	198	99	1
551	29,30	1,2	9,7	1,0	198	99	1
552	281,330	0,0	168,88	1,0	198	99	1
553	244,231	8,0	236,98	5,0	109	99	1
554	106,102	7,3	98,38	1,0	163	99	1
555	263,224	0,1	242,118	0,0	137	99	1
556	564,536	0,2	451,204	0,0	198	99	1
558	583,652	0,0	651,255	2,0	169	99	1
559	114,138	35,31	93,58	18,10	198	99	1
561	359,335	2,0	267,123	0,0	156	99	1
562	43,24	142,155	56,29	135,66	198	99	1
563	251,276	7,11	230,120	7,2	198	99	1
564	182,172	32,34	163,102	30,25	170	99	1
565	29,23	2,2	31,6	0,0	198	99	0.651944651977
566	32,30	2,2	33,8	0,0	198	99	1
568	605,621	1,0	558,299	0,0	198	99	1
569	310,322	0,0	408,222	0,1	176	99	1
571	227,229	0,1	170,87	0,0	162	99	1
572	143,136	3,2	91,61	1,0	184	99	1
574	35,40	1,1	20,7	0,0	178	99	1
575	5,6	0,0	6,4	2,0	198	99	1
577	2,2	2,0	1,0	1,0	177	99	1
578	83,89	0,2	68,22	0,0	197	99	1
579	8,5	2,3	3,4	4,4	148	99	0.198095726853
580	159,153	2,3	110,49	4,4	168	99	1
581	8970,9896	3,1	12833,6915	0,0	123	99	1
582	1,0	5663,6714	0,1	8454,4892	154	99	1
583	123,172	1,1	155,79	0,0	154	99	1
584	166,174	0,0	163,63	2,1	150	99	1
585	575,580	2,0	528,259	0,0	198	99	1
587	566,609	3,4	328,198	3,1	140	99	1
588	472,388	1,0	234,129	0,0	198	99	1
591	135,118	0,0	80,32	2,0	198	99	1
592	63,55	0,0	35,17	1,0	198	99	1
593	128,130	0,0	73,38	1,0	198	99	1
594	131,106	1,0	119,72	0,0	166	99	1
595	37,45	79,95	51,26	70,34	173	99	1
596	180,186	0,1	99,64	0,0	168	99	1
598	96,102	642,589	68,54	455,198	198	99	1
599	152,130	54,40	110,56	68,30	198	99	0.395122924595
600	288,258	194,176	218,90	102,41	198	99	1
601	216,222	194,176	203,87	102,41	198	99	0.401325026725
603	76,77	3,1	41,25	5,0	157	99	1
605	388,397	0,1	216,95	0,0	162	99	1
606	579,665	1,5	538,259	0,0	189	99	1
609	206,183	1,0	168,79	0,0	165	99	1
610	5,0	8,11	1,1	8,3	198	99	1
611	8,0	23,18	3,2	13,15	198	99	1
612	29,36	87,97	20,6	87,38	141	99	1
613	82,68	0,0	76,35	0,1	191	99	1
614	321,315	3,1	616,321	3,0	162	99	1
615	233,232	3,2	307,171	2,2	189	99	1
618	949,799	14,8	677,380	12,2	173	99	1
620	24,25	1,0	17,10	0,0	195	99	1
621	18,29	3,5	7,11	3,4	198	99	0.447604104537
623	4,0	0,1	0,0	0,1	149	99	1
624	364,456	1,0	282,179	4,1	153	99	1
625	302,373	1,0	229,147	4,1	184	99	1
626	441,503	0,1	360,136	0,0	180	99	1
627	23,38	4,0	8,4	1,0	198	99	1
628	13,12	1,0	8,0	0,0	173	99	1
629	959,1027	0,1	721,360	0,0	198	99	1
630	154,106	1,0	83,47	0,0	193	99	1
631	411,426	0,3	361,205	0,0	198	99	1
633	1335,1545	1,1	991,506	0,0	198	99	1
634	184,207	0,0	166,66	1,0	198	99	1
635	93,117	2,0	53,37	0,1	198	99	1
637	233,279	1,0	235,143	0,0	169	99	1
639	103,105	5,0	77,61	5,1	121	99	1
640	60,35	0,1	28,7	0,0	137	99	1
641	20,21	10,19	10,2	9,7	198	99	0.476648213812
642	1,5	0,0	2,1	0,1	154	99	1
643	540,563	0,0	406,232	1,0	183	99	1
644	731,849	2,0	545,260	1,0	198	99	1
647	46,93	1,0	58,44	1,0	198	99	1
648	75,119	0,0	105,73	1,0	198	99	1
649	0,1	1,0	1,0	0,0	198	99	1
650	54,79	0,1	100,56	0,0	198	99	1
651	37,50	0,1	53,34	0,0	198	99	1
652	5,12	22,32	5,3	48,24	173	99	1
654	6,4	0,0	6,10	1,0	198	99	1
655	1574,1630	0,1	1174,568	0,0	155	99	1
657	2293,2058	0,1	1837,884	1,1	198	99	1
658	241,168	1,8	139,53	1,0	174	99	1
659	724,874	0,1	621,273	1,0	148	99	1
660	68,68	0,0	76,38	1,0	182	99	1
661	59,43	1,0	23,17	1,1	153	99	1
662	157,176	1,0	107,65	1,1	198	99	1
664	102,118	1,0	42,24	0,0	162	99	1
665	11,3	912,870	2,2	686,347	160	99	1
666	142,158	0,0	135,56	1,0	150	99	1
667	57,53	0,0	86,31	1,0	167	99	1
668	1443,1599	0,1	907,441	1,0	198	99	1
669	193,209	0,1	187,68	0,0	161	99	1
670	283,291	35,30	117,63	11,7	198	99	1
671	82,92	0,1	95,30	0,2	187	99	1
672	59,50	0,1	34,18	0,0	198	99	1
673	164,156	1,3	125,51	0,0	198	99	1
674	217,312	2,0	146,96	0,1	181	99	1
675	243,310	3,3	151,96	1,0	198	99	1
676	25,16	285,351	10,3	243,116	198	99	1
677	628,683	1,2	517,278	0,0	185	99	1
678	68,47	0,0	56,28	2,0	181	99	1
679	35,41	1,0	20,23	1,0	198	99	1
680	225,227	2,2	168,86	3,2	187	99	1
681	187,207	0,3	110,70	0,1	198	99	1
682	80,51	1,0	52,31	0,0	198	99	1
683	48,47	1,0	28,22	0,0	198	99	1
685	1390,1465	0,0	910,418	1,0	198	99	1
686	47,57	2,13	19,27	1,0	165	99	1
687	375,317	0,1	280,127	0,0	152	99	1
688	305,274	6,4	248,192	1,2	198	99	1
689	164,128	6,4	117,80	1,2	198	99	1
690	136,136	2,1	88,58	0,1	198	99	1
691	5745,6982	9,23	4592,2613	5,11	157	99	1
692	6944,7728	0,1	6111,3331	0,0	159	99	1
693	1182,1166	7,5	1115,578	2,2	146	99	1
694	217,254	0,0	208,109	1,1	168	99	1
695	183,205	0,0	156,77	1,0	147	99	1
696	4,1	61,62	0,1	47,30	160	99	1
697	229,244	2,2	148,89	0,0	165	99	1
698	4,4	0,5	8,2	1,0	197	99	0.309248894717
699	121,123	1,3	129,96	1,1	119	99	1
700	18,21	0,2	12,4	0,3	119	99	1
701	69,57	0,2	83,50	0,3	152	99	1
702	181,160	3,6	206,144	5,0	152	99	1
703	1838,2367	0,0	1655,834	1,0	153	99	1
704	90,94	2,0	54,35	0,0	198	99	1
705	24,19	1,0	13,10	0,1	175	99	1
706	30,21	2,1	6,6	0,0	175	99	1
707	6,5	0,1	6,2	0,0	175	99	1
709	241,354	0,1	151,112	0,1	158	99	1
710	141,176	1,0	134,81	0,0	180	99	1
711	943,1113	0,1	852,449	0,0	138	99	1
712	320,329	0,3	213,133	0,0	175	99	1
713	319,365	0,3	177,141	1,0	197	99	1
716	111,96	0,0	69,49	0,1	198	99	1
717	30,37	2,1	32,12	2,0	151	99	1
718	297,287	1,1	259,147	1,0	198	99	1
719	192,240	1,1	185,110	1,1	170	99	1
720	33,28	0,4	34,19	2,0	159	99	1
721	16,9	4,0	5,2	1,0	198	99	0.722179440601
722	138,177	51,36	86,52	18,6	165	99	0.964213983312
723	50,57	51,36	32,13	18,6	138	99	0.860270094564
724	1500,1799	1,1	1356,679	0,0	140	99	1
725	131,133	0,0	66,25	1,0	198	99	1
727	85,117	5,3	85,56	1,2	152	99	1
728	624,733	0,2	520,317	0,0	110	99	1
729	56,67	1,1	35,22	0,0	198	99	1
730	474,580	1,1	312,228	0,0	125	99	1
731	232,239	0,1	181,87	0,0	177	99	1
732	23,29	1,2	24,9	0,0	182	99	1
733	23,25	39,33	46,17	76,34	141	99	1
734	120,145	0,0	97,48	1,0	167	99	1
735	9,7	0,1	9,3	6,0	121	99	0.317694757641
736	9,9	0,1	7,7	6,0	198	99	0.315744016178
737	125,118	1,0	107,54	0,0	198	99	1
738	67,72	2,1	60,29	2,0	198	99	1
739	42,41	0,1	29,21	0,0	168	99	1
740	33,31	2,1	33,10	2,0	158	99	1
741	538,716	1,0	474,266	0,0	198	99	1
742	1336,1674	1,0	1123,613	0,0	198	99	1
743	601,674	0,2	503,195	1,0	154	99	1
744	159,185	0,2	137,59	1,0	177	99	1
745	258,328	1,0	138,92	0,0	198	99	1
746	254,333	0,2	476,352	0,0	198	99	1
747	91,71	16,17	47,29	4,6	172	99	1
748	169,248	4,0	180,111	1,0	137	99	1
749	4387,4579	0,0	3562,1808	1,0	198	99	1
750	1,0	1705,1780	0,0	1337,681	198	99	1
751	593,657	9,12	391,200	4,2	191	99	1
752	152,155	0,0	108,52	1,0	172	99	1
753	177,181	3,0	128,55	2,0	154	99	1
755	244,292	0,1	159,92	0,0	158	99	1
756	295,394	0,3	189,124	1,0	180	99	1
758	278,277	0,1	161,90	0,0	156	99	1
759	400,394	31,12	264,158	17,8	178	99	1
760	339,272	0,2	270,130	0,0	198	99	1
761	269,310	2,0	200,117	1,0	198	99	1
762	153,157	2,0	106,58	1,0	198	99	1
763	6,6	126,161	3,0	98,60	158	99	1
764	106,144	0,0	70,36	1,0	198	99	1
766	33,18	0,0	26,13	2,0	198	99	1
767	56,26	0,0	28,12	2,0	180	99	1
768	1199,1200	0,0	1382,658	1,2	198	99	1
769	346,349	1,0	166,84	0,0	198	99	1
770	168,182	1,0	165,87	0,0	198	99	1
771	50,51	1,5	51,18	2,1	148	99	1
772	12,9	63,57	7,2	59,36	171	99	1
773	149,144	3,4	73,48	0,0	187	99	1
774	56,54	1121,718	35,18	315,151	198	99	1
775	58,60	1,0	52,19	0,0	198	99	1
776	54,133	0,2	30,20	0,0	146	99	1
778	763,922	1,0	596,323	0,0	198	99	1
780	7,9	111,103	11,2	89,33	173	99	1
781	460,466	0,0	315,177	1,0	198	99	1
782	1345,1392	0,0	934,469	1,0	147	99	1
783	11,20	0,4	23,18	0,1	177	99	1
784	16,30	81,96	38,21	61,43	177	99	0.726236326841
785	3,5	81,96	3,3	61,43	145	99	1
786	4,6	6,15	8,6	21,7	145	99	1
787	77,82	98,131	61,43	99,59	169	99	1
788	51,77	1,0	42,17	0,0	198	99	1
790	1179,1326	0,0	755,355	0,1	189	99	1
791	94,124	13,10	78,40	4,1	153	99	1
792	6,11	13,10	7,5	4,1	117	99	0.142014835758
793	262,290	0,6	153,92	2,0	198	99	1
794	279,297	0,6	155,96	2,0	198	99	1
796	178,177	0,2	212,113	0,1	167	99	1
797	3161,3540	0,1	2420,1391	0,0	173	99	1
798	1032,1177	0,1	728,440	0,0	198	99	1
799	16,10	6,4	16,15	3,4	150	99	0.834913651397
800	6,1	112,170	8,5	99,51	198	99	1
801	766,730	1,0	543,252	0,0	198	99	1
802	83,67	0,0	75,25	1,0	161	99	1
803	251,266	0,2	206,152	0,0	195	99	1
804	118,127	1,0	72,38	0,0	192	99	1
805	26,21	1,2	16,15	5,0	161	99	1
806	37,25	4,0	15,10	4,0	198	99	1
807	527,502	0,1	294,135	0,0	198	99	1
808	77,97	0,6	50,28	1,0	177	99	1
809	73,107	0,3	66,25	0,0	198	99	1
810	67,92	0,3	60,24	0,0	198	99	1
811	257,250	0,0	203,101	1,0	165	99	1
812	253,282	1,0	184,86	0,0	159	99	1
813	115,138	1,2	83,24	0,0	153	99	1
814	21,22	0,1	20,7	0,0	198	99	1
815	7773,8613	0,1	6440,3138	0,0	198	99	1
816	835,889	0,1	524,216	0,0	136	99	1
817	6061,6450	0,0	4548,2505	0,1	198	99	1
818	36,62	0,1	17,12	0,0	174	99	1
820	43,31	0,3	23,8	0,0	163	99	1
821	74,74	0,1	38,31	0,0	162	99	1
822	135,136	1,6	93,52	1,2	151	99	1
823	734,842	3,2	433,229	1,0	198	99	1
824	1248,1466	3,2	703,383	1,0	198	99	1
825	41,63	0,0	54,18	1,2	198	99	1
827	24,34	0,1	11,12	0,0	175	99	1
828	2,0	11,29	0,0	6,4	135	99	1
829	153,216	1,0	139,61	0,0	192	99	1
830	4,5	3,1	5,2	2,0	138	99	0.320479424501
831	17,16	97,97	7,6	59,32	148	99	1
832	692,802	9,13	695,323	4,3	138	99	1
835	35,43	0,3	11,5	0,0	182	99	1
836	77,88	0,0	59,29	0,1	187	99	1
837	112,107	0,0	45,34	0,1	198	99	1
838	1,0	1,0	1,2	0,0	109	99	1
839	3011,3196	6,5	1961,828	2,0	141	99	1
840	93,82	0,0	47,19	1,0	198	99	1
841	74,47	2,6	53,29	0,2	198	99	1
842	97,79	1,0	83,60	0,0	198	99	1
843	45,49	1,0	31,33	0,0	198	99	1
844	4,2	0,0	1,2	1,0	198	99	1
845	363,432	1,0	284,99	0,0	198	99	1
846	49,35	1,0	27,10	0,0	191	99	1
847	726,573	2,4	596,250	3,0	156	99	1
848	496,512	1,0	435,193	0,0	192	99	1
849	85,78	888,1041	76,55	720,405	198	99	1
850	187,167	0,0	173,91	1,0	198	99	1
851	1350,1369	0,0	1281,586	1,0	150	99	1
852	1257,1404	3,5	1124,639	5,1	198	99	1
853	6,12	11,32	2,3	13,9	154	99	1
854	6,5	11,32	10,9	13,9	159	99	0.18319289765
855	31,48	0,3	22,9	0,0	159	99	1
856	28,43	106,97	9,10	69,37	135	99	1
857	156,168	0,1	111,76	0,0	146	99	1
858	20,41	1,1	15,15	0,0	129	99	1
861	446,394	0,1	229,120	0,0	198	99	1
862	319,362	1,0	272,125	0,0	198	99	1
863	135,133	1,0	122,69	0,1	137	99	1
864	75,99	0,0	66,34	2,0	198	99	1
865	153,216	0,0	124,78	0,1	154	99	1
868	347,347	0,3	312,142	0,0	192	99	1
869	541,700	0,0	314,194	1,1	171	99	1
870	928,1071	0,2	765,387	0,0	198	99	1
871	1429,1643	0,2	1115,582	0,0	198	99	1
872	1482,1851	0,1	1379,722	1,0	198	99	1
873	0,1	0,1	0,1	0,0	166	99	1
874	147,177	1,2	111,58	0,0	185	99	1
875	436,416	0,1	340,197	0,0	124	99	1
877	154,190	0,1	159,82	0,0	180	99	1
878	389,399	0,0	301,136	5,3	178	99	1
880	28,41	4,3	24,14	0,0	198	99	0.673329297564
881	36,40	4,3	24,16	0,0	193	99	0.696227158571
882	65,68	0,1	62,32	1,0	193	99	1
883	1005,1230	2,1	1167,588	1,0	195	99	1
884	406,465	0,2	267,173	1,0	198	99	1
885	0,0	2,2	0,1	2,1	136	99	1
886	6297,8150	0,1	6051,2270	0,0	198	99	1
888	772,770	5,8	574,317	7,3	150	99	1
889	561,523	15,6	432,212	6,1	108	99	1
890	71,63	9,6	33,17	1,0	198	99	0.0520349003854
891	34,26	9,6	12,10	1,0	194	99	0.00262007904995
892	191,208	1,3	147,74	1,5	198	99	1
893	111,124	1,3	105,54	1,5	198	99	1
894	11,7	1,0	4,0	0,0	135	99	1
895	246,242	1,0	144,62	0,0	198	99	1
897	89,96	0,0	41,11	1,1	198	99	1
898	302,311	1,0	234,145	0,0	131	99	1
899	656,671	0,2	434,240	0,0	198	99	1
900	58,68	1,1	17,15	0,1	198	99	1
901	81,79	1,1	19,16	0,1	198	99	1
902	44,56	1,1	18,16	0,1	198	99	1
903	12,13	2,1	5,6	3,1	198	99	0.418756291171
904	2,4	0,1	3,1	0,0	140	99	1
905	3,6	30,23	5,0	12,5	140	99	1
906	206,213	0,1	125,70	0,0	155	99	1
907	313,308	1,0	292,123	0,0	153	99	1
909	320,326	12,13	252,133	4,3	166	99	1
910	40,53	87,108	20,15	107,31	198	99	1
911	3,4	0,0	7,1	2,0	137	99	1
912	18,9	37,21	6,4	21,10	143	99	1
914	5179,7867	0,1	4048,2169	0,0	198	99	1
915	354,429	1,0	240,163	0,0	198	99	1
916	21,16	2,0	15,5	0,0	137	99	1
917	477,523	1,4	391,238	2,2	198	99	1
918	2664,2485	11,6	1827,955	1,1	198	99	1
920	72,78	1,0	35,33	0,0	189	99	1
921	125,126	2,2	71,38	2,2	198	99	1
922	819,881	1,0	478,264	0,0	198	99	1
923	31,34	1,0	21,17	0,0	198	99	1
924	42,59	3,4	36,11	4,0	195	99	1
925	236,332	1,0	172,91	0,0	170	99	1
926	73,119	0,0	95,37	1,0	198	99	1
927	37,59	0,0	51,20	1,0	198	99	1
928	116,110	0,1	74,59	0,0	198	99	1
929	146,119	1,0	100,56	0,0	198	99	1
930	385,371	4,2	287,175	2,0	176	99	1
932	5,5	1,0	3,4	0,0	174	99	1
933	5016,6619	1,3	4824,2041	1,1	198	99	1
934	3,9	263,311	5,4	270,169	145	99	1
935	449,517	1,0	452,248	0,0	156	99	1
936	188,149	0,1	121,50	0,0	144	99	1
937	834,1109	0,2	889,398	0,0	198	99	1
938	19,12	7,4	5,3	2,0	198	99	0.235205280308
939	10,7	7,4	4,3	2,0	166	99	0.124878744401
941	454,517	0,0	350,188	1,0	179	99	1
942	40,54	4,0	55,24	0,4	175	99	1
943	89,79	1,0	40,21	0,0	198	99	1
944	1365,1433	0,0	1052,596	2,0	144	99	1
945	68,78	0,2	73,35	1,0	143	99	1
946	26,39	7,9	28,12	2,5	143	99	1
947	65,71	7,9	51,19	2,5	198	99	1
948	109,110	0,1	97,44	0,1	198	99	1
949	108,122	1,1	76,41	2,0	198	99	1
950	37,46	1,0	21,11	0,0	198	99	1
951	29,51	0,1	25,8	0,0	168	99	1
952	40,26	1,0	15,11	0,0	198	99	1
953	77,54	1,0	35,23	0,0	153	99	1
954	99,138	0,0	81,43	1,0	153	99	1
956	1577,1883	1,0	1193,586	0,0	198	99	1
957	608,630	0,1	1210,578	0,0	177	99	1
958	7,6	1,0	6,7	0,1	146	99	1
959	116,110	0,1	125,58	3,2	126	99	1
960	7574,10075	1,0	5825,2969	0,0	198	99	1
961	949,1054	0,0	842,462	2,0	180	99	1
962	78,94	1,0	64,30	0,0	197	99	1
963	19,19	59,52	4,3	45,14	141	99	0.500978234798
965	74,43	9,4	60,25	7,0	164	99	1
966	169,141	9,4	145,77	7,0	153	99	1
968	158,137	1,0	73,44	0,0	161	99	1
969	1290,1437	0,0	977,639	1,1	189	99	1
970	89,109	2,1	56,51	0,0	178	99	1
971	11,11	752,831	4,2	551,283	198	99	1
972	10,6	0,1	16,4	0,0	198	99	1
973	1407,1743	2,0	1215,704	0,0	148	99	1
974	357,422	2,1	334,155	0,0	139	99	1
975	132,177	0,3	168,81	0,0	145	99	1
976	11,14	58,52	8,5	48,24	185	99	1
977	198,180	0,0	154,88	2,0	183	99	1
978	194,260	0,1	173,103	0,0	170	99	1
979	78,85	4,0	80,24	0,0	133	99	1
980	376,346	1,0	280,135	4,2	193	99	1
981	69,52	1,0	40,14	0,0	166	99	1
982	103,114	819,829	79,47	638,361	156	99	1
983	94,73	1,0	41,32	0,0	198	99	1
984	349,383	3,4	222,144	5,2	170	99	1
985	16,22	13,21	6,4	6,12	198	99	0.492250427062
986	574,654	4,1	455,219	0,1	176	99	1
987	62,52	0,2	36,15	0,0	198	99	1
988	6,8	22,22	22,12	15,8	156	99	0.00598663607461
989	28,25	30,24	16,9	44,12	198	99	0.44163122223
990	225,259	1,0	184,109	0,0	190	99	1
991	6654,6254	66,45	2919,1802	25,15	198	99	1
992	13177,12856	66,45	5895,3517	25,15	198	99	1
993	504,614	0,1	620,280	0,0	183	99	1
994	169,212	55,50	133,74	38,24	145	99	1
995	767,595	0,0	495,185	0,1	138	99	1
996	138,147	0,0	122,59	2,0	178	99	1
997	887,1076	1,0	554,295	0,0	191	99	1
998	26,47	0,1	20,12	0,0	198	99	1
999	991,900	2,0	766,365	1,0	194	99	1
1000	1692,2026	0,0	945,394	1,0	198	99	1
1001	4,3	0,7	0,1	2,0	198	99	0.077719946258
1004	0,1	834,1125	0,0	595,353	130	99	1
1006	308,421	0,2	261,143	2,0	192	99	1
1007	448,528	1,0	306,137	0,0	198	99	1
1008	221,243	1,0	126,52	0,0	198	99	1
1009	1434,1726	2,0	1644,984	0,0	174	99	1
1010	239,237	1,1	181,132	1,0	180	99	1
1011	441,519	0,1	438,218	0,0	178	99	1
1014	989,1037	1,4	1120,656	3,0	137	99	1
1015	1266,1321	49,26	1404,929	11,8	186	99	1
1017	163,211	0,1	195,98	0,0	198	99	1
1018	416,517	14,29	428,237	5,5	163	99	1
1019	35,35	0,2	13,18	0,1	198	99	1
1020	9,9	3,4	5,7	2,1	136	99	0.567168353523
1021	19,30	0,0	14,13	0,1	198	99	1
1023	125,197	0,0	113,65	3,0	198	99	1
1024	317,277	5,2	191,125	3,3	145	99	1
1025	187,169	4,6	149,88	5,0	138	99	1
1026	247,226	1,0	187,114	0,2	117	99	1
1028	654,744	1,0	627,367	0,0	180	99	1
1029	18,20	19,23	8,10	2,2	171	99	0.0159554132902
1030	18,24	79,86	9,11	38,21	171	99	1
1031	21,16	13,27	8,10	18,5	171	99	1
1032	18,18	5,16	8,10	3,2	171	99	0.550387866502
1033	8560,10442	0,1	6320,3136	1,0	198	99	1
1034	418,431	4,1	282,145	3,0	121	99	1
1035	649,604	0,0	487,236	1,0	134	99	1
1036	508,550	0,0	375,179	0,1	147	99	1
1037	80,69	0,1	42,23	0,0	146	99	1
1038	1501,1635	2,0	1384,682	3,1	193	99	1
1039	741,1166	0,0	521,214	0,1	108	99	1
1040	27,32	130,142	28,28	113,60	198	99	1
1041	37,46	130,142	28,22	113,60	163	99	1
1042	20,30	130,142	7,6	113,60	189	99	1
1043	14,26	130,142	11,6	113,60	198	99	1
1044	4,2	4,0	4,1	4,0	149	99	1
1045	21,14	130,142	21,17	113,60	149	99	1
1047	169,240	0,0	189,98	1,0	160	99	1
1048	110,137	0,1	104,37	0,0	198	99	1
1049	624,670	0,1	389,253	3,0	179	99	1
1052	98,108	4,1	72,40	0,1	176	99	1
1053	479,619	1,0	307,188	0,0	150	99	1
1056	4,1	1,1	4,5	0,1	198	99	0.809952761435
1057	43,44	1,0	30,31	1,0	198	99	1
1058	125,153	1,1	92,41	0,2	173	99	1
1059	146,143	0,1	83,32	0,0	198	99	1
1060	267,279	0,1	169,71	0,0	198	99	1
1061	246,237	1,0	140,65	0,0	166	99	1
1062	1,1	26,36	0,1	22,13	138	99	1
1063	3,0	26,36	3,1	22,13	141	99	1
1064	14,18	37,46	6,6	21,15	145	99	1
1065	47,51	37,46	44,17	21,15	125	99	1
1066	121,143	2,2	84,35	2,1	198	99	1
1067	192,237	2,2	130,47	2,1	198	99	1
1068	69,83	2,2	52,25	2,1	123	99	1
1069	136,102	2,0	110,50	0,1	198	99	1
1070	276,314	4,2	158,106	0,0	151	99	1
1071	22,39	2,0	22,7	0,0	151	99	1
1072	112,111	0,2	59,28	0,0	161	99	1
1073	15,18	1,2	6,1	4,1	103	99	0.106973046479
1075	598,647	1,0	484,330	0,0	198	99	1
1076	119,122	0,1	101,48	1,0	198	99	1
1077	6,10	0,0	6,5	0,2	187	99	1
1078	2153,2124	1,1	1469,758	0,0	198	99	1
1079	2,14	388,462	7,4	380,187	198	99	1
1080	388,466	0,3	382,190	4,0	198	99	1
1081	22,37	33,41	41,33	44,22	198	99	1
1083	27,27	1,0	22,16	0,0	143	99	1
1084	162,210	0,2	86,39	0,0	198	99	1
1085	288,379	0,0	266,180	1,1	187	99	1
1086	140,209	0,1	106,71	0,0	198	99	1
1087	111,155	0,0	88,58	1,0	197	99	1
1088	1496,1605	1,0	903,473	0,0	198	99	1
1089	764,816	1,0	493,234	0,0	198	99	1
1090	0,1	747,806	0,0	486,232	126	99	1
1091	127,137	1,0	66,23	0,0	198	99	1
1092	256,309	1,0	166,107	0,1	198	99	1
1093	1041,1168	1,0	920,424	0,0	198	99	1
1094	148,171	1,3	127,53	0,0	183	99	1
1095	140,124	4,3	118,50	0,0	185	99	1
1096	133,146	0,1	78,39	0,0	198	99	1
1097	127,193	3,1	128,51	0,0	198	99	1
1098	1072,1398	0,0	997,483	1,0	198	99	1
1099	482,669	0,2	367,216	3,2	150	99	1
1100	93,98	203,242	87,44	136,58	181	99	1
1101	19,20	3,6	8,7	0,0	198	99	0.014798756034
1102	10,17	3,6	7,5	0,0	184	99	0.00230505122942
1103	293,340	0,0	213,105	3,0	132	99	1
1104	247,320	0,1	174,87	0,0	198	99	1
1105	243,303	1,0	159,95	0,0	172	99	1
1106	34,37	0,1	29,7	0,0	198	99	1
1109	11,10	100,127	6,1	85,35	120	99	1
1110	1260,1844	17,10	1183,594	7,5	198	99	1
1111	2783,3851	0,1	2456,1378	0,0	198	99	1
1112	570,578	0,1	477,229	0,0	145	99	1
1113	556,593	1,0	479,195	0,0	194	99	1
1114	2,5	0,0	4,2	0,1	198	99	1
1115	8,21	1,0	16,9	0,0	198	99	1
1116	308,368	10,7	191,101	11,12	128	99	1
1117	11,5	2,5	6,4	4,1	185	99	1
1118	6,3	2,5	3,2	4,1	186	99	1
1120	4,12	1,3	8,2	2,0	151	99	0.404453418843
1121	7,9	1,0	7,3	0,0	151	99	1
1122	254,215	1,0	173,114	0,0	161	99	1
1124	4,0	85,76	0,4	66,25	173	99	1
1125	242,203	2,2	205,84	0,0	189	99	1
1126	138,129	4,11	113,72	7,4	127	99	1
1127	192,178	1,0	168,70	0,0	189	99	1
1128	48,61	3,2	18,13	3,0	156	99	1
1129	30,51	3,2	30,10	3,0	152	99	1
1130	483,523	31,56	337,172	58,34	164	99	0.826908912371
1132	888,860	1,0	651,340	0,0	129	99	1
1133	76,72	2,2	48,31	0,0	137	99	1
1134	5,8	2,2	2,4	0,0	198	99	0.13470069423
1135	171,160	4,4	111,47	1,0	163	99	1
1136	78,98	1,1	125,73	0,0	198	99	1
1137	164,186	1,1	249,125	1,1	198	99	1
1138	7,12	1,1	7,7	1,1	198	99	1
1139	12,18	92,95	15,17	132,62	198	99	1
1140	202,199	1,0	281,103	0,0	143	99	1
1141	95,81	0,0	71,39	1,0	198	99	1
1143	75,56	2,4	74,38	2,1	150	99	1
1144	4,8	117,152	9,8	138,54	198	99	1
1145	100,118	3,3	100,33	1,3	198	99	1
1146	574,579	5,5	392,218	0,1	198	99	1
1147	324,583	0,2	374,218	0,0	198	99	1
1148	44,41	3,1	29,14	3,3	165	99	1
1149	9,8	55,36	11,9	45,17	198	99	1
1150	1993,2145	5,0	1510,747	1,1	184	99	1
1151	2,7	17,26	2,0	5,5	198	99	1
1152	375,475	0,0	308,126	1,1	184	99	1
1153	247,248	0,0	231,118	1,0	198	99	1
1154	26,61	1,0	25,16	0,0	157	99	1
1155	27,61	0,1	10,14	1,0	193	99	1
1156	40,76	0,1	23,20	1,0	198	99	1
1157	87,81	0,2	54,22	0,0	168	99	1
1158	39,44	7,5	65,44	19,12	141	99	0.710740695778
1159	87,97	1,0	36,39	0,0	150	99	1
1161	0,1	100,91	0,0	60,33	186	99	1
1162	10,14	2,0	16,4	0,0	198	99	1
1163	46,61	3,0	27,12	0,0	139	99	1
1164	376,599	1,0	399,269	0,0	198	99	1
1165	34,39	0,1	30,7	0,0	198	99	1
1166	2652,2779	12,33	2132,1235	24,7	132	99	1
1167	445,449	0,0	196,102	1,0	148	99	1
1169	75,72	0,3	22,12	0,4	162	99	1
1170	172,168	0,2	100,62	1,0	187	99	1
1171	2,3	0,0	8,3	0,1	160	99	1
1172	115,140	10,8	83,53	2,0	198	99	1
1173	4579,4289	1,0	4063,1881	0,0	198	99	1
1174	234,228	1,0	140,52	0,0	127	99	1
1175	356,324	6,1	230,134	0,0	198	99	1
1180	357,383	0,0	320,183	2,0	198	99	1
1181	1,2	3,4	1,0	2,0	168	99	1
1182	19,16	3,6	11,7	1,1	186	99	0.422118384764
1184	59,44	0,0	37,14	1,0	145	99	1
1186	53,66	43,50	77,45	19,8	165	99	0.000792282229881
1187	69,88	1,4	143,64	1,0	198	99	1
1188	36,48	1,4	75,29	1,0	177	99	1
1191	125,134	0,0	161,85	1,1	167	99	1
1192	7,7	1,0	2,1	1,0	144	99	1
1193	14,8	23,17	4,2	9,7	174	99	1
1194	11,6	32,30	4,5	11,12	178	99	1
1195	4,2	0,1	0,0	0,2	153	99	1
1196	3,14	0,0	1,0	0,1	158	99	1
1197	12,5	8,13	3,8	4,2	144	99	0.559483230689
1198	6,5	3,2	1,6	1,0	144	99	0.0135905134049
1199	12,16	19,7	1,5	8,4	198	99	0.410096090244
1200	16,25	43,42	8,13	39,16	198	99	1
1201	14,24	19,7	4,2	8,4	198	99	0.243614508853
1202	18,33	43,42	11,10	39,16	198	99	1
1203	13,12	0,0	2,3	1,0	198	99	1
1204	17,21	0,1	9,11	2,0	198	99	1
1205	10,9	43,42	5,3	39,16	147	99	1
1206	9,7	0,1	4,4	2,0	147	99	1
1207	17,19	1,0	9,6	0,0	198	99	1
1208	158,166	0,0	116,76	0,1	154	99	1
1209	1747,1709	0,1	1389,583	0,0	158	99	1
1210	20,23	71,74	19,11	65,31	198	99	1
1211	659,535	0,1	453,194	0,0	157	99	1
1213	588,669	0,1	456,206	0,0	198	99	1
1214	579,610	14,13	405,219	12,8	177	99	1
1215	3,4	1,0	7,6	0,0	185	99	1
1216	306,302	0,0	209,111	0,1	198	99	1
1217	191,240	15,34	165,84	10,9	180	99	1
1218	208,215	0,0	154,71	1,0	155	99	1
1219	56,60	0,0	34,32	0,1	189	99	1
1220	194,196	1,0	120,67	0,0	131	99	1
1221	60,51	0,0	26,20	1,0	190	99	1
1222	28,22	0,0	12,8	1,0	195	99	1
1223	37,17	1,0	25,12	0,0	198	99	1
1224	67,35	1,0	40,25	0,0	198	99	1
1225	55,44	0,0	45,28	2,0	198	99	1
1226	97,154	0,1	72,38	0,0	154	99	1
1228	0,1	0,0	1,0	2,0	144	99	1
1229	0,0	329,440	2,0	243,137	195	99	1
1231	116,110	1,0	83,24	0,0	190	99	1
1232	894,1025	0,0	748,402	1,0	171	99	1
1233	6066,6530	0,0	4042,1839	1,0	129	99	1
1234	15,33	1,1	9,6	1,0	198	99	1
1235	74,71	0,0	43,18	2,0	178	99	1
1238	83,83	0,1	79,20	0,0	198	99	1
1239	100,77	0,1	51,37	1,0	198	99	1
1240	71,89	0,0	63,32	1,0	164	99	1
1241	5,5	71,89	7,0	59,20	132	99	1
1242	686,653	0,0	415,221	1,0	198	99	1
1243	309,337	1,0	206,119	1,0	158	99	1
1244	290,342	1,0	208,106	0,0	198	99	1
1245	236,256	1,0	132,72	0,0	155	99	1
1246	317,385	1,1	245,152	0,1	163	99	1
1248	163,124	0,0	130,65	0,2	198	99	1
1249	785,764	0,0	543,259	0,2	176	99	1
1250	156,155	7,6	103,61	3,3	198	99	1
1251	15,26	0,1	14,13	0,0	198	99	1
1252	513,638	0,4	521,196	0,0	153	99	1
1253	84,74	0,0	43,24	1,0	198	99	1
1254	56,58	0,8	37,14	1,0	198	99	1
1255	42,49	0,8	29,12	1,0	198	99	1
1256	45,52	0,8	29,11	1,0	198	99	1
1257	0,0	0,8	0,1	1,0	122	99	1
1258	16,7	14,9	3,5	8,3	122	99	1
1259	1,0	0,8	1,0	1,0	125	99	1
1260	40,22	14,9	12,10	8,3	125	99	1
1261	2804,3062	0,0	2895,1569	2,0	186	99	1
1262	145,157	0,1	104,41	0,1	172	99	1
1263	874,871	0,0	722,358	0,1	198	99	1
1264	26,28	0,0	25,8	1,0	168	99	1
1265	80,108	1,0	68,30	1,0	162	99	1
1266	54,83	0,0	44,23	0,1	162	99	1
1267	155,200	1,0	81,47	1,0	188	99	1
1268	106,100	0,0	50,15	0,1	167	99	1
1269	132,126	1,0	72,24	0,0	167	99	1
1270	43,42	3,0	21,11	0,0	198	99	1
1271	1,4	285,297	5,0	296,139	198	99	1
1272	152,190	2,5	92,55	1,0	198	99	1
1273	103,128	2,5	67,36	1,0	198	99	1
1274	297,339	1,0	252,131	0,0	177	99	1
1275	281,301	0,1	237,138	0,0	159	99	1
1276	108,99	2,1	68,29	1,1	198	99	1
1277	330,293	0,0	216,106	1,0	139	99	1
1278	624,718	1,0	474,257	1,0	196	99	1
1279	505,557	1,0	187,128	0,0	155	99	1
1280	159,160	0,0	150,57	0,1	152	99	1
1281	783,822	0,2	459,241	0,0	198	99	1
1282	32,35	3,0	33,10	9,1	151	99	0.173363745454
1283	18,13	115,103	11,2	65,24	154	99	1
1284	49,34	1,0	24,7	0,1	157	99	1
1285	32,35	0,5	15,5	1,0	198	99	1
1286	42,39	0,1	17,5	0,0	198	99	1
1288	1050,1175	7,1	698,307	2,1	162	99	1
1289	4,5	1,0	5,0	0,0	146	99	1
1294	52,43	0,0	29,16	0,1	151	99	1
1295	4844,6172	0,1	3384,2428	0,0	138	99	1
1296	122,122	0,3	111,74	2,0	155	99	1
1297	180,268	1,0	104,56	0,0	188	99	1
1299	333,264	12,0	206,101	2,2	174	99	1
1300	20,25	0,4	13,4	1,0	151	99	1
1301	119,151	1,0	58,42	2,0	167	99	1
1303	102,102	0,0	56,45	0,1	198	99	1
1304	133,165	10,13	104,50	9,4	180	99	1
1306	554,680	0,0	504,323	0,1	179	99	1
1307	170,245	0,2	178,100	0,0	145	99	1
1308	57,39	0,1	28,15	0,0	198	99	1
1309	763,859	1,0	580,277	2,0	198	99	1
1311	532,624	0,0	383,238	0,2	153	99	1
1312	84,80	1,3	63,19	0,0	145	99	1
1313	35,41	18,27	32,11	5,2	190	99	0.0231116233962
1314	472,542	1,0	345,197	0,1	198	99	1
1315	12,8	35,41	10,2	25,7	186	99	1
1316	46,71	51,55	16,19	24,14	149	99	1
1317	68,55	0,1	37,27	2,1	132	99	1
1318	119,116	2,0	91,45	0,1	183	99	1
1319	7331,9637	3,10	7175,4286	0,1	198	99	1
1321	55,54	1,1	47,29	4,0	198	99	1
1322	109,100	0,0	90,45	0,1	165	99	1
1323	181,166	1,0	152,78	0,0	164	99	1
1324	37,31	2,8	30,18	5,1	165	99	1
1325	55,48	1,0	47,21	0,0	191	99	1
1326	66,38	2,0	5,3	0,0	148	99	1
1328	17,25	0,0	12,3	1,0	182	99	1
1329	230,240	0,1	109,54	0,0	169	99	1
1330	16,8	29,19	6,0	26,7	130	99	0.245899970395
1331	0,0	175,205	0,2	111,73	190	99	1
1332	99,101	0,1	73,49	0,0	145	99	1
1333	368,407	0,1	275,154	0,0	170	99	1
1334	9,15	50,56	4,2	34,15	198	99	1
1335	21,32	50,56	8,6	34,15	198	99	1
1336	120,103	0,2	59,31	2,0	196	99	1
1337	27,45	124,115	21,17	60,26	135	99	1
1338	3,0	15,8	1,3	5,5	177	99	1
1339	856,880	0,1	630,321	0,0	167	99	1
1340	55,68	1,0	16,10	0,0	165	99	1
1341	123,147	1,0	79,53	0,0	198	99	1
1342	189,178	2,0	149,83	0,0	188	99	1
1346	8,15	7,7	10,1	5,2	198	99	1
1347	8,15	7,7	10,1	5,2	198	99	1
1348	8,16	7,7	11,1	5,2	198	99	1
1350	57,93	0,1	42,19	0,0	198	99	1
1351	0,2	35,21	0,0	15,9	172	99	1
1353	3021,3105	0,3	3141,1577	0,0	165	99	1
1354	5,17	0,0	5,6	4,0	133	99	0.650690775089
1355	29,28	1,1	42,28	0,0	167	99	1
1357	131,120	33,26	100,50	24,9	198	99	1
1360	143,176	1,0	61,28	0,0	124	99	1
1361	52,45	7,6	24,10	4,0	124	99	1
1362	25,14	7,6	11,6	4,0	151	99	0.651314617437
1363	61,68	7,6	57,21	4,0	112	99	1
1364	19,25	7,6	18,10	4,0	139	99	0.454931232075
1365	198,180	0,3	121,60	0,0	198	99	1
1366	286,286	1,1	154,114	0,0	184	99	1
1367	84,105	2,2	47,41	0,1	162	99	1
1368	258,269	0,3	161,90	0,0	159	99	1
1369	105,87	0,0	55,33	0,1	170	99	1
1370	181,227	0,2	160,52	1,1	178	99	1
1371	147,204	1,1	124,64	0,0	198	99	1
1372	87,105	0,0	69,23	0,1	119	99	1
1373	8,4	378,400	1,2	286,143	198	99	1
1374	33,25	17,26	55,16	19,7	139	99	0.414894719749
1375	76,94	1,4	36,15	0,0	162	99	1
1376	83,73	1,1	84,31	1,0	164	99	1
1377	146,135	1,1	120,40	1,0	191	99	1
1378	19,43	0,1	14,3	0,0	155	99	1
1379	127,106	1,0	111,42	0,0	133	99	1
1381	19,31	4,0	19,6	3,0	137	99	1
1382	28,39	0,2	31,8	0,0	137	99	1
1385	1387,1386	1,1	1256,629	5,0	192	99	1
1386	43,53	1,0	23,20	0,0	161	99	1
1387	1089,1008	0,1	779,409	0,0	154	99	1
1388	3543,3620	1,0	2847,1299	0,0	198	99	1
1389	554,395	1,0	379,185	0,0	180	99	1
1390	1203,1242	1,0	813,485	0,0	127	99	1
1391	988,905	2,4	762,460	5,1	150	99	1
1392	342,361	0,0	285,130	0,1	198	99	1
1393	63,108	0,1	40,16	2,0	143	99	1
1394	65,96	0,1	44,20	2,0	146	99	1
1395	2668,3022	0,1	1408,745	0,0	186	99	1
1396	2155,2554	4,2	1632,795	0,0	198	99	1
1397	258,254	213,207	182,92	150,88	115	99	1
1398	492,584	2,5	365,199	1,1	197	99	1
1399	5,17	290,208	11,5	235,93	142	99	1
1401	182,190	1,2	178,132	2,1	182	99	1
1402	971,1070	1,1	687,355	0,0	159	99	1
1403	130,180	0,3	114,61	0,0	153	99	1
1404	125,103	7,2	94,63	5,4	198	99	1
1405	59,61	3,6	41,16	3,0	137	99	1
1407	4925,5063	3908,3811	2967,1564	1860,1017	198	99	1
1408	0,2	4,1	2,0	2,1	147	99	1
1409	248,231	1,8	150,76	0,0	198	99	1
1410	80,100	6,7	41,40	1,2	198	99	1
1411	1250,1224	0,1	757,410	0,0	198	99	1
1412	1074,1078	0,0	613,312	1,0	180	99	1
1413	822,850	2,1	584,330	2,2	198	99	1
1414	604,649	2,1	360,194	2,2	198	99	1
1415	3,0	600,551	6,1	510,205	166	99	1
1417	172,244	0,0	166,107	1,2	198	99	1
1418	57,46	33,35	20,6	16,6	198	99	1
1419	51,42	33,35	21,5	16,6	198	99	1
1422	143,135	1,0	123,54	0,0	165	99	1
1424	152,162	2,0	155,69	0,0	116	99	1
1425	2559,2827	2,0	3354,1803	0,0	158	99	1
1426	201,207	43,28	139,84	43,17	157	99	1
1427	173,170	2,0	130,83	0,0	193	99	1
1428	337,382	3,0	252,127	0,0	198	99	1
1429	809,916	0,0	587,353	0,5	141	99	1
1430	294,282	26,15	237,122	15,7	104	99	1
1431	87,105	0,0	49,29	1,0	198	99	1
1434	21,14	1003,1089	6,2	627,293	198	99	1
1435	271,319	0,4	162,63	6,0	178	99	1
1437	306,356	1,0	309,129	0,0	174	99	1
1440	9,2	873,1073	0,1	665,439	198	99	1
1441	79,101	0,0	51,27	0,1	198	99	1
1444	327,401	8,13	281,150	1,1	126	99	1
1445	748,907	0,0	568,348	0,1	198	99	1
1447	1620,1836	2,3	1344,818	0,0	198	99	1
1448	758,842	2,3	607,416	0,0	198	99	1
1449	760,840	2,3	607,416	0,0	198	99	1
1450	143,135	9,5	83,54	3,4	188	99	1
1451	117,103	8,2	71,38	2,0	198	99	1
1452	12,24	349,306	6,0	249,122	198	99	1
1453	12,30	349,306	6,1	249,122	176	99	1
1454	19,25	0,0	15,10	1,0	198	99	1
1455	10,8	9,11	7,6	7,8	145	99	1
1456	16,15	4,12	14,9	6,0	140	99	0.428785281611
1457	1255,1185	1,1	884,447	1,1	186	99	1
1459	74,107	1,0	62,42	0,0	198	99	1
1460	100,130	0,4	63,28	0,0	176	99	1
1461	1533,1519	0,0	1657,928	0,1	165	99	1
1462	2,2	7,14	5,0	27,8	198	99	1
1463	53,59	0,1	41,19	0,0	158	99	1
1464	237,264	1,0	137,65	0,0	198	99	1
1465	444,546	0,1	233,118	0,0	198	99	1
1467	216,187	0,0	158,81	1,0	151	99	1
1468	220,249	0,0	213,117	1,0	180	99	1
1469	88,92	0,0	92,54	1,0	172	99	1
1470	576,546	1,1	437,216	0,0	198	99	1
1471	631,623	1,1	497,276	0,0	198	99	1
1473	689,793	0,1	521,259	0,0	162	99	1
1474	435,385	1,0	323,154	5,0	155	99	1
1475	137,165	0,0	79,34	0,1	184	99	1
1476	205,179	3,0	144,62	0,0	198	99	1
1477	168,181	10,7	153,70	12,3	178	99	1
1478	5,1	0,2	4,3	0,0	133	99	1
1479	36,47	0,0	47,12	2,0	198	99	1
1480	225,291	5,7	224,86	0,0	186	99	1
1481	220,270	19,22	206,76	9,4	186	99	1
1482	243,220	0,0	213,92	1,0	195	99	1
1483	4,5	69,92	1,1	32,24	132	99	1
1484	215,313	0,2	243,135	0,0	198	99	1
1485	264,331	1,0	190,100	0,0	180	99	1
1486	127,109	1,1	86,42	0,0	159	99	1
1487	205,244	1,0	155,76	0,0	158	99	1
1488	390,416	1,0	306,107	0,0	181	99	1
1489	416,371	1,0	274,117	0,0	135	99	1
1490	197,271	5,16	188,89	4,1	198	99	1
1492	121,174	0,1	78,43	0,0	160	99	1
1493	44,49	0,0	23,5	1,0	186	99	1
1494	83,82	0,0	37,16	1,0	149	99	1
1495	28,37	1,2	29,16	1,0	174	99	1
1496	211,247	3,0	127,60	0,0	156	99	1
1497	623,658	3,7	482,245	6,0	198	99	1
1498	383,465	130,169	322,139	92,57	198	99	1
1499	3075,3254	0,1	2179,1174	0,0	147	99	1
1500	88,62	0,0	21,10	1,0	198	99	1
1501	1048,1090	0,1	619,303	0,0	198	99	1
1502	827,1084	6,4	622,341	3,0	170	99	1
1503	15,33	61,83	17,4	39,29	139	99	1
1504	60,86	1,0	31,29	0,0	198	99	1
1505	82,56	0,1	58,18	0,0	176	99	1
1507	233,215	2,0	190,74	0,0	153	99	1
1508	3,0	2578,2659	0,0	2013,1009	198	99	1
1509	2,3	23,37	3,2	24,3	198	99	1
1510	2,3	23,37	2,3	24,3	198	99	1
1512	194,191	1,0	89,36	0,0	186	99	1
1513	352,402	2,0	268,139	0,0	135	99	1
1514	1237,1323	0,1	1231,673	0,0	198	99	1
1516	262,348	3,4	186,85	1,2	198	99	1
1517	54,53	106,109	57,33	83,37	198	99	1
1518	103,128	0,4	104,57	2,0	162	99	1
1520	774,832	1,0	677,338	0,0	198	99	1
1521	315,361	2,6	270,171	2,2	188	99	1
1522	249,287	1,0	202,97	0,0	193	99	1
1523	7,6	141,129	0,2	78,54	149	99	1
1524	48,26	2,5	17,5	1,2	198	99	1
1525	42,33	2,5	23,5	1,2	198	99	1
1526	0,5	14,11	0,0	22,7	153	99	1
1527	24,26	47,39	19,13	21,8	198	99	0.669682467367
1528	20,18	47,39	12,8	21,8	198	99	1
1529	1,0	47,39	0,0	21,8	198	99	1
1530	449,497	2,7	353,240	4,1	198	99	1
1531	51,65	185,198	62,42	112,85	134	99	1
1532	48,34	3,1	20,5	3,0	198	99	1
1533	17,12	1,0	9,4	0,0	145	99	1
1534	12,21	0,0	28,17	1,0	172	99	1
1535	133,106	0,1	86,36	1,0	198	99	1
1536	55,53	0,1	21,13	1,0	198	99	1
1537	308,288	0,1	172,118	0,0	169	99	1
1538	250,278	0,4	150,79	0,0	198	99	1
1539	21,18	0,1	11,8	0,0	190	99	1
1540	2826,2751	0,0	1541,624	1,0	157	99	1
1541	333,312	0,3	223,135	0,0	162	99	1
1542	121,115	5,10	52,30	2,4	153	99	1
1543	66,55	5,10	39,17	2,4	184	99	1
1544	0,1	143,151	0,0	95,56	159	99	1
1545	15,13	1,3	34,26	7,1	133	99	1
1546	237,307	1,3	229,128	7,1	162	99	1
1547	290,391	0,2	332,169	0,0	162	99	1
1548	313,394	2,1	353,161	4,3	152	99	1
1549	77,49	3,0	49,15	0,0	198	99	1
1550	7,10	1647,1930	0,1	1156,569	163	99	1
1551	25,40	1647,1930	28,12	1156,569	198	99	1
1552	43,57	1647,1930	56,22	1156,569	198	99	1
1553	2,7	0,2	4,7	0,0	155	99	1
1554	20,22	14,21	10,8	10,8	198	99	1
1555	88,72	1,4	60,16	0,1	179	99	1
1556	198,188	0,1	155,94	0,0	192	99	1
1557	55,55	0,2	49,40	1,0	177	99	1
1559	909,890	1,0	704,339	3,0	147	99	1
1560	3,4	28,40	1,1	17,8	146	99	1
1561	290,328	105,83	270,96	53,39	198	99	1
1562	175,183	105,83	182,56	53,39	198	99	1
1563	98,136	1,3	80,30	1,1	198	99	1
1564	219,301	1,0	178,93	0,0	198	99	1
1565	1245,1516	20,10	950,512	6,0	169	99	1
1566	294,305	19,5	242,141	9,7	160	99	1
1567	110,87	4,1	88,50	0,0	147	99	1
1568	242,268	1,0	195,104	0,0	151	99	1
1569	212,182	2,5	106,79	3,1	198	99	1
1570	295,309	1,2	156,112	0,1	197	99	1
1572	242,206	2,0	156,89	0,0	198	99	1
1573	35,35	154,261	24,3	103,61	195	99	1
1574	58,75	0,0	68,18	1,0	198	99	1
1575	131,144	0,0	120,37	1,0	171	99	1
1576	69,67	0,0	44,19	0,1	196	99	1
1578	287,361	0,1	146,106	0,0	119	99	1
1579	487,477	17,42	458,281	25,16	179	99	1
1580	287,278	0,2	325,190	1,1	179	99	1
1581	240,229	636,548	245,138	387,186	179	99	1
1583	47,40	2,1	17,17	0,1	196	99	1
1584	260,314	2,4	221,127	0,0	156	99	1
1585	158,210	0,0	117,53	2,0	198	99	1
1586	0,3	0,2	2,0	0,1	198	99	1
1587	16,25	1,1	13,6	1,0	198	99	1
1588	16,24	0,3	11,7	5,2	198	99	0.0551978928471
1589	235,290	2,0	147,105	1,0	198	99	1
1590	1067,1073	9,3	856,479	14,12	197	99	1
1591	1111,1283	0,0	1019,592	2,0	154	99	1
1592	107,115	3,3	60,33	1,0	118	99	1
1594	3,0	23,17	1,1	9,3	198	99	1
1595	120,183	2,0	99,70	1,0	155	99	1
1596	3497,2975	1,0	1690,790	0,0	127	99	1
1597	3,8	193,180	3,2	93,57	151	99	1
1599	143,160	0,0	110,59	1,0	172	99	1
1600	93,144	2,7	88,39	4,0	162	99	1
1601	133,173	3,1	108,63	0,0	162	99	1
1602	242,288	0,0	256,130	1,0	192	99	1
1604	219,213	0,0	147,64	1,0	198	99	1
1605	191,196	2,0	117,54	0,0	198	99	1
1608	0,3	19,19	0,0	11,7	198	99	1
1609	0,4	27,9	0,0	7,2	198	99	1
1610	49,51	17,12	4,11	8,3	144	99	0.440851226046
1611	351,417	0,0	394,201	1,0	139	99	1
1613	803,891	1,0	458,249	0,0	118	99	1
1614	99,80	289,353	48,18	140,83	198	99	1
1615	290,354	7,7	139,83	4,3	159	99	1
1616	675,933	0,5	479,291	2,1	198	99	1
1617	526,660	0,0	321,186	1,0	137	99	1
1618	1,0	0,0	0,0	1,0	198	99	1
1619	3,0	0,0	0,0	1,0	198	99	1
1620	0,0	0,1	1,0	0,0	198	99	1
1621	310,334	0,0	124,70	1,0	158	99	1
1622	105,106	1,0	68,47	0,0	149	99	1
1623	11,14	6,5	16,7	2,0	160	99	0.0137159190487
1624	604,546	0,0	397,210	0,1	198	99	1
1626	102,80	0,3	81,54	1,0	182	99	1
1627	8,2	0,1	1,0	0,0	176	99	1
1628	30,22	0,0	6,8	0,1	198	99	1
1629	730,677	1,1	383,206	0,0	196	99	1
1630	95,136	0,1	59,30	0,0	198	99	1
1631	120,148	1,1	58,26	0,2	177	99	1
1632	229,256	1,1	116,49	0,2	183	99	1
1635	40,25	0,0	23,21	1,0	175	99	1
1636	43,53	5,0	41,16	0,0	198	99	1
1638	241,245	0,0	195,107	1,0	198	99	1
1639	537,656	0,0	680,311	2,0	198	99	1
1640	767,865	1,0	682,378	0,0	183	99	1
1641	511,585	434,503	488,248	306,146	198	99	1
1642	867,870	1,0	846,429	0,0	155	99	1
1643	194,233	0,0	242,136	0,1	184	99	1
1644	214,226	0,1	263,131	0,0	198	99	1
1645	227,242	1,0	318,144	0,0	198	99	1
1646	25,19	1,2	18,6	0,0	145	99	1
1647	234,285	0,0	153,69	0,1	163	99	1
1648	161,148	0,0	100,62	1,0	146	99	1
1649	202,187	0,0	176,99	1,1	159	99	1
1650	98,122	2,4	62,38	1,0	173	99	1
1651	125,116	1,1	78,32	1,1	145	99	1
1653	195,204	0,1	192,98	0,0	180	99	1
1654	511,451	2,1	376,182	0,0	184	99	1
1655	285,262	60,52	180,71	93,39	162	99	0.00506206683064
1656	155,131	3,0	83,38	0,1	162	99	1
1657	253,250	3,0	246,125	0,1	159	99	1
1658	336,332	6,5	257,119	1,0	159	99	1
1659	39,22	0,1	25,18	0,0	153	99	1
1660	111,85	1,3	102,37	0,1	198	99	1
1662	398,381	1,0	296,136	0,0	198	99	1
1663	42,42	1,0	15,2	0,0	156	99	1
1664	36,60	5,2	31,27	2,1	181	99	1
1666	126,140	1,0	113,40	0,0	198	99	1
1667	104,127	55,65	92,44	69,52	180	99	0.446952868365
1668	49,51	2133,2145	68,18	1517,832	198	99	1
1669	359,411	0,1	325,181	0,0	198	99	1
1670	122,118	0,0	98,56	2,2	141	99	1
1671	131,129	0,0	131,70	2,0	198	99	1
1672	160,129	3,0	125,55	0,0	168	99	1
1673	1451,1489	0,0	1249,587	1,0	153	99	1
1674	503,599	5,1	358,171	0,3	198	99	1
1675	67,67	3,2	54,25	4,0	194	99	1
1676	159,119	0,1	97,52	0,0	198	99	1
1677	1205,1318	1,0	1519,901	1,0	114	99	1
1678	2125,2366	1,1	2855,1531	3,4	162	99	1
1679	233,278	0,0	167,88	1,0	173	99	1
1680	698,835	1,4	472,280	1,2	161	99	1
1681	69,47	2,0	46,24	0,0	198	99	1
1682	183,188	0,0	196,118	3,3	138	99	1
1683	74,84	0,0	86,47	3,3	162	99	1
1684	462,493	0,0	353,183	1,0	198	99	1
1688	0,1	27,49	0,0	47,39	181	99	1
1689	13,14	0,0	20,14	0,1	125	99	1
1690	189,176	1,0	163,79	0,0	198	99	1
1691	412,528	0,1	362,192	1,0	164	99	1
1692	763,799	0,2	506,292	0,0	198	99	1
1693	1011,890	0,0	680,276	2,0	157	99	1
1694	93,123	1,0	68,43	0,0	198	99	1
1695	61,74	0,0	51,24	0,1	198	99	1
1696	240,283	14,8	171,93	0,2	198	99	1
1698	560,592	1,0	377,185	0,0	198	99	1
1699	271,325	0,0	207,111	1,0	198	99	1
1700	16,19	3,1	18,10	0,0	198	99	0.937878321667
1701	23,22	0,0	24,15	0,1	198	99	1
1702	17,31	1,0	5,7	0,0	159	99	1
1703	16,31	1,0	6,7	0,0	159	99	1
1704	102,117	0,2	84,61	0,0	165	99	1
1705	218,247	0,0	174,80	1,0	127	99	1
1706	325,342	0,1	247,132	0,0	191	99	1
1707	153,167	1,1	112,61	0,0	191	99	1
1708	3433,4070	0,0	3393,1852	4,1	198	99	1
1709	1007,1063	0,0	830,427	2,0	147	99	1
1710	57,67	7,5	55,30	0,1	180	99	0.549821399725
1711	108,94	0,1	98,49	0,0	198	99	1
1712	20,23	0,0	5,1	0,1	198	99	1
1713	20,26	79,82	10,6	91,42	133	99	1
1715	22,23	40,53	10,5	40,15	138	99	1
1716	65,71	0,0	56,23	2,0	131	99	1
1717	3221,3964	35,43	2611,1413	6,4	159	99	1
1718	4010,4635	9,5	3292,1666	2,1	192	99	1
1719	1101,1245	0,1	878,469	0,0	198	99	1
1721	8,12	0,0	4,5	0,1	198	99	1
1722	27,25	1,0	16,10	0,0	198	99	1
1723	19,21	0,3	9,11	2,0	198	99	1
1724	27,40	0,3	13,16	2,0	198	99	1
1725	25,16	2,0	20,22	0,0	198	99	1
1726	39,28	0,2	15,9	1,0	140	99	1
1727	80,74	0,2	40,21	1,0	193	99	1
1729	71,97	2,1	61,20	1,0	198	99	1
1730	91,87	1,0	77,51	0,0	198	99	1
1731	24,26	0,0	23,14	1,0	198	99	1
1732	47,53	0,0	37,22	1,0	198	99	1
1734	224,252	0,0	150,69	1,0	179	99	1
1735	47,33	1,0	31,19	0,0	155	99	1
1736	37,41	1,0	28,15	0,0	186	99	1
1737	27,24	1,2	16,4	0,0	184	99	1
1738	67,59	0,1	25,13	0,0	197	99	1
1739	463,460	2,0	354,195	0,0	153	99	1
1740	33,33	2,0	9,14	0,0	198	99	1
1741	33,33	2,0	9,14	0,0	198	99	1
1742	183,204	2,0	161,114	1,0	136	99	1
1744	227,285	4,3	194,107	1,0	198	99	1
1745	120,157	4,3	117,52	1,0	198	99	1
1746	497,481	0,2	299,174	1,0	155	99	1
1747	126,187	2,0	108,54	0,0	198	99	1
1749	3,0	36,39	0,0	21,6	198	99	1
1750	28,24	2,4	13,3	0,1	159	99	0.00412810279019
1752	113,161	1,0	133,55	0,0	144	99	1
1753	288,270	0,4	232,121	0,0	198	99	1
1754	110,92	0,1	69,33	0,0	198	99	1
1755	235,229	6,7	179,75	6,4	198	99	1
1756	172,199	1,0	227,108	0,0	176	99	1
1759	12,20	0,1	14,8	0,2	198	99	1
1760	91,99	0,0	69,36	0,1	198	99	1
1761	258,268	0,2	169,84	0,0	107	99	1
1762	287,298	0,1	178,90	1,0	198	99	1
1763	296,292	0,1	193,97	1,0	198	99	1
1764	306,309	0,1	190,98	1,0	198	99	1
1765	42,41	0,0	30,13	0,1	198	99	1
1766	584,832	0,1	335,140	0,0	198	99	1
1767	904,1092	4,0	741,436	0,0	198	99	1
1768	8,3	184,166	3,1	149,62	167	99	1
1769	1,0	11,5	2,0	2,0	156	99	1
1771	210,199	0,0	144,81	0,1	160	99	1
1772	276,274	1,0	238,112	0,0	179	99	1
1773	124,166	0,2	79,46	0,0	157	99	1
1774	1280,1468	0,1	831,432	0,0	198	99	1
1775	62,60	3,1	72,31	2,0	198	99	1
1776	179,163	3,0	201,103	1,1	198	99	1
1777	278,320	0,12	229,151	2,3	198	99	1
1778	244,275	0,1	229,102	0,0	198	99	1
1779	120,99	0,1	79,39	0,0	195	99	1
1781	3,8	2,0	3,5	1,1	155	99	0.435729057837
1782	17,14	30,45	5,10	28,4	155	99	1
1783	27,49	0,1	30,18	0,0	198	99	1
1784	1107,1403	0,2	901,414	0,0	198	99	1
1785	4,9	0,2	4,1	0,0	198	99	1
1786	233,286	0,0	180,81	1,0	133	99	1
1787	17,12	0,0	18,9	0,1	157	99	1
1788	274,312	1,0	184,89	0,0	153	99	1
1789	8366,7099	2,2	7381,3039	0,0	198	99	1
1790	318,310	1,0	270,121	0,0	177	99	1
1792	45,31	0,0	18,17	1,0	146	99	1
1793	72,48	0,0	45,38	1,0	173	99	1
1794	36,27	5,5	49,27	0,0	149	99	0.244909497479
1795	33,32	1,0	34,15	0,0	166	99	1
1796	14241,17020	7,5	17203,9437	1,2	165	99	1
1797	76,89	0,0	95,55	1,0	139	99	1
1798	81,78	1,0	59,35	0,0	198	99	1
1800	17,23	0,1	21,11	0,0	141	99	1
1802	283,324	5,3	184,85	1,0	198	99	1
1803	16,15	9,12	8,5	5,4	150	99	1
1804	550,533	0,1	472,293	0,0	144	99	1
1807	0,5	13,10	1,1	10,5	172	99	1
1808	0,5	13,10	5,3	10,5	146	99	0.737730313948
1809	132,145	0,1	84,50	0,0	198	99	1
1810	12,8	17,36	21,9	28,16	180	99	1
1811	104,117	6,5	106,49	0,1	169	99	1
1814	268,291	0,1	190,95	0,0	168	99	1
1815	45,38	0,0	24,11	1,0	156	99	1
1816	333,278	2,0	224,114	0,0	198	99	1
1817	193,206	0,0	109,74	2,0	141	99	1
1818	201,222	0,0	192,105	1,0	132	99	1
1819	112,96	0,2	110,32	0,0	168	99	1
1820	355,381	14,7	174,100	7,6	161	99	1
1821	103,107	209,214	92,41	147,61	198	99	1
1822	0,0	4,0	1,2	1,0	163	99	1
1823	175,227	0,4	138,62	0,1	198	99	1
1824	169,171	2,0	81,55	1,0	160	99	1
1825	244,246	9,10	217,110	0,2	170	99	1
1826	74,69	1,0	47,23	0,0	152	99	1
1827	213,254	2,0	103,48	0,0	195	99	1
1828	2297,2644	13,19	1870,1051	4,11	126	99	1
1829	226,192	0,1	147,77	0,0	198	99	1
1830	1610,1757	0,0	1577,907	0,2	176	99	1
1831	57,68	0,2	34,16	0,0	165	99	1
1832	55,71	4,1	46,29	0,1	198	99	1
1834	11,4	0,1	8,0	0,0	163	99	1
1836	223,239	1,1	146,63	0,0	185	99	1
1839	777,963	1,0	697,393	0,0	172	99	1
1840	441,488	0,1	429,177	0,0	162	99	1
1841	26,25	0,0	9,12	1,0	190	99	1
1842	2,2	1,0	3,1	0,0	141	99	1
1843	4,5	902,1097	2,1	805,491	165	99	1
1844	298,276	0,0	160,120	1,0	174	99	1
1845	4,12	1,0	11,5	0,0	140	99	1
1846	33,27	1,0	25,8	0,0	158	99	1
1847	406,449	1,0	183,66	0,0	198	99	1
1848	166,147	2,0	129,74	0,0	198	99	1
1849	53,46	0,1	22,7	0,0	145	99	1
1850	115,105	0,2	85,46	0,3	198	99	1
1851	120,106	10,6	105,82	12,2	162	99	1
1852	784,739	0,0	580,226	1,0	198	99	1
1853	569,569	0,1	406,165	0,1	153	99	1
1854	206,213	1,0	121,79	0,0	188	99	1
1855	112,91	1,1	86,38	1,1	198	99	1
1856	52,38	4,5	29,23	0,0	164	99	0.783085649876
1857	29,27	7,4	44,9	8,1	198	99	1
1858	1251,1273	1,1	690,353	0,0	190	99	1
1859	309,214	0,0	237,98	2,0	198	99	1
1860	2,1	14,11	1,4	15,9	155	99	1
1862	315,237	0,1	125,74	0,0	192	99	1
1863	227,209	0,1	125,77	0,0	180	99	1
1864	240,255	0,2	164,76	0,0	198	99	1
1865	384,396	1,2	323,157	0,0	198	99	1
1866	384,396	0,1	325,157	1,0	198	99	1
1867	300,359	1,2	239,147	0,0	192	99	1
1868	500,546	0,1	413,205	1,0	192	99	1
1869	637,693	1,2	486,285	0,0	198	99	1
1870	841,882	0,1	662,343	1,0	198	99	1
1871	303,307	3,1	215,98	1,1	198	99	1
1872	39,33	2,6	13,11	0,0	171	99	0.646754362638
1873	237,177	0,1	189,94	0,2	161	99	1
1874	1048,1090	0,1	586,329	0,0	195	99	1
1875	23,44	0,2	11,9	1,0	157	99	1
1876	34,12	0,1	10,6	0,0	149	99	1
1877	402,395	1,9	428,220	2,0	197	99	1
1878	4,0	1,0	2,0	0,0	198	99	1
1879	124,219	2,0	174,99	0,0	165	99	1
1880	37,48	1,0	15,14	0,0	165	99	1
1881	804,1021	1,2	839,452	5,1	198	99	1
1882	606,541	0,0	436,209	3,2	165	99	1
1883	140,144	2,0	104,47	0,0	179	99	1
1884	41,29	16,25	27,21	20,7	160	99	1
1885	776,909	13,27	421,305	3,7	198	99	1
1886	512,510	2,0	343,195	0,0	172	99	1
1888	428,402	1,0	291,133	1,0	198	99	1
1889	36,42	0,2	11,10	0,0	198	99	1
1890	0,1	0,2	7,7	0,0	174	99	1
1891	5,6	1,1	2,1	0,1	117	99	0.0458524327708
1892	8,9	57,77	7,5	58,30	118	99	1
1893	377,324	0,0	359,192	0,1	198	99	1
1894	285,284	0,0	281,157	0,1	198	99	1
1896	213,287	0,3	201,86	0,1	198	99	1
1897	80,127	0,3	78,41	0,1	198	99	1
1898	17,27	5,2	16,13	3,1	123	99	1
1899	64,55	105,161	22,8	89,46	198	99	1
1900	534,507	2,0	384,190	0,0	189	99	1
1901	36,32	48,62	26,10	17,18	198	99	1
1902	129,134	1,0	101,62	0,1	172	99	1
1903	268,315	3,2	84,44	1,0	198	99	1
1904	111,111	0,3	109,39	0,0	159	99	1
1905	7,13	2,4	4,1	0,0	198	99	0.0266124886391
1906	287,311	4,1	273,106	2,0	198	99	1
1907	41,38	7,15	23,19	13,4	155	99	1
1908	15,10	7,15	9,9	13,4	141	99	1
1909	5,14	99,116	4,4	85,49	148	99	1
1910	321,345	0,1	295,140	0,1	198	99	1
1911	1093,1040	1,1	836,395	0,0	132	99	1
1912	5,3	131,162	2,1	126,77	191	99	1
1914	0,3	250,243	3,1	184,101	139	99	1
1915	9,13	1,0	7,10	0,0	152	99	1
1916	1189,1255	1,0	996,528	0,0	168	99	1
1917	23,34	0,0	16,5	1,0	178	99	1
1918	101,100	0,1	71,31	0,1	140	99	1
1919	165,191	0,0	173,87	1,0	184	99	1
1921	160,174	1,0	69,43	0,0	192	99	1
1922	37,53	0,0	25,15	4,1	145	99	0.756113811942
1923	21,8	130,143	9,4	79,53	198	99	1
1924	22,7	161,151	8,2	93,31	198	99	1
1925	30,14	130,143	9,2	79,53	198	99	1
1926	333,328	0,0	235,149	0,1	198	99	1
1927	3,2	5,4	11,3	6,2	157	99	0.202780195483
1929	391,408	1,0	243,124	0,0	138	99	1
1930	527,547	0,2	368,186	0,1	198	99	1
1931	474,390	4,3	334,160	4,0	198	99	1
1932	33,31	1,0	28,18	0,0	198	99	1
1933	101,90	1,0	52,32	0,0	198	99	1
1934	327,386	0,2	212,111	0,0	170	99	1
1935	232,203	0,0	84,32	1,0	140	99	1
1936	196,291	1,0	151,86	0,0	138	99	1
1937	230,248	4,0	162,68	0,0	182	99	1
1939	259,316	0,4	131,83	6,6	164	99	1
1940	629,731	1,0	616,338	2,0	132	99	1
1942	61,61	1,1	60,25	0,0	168	99	1
1943	1279,1928	2,0	837,497	0,0	121	99	1
1944	106,73	1,3	63,30	0,2	194	99	1
1945	82,45	1,3	47,23	0,2	161	99	1
1946	129,158	0,0	131,48	1,0	198	99	1
1948	5,10	1,4	10,2	3,1	129	99	1
1949	6,3	48,44	11,5	38,13	129	99	0.643469064313
1952	35,26	75,61	19,12	53,16	198	99	1
1953	37,32	75,61	24,7	53,16	155	99	1
1954	127,176	1,0	91,58	0,0	198	99	1
1955	216,234	0,2	179,90	1,0	162	99	1
1957	1366,1528	1,0	887,457	0,0	198	99	1
1958	64,56	1,0	36,15	0,0	138	99	1
1959	2,2	141,166	0,0	76,54	198	99	1
1960	62,56	0,1	78,24	0,0	162	99	1
1962	0,1	452,590	0,0	346,184	145	99	1
1963	0,1	452,590	0,0	346,184	171	99	1
1964	109,102	2,0	63,22	0,0	198	99	1
1966	291,277	5,1	161,106	2,3	198	99	1
1967	396,477	5,1	304,184	2,3	177	99	1
1968	94,123	30,26	51,54	15,7	195	99	1
1971	920,766	0,1	646,258	0,0	198	99	1
1972	25,24	1,0	20,5	0,0	198	99	1
1973	24,19	1,0	20,5	0,0	198	99	1
1974	600,625	0,3	466,231	0,1	197	99	1
1975	167,237	0,1	155,120	0,0	194	99	1
1976	119,110	3,0	67,37	0,0	182	99	1
1977	1316,1447	0,0	1063,443	2,0	198	99	1
1978	231,265	1,0	220,122	0,0	198	99	1
1979	718,801	1,0	606,354	0,0	198	99	1
1980	45,47	62,73	28,10	47,21	188	99	1
1981	73,58	62,73	28,19	47,21	185	99	1
1982	309,318	0,1	178,94	1,0	130	99	1
1983	1612,1610	4,8	1044,459	1,3	184	99	1
1984	2285,2353	4,8	1656,747	1,3	179	99	1
1985	2330,2275	0,1	1564,787	0,0	160	99	1
1986	195,224	2,0	146,55	0,2	167	99	1
1989	146,148	1,0	133,73	0,0	148	99	1
1990	856,836	0,1	565,266	3,0	129	99	1
1991	13,8	1,1	8,4	4,0	198	99	1
1992	23,21	3,0	8,6	0,0	171	99	1
1994	1177,1261	1,0	914,509	0,2	156	99	1
1995	50,34	16,25	31,14	9,9	114	99	1
1996	310,410	0,2	220,117	0,1	198	99	1
1997	1646,1899	0,4	1126,630	3,0	141	99	1
1998	3254,3311	3,2	2508,1210	2,1	166	99	1
1999	124,105	1,0	58,42	0,0	157	99	1
2000	1045,1157	1,0	825,433	1,0	162	99	1
2001	12,9	1,1	5,2	0,1	151	99	1
2003	323,356	1,0	245,123	0,0	165	99	1
2004	499,601	0,6	413,172	3,1	161	99	1
2007	812,1013	0,0	652,340	1,0	175	99	1
2008	149,258	2,0	144,81	0,0	198	99	1
2009	162,216	0,4	180,91	0,1	157	99	1
2011	342,318	0,0	253,145	1,3	198	99	1
2012	135,128	0,1	97,46	0,0	176	99	1
2013	7,27	521,551	19,4	484,289	198	99	1
2014	618,646	1,2	548,246	2,0	183	99	1
2015	906,1020	2,1	811,401	0,1	156	99	1
2016	66,52	1,0	31,11	0,0	137	99	1
2017	398,448	1,1	383,204	0,0	198	99	1
2018	192,203	0,4	187,93	0,0	198	99	1
2019	144,168	0,4	127,48	0,0	167	99	1
2020	348,410	4,2	319,154	0,0	167	99	1
2021	103,94	0,2	62,39	0,0	131	99	1
2022	116,109	0,0	87,38	1,0	198	99	1
2023	160,183	0,1	55,29	0,0	198	99	1
2024	505,650	1,1	419,242	0,0	163	99	1
2026	0,1	204,195	1,0	75,69	149	99	1
2027	106,139	0,1	84,52	0,0	175	99	1
2028	40,47	1,1	39,12	0,0	183	99	1
2029	34,18	3,0	20,18	0,2	181	99	1
2030	33,39	3,4	24,16	0,0	198	99	0.812521647446
2031	8,8	21,15	9,6	11,4	185	99	0.585983824371
2032	15,21	8,1	18,10	1,0	198	99	1
2033	7,19	8,1	12,9	1,0	198	99	0.0847772153727
2034	7,14	8,1	9,8	1,0	181	99	0.0602556975544
2035	27,22	8,1	18,7	1,0	145	99	0.325260300205
2036	173,218	0,2	127,67	0,0	183	99	1
2037	385,350	0,0	291,158	0,1	198	99	1
2038	47,26	42,32	29,11	33,14	198	99	1
2039	697,644	4,4	714,322	4,2	198	99	1
2040	0,2	2,0	2,1	0,0	180	99	0.149068452983
2041	336,381	0,0	291,139	0,2	150	99	1
2042	208,217	1,0	172,68	0,0	185	99	1
2045	153,164	2,0	134,48	0,0	198	99	1
2046	627,581	1,0	600,256	0,1	166	99	1
2047	1794,2238	0,0	972,481	0,2	198	99	1
2048	163,216	2,1	120,64	0,0	147	99	1
2050	8,4	135,197	3,2	136,83	198	99	1
2053	1558,1757	0,2	1356,824	2,0	147	99	1
2055	329,322	0,0	181,79	1,0	178	99	1
2056	105,96	0,2	91,69	0,0	188	99	1
2057	198,248	1,1	244,111	2,0	198	99	1
2058	258,334	1,1	329,138	2,0	198	99	1
2059	100,127	0,1	92,34	0,0	198	99	1
2060	168,172	0,0	109,63	0,4	142	99	1
2061	21,12	137,121	9,2	153,44	198	99	1
2063	79,73	1,1	30,15	0,0	127	99	1
2064	454,533	0,1	314,126	0,0	124	99	1
2065	614,504	0,2	383,168	0,0	183	99	1
2066	1005,1121	1,5	845,361	2,2	165	99	1
2067	5,6	33,49	2,1	29,8	198	99	1
2068	1310,1490	0,2	1181,641	0,0	158	99	1
2069	364,569	0,0	357,205	2,0	151	99	1
2070	97,78	67,77	113,76	48,13	198	99	0.0356830397303
2071	329,340	0,0	184,100	0,1	152	99	1
2072	1334,1466	0,0	1294,637	5,0	166	99	1
2074	63,101	6,3	32,41	0,3	193	99	1
2075	65,91	0,1	54,27	0,0	172	99	1
2076	136,141	1,1	81,49	0,0	185	99	1
2077	1295,1500	1,0	931,506	0,0	198	99	1
2078	134,118	8,8	140,58	2,5	159	99	1
2079	382,335	0,0	268,140	2,1	187	99	1
2081	198,205	0,1	94,71	0,0	198	99	1
2082	332,372	5,10	297,122	0,0	198	99	1
2083	103,92	2,4	63,37	0,0	170	99	1
2084	344,372	0,0	293,137	0,1	198	99	1
2085	37,38	303,454	9,8	224,141	189	99	1
2086	101,57	0,0	91,51	1,0	198	99	1
2087	121,109	0,1	95,51	0,0	182	99	1
2088	43,38	0,0	48,18	3,0	196	99	1
2089	5,3	165,132	1,1	99,50	135	99	1
2090	54,56	0,0	28,13	3,0	179	99	1
2091	17,13	0,1	4,8	0,0	150	99	1
2092	66,96	0,0	34,25	0,2	145	99	1
2093	608,492	1,0	523,275	0,0	198	99	1
2094	394,354	12,6	297,189	4,4	158	99	1
2095	49,38	2,1	30,8	0,1	162	99	1
2096	182,163	18,15	121,67	10,5	198	99	1
2097	1039,1035	1,0	848,437	0,0	198	99	1
2098	479,480	1,0	356,190	1,0	198	99	1
2099	91,118	0,1	50,31	0,0	161	99	1
2100	42,49	0,1	23,14	0,0	165	99	1
2101	32,52	0,1	14,12	0,0	156	99	1
2102	140,145	1,4	80,65	3,2	133	99	1
2104	124,176	0,1	123,59	0,0	187	99	1
2105	22,15	6,1	15,6	1,0	176	99	0.21096417953
2108	474,466	0,0	260,162	1,0	154	99	1
2109	91,89	1,2	51,25	1,0	166	99	1
2110	11,9	151,197	10,11	126,93	198	99	1
2111	104,136	1,0	100,43	0,0	159	99	1
2112	500,512	0,0	367,196	1,0	198	99	1
2113	164,175	1,0	74,33	0,0	167	99	1
2114	54,37	0,0	36,16	0,1	198	99	1
2116	1218,1292	0,0	968,553	1,0	143	99	1
2117	1324,1515	0,0	1157,630	1,0	141	99	1
2118	419,474	2,6	432,209	4,3	198	99	1
2119	383,438	4,0	245,141	1,0	136	99	1
2120	5,18	6,18	11,7	4,2	176	99	0.108793790658
2121	33,42	143,138	28,14	95,30	176	99	1
2122	155,170	6,6	111,60	2,6	130	99	1
2123	288,222	0,0	208,93	2,0	185	99	1
2125	51,71	0,1	30,9	0,0	198	99	1
2126	6,3	0,0	6,0	1,0	198	99	1
2128	384,397	0,1	260,116	0,0	188	99	1
2129	13,16	0,0	12,8	1,3	175	99	0.466675104503
2130	526,563	3,0	471,218	0,0	198	99	1
2131	206,225	0,2	123,53	0,0	184	99	1
2132	137,135	1,0	77,29	0,0	184	99	1
2133	183,158	0,1	98,51	0,0	124	99	1
2134	311,265	0,0	216,99	1,0	198	99	1
2137	69,50	0,0	62,23	1,0	180	99	1
2138	206,134	2,4	100,57	1,0	183	99	1
2139	143,110	1,0	75,31	0,0	135	99	1
2140	34,29	1,0	25,8	0,0	150	99	1
2141	155,190	10,15	112,62	17,1	194	99	1
2142	167,175	2,0	104,62	2,0	198	99	1
2143	132,153	0,2	80,46	0,0	198	99	1
2146	116,147	0,1	94,53	0,0	197	99	1
2147	3,3	4,3	1,1	1,1	198	99	1
2148	3,2	4,3	0,1	1,1	142	99	0.188028368049
2149	1,2	4,3	1,1	1,1	147	99	0.613479340447
2151	22,44	4,4	16,4	8,4	159	99	0.0339685278509
2152	13,26	1,0	10,6	0,0	165	99	1
2153	3,4	56,57	2,0	24,16	138	99	1
2155	116,142	0,2	65,30	3,0	165	99	1
2156	24,28	101,105	9,8	49,46	192	99	1
2157	348,348	1,2	222,116	0,0	198	99	1
2158	392,401	0,3	350,231	2,0	198	99	1
2159	9,4	46,30	5,1	25,17	155	99	1
2160	46,41	1,0	49,26	2,0	137	99	1
2161	29,22	15,18	24,22	18,5	198	99	1
2162	19,22	24,20	34,20	8,3	198	99	0.000722494192959
2163	23,27	12,22	36,20	9,5	198	99	0.0995680162633
2164	18,22	24,20	33,20	8,3	198	99	0.000815376493082
2165	25,24	24,20	34,23	8,3	198	99	0.00213479773664
2166	21,25	12,22	42,25	9,5	198	99	0.0180945727988
2167	447,441	1,0	387,180	0,0	198	99	1
2168	224,224	1,0	184,93	0,0	198	99	1
2170	96,61	0,0	34,22	0,1	154	99	1
2171	393,324	0,1	261,143	0,0	180	99	1
2173	18273,19506	1,0	19022,10153	0,0	198	99	1
2174	235,255	8,5	206,88	1,0	198	99	1
2175	97,110	8,5	99,42	1,0	198	99	1
2177	2,2	3,2	1,0	6,2	141	99	0.115002645836
2178	3,1	3,1	1,1	5,2	155	99	0.209194483975
2180	161,194	3,1	101,59	1,2	180	99	1
2181	306,293	0,1	219,149	0,0	198	99	1
2182	2325,2203	2,1	2314,1251	0,0	161	99	1
2183	21,13	230,253	9,8	152,112	159	99	1
2184	68,56	0,1	39,17	0,0	160	99	1
2185	304,391	0,1	243,118	0,0	198	99	1
2186	12,9	7,17	6,4	7,3	131	99	1
2187	197,187	1,0	121,62	0,0	197	99	1
2189	237,228	1,0	172,97	0,0	197	99	1
2190	22,27	298,193	44,10	130,68	144	99	1
2191	161,106	1,0	103,55	1,0	198	99	1
2192	454,294	1,0	225,118	1,0	198	99	1
2194	48,75	242,261	74,21	212,109	182	99	1
2195	216,197	2,0	144,96	0,1	106	99	1
2197	192,197	1,0	148,94	0,0	124	99	1
2198	5,6	1,0	4,0	0,0	142	99	1
2199	568,599	1,2	259,99	0,0	198	99	1
2200	363,304	0,0	203,85	1,0	198	99	1
2201	31,18	0,0	8,7	0,1	195	99	1
2202	406,465	1,6	260,148	3,2	145	99	1
2204	82,97	3,3	36,14	4,3	176	99	0.715627661257
2205	15898,18533	0,2	9177,4066	0,0	180	99	1
2206	301,359	3,1	234,187	1,2	161	99	1
2207	110,127	0,0	69,42	1,0	198	99	1
2208	75,35	19,18	58,26	14,8	164	99	1
2209	72,46	25,18	52,23	5,5	164	99	0.132535646757
2210	44,41	25,18	42,21	5,5	140	99	0.0496411160057
2211	57,45	34,34	59,27	24,9	140	99	0.540350387549
2213	2,0	24,26	0,1	27,7	161	99	1
2214	83,52	6,1	44,20	7,4	198	99	0.38727155069
2215	98,81	6,1	60,25	7,4	198	99	0.684853598599
2216	85,61	6,1	46,20	7,4	198	99	0.382487186107
2217	85,55	6,1	47,20	7,4	198	99	0.432218741844
2218	10,23	2,0	5,6	2,1	157	99	0.706532912661
2219	553,542	0,1	487,262	0,0	150	99	1
2220	89,103	0,2	71,29	0,0	161	99	1
2223	1559,1447	1,0	997,508	1,0	194	99	1
2224	164,139	0,2	183,79	1,1	198	99	1
2225	48,72	2,0	52,20	0,0	134	99	1
2226	140,172	0,2	82,74	0,1	172	99	1
2227	64,96	1,3	72,37	2,1	198	99	1
2228	65,93	2,4	64,33	2,1	193	99	1
2231	762,938	1,4	589,304	2,1	198	99	1
2232	78,81	4,1	75,30	0,0	198	99	1
2233	18,32	77,87	21,14	52,34	171	99	1
2234	12,15	77,87	12,5	52,34	148	99	1
2235	1,0	0,0	0,0	0,1	198	99	1
2236	1,0	0,0	0,0	0,1	175	99	1
2243	24,87	0,0	56,24	2,0	165	99	1
2244	172,163	1,0	153,77	0,0	169	99	1
2245	44,43	0,3	18,10	0,0	198	99	1
2246	29,29	0,0	25,5	1,0	146	99	1
2247	432,427	0,0	301,185	1,0	198	99	1
2248	64,97	16,13	72,19	8,3	179	99	1
2249	156,158	83,107	129,53	39,33	179	99	1
2250	284,289	0,1	184,85	0,0	198	99	1
2251	97,120	0,1	99,42	0,0	186	99	1
2252	113,127	0,1	89,50	0,0	142	99	1
2253	67,81	0,1	56,37	0,0	159	99	1
2255	315,370	0,0	263,163	1,0	171	99	1
2256	204,250	5,2	124,57	0,1	198	99	1
2257	28,13	0,1	25,9	1,0	175	99	1
2258	14,10	4,1	20,3	0,1	143	99	0.45322115205
2259	149,198	0,2	82,57	0,0	198	99	1
2260	255,210	1,0	162,67	0,0	198	99	1
2262	751,737	1,0	605,280	0,0	198	99	1
2264	4928,5399	0,1	3644,1910	1,1	198	99	1
2266	1993,1686	1,1	1584,840	1,1	142	99	1
2267	177,202	1,0	92,49	0,0	162	99	1
2268	275,275	0,0	250,116	1,0	198	99	1
2269	64,54	0,5	35,23	0,0	138	99	1
2270	1,3	35,49	0,0	30,13	171	99	1
2272	0,1	35,49	0,0	30,13	145	99	1
2275	72,82	0,1	55,27	0,0	198	99	1
2276	124,151	0,1	81,40	0,0	198	99	1
2278	293,338	3,3	190,119	1,2	187	99	1
2279	91,133	0,0	60,36	2,0	171	99	1
2280	54,84	0,1	82,35	0,0	155	99	1
2284	2502,2579	2,4	2272,1136	2,2	135	99	1
2285	1830,2038	1,0	1491,820	0,0	171	99	1
2286	27,38	185,224	17,7	196,86	155	99	1
2287	35,18	1,0	20,8	0,0	137	99	1
2288	147,105	4,1	156,60	3,1	149	99	1
2289	75,90	2,9	27,31	3,1	180	99	1
2290	41,28	3,1	12,6	1,1	176	99	1
2291	4,1	0,0	1,0	2,0	198	99	1
2293	149,192	0,0	41,19	1,0	198	99	1
2294	30,45	1,0	35,13	0,0	198	99	1
2295	2,2	1,4	10,3	9,1	198	99	0.62083873604
2296	10,13	0,0	3,1	1,0	171	99	1
2297	149,138	0,0	100,52	0,1	198	99	1
2298	3,8	124,95	5,2	72,50	163	99	1
2299	19,22	0,0	13,6	2,0	198	99	1
2300	43,64	0,1	56,29	0,0	162	99	1
2301	55,60	1,3	50,13	2,2	172	99	1
2302	1065,1108	0,1	812,406	0,0	150	99	1
2303	11,15	207,221	16,2	196,94	198	99	1
2306	254,296	0,1	148,70	0,0	198	99	1
2307	5348,5007	1,0	3624,1851	1,0	198	99	1
2308	262,309	2,1	169,93	0,0	179	99	1
2310	54,71	0,0	26,15	1,0	133	99	1
2311	480,547	0,0	300,125	1,0	153	99	1
2314	103,161	0,1	112,69	0,0	141	99	1
2315	410,407	2,0	312,183	0,0	141	99	1
2316	506,607	8,5	385,227	8,3	198	99	1
2317	358,406	3,1	291,170	0,0	164	99	1
2318	12,12	23,33	7,13	22,8	176	99	1
2319	102,109	1,4	79,39	2,0	198	99	1
2320	185,216	1,4	150,89	2,0	198	99	1
2321	96,106	1,4	78,37	2,0	198	99	1
2322	109,100	9,2	43,37	3,4	139	99	1
2324	2,4	9,2	3,3	3,4	127	99	0.868669095601
2326	27,32	1,1	6,6	1,0	170	99	1
2327	78,127	0,0	55,29	4,0	170	99	1
2328	272,253	4,4	268,156	0,0	129	99	1
2329	773,816	1,0	574,314	0,0	152	99	1
2330	299,294	1,0	241,110	0,0	168	99	1
2331	117,93	2,2	73,33	2,3	173	99	1
2332	85,114	0,4	124,59	0,0	181	99	1
2334	557,481	0,0	334,199	1,0	198	99	1
2335	7,5	10,8	4,2	3,2	161	99	0.810389433685
2336	80,89	1,0	69,46	0,0	149	99	1
2337	27,36	1,7	3,1	2,13	198	99	5.04745021678e-05
2338	102,85	1,0	75,32	0,0	191	99	1
2339	108,74	0,0	81,33	1,0	198	99	1
2340	428,535	0,1	363,207	0,0	198	99	1
2341	9,6	0,3	8,2	0,0	198	99	1
2342	3270,3543	0,1	2393,1110	1,0	183	99	1
2343	3365,3903	0,2	2559,1257	1,2	198	99	1
2344	2009,2226	0,2	1395,834	1,0	165	99	1
2345	278,337	0,1	164,90	0,0	177	99	1
2346	2159,2049	79,59	1995,837	31,12	117	99	1
2347	277,322	1,3	285,117	3,0	117	99	1
2348	115,142	0,1	70,37	0,0	105	99	1
2349	393,353	0,0	278,141	0,1	156	99	1
2352	23,19	1,0	5,0	0,0	165	99	1
2353	26,20	1,0	11,1	0,0	174	99	1
2354	45,45	1,1	33,11	2,0	198	99	1
2355	70,68	1,1	64,35	2,0	198	99	1
2356	12,11	9,8	8,6	8,7	144	99	1
2357	46,52	0,2	33,15	0,2	198	99	1
2359	1015,1098	1,3	851,478	2,1	198	99	1
2361	3,12	0,1	9,1	0,0	195	99	1
2362	7,20	15,32	16,4	18,12	195	99	1
2363	11,3	93,70	1,4	52,21	198	99	1
2364	221,216	0,1	111,80	2,0	160	99	1
2365	463,650	1,0	343,187	0,0	170	99	1
2366	19,36	19,18	19,5	9,4	155	99	1
2367	11,15	19,18	11,6	9,4	198	99	0.71625496577
2368	418,549	0,0	300,165	1,0	198	99	1
2369	565,671	2,2	428,190	0,2	198	99	1
2370	190,169	2,1	131,104	2,2	178	99	1
2371	204,186	0,0	145,82	0,4	198	99	1
2372	108,102	3,3	93,50	0,3	171	99	1
2373	111,130	6,7	134,68	7,4	117	99	1
2374	722,814	0,0	484,283	0,2	104	99	1
2375	78,51	0,1	62,41	1,0	158	99	1
2376	386,561	0,0	339,187	1,2	198	99	1
2378	226,221	176,217	94,60	166,83	147	99	0.271371810634
2379	2997,3234	1,1	2396,1092	0,1	175	99	1
2380	43,30	0,0	33,18	0,1	144	99	1
2381	6,0	332,299	6,2	240,129	189	99	1
2383	5,5	3,1	15,1	1,0	122	99	0.302197478178
2384	23,27	3,1	16,11	1,0	197	99	1
2386	63,56	0,2	24,20	0,0	153	99	1
2387	90,111	0,0	53,31	1,0	176	99	1
2388	90,109	3,4	54,27	1,0	137	99	1
2389	89,132	4,2	53,44	2,0	198	99	1
2390	46,59	1,3	27,19	0,0	198	99	1
2391	138,187	1,1	92,36	0,0	137	99	1
2392	255,289	0,1	159,54	0,0	186	99	1
2393	2862,3396	12,13	3210,1762	7,0	198	99	1
2394	1315,1589	12,13	1461,919	7,0	192	99	1
2395	1819,2025	0,3	1892,1110	0,0	137	99	1
2396	2393,2805	0,0	2634,1570	0,1	198	99	1
2397	1998,2390	0,1	2175,1438	0,0	145	99	1
2398	671,859	0,1	835,527	0,0	149	99	1
2401	257,203	0,0	299,128	1,0	144	99	1
2402	1141,1298	5,3	831,485	2,3	173	99	1
2403	237,237	0,0	146,76	1,0	198	99	1
2404	191,227	1,0	131,76	0,0	198	99	1
2405	8,7	34,60	22,9	15,15	180	99	0.0143836641808
2406	8,9	34,60	6,4	15,15	137	99	1
2407	17,36	1,0	19,18	0,0	165	99	1
2408	200,209	0,1	129,65	1,0	197	99	1
2409	554,650	1,0	527,314	0,1	198	99	1
2411	205,176	1,0	127,71	1,0	160	99	1
2412	76,73	1,0	53,30	1,0	198	99	1
2413	10405,11983	0,0	10048,5547	0,1	198	99	1
2414	19,21	0,0	12,7	0,1	198	99	1
2418	16132,18921	3,2	16103,8446	5,1	198	99	1
2419	45,52	54,55	18,19	28,23	161	99	1
2420	24,21	54,55	9,6	28,23	127	99	1
2421	21,12	0,0	14,13	0,1	198	99	1
2424	659,773	1,0	574,325	0,0	181	99	1
2425	27,27	0,2	9,3	0,0	198	99	1
2426	13,12	0,2	7,1	0,0	198	99	1
2427	1,2	1,0	4,1	0,0	145	99	1
2428	715,653	1,0	511,258	0,0	198	99	1
2431	2382,2360	2,2	1851,841	1,0	126	99	1
2433	775,632	1,0	517,197	0,0	167	99	1
2434	335,270	1,0	218,77	0,0	158	99	1
2435	202,242	0,0	198,102	1,0	172	99	1
2436	117,112	2,3	84,50	1,1	162	99	1
2437	78,68	0,0	38,29	0,1	186	99	1
2438	90,93	2,2	66,20	0,0	158	99	1
2439	130,139	1,1	133,65	0,0	198	99	1
2441	4779,4250	1,1	3743,1802	0,0	198	99	1
2442	2529,2199	1,1	1959,948	0,0	198	99	1
2443	319,392	4,5	296,139	3,1	198	99	1
2444	255,230	0,0	144,85	0,1	155	99	1
2445	203,189	0,1	129,68	0,0	198	99	1
2447	30,30	0,1	27,11	0,0	198	99	1
2449	169,189	0,2	107,45	0,0	145	99	1
2450	268,279	1,2	183,82	0,0	198	99	1
2451	291,305	0,0	148,69	0,1	185	99	1
2454	31,40	4,2	10,4	0,0	175	99	1
2456	6,2	98,98	0,0	95,31	198	99	1
2458	230,243	3,4	149,68	0,0	198	99	1
2460	80,83	0,2	53,29	0,0	198	99	1
2461	71,65	0,2	41,25	0,0	198	99	1
2462	733,872	0,1	608,314	0,0	198	99	1
2463	20,39	13,13	27,9	8,3	129	99	1
2464	71,106	13,13	68,28	8,3	166	99	1
2465	56,90	13,13	67,28	8,3	187	99	1
2466	7,2	1,0	10,1	0,0	161	99	1
2467	5,3	1,0	7,5	0,0	161	99	1
2468	91,129	0,2	77,75	0,0	198	99	1
2469	123,122	0,2	70,36	0,0	198	99	1
2470	507,574	0,1	408,241	0,0	173	99	1
2471	41,36	1,0	33,15	0,0	118	99	1
2472	0,1	179,249	0,0	131,58	192	99	1
2473	174,185	2,3	141,72	1,0	192	99	1
2474	1493,1651	0,0	1165,561	0,2	174	99	1
2475	94,101	0,0	87,41	0,1	172	99	1
2476	118,110	2,1	85,48	0,0	155	99	1
2478	24,28	0,1	7,5	1,1	139	99	1
2479	188,170	0,0	107,57	0,1	198	99	1
2482	833,875	0,1	672,332	1,1	144	99	1
2484	729,824	2,1	498,278	0,0	180	99	1
2485	223,256	0,1	180,96	2,0	198	99	1
2486	354,361	0,1	258,178	0,0	198	99	1
2487	219,204	0,0	229,103	1,0	198	99	1
2488	161,156	0,0	109,56	1,0	119	99	1
2489	265,357	1,0	173,68	0,2	175	99	1
2491	156,145	13,10	133,50	2,3	113	99	1
2493	39,35	3,7	29,11	1,1	186	99	0.357962187471
2495	98,93	1,0	69,43	2,0	163	99	1
2497	110,103	0,0	86,45	1,0	198	99	1
2498	140,135	3,2	78,68	1,0	198	99	1
2499	24,32	2,0	13,4	2,0	150	99	1
2500	905,438	6,2	500,226	0,0	198	99	1
2501	662,327	6,2	376,166	0,0	198	99	1
2502	1208,606	1,1	645,263	0,0	178	99	1
2503	1309,701	0,3	711,285	2,0	186	99	1
2504	16,15	0,2	9,15	0,3	198	99	1
2506	152,144	0,2	97,63	0,0	152	99	1
2507	188,193	1,0	184,81	0,0	198	99	1
2509	352,346	2,0	230,148	0,0	198	99	1
2512	50,86	51,46	38,22	44,18	198	99	1
2513	197,172	1,0	132,67	1,1	152	99	1
2514	126,147	0,1	152,83	0,0	145	99	1
2516	2250,2220	2,0	2323,1027	0,0	192	99	1
2517	85,93	0,0	44,26	1,0	198	99	1
2518	76,35	0,1	41,23	1,0	152	99	1
2519	4517,4983	0,0	3797,2025	0,3	198	99	1
2520	204,202	1,1	102,54	1,0	191	99	1
2521	127,163	2,2	62,43	0,0	191	99	1
2522	229,219	1,1	152,66	1,0	188	99	1
2523	151,179	2,2	110,55	0,0	188	99	1
2524	58,70	5,0	44,14	2,1	179	99	1
2525	401,504	2,0	328,189	0,0	198	99	1
2527	567,686	1,0	458,230	0,0	188	99	1
2528	7,20	0,0	12,7	0,2	198	99	1
2529	11,5	178,228	7,3	122,66	154	99	1
2530	273,290	0,2	203,111	0,1	198	99	1
2531	496,530	1,0	363,203	0,0	131	99	1
2533	76,89	1,0	22,12	0,0	150	99	1
2535	4,9	1164,1362	4,5	728,327	198	99	1
2536	143,144	2,0	83,47	0,0	171	99	1
2537	181,165	1,1	139,100	0,0	198	99	1
2538	63,96	1,0	50,10	0,0	184	99	1
2539	412,455	9,9	285,138	6,0	180	99	1
2540	183,194	7,10	191,72	0,0	164	99	1
2541	230,232	9,5	147,67	1,1	162	99	1
2542	33,34	2,9	35,24	1,0	198	99	0.0354665100191
2543	12,14	23,21	11,3	22,6	145	99	1
2544	355,449	0,1	303,169	0,0	198	99	1
2545	1,0	5,3	1,1	1,3	149	99	1
2546	668,789	0,0	426,259	0,1	198	99	1
2547	4084,4098	1,0	3371,1796	0,0	188	99	1
2548	351,319	0,0	174,104	1,0	168	99	1
2549	642,678	0,0	480,254	1,1	184	99	1
2550	239,217	4,7	123,68	1,2	198	99	1
2551	81,118	1,0	64,40	1,1	198	99	1
2552	192,237	1,0	118,92	1,1	198	99	1
2554	135,208	1,0	99,45	0,0	187	99	1
2556	23,25	0,0	35,17	1,0	198	99	1
2557	52,58	1,1	27,16	0,0	131	99	1
2558	262,244	2,2	211,142	1,1	178	99	1
2559	34,16	0,0	24,5	2,0	198	99	1
2560	241,286	0,0	180,87	1,0	176	99	1
2561	933,1176	0,1	721,374	0,1	198	99	1
2562	1288,1458	0,1	1026,516	0,1	198	99	1
2563	3,6	14,5	2,0	3,3	161	99	0.302716674839
2564	365,317	0,1	221,115	0,0	198	99	1
2565	564,538	0,1	336,187	0,0	198	99	1
2566	1519,2090	1,6	885,456	0,0	153	99	1
2567	241,204	0,5	179,111	1,2	155	99	1
2568	182,175	1,1	97,52	2,0	142	99	1
2569	277,322	0,0	193,127	2,0	146	99	1
2570	305,367	0,0	312,197	2,0	139	99	1
2571	241,232	2,2	196,104	11,6	152	99	1
2572	78,80	0,1	65,35	1,0	190	99	1
2575	14,22	155,171	30,16	132,67	198	99	1
2576	5,10	155,171	11,14	132,67	161	99	1
2577	71,64	0,1	32,8	0,0	162	99	1
2579	76,72	10,12	55,27	9,3	193	99	1
2580	179,177	4,2	170,87	4,0	158	99	1
2581	121,115	4,2	110,64	4,0	151	99	1
2582	83,107	1,0	59,28	0,0	133	99	1
2583	8,5	1,0	12,11	1,1	198	99	0.659339934185
2584	257,242	0,1	179,83	0,0	137	99	1
2585	72,52	4,0	52,12	0,2	154	99	1
2586	8,10	91,55	3,4	53,33	168	99	1
2587	45,70	0,0	41,20	1,0	106	99	1
2588	4487,4388	2,1	4395,2571	2,0	198	99	1
2589	2424,2227	2,1	2429,1405	2,0	198	99	1
2591	127,116	1,1	56,24	0,0	169	99	1
2592	87,128	1,0	99,43	2,0	145	99	1
2593	497,499	21,27	359,210	20,9	103	99	1
2595	761,924	1,4	535,306	0,0	198	99	1
2596	732,752	0,0	562,259	1,0	154	99	1
2597	16,22	1,0	11,3	0,0	144	99	1
2598	498,727	1,3	309,174	0,1	143	99	1
2600	92,162	0,2	87,47	0,0	169	99	1
2601	14,13	0,0	21,8	1,0	144	99	1
2602	4,1	61,57	1,3	52,27	198	99	1
2603	341,409	0,0	210,129	0,1	168	99	1
2605	45,34	0,0	38,15	1,0	198	99	1
2606	58,30	3,1	43,21	0,0	159	99	1
2607	748,801	2,3	613,282	1,0	180	99	1
2609	40,45	0,0	37,19	1,0	161	99	1
2610	9,15	102,90	3,0	69,37	111	99	1
2611	10,22	124,175	15,5	80,39	161	99	1
2612	5,6	2,0	17,6	1,0	158	99	1
2613	61,42	0,2	37,21	0,0	198	99	1
2614	59,49	0,2	34,24	0,0	198	99	1
2615	18,15	0,2	14,7	0,0	198	99	1
2616	89,42	88,79	86,47	77,20	198	99	0.404699057386
2617	926,1151	0,1	799,403	1,1	154	99	1
2618	49,54	1,0	26,10	0,0	127	99	1
2619	237,231	0,1	208,98	0,0	154	99	1
2620	16,12	62,61	4,3	63,25	149	99	1
2621	262,196	1,0	138,78	0,0	198	99	1
2622	45,46	1,0	42,21	0,0	182	99	1
2623	95,119	3,5	49,22	10,0	154	99	1
2624	34,36	3,5	20,12	10,0	141	99	1
2625	105,136	1,1	70,55	1,2	145	99	1
2626	226,193	0,2	171,66	1,0	145	99	1
2627	131,177	0,1	73,57	0,0	198	99	1
2628	192,206	2,0	134,116	1,0	159	99	1
2629	220,154	13,19	162,87	14,2	198	99	1
2630	110,106	7,3	119,75	1,1	198	99	1
2632	44,66	243,303	19,26	192,90	198	99	1
2633	43,52	243,303	17,21	192,90	198	99	1
2634	41,32	0,0	39,13	0,1	159	99	1
2635	1,0	3,5	2,0	3,3	138	99	1
2636	381,365	6,7	299,163	1,0	171	99	1
2638	264,272	2,6	228,163	2,0	196	99	1
2639	8,2	3,2	2,0	1,0	161	99	1
2640	212,219	1,0	115,45	0,0	186	99	1
2641	33,21	166,157	33,10	92,51	145	99	1
2643	249,279	7,2	136,101	1,2	142	99	1
2644	85,109	0,3	68,45	0,0	198	99	1
2646	547,600	1,1	517,302	0,0	153	99	1
2647	803,815	2,1	751,455	0,0	160	99	1
2648	2,0	33,34	2,0	22,9	198	99	1
2649	44,51	1,1	34,21	0,0	170	99	1
2650	32,17	1,1	14,13	0,0	184	99	1
2651	22,30	0,1	11,10	0,0	168	99	1
2652	1,0	2,0	3,2	0,0	197	99	1
2653	75,97	1,0	58,41	0,0	163	99	1
2654	860,1182	0,0	706,413	2,0	198	99	1
2655	186,160	0,1	167,92	0,0	198	99	1
2656	282,282	3,1	179,114	11,7	163	99	1
2657	153,162	0,1	112,52	0,0	198	99	1
2658	222,263	2,1	145,69	0,0	198	99	1
2659	136,167	2,1	101,42	0,0	198	99	1
2660	294,259	0,0	161,72	0,1	141	99	1
2661	352,317	0,0	207,73	0,1	161	99	1
2662	14,9	54,44	5,1	16,14	198	99	1
2665	7,1	2,1	5,0	0,0	198	99	1
2666	250,253	19,33	192,115	22,11	147	99	1
2667	359,474	0,2	236,142	0,0	198	99	1
2668	2,0	11,11	0,0	2,8	120	99	1
2669	31,39	138,152	13,16	139,69	198	99	1
2671	599,520	3,0	496,239	0,0	180	99	1
2672	242,265	0,1	182,107	0,0	151	99	1
2674	1,0	348,341	1,0	222,129	142	99	1
2675	94,83	8,7	85,44	3,0	140	99	1
2676	168,199	0,0	167,94	2,0	198	99	1
2679	2,5	58,68	2,1	54,29	198	99	1
2680	148,107	0,2	131,66	1,1	134	99	1
2681	332,417	2,0	213,125	0,0	198	99	1
2682	393,423	0,0	473,249	0,1	162	99	1
2683	69,80	1,0	68,17	2,0	180	99	1
2684	203,115	0,1	60,35	0,0	186	99	1
2685	34,27	2,2	16,16	1,0	198	99	1
2686	11,17	3,1	16,8	1,0	135	99	1
2687	68,68	1,0	42,22	0,0	179	99	1
2688	28,16	17,10	15,6	8,1	178	99	0.866748105488
2689	59,38	17,10	28,15	8,1	198	99	0.906486344473
2690	50,35	1,0	22,22	0,2	170	99	1
2692	124,113	0,1	57,22	0,0	198	99	1
2693	95,112	6,4	59,31	2,0	198	99	1
2694	52,53	129,154	76,42	93,60	154	99	0.313455167368
2696	3524,5422	0,0	1604,663	0,2	198	99	1
2697	142,118	240,214	78,46	173,88	198	99	1
2698	99,86	240,214	48,29	173,88	198	99	1
2700	540,578	0,1	402,219	2,0	157	99	1
2701	324,404	0,2	244,127	0,0	198	99	1
2702	498,601	0,1	351,210	0,0	184	99	1
2703	72,75	9,2	37,40	3,3	198	99	1
2704	402,352	1,0	246,133	0,0	198	99	1
2705	232,214	1,0	171,76	0,0	136	99	1
2706	1,0	0,2	1,1	0,1	183	99	0.0115877026929
2707	277,226	0,1	272,157	0,0	198	99	1
2708	160,234	0,2	128,67	4,1	159	99	1
2709	2254,2884	0,2	1741,954	0,0	150	99	1
2710	604,798	0,0	503,271	0,1	147	99	1
2711	10,9	0,1	6,7	3,1	198	99	0.154828230354
2712	109,123	0,1	138,46	3,1	194	99	1
2713	193,204	0,1	209,75	3,1	198	99	1
2714	8,22	2,0	8,3	2,5	123	99	0.0234378278768
2715	1031,1255	0,1	703,334	0,0	155	99	1
2716	71,100	6,10	25,18	1,0	141	99	1
2717	212,260	0,4	195,114	1,0	198	99	1
2718	112,90	0,1	82,26	0,0	198	99	1
2719	45,39	5,0	10,2	0,0	133	99	1
2721	347,372	0,2	299,133	0,0	186	99	1
2722	202,266	2,0	152,75	2,1	146	99	1
2723	89,107	6,5	77,25	4,3	169	99	1
2724	206,258	1,1	183,84	4,3	162	99	1
2725	111,141	2,13	100,42	3,1	191	99	1
2726	38,41	2,1	20,10	0,0	161	99	1
2727	126,137	0,1	119,66	0,0	153	99	1
2728	422,599	1,0	387,204	0,0	136	99	1
2729	484,532	0,1	386,193	0,0	149	99	1
2731	916,1063	1,0	670,390	0,0	155	99	1
2732	885,1165	2,1	737,408	1,0	183	99	1
2733	15,33	10,9	22,12	3,5	198	99	0.723102582582
2734	37,51	10,9	32,23	3,5	198	99	1
2735	17,36	10,9	23,12	3,5	198	99	0.834238871087
2737	953,940	0,0	518,261	0,1	176	99	1
2738	75,53	9,6	43,20	3,6	198	99	1
2739	1,0	173,205	1,0	118,81	110	99	1
2740	130,84	0,1	126,83	5,4	140	99	1
2742	144,178	1,0	83,38	1,0	171	99	1
2743	192,227	2,0	93,73	0,0	198	99	1
2745	141,77	2,0	88,45	0,0	198	99	1
2746	0,2	68,72	0,1	74,24	116	99	1
2747	23,40	2,4	20,8	0,4	198	99	1
2748	264,287	1,0	203,107	0,0	187	99	1
2749	91,150	2,0	129,57	0,0	135	99	1
2750	342,471	2,0	362,177	0,0	137	99	1
2751	98,95	0,0	50,26	1,2	152	99	1
2753	384,400	0,4	338,154	0,0	163	99	1
2754	1,0	226,249	0,0	206,86	198	99	1
2755	39,57	1,0	22,15	0,0	150	99	1
2756	63,74	1,0	55,25	0,1	153	99	1
2757	33,25	2,0	15,7	0,1	198	99	1
2758	389,407	13,29	359,192	8,4	136	99	1
2759	110,156	0,1	72,52	0,0	156	99	1
2762	10,6	3,1	11,5	1,0	198	99	0.220072222421
2763	14,13	3,1	8,4	1,0	137	99	1
2764	26,22	3,1	20,11	1,0	198	99	1
2765	3,2	40,42	4,1	28,16	159	99	1
2766	57,48	1,0	51,21	0,0	198	99	1
2767	55,47	1,0	51,21	0,0	198	99	1
2768	178,164	0,1	129,71	0,0	136	99	1
2769	307,301	2,1	270,102	0,0	198	99	1
2770	92,98	0,5	73,51	1,0	198	99	1
2772	389,410	0,0	314,172	0,1	169	99	1
2773	64,50	17,13	53,46	12,7	197	99	1
2774	26,31	1,0	22,24	0,0	149	99	1
2775	28,19	112,107	8,6	71,35	198	99	1
2776	116,120	112,107	84,38	71,35	198	99	1
2777	97,102	14,10	82,35	9,5	192	99	1
2778	118,138	112,107	95,42	71,35	192	99	1
2779	116,122	9,9	85,39	3,3	192	99	1
2780	96,101	0,0	78,35	0,2	192	99	1
2781	585,674	0,1	576,352	0,0	187	99	1
2782	659,889	1,0	380,199	0,0	152	99	1
2783	191,240	0,0	155,93	0,1	198	99	1
2784	445,519	0,2	317,165	0,0	198	99	1
2786	1088,1190	0,0	922,490	0,1	198	99	1
2787	41,56	74,126	52,20	53,31	191	99	1
2788	15,20	74,126	21,1	53,31	198	99	1
2789	223,324	1,0	97,50	0,0	198	99	1
2790	90,81	1,0	42,26	0,0	198	99	1
2792	217,265	1,0	184,70	0,0	170	99	1
2793	312,272	1,0	216,95	0,0	198	99	1
2794	70,71	52,52	63,38	34,16	198	99	0.952905901601
2795	236,266	52,52	267,179	34,16	150	99	1
2796	200,160	0,0	52,44	2,0	153	99	1
2797	0,3	9,5	2,0	4,0	152	99	1
2800	240,249	2,0	199,97	0,0	170	99	1
2801	93,96	2,0	90,42	0,0	198	99	1
2803	20,21	23,24	29,7	19,6	198	99	0.956103756812
2804	263,334	2,2	243,111	0,0	198	99	1
2805	88,96	2,1	83,33	1,1	165	99	1
2806	546,577	9,11	411,221	17,6	198	99	1
2807	829,851	0,0	739,451	1,0	195	99	1
2809	796,852	18,31	472,246	10,6	157	99	1
2810	522,540	12,11	370,195	2,8	141	99	1
2811	1697,1806	1,2	1466,818	0,0	186	99	1
2812	744,933	1,0	558,299	0,0	179	99	1
2813	9,10	21,11	5,0	15,11	167	99	0.256288166045
2814	52,63	15,9	72,58	16,8	145	99	1
2815	18,35	15,9	51,32	16,8	172	99	0.869447018903
2816	86,97	2,1	69,46	0,0	191	99	1
2817	20,16	0,1	50,33	0,0	186	99	1
2818	194,233	0,1	161,67	0,0	198	99	1
2819	72,69	0,0	43,23	1,0	139	99	1
2820	258,279	0,0	185,104	1,0	198	99	1
2821	95,99	0,1	75,39	0,0	198	99	1
2822	54,59	0,1	38,26	0,0	198	99	1
2823	47,54	0,0	34,29	1,1	194	99	1
2824	113,101	0,0	50,29	1,0	192	99	1
2825	646,573	2,0	453,212	0,0	169	99	1
2826	267,334	0,0	230,131	1,0	177	99	1
2827	4,2	67,70	0,0	46,32	198	99	1
2828	2,0	67,70	0,0	46,32	155	99	1
2830	512,569	0,0	483,232	2,0	191	99	1
2831	230,186	0,1	174,75	0,0	160	99	1
2832	80,99	0,2	60,35	0,0	135	99	1
2833	24,19	0,2	15,5	0,0	198	99	1
2834	21,18	1,0	9,2	0,0	192	99	1
2835	148,123	1,0	81,57	0,0	184	99	1
2836	10,7	0,0	13,7	1,0	198	99	1
2837	323,370	2,0	295,130	0,0	188	99	1
2838	153,115	0,1	113,57	0,0	168	99	1
2839	35,27	128,109	19,10	127,55	145	99	1
2840	25,27	0,0	11,8	2,0	127	99	1
2841	1637,1704	1,0	1039,541	0,0	146	99	1
2842	458,452	0,0	313,142	0,1	151	99	1
2843	402,486	1,1	328,165	0,0	198	99	1
2846	316,335	28,34	250,114	25,12	160	99	1
2847	26,28	44,46	7,4	32,17	173	99	0.295654992892
2848	7,12	44,46	2,2	32,17	141	99	1
2849	3,4	30,23	6,4	33,12	174	99	1
2850	94,90	0,0	60,27	0,1	151	99	1
2853	58,50	0,2	47,21	0,0	166	99	1
2854	5,9	2,0	9,5	0,0	137	99	1
2855	28,44	13,3	21,12	3,0	198	99	0.349110364075
2856	46,82	13,3	37,23	3,0	198	99	0.468839969648
2859	34,14	733,692	14,1	685,332	198	99	1
2860	4,11	30,14	2,0	16,0	177	99	1
2861	477,495	0,1	380,221	0,0	198	99	1
2862	569,618	1,0	457,198	0,0	166	99	1
2865	213,251	0,0	134,73	1,2	173	99	1
2866	152,190	0,0	116,54	1,0	198	99	1
2868	103,127	0,2	75,46	0,0	198	99	1
2869	14,12	44,55	6,6	19,16	169	99	1
2870	56,60	1,1	31,19	1,0	198	99	1
2871	367,398	1,1	349,128	1,0	153	99	1
2872	324,395	0,4	238,145	0,0	195	99	1
2873	13,19	0,0	14,4	1,0	198	99	1
2874	10,18	0,0	15,4	1,0	194	99	1
2875	2036,2341	0,0	1781,910	1,0	147	99	1
2876	941,1236	2,2	829,378	2,0	168	99	1
2877	955,1099	0,0	857,425	3,0	168	99	1
2878	0,1	2,0	2,0	1,0	147	99	1
2879	543,620	0,0	424,222	1,0	147	99	1
2880	907,1136	0,0	815,414	3,0	165	99	1
2881	2318,2877	0,0	2164,978	1,0	165	99	1
2882	121,145	3,3	103,31	5,3	148	99	1
2883	157,181	0,0	91,38	0,1	137	99	1
2884	404,493	0,1	338,181	0,0	163	99	1
2885	13,13	23,16	15,15	31,17	153	99	1
2886	1314,1301	0,1	857,494	0,0	198	99	1
2887	1496,1383	3,5	884,478	5,1	198	99	1
2888	22,33	12,8	20,9	6,2	152	99	1
2889	768,991	0,4	424,222	0,0	172	99	1
2890	3093,3345	1,0	4141,2528	0,0	146	99	1
2891	2406,2477	3,5	3076,1733	0,0	198	99	1
2892	3941,4071	21,20	5024,2559	20,12	198	99	1
2893	13,8	11,10	2,2	9,2	198	99	0.232621039478
2894	61,57	0,0	44,31	1,0	181	99	1
2896	181,203	0,0	158,81	2,0	198	99	1
2897	811,847	0,2	883,490	1,0	180	99	1
2898	241,280	2,0	233,105	0,0	127	99	1
2900	826,590	0,0	378,108	0,1	187	99	1
2901	80,82	4,3	83,46	3,2	198	99	1
2902	5,5	8,12	31,20	3,3	198	99	7.27967129466e-07
2903	68,94	493,604	114,50	559,315	198	99	1
2904	3390,3629	0,0	3618,2270	0,1	174	99	1
2905	249,279	2,0	171,86	0,1	198	99	1
2906	15077,15920	0,0	15434,7711	0,1	198	99	1
2907	12,17	0,2	9,7	1,0	168	99	1
2908	18,24	0,2	13,3	1,0	165	99	1
2909	7,10	0,2	5,3	1,0	149	99	1
2910	95,102	0,0	93,65	2,2	147	99	1
2911	37,41	0,0	39,19	2,2	198	99	1
2912	1,10	649,672	7,4	457,203	198	99	1
2913	65,58	5,13	44,18	3,2	114	99	1
2914	140,151	5,13	92,46	3,2	198	99	1
2915	193,196	5,13	110,56	3,2	198	99	1
2916	71,92	0,1	43,23	0,0	118	99	1
2917	450,538	2,4	438,253	0,1	156	99	1
2918	715,808	0,0	770,340	1,0	198	99	1
2920	14,5	0,0	12,1	1,0	155	99	1
2922	303,378	0,2	306,148	0,0	159	99	1
2925	330,317	0,1	186,124	0,0	148	99	1
2926	0,2	0,0	6,0	0,1	149	99	1
2927	1,0	0,0	11,3	0,1	198	99	1
2928	274,299	1,1	180,121	0,1	166	99	1
2930	1,0	69,62	2,0	29,14	198	99	1
2931	467,513	5,4	344,140	0,0	198	99	1
2932	455,529	0,3	388,235	0,0	182	99	1
2934	83,99	4,6	63,29	11,1	198	99	1
2935	8,1	2,6	3,3	1,0	172	99	0.00243928648005
2936	9977,8780	1,0	7049,3130	0,0	198	99	1
2937	175,218	0,1	103,70	0,0	198	99	1
2938	184,187	0,0	118,57	2,0	156	99	1
2939	483,621	191,243	378,196	200,106	171	99	1
2940	52,47	6,8	27,14	0,0	153	99	0.176447796197
2941	34,33	6,8	21,15	0,0	174	99	0.00529655100343
2942	1782,1427	2,0	1314,623	0,0	174	99	1
2943	616,669	0,0	415,232	0,1	198	99	1
2944	64,50	1,1	26,15	0,0	198	99	1
2945	324,327	2,2	222,116	2,0	198	99	1
2946	233,189	1,9	72,25	2,0	195	99	1
2947	5,2	14,3	17,1	0,2	165	99	0.0237937612987
2948	4,1	1,0	19,1	0,0	165	99	1
2949	1424,1847	0,1	1115,612	1,0	170	99	1
2950	811,829	0,0	453,277	1,0	164	99	1
2951	48,51	0,0	34,20	2,0	198	99	1
2952	177,255	1,4	139,67	1,0	198	99	1
2953	12,11	2,0	4,4	0,0	198	99	1
2954	14,16	2,0	7,4	0,0	198	99	1
2956	19,19	45,72	14,9	36,30	198	99	1
2957	213,229	0,1	199,101	1,0	153	99	1
2958	132,107	1,2	115,57	1,1	159	99	1
2959	30,42	3,0	34,22	0,0	159	99	1
2960	1316,1400	3,0	1127,619	0,0	198	99	1
2961	1424,1448	2,4	1190,642	0,0	198	99	1
2962	1289,1356	3,0	1091,596	0,0	198	99	1
2963	287,256	0,1	194,127	0,0	156	99	1
2964	27,35	1,0	19,10	1,0	181	99	1
2965	425,519	0,1	296,168	0,0	165	99	1
2966	10,10	368,555	10,0	307,120	187	99	1
2967	406,445	3,4	264,134	0,0	194	99	1
2968	409,500	1,0	197,107	0,0	192	99	1
2969	116,92	1,0	43,21	0,0	167	99	1
2970	386,407	0,0	242,113	1,0	198	99	1
2971	861,935	0,0	550,274	1,0	198	99	1
2972	81,90	1,0	68,35	0,0	198	99	1
2973	1608,1809	0,2	1426,559	0,0	152	99	1
2974	168,162	1,1	141,88	2,0	196	99	1
2975	14,7	5,2	3,5	2,0	198	99	0.31551774323
2979	109,48	0,0	35,16	0,1	190	99	1
2980	102,55	1,0	35,18	0,0	189	99	1
2981	1053,1035	4,6	764,412	8,2	179	99	1
2982	402,391	0,1	221,147	0,0	183	99	1
2983	158,116	0,0	72,46	1,0	192	99	1
2984	169,148	7,5	114,44	2,4	164	99	1
2985	150,141	3,12	88,56	1,2	198	99	1
2986	6,6	2,0	7,3	1,2	173	99	0.483008202073
2987	15,32	2,0	17,5	1,2	198	99	1
2988	102,79	3,2	49,25	2,0	198	99	1
2990	49,73	42,32	24,20	32,20	160	99	0.408791042203
2991	24,46	42,32	16,8	32,20	198	99	0.620217657789
2992	1454,1791	0,1	1164,597	0,0	165	99	1
2993	86,91	2,1	76,29	0,0	198	99	1
2994	637,700	2,1	544,244	1,1	173	99	1
2995	14,21	0,0	19,7	1,0	177	99	1
2996	35,32	0,0	29,6	1,0	160	99	1
2997	7,3	2,0	3,3	0,0	158	99	1
2998	447,587	567,790	527,227	317,177	198	99	0.0735872120248
2999	196,204	2,2	117,84	0,0	198	99	1
3000	166,141	1,0	66,40	0,0	165	99	1
3001	25,31	6,7	13,12	1,2	198	99	0.406441575917
3002	25,34	6,7	13,12	1,2	198	99	0.450593545275
3003	7,7	17,44	1,2	19,12	198	99	1
3004	94,69	0,0	63,34	2,0	198	99	1
3005	0,0	103,142	0,2	64,41	116	99	1
3007	214,240	4,7	124,82	13,11	175	99	0.392433552077
3008	48,67	4,3	31,22	0,0	198	99	1
3009	27,44	0,0	21,13	1,0	198	99	1
3010	2,3	0,0	0,0	1,0	158	99	1
3011	21,21	0,0	8,5	1,0	158	99	1
3012	409,549	2,0	329,183	0,0	198	99	1
3013	334,237	1,0	155,81	0,0	168	99	1
3015	9,14	17,14	9,8	14,7	198	99	1
3016	115,129	0,1	98,86	0,0	178	99	1
3017	122,106	1,2	55,39	3,2	137	99	1
3018	371,383	16,32	263,150	5,1	162	99	1
3019	31,38	1,0	23,8	1,0	198	99	1
3020	1,1	16,20	3,0	15,5	198	99	1
3021	91,89	0,1	58,18	0,0	136	99	1
3022	1,2	47,42	2,1	24,21	154	99	1
3023	54,103	1,0	54,28	1,0	181	99	1
3024	415,355	1,0	246,141	0,0	167	99	1
3025	79,69	5,8	66,18	5,2	172	99	1
3026	13,30	2,0	18,11	1,0	129	99	1
3027	34,60	33,27	29,29	43,22	182	99	0.770828758611
3028	23,37	33,27	32,11	43,22	143	99	0.96263212373
3029	87,106	3,0	147,75	0,0	145	99	1
3030	71,62	3,0	74,34	0,0	156	99	1
3031	359,283	0,1	264,100	0,0	187	99	1
3032	80,120	1,0	83,47	0,0	156	99	1
3033	125,132	5,3	82,36	8,3	174	99	1
3034	315,322	5,3	208,81	8,3	181	99	1
3035	137,211	0,1	172,89	0,0	135	99	1
3036	15,30	24,30	13,5	18,4	166	99	1
3037	2320,3067	0,1	2172,1201	4,1	148	99	1
3038	2510,3192	0,1	1954,1210	0,0	157	99	1
