ID	IJC_SAMPLE_1	SJC_SAMPLE_1	IJC_SAMPLE_2	SJC_SAMPLE_2	IncFormLen	SkipFormLen
0	42,26	36,47	25,7	38,14	232	149
1	36,29	0,0	36,11	1,0	293	149
2	8,14	105,169	8,3	146,53	178	149
3	421,448	33,33	532,192	36,9	158	149
4	400,583	15,35	450,227	30,4	155	149
5	3104,4188	1,0	3749,1807	0,0	154	149
6	173,236	0,6	167,79	0,0	155	149
7	73,116	0,2	64,36	1,0	152	149
8	157,214	1,0	110,58	0,0	159	149
10	971,1303	0,0	703,319	1,1	153	149
11	36,45	14,16	22,9	2,0	182	149
12	54,86	0,1	38,21	0,0	200	149
13	16,16	172,227	15,16	228,78	160	149
14	5,1	151,282	6,4	190,84	310	149
15	297,452	1,1	360,179	2,2	154	149
16	605,788	7,8	866,369	4,1	156	149
17	7,14	70,71	13,1	47,27	152	149
18	73,100	22,21	55,28	13,10	157	149
20	220,297	6,5	247,96	14,2	167	149
21	144,234	0,1	187,93	2,1	152	149
22	6,3	8,0	0,2	4,0	161	149
23	11,13	4,0	0,1	0,0	295	149
24	2759,4025	437,604	4037,1862	905,446	155	149
25	7,7	22,19	3,1	10,1	158	149
26	14,19	58,72	10,5	76,24	161	149
27	14,14	102,112	40,23	88,43	170	149
28	38,60	25,27	31,37	53,20	347	149
29	40,63	116,176	36,39	89,51	359	149
30	27,30	116,176	58,22	89,51	161	149
31	0,0	1,2	2,0	0,2	152	149
32	7,8	142,184	1,4	178,66	332	149
33	38,41	48,58	38,9	32,15	156	149
34	171,270	0,0	246,114	1,0	315	149
36	102,176	6,5	90,54	10,4	152	149
37	2,28	80,98	30,3	181,53	186	149
38	149,262	4,7	171,84	2,2	152	149
39	18,25	15,16	28,4	24,10	169	149
43	70,102	293,479	95,40	391,180	236	149
44	96,169	9,6	82,27	9,3	180	149
45	0,2	11,13	8,0	19,9	159	149
46	7,12	20,58	15,3	28,13	164	149
47	2,1	40,39	0,0	40,23	166	149
48	11,12	18,34	20,10	24,16	167	149
49	142,217	11,9	113,73	13,6	458	149
50	85,105	11,9	34,39	13,6	499	149
51	9,8	64,119	4,8	81,38	190	149
53	38,50	1,0	41,10	0,0	162	149
54	31,46	35,39	35,11	24,17	152	149
55	47,62	0,1	27,28	0,0	747	149
56	8,19	1,0	8,8	3,0	243	149
57	17,10	2,0	13,9	4,1	227	149
58	8,4	20,35	19,4	18,12	152	149
61	47,58	36,35	39,24	28,17	152	149
62	1168,1419	0,0	1759,587	3,0	154	149
63	1,13	1,6	6,3	5,1	297	149
64	26,53	60,67	33,16	49,23	297	149
65	0,0	2,0	0,2	1,0	155	149
68	94,207	4,7	99,66	1,3	164	149
70	231,324	44,58	294,119	35,17	152	149
71	27,51	0,8	20,11	6,0	210	149
74	3,6	3,1	1,2	4,1	158	149
75	18,32	5,5	21,8	2,0	152	149
76	7,14	1,1	15,6	3,0	211	149
78	23,48	8,13	42,30	29,11	234	149
79	115,187	0,0	135,49	1,1	356	149
80	40,56	16,20	81,26	25,15	170	149
82	176,245	12,3	262,111	28,9	298	149
83	13,15	50,76	20,2	51,13	152	149
84	5,7	127,162	9,6	103,50	165	149
85	267,380	75,114	239,116	77,35	152	149
86	316,443	119,135	290,124	106,35	152	149
88	131,206	39,52	153,77	27,29	164	149
89	10,10	1,1	8,7	0,0	164	149
90	0,1	65,126	3,7	95,56	317	149
91	7,4	1,11	3,2	3,0	182	149
92	23,34	233,395	24,18	261,130	158	149
93	9,8	71,64	14,6	111,40	167	149
94	1342,1631	0,1	1658,579	1,0	153	149
95	133,197	615,1013	140,59	603,300	232	149
97	109,168	23,30	68,52	18,8	230	149
98	11,11	97,160	3,3	139,63	163	149
99	8,14	1,0	4,16	0,0	164	149
100	97,143	126,178	184,83	138,59	156	149
101	384,485	5,5	387,158	0,4	288	149
102	3,1	247,424	0,0	329,136	182	149
103	442,636	10,20	559,228	15,15	161	149
105	177,217	1,6	156,58	3,1	172	149
106	32,60	5224,8257	40,16	8105,3552	158	149
107	118,129	1,0	85,47	0,0	284	149
108	10,10	6,5	7,5	1,0	164	149
109	2,1	8,26	0,0	8,8	165	149
110	460,580	0,2	363,252	0,0	710	149
111	2,3	6,25	1,0	3,5	152	149
112	22,26	0,1	27,6	0,2	184	149
114	22,20	14,23	15,5	17,1	158	149
115	52,62	2,2	64,31	0,0	184	149
116	85,101	1,3	88,31	0,0	328	149
119	83,147	6,0	106,76	0,1	222	149
120	10,5	45,48	5,2	49,24	170	149
121	1,4	317,399	3,5	511,202	185	149
122	64046,80089	174,204	87204,38266	220,100	170	149
123	65,58	2,6	63,21	3,0	206	149
125	23,49	23,20	9,6	13,8	758	149
126	61,84	23,20	35,28	13,8	801	149
128	68,93	24,40	83,48	41,19	353	149
129	75,86	33,59	51,42	56,36	411	149
130	16,24	2,0	24,16	5,1	166	149
131	23,33	682,795	30,7	824,280	330	149
133	239,328	15,29	237,104	24,16	484	149
134	30,41	586,654	51,13	683,296	168	149
135	15,9	0,0	9,5	0,2	195	149
136	48,119	27,68	82,20	41,23	154	149
137	9,10	231,256	8,0	229,159	318	149
138	2,5	81,56	1,0	47,22	155	149
139	3,3	6,3	2,0	1,2	152	149
140	1054,1634	0,4	1351,649	2,0	177	149
141	0,0	2,0	0,2	0,0	154	149
142	0,0	18,32	0,1	20,13	161	149
143	33,58	186,258	32,24	210,112	321	149
145	45,75	3,8	57,20	3,3	152	149
146	3,6	179,243	4,5	159,56	197	149
147	296,518	107,190	360,192	125,88	209	149
148	3805,5574	3,5	6571,2175	2,1	218	149
149	229,281	34,38	177,62	26,5	171	149
150	14,21	1,2	10,3	3,0	158	149
151	10,12	9,18	16,5	23,7	157	149
153	22,50	2,2	39,25	0,0	437	149
155	18,8	0,2	10,6	6,0	161	149
156	299,346	53,74	382,192	84,31	582	149
157	11,17	102,107	26,0	125,62	179	149
158	27,35	0,0	34,7	0,1	158	149
159	2,16	77,75	3,7	67,22	415	149
160	0,2	70,84	0,0	29,35	209	149
161	111,104	0,1	87,19	0,0	158	149
162	39,60	29,37	12,13	16,10	164	149
163	51,76	0,0	32,30	0,2	162	149
164	13,27	115,160	16,3	144,50	161	149
165	64,99	11,8	52,29	4,2	210	149
166	238,316	7,22	328,164	17,9	188	149
167	18,46	81,63	21,4	72,32	166	149
169	31,66	218,339	31,21	219,132	152	149
170	3,8	82,132	0,2	100,37	298	149
171	43,77	0,0	35,35	2,3	156	149
172	442,720	40,60	377,245	58,42	283	149
173	111,156	17,4	114,34	8,3	152	149
174	2,8	137,249	18,1	197,88	190	149
176	92,123	3,6	75,45	8,4	152	149
177	78,144	0,1	53,49	1,0	161	149
178	113,235	2,1	110,95	0,6	343	149
179	12,9	5,1	12,0	6,2	171	149
180	915,1184	19,17	1270,426	13,4	152	149
183	194,300	43,61	194,103	46,20	164	149
184	232,287	0,1	259,121	2,0	156	149
185	6,10	36,63	3,9	28,16	209	149
186	331,480	0,0	541,227	1,0	152	149
188	21,39	0,0	61,11	2,0	152	149
189	8,5	1,5	11,3	2,0	155	149
190	0,1	8,2	1,4	13,5	178	149
191	222,222	5,0	184,88	3,2	155	149
192	4,2	99,150	0,2	126,71	176	149
193	19,77	62,82	18,31	84,49	159	149
194	8,22	96,157	14,4	122,71	182	149
195	528,612	39,28	592,269	47,20	161	149
197	57,73	27,46	66,29	19,21	163	149
198	6,11	90,130	2,4	123,31	168	149
199	75,133	315,462	73,41	384,167	340	149
201	56,88	18,44	80,47	22,12	202	149
203	23,24	1,0	10,9	1,0	156	149
204	39,38	1,0	26,16	1,0	162	149
205	17,18	1,4	17,8	1,1	155	149
206	3,5	339,423	4,4	435,195	303	149
207	10,16	10,11	9,1	21,2	163	149
208	4,9	67,81	3,0	39,23	152	149
210	8,24	468,616	9,1	402,208	152	149
211	13,17	8,5	7,6	13,5	170	149
212	43,73	69,110	54,15	113,43	152	149
213	187,333	6,10	240,88	10,1	160	149
214	73,123	608,947	206,78	626,298	152	149
215	42,47	765,1077	48,21	854,425	173	149
216	51,68	6,7	57,29	1,1	161	149
217	3,0	43,59	1,0	20,13	157	149
218	1,0	1,1	1,0	1,2	157	149
219	18,22	17,10	21,9	16,2	152	149
220	7,11	323,445	6,3	392,185	299	149
221	24,21	80,70	43,13	114,40	152	149
222	154,214	136,170	194,64	232,65	152	149
223	47,86	3,0	41,16	0,0	152	149
224	9,17	353,400	13,8	370,153	152	149
225	4,6	409,538	4,9	379,170	180	149
226	5,7	28,26	12,2	22,9	152	149
227	15,21	133,167	13,5	102,58	203	149
228	44,68	133,167	27,21	102,58	224	149
229	33,49	4,2	17,16	3,0	170	149
230	54,78	15,34	38,24	17,7	152	149
231	48,61	75,128	16,19	72,51	158	149
235	66,101	38,28	73,40	30,21	152	149
236	78,61	1,5	56,34	0,1	336	149
237	11,14	3,2	5,4	3,4	177	149
238	18,28	3,2	13,7	3,4	210	149
239	11,17	4,3	9,3	1,0	182	149
240	2,2	35,66	7,2	24,8	152	149
241	57,67	3,0	51,28	0,0	194	149
242	481,650	0,0	637,248	1,0	156	149
243	8421,11867	102,155	10291,4768	213,82	155	149
244	379,548	102,155	408,184	213,82	254	149
245	84,90	8126,11409	68,32	9951,4616	248	149
246	1,19	100,81	0,1	47,39	203	149
247	6,2	10,15	8,4	9,2	162	149
248	97,138	6,8	71,40	6,1	182	149
249	1,1	0,2	2,2	0,0	194	149
251	79,110	50,84	81,23	51,15	152	149
252	6,9	0,4	9,5	0,0	167	149
253	22,66	0,4	49,14	0,0	189	149
254	22,60	6,3	45,11	5,2	171	149
255	61,90	0,1	118,67	0,0	190	149
256	530,872	16,18	523,330	7,4	459	149
257	14,27	87,155	14,17	105,59	189	149
258	12,23	445,559	14,25	1275,542	341	149
259	245,271	0,1	290,90	0,0	417	149
260	53,68	114,130	68,26	150,48	266	149
261	0,0	2,4	2,0	2,0	160	149
262	142,213	11,23	221,70	15,9	152	149
263	28,43	17,24	37,18	14,13	165	149
264	124,201	123,189	189,69	114,39	152	149
265	307,357	15,16	305,148	15,6	161	149
266	188,243	14,22	139,85	10,6	186	149
267	73,68	14,22	52,33	10,6	198	149
268	19,34	134,209	11,9	98,61	161	149
269	3,3	73,109	2,1	75,36	155	149
270	86,138	3,8	77,45	2,3	337	149
272	0,0	13,16	3,0	13,7	221	149
273	20,29	4,2	8,6	0,0	509	149
274	0,1	5,4	0,4	2,0	152	149
276	343,425	1,0	464,210	0,0	290	149
277	3,9	22,35	8,4	48,8	161	149
278	87,98	22,35	120,53	48,8	180	149
280	8,6	10,6	12,3	4,8	158	149
281	269,291	19,21	851,268	44,27	152	149
282	168,257	130,180	497,172	336,128	152	149
283	66,102	27,16	58,24	25,9	165	149
284	8,7	84,110	6,3	87,39	160	149
285	22,47	10,2	22,11	2,3	160	149
286	1449,1791	0,0	1487,603	0,1	307	149
288	12,20	1,2	17,5	0,3	209	149
289	21,31	94,186	9,8	165,74	163	149
290	50,74	0,0	35,27	2,0	285	149
291	10,20	37,66	14,7	52,26	152	149
292	4,5	59,56	6,13	40,19	154	149
293	80,98	15,16	83,58	12,5	168	149
294	42,52	9,13	62,20	11,5	162	149
295	676,881	286,292	776,358	211,71	1691	149
296	643,842	286,292	725,343	211,71	1678	149
297	2,3	109,144	4,5	156,118	291	149
298	174,207	8,11	135,40	8,0	158	149
299	20,24	4,6	23,5	2,0	152	149
300	1,0	2,1	1,1	0,0	163	149
302	482,637	462,623	660,302	680,284	212	149
303	1,2	14,6	1,1	7,3	162	149
304	2,2	1,1	1,1	6,0	167	149
305	15,6	1,1	7,3	6,0	154	149
306	121,105	3,1	74,49	3,2	155	149
307	48,50	69,135	64,35	60,26	152	149
308	17,23	16,21	5,11	13,3	212	149
309	1047,1472	0,0	1394,702	0,3	342	149
311	38,46	62,81	27,13	76,28	278	149
312	16,13	0,1	8,3	0,0	158	149
313	36,50	442,529	39,18	545,228	503	149
314	0,1	135,167	1,0	93,49	173	149
315	1,1	131,135	1,2	112,45	168	149
316	16,29	4,3	15,5	2,4	155	149
318	13,8	39,78	14,0	55,22	326	149
319	18,36	0,0	5,3	1,0	191	149
320	865,1130	40,42	1010,566	14,7	170	149
321	39,41	481,654	42,22	647,287	194	149
325	122,217	0,0	129,57	4,0	156	149
326	27,65	11,7	46,13	25,6	152	149
327	73,124	0,1	83,39	0,0	222	149
328	80,143	0,1	90,49	0,0	226	149
329	7,21	0,2	7,10	0,0	153	149
330	176,308	15,29	183,86	5,0	226	149
331	481,723	175,258	1012,389	171,54	169	149
332	38,36	0,2	23,19	0,0	179	149
333	19,45	665,1013	46,34	753,360	158	149
334	31,28	45,80	23,21	40,28	159	149
335	44,85	27,36	41,18	8,12	222	149
336	13,9	25,50	6,5	18,4	174	149
337	93,122	0,4	75,55	0,1	170	149
338	97,127	8,12	75,59	4,4	387	149
339	6,12	8,12	1,5	4,4	366	149
340	1,2	18,9	2,0	9,3	168	149
341	1355,1400	1,0	756,360	0,0	272	149
342	6,15	5,8	8,6	6,6	154	149
343	251,292	6,7	343,113	25,5	191	149
344	538,683	5,19	473,308	11,12	152	149
345	1167,1510	258,207	1376,763	243,107	322	149
346	124,158	0,0	105,60	1,1	152	149
347	37,24	6,5	33,7	14,9	280	149
348	42,27	4442,7263	39,11	5386,2478	305	149
349	11,8	4442,7263	20,13	5386,2478	174	149
350	16,5	5,12	13,4	3,3	174	149
351	45,56	36,40	47,28	29,17	154	149
352	34,52	0,0	32,15	1,0	186	149
353	137,249	0,1	172,93	0,0	262	149
354	118,228	2,0	158,80	0,0	262	149
355	318,490	5,6	398,175	10,6	262	149
356	492,742	102,140	381,207	93,40	447	149
357	8,6	292,400	4,2	262,116	194	149
358	2,1	19,27	5,3	9,6	152	149
360	15,18	33,33	5,3	13,4	159	149
361	191,267	1,5	165,104	2,1	160	149
362	114,155	64,104	163,72	74,28	225	149
363	155,151	39,68	164,45	33,18	545	149
364	9,3	1644,2348	9,3	2374,1092	414	149
365	85,76	8,8	74,33	3,0	224	149
366	5,4	411,564	8,4	524,186	160	149
367	441,581	2,2	429,222	0,2	164	149
368	16,31	30,44	17,9	18,9	166	149
369	28,41	6,13	23,12	6,4	209	149
370	42,54	6,13	24,12	6,4	192	149
371	0,0	1,0	2,0	0,2	163	149
372	3,1	203,304	4,1	332,148	163	149
373	24,36	2,5	3,1	0,0	153	149
374	40,89	2,0	67,25	0,0	400	149
375	36,93	73,112	44,29	69,37	185	149
376	154,191	0,1	128,54	1,1	195	149
377	0,1	547,845	0,0	663,278	152	149
378	16,21	448,531	24,13	495,197	428	149
379	0,2	19,24	0,0	23,7	162	149
380	1,2	11,13	5,4	8,4	152	149
382	102,117	419,520	115,95	398,174	270	149
383	265,346	88,88	347,153	115,46	185	149
384	86,113	0,0	85,44	0,1	158	149
385	135,144	0,1	150,82	0,0	194	149
387	9,9	91,126	4,2	72,45	187	149
388	85,143	1,4	106,40	4,1	155	149
390	34,54	11,8	53,25	4,1	242	149
391	367,403	98,85	531,134	141,58	152	149
392	115,114	4,5	175,64	11,1	275	149
395	128,190	3,14	123,56	7,2	152	149
396	49,50	511,564	58,25	569,196	162	149
398	14,31	0,2	10,4	1,0	323	149
399	18,23	225,367	10,4	194,114	627	149
400	7,0	388,448	3,0	562,171	152	149
401	8,6	248,350	12,6	320,127	289	149
402	51,65	143,150	11,5	188,62	152	149
403	7,19	488,714	14,11	483,231	251	149
404	1,2	10,11	0,0	3,1	158	149
405	4,5	151,194	5,1	156,48	170	149
406	196,332	208,267	262,126	213,105	185	149
408	2,3	0,2	4,0	0,0	158	149
409	151,230	10,10	213,88	9,8	160	149
410	72,94	89,102	38,9	36,13	152	149
412	40,74	1,0	45,19	1,0	158	149
413	72,97	5,4	48,19	1,0	158	149
414	95,102	1,4	124,28	3,1	154	149
415	60,75	0,1	36,39	0,1	173	149
417	4,8	186,240	14,4	392,197	169	149
419	42,56	58,79	60,38	136,68	158	149
420	9,12	7,16	11,7	13,7	172	149
421	2,2	0,2	9,1	9,0	283	149
422	3,4	2,3	5,2	0,0	179	149
423	414,440	0,1	416,207	1,2	223	149
424	114,101	297,448	94,44	254,126	152	149
425	22,18	359,473	15,11	458,181	161	149
426	11,16	1,2	8,8	0,0	153	149
427	123,160	137,181	152,59	74,22	153	149
428	15,20	9,0	11,8	2,1	153	149
429	27,47	2,13	14,14	0,0	499	149
431	533,613	765,806	551,302	614,190	605	149
432	3,2	12,20	2,7	12,3	152	149
433	850,1022	650,886	1622,641	1148,497	192	149
434	34,39	23,26	15,9	8,11	158	149
435	2,3	62,58	1,0	66,29	170	149
436	18,12	115,151	6,6	73,42	152	149
437	2,2	89,159	3,1	88,48	191	149
438	5,4	41,70	3,1	38,18	152	149
439	6,6	48,56	0,0	33,10	161	149
440	16,18	230,301	55,10	237,93	164	149
441	352,561	0,0	421,185	1,0	198	149
442	10,5	39,34	20,0	52,17	157	149
443	2353,2860	22,40	2723,1199	39,11	152	149
444	7,6	8,15	18,0	7,1	164	149
445	2,0	21,23	0,0	23,9	152	149
447	142,166	1,0	78,59	0,0	155	149
448	25,40	43,58	21,22	26,17	152	149
449	2,0	125,173	2,1	143,100	167	149
450	4,10	43,42	3,2	63,36	183	149
451	72,113	8,7	97,50	6,3	644	149
452	15,27	1,4	13,7	1,0	384	149
453	11,11	6,6	16,6	2,2	210	149
454	38,38	6,11	55,28	7,9	166	149
456	5,4	35,63	0,0	40,12	161	149
457	35,59	115,203	44,20	108,53	152	149
458	36,25	6,8	26,11	14,3	152	149
459	0,1	20,60	3,1	39,17	297	149
460	0,2	2,8	0,3	7,3	158	149
461	0,2	8,9	0,0	2,5	152	149
464	248,288	14,15	383,138	15,8	191	149
465	18,26	74,96	25,13	83,33	152	149
466	9,18	29,48	5,6	26,14	152	149
468	0,0	9,14	1,0	8,6	167	149
470	231,243	527,825	266,177	470,241	431	149
471	629,704	2,7	571,222	2,0	167	149
472	97,131	10,3	80,38	7,1	155	149
474	26,48	7,3	61,31	5,0	204	149
475	32,58	269,403	67,38	353,206	207	149
476	34,64	89,143	71,39	117,57	210	149
477	13,13	269,403	11,7	353,206	152	149
478	15,19	89,143	15,8	117,57	155	149
479	271,409	89,143	357,207	117,57	152	149
480	5,0	5,5	1,1	12,1	165	149
481	5,0	17,13	1,1	7,10	187	149
482	11,2	1,0	3,5	0,1	200	149
483	16,11	0,1	10,12	0,0	228	149
484	5,5	17,13	12,1	7,10	171	149
485	11,7	1,0	14,5	0,1	184	149
486	16,16	0,1	21,12	0,0	212	149
487	23,15	1,0	9,14	0,1	162	149
488	28,24	0,1	16,21	0,0	190	149
489	6,9	0,1	7,8	0,0	177	149
490	47,48	0,1	34,19	6,0	168	149
491	4649,5783	40,64	6879,2052	66,15	168	149
492	4840,6029	21,36	7143,2133	39,13	178	149
493	231,310	21,36	330,96	39,13	159	149
494	50,89	3938,5574	65,27	4599,1975	152	149
495	470,711	13,5	461,239	12,3	189	149
496	141,178	2,0	144,71	1,4	153	149
497	5,5	31,50	4,1	28,24	171	149
498	5,8	35,50	16,6	62,32	159	149
499	32,59	0,0	23,20	2,0	208	149
500	40,42	12,22	25,10	12,8	154	149
501	61,113	12,22	64,40	12,8	213	149
502	59,111	38,40	62,39	23,9	208	149
503	19,16	965,1337	19,7	1131,513	301	149
504	2,3	40,76	3,1	81,31	166	149
505	8,17	86,135	11,3	121,66	188	149
506	297,423	780,1069	344,156	603,338	158	149
508	18,66	75,107	20,25	82,53	190	149
509	137,173	2,1	101,79	0,0	179	149
510	422,543	37,58	527,195	44,24	164	149
511	7,10	5,4	3,1	3,2	325	149
513	127,128	1,0	118,52	0,1	179	149
514	27,26	30,39	24,7	25,7	152	149
516	45,35	9,24	24,14	14,7	152	149
517	17,14	697,1012	12,0	707,312	286	149
518	58,67	1,2	81,63	2,3	503	149
519	25,30	21,41	10,23	34,29	160	149
520	513,513	487,512	851,376	553,230	152	149
521	107,144	970,1188	252,122	1238,483	164	149
522	50,79	65,72	42,14	67,28	162	149
523	3,0	1,2	0,0	0,2	168	149
525	25,22	10,17	29,17	11,1	180	149
528	1,4	116,176	6,2	144,56	168	149
530	34,45	1,1	36,27	11,0	195	149
531	123,184	20,24	210,59	13,15	163	149
532	108,162	37,31	181,74	24,15	159	149
535	94,140	9,6	66,56	5,2	176	149
537	0,1	49,73	0,0	53,23	218	149
539	59,108	31,50	86,44	50,17	171	149
541	1,0	103,153	0,0	119,52	152	149
542	45,43	3,6	50,17	0,1	152	149
543	109,98	62,53	66,29	47,15	152	149
544	22,21	24,30	23,16	20,8	411	149
545	24,22	82,83	31,19	104,31	667	149
546	403,571	2,5	298,120	5,4	164	149
547	384,585	10,15	253,120	4,5	155	149
549	284,322	6,9	265,124	7,0	263	149
550	359,464	0,0	365,177	1,0	753	149
552	45,62	913,1270	52,18	952,484	353	149
554	13,5	384,372	14,8	696,220	417	149
555	288,435	0,1	324,201	0,0	153	149
556	0,2	158,173	1,0	128,86	155	149
558	43,48	7,11	120,96	35,21	537	149
559	4,5	66,81	4,1	75,31	168	149
560	1406,1287	3,13	1692,601	6,1	155	149
561	96,113	12,13	147,77	31,11	158	149
562	116,147	1,3	242,90	15,5	232	149
563	232,351	182,212	400,149	207,86	1216	149
564	3,1	0,1	1,1	0,2	158	149
565	139,156	10,5	109,50	4,0	845	149
566	67,81	18,7	63,20	11,6	255	149
568	91,135	0,0	103,63	1,0	275	149
569	142,221	61,107	139,89	71,36	275	149
570	135,206	12,24	132,72	14,11	155	149
572	48,54	15,10	19,3	8,1	155	149
573	54,90	15,10	33,17	8,1	158	149
574	51,75	45,39	31,17	17,3	152	149
575	1,0	8,6	0,0	4,4	171	149
577	2,8	3,2	1,0	0,0	161	149
579	150,160	2,4	150,65	4,0	564	149
582	2,0	9,6	1,2	7,2	191	149
583	11,16	1,5	12,8	1,5	282	149
585	8,17	442,686	9,4	474,172	342	149
586	309,397	0,2	261,137	0,0	285	149
587	87,156	1,8	83,56	0,0	212	149
588	0,3	87,127	2,1	74,43	155	149
589	387,669	753,1019	466,313	867,338	674	149
590	59,69	82,101	77,50	92,52	160	149
591	47,83	70,118	53,23	82,55	152	149
592	95,175	19,21	86,57	3,6	152	149
593	17,16	2,0	13,5	3,1	169	149
595	97,142	7,12	138,80	15,4	184	149
596	437,648	260,310	636,327	202,85	152	149
597	15,13	12,3	14,6	2,2	224	149
600	21,32	6,21	34,9	6,1	160	149
602	37,21	13,6	44,26	9,1	162	149
603	40,21	0,3	31,14	5,10	321	149
604	3,4	1,0	2,0	0,0	173	149
605	4,3	86,55	3,4	69,18	162	149
606	2,6	2,3	11,2	0,3	171	149
607	16,23	94,189	3,1	80,31	163	149
608	38,39	6,3	34,14	13,5	152	149
610	5,2	115,226	0,1	134,75	160	149
611	5,12	2,1	2,4	1,0	180	149
613	50,57	6,15	50,15	4,6	429	149
614	6,1	195,261	1,2	195,97	221	149
616	128,133	0,1	154,89	0,0	449	149
617	50,81	1,1	35,25	1,3	161	149
621	0,9	3,1	8,2	4,2	152	149
622	1,2	25,11	2,0	23,19	161	149
623	3,0	39,55	3,2	39,41	165	149
624	3,2	2,0	0,1	0,0	200	149
625	1,2	106,110	4,2	62,30	173	149
626	5,8	29,26	0,0	21,23	195	149
628	9,14	36,48	15,4	54,49	374	149
630	120,197	61,98	133,108	54,38	152	149
631	2103,2333	25,14	2272,747	28,8	152	149
633	46,70	48,38	34,33	83,58	160	149
634	34,25	8,5	26,10	5,2	155	149
635	73,93	96,117	54,26	125,65	152	149
637	6,18	35,49	4,5	20,6	222	149
638	267,359	60,122	246,108	64,24	179	149
639	438,612	2,1	415,161	1,0	155	149
640	6,1	10,3	1,1	0,0	188	149
641	295,326	22,31	338,139	9,4	152	149
642	36,49	68,82	39,18	93,29	152	149
643	6,9	95,117	2,2	122,45	160	149
645	2,0	162,151	4,1	136,78	182	149
646	174,285	34,52	145,54	28,16	364	149
647	11,6	65,100	18,11	101,60	250	149
648	4,10	19,17	7,7	14,6	154	149
649	85,164	6,6	96,41	4,3	152	149
650	542,781	73,83	533,232	74,24	160	149
651	79,119	1,0	79,45	5,0	175	149
652	3501,4109	5,8	4578,1940	8,3	159	149
654	12,33	15,22	12,7	10,0	155	149
655	120,194	15,16	135,65	3,7	161	149
656	31,38	93,149	19,5	83,40	152	149
657	16,28	0,4	18,5	0,0	187	149
658	8,22	0,0	8,1	4,0	187	149
659	57,73	28,45	41,22	36,13	173	149
660	23,26	140,200	15,13	125,52	162	149
661	38,45	30,60	21,20	48,17	165	149
662	45,86	12,6	58,36	1,1	161	149
663	3176,4012	4,2	4206,1851	7,1	152	149
664	19,27	137,176	16,18	213,93	164	149
666	4970,7659	0,2	7119,3290	0,0	284	149
667	8,17	1371,2110	14,13	1768,868	169	149
668	7,21	0,0	12,6	1,1	161	149
669	17,28	4,1	23,10	2,1	152	149
670	4,10	0,0	7,2	1,0	152	149
671	20,28	135,300	9,2	128,65	155	149
672	175,346	7,26	119,60	8,4	155	149
673	629,998	0,2	608,292	0,0	182	149
674	28,36	5,20	17,4	4,5	160	149
675	9,7	4,9	17,1	6,1	155	149
676	6,6	4,9	4,3	6,1	158	149
677	6,5	9,6	3,3	16,1	152	149
678	37,56	0,0	52,9	1,0	164	149
680	8,3	141,216	2,5	102,57	197	149
681	10,49	18,34	14,5	9,8	214	149
682	54,71	10,16	76,38	22,12	157	149
683	8,12	1,1	6,3	2,2	159	149
684	26,47	2,11	50,26	6,2	159	149
685	6,24	35,63	22,5	53,20	152	149
686	88,134	4,0	75,51	6,0	319	149
687	210,305	0,0	255,127	0,1	309	149
688	308,541	25,24	422,224	15,7	232	149
689	238,403	14,26	299,105	13,9	194	149
691	22,18	110,178	18,4	148,60	182	149
692	369,573	4,6	444,186	2,2	184	149
694	6,3	71,79	19,11	41,32	152	149
695	0,4	24,41	0,1	52,15	209	149
696	33,22	34,41	28,18	36,33	155	149
697	3,11	18,38	6,3	19,6	181	149
698	71,60	0,1	86,26	3,0	155	149
700	35,44	0,1	47,29	4,0	157	149
701	256,384	0,1	280,199	4,0	179	149
702	244,371	23,31	260,194	27,24	171	149
703	17,17	1100,1616	4,4	1208,687	310	149
704	124,168	541,793	98,61	477,295	930	149
705	40,36	1,1	18,12	2,0	168	149
707	517,622	265,288	601,253	352,172	886	149
708	97,130	265,288	111,83	352,172	163	149
709	206,274	265,288	214,138	352,172	412	149
710	193,242	84,98	177,113	74,58	398	149
711	504,590	84,98	564,228	74,58	872	149
712	374,434	63,86	455,164	68,49	623	149
713	104,119	202,242	137,61	255,77	152	149
714	53,51	300,286	66,34	350,166	180	149
715	15,14	132,142	21,11	136,52	155	149
716	1366,1867	0,3	1966,620	1,0	153	149
717	18,17	62,97	29,13	90,53	235	149
718	26,25	843,1143	37,25	705,353	340	149
719	287,437	0,0	193,102	1,0	515	149
720	4,9	386,497	0,4	356,191	353	149
721	161,219	77,151	191,75	99,31	152	149
722	2,3	33,45	8,0	31,11	169	149
723	14,17	396,484	5,6	396,149	340	149
724	20,19	3,4	6,6	1,2	152	149
725	87,96	0,1	100,47	0,0	390	149
726	2,1	2,7	3,2	7,11	169	149
727	478,390	16,23	1662,941	77,43	186	149
728	400,513	0,1	409,225	0,0	381	149
729	4,2	111,129	3,4	107,55	152	149
730	14,10	9,11	16,11	7,4	428	149
731	15,14	18,32	25,13	17,28	443	149
732	10,15	18,32	16,6	17,28	164	149
733	9,10	23,15	8,8	20,6	244	149
734	0,1	7,19	0,0	14,1	155	149
735	74,112	9,14	85,58	6,2	188	149
736	0,4	76,107	4,0	145,48	152	149
737	11,6	4,2	10,2	11,7	152	149
738	336,460	200,260	653,304	174,100	367	149
739	61,143	0,3	33,21	0,0	258	149
741	7,6	76,132	8,2	112,43	355	149
742	157,212	63,97	89,62	62,27	577	149
743	8,7	1819,2046	8,1	2836,817	203	149
744	109,185	47,43	128,63	22,20	160	149
745	47,77	91,146	40,28	115,68	351	149
746	4,6	94,100	5,6	91,47	152	149
747	81,133	4,14	89,40	17,4	156	149
748	7,1	296,400	1,5	227,141	377	149
750	6,14	88,128	0,1	100,53	212	149
751	7,10	679,885	4,4	926,355	176	149
752	8,8	0,0	12,9	0,2	152	149
753	20,44	2,3	26,7	3,1	166	149
754	144,184	10,15	151,61	17,2	164	149
755	1997,2987	0,1	2236,1075	0,0	637	149
756	4,5	0,0	8,10	1,0	153	149
760	27,32	7,11	90,57	9,5	1136	149
761	9,21	2,3	19,21	4,2	349	149
763	259,354	0,2	252,120	0,0	153	149
764	42,42	10,10	42,16	15,5	213	149
765	31,40	41,50	46,15	31,10	163	149
766	15,13	35,65	20,2	20,12	165	149
767	4,2	6,3	0,0	6,0	154	149
770	180,241	3,4	177,57	6,2	193	149
771	12,9	137,233	8,3	242,61	152	149
772	10,11	37,45	26,6	23,13	167	149
773	24,38	0,1	51,18	0,0	381	149
774	8,13	2,0	7,0	2,0	178	149
775	8,14	4,6	7,0	10,2	192	149
776	2,1	4,6	2,0	10,2	163	149
777	8,7	60,63	2,4	30,18	173	149
778	2,0	2,3	0,0	5,0	167	149
779	155,265	0,2	154,98	0,0	215	149
783	0,0	8,17	1,0	3,2	224	149
784	84,75	0,0	98,21	1,0	157	149
785	57,63	4,1	27,17	2,1	162	149
786	158,168	1,4	123,58	0,0	559	149
787	9,11	62,73	2,0	54,7	266	149
789	101,204	0,2	71,29	0,0	850	149
790	165,188	34,44	135,65	42,14	152	149
791	7,9	4,0	6,4	4,0	169	149
792	8,23	0,0	20,13	2,0	221	149
793	186,227	0,2	157,106	0,1	156	149
794	1,3	1,1	1,1	2,0	209	149
795	2,5	1,2	1,1	0,1	223	149
796	2,3	1,2	2,0	0,1	163	149
797	1,6	1,2	1,1	2,0	223	149
798	1,0	0,0	2,0	2,3	152	149
799	1,4	4,18	4,1	0,1	152	149
800	3,12	421,559	8,2	443,203	227	149
801	3,8	30,39	10,1	51,24	172	149
803	45,39	84,134	25,15	93,54	152	149
804	12,7	24,28	1,4	16,18	159	149
806	11,14	7,29	16,9	8,0	540	149
808	396,438	0,1	287,159	3,0	162	149
809	4,7	35,46	16,4	29,13	152	149
810	15,15	40,55	7,8	34,10	152	149
811	39,55	15,26	29,11	10,4	167	149
812	161,189	2,5	296,193	3,0	661	149
813	453,597	8,5	859,249	4,5	191	149
814	861,1097	3,1	1672,473	0,0	212	149
815	416,505	3,1	817,229	0,0	170	149
816	396,519	1,1	748,210	3,0	191	149
817	804,1019	2,2	1561,434	1,0	212	149
818	409,501	2,2	816,224	1,0	170	149
819	573,699	472,567	1113,319	824,202	170	149
820	15,20	56,92	10,6	21,9	155	149
821	117,131	2,9	208,105	23,3	153	149
822	10,22	16,40	14,7	36,5	153	149
823	40,89	0,5	81,34	0,1	152	149
824	98,140	0,0	101,54	1,0	158	149
827	258,346	16,14	165,87	11,8	152	149
829	205,236	70,99	225,76	141,47	179	149
830	145,201	1,0	161,61	4,1	156	149
831	34,75	106,142	44,20	117,48	152	149
832	89,92	25,69	79,47	53,16	174	149
833	162,237	0,0	230,106	2,0	462	149
834	58,96	14,12	61,49	11,10	174	149
835	103,171	0,1	186,72	2,1	266	149
836	691,837	181,255	769,322	257,148	155	149
837	80,75	2,0	61,30	0,0	340	149
838	27,38	7,13	27,16	14,2	154	149
839	570,838	118,168	622,273	121,68	152	149
840	19,17	2,0	43,12	2,2	213	149
841	2,2	76,129	0,0	85,41	191	149
842	125,147	16,20	167,78	7,3	177	149
844	18,31	22,26	29,6	17,26	195	149
845	4,15	241,307	8,7	276,138	153	149
846	4,10	16,18	3,3	19,9	153	149
847	250,246	7,8	262,101	10,3	155	149
848	1,3	2,0	3,3	0,0	218	149
851	3,1	1,9	2,1	3,0	218	149
852	6,4	13,13	2,3	14,8	232	149
854	4,12	13,13	3,2	14,8	163	149
857	2,2	266,335	5,4	316,118	176	149
858	2,7	283,383	5,2	334,146	152	149
859	123,118	17,27	126,63	14,14	189	149
860	0,1	0,3	1,0	0,2	191	149
861	63,87	62,139	61,40	49,50	152	149
862	26,30	7,7	15,4	9,1	161	149
863	6,6	29,43	4,5	30,10	153	149
864	0,2	93,107	0,1	80,58	179	149
865	1,2	5,9	2,5	4,0	182	149
866	94,107	5,9	82,62	4,0	152	149
867	6,5	228,297	4,6	286,153	195	149
868	10,19	0,2	6,1	0,0	162	149
870	4,13	300,415	3,2	285,152	284	149
873	30,50	14,47	19,6	38,13	155	149
874	37,44	3,10	45,24	2,2	361	149
875	15,27	17,36	62,30	8,7	152	149
876	3,5	13,15	8,7	19,5	152	149
877	111,156	6,6	128,71	17,7	186	149
878	82,116	3,6	103,57	1,8	388	149
879	16,19	30,49	20,6	27,23	180	149
880	83,63	0,0	55,18	1,0	158	149
881	27,36	196,273	18,6	331,92	161	149
882	47,42	64,120	29,22	109,53	434	149
884	1,2	207,267	0,1	196,76	152	149
886	65,69	96,117	65,33	104,39	152	149
888	143,201	12,14	171,72	12,10	163	149
889	1,2	13,35	2,0	11,9	187	149
890	8,5	184,262	14,8	284,164	161	149
891	233,288	7,5	257,103	11,3	152	149
892	50,52	2,0	32,25	0,0	326	149
893	13,15	0,0	10,12	2,0	155	149
894	141,197	1,0	144,94	2,0	159	149
896	0,0	8,5	1,0	3,3	166	149
897	300,348	1,0	287,130	0,0	158	149
898	17,31	33,38	14,15	23,12	467	149
900	35,76	452,649	30,14	727,316	152	149
901	210,305	1,1	290,180	3,5	161	149
902	16,6	2,4	6,6	6,0	185	149
903	137,159	0,1	196,86	0,0	153	149
904	51,69	85,89	62,14	103,26	155	149
905	205,303	0,0	219,105	0,1	169	149
906	46,67	39,40	47,14	35,21	152	149
907	119,116	27,38	90,44	28,10	155	149
908	133,164	52,62	137,78	52,22	189	149
909	77,66	0,2	75,30	0,0	154	149
910	184,220	61,60	603,213	57,26	169	149
911	129,153	265,420	118,60	903,379	152	149
912	128,223	10,7	221,102	33,6	153	149
913	47,65	6,4	50,15	12,12	192	149
914	6,17	129,171	12,3	184,93	160	149
915	22,29	6,5	7,11	3,7	161	149
916	399,598	1,0	460,205	0,0	296	149
917	89,162	890,1238	76,45	710,274	178	149
920	6,10	0,0	14,5	1,0	179	149
922	30,46	379,643	42,30	535,265	152	149
923	26,23	2,4	18,13	0,5	155	149
924	14,14	0,0	8,1	0,1	155	149
925	19,22	6,7	11,5	1,0	152	149
926	25,30	0,2	28,14	0,0	348	149
927	5,16	81,146	20,8	79,39	158	149
928	1,1	37,40	2,0	43,26	161	149
929	86,104	11,8	121,79	4,3	804	149
930	88,87	5,14	92,37	6,2	162	149
931	138,155	60,93	115,70	61,32	152	149
932	305,397	32,22	570,283	38,14	163	149
933	6,8	13,18	4,1	24,13	303	149
934	33,55	629,922	41,17	742,314	390	149
936	2,9	1,1	2,0	0,3	156	149
938	5,11	30,27	7,6	15,10	158	149
939	86,124	20,38	91,32	26,9	161	149
940	1,1	2,2	6,2	0,0	319	149
942	7,12	1,4	2,5	4,0	152	149
943	0,0	6,8	2,0	2,7	185	149
944	0,1	150,197	2,0	124,70	188	149
945	60,103	39,70	46,22	65,42	155	149
946	149,263	42,74	178,93	79,51	152	149
947	88,63	2,0	54,25	0,0	164	149
948	1,1	52,67	7,2	64,18	257	149
951	0,1	19,29	0,1	7,6	170	149
952	0,1	59,81	2,3	58,25	195	149
953	110,130	2,0	97,89	2,0	200	149
955	496,647	1,0	371,91	1,0	155	149
957	5,6	65,40	4,2	26,19	152	149
958	1,0	34,23	0,0	17,5	152	149
959	144,252	24,28	158,58	11,8	166	149
960	39,59	93,109	48,44	88,68	173	149
961	895,855	0,5	1259,548	9,1	153	149
962	13,3	41,47	6,5	57,17	167	149
963	745,1130	428,575	1103,436	267,80	152	149
966	148,213	1,0	322,159	0,0	825	149
967	1,1	109,138	3,0	86,63	163	149
969	37,53	96,145	69,37	89,45	161	149
970	7,21	0,4	30,7	8,1	155	149
973	6,3	41,58	2,2	54,45	274	149
975	210,308	2,0	177,53	0,0	167	149
976	311,386	118,149	331,142	219,112	152	149
977	12,11	387,463	10,15	411,161	158	149
978	12,19	37,65	12,8	26,20	152	149
980	31,84	91,140	39,19	131,48	298	149
981	610,795	14,9	735,342	17,3	305	149
983	996,1408	1,1	1374,745	0,0	210	149
986	65,90	4,12	79,51	3,0	154	149
987	51,60	13,8	64,30	5,1	172	149
988	18,21	71,112	23,10	56,29	160	149
989	12,17	10,29	18,10	6,7	192	149
990	20,27	3,4	25,12	1,4	206	149
991	18,39	3,4	13,9	1,4	163	149
992	32,42	96,168	26,15	128,96	652	149
993	33,42	41,57	25,15	36,26	652	149
997	34,24	2,1	39,10	1,0	166	149
998	56,69	3,1	72,31	3,1	183	149
999	129,201	0,0	138,65	5,0	166	149
1001	0,1	0,2	4,0	0,0	152	149
1002	155,282	47,98	172,64	69,18	244	149
1003	19,32	0,0	4,3	1,0	216	149
1005	452,514	0,0	559,223	1,0	200	149
1007	1,1	22,44	1,0	27,6	162	149
1009	37,47	20,16	18,6	7,6	160	149
1010	74,91	18,19	37,25	10,13	160	149
1011	75,99	10,14	94,62	7,1	157	149
1013	17,21	15,29	16,9	18,6	162	149
1014	20,25	14,12	18,11	7,11	204	149
1015	212,226	47,83	116,105	63,28	2667	149
1016	891,976	104,168	721,584	84,50	953	149
1017	19,41	689,753	23,12	501,300	472	149
1019	19,16	18,21	30,8	26,23	222	149
1022	13,13	40,80	25,16	78,34	158	149
1023	222,343	55,114	184,104	90,53	158	149
1025	0,2	17,33	2,0	12,23	170	149
1026	10,13	3,1	4,10	0,0	186	149
1027	2,3	92,104	4,0	83,42	170	149
1028	264,353	0,0	326,164	4,1	333	149
1030	1,2	16,16	1,0	62,20	165	149
1031	955,1152	25,12	863,303	16,8	161	149
1032	21,35	1064,1183	24,7	904,324	351	149
1033	38,82	1,0	38,36	0,0	153	149
1034	51,89	44,60	56,35	39,24	153	149
1035	0,0	17,7	1,0	20,4	175	149
1036	164,230	2080,2319	173,138	2392,787	526	149
1037	7,19	0,1	12,6	0,0	371	149
1038	8,6	7,24	5,3	13,7	158	149
1039	18,33	22,67	50,15	34,23	154	149
1040	62,123	3,2	97,39	6,3	158	149
1041	17,18	96,147	22,8	137,72	160	149
1042	94,129	67,137	145,50	144,50	206	149
1044	19,25	145,170	20,13	225,87	159	149
1045	315,473	2,4	391,137	6,5	159	149
1046	1,15	405,574	23,2	501,209	169	149
1047	1,2	52,60	3,0	46,19	152	149
1049	5,10	145,265	5,4	202,102	330	149
1050	69,116	46,43	60,36	19,13	188	149
1051	0,2	1,0	0,1	0,0	184	149
1052	2,1	86,105	0,1	92,37	209	149
1053	93,132	1,0	84,26	0,0	165	149
1054	8,1	60,109	6,3	77,37	322	149
1055	3,4	147,216	2,0	165,80	167	149
1057	57,37	0,1	37,22	0,0	167	149
1058	239,393	6,3	390,194	1,4	154	149
1059	278,426	3,7	166,105	0,1	151	149
1060	1181,1331	8,11	1335,508	11,2	152	149
1061	15,12	50,78	9,5	70,24	152	149
1062	14,23	439,621	10,7	355,168	161	149
1064	2,0	304,480	1,0	338,156	152	149
1065	166,243	189,325	140,81	283,145	152	149
1066	353,616	28,56	436,212	36,16	152	149
1067	8,16	1,0	13,4	4,0	152	149
1068	13,19	63,64	20,4	37,14	161	149
1069	6,3	63,64	11,0	37,14	158	149
1070	231,310	257,349	301,136	345,174	152	149
1071	5,8	45,49	9,3	56,24	160	149
1072	158,200	0,0	137,38	1,1	157	149
1073	13,14	3,2	22,3	0,2	153	149
1074	69,122	11,25	79,45	20,6	152	149
1076	36,35	585,819	24,9	486,265	164	149
1077	60,75	63,118	29,19	78,42	155	149
1078	31,49	7,9	39,19	9,1	179	149
1080	0,1	61,87	2,0	80,18	152	149
1081	23,25	356,412	21,8	330,119	167	149
1082	21,31	26,46	24,13	48,31	152	149
1083	155,231	3,7	158,61	15,8	153	149
1084	51,69	0,0	71,21	1,0	283	149
1085	8,13	37,54	13,4	48,13	164	149
1086	560,730	34,70	670,286	24,17	152	149
1087	174,305	2,4	247,205	0,1	332	149
1088	148,251	2,0	216,186	2,0	332	149
1089	36,56	1,1	54,18	0,0	212	149
1090	7,4	2,14	7,3	12,6	152	149
1091	58,73	10,29	49,25	22,17	152	149
1092	109,186	1,0	95,58	5,0	238	149
1093	5,1	24,28	1,1	21,8	174	149
1094	5,4	73,83	5,1	44,40	177	149
1095	24,31	73,83	25,8	44,40	152	149
1096	14,21	0,2	14,4	0,0	152	149
1097	435,456	0,1	341,142	0,0	289	149
1098	8,15	0,4	16,2	0,0	158	149
1099	6,8	4,0	20,0	1,0	160	149
1101	4,2	154,246	19,3	158,96	176	149
1102	25,37	24,6	58,26	8,2	446	149
1104	44,38	8,5	41,14	5,2	227	149
1106	0,0	161,174	1,0	129,40	169	149
1108	4,12	115,200	6,3	87,43	496	149
1109	12,39	1,1	36,22	1,2	160	149
1111	31,23	7,4	23,9	4,4	152	149
1112	30,48	8,18	42,24	18,1	405	149
1113	28,39	23,15	40,18	8,4	405	149
1114	79,106	23,15	71,37	8,4	719	149
1115	53,71	0,1	34,21	0,0	463	149
1117	75,85	956,1392	67,28	1428,582	167	149
1118	22,11	102,135	9,5	96,53	193	149
1121	33,36	18,22	17,7	13,7	182	149
1122	55,96	7,22	33,29	13,2	154	149
1123	111,204	0,1	128,63	0,0	153	149
1124	288,296	24,20	291,140	18,15	254	149
1125	19,16	16,34	18,2	25,9	156	149
1127	7,6	24,29	3,2	27,11	164	149
1130	70,96	3,10	77,60	1,0	168	149
1131	12,10	112,81	6,5	72,35	152	149
1132	44,57	75,103	46,21	92,32	436	149
1133	431,523	436,607	387,221	472,188	285	149
1134	4,12	150,240	24,11	175,67	333	149
1135	2,0	38,35	1,0	39,12	152	149
1136	547,470	66,93	600,219	101,38	152	149
1137	243,316	2,2	284,112	4,1	156	149
1138	171,199	2,10	212,94	1,0	191	149
1139	211,258	1037,1202	359,139	1033,396	152	149
1140	40,43	22,17	20,10	30,9	152	149
1141	370,545	81,127	406,194	112,52	152	149
1142	157,217	0,2	244,88	0,0	184	149
1144	65,94	6,12	97,61	10,0	552	149
1145	101,124	2,4	138,57	0,1	873	149
1146	5,5	40,41	14,5	27,15	165	149
1147	8,1	62,137	9,4	84,31	165	149
1149	70,109	0,4	82,24	3,0	158	149
1150	110,129	48,95	72,36	67,30	216	149
1151	1,3	37,49	3,2	43,7	174	149
1152	101,172	2,5	94,58	1,3	161	149
1153	9,17	104,163	4,3	93,49	152	149
1154	200,281	9,22	148,64	7,2	227	149
1155	133,159	53,54	87,40	43,15	175	149
1156	1663,2287	47,67	2363,1016	74,19	152	149
1157	1722,2384	10,10	2427,1042	25,4	155	149
1158	1796,2482	16,22	2522,1067	16,5	158	149
1159	2010,2803	16,27	2841,1189	22,8	161	149
1160	106,164	10,10	138,45	25,4	152	149
1161	180,262	16,22	233,70	16,5	155	149
1162	394,583	16,27	552,192	22,8	158	149
1163	84,108	16,22	120,29	16,5	152	149
1164	298,429	16,27	439,151	22,8	155	149
1165	230,343	16,27	335,127	22,8	152	149
1166	29,36	0,1	17,15	0,0	298	149
1167	68,133	12,17	87,39	4,1	191	149
1168	99,135	29,35	105,41	17,8	332	149
1169	195,313	8,15	232,135	12,8	166	149
1170	266,310	20,18	274,127	19,7	161	149
1171	0,2	182,197	2,0	144,72	206	149
1172	335,355	4,5	372,132	15,3	155	149
1173	1,0	1,0	3,1	0,1	156	149
1174	23,65	0,3	27,25	0,0	152	149
1175	25,49	57,97	37,22	89,39	152	149
1176	3,6	59,79	3,0	39,12	155	149
1177	11,18	120,179	5,1	137,40	152	149
1178	14,11	44,42	18,9	30,10	152	149
1179	27,49	4,1	46,14	2,2	166	149
1180	8,18	7,19	8,1	15,5	152	149
1181	43,47	5,7	19,14	0,2	204	149
1182	10,13	2,4	9,8	0,0	204	149
1183	82,126	2,4	53,30	0,0	486	149
1184	73,113	1,0	44,22	0,0	431	149
1185	12,15	54,58	9,3	36,16	354	149
1187	13,40	11,19	17,4	13,6	183	149
1188	318,414	11,10	303,169	8,6	156	149
1189	1110,1568	31,32	1655,757	76,52	166	149
1190	35,38	1,0	22,5	2,0	152	149
1191	16,6	0,0	26,6	1,0	432	149
1192	6,13	419,495	13,2	404,131	313	149
1194	47,56	2,0	61,22	0,0	170	149
1195	0,4	24,51	2,0	14,8	152	149
1196	309,447	194,258	470,212	257,98	164	149
1197	93,85	5,6	95,28	7,7	167	149
1198	10,23	87,117	11,7	65,43	174	149
1199	23,30	25,37	6,12	11,6	152	149
1200	6,13	44,55	12,13	32,19	152	149
1201	5,11	2,9	2,0	5,6	152	149
1202	33,46	64,92	51,10	182,62	486	149
1203	21,37	176,248	30,5	158,100	164	149
1204	3,13	193,326	5,5	280,139	188	149
1205	16,19	1,2	12,8	0,1	158	149
1206	0,3	12,12	2,0	4,1	158	149
1207	67,122	91,165	60,23	157,60	169	149
1208	7,7	56,78	2,1	55,21	401	149
1209	26,44	22,14	17,4	10,17	153	149
1212	54,80	6,12	35,20	9,2	152	149
1213	59,79	3,9	38,26	5,10	155	149
1215	10,7	86,85	6,5	114,58	164	149
1216	29,44	96,86	40,11	102,28	152	149
1217	162,213	1,5	222,114	0,0	222	149
1218	16,38	173,222	31,14	273,114	162	149
1221	0,4	55,78	0,0	53,19	167	149
1223	148,215	281,495	65,31	250,101	152	149
1224	153,160	0,2	177,77	2,0	198	149
1226	74,74	1,2	65,25	0,0	152	149
1227	2,7	9,33	1,3	19,10	164	149
1228	64,74	32,43	58,27	36,9	155	149
1229	2,11	1031,1682	9,1	860,404	185	149
1230	142,152	245,367	147,80	381,149	152	149
1231	154,185	0,5	114,36	1,1	152	149
1232	29,15	37,36	8,21	24,6	171	149
1233	12,27	3,6	22,5	9,4	156	149
1234	133,181	15,16	143,76	3,3	172	149
1235	93,79	4,12	55,41	6,2	176	149
1236	15,17	48,65	16,9	42,38	259	149
1237	0,1	3,1	1,0	2,6	177	149
1238	6,9	8,4	2,1	3,4	156	149
1239	17,8	7,5	17,5	1,5	165	149
1242	39,47	2,7	32,26	3,3	170	149
1243	9,5	269,388	7,7	295,173	191	149
1245	32,43	0,3	14,5	0,0	388	149
1246	30,37	0,3	14,5	0,0	368	149
1247	64,73	10,13	51,23	13,3	706	149
1248	75,80	55,82	69,36	27,16	152	149
1249	9,5	55,82	4,3	27,16	165	149
1250	9,4	75,79	3,3	68,36	162	149
1251	3,4	1,6	0,0	3,0	166	149
1252	9,8	37,68	0,2	50,16	166	149
1253	77,163	103,174	126,52	129,74	194	149
1254	30,11	20,29	16,6	44,25	213	149
1255	493,713	88,121	628,253	134,45	152	149
1256	2,0	214,349	0,0	206,139	182	149
1260	177,260	5,5	189,124	3,2	168	149
1261	438,623	10,8	566,234	9,3	212	149
1262	16,32	101,97	20,2	66,18	152	149
1263	53,59	86,112	41,9	102,33	161	149
1264	69,81	9,3	57,7	7,0	322	149
1265	0,0	2,1	1,0	1,2	170	149
1267	26,36	13,8	41,25	7,7	153	149
1268	0,5	53,78	10,1	32,8	152	149
1269	43,40	23,40	28,31	32,13	172	149
1270	22,41	460,640	22,19	520,251	398	149
1271	9,22	1,0	15,1	0,1	153	149
1272	97,122	0,6	59,38	0,0	305	149
1273	189,191	0,6	105,61	0,0	332	149
1274	125,108	24,37	102,45	41,20	176	149
1276	0,9	0,2	1,1	0,0	157	149
1277	112,127	39,41	91,31	56,11	172	149
1278	328,620	0,1	437,249	0,0	156	149
1279	50,51	4,4	66,18	14,3	222	149
1280	24,27	2,0	30,11	6,0	222	149
1281	69,76	2,0	102,27	6,0	611	149
1282	48,51	3,2	77,18	5,2	538	149
1283	46,47	3600,4335	57,30	4991,1961	299	149
1287	65,124	2,0	81,28	2,0	168	149
1288	90,161	23,39	71,51	21,10	155	149
1289	179,195	2,2	157,72	0,0	164	149
1290	161,177	86,93	76,48	125,44	152	149
1291	276,328	14,26	219,97	21,12	161	149
1293	8,16	39,50	13,3	28,6	154	149
1294	91,95	22,15	85,23	13,2	152	149
1295	9,6	38,35	6,2	27,19	162	149
1296	4,8	91,93	5,3	67,35	162	149
1297	305,504	0,5	485,224	1,2	343	149
1299	1,5	902,1249	6,0	1114,535	152	149
1300	179,304	3,8	154,95	5,1	153	149
1302	2,0	349,607	1,3	521,268	305	149
1303	734,1102	238,353	562,220	294,170	152	149
1304	79,104	2,7	84,31	4,2	328	149
1305	7,4	0,0	6,0	2,0	159	149
1306	9,12	84,104	6,7	79,39	457	149
1307	129,199	32,23	125,60	20,8	153	149
1308	43,56	32,23	28,13	20,8	224	149
1309	41,55	127,198	27,13	124,60	220	149
1310	57,85	1,9	53,42	4,1	167	149
1311	5,27	96,103	22,8	99,53	275	149
1312	17,23	0,2	18,4	5,0	752	149
1315	95,106	8,10	105,59	16,9	173	149
1316	2,3	77,74	2,1	65,45	169	149
1317	601,674	221,257	750,363	141,47	152	149
1318	133,199	7,0	169,81	2,1	367	149
1319	2208,3423	5,8	5349,2242	11,2	191	149
1320	260,466	2,7	604,289	2,10	188	149
1321	1162,2208	2,7	2662,1410	2,10	197	149
1322	910,1752	8,10	2072,1128	14,7	158	149
1323	65,90	40,90	52,29	60,25	152	149
1324	48,50	11,6	71,25	15,3	210	149
1325	2,2	8,2	1,0	9,3	152	149
1326	136,220	18,31	196,155	21,10	173	149
1327	32,21	988,1644	13,8	1234,676	404	149
1329	3,5	0,0	4,1	1,0	181	149
1330	1,3	0,0	5,2	1,0	222	149
1331	1,5	0,0	6,2	1,0	226	149
1332	1,0	3,2	4,1	3,0	190	149
1333	1,2	3,2	5,1	3,0	194	149
1335	46,57	17,24	101,32	14,9	326	149
1336	15,4	144,173	18,7	125,40	167	149
1338	38,54	16,22	13,11	8,5	161	149
1339	32,26	1013,1464	25,11	993,584	437	149
1340	537,751	1253,1842	548,248	1522,889	152	149
1342	109,186	0,1	206,70	3,2	169	149
1343	95,124	11,34	95,47	36,16	155	149
1344	207,240	4,0	243,98	3,2	169	149
1345	161,188	168,220	185,85	222,101	223	149
1346	583,793	210,262	848,391	136,61	152	149
1347	260,360	0,0	347,165	1,0	341	149
1348	11,27	3,7	11,5	0,1	282	149
1349	472,582	10,6	467,244	4,4	153	149
1350	15,20	193,268	12,0	186,83	176	149
1351	92,145	11,26	74,31	7,9	164	149
1352	9,30	7,13	33,14	13,7	861	149
1353	298,385	0,3	357,98	0,1	218	149
1354	7,3	2,5	7,4	3,0	152	149
1355	2909,3733	2,0	2611,1217	0,0	152	149
1357	0,2	29,44	0,0	14,18	222	149
1358	95,106	58,89	89,32	56,18	152	149
1360	8,23	1,24	24,7	12,12	170	149
1361	17,5	213,316	4,4	233,102	586	149
1362	172,167	1,0	111,39	0,0	161	149
1363	71,133	14,7	73,46	8,7	178	149
1364	185,219	4,2	232,89	4,4	157	149
1365	267,355	193,206	276,166	223,75	155	149
1366	5,14	14,14	9,7	23,4	155	149
1368	2,3	0,0	8,2	0,1	164	149
1370	128,185	174,190	156,65	170,64	158	149
1371	1,3	27,20	1,0	46,5	155	149
1372	11,5	3,6	6,3	5,1	152	149
1374	21,30	77,78	21,7	92,40	153	149
1375	1083,1321	179,225	1176,660	155,64	487	149
1376	20,23	268,390	10,3	361,166	167	149
1377	48,39	0,0	34,15	2,0	157	149
1380	12,16	40,51	7,0	45,13	186	149
1381	9,15	32,27	6,4	24,19	160	149
1382	14,36	124,136	26,18	112,43	152	149
1383	8,5	1,0	2,1	0,0	179	149
1387	42,45	0,0	15,10	1,0	155	149
1388	288,339	3,2	349,160	1,0	155	149
1391	78,109	4,4	91,42	3,5	215	149
1393	1,3	2,12	0,2	10,3	171	149
1394	5,2	30,41	1,2	17,7	164	149
1395	2,4	22,50	1,1	11,11	486	149
1396	95,143	9,9	116,60	4,2	156	149
1397	67,85	22,46	89,29	40,16	171	149
1399	56,77	12,20	42,25	4,4	152	149
1400	69,95	9,13	57,37	6,2	164	149
1401	95,140	27,36	67,65	19,5	155	149
1402	37,15	140,198	22,15	122,79	153	149
1403	0,2	0,5	2,0	7,2	282	149
1404	25,17	36,48	25,4	35,17	152	149
1405	200,305	0,2	181,84	0,0	169	149
1406	2005,2475	0,2	1855,694	0,0	158	149
1410	10,14	225,315	6,6	218,147	173	149
1412	57,69	594,855	57,35	667,287	911	149
1414	5,10	0,4	8,2	0,1	158	149
1415	0,6	60,79	1,1	45,13	152	149
1416	113,152	1,7	162,55	7,2	152	149
1417	39,57	35,54	40,30	43,11	497	149
1418	120,100	94,127	198,67	64,30	152	149
1419	310,356	168,199	481,254	214,79	339	149
1420	7,15	2,7	23,6	4,2	179	149
1421	2,7	5,18	5,0	28,19	221	149
1422	52,29	2,0	46,22	0,0	300	149
1423	6,9	21,28	9,3	18,10	152	149
1424	93,154	8,15	93,37	1,2	334	149
1425	940,1044	0,0	1331,531	0,2	218	149
1426	2,2	17,13	7,0	13,4	164	149
1427	16,47	9,11	32,16	8,3	155	149
1428	3179,4709	0,1	4382,2080	0,0	163	149
1429	52,67	5,16	20,16	0,4	152	149
1430	4,8	97,117	8,6	58,29	208	149
1431	3,6	368,488	2,0	345,154	230	149
1432	210,335	322,469	247,118	400,165	168	149
1433	185,324	21,14	244,132	35,6	154	149
1434	47,66	0,0	51,19	0,1	886	149
1435	45,68	135,157	64,23	141,35	886	149
1436	78,121	135,157	73,30	141,35	1297	149
1437	44,71	9,15	26,15	15,7	560	149
1438	968,1202	9,6	1183,443	5,5	186	149
1439	57,86	9,1	60,29	4,2	260	149
1440	39,49	1,0	29,24	0,0	260	149
1441	38,51	2,1	34,22	0,0	260	149
1442	129,147	0,0	156,72	0,2	265	149
1443	3,5	7,7	4,1	6,2	222	149
1444	28,53	3,4	50,22	9,5	195	149
1445	589,833	2,2	603,282	0,0	311	149
1446	104,122	20,52	91,41	51,23	152	149
1447	136,211	252,413	108,83	175,84	1813	149
1448	5,5	71,104	5,3	92,27	165	149
1449	104,89	5,12	133,47	2,1	157	149
1450	3,5	86,95	3,2	103,30	215	149
1452	413,541	36,57	497,288	49,21	307	149
1453	1337,1943	865,1034	1713,1132	888,311	660	149
1454	960,1459	865,1034	1265,865	888,311	502	149
1455	1230,1775	3,0	1560,1049	3,3	502	149
1456	0,0	89,118	0,1	114,45	165	149
1457	482,651	2,5	497,232	0,0	167	149
1458	126,198	38,24	146,94	30,5	153	149
1460	15,17	69,83	36,25	101,52	963	149
1461	58,92	8,24	97,69	24,15	156	149
1462	111,169	7,15	159,78	4,3	155	149
1463	0,2	21,20	1,0	28,2	163	149
1464	21,31	73,116	25,12	69,29	152	149
1466	44,132	49,96	90,49	30,26	152	149
1467	91,191	0,0	99,61	2,0	277	149
1468	1,5	797,1072	17,10	666,324	353	149
1469	15,19	19,22	18,11	10,6	173	149
1470	110,162	40,61	99,65	29,13	166	149
1471	9,6	57,92	4,1	58,32	166	149
1472	32,30	205,270	57,23	237,108	152	149
1473	0,1	28,33	3,0	20,16	194	149
1474	9,8	1,4	1,1	0,0	152	149
1476	9,14	3,5	5,7	4,0	161	149
1478	78,97	53,99	71,38	60,30	152	149
1479	17,27	4,6	23,8	4,2	230	149
1480	5,3	2,4	2,1	3,1	152	149
1481	76,55	0,0	49,9	1,0	180	149
1482	16,28	0,0	22,4	1,0	191	149
1483	1,11	61,38	10,2	37,7	160	149
1484	46,65	0,0	49,27	0,1	156	149
1485	7,18	157,179	7,4	130,67	429	149
1487	409,614	0,1	412,234	1,2	155	149
1488	8,9	387,521	13,10	347,200	173	149
1489	189,200	24,35	90,46	8,3	155	149
1490	9,19	138,167	8,7	149,70	164	149
1491	67,85	51,72	69,24	78,30	167	149
1492	83,103	478,675	66,27	384,174	168	149
1493	367,481	18,13	302,156	21,10	152	149
1494	129,133	3,7	113,48	8,5	152	149
1495	32,21	77,48	33,9	53,22	201	149
1497	178,268	2,6	180,82	3,0	164	149
1498	70,69	3,4	93,28	6,3	180	149
1499	603,821	9,6	901,399	4,3	154	149
1500	77,94	2,8	57,24	0,0	169	149
1501	104,151	20,35	134,48	41,10	194	149
1503	15,13	20,24	20,11	14,5	163	149
1504	107,133	0,1	119,41	0,0	336	149
1506	0,4	23,19	5,2	8,6	168	149
1507	43,67	1,3	31,18	2,0	152	149
1508	4,2	1,1	9,1	3,0	160	149
1509	1,3	119,179	2,0	112,53	173	149
1510	214,188	3,0	211,70	3,0	152	149
1511	107,156	4,0	119,67	0,1	161	149
1512	104,170	33,52	98,57	41,22	170	149
1513	14,13	38,69	17,4	39,26	152	149
1514	83,155	1270,1875	66,66	1467,701	1710	149
1515	4,13	16,43	19,3	26,15	162	149
1516	201,226	6,14	322,152	8,2	170	149
1518	136,278	0,2	232,100	2,0	155	149
1519	0,0	25,28	0,2	17,9	635	149
1520	35,41	4,2	19,5	2,3	155	149
1521	186,270	5,1	303,152	4,1	221	149
1522	132,178	7,6	156,64	2,4	184	149
1523	24,27	806,986	20,17	579,285	152	149
1524	85,95	169,248	79,38	228,68	167	149
1525	271,445	263,425	200,148	353,217	230	149
1526	42,73	11,17	47,24	20,5	158	149
1527	1,4	0,0	2,8	0,2	158	149
1528	27,35	15,19	92,44	16,16	152	149
1529	1,1	0,2	4,2	0,0	185	149
1530	3,6	6,36	1,3	5,1	152	149
1531	57,94	11,16	55,16	2,4	156	149
1532	57,84	11,18	48,32	7,7	155	149
1534	28,46	11,11	43,19	2,1	168	149
1535	59,85	3,2	56,34	1,0	181	149
1536	12,15	607,979	23,7	859,356	236	149
1537	7,7	3,16	12,5	4,2	152	149
1538	119,153	2,13	112,70	3,3	155	149
1539	47,101	5,0	55,42	1,0	389	149
1540	8,19	115,163	2,0	84,54	172	149
1541	44,71	70,69	58,37	44,31	152	149
1542	3,1	18,8	4,3	14,8	156	149
1543	4,6	1,3	8,4	0,0	172	149
1544	19,13	1,3	18,9	0,0	165	149
1547	0,0	13,14	0,1	5,4	158	149
1548	337,370	2,2	358,162	0,0	376	149
1549	300,317	10,6	275,94	6,2	169	149
1550	59,144	1586,2489	157,100	2247,1145	459	149
1551	1876,3233	3,1	3016,1574	5,1	355	149
1552	2,9	23,19	7,6	25,15	164	149
1553	502,505	118,72	187,76	45,34	152	149
1554	27,39	0,1	12,13	0,0	156	149
1555	3,0	4,1	0,0	4,0	172	149
1558	5,6	11,31	2,1	10,12	169	149
1559	15,40	0,5	14,17	2,0	387	149
1561	57,93	0,2	61,28	0,0	437	149
1562	5,5	5,21	2,1	8,6	157	149
1563	13,12	11,12	8,2	23,14	166	149
1564	2,9	179,221	9,2	232,108	194	149
1565	23,20	121,134	51,23	82,61	165	149
1567	13,24	14,14	20,9	3,5	152	149
1568	765,1013	10,23	810,410	19,18	222	149
1569	10,9	135,211	11,3	140,84	239	149
1570	301,283	236,287	399,143	154,64	152	149
1571	150,186	18,40	107,57	25,16	155	149
1572	6,2	3,1	7,0	8,0	168	149
1576	51,86	0,2	47,38	4,0	161	149
1577	1,5	23,49	10,2	23,6	152	149
1579	5,7	22,53	5,4	22,6	161	149
1580	14,25	155,219	9,8	197,73	153	149
1581	4455,5764	53,57	6702,2868	96,23	152	149
1582	19,15	668,934	21,7	798,312	597	149
1583	19,18	668,934	24,7	798,312	600	149
1585	28,49	0,1	19,18	1,2	172	149
1586	4,7	129,201	10,3	194,66	330	149
1587	83,98	8,7	75,35	4,2	155	149
1588	30,59	0,1	20,17	0,3	522	149
1590	0,1	0,0	0,0	2,0	152	149
1591	102,124	95,88	80,49	58,32	186	149
1592	41,54	40,56	20,10	29,15	396	149
1593	2,0	5,5	4,0	3,3	162	149
1594	164,269	2,5	206,89	5,3	156	149
1595	8,15	13,24	9,2	13,3	161	149
1596	15,9	13,24	9,6	13,3	167	149
1597	15,8	8,14	9,6	9,2	155	149
1598	228,245	66,83	249,94	55,11	166	149
1599	4,7	15,25	3,0	4,1	173	149
1601	7,2	127,180	3,2	166,80	172	149
1602	118,177	0,0	170,76	2,1	285	149
1603	42,40	43,77	52,21	45,14	152	149
1604	5,2	5,16	1,6	9,5	152	149
1606	36,63	70,122	98,35	164,67	176	149
1607	342,498	45,50	375,175	56,29	152	149
1608	0,1	4,4	0,1	0,0	152	149
1609	488,667	44,99	419,295	69,29	164	149
1610	6,10	467,631	5,4	442,325	179	149
1611	45,59	14,21	63,34	15,4	190	149
1612	0,0	14,13	1,0	23,5	164	149
1614	761,1083	0,4	875,379	0,0	157	149
1617	21,40	5,16	37,26	19,5	153	149
1618	0,3	151,195	1,0	140,54	176	149
1619	5,6	38,45	2,2	49,31	155	149
1622	5,6	32,64	4,0	42,12	323	149
1623	26,49	157,216	30,7	112,69	167	149
1624	38,81	9,9	53,26	7,4	155	149
1625	25,51	1,0	30,10	0,0	299	149
1626	0,0	2,1	1,0	1,4	152	149
1627	16,31	1204,1394	49,23	1366,444	152	149
1628	273,478	60,143	293,144	80,37	160	149
1629	271,362	12,13	213,87	8,6	164	149
1630	2569,3410	0,3	3276,1407	0,0	152	149
1631	34,33	9,4	32,20	7,2	206	149
1632	17,7	2,4	13,7	6,2	246	149
1634	214,256	0,0	153,104	1,0	746	149
1635	142,243	64,91	164,79	82,44	152	149
1636	30,41	278,431	16,8	257,136	155	149
1637	2,3	228,421	5,1	290,130	357	149
1638	188,214	587,672	152,58	402,157	174	149
1639	2348,2458	1,0	2007,659	0,0	159	149
1640	58,81	0,1	46,20	0,0	154	149
1641	7,16	4,2	16,9	2,0	158	149
1642	173,285	189,294	185,75	344,138	152	149
1643	524,839	0,6	545,311	3,0	249	149
1644	2,0	1,0	3,0	1,1	152	149
1645	19,24	0,0	41,20	2,0	182	149
1646	71,85	5,4	37,13	0,2	182	149
1647	70,78	21,30	28,29	10,15	249	149
1648	7,5	17,34	2,0	8,12	160	149
1649	47,45	52,96	31,17	77,20	155	149
1650	2,1	0,0	18,3	1,0	171	149
1651	2,4	0,7	2,0	0,0	161	149
1652	152,159	1,5	184,53	0,1	161	149
1653	13,21	315,526	12,1	366,177	300	149
1654	0,1	1,3	1,4	0,1	152	149
1655	0,2	133,205	0,0	197,120	164	149
1657	5,8	0,1	2,2	0,0	178	149
1658	1,0	5,18	5,0	2,11	308	149
1659	6,8	2,3	7,2	2,0	337	149
1660	10,26	2,3	4,13	2,0	178	149
1661	918,1182	61,55	1082,485	226,115	155	149
1662	925,1203	6,3	1108,488	19,10	158	149
1663	68,76	6,3	252,118	19,10	152	149
1664	86,76	0,1	31,16	2,0	326	149
1665	2,1	46,54	1,0	33,15	161	149
1666	79,144	707,1015	121,43	957,450	741	149
1668	228,249	1,0	177,94	0,0	154	149
1669	0,1	199,262	0,1	222,111	165	149
1670	3,3	120,149	7,0	167,70	179	149
1671	14,28	4,5	21,7	2,0	171	149
1672	7,9	42,35	8,3	18,8	159	149
1673	71,72	4,1	48,6	1,0	224	149
1674	747,1127	25,38	970,427	87,42	155	149
1675	16,49	5,9	13,4	1,0	154	149
1676	0,3	0,1	6,0	1,0	154	149
1677	4,11	7,11	3,3	3,1	154	149
1678	24,23	1,0	19,4	4,1	167	149
1679	39,37	2,2	34,14	2,0	239	149
1681	50,46	14,22	54,16	16,1	164	149
1683	35,40	11,8	43,7	7,7	169	149
1684	13,15	24,32	5,1	30,21	152	149
1685	8,17	26,48	20,9	32,12	164	149
1686	4,4	524,684	2,5	555,238	182	149
1687	995,1203	0,6	1173,469	1,1	310	149
1689	33,61	1,1	56,15	3,0	198	149
1690	21,38	0,2	66,23	3,0	388	149
1691	90,188	846,1048	117,81	772,323	618	149
1692	2,5	0,0	16,8	0,2	178	149
1693	14,21	0,1	45,21	4,1	178	149
1694	4,15	0,1	28,21	4,1	340	149
1695	2,10	12,16	18,17	35,17	311	149
1696	6,14	312,494	8,3	321,152	338	149
1697	10,11	121,175	19,21	57,55	152	149
1698	31,61	161,276	28,5	100,75	152	149
1699	98,118	67,80	109,53	43,18	165	149
1700	5,12	87,141	5,3	99,46	202	149
1702	7,20	442,569	25,9	599,170	312	149
1703	13,40	0,0	20,15	2,1	154	149
1704	465,677	228,364	505,254	340,160	154	149
1705	0,1	13,16	4,0	7,2	155	149
1706	7,4	2,0	6,0	0,0	294	149
1707	34,31	96,156	72,30	120,42	152	149
1709	485,697	2,9	517,253	7,6	154	149
1710	361,614	11,11	440,257	8,6	155	149
1711	75,105	0,3	53,34	2,0	155	149
1712	61,104	12,18	80,34	17,14	153	149
1713	111,176	2,2	119,46	1,0	173	149
1715	3,2	183,252	5,0	229,75	152	149
1716	61,56	20,31	58,40	38,21	796	149
1717	128,164	9,26	127,45	14,5	233	149
1718	501,710	39,40	431,226	11,9	730	149
1719	6,11	66,92	11,1	97,34	414	149
1720	61,120	204,210	147,33	297,104	153	149
1722	1,5	625,789	3,0	522,214	407	149
1723	95,145	0,2	106,54	7,2	159	149
1724	55,76	1,6	50,15	1,1	196	149
1725	48,77	1,4	59,25	0,2	161	149
1726	4,6	136,194	1,6	122,72	152	149
1727	85,114	0,5	72,39	0,0	164	149
1728	181,304	23,25	238,102	11,10	169	149
1729	169,219	0,0	144,72	1,0	158	149
1730	140,242	3,3	166,89	5,5	155	149
1731	14,18	4,7	41,14	11,7	218	149
1732	38,49	86,183	32,21	127,62	165	149
1734	1008,1364	0,0	1371,591	3,0	151	149
1735	1523,2284	60,60	1811,937	69,36	152	149
1736	61,61	0,0	179,101	0,1	174	149
1737	56,68	0,0	169,68	2,0	173	149
1738	93,163	44,52	140,38	63,24	152	149
1739	1,5	15,42	2,0	11,18	194	149
1740	192,281	83,130	345,168	51,27	152	149
1741	31,43	1,0	35,20	0,2	195	149
1742	13,44	15,29	18,7	10,6	153	149
1743	63,76	4,8	97,47	13,6	153	149
1744	29,37	1,2	48,16	0,1	175	149
1745	302,412	61,91	376,207	65,27	170	149
1746	26,17	3,8	17,10	3,0	239	149
1747	16,39	1,3	29,11	1,0	539	149
1748	22,50	1,3	31,14	1,0	591	149
1749	10,13	1,0	11,4	5,0	201	149
1751	57,24	64,72	51,38	86,28	298	149
1752	16,11	199,239	17,3	268,83	170	149
1753	36,59	487,769	44,17	697,335	492	149
1754	0,3	5,2	2,0	6,0	177	149
1755	0,0	9,3	2,2	4,1	159	149
1756	2,4	0,1	1,6	2,0	152	149
1758	30,47	205,336	46,15	175,85	152	149
1759	236,359	7,12	199,96	4,1	186	149
1760	187,271	0,2	212,80	0,0	609	149
1761	14,12	213,313	6,11	262,151	167	149
1762	83,115	1576,2679	69,25	1494,669	348	149
1763	29,51	13,27	46,24	36,7	182	149
1764	56,51	3,0	67,22	0,3	152	149
1765	195,225	15,15	162,64	8,7	152	149
1766	11,25	4,17	28,11	13,1	221	149
1767	19,32	0,4	15,10	0,0	212	149
1768	25,42	56,50	21,12	47,13	184	149
1769	25,34	0,1	29,11	3,0	173	149
1770	33,45	2,5	37,14	6,7	184	149
1771	8,12	2,5	11,3	6,7	160	149
1772	1,4	0,1	1,0	0,0	162	149
1774	38,33	29,50	22,19	45,19	404	149
1775	50,47	55,77	53,26	67,16	630	149
1776	44,66	55,77	77,27	67,16	375	149
1777	5,3	53,95	3,1	59,43	152	149
1778	26,21	45,54	17,12	42,34	164	149
1779	3,16	164,246	17,5	162,69	177	149
1780	51,42	0,1	52,10	2,2	164	149
1782	20,27	145,242	37,14	156,110	152	149
1783	0,1	159,196	1,0	207,116	152	149
1784	9,11	1,0	14,3	3,0	390	149
1785	31,30	0,1	23,21	0,0	642	149
1786	144,173	20,34	157,84	18,14	190	149
1787	66,111	23,6	66,51	10,8	216	149
1788	323,475	183,203	286,192	137,81	200	149
1789	215,232	237,376	186,121	278,136	256	149
1790	473,624	5,9	477,279	3,3	345	149
1791	90,170	38,53	96,56	29,18	392	149
1792	40,47	329,404	30,16	330,149	862	149
1793	63,70	62,65	34,26	61,38	152	149
1794	0,1	53,96	1,0	57,25	166	149
1795	3,1	0,3	5,3	0,0	407	149
1797	12,17	3,8	7,3	0,0	210	149
1798	4,3	79,147	11,1	137,37	152	149
1799	6,2	2,1	6,1	2,0	153	149
1800	9,7	14,10	9,6	11,0	153	149
1801	79,72	117,163	77,39	159,63	168	149
1802	8,12	2587,3349	5,3	3695,2019	195	149
1803	62,73	1,2	98,29	0,0	531	149
1804	408,594	3,7	447,195	0,0	154	149
1807	442,702	291,428	485,183	276,124	166	149
1810	38,71	212,191	73,29	242,70	152	149
1811	9,6	233,287	5,2	229,107	169	149
1812	1,0	1,5	0,0	3,0	182	149
1813	271,271	0,0	257,109	2,0	153	149
1817	203,223	31,28	120,69	26,5	155	149
1820	110,149	39,84	102,49	41,19	167	149
1822	23,25	5,20	19,17	6,7	178	149
1823	35,55	33,56	59,20	40,18	171	149
1824	95,126	15,18	84,25	14,8	162	149
1825	79,111	4,12	104,45	2,2	155	149
1826	3,3	0,1	0,1	0,1	153	149
1827	66,81	0,4	34,31	9,7	153	149
1828	84,128	154,196	89,53	150,42	152	149
1830	2,3	352,547	0,1	296,174	185	149
1831	40,33	591,811	30,6	553,277	152	149
1832	5,1	95,137	1,2	109,46	156	149
1834	501,692	81,108	669,289	85,58	156	149
1835	1108,1370	0,2	1734,743	0,0	170	149
1836	96,91	2,6	85,22	1,0	297	149
1837	15,31	0,0	24,11	1,0	181	149
1838	42,44	22,44	35,18	40,28	164	149
1839	25,30	347,391	14,9	226,139	328	149
1840	32,43	16,21	28,30	4,7	158	149
1841	1,2	0,0	2,1	1,0	153	149
1842	7,15	146,173	3,3	139,103	152	149
1843	0,8	1,6	0,1	11,4	176	149
1847	154,188	0,2	149,72	3,0	173	149
1848	215,250	25,38	231,103	15,8	160	149
1849	1,3	97,166	2,3	166,48	158	149
1850	13,28	32,30	2,9	46,13	170	149
1851	3,1	30,51	0,0	32,3	176	149
1852	29,40	233,344	27,12	270,154	154	149
1853	14,16	47,77	27,17	48,19	153	149
1854	20,27	158,160	32,16	185,55	196	149
1855	97,111	12,10	107,47	17,2	214	149
1857	353,333	16,14	457,121	13,3	155	149
1858	0,6	162,233	0,0	142,63	176	149
1859	1597,2115	3,0	2622,1005	1,1	1434	149
1860	196,283	132,127	203,85	119,46	176	149
1861	197,237	3,0	182,85	1,4	284	149
1862	50,65	0,1	65,24	4,0	171	149
1863	0,1	29,28	0,1	31,18	178	149
1864	414,588	20,31	600,386	22,14	241	149
1865	36,31	119,192	67,52	97,30	176	149
1866	400,531	11,7	324,182	9,4	152	149
1867	11,7	19,18	0,6	3,4	159	149
1868	22,17	2,0	28,7	0,0	154	149
1872	6,8	109,162	9,3	146,72	172	149
1873	312,421	6,5	365,155	1,5	229	149
1874	15,20	208,238	16,5	245,94	176	149
1875	16,13	187,262	8,4	310,146	308	149
1876	268,357	4,14	205,124	0,4	161	149
1877	10,7	22,29	8,7	7,3	154	149
1878	7,3	56,45	6,0	105,32	413	149
1879	88,124	10,12	113,38	8,6	316	149
1880	8,6	24,17	3,2	17,3	152	149
1881	4,7	18,32	3,6	25,8	185	149
1883	111,235	107,124	93,66	107,66	169	149
1884	362,408	30,37	464,188	40,16	197	149
1886	11,4	183,228	16,4	173,62	311	149
1887	6,17	0,1	1,2	1,0	450	149
1888	129,157	10,5	165,66	10,14	196	149
1889	581,673	2,5	801,376	1,0	164	149
1891	0,1	231,343	0,5	188,130	297	149
1892	67,105	0,3	86,25	0,2	163	149
1893	348,585	275,394	496,215	181,88	152	149
1894	48,65	11,16	54,28	10,6	154	149
1895	36,44	2,3	26,8	10,3	215	149
1896	46,55	22,29	29,9	17,19	238	149
1897	12,14	22,29	13,4	17,19	172	149
1898	1,7	72,85	2,1	39,23	471	149
1899	152,264	946,1282	105,30	732,313	170	149
1900	196,216	8,22	229,154	19,4	381	149
1901	2,4	0,0	16,11	2,0	167	149
1904	8,12	1,0	11,3	0,0	164	149
1906	242,358	74,148	225,133	101,52	158	149
1907	87,135	74,148	120,48	101,52	161	149
1908	81,122	236,345	115,42	220,127	152	149
1910	3869,5254	5,13	5478,2304	0,1	151	149
1911	215,226	202,231	280,106	234,92	160	149
1914	0,1	9,6	0,0	0,7	183	149
1915	0,2	9,6	0,0	0,7	171	149
1916	102,148	45,20	88,44	33,11	402	149
1917	14,30	146,218	39,13	169,93	588	149
1918	1,3	67,122	3,0	77,43	210	149
1920	0,0	41,82	1,0	40,23	170	149
1923	751,1269	213,302	1727,801	302,120	171	149
1924	458,562	1,8	527,341	5,2	522	149
1925	57,68	0,1	50,18	0,0	171	149
1926	15,22	296,294	4,7	382,151	233	149
1927	26,25	4,2	20,9	0,0	151	149
1929	108,110	201,250	90,30	255,82	152	149
1930	23,34	133,114	20,10	144,68	231	149
1931	105,108	109,146	74,30	130,65	156	149
1933	449,661	6,2	578,313	8,1	255	149
1934	5,1	4,3	1,3	10,2	155	149
1935	3,2	147,137	3,3	110,42	164	149
1936	96,139	45,65	45,26	62,22	162	149
1937	896,1331	23,58	947,491	63,30	218	149
1938	26,27	70,90	1,3	33,6	161	149
1939	1,3	2,3	2,3	1,1	162	149
1941	76,82	2,0	76,32	0,0	206	149
1942	1,0	8,9	0,0	3,1	152	149
1943	67,92	69,57	72,28	83,40	169	149
1945	15,35	51,70	4,9	41,31	152	149
1946	4,0	1,2	2,0	2,0	154	149
1947	8,15	18,8	5,4	6,1	154	149
1948	597,840	5,15	789,291	22,4	155	149
1949	10,7	7,13	4,5	3,2	164	149
1950	23,29	2,0	12,12	0,0	511	149
1951	42,87	9,13	54,22	16,2	165	149
1952	14,15	0,1	6,5	0,1	165	149
1953	18,18	0,1	6,7	0,0	165	149
1954	123,156	0,3	83,31	0,0	281	149
1955	77,71	26,14	72,34	9,1	160	149
1956	603,717	0,5	855,310	1,0	151	149
1957	12,18	148,260	38,23	152,63	152	149
1958	4,4	2,1	3,0	0,0	152	149
1959	6,3	16,10	6,0	10,3	152	149
1960	21,9	0,0	25,7	2,2	196	149
1961	99,138	14,32	115,66	24,3	934	149
1962	0,0	3,7	3,2	0,0	152	149
1963	8,4	1,4	1,5	16,4	152	149
1964	81,84	69,104	46,31	80,29	181	149
1965	4,9	6,3	8,1	11,1	164	149
1967	32,42	145,245	69,24	137,50	170	149
1968	2,6	1,0	2,4	3,0	152	149
1971	3,5	7,7	9,9	9,3	151	149
1973	13,24	40,53	11,1	7,11	164	149
1974	30,67	32,60	68,26	33,14	158	149
1975	26,45	54,87	26,17	97,27	152	149
1976	1,7	1,9	6,3	0,0	201	149
1979	39,34	256,272	78,20	292,95	301	149
1980	224,219	0,1	259,82	0,0	553	149
1981	32,100	280,348	51,36	381,155	480	149
1982	1,0	96,77	0,0	77,23	170	149
1983	412,611	5,6	436,204	5,2	156	149
1984	25,10	2,2	25,5	0,0	159	149
1985	9,7	2,0	3,1	0,0	177	149
1986	2,6	1,3	4,0	0,1	177	149
1987	0,0	17,15	0,1	12,8	158	149
1988	1,4	17,22	5,1	28,4	152	149
1989	15,36	6,9	27,18	4,1	170	149
1990	42,56	0,0	28,17	1,0	155	149
1991	12,35	1,1	12,7	1,1	233	149
1992	5,3	289,374	4,2	268,144	347	149
1993	24,12	3,7	13,0	3,1	220	149
1994	19,34	364,616	23,21	368,194	470	149
1995	17,15	57,55	5,6	38,23	152	149
1996	0,1	2,0	2,0	5,0	160	149
1997	42,60	24,24	66,40	35,8	398	149
1998	61,85	22,22	79,17	21,8	398	149
1999	27,48	6,12	22,18	11,4	209	149
2000	11,12	35,73	5,2	38,29	162	149
2001	4,1	87,96	3,0	160,76	173	149
2003	33,49	23,34	22,8	17,9	252	149
2004	130,244	0,1	108,54	0,1	191	149
2005	1606,2008	7,19	1972,780	20,9	152	149
2007	20,32	6,8	16,4	6,3	155	149
2009	162,229	0,1	255,81	3,0	193	149
2010	7,6	209,314	4,11	151,106	163	149
2011	0,1	17,25	2,1	27,16	197	149
2012	0,2	30,36	3,0	22,7	161	149
2013	94,120	0,2	60,76	0,0	744	149
2014	53,80	12,19	40,48	15,12	179	149
2016	3,1	0,2	0,2	1,0	302	149
2018	128,195	228,319	148,39	327,128	169	149
2019	8,7	197,206	10,5	188,56	153	149
2020	3,3	242,312	11,0	303,139	172	149
2022	5,19	13,13	3,5	11,9	212	149
2026	0,0	0,2	1,0	2,0	170	149
2027	0,1	2,0	2,0	0,0	163	149
2028	163,188	17,31	162,69	20,7	160	149
2029	104,157	20,30	88,46	13,3	160	149
2031	30,46	107,153	38,20	162,73	152	149
2032	590,680	16,18	712,253	7,11	152	149
2034	60,65	1,3	17,22	3,1	179	149
2035	4,8	58,55	2,1	37,20	169	149
2039	15,27	141,184	21,11	156,60	169	149
2040	58,78	141,184	145,87	156,60	381	149
2041	54,72	11,21	134,83	10,7	361	149
2042	29,20	27,24	15,12	33,12	152	149
2043	20,20	27,24	3,5	33,12	158	149
2044	18,18	27,18	3,5	15,12	155	149
2047	11,17	2,0	15,5	0,0	156	149
2048	14,14	0,1	15,6	0,0	156	149
2049	7,8	14,15	3,2	12,5	182	149
2050	4,8	43,50	4,2	73,41	173	149
2051	0,5	2,0	0,0	0,1	160	149
2052	108,141	3,10	108,43	2,4	214	149
2053	45,32	0,0	29,12	1,0	214	149
2054	258,346	0,0	209,127	1,0	905	149
2055	215,316	2,2	180,115	0,0	840	149
2057	1,3	285,327	2,2	476,220	179	149
2058	3,2	224,309	2,2	224,113	218	149
2059	253,346	0,4	296,100	1,0	152	149
2061	441,546	0,1	597,200	0,0	442	149
2062	23,57	389,459	42,19	530,174	461	149
2063	66,79	1,0	37,36	1,2	294	149
2064	1,11	3,2	6,8	0,2	172	149
2066	132,196	2,2	68,39	0,0	176	149
2067	12,25	71,102	14,16	53,28	279	149
2068	9,23	13,17	6,8	10,6	257	149
2069	472,588	84,90	483,279	61,35	161	149
2070	15,27	131,182	7,12	152,57	602	149
2071	343,514	41,54	334,190	42,47	166	149
2072	109,162	18,41	125,88	37,12	185	149
2073	411,622	18,41	417,231	37,12	202	149
2074	18,25	148,149	32,14	230,103	155	149
2075	1,0	18,23	3,0	33,8	343	149
2076	28,42	23,37	30,19	18,4	173	149
2077	59,70	173,191	24,14	170,58	158	149
2078	76,94	2,0	119,61	0,0	153	149
2079	244,381	2,2	282,154	5,4	155	149
2080	9,10	109,153	12,3	130,78	167	149
2081	170,183	7,34	167,73	15,1	155	149
2082	591,741	269,308	416,257	298,133	550	149
2084	333,360	81,112	303,109	71,26	161	149
2085	28,49	30,48	23,10	29,13	155	149
2086	0,1	135,231	1,0	194,80	165	149
2087	71,162	1,0	70,25	0,0	168	149
2088	111,153	36,52	152,62	53,21	216	149
2090	4,7	22,25	8,5	17,6	152	149
2091	18,12	3,1	3,5	3,2	163	149
2092	1137,1414	223,322	1537,682	316,131	152	149
2094	19,22	140,190	17,11	211,89	336	149
2095	413,613	0,2	574,229	4,0	153	149
2096	65,55	0,0	73,34	0,1	162	149
2097	1,2	50,48	0,1	27,23	167	149
2098	80,102	1,0	136,80	1,1	290	149
2099	2,2	28,41	0,4	10,8	326	149
2101	66,115	4,8	147,100	16,13	436	149
2103	3,1	4613,4741	0,1	1998,808	176	149
2106	78,95	2,3	51,19	5,2	152	149
2107	9,20	12,13	8,7	12,8	170	149
2108	1239,1424	189,204	1222,349	335,100	152	149
2109	223,288	0,0	219,93	2,0	158	149
2110	140,245	0,2	169,84	0,0	291	149
2111	314,330	38,43	326,95	69,19	158	149
2112	100,151	9,8	113,54	8,5	186	149
2113	8,13	2,8	13,6	6,3	158	149
2114	35,44	4,4	49,18	4,1	160	149
2115	1,2	39,17	2,0	20,12	176	149
2116	0,2	0,0	0,0	1,0	196	149
2117	483,766	14,15	756,307	15,2	152	149
2118	3,4	63,76	3,4	81,29	160	149
2120	2,0	4,0	1,0	0,2	161	149
2121	116,188	8,31	107,51	12,7	154	149
2122	1,2	7,15	0,0	13,6	166	149
2123	36,53	99,116	71,45	146,93	155	149
2125	622,992	47,74	782,353	38,31	164	149
2126	36,55	28,30	36,12	33,17	152	149
2127	3,4	12,17	5,2	8,2	200	149
2128	4,18	235,332	12,3	233,105	449	149
2129	76,76	6,4	86,41	3,3	161	149
2132	2,3	0,3	5,2	1,2	157	149
2133	0,3	80,93	1,0	86,38	324	149
2134	723,928	0,0	681,296	0,1	166	149
2135	28,28	0,1	37,8	4,0	212	149
2136	12,10	88,166	13,2	106,46	152	149
2137	83,188	1,7	82,54	3,5	155	149
2140	2027,2761	4,5	3750,1413	9,10	176	149
2141	40,52	5,5	147,63	11,5	153	149
2143	527,670	78,78	652,248	78,33	155	149
2144	17,22	33,47	19,5	35,18	263	149
2145	74,117	2,0	81,39	0,0	503	149
2147	60,83	1,0	48,36	0,0	472	149
2148	3,1	14,22	1,0	9,5	158	149
2149	122,216	1,4	234,109	1,0	376	149
2152	0,3	0,8	1,0	3,1	155	149
2154	7,6	134,149	6,8	129,68	305	149
2155	11440,15556	4,6	13311,6593	5,2	152	149
2156	11737,16071	1,3	13682,6733	1,5	156	149
2157	301,521	1,3	376,142	1,5	153	149
2159	3,2	32,52	0,2	23,10	167	149
2160	0,1	369,390	1,0	233,130	165	149
2162	1,3	1,2	0,0	0,2	157	149
2163	6,9	1,2	6,1	0,2	261	149
2164	5,9	0,3	6,1	0,0	253	149
2165	133,198	35,26	102,51	25,4	160	149
2166	300,318	7,23	247,132	11,5	208	149
2167	17,18	3,4	14,0	4,2	176	149
2168	3,1	54,67	2,3	85,36	314	149
2171	4,1	5,5	5,1	4,0	322	149
2172	2008,2700	0,2	2267,814	1,0	153	149
2173	0,4	9,3	1,0	6,2	162	149
2175	541,507	0,4	604,179	2,1	158	149
2176	10,18	16,33	6,6	23,4	152	149
2177	689,760	7,1	813,331	3,0	158	149
2178	2,1	36,52	2,0	34,15	156	149
2179	86,98	3,1	57,28	2,0	204	149
2180	1,1	23,12	1,0	18,12	215	149
2181	0,3	110,80	6,0	196,53	172	149
2182	31,63	12,29	33,3	22,14	232	149
2183	23,20	1066,1406	27,9	1364,529	511	149
2184	275,359	2,2	264,159	2,0	185	149
2185	2,2	28,32	2,1	20,11	181	149
2186	34,37	111,141	62,15	177,112	164	149
2187	2,8	164,229	1,0	92,49	170	149
2188	581,863	15,24	799,354	27,9	158	149
2189	25,47	28,21	33,12	39,9	205	149
2192	552,764	0,1	708,309	0,0	315	149
2193	32,35	4,15	35,15	12,5	164	149
2194	142,118	25,15	118,38	26,7	151	149
2195	337,492	191,265	399,189	285,143	260	149
2196	161,276	32,22	255,109	10,6	704	149
2197	51,81	62,99	60,48	64,51	152	149
2198	3,6	0,3	2,9	1,2	154	149
2200	84,115	0,1	102,60	0,0	155	149
2201	56,100	286,399	113,72	270,128	152	149
2202	11,10	2,0	16,8	0,0	754	149
2203	41,80	6,5	55,14	9,5	169	149
2204	48,65	3,12	35,27	10,2	165	149
2205	15,26	112,155	10,9	38,30	152	149
2206	403,509	51,66	282,160	39,26	191	149
2208	110,112	2,11	98,46	3,2	192	149
2213	914,1345	0,0	818,330	2,1	153	149
2214	47,75	2054,2846	63,22	2588,1308	333	149
2215	0,1	102,199	0,0	139,52	185	149
2216	3,13	27,61	6,1	25,8	184	149
2217	8,4	176,182	22,5	318,153	168	149
2219	13,30	25,24	13,0	24,6	152	149
2220	283,362	1,0	358,210	0,0	343	149
2221	29,56	159,176	44,23	176,123	165	149
2222	13,4	545,767	8,1	657,371	168	149
2223	14,14	4,5	7,5	2,1	161	149
2224	24,28	2,1	7,4	0,6	161	149
2225	6,6	3,2	9,1	1,0	170	149
2226	43,63	3,2	64,29	1,0	191	149
2229	117,183	104,129	136,56	148,56	161	149
2230	131,213	142,175	127,67	246,85	152	149
2232	45,64	4,9	98,35	10,3	163	149
2234	7,5	545,727	2,0	460,191	166	149
2235	59,78	7,7	33,27	2,0	167	149
2237	23,14	170,210	34,21	351,142	248	149
2238	71,85	2234,3182	89,37	2441,1023	960	149
2239	116,156	8,8	138,80	8,1	419	149
2240	14,11	14,14	13,9	15,5	195	149
2242	101,136	88,126	58,51	113,74	221	149
2243	13,3	74,99	5,1	65,35	153	149
2244	244,376	43,80	453,236	66,43	228	149
2245	4,1	22,30	6,2	17,12	179	149
2246	18,16	9,5	11,7	0,1	152	149
2247	37,55	12,43	21,7	7,3	175	149
2248	13,14	626,904	9,3	681,288	152	149
2249	51,55	13,17	38,23	9,9	154	149
2250	2,4	11,20	2,5	21,10	162	149
2251	3,6	244,355	3,0	300,122	197	149
2252	73,100	10,14	64,66	3,0	352	149
2253	40,67	32,33	30,16	23,14	155	149
2254	3,15	47,60	16,8	37,13	152	149
2255	255,379	204,312	326,132	264,140	367	149
2257	153,181	69,104	117,51	69,19	152	149
2258	210,288	252,368	118,68	305,149	155	149
2259	52,52	36,33	47,28	28,6	171	149
2260	2210,2490	5,9	2134,930	8,4	193	149
2262	282,365	0,3	258,129	2,0	239	149
2263	154,206	1,0	156,77	1,0	239	149
2265	134,224	0,1	157,63	0,0	164	149
2266	1,5	24,42	7,1	35,8	160	149
2267	0,0	0,10	0,4	0,2	152	149
2268	11,9	1,7	9,2	0,1	163	149
2269	33,36	2,0	41,19	0,3	167	149
2270	1,2	41,39	0,0	58,26	164	149
2272	312,437	1,0	503,223	0,0	975	149
2273	15,39	14,8	12,22	11,3	390	149
2274	67,99	543,796	59,55	720,274	804	149
2275	66,68	543,796	58,36	720,274	563	149
2276	1312,1375	6,5	1221,495	9,0	154	149
2277	21,13	1409,1675	14,11	1378,528	152	149
2278	4,9	217,384	4,0	311,101	152	149
2280	11,23	21,27	14,4	13,19	152	149
2281	3,12	2,0	6,3	0,0	185	149
2283	9,1	4,3	9,2	3,4	487	149
2284	23,29	378,450	27,11	330,146	347	149
2285	388,543	3,1	375,170	0,2	317	149
2287	10,17	22,19	4,7	29,25	152	149
2288	9,9	1,1	12,4	2,1	152	149
2289	0,7	8,5	2,1	9,1	180	149
2290	57,95	9,12	63,29	0,4	165	149
2291	428,578	7,6	363,213	9,3	684	149
2293	15,12	38,42	11,15	118,30	157	149
2295	1,2	26,38	1,0	24,13	170	149
2296	49,69	2,1	44,25	2,2	265	149
2297	133,131	11,28	81,41	14,7	154	149
2298	59,30	243,203	43,20	201,127	177	149
2299	542,695	0,2	489,180	0,0	324	149
2300	49,54	2,0	46,13	0,0	297	149
2301	20,26	105,187	18,6	121,68	170	149
2303	246,329	28,26	230,115	15,1	154	149
2304	299,403	0,0	484,284	2,0	278	149
2305	1,1	84,111	1,0	38,38	188	149
2307	167,221	28,56	280,148	58,29	152	149
2308	10,15	70,96	3,6	69,29	152	149
2309	124,206	15,21	114,53	16,4	152	149
2310	102,140	0,0	144,51	2,0	154	149
2312	6,17	133,130	6,3	175,52	484	149
2314	9,42	2,1	36,12	1,0	155	149
2315	0,2	3,12	1,0	8,6	158	149
2316	803,1181	312,417	1162,447	167,64	152	149
2317	37,67	1,0	39,20	0,0	153	149
2318	48,72	11,15	44,30	7,8	241	149
2319	14,23	57,88	23,9	68,34	152	149
2320	3,1	0,1	2,0	0,0	153	149
2321	37,31	0,2	42,19	2,0	178	149
2322	145,183	71,119	165,56	86,40	206	149
2323	7,1	1,8	2,2	3,0	167	149
2325	19,27	89,81	58,15	101,35	157	149
2326	16,35	73,70	25,13	131,51	327	149
2329	0,0	0,1	2,0	0,0	179	149
2331	274,283	7,5	309,156	8,2	153	149
2332	259,310	14,33	224,118	54,14	153	149
2333	200,202	129,152	246,98	180,50	152	149
2334	16,8	14,16	11,6	9,8	152	149
2335	2,14	80,111	15,3	37,30	162	149
2337	129,200	0,4	111,62	15,12	170	149
2338	1,5	9,9	0,7	13,6	152	149
2339	25,17	7,13	10,7	2,3	174	149
2340	11,20	117,106	11,6	103,42	792	149
2342	3,11	48,73	20,1	42,16	175	149
2343	43,65	25,22	57,17	21,18	178	149
2344	74,93	1,0	109,51	0,2	161	149
2346	4,2	44,43	5,2	46,16	167	149
2347	13,11	90,115	14,4	108,40	152	149
2349	11,23	25,68	22,9	47,30	168	149
2350	17,52	9,14	52,26	26,12	152	149
2351	3,2	60,77	0,0	29,9	200	149
2353	27,31	264,333	47,11	305,99	164	149
2354	87,144	4,3	57,32	1,1	162	149
2355	94,147	1,0	72,57	16,10	274	149
2357	150,262	88,142	177,84	117,65	152	149
2358	0,2	120,173	0,1	122,38	202	149
2359	44,67	4,13	76,45	4,5	165	149
2360	9,12	14,7	5,1	18,0	154	149
2361	338,463	61,72	401,169	77,26	152	149
2362	3,2	75,110	3,1	134,46	161	149
2364	62,95	41,44	70,18	38,9	152	149
2365	22,37	226,367	31,8	220,152	187	149
2367	29,47	2,4	17,13	0,0	170	149
2368	124,140	25,20	112,42	22,4	202	149
2369	67,81	25,20	56,27	22,4	225	149
2370	17,17	74,76	16,8	72,23	172	149
2371	357,482	303,483	324,194	313,208	178	149
2372	3,1	90,95	1,2	83,59	178	149
2373	74,69	20,23	77,45	22,10	152	149
2374	23,25	10,26	26,13	24,7	152	149
2376	4,1	1,1	0,0	6,3	152	149
2378	23,45	25,33	18,14	6,1	168	149
2381	0,0	11,20	0,1	7,6	302	149
2384	210,316	22,22	242,125	17,3	152	149
2385	4,5	5,3	2,0	10,2	160	149
2386	1,2	31,47	9,4	38,16	163	149
2388	61,73	135,198	48,33	115,46	200	149
2389	17,29	206,282	21,10	249,135	317	149
2390	11,11	38,37	15,3	20,8	152	149
2392	191,263	516,787	177,87	662,314	163	149
2393	332,425	0,2	403,200	0,0	164	149
2394	30,69	1,0	40,26	0,0	592	149
2395	2,6	7,2	1,1	0,0	161	149
2396	187,293	4,17	212,92	7,3	185	149
2397	6,9	57,83	7,0	70,42	363	149
2398	19,41	12,19	23,21	13,9	165	149
2399	4,5	212,295	4,0	219,90	531	149
2400	8,5	5,7	1,3	2,0	155	149
2402	28,54	0,2	69,37	0,0	382	149
2403	157,207	324,424	313,127	238,116	152	149
2404	153,195	15,19	126,71	34,5	227	149
2406	97,138	0,3	62,33	1,0	167	149
2407	236,291	10,31	205,110	20,13	154	149
2409	44,60	11,20	69,15	20,6	157	149
2410	17,34	10,13	23,16	9,3	296	149
2411	61,81	10,13	77,43	9,3	491	149
2412	45,48	1,0	58,29	2,2	344	149
2413	2,1	38,57	4,0	41,11	164	149
2414	18,15	92,125	14,4	97,49	588	149
2415	104,102	9,16	83,31	10,6	193	149
2416	328,408	226,238	192,107	224,97	543	149
2417	2,2	50,50	1,1	58,15	165	149
2419	325,479	5,15	376,184	11,0	200	149
2420	25,28	144,228	18,15	147,90	433	149
2421	40,37	10,25	25,16	21,7	437	149
2422	137,192	1,1	143,84	0,0	490	149
2423	179,266	59,91	182,101	81,43	505	149
2424	159,237	10,25	154,91	21,7	153	149
2425	256,392	1,1	272,159	0,0	206	149
2426	298,466	59,91	311,176	81,43	221	149
2427	107,180	1,1	139,75	0,0	202	149
2428	149,254	59,91	178,92	81,43	217	149
2429	43,75	59,91	39,17	81,43	164	149
2430	250,283	6,5	312,101	7,4	166	149
2431	971,1342	0,0	1041,441	1,0	153	149
2432	4,3	16,14	2,0	7,2	175	149
2434	25,28	167,215	22,12	208,93	178	149
2435	7,12	3,2	16,6	2,2	169	149
2436	0,0	53,62	1,0	41,22	164	149
2437	174,286	1,4	189,116	1,0	282	149
2438	3012,3902	3,7	3004,1075	10,1	183	149
2440	751,1147	12,23	703,379	19,13	152	149
2441	2,3	14,13	1,3	19,13	287	149
2442	255,429	136,229	225,126	259,114	155	149
2443	66,83	94,139	86,25	111,45	152	149
2444	108,101	0,1	99,33	0,0	155	149
2446	185,217	0,1	197,48	0,0	359	149
2447	1,0	4,11	3,0	3,2	176	149
2448	25,24	6,6	29,22	8,6	285	149
2449	250,366	2,2	270,135	0,0	277	149
2450	13,7	481,748	8,4	537,213	182	149
2451	0,2	26,44	0,0	31,18	187	149
2455	18,33	6,8	10,10	4,0	270	149
2456	28,26	646,1043	8,7	574,249	337	149
2459	89,193	26,27	114,56	28,8	161	149
2460	20,13	5,7	7,2	5,1	167	149
2462	75,122	132,160	74,19	176,75	152	149
2463	20,30	179,219	28,17	228,107	652	149
2465	186,375	143,256	115,116	197,81	318	149
2466	371,463	20,33	515,136	19,2	179	149
2467	103,111	6,14	32,33	15,7	169	149
2468	5,4	250,405	2,3	305,135	414	149
2469	103,109	0,0	113,47	0,1	263	149
2470	92,98	0,1	39,43	0,2	334	149
2471	38,52	0,2	36,18	1,0	152	149
2472	129,121	133,159	178,86	92,25	152	149
2473	5,13	4,5	12,2	20,11	216	149
2474	2,1	2,2	1,1	0,0	162	149
2475	17,18	51,80	8,4	53,22	433	149
2476	55,83	4,5	44,27	0,1	206	149
2477	264,302	0,1	268,113	0,0	179	149
2478	124,192	0,7	119,65	1,0	153	149
2479	26,55	0,0	20,11	0,2	155	149
2480	73,90	25,25	75,18	37,22	152	149
2482	41,72	111,140	40,19	138,58	161	149
2483	7,5	16,22	7,0	12,8	177	149
2484	2,3	1,0	2,2	0,0	173	149
2487	3,6	111,216	5,3	196,86	164	149
2488	36,59	63,80	47,24	75,27	163	149
2489	295,488	0,0	251,198	2,0	205	149
2490	189,241	48,57	174,65	55,17	167	149
2491	98,124	116,148	61,22	174,45	152	149
2492	855,1133	1,0	841,548	0,0	526	149
2494	4,2	12,47	5,4	12,14	160	149
2495	0,2	12,16	1,0	5,0	160	149
2496	38,6	17,12	5,5	1,0	209	149
2498	13,9	10,6	11,9	8,5	229	149
2499	5,2	23,35	7,13	36,7	392	149
2500	615,783	12,23	1021,541	37,10	637	149
2503	228,344	17,49	163,61	22,10	182	149
2504	26,27	0,1	20,12	0,0	157	149
2505	49,68	24,12	128,64	23,13	547	149
2506	29,39	24,12	48,28	23,13	574	149
2507	13,22	30,49	35,28	114,58	176	149
2508	13,21	0,2	6,2	5,1	153	149
2509	39,83	23,36	67,20	20,8	184	149
2510	148,233	4,15	183,85	10,3	152	149
2511	108,167	0,2	143,67	5,1	230	149
2512	424,383	0,0	431,123	1,0	294	149
2513	53,90	10,19	49,24	3,3	166	149
2514	20,28	10,23	9,17	12,5	164	149
2515	1,1	6,9	0,0	4,2	222	149
2516	35,43	7,6	33,13	3,0	161	149
2517	20,24	34,31	73,21	55,18	171	149
2518	2,11	13,8	1,1	9,4	168	149
2519	73,141	2,1	69,31	0,0	173	149
2520	82,132	1,4	73,34	0,0	339	149
2522	23,49	101,118	19,19	96,57	366	149
2523	10,12	179,263	8,2	216,108	424	149
2524	73,102	313,518	139,54	323,114	171	149
2525	192,275	0,1	157,112	0,0	164	149
2526	201,304	1,1	171,80	0,0	381	149
2527	20,35	127,157	40,13	148,69	152	149
2528	92,147	62,81	133,55	52,34	152	149
2529	1,1	22,24	5,2	13,6	215	149
2531	89,96	1,0	67,25	1,0	339	149
2532	457,531	1,0	408,178	1,0	471	149
2533	384,444	1,0	345,160	0,2	281	149
2534	1,0	7,15	1,0	6,2	154	149
2535	16,17	10,9	8,4	11,3	154	149
2536	42,59	6,1	24,7	0,0	178	149
2537	1,2	0,8	1,0	3,1	152	149
2540	935,1360	15,24	1086,547	23,16	267	149
2541	159,189	62,129	111,86	32,21	152	149
2542	96,150	1,0	71,49	0,0	151	149
2543	226,278	2,2	225,97	1,1	191	149
2544	10,4	161,224	0,0	201,75	173	149
2546	73,67	136,199	65,54	156,89	152	149
2547	7,7	77,91	5,1	70,39	154	149
2548	1,2	26,34	17,2	13,8	162	149
2549	7,9	71,89	5,0	55,33	186	149
2550	2,3	73,82	0,2	15,21	152	149
2551	19,54	1,8	20,25	0,0	319	149
2552	2,4	179,238	2,2	214,98	308	149
2553	217,304	10,17	240,91	10,4	152	149
2555	4,13	0,2	11,1	0,0	331	149
2556	6,14	44,60	3,2	42,22	158	149
2557	47,88	1,4	56,33	1,1	194	149
2558	13,17	59,103	20,20	56,18	336	149
2559	295,403	0,0	375,238	0,1	346	149
2560	17,29	4,3	13,10	6,1	178	149
2561	22,43	4,3	24,16	0,1	195	149
2562	9,17	4,3	17,7	0,1	166	149
2563	815,1066	187,298	1062,426	329,154	155	149
2564	33,26	3,2	21,11	1,0	152	149
2565	5,25	2,1	7,9	0,2	224	149
2568	95,125	0,3	68,47	0,0	536	149
2569	207,271	14,4	184,80	0,1	155	149
2570	22,27	237,354	9,22	219,114	154	149
2571	3,8	2,0	3,2	7,0	156	149
2572	1474,1982	4,7	1387,725	2,0	158	149
2573	77,56	7,3	79,64	1,3	166	149
2574	9,5	13,15	3,5	10,6	273	149
2575	179,235	1,0	177,87	0,0	537	149
2576	58,88	0,1	35,18	0,0	285	149
2578	16,22	30,29	21,12	48,14	276	149
2579	26,23	219,336	29,8	226,105	403	149
2580	40,49	4,9	32,14	15,2	537	149
2581	116,138	22,27	93,65	13,11	278	149
2582	56,68	111,133	49,17	102,56	152	149
2583	466,837	5,4	413,181	5,0	319	149
2584	1,3	1,0	10,1	1,0	152	149
2585	13,8	9,11	8,0	2,0	152	149
2586	377,614	2,7	368,237	4,1	152	149
2587	39,39	36,71	27,8	51,35	165	149
2588	23,38	457,726	9,11	417,210	584	149
2589	3,4	55,78	7,1	56,31	176	149
2591	10,12	162,216	14,3	152,64	154	149
2592	84,105	11,5	79,28	10,3	175	149
2593	10,19	469,678	19,0	636,256	553	149
2594	29,33	7,12	20,21	9,8	183	149
2595	42,97	162,216	74,46	158,83	163	149
2600	11,28	0,0	12,3	1,0	165	149
2601	100,133	0,1	131,81	2,1	549	149
2602	14,17	171,185	8,10	107,40	341	149
2603	72,133	1,3	98,36	4,0	153	149
2604	472,649	3,11	639,330	4,3	535	149
2605	562,675	2,2	641,252	1,1	465	149
2606	15,39	5,14	18,16	9,1	152	149
2607	40,68	192,216	81,25	250,97	160	149
2608	7,18	89,131	2,1	95,57	152	149
2609	124,152	82,101	87,37	65,21	300	149
2610	0,0	281,417	3,4	260,118	167	149
2611	14,12	121,168	9,5	117,79	185	149
2613	8,12	57,82	10,2	40,14	185	149
2615	12,17	96,130	6,7	65,59	179	149
2616	15,17	54,109	5,0	36,34	166	149
2617	51,76	37,56	57,41	51,23	164	149
2618	89,130	768,829	85,36	631,320	152	149
2619	11,3	44,60	9,5	63,24	160	149
2622	13,14	31,41	9,8	44,17	170	149
2623	70,54	1124,1560	78,27	1490,706	336	149
2624	388,459	39,57	577,201	70,41	155	149
2625	343,453	28,49	429,187	52,16	193	149
2626	439,612	3,4	453,293	1,0	679	149
2627	14,10	33,39	20,6	27,3	152	149
2628	12,7	33,37	5,1	17,16	278	149
2630	139,236	4,0	132,67	1,0	200	149
2632	22,31	73,100	18,18	82,42	479	149
2633	1,1	47,56	0,0	29,15	152	149
2635	179,171	2,0	154,109	0,0	270	149
2636	7197,9352	0,7	7795,4077	0,1	1021	149
2637	8,23	545,738	14,5	662,284	379	149
2638	23,22	33,63	19,10	48,17	165	149
2639	15,8	2,0	5,3	0,0	178	149
2640	8,18	32,52	13,9	32,17	152	149
2641	91,112	4,4	74,51	3,5	181	149
2645	52,62	0,1	57,13	0,0	152	149
2648	193,192	0,1	205,105	1,3	170	149
2650	15,9	1,0	8,3	1,1	166	149
2651	26,38	15,32	28,15	17,14	163	149
2652	7,11	27,54	3,5	28,20	193	149
2654	4,9	49,58	5,2	66,27	171	149
2655	8,3	18,16	0,3	27,5	166	149
2657	1,0	24,23	2,0	29,9	176	149
2658	10,1	24,23	10,4	29,9	154	149
2660	223,254	2,1	162,110	5,2	298	149
2662	98,139	4,3	100,48	0,0	158	149
2663	2200,1794	5,7	1390,384	0,0	251	149
2664	2766,2321	1,0	1713,472	0,0	281	149
2665	3142,2570	0,0	1934,522	1,0	290	149
2666	164,126	1,3	117,21	0,0	170	149
2667	571,534	1,0	323,88	0,0	179	149
2668	947,783	0,0	544,138	1,0	188	149
2669	377,249	0,0	221,50	1,0	158	149
2670	520,391	59,36	361,99	31,9	170	149
2671	1649,1366	0,0	932,262	0,2	212	149
2672	979,797	27,26	567,141	15,8	188	149
2673	1682,1382	0,2	954,264	0,0	212	149
2674	730,611	0,2	402,131	0,0	173	149
2675	1646,1361	324,275	931,261	168,62	212	149
2676	569,529	116,127	332,88	64,25	179	149
2677	300,312	10,7	244,175	9,2	1756	149
2678	10,13	21,14	6,4	3,9	173	149
2679	8,3	81,87	5,0	47,12	158	149
2680	1233,1562	0,0	1639,637	2,0	152	149
2681	4,9	1,7	4,4	3,3	180	149
2682	0,0	175,209	4,0	107,90	173	149
2683	43,92	10,23	41,27	20,7	155	149
2684	2,10	99,116	4,5	115,56	152	149
2685	163,160	2,0	135,61	4,4	153	149
2686	6,5	125,164	5,2	113,56	233	149
2687	1,5	9,5	0,0	2,3	214	149
2689	2,3	11,17	2,2	13,0	323	149
2690	23,11	83,111	23,22	66,26	152	149
2692	85,104	0,4	81,44	3,3	164	149
2693	10,17	16,37	3,7	23,9	161	149
2694	219,197	1,0	234,79	0,0	158	149
2695	42,48	1,0	30,18	3,0	154	149
2696	13,26	11,22	17,15	15,7	154	149
2697	212,324	0,0	224,66	1,0	156	149
2698	7,5	139,192	6,2	128,46	169	149
