ID	IJC_SAMPLE_1	SJC_SAMPLE_1	IJC_SAMPLE_2	SJC_SAMPLE_2	IncFormLen	SkipFormLen	PValue	FDR
3	1,0	177,168	0,0	79,45	180	99	1	1.0
4	13,5	0,1	7,2	0,1	158	99	1	1.0
6	2,0	11,12	0,0	9,0	109	99	1	1.0
8	113,48	14,6	64,43	10,7	134	99	1	1.0
9	104,45	1,0	58,41	0,0	134	99	1	1.0
10	6,2	263,304	15,6	98,77	309	99	1	1.0
11	2,0	714,566	0,0	416,242	106	99	1	1.0
14	306,266	5,0	115,80	0,2	233	99	1	1.0
15	48,10	3,0	2,5	0,0	408	99	1	1.0
16	5,4	1,9	2,2	5,1	192	99	0.724820536159	1.0
17	14,6	9,11	8,1	5,2	315	99	1	1.0
19	3,0	9,11	1,0	5,2	134	99	1	1.0
21	13,4	62,57	10,11	37,19	684	99	1	1.0
22	217,233	30,24	124,82	27,11	120	99	1	1.0
23	42,31	30,24	30,14	27,11	186	99	1	1.0
24	8,7	183,209	12,2	106,70	165	99	1	1.0
25	89,84	0,1	40,46	1,0	686	99	1	1.0
26	13,6	0,2	7,6	0,1	103	99	1	1.0
27	45,47	0,0	24,21	1,0	102	99	1	1.0
28	2,3	65,58	0,2	25,5	243	99	1	1.0
30	670,559	2,5	327,186	0,0	111	99	1	1.0
31	19,15	23,32	5,5	17,13	129	99	0.767991421461	1.0
32	6,9	230,217	6,6	136,72	309	99	1	1.0
33	16,9	113,133	18,4	68,46	138	99	1	1.0
34	7,6	83,65	13,5	19,25	258	99	1	1.0
35	4,2	105,138	4,6	67,63	345	99	1	1.0
36	5,0	18,11	0,0	6,5	111	99	1	1.0
37	152,108	6,3	49,73	8,4	324	99	0.617631045005	1.0
38	5,1	323,226	1,0	150,85	138	99	1	1.0
39	49,31	0,8	21,6	0,1	218	99	0.758450095289	1.0
40	156,178	9,5	91,66	0,0	111	99	1	1.0
42	47,31	269,164	32,19	148,96	266	99	1	1.0
43	13,7	251,202	6,6	98,62	127	99	1	1.0
44	60,49	151,127	22,22	68,42	309	99	1	1.0
45	3,2	205,184	1,1	160,85	107	99	1	1.0
46	41,31	0,1	20,32	0,0	934	99	1	1.0
48	81,82	0,1	46,36	0,0	117	99	1	1.0
52	124,98	1,0	90,57	0,0	311	99	1	1.0
53	146,117	1,0	117,69	0,0	501	99	1	1.0
54	24,21	1,0	28,12	0,0	289	99	1	1.0
55	81,85	0,0	58,41	2,1	289	99	1	1.0
56	22,23	69,58	16,8	49,21	218	99	1	1.0
57	381,300	6,3	295,168	17,4	665	99	0.386904849495	1.0
58	8,6	198,216	2,0	103,61	261	99	1	1.0
60	6,2	203,204	4,3	117,89	101	99	1	1.0
61	16,12	58,42	10,3	29,16	154	99	1	1.0
62	13,8	10,11	9,3	5,8	154	99	1	1.0
63	1,2	248,203	1,0	152,126	323	99	1	1.0
64	25,13	1,0	4,5	3,0	119	99	1	1.0
65	16,7	1,0	10,6	0,0	103	99	1	1.0
66	19,11	21,12	7,6	16,4	111	99	1	1.0
67	34,15	0,0	13,6	0,2	140	99	1	1.0
68	68,46	153,134	13,10	114,89	117	99	0.0285344694473	0.37833649222536164
69	2,2	244,265	2,0	121,93	107	99	1	1.0
70	29,15	55,69	12,8	22,18	475	99	1	1.0
71	11,13	25,19	1,3	10,2	183	99	0.0919674086235	0.9755114414706965
73	24,9	13,6	13,7	3,1	293	99	0.197398945951	1.0
74	122,126	0,1	54,21	0,0	227	99	1	1.0
75	475,485	3,2	321,198	1,0	797	99	1	1.0
76	525,535	3,2	353,220	1,0	825	99	1	1.0
78	95,99	2,2	43,21	12,2	492	99	0.00245295848604	0.05356828458484412
79	21,11	700,698	12,7	358,222	103	99	1	1.0
80	4,3	22,16	0,1	16,16	127	99	1	1.0
81	31,19	28,18	18,17	16,7	228	99	1	1.0
82	1,4	9,8	0,0	7,1	127	99	0.791199842481	1.0
83	4,2	0,0	3,1	3,1	131	99	0.0178901020161	0.2604588381755736
85	7,12	1500,1514	9,0	1096,562	103	99	1	1.0
86	653,623	3,2	473,362	0,0	356	99	1	1.0
87	25,27	824,809	15,19	549,295	102	99	1	1.0
88	7,2	0,1	3,1	0,0	111	99	1	1.0
89	39,26	183,157	23,10	87,81	293	99	1	1.0
90	0,3	5,2	1,1	1,1	117	99	0.231187888016	1.0
91	8,5	5,2	13,11	1,1	159	99	0.0377915235504	0.47966164506276915
92	8,3	0,1	12,10	0,0	141	99	1	1.0
94	296,224	5,1	201,125	2,0	358	99	1	1.0
95	0,1	14,16	0,0	8,1	156	99	1	1.0
96	0,0	24,17	1,1	25,11	104	99	1	1.0
97	26,79	0,0	28,9	6,0	1782	99	0.1258638263	1.0
98	6,4	34,35	0,0	27,11	105	99	0.760748897828	1.0
99	1,1	16,12	1,1	14,6	125	99	1	1.0
100	10,6	106,79	7,8	91,44	156	99	1	1.0
101	3,0	69,81	1,2	28,23	192	99	1	1.0
102	125,99	1,3	24,30	0,0	141	99	1	1.0
104	180,138	3,8	124,66	1,1	222	99	1	1.0
105	26,18	561,546	20,23	352,214	362	99	1	1.0
106	233,238	9,13	143,94	4,1	296	99	1	1.0
107	6,13	34,35	0,3	28,29	119	99	0.236157271992	1.0
109	1246,990	7,3	720,426	0,0	126	99	1	1.0
110	3,0	5,2	0,4	5,2	121	99	1	1.0
111	2,8	80,113	6,0	48,28	104	99	1	1.0
112	166,75	0,0	98,50	0,1	201	99	1	1.0
113	48,39	922,653	21,9	298,175	635	99	1	1.0
114	3,0	25,18	0,1	3,5	115	99	1	1.0
116	0,3	17,10	4,4	6,3	115	99	0.029183781208	0.3835213725122124
117	4,2	17,19	0,0	9,1	181	99	1	1.0
118	1,3	353,344	1,0	199,115	132	99	1	1.0
119	9,3	347,282	2,0	207,114	318	99	1	1.0
120	145,83	5,0	116,45	3,1	247	99	1	1.0
121	5,2	678,406	8,3	506,318	103	99	1	1.0
122	80,84	1,2	22,11	2,6	687	99	0.00258806080174	0.05569956942875218
123	200,170	1,0	87,64	0,0	124	99	1	1.0
124	65,66	23,17	31,20	5,5	124	99	1	1.0
125	1048,905	2,1	600,428	4,3	105	99	1	1.0
126	134,112	0,0	87,44	0,1	149	99	1	1.0
127	44,48	0,0	29,10	0,1	113	99	1	1.0
128	9,1	40,26	6,0	15,7	110	99	1	1.0
129	15,14	6,6	9,2	0,0	102	99	0.00640229356218	0.1092805280441069
130	35,43	22,20	44,27	16,4	633	99	0.605467911473	1.0
131	4,0	302,215	3,0	184,103	286	99	1	1.0
132	20,27	85,88	4,6	27,22	235	99	1	1.0
133	151,129	5,5	79,70	1,1	103	99	1	1.0
136	0,3	4,6	1,0	5,3	195	99	1	1.0
138	1,7	80,80	7,4	51,43	797	99	1	1.0
139	112,86	28,25	19,17	29,14	164	99	0.000669924908277	0.018087972523479
140	5,8	29,38	1,0	17,12	346	99	1	1.0
142	14,10	55,56	7,3	27,8	199	99	1	1.0
143	33,37	129,93	12,11	147,65	108	99	0.278439527274	1.0
144	1,0	479,186	0,0	106,53	101	99	1	1.0
145	1,2	12,14	2,2	7,3	457	99	1	1.0
146	45,55	33,14	70,35	13,6	351	99	0.191485857206	1.0
147	21,16	429,404	4,3	167,101	253	99	1	1.0
148	2,4	495,420	4,2	306,148	130	99	1	1.0
149	1,8	61,74	0,2	33,27	295	99	1	1.0
150	50,47	120,75	3,2	50,22	343	99	0.512311704596	1.0
151	11,13	8,5	4,5	8,1	363	99	0.204098345787	1.0
152	13,16	1,2	16,5	0,0	135	99	1	1.0
153	173,175	51,74	18,13	30,12	123	99	0.00412105836478	0.08052331146971448
154	4,2	1460,1336	7,2	1025,527	319	99	1	1.0
156	1203,798	2,5	518,321	2,1	208	99	1	1.0
157	17,7	8,11	20,13	6,2	180	99	0.108888714681	1.0
159	380,279	49,53	261,136	27,17	469	99	1	1.0
161	4,9	0,0	1,1	1,0	193	99	1	1.0
162	10,21	406,536	3,3	213,191	370	99	1	1.0
163	6,12	406,536	3,2	213,191	276	99	1	1.0
164	15,5	6,6	5,0	3,4	271	99	0.326321698227	1.0
166	110,106	8,19	47,35	5,4	109	99	1	1.0
168	108,81	51,36	81,82	67,46	125	99	1	1.0
169	440,416	0,0	253,181	0,2	802	99	1	1.0
171	57,37	6,11	35,17	0,0	111	99	0.217070756456	1.0
172	88,54	9,2	31,19	8,3	119	99	0.868301590659	1.0
173	643,474	4,3	623,477	2,2	366	99	1	1.0
175	1719,1260	0,0	999,683	0,3	307	99	1	1.0
176	5,3	0,2	1,5	0,0	203	99	1	1.0
177	6,4	13,17	3,3	6,7	111	99	1	1.0
178	8,9	0,5	1,1	4,1	122	99	0.00700811420669	0.11436318238389725
179	3,5	5,1	1,1	1,1	104	99	0.891750488452	1.0
180	122,96	33,20	65,51	5,14	341	99	0.924283180428	1.0
181	124,92	33,20	65,51	5,14	336	99	0.905716798412	1.0
182	1,1	172,157	0,1	65,53	144	99	1	1.0
185	64,88	22,16	52,36	2,1	121	99	0.00683838620816	0.11283337243463999
187	6581,4808	190,135	3106,2096	61,42	201	99	1	1.0
189	16,17	189,243	9,11	96,63	118	99	1	1.0
190	91,97	87,83	40,27	56,33	175	99	1	1.0
191	264,323	87,83	127,79	56,33	156	99	1	1.0
192	10,5	16,18	8,4	2,1	113	99	0.00231327367452	0.051271812039734334
194	4,7	67,41	2,1	21,23	137	99	1	1.0
195	38,24	283,311	8,12	218,129	472	99	1	1.0
196	16,7	377,336	6,1	234,203	102	99	1	1.0
197	199,135	3,2	85,84	1,3	616	99	1	1.0
198	198,139	2187,2362	88,86	1162,849	616	99	1	1.0
199	79,58	11,10	55,18	4,4	156	99	1	1.0
200	108,127	11,10	86,35	4,4	210	99	1	1.0
201	56,77	27,8	39,24	8,7	153	99	1	1.0
202	17,23	1,0	24,12	0,0	248	99	1	1.0
203	51,46	17,36	26,14	31,11	120	99	0.443495402675	1.0
204	340,318	23,11	153,106	7,3	249	99	1	1.0
205	306,308	23,11	158,103	7,3	228	99	1	1.0
206	52,46	0,5	53,35	1,0	116	99	1	1.0
207	10,14	12,22	1,4	0,4	114	99	0.480607629457	1.0
208	22,11	1,5	16,7	0,0	437	99	0.0338335000306	0.4331271340124224
210	104,100	56,49	69,43	48,30	214	99	1	1.0
211	238,194	286,283	35,22	184,155	132	99	4.79437032297e-08	3.559819964805225e-06
212	5,4	1,0	0,0	1,0	167	99	1	1.0
214	0,1	35,40	0,0	13,12	104	99	1	1.0
215	16,9	43,56	9,6	23,17	129	99	1	1.0
216	14,10	55,62	5,3	36,11	127	99	1	1.0
217	46,49	119,153	10,3	123,37	144	99	0.0745178536874	0.835969367246109
218	48,46	179,251	8,4	192,78	144	99	0.859005092599	1.0
219	252,191	27,17	126,91	18,5	112	99	1	1.0
220	15,3	246,187	3,2	122,90	103	99	1	1.0
221	6,3	1,1	3,1	3,0	103	99	1	1.0
222	0,0	3,0	2,0	0,2	103	99	1	1.0
223	185,177	0,1	118,94	0,0	331	99	1	1.0
225	7,1	8,3	0,4	6,0	246	99	1	1.0
226	42,35	0,1	31,12	0,0	225	99	1	1.0
227	61,36	175,119	56,35	50,20	107	99	7.96886044092e-05	0.00295843943869155
228	141,174	9,7	119,80	6,6	306	99	1	1.0
229	480,422	2,1	276,173	2,1	129	99	1	1.0
230	321,276	1,1	178,101	0,0	129	99	1	1.0
231	12,12	15,18	9,5	12,7	114	99	1	1.0
235	2,2	24,16	0,4	6,6	332	99	1	1.0
236	19,26	18,8	6,8	2,0	104	99	0.0262210739854	0.3539844988029
237	22,13	181,188	24,25	87,37	110	99	0.05097171214	0.6255619217181818
239	6,2	44,17	4,1	75,30	113	99	1	1.0
240	20,15	117,134	17,15	88,54	695	99	1	1.0
241	2,1	83,49	0,3	18,18	274	99	1	1.0
243	48,45	0,1	23,24	0,0	124	99	1	1.0
244	20,15	144,157	3,8	53,50	239	99	1	1.0
245	17,30	179,237	5,5	100,76	594	99	1	1.0
246	18,24	179,237	6,5	100,76	670	99	1	1.0
247	8,5	7,11	1,0	0,0	175	99	1	1.0
248	210,189	0,3	131,109	0,1	281	99	1	1.0
249	0,1	837,916	0,0	462,308	103	99	1	1.0
250	8,6	212,198	3,2	114,93	126	99	1	1.0
251	24,18	2,0	16,5	1,1	154	99	1	1.0
252	0,0	0,1	2,0	0,0	105	99	1	1.0
253	8,13	71,54	34,18	25,19	271	99	0.000800406651499	0.02085269960484237
254	3,4	5,2	11,1	0,0	276	99	4.71739411789e-06	0.000233511008835555
255	0,1	0,1	0,1	1,0	104	99	1	1.0
259	2,2	133,70	4,1	51,19	298	99	1	1.0
261	111,93	76,50	33,14	58,38	324	99	0.00397827156406	0.078769776968388
262	27,30	233,144	17,8	113,66	123	99	1	1.0
263	49,48	114,76	21,9	37,26	594	99	1	1.0
264	15,13	134,141	4,0	71,51	116	99	1	1.0
265	261,255	1,0	123,92	0,0	159	99	1	1.0
266	7,8	23,15	3,4	5,8	279	99	1	1.0
267	813,817	714,516	625,481	269,128	682	99	0.228669530385	1.0
268	2,1	3,0	3,0	0,0	105	99	1	1.0
270	102,76	8,4	58,38	5,7	149	99	1	1.0
271	45,54	240,212	34,25	112,92	254	99	1	1.0
273	2,2	46,57	1,0	36,16	114	99	1	1.0
274	37,32	1,0	19,11	1,0	157	99	1	1.0
275	0,1	23,29	4,3	15,11	238	99	1	1.0
276	17,13	3,3	17,4	1,0	361	99	0.00395424291847	0.078769776968388
277	66,32	1,0	32,22	3,0	244	99	1	1.0
278	85,64	2,5	54,24	0,2	608	99	0.370295931702	1.0
279	94,82	2,5	49,22	0,2	913	99	0.400177831815	1.0
280	57,48	48,30	20,13	25,15	404	99	1	1.0
281	52,43	2,5	36,16	0,2	665	99	0.261019113572	1.0
282	15,9	48,30	7,7	25,15	156	99	1	1.0
283	45,42	3,3	15,9	2,3	347	99	0.440409052653	1.0
284	96,59	0,0	45,28	1,0	282	99	1	1.0
288	6,5	47,32	1,2	17,15	162	99	1	1.0
290	23,3	160,145	4,2	34,28	277	99	1	1.0
293	474,371	3,4	335,163	9,2	373	99	1	1.0
294	9,6	0,2	4,9	0,1	122	99	1	1.0
295	2,1	1,0	0,0	0,1	103	99	1	1.0
299	33,33	33,32	14,8	16,8	429	99	1	1.0
301	27,22	33,32	13,4	16,8	377	99	1	1.0
302	7,5	33,32	3,2	16,8	178	99	1	1.0
303	0,2	3,1	0,1	1,2	181	99	1	1.0
304	47,37	938,881	20,19	538,348	694	99	1	1.0
306	486,447	3,3	178,157	1,0	266	99	1	1.0
307	19,20	183,178	13,8	73,46	364	99	1	1.0
309	119,118	451,534	36,32	232,147	125	99	1	1.0
311	15,16	38,39	10,7	18,17	605	99	1	1.0
312	3,7	71,73	4,1	62,24	130	99	1	1.0
313	10,3	0,0	7,3	1,0	343	99	1	1.0
314	0,0	200,185	1,1	101,59	114	99	1	1.0
315	401,422	11,5	248,162	2,6	103	99	1	1.0
316	7,1	37,38	11,5	36,13	209	99	1	1.0
318	1063,827	11,8	579,330	5,7	570	99	1	1.0
319	186,158	1,0	102,76	0,0	625	99	1	1.0
320	37,13	17,22	7,1	10,2	103	99	0.58646490783	1.0
321	319,301	29,50	162,86	7,5	561	99	0.114876615957	1.0
324	3,2	53,61	2,2	28,25	267	99	1	1.0
325	0,1	1,4	0,0	7,2	114	99	1	1.0
327	239,210	13,23	118,66	14,15	121	99	1	1.0
328	15,23	2012,1830	11,10	883,615	294	99	1	1.0
329	45,42	77,56	44,21	38,26	859	99	1	1.0
330	7,2	1,0	4,1	0,0	122	99	1	1.0
331	32,29	190,167	22,19	109,62	130	99	1	1.0
332	333,313	3,7	172,123	5,0	661	99	1	1.0
333	90,49	8,7	131,71	8,12	590	99	1	1.0
335	5,17	57,40	10,6	42,23	104	99	1	1.0
336	299,287	18,22	179,100	18,18	152	99	1	1.0
337	262,200	16,2	111,102	0,0	684	99	0.137576444386	1.0
338	27,17	102,106	33,7	30,24	145	99	0.328545825418	1.0
339	258,166	272,243	205,149	142,94	282	99	0.434759940443	1.0
341	411,307	34,26	188,137	12,2	131	99	1	1.0
343	15,4	0,0	12,1	1,0	377	99	1	1.0
344	81,54	0,2	30,10	0,0	271	99	1	1.0
345	115,113	0,0	69,37	1,0	210	99	1	1.0
346	140,125	3,3	78,41	3,4	521	99	0.954096636732	1.0
347	25,12	3,3	10,4	3,4	410	99	0.196484986643	1.0
348	31,14	2,5	10,4	9,2	410	99	0.0706652111805	0.8010522030766603
349	7,1	105,95	31,20	40,12	110	99	5.05169706067e-09	5.001180090063301e-07
351	0,0	2,2	1,0	1,2	118	99	1	1.0
352	14,16	46,56	2,4	17,18	107	99	1	1.0
353	6,4	41,39	1,2	40,17	157	99	1	1.0
354	1940,1411	0,0	1174,636	1,0	198	99	1	1.0
355	641,628	811,589	431,335	457,198	800	99	1	1.0
358	13,8	29,22	11,7	9,7	338	99	0.683735478699	1.0
359	16,11	50,44	13,5	15,13	111	99	0.593385237196	1.0
360	1,1	23,29	0,0	5,8	243	99	1	1.0
362	3,10	37,20	6,2	17,6	324	99	1	1.0
364	515,616	4,0	301,268	0,1	269	99	1	1.0
367	1,0	808,741	3,1	367,214	132	99	1	1.0
370	8,19	3,0	9,12	2,2	118	99	0.563834570477	1.0
371	17,13	4,0	11,14	0,0	368	99	0.508206987262	1.0
372	33,33	4,0	27,15	1,7	116	99	0.93514137804	1.0
373	0,0	12,17	1,0	12,6	174	99	1	1.0
374	48,43	8,19	16,7	7,7	330	99	0.394218732144	1.0
375	2,1	23,19	2,2	7,4	104	99	0.674552716297	1.0
377	1049,1017	4,15	542,320	1,0	144	99	1	1.0
378	7,10	40,60	2,1	21,29	170	99	1	1.0
379	355,317	3,0	279,162	4,6	144	99	1	1.0
380	7,6	141,126	20,11	36,30	354	99	1	1.0
381	12,5	881,857	1,2	424,277	207	99	1	1.0
383	36,45	0,0	25,5	2,3	114	99	0.808641634212	1.0
385	196,145	8,34	133,84	14,8	177	99	1	1.0
387	64,60	257,252	19,18	163,98	282	99	1	1.0
389	298,274	11,10	153,124	16,3	142	99	1	1.0
390	85,96	101,149	96,44	22,14	103	99	1.01473508485e-08	8.371564450012501e-07
391	29,52	37,58	4,14	20,18	297	99	0.952768726706	1.0
392	2,0	17,9	0,0	7,2	279	99	1	1.0
393	151,107	293,351	57,62	226,116	421	99	1	1.0
394	0,0	8,6	8,0	3,1	111	99	0.248163197079	1.0
395	324,293	35,38	94,69	124,51	105	99	8.07136579795e-11	1.198597820995575e-08
396	161,180	6,5	31,13	15,6	130	99	3.44923813766e-05	0.001426677378027446
398	229,222	0,1	82,51	4,6	108	99	1	1.0
400	7,24	175,128	16,16	149,80	477	99	1	1.0
401	23,11	193,146	7,4	153,114	322	99	1	1.0
402	1,4	989,658	1,0	565,345	103	99	1	1.0
403	83,60	64,82	73,37	26,19	120	99	0.0624328272909	0.7358154644998929
405	252,312	330,329	137,87	172,109	102	99	1	1.0
407	10,20	74,83	9,9	51,26	250	99	1	1.0
408	46,34	152,122	15,18	69,37	128	99	1	1.0
409	192,138	0,0	104,70	4,1	194	99	1	1.0
410	8,6	460,282	4,2	240,90	471	99	1	1.0
411	1605,1450	0,0	633,524	0,1	108	99	1	1.0
412	443,311	2,4	246,173	0,0	381	99	1	1.0
413	161,139	7,9	44,40	2,1	126	99	1	1.0
414	5,4	118,117	5,6	72,72	117	99	1	1.0
416	6,5	60,72	5,4	44,34	428	99	1	1.0
417	326,265	28,22	263,166	5,8	191	99	1	1.0
418	73,82	595,603	62,36	274,228	533	99	1	1.0
419	757,823	1,1	333,279	0,0	261	99	1	1.0
420	186,190	27,31	162,119	12,9	158	99	1	1.0
422	32,8	3,0	10,9	0,1	138	99	1	1.0
423	25,11	1182,1028	10,5	810,502	103	99	1	1.0
424	8,4	598,551	9,11	273,205	267	99	1	1.0
425	1402,1272	3,1	797,497	1,1	102	99	1	1.0
426	348,389	1,0	116,91	0,0	960	99	1	1.0
427	332,143	31,17	352,165	10,6	373	99	0.0649385865071	0.7593212674255393
428	29,18	2,0	12,9	0,0	244	99	1	1.0
429	75,52	3,2	23,27	0,0	165	99	1	1.0
430	61,27	2,1	20,8	0,0	102	99	1	1.0
431	12,6	304,265	4,0	147,105	292	99	1	1.0
432	1,1	131,144	1,0	59,39	275	99	1	1.0
433	26,22	1,0	18,14	0,0	265	99	1	1.0
434	241,168	155,79	340,241	443,359	102	99	0.000521131077181	0.014601502822901603
435	16,13	286,349	7,2	139,85	304	99	1	1.0
437	555,480	2,3	376,279	1,1	103	99	1	1.0
438	49,47	282,318	17,8	161,85	344	99	1	1.0
439	44,47	10165,8159	68,28	4991,2911	162	99	1	1.0
440	3405,3019	0,1	1581,997	2,0	135	99	1	1.0
441	162,117	4,2	19,15	1,0	231	99	1	1.0
442	223,196	226,222	74,55	111,50	102	99	1	1.0
443	0,2	906,954	5,1	673,449	147	99	1	1.0
444	591,387	1944,1282	198,115	993,503	102	99	1	1.0
445	10,13	1130,1152	1,5	525,381	122	99	1	1.0
446	118,140	2,1	98,65	3,0	202	99	1	1.0
447	79,113	2,1	84,66	3,0	357	99	1	1.0
448	72,104	111,131	74,60	88,59	254	99	1	1.0
450	18,13	25,21	10,6	18,8	153	99	1	1.0
452	0,2	10608,8286	4,3	7549,4944	103	99	1	1.0
454	18,18	5,0	17,11	0,1	278	99	0.517036985407	1.0
456	115,115	2,6	96,43	3,0	436	99	1	1.0
457	2036,1946	0,3	1041,546	0,0	3075	99	1	1.0
458	12,12	14,19	0,0	7,5	122	99	8.6114841169e-07	4.918482274460192e-05
463	16091,13278	0,0	9118,5714	0,1	607	99	1	1.0
465	7,14	2165,2238	11,2	963,678	431	99	1	1.0
467	10,8	1,0	7,4	0,0	108	99	1	1.0
469	240,133	101,97	98,76	35,32	439	99	1	1.0
470	2,3	0,1	1,1	0,1	173	99	1	1.0
471	9,11	4,2	9,2	1,0	159	99	0.0768622650487	0.8454849155356999
472	2,1	101,96	0,0	56,23	123	99	1	1.0
473	25,16	10,9	11,5	12,9	297	99	0.149477033993	1.0
474	43,24	2,0	22,10	0,0	367	99	1	1.0
475	28,17	2,0	23,14	0,0	169	99	1	1.0
477	66,51	17,29	12,13	18,8	114	99	0.225809969805	1.0
478	0,0	6,8	2,0	0,2	325	99	1	1.0
479	5695,4612	3,6	3554,2321	0,2	117	99	1	1.0
480	2483,2085	110,76	1452,1084	63,41	117	99	1	1.0
481	2478,2075	1,8	1442,1077	6,2	117	99	1	1.0
482	2865,2383	1,8	1720,1213	6,2	138	99	1	1.0
483	391,311	4,3	279,137	1,1	120	99	1	1.0
484	2474,2074	3,1	1442,1076	3,2	117	99	1	1.0
485	3430,2705	3,1	2091,1324	3,2	138	99	1	1.0
486	956,633	0,2	650,248	1,0	120	99	1	1.0
487	147,121	1158,1109	25,20	604,363	112	99	1	1.0
488	102,72	115,99	19,17	119,97	112	99	5.48066972361e-07	3.69945206343675e-05
489	9,12	149,161	3,5	77,57	351	99	1	1.0
490	68,63	90,67	12,21	70,67	120	99	0.00135057390039	0.03399325834032458
491	424,377	1,2	179,151	3,0	139	99	1	1.0
492	9,10	186,204	4,2	173,102	111	99	1	1.0
493	15,3	41,49	11,13	26,22	396	99	1	1.0
495	8,5	1,0	3,0	0,0	103	99	1	1.0
497	10,13	23,32	11,14	8,9	532	99	0.5629090012	1.0
498	4,5	11,10	7,8	1,2	104	99	0.000322544810691	0.010191043486726276
502	314,301	3,7	168,126	0,1	113	99	1	1.0
503	481,546	17,12	240,150	0,0	126	99	1	1.0
504	9,6	14,18	2,2	10,2	146	99	1	1.0
505	202,266	1,1	144,80	0,0	482	99	1	1.0
506	97,65	2,0	59,42	0,0	478	99	1	1.0
507	17,16	79,47	10,17	26,20	129	99	0.594128002485	1.0
508	5,6	169,179	45,30	32,28	103	99	0	0.0
509	54,38	47,34	23,21	24,19	285	99	1	1.0
510	13,5	28,23	5,6	16,9	169	99	1	1.0
512	269,164	0,0	168,79	6,5	103	99	1	1.0
516	113,126	2,2	57,40	0,0	552	99	1	1.0
517	47,38	57,84	12,15	12,17	395	99	1	1.0
519	1,1	115,87	5,0	64,39	218	99	1	1.0
520	260,209	17,14	131,94	7,3	103	99	1	1.0
523	52,49	247,297	23,22	116,96	306	99	1	1.0
524	2,3	323,237	0,0	151,109	103	99	1	1.0
525	614,423	0,0	257,120	0,3	123	99	1	1.0
526	668,493	32,28	437,210	1,0	129	99	1	1.0
527	1180,891	13,6	614,364	3,1	341	99	1	1.0
528	84,84	7,4	45,40	2,0	179	99	1	1.0
533	7,3	37,30	20,9	2,4	117	99	3.45891576492e-08	2.70341574258221e-06
534	58,61	1,0	14,14	1,0	203	99	1	1.0
535	80,128	37,31	66,50	40,11	159	99	1	1.0
536	42,41	10,19	14,4	4,2	119	99	1	1.0
537	17,18	10,19	29,6	4,2	144	99	0.01737994449	0.2555368076004951
538	10,7	35,30	24,5	9,3	124	99	3.55468437623e-05	0.001426677378027446
539	4,2	200,144	3,3	114,61	102	99	1	1.0
541	139,162	85,108	48,54	78,31	296	99	1	1.0
542	0,2	1,0	0,2	0,0	116	99	1	1.0
543	20,22	26,18	1,4	26,32	122	99	1.30952584064e-05	0.000607701835422
544	100,42	9,12	80,52	9,2	736	99	0.518172933443	1.0
545	91,65	9,12	95,61	9,2	741	99	0.463127233352	1.0
546	15,31	24,8	15,9	0,0	104	99	0.00130226711826	0.03334252880372586
547	3,5	55,60	1,1	42,17	102	99	1	1.0
548	14,9	28,28	1,7	12,5	111	99	1	1.0
549	7,2	110,102	1,1	51,34	310	99	1	1.0
553	5,2	42,29	8,3	31,13	313	99	1	1.0
554	16,15	110,106	1,0	52,43	114	99	1	1.0
556	2,2	96,76	1,1	9,8	103	99	1	1.0
557	78,90	99,94	16,13	84,41	117	99	0.000362764258564	0.01122301924932375
558	67,52	2,0	26,25	2,1	200	99	1	1.0
559	10,11	33,45	13,3	9,7	124	99	0.238947123931	1.0
560	147,99	7,1	92,49	4,2	221	99	1	1.0
561	3,3	111,89	2,0	33,29	270	99	1	1.0
564	9,11	53,59	21,8	38,23	236	99	1	1.0
565	0,1	424,473	0,0	180,99	103	99	1	1.0
566	180,144	5,5	131,62	0,1	130	99	1	1.0
567	2,0	13,11	0,0	15,6	111	99	1	1.0
568	0,2	0,2	1,0	0,1	110	99	1	1.0
569	1,2	3,5	1,0	0,0	126	99	1	1.0
570	1,2	3,5	0,1	0,0	115	99	1	1.0
571	10,17	784,691	0,0	312,190	263	99	1	1.0
572	11,16	26,22	12,7	16,4	559	99	1	1.0
573	40,41	20,15	13,7	16,5	118	99	0.237641230134	1.0
574	4,11	20,15	2,1	16,5	127	99	0.376138746181	1.0
575	4,6	40,36	0,1	11,7	108	99	1	1.0
576	1,0	49,58	1,0	25,13	120	99	1	1.0
577	11,28	148,121	25,11	39,31	117	99	0.0945362332707	0.9797989653210001
578	42,42	6,5	21,15	0,1	741	99	0.0023057993838	0.051271812039734334
579	36,34	2,1	10,5	0,0	122	99	1	1.0
580	185,162	7,5	83,43	3,1	190	99	1	1.0
581	4,3	0,0	8,2	0,1	212	99	1	1.0
582	71,78	3,3	25,22	2,1	112	99	1	1.0
584	2480,2546	3,0	1320,1008	0,0	211	99	1	1.0
585	0,4	10,3	1,0	3,1	259	99	1	1.0
586	84,69	25,24	56,39	13,1	103	99	0.49190764457	1.0
588	0,1	24,33	0,2	7,6	252	99	1	1.0
589	30,25	5,0	10,6	4,0	269	99	1	1.0
590	7,0	40,28	1,0	14,15	282	99	1	1.0
591	19,15	375,265	9,3	156,110	116	99	1	1.0
593	11,7	824,846	12,6	569,436	254	99	1	1.0
594	0,3	78,94	2,0	80,51	103	99	1	1.0
595	2,4	0,1	0,4	0,0	103	99	1	1.0
596	7,8	72,57	7,1	33,20	102	99	1	1.0
597	45,36	11,10	26,19	3,2	115	99	0.577977545487	1.0
598	12,3	1,0	3,5	0,0	166	99	1	1.0
600	51,78	85,86	35,41	40,21	146	99	0.708036486675	1.0
601	28,17	0,0	12,4	2,0	103	99	1	1.0
603	75,85	0,1	38,40	0,0	115	99	1	1.0
604	1066,1079	0,0	337,208	0,1	444	99	1	1.0
605	12,21	5,15	7,7	6,4	258	99	1	1.0
606	71,70	160,142	72,44	89,60	315	99	1	1.0
607	9,12	34,33	7,5	34,25	125	99	1	1.0
608	24,32	34,33	20,18	34,25	541	99	1	1.0
609	20,30	5,10	18,16	5,3	515	99	1	1.0
610	1,1	5,3	0,0	1,0	107	99	1	1.0
611	47,62	6,9	29,17	1,1	116	99	1	1.0
612	480,381	4,1	205,146	0,0	259	99	1	1.0
614	93,69	52,81	129,59	44,21	1002	99	0.684952600712	1.0
615	234,183	1,1	76,48	0,0	323	99	1	1.0
616	4,12	105,90	11,9	89,64	307	99	1	1.0
618	100,83	100,112	22,38	69,62	342	99	1	1.0
619	92,73	100,112	21,35	69,62	382	99	1	1.0
620	8,0	16,10	3,2	4,5	139	99	0.780942747628	1.0
621	54,85	213,190	64,70	70,59	524	99	0.965927172369	1.0
623	261,324	1,2	146,144	0,0	653	99	1	1.0
624	87,103	19,8	38,34	6,1	114	99	1	1.0
626	29,41	22,13	15,12	12,2	103	99	1	1.0
627	5,15	22,6	7,3	1,2	103	99	0.109666701815	1.0
628	18,3	19,14	4,0	7,8	120	99	0.434931718196	1.0
629	64,33	0,1	24,16	0,0	201	99	1	1.0
630	65,44	0,1	27,24	0,0	180	99	1	1.0
631	3,2	225,203	5,10	144,84	105	99	1	1.0
632	343,328	38,39	192,175	32,12	2780	99	1	1.0
633	2,0	29,28	3,0	15,13	291	99	1	1.0
635	4,2	4,4	3,3	2,3	137	99	0.766037048457	1.0
636	0,3	317,264	2,1	159,86	117	99	1	1.0
637	381,250	46,44	164,90	25,20	295	99	1	1.0
638	216,216	4,5	109,61	10,3	105	99	1	1.0
639	93,91	70,61	79,41	68,29	105	99	1	1.0
640	4,2	2,2	0,0	1,0	130	99	1	1.0
641	329,368	0,0	401,272	0,1	102	99	1	1.0
642	157,113	24,16	99,61	9,3	127	99	1	1.0
643	16,12	282,284	4,5	195,111	102	99	1	1.0
644	11,2	64,68	3,1	51,29	122	99	1	1.0
645	9,12	349,373	2,2	237,127	388	99	1	1.0
646	1,1	126,96	1,0	36,44	102	99	1	1.0
647	4,1	0,1	0,0	4,1	158	99	0.000307800792549	0.009936612542070978
648	16,26	983,1195	9,8	667,457	459	99	1	1.0
649	1647,1797	14,16	1040,663	16,18	260	99	1	1.0
650	391,411	267,292	260,224	115,75	134	99	0.227804569544	1.0
652	0,0	66,81	0,2	35,20	108	99	1	1.0
654	6,7	4,3	7,1	2,0	306	99	0.279224796235	1.0
655	16,19	4,3	10,5	2,0	508	99	0.371363976307	1.0
656	12,12	2,0	4,4	1,0	301	99	1	1.0
657	9,11	0,1	7,5	1,0	113	99	1	1.0
658	9,21	128,134	24,13	53,27	115	99	0.0325278727027	0.4200338344653
659	1,3	0,1	2,0	0,0	157	99	1	1.0
662	22,36	14,28	2,6	9,5	103	99	0.318566864424	1.0
663	4,14	35,39	6,2	12,12	320	99	1	1.0
664	47,45	264,214	6,4	127,102	102	99	0.323526994648	1.0
665	521,428	60,56	267,172	50,34	747	99	0.784902146931	1.0
666	13,6	217,256	8,4	185,98	129	99	1	1.0
668	188,244	23,14	81,74	15,20	120	99	0.627016027485	1.0
669	4,6	3,2	0,0	3,1	125	99	3.53177711693e-05	0.001426677378027446
670	3,3	12,10	0,0	2,1	250	99	1	1.0
672	10,8	12,10	0,4	0,4	203	99	1	1.0
673	0,1	4,13	0,0	3,2	118	99	1	1.0
674	37,31	10,26	14,6	2,5	821	99	1	1.0
676	5,2	1533,1168	5,0	753,423	174	99	1	1.0
678	3,0	72,56	3,2	28,17	328	99	1	1.0
679	210,201	57,72	73,51	30,31	102	99	1	1.0
681	56,64	86,122	5,1	15,15	188	99	0.167219732971	1.0
682	678,692	3,1	379,306	2,2	293	99	1	1.0
684	6,7	58,40	2,4	38,15	102	99	1	1.0
685	101,110	0,1	54,34	0,0	123	99	1	1.0
687	6,7	80,41	5,10	29,22	377	99	1	1.0
688	7,11	0,2	0,4	5,2	102	99	0.00351228777856	0.07144859385152877
689	3,7	0,0	0,0	6,4	102	99	2.52353693497e-12	5.353503354900644e-10
690	53,79	9,3	25,29	5,6	412	99	0.407949743096	1.0
691	40,46	5,5	55,38	1,0	126	99	1	1.0
692	5,3	1,0	2,5	0,0	263	99	1	1.0
693	3,0	294,227	1,1	131,69	124	99	1	1.0
694	40,29	819,709	28,19	561,293	525	99	1	1.0
695	11,7	120,83	2,0	66,44	304	99	1	1.0
696	53,54	9,13	47,24	4,2	336	99	0.249481615424	1.0
697	20,25	20,21	7,3	8,8	153	99	0.59247554041	1.0
698	86,94	3,2	64,35	3,0	410	99	1	1.0
699	36,41	0,0	19,14	0,1	173	99	1	1.0
700	77,71	3,1	29,25	0,0	185	99	1	1.0
701	82,81	25,21	53,25	31,8	120	99	0.868183048867	1.0
702	1,0	238,198	0,0	83,54	275	99	1	1.0
703	3,2	460,316	3,0	239,115	103	99	1	1.0
704	18,14	4,5	22,14	9,6	157	99	1	1.0
705	4,8	222,214	8,4	115,71	451	99	1	1.0
706	32,17	579,525	27,17	564,434	291	99	1	1.0
707	3,2	1,1	0,1	0,0	103	99	1	1.0
708	7,5	850,821	2,3	539,313	102	99	1	1.0
709	0,0	296,272	1,1	213,114	103	99	1	1.0
710	98,92	0,1	64,45	1,0	210	99	1	1.0
711	25,38	4,0	29,24	0,0	303	99	1	1.0
712	10,15	38,52	18,14	10,7	130	99	8.35684011914e-05	0.003026806726078756
713	11,5	38,52	9,9	10,7	135	99	0.0100983056231	0.16124713817530648
714	3,1	2,11	1,2	10,7	104	99	1	1.0
717	3,1	58,29	4,0	13,10	119	99	1	1.0
718	96,50	14,2	62,25	4,0	231	99	0.69231812526	1.0
719	11,6	123,90	5,1	97,68	102	99	1	1.0
720	76,55	102,89	36,21	51,20	506	99	1	1.0
721	434,371	13,9	280,163	1,1	144	99	1	1.0
723	13,3	1424,1065	1,2	723,389	364	99	1	1.0
724	2,3	953,669	13,0	486,256	104	99	1	1.0
725	34,30	5,10	29,6	1,0	307	99	0.000582074994855	0.0160070623585125
726	571,481	1,1	440,266	0,0	2326	99	1	1.0
727	27,25	212,250	22,21	104,87	374	99	1	1.0
728	130,85	28,34	69,27	16,14	121	99	1	1.0
729	22,24	21,27	10,6	23,7	1345	99	1	1.0
730	1805,1585	4,13	962,656	15,5	102	99	1	1.0
731	907,637	656,513	744,455	157,115	113	99	2.23761043028e-09	2.3888458960916783e-07
732	237,238	8,5	101,77	0,0	437	99	1	1.0
734	5,8	0,3	3,1	1,0	108	99	1	1.0
735	24,19	17,15	38,26	0,0	122	99	3.96793709001e-13	1.4730966446662126e-10
737	49,47	0,1	18,10	0,0	372	99	1	1.0
738	25,18	4,6	11,7	0,1	104	99	0.231289607685	1.0
739	180,158	7,4	90,55	5,3	146	99	1	1.0
741	10,9	33,26	7,1	8,2	103	99	0.563270491248	1.0
742	1,0	2,0	1,1	0,0	103	99	1	1.0
743	3,5	109,77	3,1	123,90	103	99	1	1.0
746	22,12	16,16	18,7	1,1	104	99	0.000112010715993	0.0038682770523163954
747	0,0	13,15	1,0	8,3	138	99	1	1.0
749	175,151	6,2	148,86	1,2	120	99	1	1.0
751	5,3	72,56	0,0	38,22	326	99	1	1.0
753	16,11	30,31	4,5	15,6	128	99	1	1.0
754	0,0	1,2	0,1	0,5	105	99	1	1.0
755	109,116	154,149	36,38	62,45	200	99	1	1.0
756	15,17	45,19	3,2	32,7	206	99	0.2598210023	1.0
757	15,10	0,2	16,3	0,0	125	99	1	1.0
758	6,4	242,218	0,4	154,142	332	99	1	1.0
760	3,2	2,3	1,2	0,1	196	99	0.00681730480258	0.11283337243463999
761	11,8	665,718	0,0	367,239	166	99	1	1.0
762	31,41	7,6	15,12	1,0	359	99	0.00222152145677	0.05075322097389923
763	14,25	158,100	17,10	76,25	126	99	1	1.0
764	181,126	7,6	79,30	1,0	332	99	1	1.0
765	61,56	32,21	37,17	4,1	116	99	0.00606833940666	0.10601745904576587
766	30,14	18,7	23,6	7,3	116	99	0.774190756604	1.0
768	45,40	4,1	27,21	2,3	103	99	1	1.0
769	21,21	27,51	8,8	7,3	110	99	0.164513146823	1.0
770	75,48	304,396	34,41	189,154	283	99	1	1.0
771	0,2	249,212	0,0	106,69	103	99	1	1.0
772	233,132	46,26	149,56	10,7	399	99	0.152401842445	1.0
773	129,122	4,1	82,35	0,0	267	99	1	1.0
774	0,3	1,0	1,0	1,0	233	99	1	1.0
775	56,39	0,0	25,17	1,0	344	99	1	1.0
776	27,14	5,2	12,4	2,0	241	99	0.257924830831	1.0
778	6,3	104,86	0,6	73,37	679	99	1	1.0
779	82,53	6,1	24,15	0,2	157	99	1	1.0
780	245,194	80,71	157,87	48,49	290	99	1	1.0
781	14,19	74,82	5,0	34,32	143	99	1	1.0
782	29,6	5,2	8,3	4,3	401	99	0.169026737561	1.0
783	3,10	124,87	12,10	52,21	286	99	1	1.0
784	22,14	0,0	7,6	1,3	219	99	0.11170321857	1.0
785	6,9	256,271	7,3	137,85	294	99	1	1.0
786	31,32	226,229	23,4	124,70	253	99	1	1.0
787	225,214	56,54	89,61	19,24	114	99	1	1.0
788	223,161	360,225	120,76	164,83	594	99	1	1.0
789	53,33	897,551	44,25	440,205	620	99	1	1.0
790	57,49	1,0	29,25	0,0	117	99	1	1.0
791	92,78	61,58	36,16	65,39	168	99	0.00550026148813	0.10209860387341312
792	206,178	0,0	135,88	3,2	302	99	1	1.0
793	92,64	35,35	36,7	14,6	462	99	1	1.0
794	149,126	41,50	42,21	28,16	117	99	0.233310201824	1.0
795	319,288	151,137	177,102	85,58	120	99	1	1.0
796	6,4	116,82	5,2	47,31	118	99	1	1.0
797	24,14	307,349	14,4	109,119	260	99	1	1.0
800	27,21	83,96	13,4	22,26	139	99	1	1.0
801	18,19	8,3	3,1	4,4	168	99	0.0105143740631	0.16610473918833513
802	2,3	49,35	5,6	8,8	104	99	0.00600309800697	0.10601745904576587
803	17,13	1136,996	29,3	595,402	330	99	1	1.0
804	20,15	1136,996	36,5	595,402	416	99	1	1.0
805	5,4	1,2	7,2	0,0	185	99	0.331176628541	1.0
806	147,149	1,0	82,46	14,1	202	99	0.307855773162	1.0
807	15,18	308,251	18,14	165,104	673	99	1	1.0
808	100,67	5,1	61,30	2,2	105	99	1	1.0
809	10,9	313,268	10,6	157,120	104	99	1	1.0
810	165,155	17,13	90,72	3,2	107	99	1	1.0
811	7,4	1,3	0,3	8,0	144	99	0.35057269854	1.0
812	18,14	2653,2303	9,0	1017,697	102	99	1	1.0
813	35,11	30,28	17,6	26,4	110	99	1	1.0
814	1,0	11,10	3,2	10,0	117	99	0.103989953564	1.0
815	137,106	78,55	143,84	35,26	113	99	0.230513827098	1.0
817	32,37	476,401	18,21	253,147	103	99	1	1.0
818	4,13	2,8	3,2	2,3	208	99	0.511712173124	1.0
819	10,10	203,223	12,17	179,132	354	99	1	1.0
820	129,129	15,7	67,53	5,3	251	99	1	1.0
821	141,138	0,0	69,57	1,0	456	99	1	1.0
822	31,17	0,0	7,7	1,0	304	99	1	1.0
823	71,63	60,47	39,26	39,12	162	99	1	1.0
824	64,92	7,8	28,24	11,3	110	99	0.85726545569	1.0
825	17,8	7,8	18,11	11,3	256	99	1	1.0
826	17,8	64,92	18,11	28,24	245	99	0.64915312972	1.0
827	2,0	38,31	0,0	11,8	132	99	1	1.0
828	10,13	5,8	7,1	5,2	119	99	0.866787233214	1.0
829	3,6	8,11	0,0	15,5	110	99	0.0305284415275	0.3976731198976974
830	12,20	130,141	3,5	44,33	117	99	1	1.0
831	49,50	87,67	3,4	68,31	104	99	7.83896579204e-07	4.8503600838247495e-05
832	147,136	0,1	27,34	0,0	314	99	1	1.0
833	10,11	1,0	6,5	0,0	137	99	1	1.0
835	122,99	1,2	58,40	2,0	297	99	1	1.0
836	0,3	0,0	4,4	0,1	101	99	1	1.0
837	108,96	0,0	93,48	1,1	113	99	1	1.0
839	2,5	48,32	1,1	11,5	517	99	1	1.0
840	0,1	914,885	0,0	453,313	103	99	1	1.0
841	4,8	30,11	2,0	11,12	152	99	0.408005588662	1.0
842	216,150	690,518	159,58	178,97	117	99	0.0157947529281	0.23933885814518874
843	67,84	69,83	57,35	25,29	220	99	0.749823275398	1.0
844	5,3	563,494	5,1	314,208	103	99	1	1.0
845	10,7	118,109	20,6	33,27	104	99	0.0622683430975	0.7358154644998929
846	102,82	4,2	26,7	1,0	118	99	1	1.0
848	44,49	0,0	34,28	0,1	143	99	1	1.0
850	7,6	12,37	1,2	9,3	561	99	1	1.0
851	25,45	63,61	26,10	45,28	135	99	1	1.0
852	221,201	13,6	108,44	0,1	134	99	1	1.0
853	49,48	13,6	23,11	0,1	199	99	0.002957116564	0.061849550669577466
854	4,4	176,157	6,0	91,33	164	99	1	1.0
855	3,0	6,8	0,0	3,1	105	99	1	1.0
856	41,33	0,0	35,19	1,0	299	99	1	1.0
857	335,283	23,29	165,96	3,0	146	99	1	1.0
858	239,212	146,144	243,117	22,13	111	99	4.23583390585e-12	7.862766687734063e-10
859	251,244	3,6	156,115	1,2	297	99	1	1.0
860	898,638	35,40	415,245	28,15	181	99	1	1.0
861	11,13	28,21	18,5	1,8	144	99	0.109459435103	1.0
862	13,3	26,19	3,3	11,11	312	99	1	1.0
863	12,10	2,1	11,9	0,0	120	99	0.615075854875	1.0
864	29,20	161,79	17,7	115,78	217	99	1	1.0
865	28,19	179,156	18,7	108,60	217	99	1	1.0
867	83,88	8,10	47,25	4,4	474	99	1	1.0
868	35,23	8,10	20,11	4,4	505	99	1	1.0
869	9,8	53,69	7,4	32,16	130	99	1	1.0
870	745,528	4,0	473,240	1,0	111	99	1	1.0
872	616,652	51,61	235,145	66,39	144	99	0.0116440192166	0.18201440564895788
873	1591,1650	1334,1257	1108,810	767,594	156	99	1	1.0
874	3718,3587	0,0	2243,1584	0,1	114	99	1	1.0
875	3994,3638	1,0	2618,1730	4,0	117	99	1	1.0
876	51,43	34,48	36,15	9,2	125	99	0.0060271445909	0.10601745904576587
877	254,269	47,45	140,88	17,12	247	99	1	1.0
878	75,87	5,7	37,30	0,0	191	99	0.736258739174	1.0
879	53,49	1,0	33,17	0,1	305	99	1	1.0
880	89,89	136,85	77,34	83,31	789	99	1	1.0
881	37,40	136,85	44,18	83,31	583	99	1	1.0
882	49,53	18,9	45,20	7,6	583	99	1	1.0
883	29,23	12,1	18,9	8,3	251	99	0.531757819741	1.0
884	61,52	30,21	38,19	3,8	419	99	0.44441207932	1.0
886	97,66	2,1	29,9	1,3	138	99	1	1.0
887	28,21	2,2	22,11	0,1	123	99	1	1.0
888	1,3	1830,1701	4,2	935,581	120	99	1	1.0
890	9,4	265,267	4,3	162,102	265	99	1	1.0
891	0,0	467,444	5,0	214,157	103	99	1	1.0
892	19,15	38,26	11,5	15,15	118	99	1	1.0
894	7,6	164,157	6,1	90,53	103	99	1	1.0
895	7,6	34,21	4,1	10,4	103	99	1	1.0
897	11,12	263,202	6,3	106,54	103	99	1	1.0
898	3,1	0,0	3,4	3,0	116	99	1	1.0
899	3,2	1136,1019	14,8	526,300	337	99	1	1.0
900	0,2	1136,1019	14,5	526,300	320	99	1	1.0
901	49,35	744,802	29,19	359,258	311	99	1	1.0
902	48,36	744,802	34,22	359,258	565	99	1	1.0
903	5,8	6,7	10,8	5,5	353	99	0.837270846132	1.0
904	15,31	7,11	2,4	9,8	103	99	0.00150739475328	0.037308020143679996
905	142,140	6,0	92,56	3,2	1034	99	0.771063394198	1.0
906	30,36	224,217	29,10	130,110	393	99	1	1.0
908	109,65	18,16	53,19	14,8	108	99	1	1.0
909	12,8	941,826	4,3	460,322	103	99	1	1.0
910	26,33	810,765	20,11	400,195	135	99	1	1.0
913	30,20	112,122	51,25	93,53	231	99	1	1.0
914	6,0	62,55	5,2	43,30	242	99	1	1.0
916	36,21	1,0	7,8	0,0	260	99	1	1.0
917	142,115	806,754	51,27	342,255	566	99	1	1.0
918	1,0	0,0	0,0	0,1	117	99	1	1.0
919	0,0	18,13	0,1	4,5	434	99	1	1.0
920	5,12	85,81	2,4	30,26	300	99	1	1.0
921	15,21	398,387	17,4	218,127	274	99	1	1.0
922	16,10	127,126	4,4	51,34	383	99	1	1.0
923	68,51	156,116	58,30	30,22	105	99	6.68164087528e-05	0.0025441632563566155
924	11,3	0,0	4,2	1,0	163	99	1	1.0
926	0,4	108,113	1,1	83,45	138	99	1	1.0
928	3,1	22,15	3,1	18,7	130	99	1	1.0
929	31,22	0,1	15,16	0,0	450	99	1	1.0
930	2,1	2942,2944	2,1	1731,1240	139	99	1	1.0
931	59,32	3012,2848	63,39	2045,1292	117	99	1	1.0
932	39,28	0,2	11,9	0,0	240	99	1	1.0
933	236,158	66,36	57,31	67,31	122	99	7.29443559999e-07	4.709668202602239e-05
934	15,12	11,19	6,14	1,2	103	99	0.00306726311391	0.06326230172439376
935	697,547	2,0	557,364	2,1	1203	99	1	1.0
937	16,29	17,15	5,7	12,9	131	99	0.259850340145	1.0
939	471,452	0,1	217,214	0,0	544	99	1	1.0
940	14,15	0,3	6,2	7,8	110	99	8.69542966266e-05	0.0030744554878690718
942	91,99	0,0	84,53	0,2	210	99	1	1.0
943	2,6	3,3	2,2	5,2	220	99	0.560128393376	1.0
944	11,14	0,3	23,14	0,0	135	99	1	1.0
945	11,16	164,196	24,14	97,60	135	99	1	1.0
946	731,632	36,41	414,262	3,5	138	99	1	1.0
947	14,17	155,136	17,12	152,100	123	99	1	1.0
948	212,141	0,1	160,98	0,0	103	99	1	1.0
949	6,2	138,128	5,2	90,39	285	99	1	1.0
950	17,14	1,0	31,12	0,1	295	99	1	1.0
951	76,46	16,13	7,12	18,3	111	99	0.26928726759	1.0
952	1,0	52,44	2,0	12,9	279	99	1	1.0
953	2,2	84,67	0,0	66,31	103	99	1	1.0
954	54,66	1,0	33,9	4,1	128	99	1	1.0
955	195,194	2,0	92,74	0,1	1458	99	1	1.0
956	596,575	9,2	352,239	1,0	122	99	1	1.0
957	147,114	0,4	72,55	0,0	122	99	1	1.0
960	219,166	1757,1614	174,123	1040,702	551	99	1	1.0
961	283,215	1757,1614	199,157	1040,702	656	99	1	1.0
962	92,67	16,13	50,45	23,10	204	99	0.631290363216	1.0
963	1,1	13,6	0,0	0,1	132	99	1	1.0
964	77,52	0,0	16,11	0,1	681	99	1	1.0
965	16,16	235,224	14,13	199,98	160	99	1	1.0
966	29,7	449,323	18,12	256,136	311	99	1	1.0
967	126,93	102,82	49,24	84,42	270	99	0.381390119323	1.0
968	58,62	18,28	31,14	11,2	159	99	1	1.0
969	1548,1440	106,111	688,477	86,65	842	99	0.233801015395	1.0
970	3,0	12,14	0,1	7,2	121	99	1	1.0
974	12,1	26,29	1,2	16,5	141	99	1	1.0
975	0,0	101,86	0,1	24,22	105	99	1	1.0
976	61,75	3,3	52,32	0,0	104	99	1	1.0
977	1,1	21,27	0,0	16,8	108	99	1	1.0
978	4,0	25,19	2,3	24,5	124	99	1	1.0
979	7,2	1,0	1,3	0,0	453	99	1	1.0
980	7,1	227,140	0,0	122,73	103	99	1	1.0
982	102,86	5,0	77,57	1,0	949	99	0.766811207918	1.0
983	833,805	6,5	156,165	0,0	132	99	1	1.0
984	8,7	0,0	11,0	0,2	181	99	0.561786285869	1.0
985	194,157	3,1	85,51	3,0	109	99	1	1.0
988	17,17	41,33	4,1	31,16	166	99	0.112644024599	1.0
989	1,3	7213,7208	1,2	4764,3537	103	99	1	1.0
990	19,10	613,548	10,6	337,191	508	99	1	1.0
991	5,6	613,548	5,3	337,191	269	99	1	1.0
992	1,0	24,16	1,0	25,11	117	99	1	1.0
993	1,3	301,336	4,4	120,90	108	99	1	1.0
994	6,4	27,38	1,2	16,13	261	99	1	1.0
995	62,53	1,1	12,22	0,2	545	99	1	1.0
998	0,0	2201,2202	1,0	1122,635	103	99	1	1.0
1000	23,23	48,52	27,19	57,37	659	99	1	1.0
1001	46,44	52,81	10,17	36,24	138	99	1	1.0
1002	0,4	78,67	3,1	33,18	412	99	1	1.0
1004	1,4	2,12	0,0	6,2	127	99	0.887618844808	1.0
1006	7,5	38,26	25,19	65,37	110	99	0.415771343589	1.0
1007	1376,1220	19,50	984,574	25,31	123	99	1	1.0
1008	9,4	3204,2766	1,2	1465,1091	278	99	1	1.0
1009	26,14	0,2	12,7	0,0	337	99	1	1.0
1010	30,41	487,471	9,9	175,137	309	99	1	1.0
1012	32,21	40,25	14,10	5,4	111	99	0.0425016439153	0.5348723831713602
1013	350,212	7,8	203,99	14,3	140	99	1	1.0
1016	382,141	1,3	245,117	0,0	143	99	1	1.0
1017	130,148	28,40	68,42	5,3	117	99	0.132910397103	1.0
1018	7,7	41,42	3,3	6,12	400	99	1	1.0
1019	83,85	23,15	57,50	1,2	104	99	0.0201671175933	0.2907589284082573
1020	106,109	2,4	90,56	0,0	155	99	1	1.0
1021	3,0	18,41	1,0	23,8	119	99	1	1.0
1022	0,1	105,85	0,1	59,35	102	99	1	1.0
1023	12,5	20,15	9,3	21,8	102	99	1	1.0
1024	253,262	7,3	125,56	1,0	322	99	1	1.0
1025	5,6	3500,3627	6,0	2084,1451	384	99	1	1.0
1026	197,183	1,0	74,64	1,0	494	99	1	1.0
1027	135,117	12,4	89,45	6,1	216	99	1	1.0
1028	2,13	54,47	1,5	40,18	113	99	1	1.0
1029	4,9	0,2	5,3	0,0	224	99	1	1.0
1030	29,32	68,79	39,29	38,23	505	99	0.963980964865	1.0
1032	9,11	9,6	11,4	5,6	360	99	1	1.0
1035	4,11	9,10	7,6	6,5	653	99	1	1.0
1037	9,9	6,7	8,10	0,0	248	99	2.25211060911e-09	2.3888458960916783e-07
1038	63,57	0,1	47,40	0,0	103	99	1	1.0
1039	117,96	24,13	50,23	17,6	146	99	0.881881659545	1.0
1040	9,8	131,100	3,0	77,37	237	99	1	1.0
1041	212,165	1,5	59,43	4,1	342	99	1	1.0
1042	46,61	6,2	23,30	0,1	104	99	1	1.0
1044	0,0	21,15	0,3	12,10	103	99	1	1.0
1046	13987,9346	14697,9854	15015,9096	5256,3195	110	99	1.64522839796e-11	2.7146268566339997e-09
1047	89,46	2,4	7,4	11,12	105	99	1.64094737798e-10	2.215278960273e-08
1048	4,5	0,0	0,0	1,0	105	99	1	1.0
1049	62,62	17,20	28,23	11,6	252	99	1	1.0
1050	17,13	5,3	9,0	0,4	166	99	0.794450080353	1.0
1051	15,7	263,265	6,7	133,71	252	99	1	1.0
1052	0,0	60,67	2,0	42,14	117	99	1	1.0
1053	14,6	0,1	12,0	1,0	126	99	1	1.0
1055	348,366	2,4	206,133	0,1	470	99	1	1.0
1056	6,0	72,49	1,5	30,16	270	99	1	1.0
1057	4,4	95,109	0,2	76,24	276	99	1	1.0
1059	4,0	85,99	0,3	66,33	103	99	1	1.0
1061	56,35	1,0	17,12	0,0	128	99	1	1.0
1062	11,5	20,18	2,1	20,16	158	99	0.210762392018	1.0
1064	55,53	74,82	6,9	53,28	180	99	0.0215061409769	0.30128886179902353
1065	0,1	33,17	0,0	8,5	183	99	1	1.0
1066	386,377	13,6	239,175	5,2	665	99	1	1.0
1067	6,9	16,11	20,17	13,9	272	99	0.126947639272	1.0
1068	46,30	54,52	48,38	8,5	111	99	6.27778706797e-09	5.589594446118618e-07
1069	5,2	33,23	5,1	0,6	111	99	0.13702564078	1.0
1070	40,56	62,74	33,25	50,32	115	99	1	1.0
1071	2,0	57,42	0,0	17,21	106	99	1	1.0
1072	99,120	39,35	63,44	14,10	149	99	1	1.0
1074	5,1	533,390	8,0	257,145	103	99	1	1.0
1075	16,6	508,487	2,8	248,187	274	99	1	1.0
1076	8,10	130,118	5,4	82,44	373	99	1	1.0
1077	22,42	4,6	17,14	0,0	386	99	0.000762675762987	0.020224526929208838
1078	29,43	18,14	22,11	5,2	170	99	0.356249472593	1.0
1079	4,5	4,4	2,0	1,1	136	99	0.179202513486	1.0
1081	1,9	92,72	4,6	34,21	254	99	1	1.0
1084	2,0	343,252	4,3	148,111	337	99	1	1.0
1085	29,43	3,1	8,16	0,0	139	99	1	1.0
1086	1,10	7,1	7,2	7,0	290	99	0.807827469728	1.0
1087	11,23	130,165	15,6	44,36	498	99	1	1.0
1088	17,14	130,165	15,4	44,36	307	99	1	1.0
1089	1,0	2,3	1,0	1,0	219	99	1	1.0
1090	3,5	116,105	3,3	52,22	392	99	1	1.0
1091	3,3	18,22	1,1	20,10	263	99	1	1.0
1092	4,8	116,105	3,3	52,22	272	99	1	1.0
1093	17,23	814,565	5,2	292,174	105	99	1	1.0
1094	12,9	5,1	4,1	0,1	103	99	0.00885264493906	0.14289323624460978
1095	46,36	82,83	34,28	41,21	183	99	0.449291158716	1.0
1096	3,2	15,22	4,1	14,4	127	99	1	1.0
1097	41,49	132,111	36,13	55,51	241	99	1	1.0
1098	46,41	3,0	12,10	13,7	126	99	3.41087811773e-07	2.4119780975376427e-05
1099	66,83	65,77	38,22	29,30	241	99	1	1.0
1100	344,268	0,0	213,161	0,1	408	99	1	1.0
1101	85,75	1,4	26,25	0,0	175	99	1	1.0
1103	53,77	2,6	23,24	0,0	118	99	1	1.0
1104	322,331	434,553	125,102	228,129	217	99	1	1.0
1106	45,42	28,31	26,11	9,6	263	99	0.828333612783	1.0
1107	76,60	6,6	25,23	5,1	114	99	1	1.0
1108	266,250	5,0	146,104	1,4	109	99	1	1.0
1109	17,6	0,0	17,9	4,2	109	99	0.625559193097	1.0
1110	33,17	85,50	25,12	32,29	156	99	1	1.0
1111	8,8	3,9	3,3	2,2	149	99	1	1.0
1112	47,48	10,25	52,50	7,2	107	99	0.0851600323581	0.9163960003752065
1113	11,17	24,21	16,12	0,4	107	99	0.000146739729916	0.0048674094799109995
1115	14,14	2,1	1,0	2,2	129	99	3.44344115568e-05	0.001426677378027446
1116	29,23	144,151	26,9	58,31	374	99	1	1.0
1117	10,4	319,304	1,3	154,82	103	99	1	1.0
1118	42,40	231,243	21,16	209,109	273	99	1	1.0
1119	4,3	293,256	2,0	184,117	132	99	1	1.0
1120	9,10	0,3	5,2	13,1	117	99	0.00666121977092	0.112408083634275
1121	22,18	0,4	22,8	0,0	318	99	0.784743585663	1.0
1122	13,11	0,4	32,7	0,0	300	99	0.516754982281	1.0
1123	31,26	3,2	20,9	0,1	154	99	1	1.0
1124	9,3	11,13	4,1	5,1	152	99	0.766107424301	1.0
1126	6,3	186,182	2,2	118,70	243	99	1	1.0
1127	14,10	353,292	12,7	118,80	103	99	1	1.0
1128	18,10	2,0	4,3	1,0	102	99	1	1.0
1129	34,30	103,86	19,15	39,11	111	99	0.433799177051	1.0
1130	17,15	97,90	10,0	46,26	282	99	1	1.0
1132	103,67	1,0	33,24	0,0	118	99	1	1.0
1133	105,109	165,159	47,43	73,35	102	99	1	1.0
1135	74,67	1,3	46,33	2,3	146	99	1	1.0
1136	19,15	398,351	20,16	292,162	472	99	1	1.0
1137	17,24	120,66	18,17	42,30	103	99	0.513448271841	1.0
1138	179,103	650,474	44,22	508,309	116	99	0.48414055185	1.0
1139	111,60	16,6	45,28	2,2	228	99	0.546693022431	1.0
1140	166,85	36,37	68,41	50,14	245	99	0.610689857401	1.0
1141	71,31	36,37	25,15	50,14	116	99	0.476449851055	1.0
1142	3,1	5,0	1,1	2,0	110	99	0.524625561366	1.0
1146	127,136	8,2	44,47	6,4	127	99	1	1.0
1147	1168,1017	7,1	636,418	12,3	378	99	1	1.0
1148	18,13	51,80	4,10	37,26	233	99	1	1.0
1150	8,5	28,6	0,3	5,3	105	99	0.733145725117	1.0
1152	2,5	6,6	0,0	3,1	111	99	0.0508373023868	0.6255619217181818
1153	5,0	15,12	0,0	7,5	111	99	1	1.0
1154	12,11	3257,2592	15,6	2375,1429	103	99	1	1.0
1155	5583,4776	1,0	2888,1779	0,0	1287	99	1	1.0
1156	69,47	268,257	30,16	165,121	182	99	1	1.0
1157	11,9	0,3	0,0	5,3	106	99	5.36237720894e-13	1.59262603105518e-10
1160	96,74	30,55	61,36	48,21	175	99	1	1.0
1161	6,3	686,613	8,4	317,216	299	99	1	1.0
1162	49,34	4,6	16,10	2,1	331	99	1	1.0
1163	284,198	174,107	159,66	96,64	142	99	1	1.0
1164	415,312	24,17	241,110	13,7	181	99	1	1.0
1165	492,371	1,1	282,129	0,0	196	99	1	1.0
1166	305,221	24,17	178,108	13,7	138	99	1	1.0
1167	382,280	1,1	219,127	0,0	153	99	1	1.0
1168	101,76	1,1	54,26	0,0	114	99	1	1.0
1169	0,2	26,22	4,1	6,6	359	99	1	1.0
1170	17,24	9,9	14,15	0,0	116	99	6.0335037562e-05	0.002357829757357105
1171	4,0	179,182	0,0	118,73	103	99	1	1.0
1173	84,60	30,25	42,36	18,12	143	99	1	1.0
1174	46,21	74,72	29,30	84,81	328	99	1	1.0
1175	10,1	5,4	4,7	6,4	311	99	1	1.0
1178	12,12	98,109	6,2	47,29	236	99	1	1.0
1181	134,83	2,0	94,48	3,0	483	99	1	1.0
1182	36,24	0,1	25,8	0,1	247	99	1	1.0
1183	1,0	4,3	0,5	1,5	103	99	0.347820540674	1.0
1184	8,5	246,220	5,0	125,111	102	99	1	1.0
1185	4,1	760,693	5,2	352,251	159	99	1	1.0
1186	3,1	75,56	0,0	39,25	103	99	1	1.0
1187	7,12	55,41	7,1	17,11	126	99	1	1.0
1189	200,167	6830,5229	128,94	4003,2495	106	99	1	1.0
1191	3,10	4582,4063	4,2	2739,1952	103	99	1	1.0
1192	0,1	47,54	0,0	28,20	156	99	1	1.0
1193	28,14	0,1	17,12	3,4	175	99	0.0604507690709	0.723946710244246
1194	3,6	60,66	1,0	16,15	246	99	1	1.0
1195	36,39	56,59	47,31	4,3	111	99	9.38249478111e-13	2.3221674583247253e-10
1196	4,4	47,38	8,6	21,17	103	99	0.235765390195	1.0
1197	315,263	2,0	325,218	0,0	2627	99	1	1.0
1198	154,144	322,302	224,131	60,16	111	99	0	0.0
1199	95,46	15,7	44,8	33,26	105	99	0.000400019523482	0.011647627301387646
1200	25,8	7,6	5,8	6,5	126	99	0.550979308999	1.0
1201	32,17	0,1	16,19	4,4	1095	99	0.000371783299782	0.011267310207678979
1202	32,20	9,15	17,20	7,4	1131	99	1	1.0
1203	14,15	0,1	17,16	4,4	1068	99	0.0016146501201	0.03867347465078226
1204	14,18	9,15	18,17	7,4	1104	99	0.955625400237	1.0
1205	0,4	9,15	5,5	7,4	135	99	0.0569867983674	0.688011346143
1206	28,50	1,0	21,15	0,0	262	99	1	1.0
1207	1,3	88,102	1,4	47,38	103	99	1	1.0
1208	125,129	50,32	97,41	39,14	393	99	1	1.0
1210	2099,2019	1,0	1016,573	0,2	324	99	1	1.0
1211	4,1	3,1	4,2	0,0	150	99	0.0204503468959	0.29200735711934134
1212	54,30	56,47	16,21	44,23	103	99	1	1.0
1215	0,1	8,5	0,0	1,2	180	99	1	1.0
1216	53,51	27,13	43,36	20,19	206	99	1	1.0
1217	67,69	171,121	28,14	72,44	288	99	1	1.0
1218	41,31	109,114	11,18	51,34	935	99	1	1.0
1219	20,27	0,0	15,16	0,1	245	99	1	1.0
1220	7,7	20,29	3,2	11,7	566	99	1	1.0
1221	1,1	2,4	1,2	1,1	107	99	0.079470106067	0.8677434375698162
1222	94,104	67,59	45,39	50,27	1250	99	1	1.0
1223	6,1	223,238	4,0	122,51	291	99	1	1.0
1224	6,3	457,427	2,4	201,128	103	99	1	1.0
1225	26,30	420,399	7,8	212,117	342	99	1	1.0
1226	2,1	352,326	1,3	181,142	103	99	1	1.0
1227	914,554	64,77	989,569	40,13	652	99	0.0252991082005	0.3446713364930505
1229	0,0	145,94	1,0	51,38	102	99	1	1.0
1232	24,26	63,102	53,48	41,29	267	99	0.000147497256967	0.0048674094799109995
1233	4,2	431,465	1,0	183,130	278	99	1	1.0
1234	239,208	81,79	106,93	64,40	220	99	1	1.0
1236	20,19	7,7	8,9	1,3	174	99	0.670487764529	1.0
1237	28,67	2,0	17,10	0,0	102	99	1	1.0
1238	133,107	7,10	47,37	1,0	220	99	0.625971055527	1.0
1239	2,6	2,0	3,1	0,0	120	99	1	1.0
1240	5,3	3,1	4,4	6,11	103	99	0.081282256718	0.8810521987316059
1241	53,77	104,123	21,17	60,35	140	99	1	1.0
1243	28,12	116,71	7,4	59,36	302	99	1	1.0
1245	5,19	130,121	5,0	55,52	494	99	1	1.0
1246	5,12	4,6	6,3	6,4	317	99	0.843543626718	1.0
1247	17,23	216,197	16,17	99,93	692	99	1	1.0
1248	16,17	216,197	16,18	99,93	474	99	1	1.0
1250	4,2	99,60	0,1	43,38	168	99	1	1.0
1251	61,52	9,13	25,17	4,5	122	99	1	1.0
1252	4,11	3,0	3,1	0,0	381	99	0.447881502408	1.0
1253	22,24	37,24	4,5	4,8	792	99	1	1.0
1254	21,13	37,24	1,4	4,8	510	99	1	1.0
1255	21,5	984,907	35,28	892,572	345	99	1	1.0
1257	31,43	301,318	26,8	175,100	399	99	1	1.0
1259	113,131	3,0	38,17	0,0	163	99	1	1.0
1260	29,29	100,103	20,14	51,28	149	99	1	1.0
1261	23,16	1,2	12,10	1,0	149	99	1	1.0
1262	321,244	1,2	178,96	1,0	1119	99	1	1.0
1263	301,228	3,0	166,86	0,0	1069	99	1	1.0
1265	4,5	0,2	2,2	2,1	143	99	0.134799014381	1.0
1266	13,14	43,22	5,3	19,16	148	99	1	1.0
1267	86,98	1,0	53,18	0,0	507	99	1	1.0
1268	2,0	15,11	1,0	10,5	131	99	1	1.0
1269	21,20	5,7	7,7	5,6	278	99	0.180422532553	1.0
1270	13,13	64,49	11,13	39,11	163	99	0.790310845727	1.0
1271	277,226	8,3	122,66	1,0	105	99	1	1.0
1272	304,219	748,573	123,73	403,198	102	99	1	1.0
1274	3,8	2,0	8,0	0,0	114	99	1	1.0
1275	6,9	6,3	3,0	0,1	121	99	0.0536043234417	0.6524788550075779
1276	14,19	13,14	15,3	8,2	557	99	1	1.0
1277	102,95	0,0	33,20	1,0	210	99	1	1.0
1278	0,1	14,14	0,0	5,4	108	99	1	1.0
1279	12,24	2,0	17,2	0,0	126	99	1	1.0
1280	36,24	480,562	23,13	222,171	288	99	1	1.0
1281	62,59	116,105	29,14	69,46	337	99	1	1.0
1282	506,442	88,81	326,226	45,29	123	99	1	1.0
1283	4,3	102,86	5,1	28,19	291	99	1	1.0
1284	8,11	8,0	11,4	0,0	170	99	0.346166717625	1.0
1285	38,44	8,0	44,17	0,0	351	99	0.449822973681	1.0
1287	42,44	1,5	55,19	1,0	351	99	0.542955821218	1.0
1288	6,5	318,217	5,1	165,87	210	99	1	1.0
1289	69,35	1,1	26,24	0,0	383	99	1	1.0
1290	34,30	69,65	16,12	47,28	590	99	1	1.0
1294	0,2	124,127	0,0	73,42	103	99	1	1.0
1295	283,265	4,1	160,91	0,0	186	99	1	1.0
1296	7,4	20,14	2,1	5,3	137	99	1	1.0
1297	183,150	657,607	38,35	343,232	364	99	1	1.0
1299	34,32	369,193	49,15	169,68	250	99	1	1.0
1300	2,3	1,0	0,1	0,1	103	99	1	1.0
1301	20,24	558,488	24,17	237,184	104	99	1	1.0
1304	35,36	64,62	20,9	36,25	143	99	1	1.0
1307	1,5	9,8	2,1	2,0	522	99	1	1.0
1308	4,3	711,715	2,1	367,279	102	99	1	1.0
1312	7,4	199,200	7,1	140,84	192	99	1	1.0
1313	0,1	185,170	0,0	101,74	114	99	1	1.0
1315	1,3	2,1	1,0	0,0	143	99	1	1.0
1317	28,48	12,15	17,5	9,6	102	99	0.631797075321	1.0
1318	0,9	7,14	0,0	5,1	173	99	0.72366065048	1.0
1319	10,6	50,40	6,4	26,17	114	99	1	1.0
1320	77,27	10,1	43,20	1,0	111	99	1	1.0
1322	6,4	29,41	0,5	28,8	181	99	1	1.0
1323	3,0	0,0	1,0	0,1	162	99	1	1.0
1324	29,31	90,87	18,10	37,34	459	99	1	1.0
1325	1,4	76,79	0,0	37,15	102	99	1	1.0
1327	2,0	582,569	2,2	342,262	102	99	1	1.0
1329	3,3	255,255	1,3	142,102	116	99	1	1.0
1330	20,40	110,81	14,18	55,31	116	99	1	1.0
1331	186,136	2,7	92,52	3,2	140	99	1	1.0
1332	10,12	183,153	5,5	103,59	466	99	1	1.0
1335	0,6	118,101	0,2	79,37	138	99	1	1.0
1336	1,2	136,131	1,0	65,46	108	99	1	1.0
1337	1,0	36,21	1,0	16,4	257	99	1	1.0
1338	15,28	12,10	7,5	3,3	123	99	1	1.0
1340	5,6	98,83	0,0	39,17	180	99	1	1.0
1341	14,17	1008,1114	9,2	506,416	319	99	1	1.0
1342	9,10	39,29	21,9	28,11	324	99	0.844806151189	1.0
1345	2,0	10,13	0,0	5,5	203	99	1	1.0
1346	192,141	482,331	88,64	257,122	1281	99	1	1.0
1347	16,29	0,3	7,9	0,0	117	99	1	1.0
1348	12,22	23,32	4,1	8,3	129	99	1	1.0
1349	5,7	0,0	1,0	2,0	105	99	1	1.0
1351	147,119	1,0	79,27	0,0	433	99	1	1.0
1352	60,23	7,4	32,29	0,1	945	99	0.000486706893842	0.0138992257183725
1353	3,3	3,0	0,0	3,0	126	99	1	1.0
1354	9,16	286,279	12,12	191,90	280	99	1	1.0
1355	9,13	286,279	15,12	191,90	253	99	1	1.0
1356	1,7	1,6	9,0	0,0	334	99	1	1.0
1357	13,20	95,95	12,1	80,50	377	99	1	1.0
1358	13,19	95,95	3,1	80,50	142	99	1	1.0
1359	12,14	9,8	3,1	2,4	142	99	0.327511902668	1.0
1360	133,205	65,73	108,65	62,30	120	99	1	1.0
1361	7,13	51,63	4,0	17,19	491	99	1	1.0
1364	17,16	252,221	29,21	126,94	452	99	1	1.0
1365	5,0	3,0	3,3	0,0	147	99	1	1.0
1366	59,37	42,47	18,20	11,5	103	99	0.265144574758	1.0
1367	36,38	103,94	32,10	103,72	124	99	1	1.0
1368	11,11	119,81	11,5	75,28	478	99	1	1.0
1369	3,3	28,17	1,0	14,5	279	99	1	1.0
1370	5,7	73,67	0,4	31,8	291	99	1	1.0
1374	40,30	72,63	28,17	58,28	161	99	1	1.0
1375	4,0	195,161	2,1	132,69	138	99	1	1.0
1376	19,19	171,113	8,11	54,38	255	99	1	1.0
1378	11,22	83,78	9,7	30,27	272	99	1	1.0
1379	257,208	2,5	117,56	0,1	177	99	1	1.0
1380	109,97	55,52	52,39	46,24	111	99	1	1.0
1381	19,15	18,6	18,9	0,0	122	99	8.26068493054e-07	4.9068468487407605e-05
1382	41,42	524,554	93,52	161,96	136	99	6.39886232889e-09	5.589594446118618e-07
1383	10,1	565,452	2,1	359,168	126	99	1	1.0
1385	6,11	2,1	6,1	0,0	115	99	1	1.0
1386	60,58	1,0	17,17	0,0	216	99	1	1.0
1388	303,247	7,4	179,134	0,0	232	99	1	1.0
1389	1,0	133,129	0,0	57,33	298	99	1	1.0
1390	2,7	48,65	0,0	24,21	624	99	1	1.0
1391	3,1	181,165	0,0	84,79	135	99	1	1.0
1392	1,2	150,143	2,0	80,57	165	99	1	1.0
1394	36,11	160,142	11,10	100,65	214	99	1	1.0
1395	114,111	0,0	43,28	1,1	102	99	1	1.0
1396	13,12	176,134	7,2	105,70	264	99	1	1.0
1397	12,20	112,113	16,9	96,58	730	99	1	1.0
1398	45,41	71,106	12,23	44,24	215	99	1	1.0
1399	1,1	7,11	1,0	7,3	172	99	1	1.0
1401	35,29	7,2	15,17	0,0	110	99	0.942275662126	1.0
1402	17,15	132,141	0,1	25,20	297	99	1	1.0
1403	219,197	208,179	166,101	151,102	118	99	1	1.0
1405	144,176	0,0	145,99	0,1	150	99	1	1.0
1406	6,6	0,0	2,3	1,1	111	99	0.274203034719	1.0
1408	13,18	284,299	4,5	146,108	318	99	1	1.0
1409	4,0	0,1	1,2	1,0	144	99	1	1.0
1411	37,23	73,84	28,12	87,52	103	99	1	1.0
1412	0,2	3,4	0,1	4,2	109	99	1	1.0
1413	0,1	1,0	1,1	0,3	144	99	1	1.0
1414	477,350	178,217	243,136	147,83	535	99	1	1.0
1415	352,251	118,137	191,113	37,28	386	99	0.176734604978	1.0
1416	16,28	0,3	13,11	0,0	174	99	1	1.0
1417	4,2	22,26	2,3	24,12	103	99	1	1.0
1418	0,0	277,246	0,2	115,78	126	99	1	1.0
1419	54,65	1658,1862	29,34	1186,763	101	99	1	1.0
1420	8,8	67,68	1,0	30,28	121	99	1	1.0
1421	2,1	3,3	1,0	0,0	103	99	1	1.0
1423	49,69	46,45	4,5	25,12	263	99	0.00156747488826	0.03815901982075574
1424	19,11	1,0	13,10	0,0	357	99	1	1.0
1425	13,13	1,3	9,7	0,0	127	99	0.829602150312	1.0
1426	8,6	7,5	15,6	2,1	142	99	0.0172050922603	0.25549562006545495
1428	36,28	4,0	13,10	0,3	237	99	1	1.0
1429	17,21	12819,11983	4,6	6213,5546	104	99	1	1.0
1430	86,42	12819,11983	17,11	6213,5546	407	99	1	1.0
1431	270,132	12819,11983	46,25	6213,5546	939	99	1	1.0
1432	306,159	12819,11983	50,25	6213,5546	1334	99	1	1.0
1433	86,42	17,21	17,11	4,6	402	99	1	1.0
1434	270,132	17,21	46,25	4,6	934	99	0.988261051502	1.0
1435	306,159	17,21	50,25	4,6	1329	99	0.797989044319	1.0
1438	37,27	1,0	4,0	0,0	494	99	1	1.0
1439	90,89	13485,12291	50,43	7129,5063	103	99	1	1.0
1440	90,89	1,3	50,43	0,3	103	99	1	1.0
1441	39,44	14,13	18,15	4,2	133	99	0.706326787607	1.0
1442	36,48	5816,5382	8,17	2880,1621	103	99	1	1.0
1448	2,3	6,9	3,1	2,0	123	99	0.0508340200149	0.6255619217181818
1449	0,0	5,8	1,1	0,1	126	99	0.00546227922635	0.10209860387341312
1450	34,21	62,94	17,7	30,22	117	99	1	1.0
1451	57,40	0,1	20,20	0,0	103	99	1	1.0
1452	13,19	139,148	8,2	44,33	304	99	1	1.0
1454	7,1	3,0	7,1	1,1	112	99	1	1.0
1455	2,1	1,0	2,2	0,1	153	99	1	1.0
1456	24,10	111,98	9,1	53,42	119	99	1	1.0
1457	2653,2195	4,3	1820,929	3,3	105	99	1	1.0
1458	11,6	1497,1423	16,15	1004,582	427	99	1	1.0
1459	5,1	276,161	2,1	136,78	111	99	1	1.0
1460	50,28	122,61	18,13	70,38	129	99	1	1.0
1461	1198,942	0,0	1024,573	1,0	1104	99	1	1.0
1462	327,339	6,2	171,98	5,4	136	99	1	1.0
1463	259,263	184,173	156,110	100,58	240	99	1	1.0
1464	30,8	165,98	5,3	84,31	378	99	1	1.0
1465	22,18	1,3	5,4	0,1	141	99	1	1.0
1466	196,231	9,16	99,60	3,2	279	99	1	1.0
1467	1,2	86,79	2,2	38,20	390	99	1	1.0
1468	156,126	0,2	66,48	0,0	629	99	1	1.0
1469	46,71	4,2	21,19	1,0	136	99	1	1.0
1470	45,53	4,2	28,19	1,0	157	99	1	1.0
1471	13,14	14,32	10,9	3,9	120	99	0.252388160623	1.0
1473	8,8	381,342	13,10	188,123	105	99	1	1.0
1474	12,0	51,41	0,2	22,15	264	99	1	1.0
1475	58,58	9,15	32,24	3,1	113	99	0.555888764153	1.0
1476	4,7	123,146	4,0	95,48	103	99	1	1.0
1477	10,13	4,5	10,4	1,0	207	99	0.00182177830821	0.04227094980768516
1479	35,12	41,24	26,30	42,27	466	99	1	1.0
1480	15,4	288,284	11,3	178,95	361	99	1	1.0
1482	173,172	0,1	38,28	0,1	243	99	1	1.0
1483	58,65	2498,2386	29,16	1545,1026	103	99	1	1.0
1485	58,44	0,2	9,8	0,0	320	99	1	1.0
1486	56,41	4,1	9,8	0,0	184	99	1	1.0
1487	23,19	2625,2507	16,7	1670,1136	258	99	1	1.0
1489	254,223	0,1	174,107	0,0	333	99	1	1.0
1491	37,18	71,92	31,14	38,30	589	99	1	1.0
1492	3,2	167,156	0,0	100,46	103	99	1	1.0
1493	78,83	0,0	40,26	4,4	121	99	0.686080004245	1.0
1494	88,116	1799,1701	38,26	874,603	285	99	1	1.0
1495	203,202	5,4	126,81	3,2	171	99	1	1.0
1497	0,0	234,242	1,1	135,72	249	99	1	1.0
1498	168,98	15,11	81,34	4,1	112	99	1	1.0
1500	247,229	4,0	74,69	6,0	123	99	1	1.0
1501	3,6	65,80	10,7	14,15	135	99	0.0124040517506	0.19187517551709377
1502	15,4	591,641	6,5	454,274	284	99	1	1.0
1503	1,1	707,658	2,2	407,286	437	99	1	1.0
1504	7,2	542,319	3,6	224,120	156	99	1	1.0
1505	5,4	39,23	5,3	10,0	139	99	0.0968813464839	0.9921986174385621
1506	1,0	187,174	4,1	113,62	104	99	1	1.0
1507	158,167	27,28	88,56	19,12	114	99	1	1.0
1508	6,8	3,3	5,1	3,1	121	99	0.870888920383	1.0
1509	115,66	197,137	32,30	92,47	1073	99	1	1.0
1510	4,6	80,45	0,1	36,18	123	99	1	1.0
1512	6,3	177,244	4,3	106,52	310	99	1	1.0
1513	135,114	492,410	65,48	240,155	746	99	1	1.0
1514	136,120	492,410	66,50	240,155	764	99	1	1.0
1515	5,8	4,2	2,2	1,0	117	99	0.0672488462719	0.7801916930763398
1517	29,22	5,2	18,6	0,0	122	99	0.740132299661	1.0
1518	6,3	58,56	0,2	19,8	255	99	1	1.0
1520	9,15	123,118	28,26	70,30	284	99	0.331944488042	1.0
1521	10,3	46,34	0,1	30,24	103	99	0.821360718075	1.0
1522	181,134	3,2	153,116	13,5	104	99	1	1.0
1524	3,1	1,3	2,4	0,3	296	99	0.46083565336	1.0
1525	3,1	15,17	1,1	4,0	169	99	1	1.0
1526	11,9	58,60	5,6	16,8	124	99	0.662417094508	1.0
1527	2,3	105,120	1,0	57,52	239	99	1	1.0
1528	6,4	3,8	6,7	4,1	146	99	0.298155410329	1.0
1529	4,1	3,8	11,6	4,1	175	99	0.017028046577	0.255420698655
1530	3,0	5,3	6,2	1,3	128	99	0.0760136431683	0.8423900007830262
1531	27,18	28,27	15,4	16,20	328	99	1	1.0
1532	0,2	72,85	3,4	43,37	238	99	1	1.0
1533	76,73	3,9	59,54	0,0	104	99	1	1.0
1534	17,22	107,88	14,10	32,30	283	99	1	1.0
1535	75,73	77,65	54,23	26,27	111	99	1	1.0
1537	12,3	19,10	0,0	11,4	261	99	0.403174976667	1.0
1539	18,38	156,117	10,10	103,72	171	99	1	1.0
1540	202,200	2,2	121,103	1,1	463	99	1	1.0
1541	7,9	226,219	5,1	79,50	290	99	1	1.0
1542	16,8	242,257	2,3	87,71	329	99	1	1.0
1543	869,664	136,186	568,282	106,54	203	99	1	1.0
1544	985,911	35,34	513,267	18,12	102	99	1	1.0
1545	494,390	821,667	169,103	484,245	102	99	1	1.0
1546	2450,2011	0,1	1205,669	0,0	1268	99	1	1.0
1547	4,9	89,45	5,2	36,17	249	99	1	1.0
1548	18,31	122,158	6,6	66,39	228	99	1	1.0
1549	2,3	178,144	0,0	73,36	107	99	1	1.0
1550	2,0	6,0	1,2	4,4	111	99	1	1.0
1551	1,2	135,110	1,1	59,39	104	99	1	1.0
1552	1,2	2,0	1,0	0,0	104	99	1	1.0
1553	100,74	2,0	56,40	0,0	272	99	1	1.0
1554	6,5	3,5	4,0	0,2	209	99	1	1.0
1555	5,4	0,1	0,0	1,0	153	99	1	1.0
1556	1,2	3,5	5,0	0,2	155	99	0.63302527603	1.0
1557	78,84	152,132	103,61	54,21	114	99	3.97740620728e-06	0.0002036706282003724
1559	0,4	2,1	0,1	0,4	120	99	1	1.0
1560	2,2	1,0	0,0	0,7	110	99	1	1.0
1561	19,16	147,137	4,4	51,25	313	99	1	1.0
1562	18,14	147,137	4,11	51,25	302	99	1	1.0
1564	32,17	93,55	16,14	56,33	257	99	1	1.0
1565	11,11	2,2	5,0	1,1	183	99	0.350129517039	1.0
1568	3,0	2,0	1,1	0,0	103	99	1	1.0
1569	371,310	2501,2163	302,234	1794,1172	738	99	1	1.0
1570	0,1	86,62	0,1	43,17	162	99	1	1.0
1571	9,2	80,50	5,3	10,12	245	99	1	1.0
1572	83,92	5,1	28,20	0,0	404	99	1	1.0
1573	102,96	111,89	50,30	42,43	360	99	1	1.0
1574	4,2	74,44	8,1	13,19	267	99	1	1.0
1575	4,0	74,44	8,1	13,19	271	99	1	1.0
1578	25,17	145,118	7,6	54,45	117	99	1	1.0
1579	86,82	3,8	71,24	5,1	539	99	1	1.0
1580	2,4	42,34	3,0	11,19	258	99	1	1.0
1581	8,3	1,3	1,2	0,1	382	99	0.021278826681	0.300943405917
1582	37,21	76,90	13,5	41,37	208	99	1	1.0
1583	6,5	0,0	13,4	1,0	174	99	1	1.0
1584	50,78	54,49	51,33	38,23	164	99	1	1.0
1587	82,59	4,2	43,28	1,0	162	99	1	1.0
1588	13,8	107,93	4,9	41,41	347	99	1	1.0
1589	61,56	49,43	21,6	20,19	103	99	0.431464403898	1.0
1590	1,1	215,172	0,1	157,113	117	99	1	1.0
1591	2,2	137,159	2,2	85,66	159	99	1	1.0
1592	103,92	0,1	56,57	2,2	219	99	1	1.0
1593	539,406	13,19	378,229	6,2	385	99	1	1.0
1597	22,1	1,1	9,0	0,0	243	99	1	1.0
1599	24,21	11,7	13,9	7,4	102	99	1	1.0
1600	7,13	278,239	3,6	123,89	238	99	1	1.0
1601	27,24	5,0	3,4	0,0	105	99	1	1.0
1602	9,5	2,0	2,0	0,0	288	99	1	1.0
1603	14,3	14,14	5,7	5,2	234	99	0.397794870575	1.0
1604	15,6	7,7	7,7	7,7	265	99	1	1.0
1605	15,17	7,7	7,2	7,7	130	99	0.0748713305345	0.835969367246109
1606	6,10	159,145	10,6	148,80	102	99	1	1.0
1607	1,1	0,1	1,0	0,0	103	99	1	1.0
1608	2,4	4,0	0,0	2,3	103	99	0.00589743717168	0.10601745904576587
1611	66,66	112,110	38,21	76,42	194	99	1	1.0
1612	277,232	112,110	148,94	76,42	487	99	1	1.0
1613	266,224	55,58	134,92	24,19	392	99	1	1.0
1614	2,2	237,207	8,2	106,59	144	99	1	1.0
1615	2,1	40,30	3,7	15,6	131	99	0.121364353168	1.0
1616	91,114	7,9	28,36	6,6	123	99	1	1.0
1619	68,60	0,0	29,18	0,1	141	99	1	1.0
1620	2,0	27,25	0,0	11,8	171	99	1	1.0
1621	2380,1881	0,0	1295,796	1,0	1072	99	1	1.0
1622	24,18	1,0	19,11	0,0	229	99	1	1.0
1623	532,456	0,1	279,173	0,0	108	99	1	1.0
1624	2,6	4734,5464	1,0	2808,1823	103	99	1	1.0
1625	101,95	66,75	53,29	21,13	228	99	0.557592128299	1.0
1626	150,183	43,49	114,71	3,4	168	99	2.27488489235e-05	0.0010236982015575
1628	11,8	371,258	7,6	160,95	373	99	1	1.0
1629	1933,1794	8,3	333,273	0,1	171	99	1	1.0
1630	2,7	744,592	8,1	383,206	104	99	1	1.0
1633	193,147	4,3	128,55	6,1	102	99	1	1.0
1634	1,0	67,57	0,1	54,21	103	99	1	1.0
1635	3,3	76,45	4,2	26,9	255	99	1	1.0
1637	20,20	0,1	11,6	0,0	224	99	1	1.0
1638	103,92	13,10	40,40	2,1	459	99	0.0926358949729	0.9756333619486277
1639	68,45	0,0	19,29	1,2	256	99	0.63092995359	1.0
1640	19,3	77,70	0,1	37,17	412	99	1	1.0
1643	0,1	328,314	0,0	133,84	287	99	1	1.0
1644	277,220	325,214	146,83	154,88	858	99	1	1.0
1645	10,7	55,32	1,1	35,17	120	99	0.60564558173	1.0
1646	58,75	1197,1445	29,29	474,467	292	99	1	1.0
1647	27,20	191,217	11,13	84,79	381	99	1	1.0
1648	776,714	0,0	435,258	1,0	673	99	1	1.0
1649	88,84	15,7	47,34	0,0	120	99	0.573510773381	1.0
1650	0,2	1128,1028	1,0	612,320	103	99	1	1.0
1651	18,23	14,9	11,5	0,0	112	99	3.2717898919e-06	0.00017352171390969644
1652	15,8	1843,1821	12,4	901,561	103	99	1	1.0
1653	15,9	126,131	6,4	55,39	360	99	1	1.0
1654	2,1	1,1	1,0	0,3	153	99	0.0218952687347	0.3038735894488739
1655	23,39	1,1	17,6	0,3	451	99	0.734084910542	1.0
1656	23,39	2,1	17,6	1,0	397	99	1	1.0
1657	148,152	0,2	77,33	0,1	248	99	1	1.0
1658	19,16	673,590	5,6	424,197	159	99	1	1.0
1659	11,18	34,51	5,1	20,14	460	99	1	1.0
1660	5,5	133,122	2,4	57,42	193	99	1	1.0
1661	237,184	21,12	133,77	3,1	655	99	0.023643508345	0.32509823974375
1662	27,17	1,0	10,2	1,5	256	99	0.0149210436371	0.22843041032055153
1665	6,10	14,14	4,2	18,8	104	99	0.422413751831	1.0
1666	1,3	23,11	2,2	15,7	131	99	1	1.0
1667	217,203	0,1	156,93	0,3	228	99	1	1.0
1668	68,94	7,13	49,27	3,1	295	99	0.469507331452	1.0
1670	2,5	4,16	4,2	15,14	103	99	1	1.0
1671	17,19	2,5	4,0	5,0	115	99	1	1.0
1672	30,14	27,11	20,17	0,7	459	99	0.0701963157715	0.8010522030766603
1673	10,6	27,11	3,3	0,7	143	99	0.330520360326	1.0
1674	28,19	1235,890	31,30	759,343	485	99	1	1.0
1675	65,85	81,68	46,28	93,59	103	99	0.168843559305	1.0
1676	7,11	88,61	5,6	32,15	257	99	1	1.0
1677	2,0	77,54	0,0	26,19	103	99	1	1.0
1678	237,328	15,7	201,139	23,18	101	99	1	1.0
1679	1,1	1,0	0,0	2,0	104	99	1	1.0
1680	716,608	19,12	426,260	12,5	200	99	1	1.0
1681	30,22	27,11	5,4	21,6	134	99	0.0270379247916	0.36172358842816216
1682	0,2	93,95	0,0	22,27	108	99	1	1.0
1683	10,4	6,2	15,6	2,3	136	99	0.373503384054	1.0
1684	21,7	38,29	9,4	15,16	192	99	1	1.0
1688	0,1	43,42	4,0	31,16	548	99	1	1.0
1689	47,34	21,30	13,19	7,8	271	99	1	1.0
1690	82,76	925,553	27,7	261,129	121	99	1	1.0
1691	108,71	126,107	68,38	78,35	362	99	1	1.0
1692	403,307	15,9	267,125	7,3	781	99	1	1.0
1693	27,34	199,197	5,13	89,50	1434	99	1	1.0
1694	165,148	4,0	106,59	0,0	123	99	1	1.0
1695	7,4	41,37	4,4	12,20	174	99	1	1.0
1696	20,32	213,184	6,3	100,60	126	99	1	1.0
1697	7,19	210,214	5,3	175,144	161	99	1	1.0
1698	23,31	7,9	5,11	0,0	114	99	0.00605930200262	0.10601745904576587
1699	6,1	0,2	2,2	0,0	114	99	1	1.0
1700	0,0	61,76	2,0	34,30	120	99	1	1.0
1704	712,679	26,31	394,274	8,6	2238	99	0.336673123164	1.0
1705	14,27	10,4	8,5	4,1	299	99	1	1.0
1706	76,74	7,1	81,63	0,0	332	99	0.907394639045	1.0
1707	130,84	3,0	57,35	2,0	211	99	1	1.0
1708	284,217	0,1	100,69	0,1	197	99	1	1.0
1710	24,14	72,53	40,13	32,12	183	99	0.00489460650589	0.09318577770829038
1711	190,162	1,2	64,64	0,0	241	99	1	1.0
1712	10,6	124,104	5,1	32,41	168	99	1	1.0
1713	3,5	80,59	0,3	56,24	104	99	1	1.0
1714	1403,1107	1,0	584,425	0,0	102	99	1	1.0
1715	128,112	11,11	68,53	1,2	105	99	1	1.0
1716	348,247	0,0	189,136	1,0	102	99	1	1.0
1717	109,91	100,90	29,29	71,53	134	99	0.0679810675174	0.7825727539793722
1718	10,6	7,7	1,1	11,4	104	99	0.001746906985	0.04117709321785715
1719	0,1	14,15	0,0	11,4	104	99	1	1.0
1721	5,2	392,382	6,3	259,153	102	99	1	1.0
1722	3,1	68,75	3,0	46,29	105	99	1	1.0
1723	126,108	407,409	42,47	165,146	238	99	1	1.0
1724	16,18	46,23	21,11	9,12	208	99	0.204408160351	1.0
1725	21,16	69,84	3,9	43,22	403	99	1	1.0
1727	0,6	352,405	4,4	191,157	287	99	1	1.0
1728	30,40	0,1	19,18	0,0	116	99	1	1.0
1729	52,43	1,2	26,14	0,1	102	99	1	1.0
1733	5,8	164,150	1,2	89,61	120	99	1	1.0
1734	14,15	623,436	28,16	230,155	123	99	1	1.0
1736	32,26	0,1	15,4	0,0	346	99	1	1.0
1737	16,29	1,1	16,1	0,0	353	99	1	1.0
1741	234,129	1,5	103,79	1,0	231	99	1	1.0
1742	2,2	79,79	0,0	42,40	153	99	1	1.0
1743	325,265	85,79	12,6	206,112	105	99	0	0.0
1744	363,287	0,0	152,135	2,0	385	99	1	1.0
1745	176,108	3,0	100,47	0,0	107	99	1	1.0
1746	1,1	107,69	1,0	49,29	171	99	1	1.0
1747	224,194	1,0	102,65	0,2	279	99	1	1.0
1749	2,0	0,2	1,0	0,0	105	99	1	1.0
1751	70,49	0,0	28,17	1,0	273	99	1	1.0
1752	8,2	20,16	1,4	2,5	318	99	1	1.0
1753	0,0	19,38	4,0	26,8	313	99	1	1.0
1754	4,1	60,42	4,6	19,33	111	99	0.810833087601	1.0
1755	379,367	8,8	365,177	2,2	111	99	1	1.0
1756	1,3	40,28	1,0	13,13	133	99	1	1.0
1757	610,686	1,4	352,157	0,0	253	99	1	1.0
1758	1,8	112,81	2,0	40,29	315	99	1	1.0
1760	2,9	114,109	2,1	36,45	172	99	1	1.0
1761	265,267	705,496	131,87	320,203	554	99	1	1.0
1762	37,34	22,23	34,18	11,5	111	99	0.350891770043	1.0
1763	2,2	8,3	0,0	1,0	103	99	1	1.0
1764	2,4	18,7	1,0	8,5	101	99	0.564397366847	1.0
1767	19,21	137,134	4,4	67,52	110	99	1	1.0
1768	4,3	43,56	6,6	27,23	123	99	0.949011389681	1.0
1769	66,72	0,0	51,57	2,2	246	99	1	1.0
1770	12,12	61,69	17,5	49,49	270	99	1	1.0
1771	505,406	28,22	239,134	22,3	394	99	1	1.0
1772	1073,1031	113,101	756,542	16,11	178	99	0.170271859082	1.0
1773	87,48	209,162	38,23	115,67	1152	99	1	1.0
1775	5,8	2,9	2,2	0,0	426	99	4.5354398015e-10	5.61260675435625e-08
1776	16,9	3565,2685	9,4	2386,1361	102	99	1	1.0
1778	5,1	0,0	19,3	0,1	454	99	1	1.0
1779	227,245	13,8	103,83	2,3	132	99	1	1.0
1780	81,81	11,26	25,37	6,11	209	99	1	1.0
1781	70,59	130,122	5,7	111,53	105	99	3.02284599052e-06	0.0001662565294786
1782	50,59	18,21	33,19	15,10	632	99	1	1.0
1783	25,5	56,62	7,8	36,14	822	99	1	1.0
1784	31,32	91,107	42,34	36,37	161	99	0.0062677170659	0.10822744003327324
1785	5,11	213,168	7,4	155,103	263	99	1	1.0
1787	101,96	17,12	42,45	2,1	187	99	0.0950108087584	0.9797989653210001
1788	13,8	108,80	4,0	43,35	257	99	1	1.0
1789	75,60	174,187	23,17	64,41	111	99	1	1.0
1790	3821,2815	10,3	2573,1690	3,3	102	99	1	1.0
1791	37,35	5,3	16,23	3,1	263	99	1	1.0
1792	3,4	54,49	0,3	30,23	154	99	1	1.0
1793	0,1	1,1	4,0	4,1	309	99	1	1.0
1794	18,25	49,64	34,22	91,77	346	99	1	1.0
1795	23,7	0,2	26,20	0,1	436	99	1	1.0
1796	14,9	57,20	18,6	61,29	156	99	1	1.0
1797	15,18	653,661	6,4	358,272	401	99	1	1.0
1798	1,0	42,19	1,0	19,5	127	99	1	1.0
1799	149,107	1,2	45,48	5,5	625	99	0.00458888240785	0.08849987500853572
1800	0,2	14,9	0,0	7,3	277	99	1	1.0
1801	77,53	0,1	35,14	0,0	167	99	1	1.0
1804	224,280	1,0	122,91	0,0	210	99	1	1.0
1806	37,32	39,25	21,10	31,18	126	99	0.628904096223	1.0
1809	36,43	479,436	31,12	243,171	553	99	1	1.0
1811	4,3	2,5	1,3	2,0	116	99	0.217559713123	1.0
1812	18,25	483,555	16,10	175,120	346	99	1	1.0
1813	16,27	483,555	17,7	175,120	329	99	1	1.0
1814	583,619	0,0	259,185	1,0	117	99	1	1.0
1815	25,22	58,65	22,16	23,20	199	99	0.434496374012	1.0
1817	28,6	9,12	1,1	0,0	197	99	5.59524679467e-06	0.00026803037064790163
1818	289,271	1,3	219,120	7,1	105	99	1	1.0
1819	0,0	43,28	1,0	30,19	105	99	1	1.0
1824	21,38	1,0	14,3	1,2	460	99	0.0942430913531	0.9797989653210001
1826	30,26	18,8	6,3	14,15	127	99	0.000389845677608	0.011578416624957599
1828	68,65	31,32	47,15	37,20	591	99	0.805660785625	1.0
1829	7,3	6,1	2,1	0,0	150	99	0.00287159419271	0.060918819659633576
1830	1829,1786	652,790	1019,826	216,177	530	99	0.0902862882176	0.9645693381520576
1831	541,416	0,0	199,105	0,1	120	99	1	1.0
1832	225,165	5,1	90,48	0,0	120	99	1	1.0
1833	223,158	1,1	107,47	1,0	120	99	1	1.0
1834	183,130	3,3	75,38	1,0	120	99	1	1.0
1835	230,166	3,3	85,45	1,0	141	99	1	1.0
1836	197,144	3,3	77,41	1,0	183	99	1	1.0
1837	47,36	0,0	11,7	1,0	120	99	1	1.0
1838	14,14	0,0	3,3	1,0	162	99	1	1.0
1839	5,6	34,23	1,0	8,4	141	99	1	1.0
1840	361,284	1,0	133,62	0,0	183	99	1	1.0
1841	0,1	0,5	0,1	0,0	118	99	1	1.0
1843	421,333	2,7	202,181	2,2	1628	99	1	1.0
1848	3,1	256,190	1,0	95,79	177	99	1	1.0
1850	32,35	177,132	56,27	114,44	110	99	0.130821654701	1.0
1852	131,96	98,99	35,23	29,22	126	99	1	1.0
1853	4,0	9,14	2,1	6,0	261	99	1	1.0
1857	0,0	257,223	1,0	175,106	105	99	1	1.0
1858	0,3	106,95	3,0	59,41	101	99	1	1.0
1860	16,25	78,66	10,6	114,47	110	99	0.547129590239	1.0
1861	1,1	8,13	0,0	10,5	103	99	1	1.0
1862	44,30	10,15	13,10	4,4	103	99	1	1.0
1863	23,23	123,98	9,13	45,32	111	99	1	1.0
1864	3,11	123,98	2,0	45,32	123	99	1	1.0
1865	0,0	20,12	1,0	8,13	111	99	1	1.0
1866	20,26	56,27	32,14	45,27	136	99	1	1.0
1867	136,131	7,2	72,35	10,6	110	99	0.854088514356	1.0
