ID	IJC_SAMPLE_1	SJC_SAMPLE_1	IJC_SAMPLE_2	SJC_SAMPLE_2	IncFormLen	SkipFormLen	PValue	FDR
1	39,23	1,0	13,8	0,0	202	149	1	1.0
3	4,1	265,244	1,1	118,49	230	149	1	1.0
4	11,5	1,2	6,2	0,1	208	149	1	1.0
7	0,1	29,18	0,0	20,19	200	149	1	1.0
8	92,53	18,17	70,54	9,12	184	149	1	1.0
9	79,47	1,1	61,43	0,2	184	149	1	1.0
10	2,2	274,282	14,1	96,84	359	149	1	1.0
11	5,4	934,755	1,0	618,351	156	149	1	1.0
14	397,357	8,1	148,100	0,2	283	149	1	1.0
15	45,16	6,0	5,3	1,0	458	149	0.0122319106259	0.20136618460486988
16	2,3	5,9	2,2	8,2	242	149	1	1.0
17	14,3	11,11	6,2	6,5	365	149	1	1.0
19	0,0	11,11	2,0	6,5	184	149	1	1.0
21	13,11	78,65	11,15	39,24	734	149	1	1.0
23	249,273	32,34	144,93	31,13	170	149	1	1.0
24	38,28	32,34	23,10	31,13	236	149	1	1.0
25	6,4	217,249	9,2	130,85	215	149	1	1.0
26	13,9	0,0	13,7	1,1	153	149	1	1.0
28	0,2	105,112	0,0	26,18	293	149	1	1.0
30	190,151	0,0	57,34	2,0	421	149	1	1.0
31	983,798	5,6	505,319	0,0	161	149	1	1.0
32	18,18	32,40	2,2	18,18	179	149	0.0263317549505	0.3664901529928682
33	5,3	282,313	6,0	187,89	359	149	1	1.0
34	29,12	296,296	25,9	173,84	188	149	1	1.0
35	5,5	101,73	10,2	21,28	308	149	1	1.0
36	4,5	201,248	3,2	88,94	395	149	1	1.0
37	3,4	21,16	0,0	8,8	161	149	0.698923522628	1.0
38	198,160	15,9	49,64	7,6	374	149	1	1.0
39	8,0	494,332	3,1	244,114	188	149	1	1.0
40	51,41	2,9	20,11	0,2	268	149	0.423457199991	1.0
41	198,223	14,9	124,73	0,1	161	149	1	1.0
43	39,29	334,254	15,12	194,109	316	149	1	1.0
44	18,13	349,258	7,10	110,76	177	149	1	1.0
45	82,77	235,186	38,39	82,66	359	149	1	1.0
46	3,2	302,296	9,2	216,107	157	149	1	1.0
47	33,24	0,1	13,25	1,0	984	149	1	1.0
49	126,123	1,2	64,48	0,0	167	149	1	1.0
50	4,0	190,231	0,0	107,83	152	149	1	1.0
52	116,103	0,1	93,42	0,0	170	149	1	1.0
53	142,138	1,0	118,66	0,0	361	149	1	1.0
54	171,157	1,0	156,84	0,0	551	149	1	1.0
55	33,23	1,0	41,18	0,0	339	149	1	1.0
56	134,138	0,0	96,52	1,1	339	149	1	1.0
57	38,29	120,87	18,8	76,47	268	149	1	1.0
58	425,322	9,3	350,188	22,9	715	149	0.202006863183	1.0
59	7,6	276,318	1,1	141,97	311	149	1	1.0
61	5,3	254,272	9,4	162,145	151	149	1	1.0
62	22,17	80,46	9,4	41,31	204	149	1	1.0
63	18,13	9,17	6,4	5,8	204	149	0.834947250394	1.0
64	2,3	327,308	1,0	205,123	373	149	1	1.0
65	35,26	1,0	4,7	4,0	169	149	0.739862160538	1.0
66	19,7	6,1	12,9	0,0	153	149	0.324505443505	1.0
67	17,13	26,13	4,6	18,9	161	149	0.461892894265	1.0
68	43,24	1,0	27,16	0,2	190	149	1	1.0
69	84,61	289,260	6,6	195,138	167	149	0.00132976216404	0.03132101343300369
70	7,5	329,403	5,2	187,113	157	149	1	1.0
71	20,29	100,109	19,4	42,51	525	149	1	1.0
72	6,18	36,21	0,2	16,2	233	149	0.155638647919	1.0
73	735,635	1,0	403,228	0,0	161	149	1	1.0
75	31,9	13,10	16,3	2,5	343	149	1	1.0
76	169,174	0,1	92,49	0,0	277	149	1	1.0
77	424,449	6,2	253,203	1,0	847	149	1	1.0
78	506,496	6,2	290,231	1,0	875	149	1	1.0
80	1682,1561	1,0	1006,627	0,0	690	149	1	1.0
81	108,105	3,6	36,20	11,5	542	149	0.000994959436137	0.024179093598821377
82	23,29	1001,1055	19,9	496,361	153	149	1	1.0
83	5,2	47,36	2,3	25,24	177	149	1	1.0
84	55,38	31,20	27,24	23,8	278	149	1	1.0
85	0,3	12,11	1,1	10,4	177	149	1	1.0
86	4,4	0,0	4,0	4,1	181	149	0.00787590908794	0.14704898553214804
88	395,362	0,0	158,138	1,0	300	149	1	1.0
89	23,22	2092,1911	19,3	1414,773	153	149	1	1.0
90	713,735	9,4	490,422	0,0	406	149	1	1.0
91	22,23	1297,1129	24,25	793,429	152	149	1	1.0
92	7,3	0,1	4,1	0,0	161	149	1	1.0
93	32,30	281,258	19,7	146,112	343	149	1	1.0
94	0,4	8,3	3,1	1,1	167	149	0.0680322000688	0.7037655290900864
95	10,10	8,3	15,12	1,1	209	149	0.0164005486968	0.2536286874222303
96	10,7	0,1	12,11	0,0	191	149	1	1.0
98	333,244	5,0	232,134	1,0	408	149	1	1.0
101	20,69	0,1	23,5	4,0	1832	149	0.168746843795	1.0
102	4,3	56,78	0,0	48,28	155	149	1	1.0
103	0,1	29,24	2,2	15,11	175	149	1	1.0
104	10,17	170,124	7,5	122,73	206	149	1	1.0
105	2,3	113,118	0,0	79,45	242	149	1	1.0
106	150,134	1,6	43,43	0,3	191	149	1	1.0
108	160,141	0,1	88,52	0,1	271	149	1	1.0
109	224,158	8,8	180,86	0,3	272	149	1	1.0
110	18,21	744,643	30,21	438,251	412	149	1	1.0
111	250,303	10,18	166,87	8,1	346	149	1	1.0
112	9,16	48,46	0,3	38,30	169	149	0.103524654101	0.9605833056280667
114	1393,1155	9,5	836,531	0,0	176	149	1	1.0
115	7,4	4,4	0,3	3,3	171	149	0.167293410109	1.0
116	6,13	194,193	12,11	108,58	154	149	1	1.0
117	289,139	2,0	177,75	0,1	251	149	1	1.0
118	58,39	1273,940	20,13	452,220	685	149	1	1.0
119	59,63	2,1	10,8	0,0	484	149	1	1.0
120	3,0	37,14	0,1	6,7	165	149	1	1.0
122	3,5	19,18	10,2	9,8	165	149	0.443723902464	1.0
123	1,5	34,35	0,0	13,4	231	149	1	1.0
124	2,6	540,550	5,1	305,186	182	149	1	1.0
125	12,2	505,423	3,1	292,195	368	149	1	1.0
126	231,111	10,0	188,84	3,3	297	149	1	1.0
127	14,19	1230,793	15,10	934,569	153	149	1	1.0
128	83,81	1,4	19,19	2,4	737	149	0.0970445387215	0.9115042256602239
129	256,218	2,0	110,80	0,0	174	149	1	1.0
130	76,62	29,32	18,25	8,6	174	149	1	1.0
131	1466,1292	3,1	801,550	5,5	155	149	1	1.0
132	158,125	0,0	124,64	0,2	199	149	1	1.0
133	59,69	0,1	34,15	0,2	163	149	1	1.0
134	8,5	58,41	6,3	21,8	160	149	0.817066289848	1.0
135	15,20	7,5	14,14	0,1	152	149	0.011998567147	0.19967180763105435
136	51,45	35,29	54,29	22,14	683	149	1	1.0
138	3,4	405,293	1,1	224,138	336	149	1	1.0
139	21,24	134,135	1,3	49,43	285	149	1	1.0
140	209,197	7,8	93,86	1,0	153	149	1	1.0
142	0,0	23,17	1,1	7,3	188	149	1	1.0
143	0,2	12,12	1,0	9,3	245	149	1	1.0
145	8,10	129,143	11,1	84,54	847	149	1	1.0
146	129,92	36,31	21,12	49,20	214	149	4.87974893826e-09	2.766998379435578e-07
147	4,8	61,70	0,4	19,13	396	149	1	1.0
149	27,13	93,100	8,4	47,18	249	149	1	1.0
150	49,51	146,122	2,1	169,110	158	149	5.346467713e-11	4.0927210343015e-09
152	3,1	16,28	3,2	10,2	507	149	1	1.0
153	47,52	46,24	69,35	24,22	401	149	1	1.0
154	18,8	506,455	1,1	165,119	303	149	1	1.0
155	2,3	656,625	5,4	402,223	180	149	1	1.0
156	1,0	60,90	0,1	34,28	345	149	1	1.0
157	53,36	140,93	8,4	55,28	393	149	1	1.0
158	7,7	5,8	3,2	6,2	413	149	0.775770159186	1.0
159	24,20	1,3	20,4	0,0	185	149	1	1.0
160	210,251	67,109	22,20	38,20	173	149	0.00156392334319	0.03573681549886403
161	2,4	1519,1421	6,3	1127,583	369	149	1	1.0
163	1461,1041	4,5	667,406	2,0	258	149	1	1.0
164	20,11	13,13	25,16	5,1	230	149	0.00408602499182	0.08688478142328361
166	469,346	83,81	330,138	34,25	519	149	0.978702231006	1.0
167	3,2	0,1	2,4	0,0	154	149	1	1.0
168	1,7	0,2	2,1	4,1	243	149	0.0136700429459	0.2203035342123463
169	8,14	579,814	2,2	290,260	420	149	1	1.0
170	7,9	579,814	4,2	290,260	326	149	1	1.0
171	17,6	3,12	6,0	5,4	321	149	0.344529301042	1.0
172	12,9	2,0	0,1	0,0	191	149	1	1.0
173	168,145	13,29	71,57	16,13	159	149	1	1.0
175	160,93	69,54	119,98	90,44	175	149	1	1.0
176	446,414	4,0	220,181	0,1	852	149	1	1.0
178	77,66	14,18	49,16	2,3	161	149	0.416930061143	1.0
179	109,66	8,1	41,38	7,3	169	149	1	1.0
180	705,500	6,1	713,565	2,3	416	149	1	1.0
182	1897,1394	0,0	1109,767	0,3	357	149	1	1.0
183	6,0	1,2	1,8	0,0	253	149	0.0461070256094	0.5686646815836198
184	22,6	20,19	0,6	11,7	161	149	0.426436879691	1.0
186	5,5	6,2	2,2	3,2	154	149	0.833175563961	1.0
187	135,115	33,39	92,56	7,19	391	149	0.780771366153	1.0
188	136,112	33,39	93,56	7,19	386	149	0.757561326537	1.0
189	4,1	261,237	0,1	156,89	194	149	1	1.0
192	112,133	49,26	95,56	9,2	171	149	0.0436718605653	0.5435903945160512
194	7561,5344	201,140	3527,2343	67,44	251	149	1	1.0
196	14,17	343,347	11,13	118,79	168	149	1	1.0
197	34,35	101,130	16,16	89,51	225	149	1	1.0
198	363,365	101,130	123,82	89,51	206	149	0.0417425263766	0.528163701508881
199	18,4	33,31	11,11	1,2	163	149	7.78425286785e-07	3.505203276670103e-05
201	22,13	135,121	14,2	64,41	187	149	1	1.0
202	25,23	445,416	14,4	339,184	522	149	1	1.0
203	12,14	528,524	9,4	363,275	152	149	1	1.0
204	136,81	6,5	73,45	7,9	666	149	0.263220411911	1.0
205	140,91	6188,7263	82,48	3319,2478	666	149	1	1.0
206	90,70	18,16	55,32	5,6	206	149	1	1.0
207	140,152	18,16	108,54	5,6	260	149	1	1.0
208	68,90	18,8	63,29	10,7	203	149	1	1.0
209	25,22	1,0	27,13	0,0	298	149	1	1.0
210	43,47	26,53	18,17	56,28	170	149	0.0658050387077	0.6909101062522714
211	319,283	27,14	145,97	9,6	299	149	1	1.0
212	302,289	27,14	183,108	9,6	278	149	1	1.0
213	69,53	0,8	63,36	3,0	166	149	1	1.0
214	27,17	16,32	3,5	5,12	164	149	0.588542363436	1.0
215	25,9	0,6	21,6	1,0	487	149	0.387219094809	1.0
217	157,161	85,69	87,75	69,49	264	149	0.961294171834	1.0
218	212,153	345,341	34,25	235,179	182	149	9.2942569513e-05	0.0029039811004980204
219	3,3	1,0	2,1	2,1	217	149	0.0014870759857	0.034495656577374245
221	1,3	49,38	0,2	16,25	154	149	1	1.0
222	16,13	60,64	12,5	21,23	179	149	1	1.0
223	14,9	87,88	4,4	37,32	177	149	1	1.0
224	69,71	243,281	14,3	204,95	194	149	0.0960709980753	0.9115042256602239
225	70,70	275,378	8,4	301,115	194	149	0.138978191583	1.0
226	362,239	43,24	192,107	21,10	162	149	1	1.0
227	14,1	395,304	2,2	220,148	153	149	1	1.0
228	2,1	1,1	2,0	2,1	153	149	0.127766897123	1.0
229	10,5	3,0	3,2	0,2	153	149	1	1.0
230	294,247	0,2	139,132	0,0	381	149	1	1.0
231	177,118	0,0	120,40	1,0	151	149	1	1.0
232	10,1	9,7	4,0	4,1	296	149	1	1.0
234	90,58	225,163	79,51	61,34	157	149	7.28941066297e-06	0.00028615609551300183
235	127,185	13,12	115,70	15,13	356	149	0.918982644479	1.0
236	571,482	0,0	316,180	2,1	179	149	1	1.0
237	346,255	0,1	187,111	0,0	179	149	1	1.0
238	16,14	10,19	7,4	17,8	164	149	0.279288268391	1.0
242	2,2	20,14	1,5	5,8	382	149	1	1.0
243	24,36	20,10	11,6	2,1	154	149	0.229090122602	1.0
244	42,36	419,474	48,41	195,98	160	149	0.0814547801129	0.7885457465557346
246	6,1	71,35	3,0	144,76	163	149	1	1.0
247	7,8	195,196	14,7	131,64	745	149	1	1.0
248	2,0	148,127	2,4	50,35	324	149	1	1.0
250	72,68	2,0	26,34	1,0	174	149	1	1.0
251	26,16	200,212	5,10	104,60	289	149	1	1.0
252	18,21	285,367	6,3	132,114	644	149	1	1.0
253	11,13	285,367	6,4	132,114	720	149	1	1.0
254	1,6	8,14	2,1	2,0	225	149	0.221788410125	1.0
255	360,347	0,2	211,150	0,1	331	149	1	1.0
256	0,0	1427,1649	1,0	849,536	153	149	1	1.0
257	1,3	356,369	0,0	175,145	176	149	1	1.0
258	16,29	3,0	21,5	5,0	204	149	1	1.0
259	0,0	0,1	3,0	2,1	155	149	1	1.0
260	15,14	70,64	31,13	22,14	321	149	0.00199059106424	0.043929235800907136
261	1,6	7,4	3,0	0,0	326	149	1	1.0
262	0,1	0,2	0,3	1,0	154	149	1	1.0
266	0,1	217,115	4,0	79,28	348	149	1	1.0
268	135,95	104,76	48,32	80,58	374	149	0.153629864362	1.0
269	41,34	370,247	34,14	219,142	173	149	1	1.0
270	5838,4909	0,0	2157,1242	1,0	3390	149	1	1.0
271	46,58	116,81	19,9	30,32	644	149	1	1.0
272	15,17	214,202	5,0	109,61	166	149	1	1.0
273	388,355	1,0	217,128	0,0	209	149	1	1.0
274	2,8	37,27	1,2	11,14	329	149	1	1.0
275	823,864	1122,806	691,456	402,190	732	149	0.0873770829697	0.8360894626663168
276	3,1	2,0	3,2	0,0	155	149	1	1.0
278	125,109	9,2	79,53	7,6	199	149	1	1.0
279	60,95	395,347	41,35	139,120	304	149	1	1.0
280	366,314	0,2	152,106	0,0	386	149	1	1.0
282	0,1	94,90	0,0	53,24	164	149	1	1.0
283	48,40	2,0	39,11	0,3	207	149	1	1.0
284	3,6	29,38	2,3	37,13	288	149	1	1.0
285	14,12	4,6	23,2	1,1	411	149	0.0476303758158	0.5686646815836198
286	65,42	1,0	36,36	1,0	294	149	1	1.0
287	87,66	2,7	59,21	0,3	658	149	0.915712854603	1.0
288	67,75	2,7	54,14	0,3	963	149	0.311825014713	1.0
289	39,51	57,41	30,14	29,17	454	149	1	1.0
290	42,31	2,7	37,5	0,3	715	149	0.407953339095	1.0
291	14,7	57,41	13,5	29,17	206	149	1	1.0
292	32,48	7,4	19,9	2,0	397	149	0.163526054765	1.0
293	121,76	0,0	50,43	2,0	332	149	1	1.0
297	6,2	47,43	1,1	27,14	212	149	1	1.0
298	2,0	0,0	1,0	1,0	153	149	1	1.0
300	23,6	369,300	9,4	89,43	327	149	1	1.0
303	491,402	8,4	331,175	11,2	423	149	1	1.0
304	8,12	0,2	6,5	0,1	172	149	1	1.0
305	1,2	0,0	0,0	0,4	153	149	1	1.0
306	122,102	1,0	101,56	0,0	488	149	1	1.0
307	0,1	64,41	0,0	22,15	197	149	1	1.0
308	33,43	53,40	16,9	17,9	479	149	1	1.0
311	33,43	62,52	16,9	23,19	479	149	1	1.0
313	24,26	62,52	13,2	23,19	427	149	1	1.0
314	5,7	62,52	7,1	23,19	228	149	1	1.0
315	3,4	5,1	1,2	4,2	231	149	0.347366166259	1.0
316	53,29	1384,1337	20,15	836,513	744	149	1	1.0
318	730,632	4,3	235,237	2,0	316	149	1	1.0
319	16,21	329,336	8,2	136,65	414	149	1	1.0
321	116,139	601,786	53,33	301,205	175	149	1	1.0
323	9,13	57,56	12,5	27,24	655	149	1	1.0
324	4,5	134,115	1,1	101,28	180	149	1	1.0
325	5,2	281,253	2,2	150,79	164	149	1	1.0
326	641,596	13,9	341,239	5,5	153	149	1	1.0
327	10,4	67,56	8,5	48,20	259	149	1	1.0
329	1114,835	17,13	617,370	7,15	620	149	1	1.0
330	177,147	2,0	100,76	0,0	675	149	1	1.0
331	39,21	42,27	10,5	18,7	153	149	1	1.0
332	317,304	28,59	173,99	11,6	611	149	0.350593822047	1.0
333	9,11	1,1	4,4	0,0	180	149	1	1.0
335	5,0	81,86	2,3	44,29	317	149	1	1.0
336	0,0	8,6	1,0	15,4	164	149	1	1.0
338	364,304	20,28	196,119	24,23	171	149	1	1.0
339	6,15	2180,2042	5,3	1043,739	344	149	1	1.0
340	62,61	102,83	41,19	55,31	909	149	1	1.0
341	3,0	2,0	1,0	0,0	172	149	1	1.0
342	35,40	279,264	32,27	159,91	180	149	1	1.0
343	438,425	8,9	256,158	5,0	711	149	1	1.0
344	112,57	24,11	125,67	26,21	640	149	1	1.0
346	7,13	115,70	13,11	68,40	154	149	1	1.0
347	408,373	22,35	257,146	31,27	202	149	1	1.0
348	288,280	38,5	125,92	3,0	734	149	0.149742481287	1.0
349	27,12	108,111	31,13	36,20	195	149	0.00284076674559	0.06125653362673648
350	294,193	381,297	206,171	205,142	332	149	1	1.0
351	7,2	3,1	0,0	2,0	269	149	1	1.0
352	486,439	41,35	213,169	13,2	181	149	1	1.0
354	110,73	0,3	54,29	0,0	321	149	1	1.0
355	216,170	0,0	113,47	1,0	260	149	1	1.0
356	239,182	10,5	122,50	2,5	571	149	1	1.0
357	23,12	10,5	10,3	2,5	460	149	0.959553467691	1.0
358	27,15	3,6	12,6	15,4	460	149	0.0394552121869	0.5119146598147788
359	6,3	176,123	45,20	33,15	160	149	0	0.0
361	1,0	4,3	0,1	9,6	168	149	1	1.0
362	15,17	53,85	0,5	26,27	157	149	0.650221185007	1.0
363	5,5	55,38	0,3	57,35	207	149	1	1.0
364	2228,1584	0,0	1403,747	2,0	248	149	1	1.0
365	604,691	1235,1019	435,331	676,338	850	149	1	1.0
368	9,12	37,28	10,5	9,15	388	149	1	1.0
369	23,23	74,80	12,15	32,17	161	149	0.767790222837	1.0
370	2,0	47,45	0,1	4,9	293	149	1	1.0
371	0,1	0,3	1,5	0,0	299	149	1	1.0
372	7,11	40,18	3,1	19,10	374	149	1	1.0
374	659,753	5,0	343,290	0,1	319	149	1	1.0
376	3,0	1223,1099	4,0	598,323	182	149	1	1.0
379	13,20	2,0	8,13	1,2	168	149	1	1.0
380	23,18	2,1	17,14	0,0	418	149	0.432611897032	1.0
381	70,51	5,3	53,21	3,9	166	149	1	1.0
382	0,1	11,25	0,0	22,6	224	149	1	1.0
383	40,49	11,17	20,7	10,12	380	149	0.141997297429	1.0
384	4,1	28,30	2,2	21,7	154	149	1	1.0
386	1192,1148	3,10	563,381	1,0	194	149	1	1.0
387	6,12	45,59	4,2	30,32	220	149	1	1.0
388	437,372	7,2	326,199	3,8	194	149	1	1.0
389	10,5	201,208	13,10	56,43	404	149	1	1.0
390	6,5	1184,1109	2,1	591,395	257	149	1	1.0
392	36,58	0,0	27,6	2,6	164	149	0.283688812256	1.0
394	192,152	18,43	118,90	28,11	227	149	1	1.0
396	74,68	368,396	16,20	220,150	332	149	1	1.0
398	423,376	20,15	217,161	23,9	192	149	1	1.0
399	127,131	158,217	123,69	30,16	153	149	3.03945757452e-12	3.323863961850086e-10
400	39,49	91,94	6,11	39,35	347	149	1	1.0
401	2,0	18,16	0,0	14,6	329	149	1	1.0
402	140,102	369,408	56,61	256,156	471	149	1	1.0
403	0,0	21,9	7,5	5,0	161	149	1.04691583719e-05	0.00040070703668447255
404	430,444	66,47	120,81	180,75	155	149	1.11022302463e-16	3.39950290141706e-14
405	202,197	11,8	38,19	30,12	180	149	2.62436183895e-10	1.8134167862987566e-08
406	352,293	0,2	156,85	0,0	297	149	1	1.0
407	63,73	0,2	41,29	0,0	394	149	1	1.0
409	337,300	1,1	118,71	5,6	158	149	1	1.0
411	9,29	215,156	20,15	174,78	527	149	1	1.0
412	22,15	308,229	8,6	268,184	372	149	1	1.0
413	1,3	1906,1268	1,0	1086,626	153	149	1	1.0
414	113,75	101,113	112,64	51,32	170	149	0.0309969046582	0.40560906864704444
416	4,1	11,8	1,0	13,2	233	149	1	1.0
417	389,445	524,555	204,128	275,172	152	149	1	1.0
419	8,7	114,148	11,16	62,48	300	149	1	1.0
420	52,56	208,158	32,22	81,54	178	149	1	1.0
421	226,178	0,0	108,85	6,1	244	149	1	1.0
422	38,14	695,472	19,9	334,146	521	149	1	1.0
424	487,397	2,4	292,200	0,0	431	149	1	1.0
425	272,175	11,16	54,42	7,0	176	149	1	1.0
426	6,5	190,177	5,5	117,99	167	149	1	1.0
428	6,8	102,82	4,4	57,40	478	149	1	1.0
429	462,305	40,37	335,232	18,9	241	149	1	1.0
430	74,71	804,793	58,37	347,295	583	149	1	1.0
431	929,951	4,5	385,342	0,0	311	149	1	1.0
432	203,203	31,52	190,101	23,16	208	149	1	1.0
433	636,576	1,0	327,146	0,0	167	149	1	1.0
434	39,21	4,1	20,9	0,2	188	149	1	1.0
435	23,30	1594,1388	18,12	1094,666	153	149	1	1.0
436	12,4	1206,1143	8,11	542,353	317	149	1	1.0
437	2103,1707	4,4	1086,677	1,3	152	149	1	1.0
438	340,345	2,0	104,87	0,0	1010	149	1	1.0
439	384,171	41,20	344,155	16,6	423	149	0.38472024376	1.0
440	101,52	7,3	43,30	0,0	215	149	1	1.0
441	65,42	3,0	34,21	0,0	152	149	1	1.0
442	12,2	593,497	3,6	292,191	342	149	1	1.0
443	0,1	153,152	0,0	58,47	325	149	1	1.0
444	41,41	1,1	17,19	0,0	315	149	1	1.0
445	323,213	180,101	429,352	604,481	152	149	1.14484654772e-05	0.0004275024547705659
446	19,13	283,355	6,2	148,98	354	149	1	1.0
448	839,680	3,5	577,399	2,1	153	149	1	1.0
449	52,41	415,499	11,9	250,120	394	149	1	1.0
450	67,66	13924,10716	46,37	6679,3853	212	149	1	1.0
451	4364,4083	0,3	2073,1316	4,0	185	149	1	1.0
452	226,152	5,3	16,16	0,0	281	149	1	1.0
453	309,258	313,304	101,80	145,78	152	149	1	1.0
454	0,0	1392,1471	2,0	1037,636	197	149	1	1.0
455	959,634	3026,2046	312,164	1703,817	152	149	1	1.0
456	15,16	1451,1666	5,7	713,535	172	149	1	1.0
457	126,146	1,3	96,70	1,0	252	149	1	1.0
458	87,128	1,3	92,80	1,0	407	149	1	1.0
459	87,128	126,146	91,78	95,68	304	149	1	1.0
460	0,0	3912,3749	0,1	1806,1093	153	149	1	1.0
461	27,14	31,28	10,14	22,9	203	149	1	1.0
463	1646,1515	0,1	759,414	0,0	1974	149	1	1.0
464	0,1	15711,12458	4,5	11147,7400	153	149	1	1.0
466	19,31	5,3	21,16	0,2	328	149	0.13940208331	1.0
468	168,149	3,9	104,48	5,0	486	149	1	1.0
469	2105,2013	0,2	1040,570	0,0	3125	149	1	1.0
470	14,30	35,65	1,1	18,12	172	149	0.00421855788114	0.08847413857568959
475	17117,14287	0,0	9631,6128	0,1	657	149	1	1.0
477	11,14	2437,2411	4,2	979,755	481	149	1	1.0
481	246,119	128,101	88,87	48,46	489	149	1	1.0
482	5,10	0,2	2,1	2,0	223	149	1	1.0
483	12,9	6,3	5,1	1,0	209	149	0.0081710225097	0.1507003617161274
484	3,1	139,161	2,1	63,44	173	149	1	1.0
485	26,17	17,11	12,2	10,5	347	149	0.677182128758	1.0
486	26,18	2,0	12,2	0,0	417	149	1	1.0
487	17,12	2,0	10,5	0,0	219	149	1	1.0
488	63,49	1,0	43,24	0,0	302	149	1	1.0
490	93,96	35,29	17,26	30,16	164	149	0.0718969416384	0.7387531385798014
491	1,0	5,8	2,0	1,2	375	149	1	1.0
492	6310,5053	2,9	4038,2593	3,1	167	149	1	1.0
493	3170,2629	118,93	1918,1377	67,49	167	149	1	1.0
494	3164,2615	5,5	1910,1367	5,5	167	149	1	1.0
495	3644,2965	5,5	2249,1552	5,5	188	149	1	1.0
496	483,351	3,1	340,185	1,0	170	149	1	1.0
497	3162,2616	2,1	1910,1367	3,0	167	149	1	1.0
498	4192,3333	2,1	2668,1659	3,0	188	149	1	1.0
499	1031,719	1,2	759,292	1,0	170	149	1	1.0
500	192,127	1726,1570	23,15	906,537	162	149	1	1.0
501	92,57	189,158	11,16	209,138	162	149	1.72827557803e-05	0.000615346490689286
502	4,18	250,324	6,3	150,115	401	149	1	1.0
503	98,108	188,126	22,17	167,103	170	149	5.45804801144e-05	0.0017779301075563064
504	507,469	3,2	219,185	3,0	189	149	1	1.0
505	4,15	289,325	8,6	239,180	161	149	1	1.0
506	10,3	46,50	9,9	23,31	446	149	1	1.0
508	11,5	1,0	0,1	0,0	153	149	1	1.0
510	16,18	36,40	13,16	12,9	582	149	0.391805582233	1.0
511	11,8	11,16	9,10	5,2	154	149	0.0592729561945	0.6481921138127107
515	472,443	6,8	275,200	5,0	163	149	1	1.0
516	699,698	27,19	325,253	0,0	176	149	1	1.0
517	8,6	17,16	2,4	11,3	196	149	1	1.0
518	243,357	0,1	176,104	0,0	532	149	1	1.0
519	96,59	2,1	44,45	0,0	528	149	1	1.0
520	37,25	103,69	14,21	21,27	179	149	0.463868115615	1.0
521	6,6	220,225	56,45	52,34	153	149	0	0.0
522	54,40	46,40	17,18	24,22	335	149	1	1.0
523	6,6	49,36	9,11	15,16	219	149	0.0663382009269	0.6909101062522714
525	409,260	0,0	237,94	10,8	153	149	1	1.0
528	3,0	29,16	4,1	15,8	1070	149	1	1.0
529	176,181	2,1	77,47	0,0	602	149	1	1.0
530	46,35	77,100	11,11	23,16	445	149	1	1.0
532	5,0	210,171	7,1	125,64	268	149	1	1.0
533	365,322	29,18	181,147	12,9	153	149	1	1.0
536	53,51	389,450	29,19	219,164	356	149	1	1.0
537	9,6	494,379	8,7	207,145	153	149	1	1.0
538	1045,726	0,0	410,194	1,6	173	149	1	1.0
539	922,740	43,51	606,331	2,1	179	149	1	1.0
540	1431,1100	16,8	728,446	3,2	391	149	1	1.0
541	77,92	8,5	41,43	3,0	229	149	1	1.0
546	9,3	51,42	19,15	2,6	167	149	4.32048841148e-10	2.6458671031903522e-08
547	61,74	3,0	9,18	2,0	253	149	1	1.0
548	99,125	41,41	62,43	55,26	209	149	0.169333341887	1.0
549	65,52	11,27	36,7	7,3	169	149	1	1.0
550	35,19	11,27	28,7	7,3	194	149	0.388117817087	1.0
551	16,8	46,41	16,4	24,4	174	149	0.283610061614	1.0
552	3,4	387,285	4,3	210,106	152	149	1	1.0
554	135,159	105,120	49,47	83,53	346	149	0.470522620414	1.0
555	4,2	1,0	1,3	0,0	166	149	1	1.0
556	381,333	0,0	189,158	1,0	359	149	1	1.0
557	30,28	47,21	1,6	42,37	172	149	3.54964806484e-05	0.0012076691527266755
558	83,37	7,7	59,44	6,3	786	149	1	1.0
559	74,56	7,7	75,56	6,3	791	149	0.924150624248	1.0
560	12,27	21,8	16,12	0,0	154	149	0.000771249600051	0.01935710061767346
561	0,2	82,84	1,2	59,28	152	149	1	1.0
562	24,14	44,37	4,6	18,10	161	149	1	1.0
564	9,4	133,157	2,1	95,39	360	149	1	1.0
568	7,0	0,2	11,1	2,0	363	149	0.352861533684	1.0
569	10,0	77,65	11,1	58,29	363	149	1	1.0
570	19,18	123,122	2,2	71,55	164	149	1	1.0
572	5,5	114,108	2,0	12,13	153	149	1	1.0
573	97,108	149,129	23,15	114,69	167	149	0.000219681517577	0.006467930834815135
574	81,46	2,0	34,19	1,1	250	149	1	1.0
575	10,15	59,75	11,6	21,13	174	149	0.424291565461	1.0
576	229,172	13,3	129,77	8,7	271	149	1	1.0
577	7,7	142,126	4,1	65,39	320	149	1	1.0
579	1,0	5,9	0,0	3,0	160	149	1	1.0
580	11,18	87,82	23,8	50,35	286	149	1	1.0
581	0,2	639,629	0,0	256,154	153	149	1	1.0
582	234,145	8,15	150,78	1,1	180	149	1	1.0
583	3,0	19,17	2,0	14,9	161	149	1	1.0
584	2,4	0,1	2,1	2,1	160	149	0.0814641831089	0.7885457465557346
585	3,5	9,7	2,1	0,0	176	149	3.68862274058e-10	2.3530339232616584e-08
586	1,2	9,7	2,1	0,0	165	149	1.01252339846e-13	1.55017332304226e-11
587	15,12	903,718	1,0	353,210	313	149	1	1.0
588	13,22	27,38	13,5	23,10	609	149	1	1.0
589	47,47	23,20	19,9	27,11	168	149	0.0277731238108	0.37628896065783013
590	7,14	23,20	4,0	27,11	177	149	0.0621069127773	0.6649348493849392
591	3,8	43,41	0,0	15,9	158	149	1	1.0
593	240,200	1,0	119,87	0,0	535	149	1	1.0
594	16,25	183,162	30,14	58,44	167	149	0.0658432922773	0.6909101062522714
595	40,43	10,12	22,18	0,2	791	149	0.0134791122994	0.21953745670618507
596	62,38	6,2	18,7	0,0	172	149	1	1.0
597	235,200	8,5	100,60	6,1	240	149	1	1.0
598	6,7	0,2	8,4	0,1	262	149	1	1.0
599	126,99	5,3	47,29	1,1	162	149	1	1.0
600	2812,2891	1,0	1554,1167	0,0	261	149	1	1.0
602	145,131	43,33	74,65	12,3	153	149	0.423535315924	1.0
604	0,2	25,37	1,2	10,5	302	149	1	1.0
605	47,31	3,6	16,7	3,0	319	149	1	1.0
606	3,0	43,41	2,0	27,26	332	149	1	1.0
607	35,31	721,489	16,5	319,177	166	149	1	1.0
609	9,9	1268,1221	11,7	862,740	304	149	1	1.0
610	1,0	168,163	2,0	136,74	153	149	1	1.0
611	71,59	0,0	25,13	2,0	152	149	1	1.0
612	1,1	1,1	0,5	0,0	153	149	1	1.0
613	4,6	91,103	2,2	55,22	152	149	1	1.0
614	71,47	11,15	48,21	6,1	165	149	0.809217771741	1.0
615	13,3	1,0	6,4	0,0	216	149	1	1.0
617	60,76	115,139	29,27	50,35	196	149	1	1.0
618	657,470	2,0	375,251	0,0	647	149	1	1.0
620	103,103	0,2	50,51	0,0	165	149	1	1.0
621	2234,1986	0,0	646,387	0,2	494	149	1	1.0
622	16,23	6,14	5,3	16,5	308	149	0.00836677383793	0.1507003617161274
623	100,89	179,168	71,41	116,96	365	149	1	1.0
624	13,14	70,57	10,9	48,26	175	149	1	1.0
625	33,32	70,57	15,22	48,26	591	149	1	1.0
626	27,28	7,10	12,18	7,5	565	149	1	1.0
627	1,3	5,2	0,0	2,0	157	149	1	1.0
628	75,84	15,19	33,27	0,0	166	149	0.00519091932645	0.10456970379993355
629	748,610	5,1	319,239	0,1	309	149	1	1.0
631	99,78	49,94	99,49	63,33	1052	149	1	1.0
632	250,205	4,3	87,58	0,0	373	149	1	1.0
633	5,13	154,135	12,5	134,86	357	149	1	1.0
635	117,97	159,155	26,42	107,66	392	149	1	1.0
636	99,80	159,155	30,39	107,66	432	149	1	1.0
637	6,3	24,20	8,6	4,9	189	149	0.0485037309455	0.5686646815836198
638	66,84	319,315	72,65	104,83	574	149	0.985568274727	1.0
640	427,448	3,1	190,181	0,0	703	149	1	1.0
641	105,158	18,11	70,37	3,1	164	149	1	1.0
643	90,85	32,41	38,23	22,4	153	149	1	1.0
644	27,19	47,16	24,13	9,6	153	149	0.0507721133177	0.5805373450883948
645	13,8	30,17	6,2	14,13	170	149	0.95395260817	1.0
646	67,57	3,2	30,16	0,0	251	149	1	1.0
647	84,66	3,2	38,27	0,0	230	149	1	1.0
648	10,12	358,296	4,6	205,110	155	149	1	1.0
649	288,314	67,83	215,144	50,28	2830	149	1	1.0
650	2,0	37,43	1,1	21,17	341	149	1	1.0
651	2,2	0,0	2,0	2,0	187	149	1	1.0
652	7,6	7,5	3,2	4,4	187	149	0.688139572587	1.0
653	0,2	457,442	2,1	252,132	167	149	1	1.0
654	398,274	67,48	174,95	31,23	345	149	1	1.0
655	277,351	5,6	137,100	15,3	155	149	1	1.0
656	88,129	94,80	105,62	84,34	155	149	1	1.0
657	2,5	3,6	0,0	3,0	180	149	1	1.0
659	184,155	28,28	108,75	10,2	177	149	0.913119161543	1.0
660	17,7	490,507	5,4	323,193	152	149	1	1.0
661	11,8	95,100	7,1	81,46	172	149	1	1.0
662	11,7	381,396	2,4	229,140	438	149	1	1.0
663	2,0	218,180	0,0	65,73	152	149	1	1.0
664	5,6	1,1	1,0	4,3	208	149	2.97893898171e-06	0.00013030730231422888
665	14,19	992,1230	9,5	652,486	509	149	1	1.0
666	34,31	1,0	7,10	0,0	405	149	1	1.0
667	1934,2179	24,31	1248,853	34,13	310	149	1	1.0
668	534,550	408,438	392,316	165,99	184	149	0.0104993073918	0.1766421935917121
670	0,1	80,78	1,0	34,22	158	149	1	1.0
672	10,9	8,8	7,1	2,0	356	149	0.115306083243	1.0
673	14,25	8,8	10,6	2,0	558	149	0.0795372628665	0.7856228996684612
674	8,16	4,0	5,6	2,1	351	149	0.916526616115	1.0
675	23,17	0,1	9,15	4,1	163	149	1	1.0
676	16,26	267,226	32,19	90,51	165	149	0.0272908968838	0.37628896065783013
677	2,0	63,32	0,0	22,16	153	149	1	1.0
679	38,60	24,40	3,6	17,17	153	149	0.000300070759016	0.008352878764609018
680	13,11	57,88	2,2	21,23	370	149	1	1.0
681	53,53	348,292	13,4	191,149	152	149	1	1.0
682	779,642	103,86	390,260	95,62	797	149	0.202885005163	1.0
683	10,9	268,331	4,3	270,114	179	149	1	1.0
685	246,318	30,27	116,89	31,17	170	149	0.907158673121	1.0
686	3,4	6,2	0,1	5,1	175	149	0.0184805868989	0.282937785422159
687	1,2	12,16	0,0	1,2	300	149	1	1.0
689	10,7	9,15	2,4	1,3	253	149	0.724913724969	1.0
691	36,40	17,37	16,12	6,18	871	149	1	1.0
692	0,0	1307,1101	0,1	683,428	153	149	1	1.0
693	4,3	2506,2082	2,0	1133,634	224	149	1	1.0
695	5,0	66,58	3,2	32,24	378	149	1	1.0
696	289,265	88,103	107,84	48,39	152	149	1	1.0
698	31,26	101,134	6,3	12,11	238	149	1	1.0
699	666,731	6,4	413,315	1,1	343	149	1	1.0
701	7,8	93,50	4,3	43,19	152	149	1	1.0
702	138,163	0,2	57,57	0,0	173	149	1	1.0
704	13,5	120,82	1,8	41,34	427	149	1	1.0
705	8,14	3,1	0,4	5,2	152	149	0.0234045008392	0.33804047910203017
706	7,3	0,0	3,0	8,7	152	149	1.33163036153e-10	9.708219445249667e-09
707	62,97	13,6	38,43	4,2	462	149	1	1.0
708	50,60	4,11	66,40	5,1	176	149	1	1.0
709	2,0	468,380	1,1	182,135	174	149	1	1.0
710	38,41	1334,1174	22,15	894,450	575	149	1	1.0
711	8,6	252,223	2,0	154,84	354	149	1	1.0
712	56,53	24,18	44,24	5,1	386	149	0.00739692987896	0.13981110672454025
713	18,31	28,27	8,3	11,9	203	149	0.761386880395	1.0
714	92,97	10,1	68,35	6,1	460	149	1	1.0
715	42,54	1,0	27,17	0,1	223	149	1	1.0
716	110,98	5,6	39,43	0,2	235	149	1	1.0
717	121,110	31,27	64,35	28,17	170	149	0.718830209662	1.0
719	22,14	6,1	30,18	10,5	207	149	0.859811045627	1.0
720	9,15	321,315	13,4	197,131	501	149	1	1.0
721	5,0	725,631	9,6	722,503	341	149	1	1.0
722	3,10	1,1	3,2	2,0	153	149	1	1.0
723	4,0	1075,985	2,4	637,392	152	149	1	1.0
724	0,0	377,332	1,0	233,136	153	149	1	1.0
725	86,115	0,2	72,47	1,0	260	149	1	1.0
726	48,37	1,0	28,21	0,0	353	149	1	1.0
727	8,12	52,69	21,16	8,8	180	149	4.81695161536e-09	2.766998379435578e-07
728	7,4	52,69	9,7	8,8	185	149	0.000731415181875	0.01883518055825945
729	3,1	4,9	1,0	13,9	154	149	0.813547245538	1.0
732	8,0	75,67	6,3	19,15	169	149	0.807850211741	1.0
733	101,42	22,7	61,31	9,1	281	149	0.700107300967	1.0
734	12,7	171,129	6,0	136,76	152	149	1	1.0
735	78,52	126,103	27,17	51,32	556	149	1	1.0
736	579,487	11,21	353,199	1,3	194	149	1	1.0
738	8,1	1583,1216	1,1	798,442	414	149	1	1.0
739	1,5	1259,803	11,0	638,332	154	149	1	1.0
740	32,27	8,12	24,6	2,0	357	149	0.00835058668527	0.1507003617161274
741	579,547	1,4	425,237	0,0	2376	149	1	1.0
742	34,26	271,298	20,26	127,104	424	149	1	1.0
743	158,110	33,43	77,34	22,11	171	149	1	1.0
744	25,22	44,35	12,6	25,8	1395	149	1	1.0
745	2659,2384	17,15	1436,898	22,6	152	149	1	1.0
746	1485,1091	1149,936	1336,773	297,181	163	149	1.45727874212e-12	1.716225964758246e-10
747	235,247	14,6	88,77	0,0	487	149	1	1.0
749	9,7	1,5	1,1	3,1	158	149	0.0486577879082	0.5686646815836198
750	32,25	25,26	34,35	0,0	172	149	1.28785870857e-14	2.8167309754580997e-12
752	30,29	2,0	2,6	0,0	244	149	1	1.0
753	29,20	8,7	9,10	2,1	154	149	0.52629303849	1.0
754	262,235	10,15	123,65	10,6	196	149	1	1.0
756	13,23	47,36	7,5	23,5	153	149	1	1.0
757	2,0	160,96	1,0	158,113	153	149	1	1.0
759	0,0	32,44	1,0	41,23	161	149	1	1.0
760	30,17	25,25	31,5	2,0	154	149	6.36415036892e-07	2.9525800650959153e-05
763	224,215	6,1	191,126	1,2	170	149	1	1.0
765	7,7	82,78	1,0	37,21	376	149	1	1.0
766	67,54	0,4	36,20	0,0	167	149	1	1.0
767	17,15	51,52	9,3	30,7	178	149	1	1.0
768	0,0	0,1	0,1	0,5	155	149	1	1.0
769	122,135	211,190	49,46	86,58	250	149	1	1.0
770	19,27	45,34	6,5	40,15	256	149	0.27129281461	1.0
771	23,23	0,4	10,10	0,0	175	149	1	1.0
772	5,9	250,229	0,1	166,150	382	149	1	1.0
773	121,92	58,56	77,41	45,21	215	149	1	1.0
774	0,0	1,3	2,0	0,1	163	149	0.829130172779	1.0
775	7,4	1,6	1,2	0,0	246	149	0.0253671213781	0.3563033287144138
776	15,10	693,775	1,0	390,257	216	149	1	1.0
777	53,45	8,3	35,12	2,0	409	149	0.161907819358	1.0
778	28,28	199,136	32,8	94,31	176	149	1	1.0
779	226,155	8,3	100,36	2,0	382	149	1	1.0
780	92,88	47,41	82,29	7,0	166	149	1.22159464865e-05	0.00044530033501979764
781	41,38	27,25	38,18	12,6	166	149	0.348787491515	1.0
783	52,75	4,3	32,22	2,2	153	149	1	1.0
784	32,40	33,53	16,12	12,2	160	149	0.184643318696	1.0
785	78,43	478,598	36,34	290,203	333	149	1	1.0
786	0,3	374,336	1,2	191,116	153	149	1	1.0
787	293,169	83,50	179,61	16,12	449	149	0.128613349105	1.0
788	223,171	2,6	161,64	0,0	317	149	1	1.0
790	70,30	4,2	29,12	1,2	291	149	1	1.0
792	7,9	126,111	0,7	92,46	729	149	1	1.0
793	85,61	3,2	36,21	0,2	207	149	1	1.0
794	249,201	110,93	192,85	89,58	340	149	1	1.0
795	18,15	92,96	7,0	39,51	193	149	1	1.0
796	24,6	8,2	12,3	5,7	451	149	0.268699145255	1.0
797	2,12	174,131	10,6	76,42	336	149	1	1.0
798	33,15	0,0	10,10	3,4	269	149	0.0101044856036	0.17381985909114156
799	16,20	408,433	10,9	229,141	344	149	1	1.0
800	31,31	409,402	19,7	210,116	303	149	1	1.0
801	271,275	85,64	107,85	33,44	164	149	1	1.0
802	236,165	541,363	144,75	251,136	644	149	1	1.0
803	52,31	1173,761	31,20	571,260	670	149	1	1.0
805	113,87	70,61	50,12	65,39	218	149	0.0237089624111	0.33923758365788886
806	207,208	0,0	136,100	7,1	352	149	1	1.0
807	102,77	48,38	35,9	11,7	512	149	1	1.0
808	214,182	66,66	53,36	36,20	167	149	0.436847825768	1.0
809	408,366	300,231	203,136	144,96	170	149	1	1.0
810	8,2	153,114	8,2	65,29	168	149	1	1.0
811	19,8	365,388	11,1	133,155	310	149	1	1.0
812	109,47	0,0	37,18	0,1	191	149	1	1.0
814	3,3	2,1	0,0	0,1	151	149	1	1.0
815	20,20	104,124	13,4	30,33	189	149	1	1.0
816	25,19	9,3	7,2	2,2	218	149	0.934121917386	1.0
817	2,7	56,56	7,7	10,7	154	149	0.00175236098009	0.03945389206643808
818	11,14	1625,1464	24,3	862,584	380	149	1	1.0
819	14,12	1625,1464	32,5	862,584	466	149	1	1.0
820	9,2	1,3	8,2	0,0	235	149	0.176838964985	1.0
821	240,193	5,1	115,66	19,1	252	149	0.792193424948	1.0
822	21,22	545,382	15,14	292,171	723	149	1	1.0
823	131,116	12,4	99,60	1,1	155	149	1	1.0
824	14,16	470,393	13,8	263,200	154	149	1	1.0
825	212,224	21,22	145,93	4,3	157	149	1	1.0
826	5,3	3,8	0,5	11,2	194	149	0.644732885732	1.0
827	50,16	58,39	24,12	30,11	160	149	1	1.0
828	3,1	22,10	6,3	8,0	167	149	0.0220490175669	0.3250353462695952
829	170,149	115,107	247,159	53,41	163	149	0.000237163616895	0.006850896178608396
831	46,26	729,645	18,22	372,240	153	149	1	1.0
832	3,14	4,9	3,0	3,2	258	149	0.228709598109	1.0
833	16,16	274,277	8,20	220,162	404	149	1	1.0
834	172,152	10,10	86,70	12,6	301	149	1	1.0
835	184,153	0,0	91,72	1,0	506	149	1	1.0
836	28,17	0,0	17,9	1,0	354	149	1	1.0
837	112,94	0,0	71,46	0,1	417	149	1	1.0
838	84,77	0,0	55,37	0,1	212	149	1	1.0
839	128,135	133,102	92,57	93,37	212	149	1	1.0
840	191,148	0,1	122,56	0,0	219	149	1	1.0
841	90,95	5,8	30,27	9,1	160	149	1	1.0
842	14,8	5,8	9,19	9,1	306	149	0.633313325019	1.0
843	13,8	89,95	9,19	30,27	295	149	0.386764868197	1.0
844	3,1	58,41	0,0	13,16	182	149	1	1.0
845	15,15	5,8	8,2	8,4	169	149	0.215748144245	1.0
846	6,5	8,17	1,1	20,9	160	149	0.0557298700568	0.6273708165953
847	12,11	217,200	5,8	47,49	167	149	1	1.0
848	62,68	150,122	3,0	110,50	154	149	1.65837343857e-11	1.5041000601837647e-09
849	187,211	0,1	34,50	0,0	364	149	1	1.0
850	13,17	1,0	6,9	0,0	187	149	1	1.0
852	144,121	1,5	91,57	2,0	347	149	1	1.0
853	0,1	0,0	13,5	0,2	151	149	1	1.0
854	152,100	0,0	104,53	0,3	163	149	1	1.0
856	4,7	80,53	3,0	23,10	567	149	1	1.0
858	5,12	62,32	1,2	24,16	202	149	1	1.0
859	317,217	912,775	214,80	243,135	167	149	0.020084408464	0.30146303292533333
860	104,109	111,137	59,41	39,33	270	149	0.820771804404	1.0
861	6,7	803,697	7,3	469,289	153	149	1	1.0
862	11,16	175,148	45,12	57,42	154	149	0.00713379076906	0.13652292084288575
863	111,107	0,0	39,21	3,0	168	149	1	1.0
865	55,45	1,0	46,32	2,1	193	149	1	1.0
866	1,0	114,104	2,0	75,47	224	149	1	1.0
867	6,15	32,50	3,2	10,11	611	149	1	1.0
868	39,58	113,95	28,17	63,37	185	149	1	1.0
869	289,290	14,14	122,63	6,1	184	149	1	1.0
870	41,58	14,14	27,11	6,1	249	149	0.855285832821	1.0
871	1,8	249,240	8,0	103,52	214	149	1	1.0
872	2,0	6,7	0,0	6,3	155	149	1	1.0
873	79,58	0,0	65,33	4,0	349	149	1	1.0
874	408,319	33,40	209,153	4,0	196	149	0.692630096401	1.0
875	318,271	193,198	279,141	45,11	161	149	2.72427080894e-10	1.8134167862987566e-08
876	364,351	6,5	233,169	3,7	347	149	1	1.0
877	1182,825	57,49	506,285	53,28	231	149	1	1.0
878	16,13	32,28	22,6	3,7	194	149	0.05340148755	0.6056124254744445
879	11,3	24,22	3,2	10,9	362	149	1	1.0
880	14,14	1,1	3,11	0,0	170	149	1	1.0
881	25,13	223,128	6,4	184,103	267	149	1	1.0
882	23,15	248,199	6,4	131,79	267	149	1	1.0
883	30,23	4,4	46,35	4,4	295	149	1	1.0
885	112,135	6,15	65,39	4,2	524	149	1	1.0
886	35,37	6,15	21,13	4,2	555	149	0.791557938894	1.0
887	13,13	87,105	7,8	50,30	180	149	1	1.0
888	1332,840	6,1	845,425	2,0	161	149	1	1.0
890	829,921	74,75	287,177	92,65	194	149	2.41292005926e-05	0.0008395865024379682
891	1687,1779	1758,1604	1175,875	1008,726	206	149	1	1.0
892	5962,5563	2,3	4005,2422	7,0	167	149	1	1.0
893	80,62	59,63	57,20	13,4	175	149	0.00101087593246	0.02418204769681656
894	295,290	58,51	143,111	17,13	297	149	1	1.0
895	109,128	4,7	52,46	0,0	241	149	1	1.0
896	63,66	2,0	48,18	0,1	355	149	1	1.0
897	87,103	209,157	97,39	109,35	839	149	1	1.0
898	26,37	209,157	49,22	109,35	633	149	1	1.0
899	49,50	16,15	51,24	16,7	633	149	1	1.0
900	30,17	8,2	16,8	6,5	301	149	0.422840330274	1.0
901	67,55	49,38	36,18	9,14	469	149	0.940443179445	1.0
903	108,93	7,2	42,16	1,3	188	149	1	1.0
904	58,29	2,5	21,16	0,1	173	149	1	1.0
905	6,3	2509,2140	3,1	1244,766	170	149	1	1.0
907	8,3	267,281	1,5	190,107	315	149	1	1.0
908	8,3	747,697	3,0	333,227	153	149	1	1.0
909	24,17	53,37	17,3	25,17	168	149	1	1.0
911	12,6	229,197	6,2	147,89	153	149	1	1.0
912	11,7	47,24	7,2	17,5	153	149	1	1.0
914	35,26	519,360	13,7	234,121	153	149	1	1.0
915	5,5	0,0	10,3	1,0	166	149	1	1.0
916	5,7	1196,1072	14,6	564,324	387	149	1	1.0
917	0,2	1196,1072	5,3	564,324	370	149	1	1.0
918	53,32	848,886	30,21	398,281	361	149	1	1.0
919	46,35	848,886	24,21	398,281	615	149	1	1.0
920	7,8	14,5	9,6	15,6	403	149	1	1.0
921	17,36	14,19	4,5	10,10	153	149	0.040452958456	0.5161123283011333
922	153,139	13,11	88,71	9,1	1084	149	0.994505292747	1.0
923	18,18	294,333	8,5	227,151	443	149	1	1.0
925	135,96	25,23	63,20	15,11	158	149	1	1.0
926	9,10	1517,1277	4,3	730,465	153	149	1	1.0
927	2,15	1086,1105	7,4	519,323	185	149	1	1.0
930	23,18	140,146	46,17	93,67	281	149	1	1.0
931	4,1	135,72	2,3	76,50	292	149	1	1.0
933	38,26	1,0	15,14	0,0	310	149	1	1.0
934	129,107	1103,1057	52,23	459,347	616	149	1	1.0
935	0,3	0,0	0,0	0,2	167	149	1	1.0
936	76,90	2,0	55,26	0,0	657	149	1	1.0
937	0,0	21,24	0,1	7,5	484	149	1	1.0
938	4,7	164,131	0,3	59,43	350	149	1	1.0
939	13,8	536,515	6,7	344,195	324	149	1	1.0
940	17,18	198,179	6,6	80,67	433	149	1	1.0
941	92,74	200,175	83,42	49,28	155	149	6.53635829317e-06	0.000263346435443244
942	13,4	0,0	9,4	1,0	213	149	1	1.0
944	0,3	155,175	3,1	110,70	188	149	1	1.0
946	1,0	34,23	0,3	23,11	180	149	1	1.0
947	21,23	0,1	9,15	2,0	500	149	1	1.0
949	123,76	4850,4451	115,85	3308,2131	167	149	1	1.0
950	51,35	3,1	11,10	1,2	290	149	1	1.0
951	282,181	88,46	65,24	76,41	172	149	1.16652752014e-07	5.953178777781133e-06
952	31,26	33,41	25,22	3,2	153	149	3.0180231958e-07	1.490514036377355e-05
953	831,650	4,0	637,388	4,0	1253	149	1	1.0
955	30,45	46,34	10,18	16,14	181	149	1	1.0
957	484,468	0,1	243,239	0,0	594	149	1	1.0
958	19,15	2,5	9,5	10,4	160	149	0.0299409234798	0.39516856765149827
960	146,147	4,2	115,67	0,3	260	149	1	1.0
961	4,3	7,6	0,2	4,4	270	149	0.28056704151	1.0
962	110,91	0,1	59,26	0,0	754	149	1	1.0
963	13,17	0,2	19,13	0,0	185	149	1	1.0
964	13,18	226,269	22,13	126,96	185	149	1	1.0
965	811,702	40,42	488,257	1,2	188	149	1	1.0
966	22,20	255,211	22,19	211,140	173	149	1	1.0
967	288,237	0,2	238,141	0,0	153	149	1	1.0
968	4,6	214,183	1,1	132,59	335	149	1	1.0
969	23,18	1,0	45,19	0,0	345	149	1	1.0
970	120,86	35,25	12,17	40,17	161	149	0.000397716011554	0.010873271673020964
972	0,0	177,118	1,0	89,51	153	149	1	1.0
973	71,72	1,0	48,8	2,1	178	149	1	1.0
974	211,196	3,0	111,70	0,0	1508	149	1	1.0
975	935,814	14,13	511,342	2,1	172	149	1	1.0
976	230,122	0,6	106,68	0,0	172	149	1	1.0
978	0,1	21,24	0,0	4,5	185	149	1	1.0
979	200,178	2587,2489	165,115	1589,1145	601	149	1	1.0
980	246,209	2587,2489	188,130	1589,1145	706	149	1	1.0
981	86,68	25,27	57,37	29,18	254	149	1	1.0
982	0,4	14,6	0,0	0,2	182	149	1	1.0
983	64,48	0,0	12,16	1,1	731	149	0.282728586041	1.0
984	11,21	349,288	17,14	257,148	210	149	1	1.0
985	30,8	593,477	22,11	355,211	361	149	1	1.0
986	154,119	195,176	67,34	159,77	320	149	1	1.0
987	81,82	36,33	29,12	20,13	209	149	0.400743739567	1.0
988	131,116	0,0	65,30	0,1	427	149	1	1.0
989	1511,1346	115,141	711,428	123,87	892	149	0.0275803970504	0.37628896065783013
990	3,2	22,26	0,1	15,3	171	149	1	1.0
994	18,6	38,35	2,0	15,11	191	149	0.0969792079495	0.9115042256602239
996	71,104	1,3	61,54	0,0	154	149	1	1.0
997	2,2	38,49	0,0	21,14	158	149	1	1.0
998	10,2	37,30	7,3	38,12	174	149	1	1.0
999	6,0	1,0	3,2	0,0	503	149	1	1.0
1000	4,2	356,271	2,0	207,114	153	149	1	1.0
1002	89,87	8,0	68,69	2,0	999	149	0.453202254798	1.0
1003	1474,1402	5,12	236,278	0,0	182	149	1	1.0
1004	4,6	0,0	6,0	2,0	231	149	1	1.0
1005	292,244	1,1	118,90	3,0	159	149	1	1.0
1008	9,17	39,48	4,0	38,23	216	149	0.271006624859	1.0
1009	1,3	13865,13864	6,1	9528,6577	153	149	1	1.0
1010	19,11	1044,934	16,4	554,312	558	149	1	1.0
1011	1,11	1044,934	7,1	554,312	319	149	1	1.0
1013	1,3	413,484	8,2	195,148	158	149	1	1.0
1014	2,6	53,56	1,2	32,18	311	149	1	1.0
1015	74,57	1,1	18,19	0,3	595	149	1	1.0
1017	2,0	11,5	0,0	3,3	165	149	1	1.0
1018	0,0	3341,3046	1,0	1667,852	153	149	1	1.0
1020	131,104	0,1	185,80	0,0	386	149	1	1.0
1021	29,20	76,78	18,12	100,60	709	149	1	1.0
1022	43,49	77,98	16,22	39,30	188	149	1	1.0
1023	0,3	77,65	3,2	28,24	462	149	1	1.0
1025	3,10	4,15	0,1	10,2	177	149	0.0020085215585	0.043929235800907136
1027	12,4	59,48	49,26	102,73	160	149	0.10937424288	1.0
1028	2269,1979	62,57	1570,842	58,45	173	149	1	1.0
1029	6,3	3732,3066	4,4	1644,1242	328	149	1	1.0
1031	38,26	844,827	11,10	385,257	359	149	1	1.0
1033	111,80	0,1	40,37	0,0	291	149	1	1.0
1034	37,25	45,35	17,13	8,7	161	149	0.101576416507	0.9482530101964451
1035	413,266	8,16	263,119	17,7	190	149	1	1.0
1039	139,187	46,34	82,35	9,4	167	149	0.7591501539	1.0
1040	8,1	56,50	3,2	13,17	450	149	1	1.0
1041	113,106	25,17	74,69	1,2	154	149	0.0485046877542	0.5686646815836198
1042	150,141	1,8	127,72	0,0	205	149	1	1.0
1043	1,0	41,47	2,1	32,15	169	149	1	1.0
1044	0,1	155,139	2,0	95,53	152	149	1	1.0
1045	18,7	29,12	11,3	32,6	152	149	0.829428505969	1.0
1046	15,21	0,1	16,6	0,0	154	149	1	1.0
1047	333,286	7,7	138,77	4,1	372	149	1	1.0
1048	5,9	4310,4475	5,0	2529,1761	434	149	1	1.0
1049	190,206	4,0	75,72	0,0	544	149	1	1.0
1050	155,168	18,16	98,50	8,1	266	149	1	1.0
1051	7,11	65,89	2,6	64,21	163	149	1	1.0
1052	7,4	0,2	2,8	0,0	274	149	1	1.0
1053	31,37	115,111	51,35	52,31	555	149	0.157945395918	1.0
1055	9,11	12,9	7,4	9,5	410	149	1	1.0
1058	2,12	30,21	7,10	13,13	703	149	1	1.0
1060	10,13	7,2	7,10	0,0	298	149	0.00576713727866	0.1146686645925774
1061	50,28	0,3	14,14	0,0	153	149	1	1.0
1062	155,107	35,12	52,24	21,9	196	149	0.373490163873	1.0
1063	12,14	162,139	3,3	98,48	287	149	1	1.0
1064	247,175	8,19	67,56	3,3	392	149	1	1.0
1065	86,98	11,2	35,56	0,0	154	149	1	1.0
1067	0,0	26,28	2,2	13,8	153	149	0.522489762771	1.0
1068	0,1	9,6	0,0	0,1	161	149	1	1.0
1069	20880,14657	22293,15166	22637,13933	8173,4846	160	149	3.6405878312e-11	2.9335473524037894e-09
1070	106,67	2,3	15,6	17,13	155	149	2.60499399829e-11	2.2156921174344387e-09
1071	14,7	0,0	0,2	1,0	155	149	1	1.0
1072	62,59	21,28	33,23	14,6	302	149	1	1.0
1073	5,4	5,2	2,0	0,5	216	149	0.264235602913	1.0
1074	12,2	311,279	3,2	138,75	302	149	1	1.0
1075	0,0	97,127	3,0	69,26	167	149	1	1.0
1076	9,13	0,0	7,0	5,0	176	149	1	1.0
1078	388,371	0,6	213,144	0,0	520	149	1	1.0
1079	3,2	58,42	1,5	19,14	320	149	1	1.0
1080	11,7	148,152	2,3	96,35	326	149	1	1.0
1082	5,1	150,167	2,5	96,53	153	149	1	1.0
1084	80,43	1,1	25,30	0,2	178	149	1	1.0
1085	15,12	31,32	3,2	30,20	208	149	0.116259202976	1.0
1087	112,69	181,156	5,1	108,59	230	149	5.69290026231e-09	3.1127965362845036e-07
1088	3,1	59,32	0,0	14,11	233	149	1	1.0
1089	11,15	0,1	1,0	0,0	252	149	1	1.0
1090	425,397	17,12	262,210	9,1	715	149	1	1.0
1091	5,5	1,1	17,16	2,1	322	149	0.637039658503	1.0
1092	6,5	21,16	20,18	22,17	322	149	0.113297128317	1.0
1093	61,52	77,73	69,51	8,4	161	149	2.76445533132e-14	5.29047639031365e-12
1094	4,3	47,33	8,3	5,7	161	149	0.0230722253964	0.3364150198275086
1095	61,77	88,94	38,31	71,43	165	149	1	1.0
1096	0,0	75,80	1,0	32,18	156	149	1	1.0
1097	104,141	42,49	62,46	11,8	199	149	0.32175440236	1.0
1099	13,6	813,667	5,1	401,227	153	149	1	1.0
1100	10,8	377,364	2,8	208,160	324	149	1	1.0
1101	14,9	674,638	3,7	355,239	324	149	1	1.0
1102	11,13	230,220	11,5	109,86	423	149	1	1.0
1103	57,48	9,6	31,18	0,0	436	149	0.00086768739033	0.02142628055798758
1104	26,57	37,32	28,11	2,2	220	149	0.000427921495343	0.011493821217019879
1105	2,8	4,6	1,1	1,0	186	149	0.00886617587629	0.15783854961162777
1107	4,18	142,112	2,5	56,39	304	149	1	1.0
1110	2,0	509,369	3,2	228,143	387	149	1	1.0
1111	41,52	3,1	8,14	0,0	189	149	1	1.0
1112	2,3	8,2	2,2	5,0	340	149	0.732148154363	1.0
1113	7,9	143,209	9,5	72,56	548	149	1	1.0
1114	13,8	143,209	12,3	72,56	357	149	1	1.0
1115	1,0	4,6	1,1	2,0	269	149	1	1.0
1116	2,1	187,130	1,2	60,38	442	149	1	1.0
1117	5,6	28,19	2,1	37,20	313	149	1	1.0
1118	5,7	187,130	2,1	60,38	322	149	1	1.0
1119	25,27	1108,729	6,0	359,236	155	149	1	1.0
1120	17,9	6,1	5,5	1,1	153	149	1	1.0
1121	51,39	143,107	45,31	49,30	233	149	0.0403147090501	0.5161123283011333
1122	5,2	20,33	6,1	17,8	177	149	1	1.0
1123	42,56	198,193	37,20	72,65	291	149	1	1.0
1124	50,46	2,0	18,16	12,5	176	149	0.000199852167123	0.005999483683633588
1125	57,92	119,126	60,38	65,40	291	149	1	1.0
1126	86,79	1,3	26,26	0,0	225	149	1	1.0
1127	0,0	33,49	1,0	25,4	167	149	1	1.0
1128	91,96	16,8	30,24	0,0	168	149	0.734814158022	1.0
1129	380,377	608,788	144,112	359,185	267	149	1	1.0
1131	58,31	32,38	32,15	12,4	313	149	0.207385139993	1.0
1132	111,96	19,8	50,26	3,4	164	149	1	1.0
1133	425,385	4,0	202,167	0,5	159	149	1	1.0
1134	27,16	0,0	24,13	6,3	159	149	0.237507388315	1.0
1135	51,34	125,80	26,13	71,32	206	149	1	1.0
1136	13,10	8,20	3,3	7,1	199	149	1	1.0
1137	77,79	9,40	69,49	5,5	157	149	0.41858854373	1.0
1138	15,15	25,29	17,10	3,6	157	149	0.00585231250814	0.11487039038413255
1140	22,21	10,4	6,3	8,3	179	149	0.0786722824424	0.7821250936319117
1141	23,16	142,165	20,8	63,34	424	149	1	1.0
1142	11,7	465,379	2,4	199,106	153	149	1	1.0
1143	49,37	293,301	23,9	229,116	323	149	1	1.0
1144	4,3	398,368	2,0	268,169	182	149	1	1.0
1145	9,15	1,3	3,1	7,2	167	149	0.000738152079357	0.01883518055825945
1146	17,19	0,3	18,5	0,0	368	149	1	1.0
1147	9,9	0,3	22,6	0,0	350	149	1	1.0
1148	36,38	3,2	26,9	1,1	204	149	1	1.0
1149	16,3	14,18	6,1	9,3	202	149	1	1.0
1151	12,3	328,316	3,3	160,110	293	149	1	1.0
1152	17,12	552,452	11,8	226,150	153	149	1	1.0
1153	3,2	196,208	0,2	97,101	296	149	1	1.0
1154	18,15	2,0	5,5	1,0	152	149	1	1.0
1155	64,43	139,118	24,16	62,21	161	149	1	1.0
1156	20,22	167,160	7,1	74,41	332	149	1	1.0
1158	121,71	1,1	39,38	0,0	168	149	1	1.0
1159	191,173	269,229	95,62	114,57	152	149	1	1.0
1161	80,63	3,1	34,36	3,3	196	149	1	1.0
1162	23,14	635,451	16,14	426,258	522	149	1	1.0
1163	27,27	165,115	25,23	62,50	153	149	0.431061314925	1.0
1164	247,151	1118,792	44,24	942,484	166	149	0.217262579485	1.0
1165	171,75	20,11	76,41	3,0	278	149	0.0567127331593	0.6337751420940752
1166	201,97	79,62	89,54	80,29	295	149	1	1.0
1167	50,33	79,62	16,13	80,29	166	149	0.357928147978	1.0
1168	5,5	7,0	3,1	2,1	160	149	0.632908776224	1.0
1172	129,122	19,6	58,41	5,8	177	149	1	1.0
1173	1302,1155	13,9	744,474	10,3	428	149	1	1.0
1174	19,12	73,96	4,11	32,25	283	149	1	1.0
1176	10,8	29,14	5,4	9,1	155	149	0.44147021914	1.0
1177	0,1	45,40	0,0	15,14	215	149	1	1.0
1178	4,1	5,10	0,0	7,0	161	149	1	1.0
1179	3,2	10,7	0,0	8,5	161	149	0.859989541039	1.0
1180	56,20	4689,3839	32,24	3439,2111	153	149	1	1.0
1181	5511,4855	1,0	2997,1792	0,0	1337	149	1	1.0
1182	44,32	337,321	17,13	228,130	232	149	1	1.0
1183	13,18	3,2	5,0	2,4	156	149	0.0480877081876	0.5686646815836198
1186	3,1	2,0	1,1	0,0	153	149	1	1.0
1187	100,96	50,96	79,39	64,36	225	149	1	1.0
1188	4,8	1063,931	7,3	492,338	349	149	1	1.0
1189	59,27	5,7	14,13	1,2	381	149	1	1.0
1190	362,287	238,148	229,82	168,85	192	149	1	1.0
1191	497,418	32,34	308,114	20,5	231	149	1	1.0
1192	560,460	6,1	328,129	0,0	246	149	1	1.0
1193	373,279	32,34	247,117	20,5	188	149	1	1.0
1194	436,321	6,1	267,132	0,0	203	149	1	1.0
1195	95,76	6,1	40,20	0,0	164	149	1	1.0
1196	0,2	46,29	3,1	13,9	409	149	1	1.0
1197	16,33	7,7	15,14	0,0	166	149	0.0244550167078	0.3466725053670537
1199	109,83	52,34	66,56	25,10	193	149	0.928712164043	1.0
1200	44,21	107,102	21,22	91,81	378	149	1	1.0
1201	7,6	10,5	3,7	15,1	361	149	1	1.0
1204	12,10	123,136	4,1	60,34	286	149	1	1.0
1207	165,121	1,0	118,70	3,0	533	149	1	1.0
1208	39,27	0,2	32,6	0,3	297	149	1	1.0
1209	2,1	5,4	1,5	3,7	153	149	1	1.0
1210	4,5	386,370	4,1	237,158	152	149	1	1.0
1211	8,3	1064,1028	0,2	541,366	209	149	1	1.0
1212	0,1	158,115	0,0	78,49	153	149	1	1.0
1213	15,11	60,55	8,1	30,22	176	149	1	1.0
1215	240,212	8727,6919	154,136	5110,3276	156	149	1	1.0
1217	4,4	7163,6415	4,4	4230,3097	153	149	1	1.0
1218	1,2	90,68	0,2	44,24	206	149	1	1.0
1219	25,18	0,0	17,17	3,3	225	149	0.502586128643	1.0
1220	10,7	136,117	1,3	55,38	296	149	1	1.0
1221	58,53	96,115	63,31	6,6	161	149	4.66293670343e-15	1.1898260154918884e-12
1222	8,9	79,56	8,6	35,25	153	149	1	1.0
1223	222,193	458,415	292,177	77,28	161	149	0	0.0
1224	110,68	32,11	62,12	41,27	155	149	0.00981524738138	0.17076299705559975
1225	29,12	7,8	10,12	7,4	176	149	1	1.0
1226	36,19	0,6	20,18	6,3	1145	149	0.318291791218	1.0
1227	36,23	20,18	21,20	14,6	1181	149	1	1.0
1228	14,15	0,6	17,10	6,3	1118	149	0.442151847547	1.0
1229	14,19	20,18	18,12	14,6	1154	149	1	1.0
1230	0,10	20,18	7,5	14,6	185	149	0.453257929476	1.0
1231	21,43	2,0	26,12	0,1	312	149	1	1.0
1232	3,2	145,152	0,3	75,52	153	149	1	1.0
1233	160,142	74,50	101,42	48,29	443	149	1	1.0
1235	2068,2042	1,0	933,522	2,0	374	149	1	1.0
1236	2,0	3,3	6,2	0,0	200	149	6.36089142592e-06	0.00026320337224550053
1237	63,42	79,69	27,29	93,41	153	149	0.896198626601	1.0
1240	1,1	9,4	0,0	2,1	230	149	1	1.0
1241	62,63	40,19	60,48	28,19	256	149	1	1.0
1242	63,66	253,161	20,24	121,54	338	149	1	1.0
1243	35,26	161,195	17,15	80,71	985	149	1	1.0
1244	23,30	0,0	8,16	0,2	295	149	1	1.0
1245	2,7	24,50	5,1	15,10	616	149	1	1.0
1246	2,2	6,4	1,3	5,2	157	149	1	1.0
1247	91,111	108,84	41,40	61,40	1300	149	1	1.0
1248	5,0	375,378	3,3	183,82	341	149	1	1.0
1249	13,5	555,551	1,7	288,144	153	149	1	1.0
1250	13,5	0,0	1,6	2,0	153	149	1	1.0
1251	29,32	476,489	8,7	251,128	392	149	1	1.0
1252	995,627	106,112	985,535	61,30	702	149	0.0745895460885	0.7574105036671238
1254	0,1	234,142	0,0	103,48	152	149	1	1.0
1257	29,31	91,121	47,54	55,37	317	149	0.00456928707539	0.09453484476246067
1258	1,1	482,522	2,0	181,153	328	149	1	1.0
1259	272,234	104,107	118,91	76,50	270	149	1	1.0
1261	23,22	11,7	12,6	3,3	224	149	1	1.0
1262	61,91	2,0	22,23	0,1	152	149	1	1.0
1263	132,117	14,10	35,36	0,0	270	149	0.252918276952	1.0
1264	7,8	0,2	2,3	0,0	170	149	1	1.0
1265	3,4	4,0	7,10	9,12	153	149	0.262268450451	1.0
1266	73,85	139,191	21,19	73,60	190	149	1	1.0
1268	20,11	171,116	9,6	99,55	352	149	1	1.0
1269	39,64	1,0	13,17	0,0	155	149	1	1.0
1270	9,16	192,174	6,5	97,65	544	149	1	1.0
1271	5,13	4,6	6,2	8,6	367	149	0.209956055467	1.0
1272	9,26	232,218	20,12	116,93	742	149	1	1.0
1273	8,19	232,218	22,16	116,93	524	149	1	1.0
1274	206,196	4,0	175,62	0,0	300	149	1	1.0
1275	18,22	1,0	5,6	0,0	191	149	1	1.0
1276	4,2	103,76	1,1	54,33	218	149	1	1.0
1277	84,81	20,32	43,35	14,12	172	149	1	1.0
1278	16,13	2,0	3,1	0,0	431	149	1	1.0
1279	39,23	58,33	6,6	8,9	842	149	1	1.0
1280	25,10	58,33	3,5	8,9	560	149	1	1.0
1281	15,6	1334,1322	41,34	1247,780	395	149	1	1.0
1283	42,44	448,485	21,5	281,143	449	149	1	1.0
1285	154,153	3,0	39,27	0,0	213	149	1	1.0
1286	27,26	155,128	22,7	72,38	199	149	1	1.0
1287	15,17	2,2	15,3	1,0	199	149	1	1.0
1288	402,295	2,2	207,93	1,0	1169	149	1	1.0
1289	389,278	2,0	192,90	0,0	1119	149	1	1.0
1291	7,6	2,2	7,4	4,2	193	149	0.789754183141	1.0
1292	16,16	51,37	6,3	21,16	198	149	1	1.0
1293	325,308	0,1	145,124	0,0	753	149	1	1.0
1294	0,0	10,12	2,0	12,5	181	149	1	1.0
1295	20,19	8,9	8,7	4,7	328	149	0.718963608098	1.0
1296	26,14	106,87	10,14	58,25	213	149	1	1.0
1297	329,282	13,10	172,80	3,0	155	149	1	1.0
1298	453,338	1105,841	161,94	600,308	152	149	1	1.0
1299	26,16	0,0	12,3	1,0	181	149	1	1.0
1300	12,19	5,0	10,1	0,0	164	149	1	1.0
1301	6,7	5,4	2,4	0,2	171	149	0.113014536557	1.0
1302	17,19	15,13	18,2	7,2	607	149	1	1.0
1303	131,125	0,0	43,32	1,0	260	149	1	1.0
1304	0,1	17,17	0,1	10,8	158	149	1	1.0
1305	21,28	0,0	12,2	0,1	176	149	1	1.0
1306	29,17	620,679	22,9	231,213	338	149	1	1.0
1307	63,64	143,122	24,21	72,54	387	149	1	1.0
1308	812,738	151,146	560,370	81,65	173	149	1	1.0
1309	5,0	188,142	4,0	68,50	341	149	1	1.0
1310	14,7	7,0	9,2	5,2	220	149	0.400641792068	1.0
1311	45,33	7,0	38,17	5,2	401	149	0.807037358237	1.0
1313	49,33	1,7	48,16	0,0	401	149	0.371310016184	1.0
1314	5,4	422,298	3,0	248,115	260	149	1	1.0
1315	66,35	0,2	35,16	0,0	433	149	1	1.0
1316	26,35	87,74	14,12	57,32	640	149	1	1.0
1321	377,312	4,2	188,137	0,0	236	149	1	1.0
1322	6,1	15,12	0,1	9,3	187	149	0.749199588066	1.0
1323	210,159	1009,896	50,38	456,350	414	149	1	1.0
1325	54,44	447,272	65,26	188,95	300	149	1	1.0
1327	3,1	0,1	4,1	0,1	153	149	1	1.0
1328	27,35	843,701	36,26	349,239	154	149	1	1.0
1329	0,1	597,617	0,0	277,256	167	149	1	1.0
1331	56,38	88,66	26,12	37,24	193	149	1	1.0
1332	0,0	28,23	0,2	10,6	167	149	1	1.0
1334	1,7	18,8	1,0	2,0	572	149	1	1.0
1335	44,47	1182,1081	21,8	626,413	152	149	1	1.0
1339	5,2	319,273	1,2	218,130	242	149	1	1.0
1342	0,4	6,0	3,0	0,0	193	149	1	1.0
1344	53,68	18,31	22,18	14,7	152	149	1	1.0
1345	0,9	5,15	0,0	4,0	223	149	1	1.0
1346	16,12	67,53	10,5	56,28	164	149	1	1.0
1347	30,19	2,0	22,9	4,1	161	149	1	1.0
1349	5,3	38,62	2,6	25,12	231	149	1	1.0
1350	5,2	0,0	0,0	0,1	212	149	1	1.0
1351	35,48	119,133	22,16	68,53	509	149	1	1.0
1352	1,4	111,100	1,0	59,26	152	149	1	1.0
1354	3,1	849,848	1,2	540,403	152	149	1	1.0
1356	2,4	353,363	2,5	229,140	166	149	1	1.0
1357	22,54	146,142	18,17	99,50	166	149	1	1.0
1358	283,203	13,10	148,71	3,3	190	149	1	1.0
1359	8,8	297,258	5,7	137,98	516	149	1	1.0
1362	0,8	168,137	0,2	90,46	188	149	1	1.0
1363	4,5	191,165	0,1	84,59	158	149	1	1.0
1365	19,31	7,10	11,6	3,3	173	149	1	1.0
1367	4,6	161,140	0,0	72,21	230	149	1	1.0
1368	12,11	1139,1167	5,1	514,450	369	149	1	1.0
1369	5,7	52,45	18,10	33,20	374	149	0.505461423482	1.0
1370	286,182	0,1	156,101	3,1	383	149	1	1.0
1371	28,39	1,2	8,7	0,0	319	149	1	1.0
1372	12,9	1,0	0,4	0,0	153	149	1	1.0
1373	1,0	18,30	0,0	8,6	253	149	1	1.0
1374	195,138	655,459	95,71	361,174	1331	149	1	1.0
1375	31,51	0,2	14,12	1,0	167	149	1	1.0
1376	13,21	32,36	6,0	7,3	179	149	0.920229081306	1.0
1377	9,8	0,0	3,0	0,1	155	149	1	1.0
1379	164,158	1,0	95,28	0,0	483	149	1	1.0
1380	53,27	8,5	31,21	0,2	995	149	0.0298617314488	0.39516856765149827
1381	3,3	6,0	0,2	6,0	176	149	0.360114986403	1.0
1382	12,8	398,426	9,9	308,179	330	149	1	1.0
1383	15,5	398,426	15,7	308,179	303	149	1	1.0
1384	4,7	14,12	4,0	0,2	384	149	1	1.0
1385	18,17	144,129	8,0	139,62	427	149	1	1.0
1386	28,22	144,129	4,2	139,62	192	149	1	1.0
1387	14,12	9,5	4,0	7,2	192	149	0.0508112372579	0.5805373450883948
1388	200,224	93,103	123,61	132,57	170	149	0.0220794748609	0.3250353462695952
1389	8,11	93,83	1,0	29,21	541	149	1	1.0
1392	23,23	369,375	30,21	237,165	502	149	1	1.0
1393	5,2	1,0	3,2	0,0	197	149	1	1.0
1394	93,66	61,60	30,19	10,13	153	149	0.782121048788	1.0
1395	57,46	139,121	30,16	118,78	174	149	1	1.0
1396	8,13	180,153	7,7	127,36	528	149	1	1.0
1397	3,4	57,23	0,0	22,8	329	149	1	1.0
1398	5,8	59,59	2,1	30,13	341	149	1	1.0
1402	57,48	119,100	46,30	83,37	211	149	1	1.0
1403	1,0	277,221	2,1	192,107	188	149	1	1.0
1404	17,10	185,139	10,12	60,44	305	149	1	1.0
1406	8,17	90,98	6,6	28,35	322	149	1	1.0
1407	337,283	1,7	142,72	0,1	227	149	1	1.0
1408	130,148	78,77	72,68	55,35	161	149	1	1.0
1409	25,20	16,16	30,12	0,0	172	149	4.76496619939e-12	4.863442167510727e-10
1410	40,41	577,586	105,54	180,98	186	149	1.6701307004e-11	1.5041000601837647e-09
1411	1,1	913,660	1,0	520,233	176	149	1	1.0
1413	22,24	3,1	3,3	0,0	165	149	1	1.0
1414	81,73	1,0	25,29	0,0	266	149	1	1.0
1416	372,311	6,5	263,146	0,0	282	149	1	1.0
1417	1,0	185,169	0,0	80,64	348	149	1	1.0
1418	3,3	111,98	0,0	30,39	674	149	1	1.0
1419	1,0	254,226	0,0	127,103	185	149	1	1.0
1420	0,0	241,245	2,0	125,80	215	149	1	1.0
1422	19,9	236,190	16,5	151,89	264	149	1	1.0
1423	189,168	0,0	79,55	1,0	152	149	1	1.0
1425	14,10	245,215	3,3	184,133	314	149	1	1.0
1426	13,10	133,145	16,7	121,91	780	149	1	1.0
1427	345,341	0,0	265,186	0,1	434	149	1	1.0
1428	40,40	80,112	18,18	49,25	265	149	1	1.0
1429	2,4	10,14	1,0	15,3	222	149	1	1.0
1431	93,65	10,8	28,26	0,0	160	149	1	1.0
1432	21,8	154,133	0,1	26,22	347	149	1	1.0
1433	263,221	242,195	178,125	162,120	168	149	1	1.0
1435	165,204	0,0	185,119	0,2	200	149	1	1.0
1436	6,3	1,3	4,2	2,3	161	149	0.656127469018	1.0
1437	122,98	1,2	73,30	0,0	161	149	1	1.0
1438	11,15	289,332	5,3	137,105	368	149	1	1.0
1439	4,0	1,0	4,0	0,0	194	149	1	1.0
1441	70,39	131,158	30,16	126,82	153	149	1	1.0
1442	0,2	6,7	0,1	7,4	159	149	1	1.0
1443	3,4	1,1	0,1	0,2	194	149	1	1.0
1444	533,463	302,301	257,180	192,120	585	149	1	1.0
1445	398,287	162,187	211,144	59,48	436	149	0.49960790065	1.0
1446	28,46	0,4	9,16	0,0	224	149	1	1.0
1447	12,5	34,43	11,7	27,21	153	149	0.976521552505	1.0
1449	13,18	2572,3029	10,5	1812,1129	151	149	1	1.0
1450	7,9	90,82	0,0	34,38	171	149	1	1.0
1451	1,1	2,5	2,1	0,0	153	149	4.45512315994e-06	0.00018946648771855942
1453	72,71	54,60	7,12	41,27	313	149	0.000593055401603	0.015654617583692982
1454	23,8	1,0	18,9	0,0	407	149	1	1.0
1455	10,15	4,2	18,10	0,2	177	149	0.360274248973	1.0
1456	10,10	11,8	23,9	3,3	192	149	0.0150597009716	0.24017085611999586
1458	27,26	3,0	14,7	0,5	287	149	0.716324258153	1.0
1459	14,22	14304,13291	8,3	6658,6124	154	149	1	1.0
1460	60,34	14304,13291	20,12	6658,6124	457	149	1	1.0
1461	214,108	14304,13291	51,24	6658,6124	989	149	1	1.0
1462	260,129	14304,13291	54,25	6658,6124	1384	149	1	1.0
1463	60,34	14,22	20,12	8,3	452	149	1	1.0
1464	214,108	14,22	51,24	8,3	984	149	1	1.0
1465	260,129	14,22	54,25	8,3	1379	149	1	1.0
1468	48,21	2,0	4,1	1,0	544	149	1	1.0
1469	202,160	17380,15183	118,59	9139,6520	153	149	1	1.0
1470	199,160	2,3	118,59	0,5	153	149	1	1.0
1471	61,55	28,30	27,31	7,6	183	149	0.25233504875	1.0
1477	6,7	13,9	1,3	2,0	173	149	0.121717226906	1.0
1478	0,0	6,11	2,0	1,1	176	149	1	1.0
1479	52,25	127,133	15,11	50,48	167	149	1	1.0
1480	79,63	2,2	31,19	0,0	153	149	1	1.0
1481	15,25	232,232	5,3	63,75	354	149	1	1.0
1483	27,14	2,1	15,2	0,0	162	149	1	1.0
1484	15,1	2,0	8,1	0,2	203	149	1	1.0
1485	22,22	199,175	9,4	84,67	169	149	1	1.0
1486	3635,2910	4,5	2330,1267	4,5	155	149	1	1.0
1487	10,10	1381,1406	10,9	994,529	477	149	1	1.0
1488	4,1	351,251	1,0	204,108	161	149	1	1.0
1489	65,48	178,107	20,19	98,51	179	149	1	1.0
1490	1163,919	0,0	1019,569	1,0	1154	149	1	1.0
1491	434,452	8,10	195,135	5,4	186	149	1	1.0
1492	338,290	182,189	168,111	103,49	290	149	1	1.0
1493	27,10	231,173	10,5	112,55	428	149	1	1.0
1494	23,17	2,3	6,5	0,0	191	149	0.740291725093	1.0
1495	282,362	31,21	134,76	2,2	329	149	0.388572390702	1.0
1496	2,2	119,115	0,4	44,36	440	149	1	1.0
1497	188,125	0,1	75,57	0,0	679	149	1	1.0
1498	61,101	4,3	31,22	4,0	186	149	1	1.0
1499	44,58	4,3	33,19	4,0	207	149	1	1.0
1500	15,13	32,56	12,6	10,9	170	149	0.191735531323	1.0
1502	13,13	486,547	22,11	245,153	155	149	1	1.0
1503	9,1	58,44	0,2	22,16	314	149	1	1.0
1504	76,79	16,19	53,34	3,3	163	149	0.344875435903	1.0
1505	6,2	168,219	0,1	143,69	153	149	1	1.0
1506	7,19	5,2	11,6	1,0	257	149	0.0747021463447	0.7574105036671238
1508	42,20	94,40	27,16	70,40	516	149	1	1.0
1509	2,2	354,383	5,1	227,139	411	149	1	1.0
1511	187,224	0,0	49,43	0,1	293	149	1	1.0
1512	79,78	3512,3382	32,24	2196,1436	153	149	1	1.0
1513	4,1	0,2	0,0	1,0	285	149	1	1.0
1514	47,45	0,2	6,5	1,0	370	149	1	1.0
1515	47,44	4,0	6,5	0,0	234	149	1	1.0
1516	41,28	3009,2846	35,18	1877,1308	308	149	1	1.0
1518	256,226	0,1	153,118	0,0	383	149	1	1.0
1520	34,13	90,121	35,10	51,25	639	149	1	1.0
1521	2,2	330,292	3,2	182,108	153	149	1	1.0
1522	129,132	5,0	51,43	5,9	171	149	0.69457092719	1.0
1523	30,22	3359,3182	6,5	1652,1023	335	149	1	1.0
1524	282,263	4,3	178,135	5,4	221	149	1	1.0
1525	1,0	46,34	0,0	40,16	158	149	1	1.0
1527	173,112	15,13	83,37	3,3	162	149	1	1.0
1530	0,2	256,183	2,0	108,63	172	149	1	1.0
1531	6,4	113,139	12,7	29,26	185	149	0.0662365727653	0.6909101062522714
1532	22,11	691,696	7,5	500,304	334	149	1	1.0
1533	2,3	1660,1599	3,6	886,609	487	149	1	1.0
1534	6,1	745,520	5,5	318,171	206	149	1	1.0
1535	6,8	53,31	5,1	14,4	189	149	1	1.0
1536	3,2	273,266	1,0	154,84	154	149	1	1.0
1537	230,232	35,53	138,77	35,19	164	149	1	1.0
1538	5,14	2,3	9,3	3,1	171	149	1	1.0
1539	103,69	257,201	33,28	117,79	1123	149	1	1.0
1540	8,7	112,64	1,0	82,31	173	149	1	1.0
1542	0,1	222,299	2,1	145,78	360	149	1	1.0
1543	132,103	843,796	55,46	411,274	796	149	1	1.0
1544	131,108	843,796	65,50	411,274	814	149	1	1.0
1545	5,6	6,1	11,4	1,0	167	149	0.0597768811417	0.6490667023258347
1547	26,24	2,3	19,12	0,0	172	149	1	1.0
1548	5,5	104,85	0,1	38,22	305	149	1	1.0
1550	7,13	329,299	28,37	143,83	334	149	1	1.0
1551	8,8	46,47	0,0	38,24	153	149	0.571784131301	1.0
1552	277,197	5,0	225,140	15,6	154	149	1	1.0
1554	2,1	5,3	4,1	0,4	346	149	0.363712511181	1.0
1555	188,144	0,0	62,51	0,1	387	149	1	1.0
1556	1,0	30,33	2,1	8,2	219	149	1	1.0
1557	15,9	129,102	11,8	56,20	174	149	1	1.0
1558	3,2	147,196	3,0	68,78	289	149	1	1.0
1559	4,3	4,9	1,11	5,1	196	149	0.515318723549	1.0
1560	2,0	4,9	12,3	5,1	225	149	0.000168094023947	0.00514703901325714
1561	1,0	3,3	11,2	0,10	178	149	0.0160625012299	0.2509356059487439
1562	41,14	40,44	16,12	18,21	378	149	1	1.0
1563	0,3	142,157	3,4	107,80	288	149	1	1.0
1564	118,99	4,12	92,76	0,0	154	149	1	1.0
1565	26,20	94,75	17,7	34,33	333	149	1	1.0
1566	131,107	127,124	91,34	46,46	161	149	1	1.0
1567	1,1	3,4	0,0	0,2	1070	149	1	1.0
1568	13,5	30,21	0,0	9,2	311	149	0.521382013928	1.0
1570	18,39	160,137	8,11	137,73	221	149	1	1.0
1571	392,372	2,2	236,172	0,0	513	149	1	1.0
1572	7,15	422,440	3,3	165,114	340	149	1	1.0
1573	10,6	368,415	3,2	171,106	379	149	1	1.0
1574	998,772	171,220	671,333	151,84	253	149	1	1.0
1575	1683,1586	38,27	884,517	20,15	152	149	1	1.0
1576	709,526	1215,889	259,138	718,327	152	149	1	1.0
1577	2407,2010	0,2	1249,694	0,0	1318	149	1	1.0
1578	2,9	111,70	3,2	60,22	299	149	1	1.0
1579	14,35	202,241	9,9	103,64	278	149	1	1.0
1580	2,5	255,221	0,0	100,55	157	149	1	1.0
1581	1,0	10,3	0,2	6,8	161	149	1	1.0
1582	0,0	2,0	1,2	0,0	154	149	1	1.0
1583	221,139	2,0	95,58	0,0	322	149	1	1.0
1584	3,6	4,12	3,0	0,0	259	149	1	1.0
1585	3,6	0,0	0,0	2,0	203	149	1	1.0
1586	0,0	4,12	5,0	0,0	205	149	1	1.0
1587	145,152	251,218	143,75	84,28	164	149	7.7932940537e-05	0.0024857360825447294
1589	1,3	5,2	0,1	0,3	170	149	1	1.0
1590	13,3	2,0	0,0	2,4	160	149	2.18158824339e-13	3.036374182390991e-11
1591	27,10	166,144	3,1	49,28	363	149	1	1.0
1592	16,7	166,144	5,5	49,28	352	149	1	1.0
1594	35,21	138,70	14,13	61,51	307	149	1	1.0
1595	12,11	3,3	4,1	0,1	233	149	0.00947032410091	0.1666559333160139
1598	356,332	3966,3363	273,207	2861,1822	788	149	1	1.0
1599	1,3	114,102	6,1	69,25	212	149	1	1.0
1600	1,1	89,62	1,1	8,16	295	149	1	1.0
1601	109,125	2,3	41,34	0,0	454	149	1	1.0
1602	111,99	138,128	43,39	68,37	410	149	1	1.0
1603	7,4	101,69	9,4	28,26	317	149	1	1.0
1604	5,0	101,69	9,4	28,26	321	149	1	1.0
1607	32,22	208,174	11,9	97,56	167	149	1	1.0
1608	66,76	2,4	68,28	5,1	589	149	1	1.0
1609	7,5	83,87	6,3	34,21	308	149	1	1.0
1610	7,1	0,2	0,1	0,2	432	149	1	1.0
1611	34,16	104,106	13,5	67,42	258	149	1	1.0
1612	2,6	0,0	16,6	1,0	224	149	1	1.0
1613	80,79	89,83	77,34	40,38	214	149	1	1.0
1616	101,95	8,7	58,31	4,2	212	149	1	1.0
1617	15,6	119,121	7,10	45,37	397	149	1	1.0
1618	88,78	52,50	27,10	40,16	153	149	0.0504813206608	0.5805373450883948
1619	22,9	0,0	5,2	1,0	267	149	1	1.0
1620	2,2	309,250	1,2	212,128	167	149	1	1.0
1621	5,7	277,257	0,5	142,111	209	149	1	1.0
1622	164,144	2,0	83,62	2,10	269	149	1	1.0
1623	530,482	48,30	414,258	14,2	435	149	0.380355651863	1.0
1625	129,131	0,0	68,42	0,1	182	149	1	1.0
1627	20,4	0,1	10,0	0,1	293	149	1	1.0
1629	25,17	13,5	17,10	7,5	152	149	1	1.0
1630	12,27	354,338	3,9	153,127	288	149	1	1.0
1631	23,21	10,0	5,4	0,0	155	149	0.710670327075	1.0
1632	8,0	1,0	0,1	0,0	338	149	1	1.0
1633	14,7	18,12	6,5	8,4	284	149	1	1.0
1634	14,7	6,10	6,5	4,7	315	149	1	1.0
1635	18,12	6,10	8,4	4,7	180	149	0.763046278814	1.0
1636	2,2	215,217	1,2	209,127	152	149	1	1.0
1637	3,2	2,1	1,0	1,0	153	149	1	1.0
1638	9,9	8,1	0,0	1,3	153	149	5.65199173463e-07	2.704124795537041e-05
1641	66,72	146,141	35,22	111,53	244	149	1	1.0
1642	273,213	146,141	131,88	111,53	537	149	1	1.0
1643	269,212	62,71	130,88	34,22	442	149	1	1.0
1644	19,18	335,256	12,3	148,85	194	149	1	1.0
1645	2,6	56,60	4,12	17,14	181	149	0.0818933858278	0.7885457465557346
1646	93,129	7,7	34,44	7,4	173	149	1	1.0
1647	64,66	0,2	18,18	0,0	158	149	1	1.0
1649	68,61	2,0	36,23	0,4	191	149	1	1.0
1650	0,0	41,42	1,0	18,17	221	149	1	1.0
1651	2442,1947	0,2	1268,777	1,0	1122	149	1	1.0
1652	21,16	1,0	16,8	0,0	279	149	1	1.0
1653	834,726	1,1	474,299	0,0	158	149	1	1.0
1654	3,9	6219,7018	1,0	3769,2321	153	149	1	1.0
1655	109,94	86,89	61,29	28,19	278	149	0.725399353411	1.0
1656	232,241	69,81	148,73	11,2	218	149	4.3075155852e-05	0.0014336535567263478
1658	10,9	571,440	8,3	262,131	423	149	1	1.0
1659	2152,1892	8,6	346,317	0,2	221	149	1	1.0
1660	2,3	1167,1024	3,1	650,319	154	149	1	1.0
1661	309,281	0,2	156,81	1,0	206	149	1	1.0
1663	1,0	152,133	0,0	117,83	153	149	1	1.0
1664	304,204	1,3	190,82	1,0	152	149	1	1.0
1665	1,1	67,63	1,1	60,17	153	149	1	1.0
1666	6,6	123,81	6,3	48,15	305	149	1	1.0
1668	41,39	2,3	15,17	0,0	274	149	1	1.0
1669	99,75	15,13	40,34	1,3	509	149	0.107886372575	0.9950243157368975
1670	70,54	0,0	20,23	5,2	306	149	0.158000490219	1.0
1671	15,0	138,102	1,0	49,31	462	149	1	1.0
1675	255,194	354,238	138,87	130,97	908	149	1	1.0
1676	11,2	68,48	4,1	46,43	170	149	1	1.0
1677	56,80	1258,1486	23,22	499,479	342	149	1	1.0
1678	25,14	232,228	15,11	87,90	431	149	1	1.0
1679	808,780	2,0	500,315	2,0	723	149	1	1.0
1680	118,124	17,8	83,51	1,0	170	149	1	1.0
1681	4,9	1481,1341	4,0	747,441	153	149	1	1.0
1682	22,25	19,17	16,8	0,0	162	149	2.51465515078e-13	3.208280863203483e-11
1683	17,9	2766,2643	10,2	1300,880	153	149	1	1.0
1684	6,6	170,144	3,2	74,57	410	149	1	1.0
1685	4,1	1,1	2,0	0,2	203	149	0.325641507812	1.0
1686	31,27	1,1	21,9	0,2	501	149	1	1.0
1687	31,27	4,1	21,9	2,0	447	149	0.716572916425	1.0
1688	244,230	0,4	113,76	0,0	298	149	1	1.0
1689	7,2	949,826	7,0	607,303	209	149	1	1.0
1690	12,15	38,48	6,1	21,21	510	149	1	1.0
1691	9,2	231,210	1,2	115,88	243	149	1	1.0
1692	247,186	35,23	136,95	4,1	705	149	0.000297472654844	0.008352878764609018
1693	27,27	1,3	18,6	4,5	306	149	0.0584767596621	0.644085748508454
1695	10,12	27,17	6,2	18,11	154	149	0.695002633414	1.0
1696	2,1	2,0	1,0	0,0	154	149	1	1.0
1697	4,2	29,18	1,2	19,5	181	149	1	1.0
1698	278,257	0,2	158,111	1,3	278	149	1	1.0
1699	99,121	9,22	73,31	3,3	345	149	0.470824351864	1.0
1701	8,11	11,22	3,2	23,16	153	149	0.0423776966155	0.531805356707627
1702	22,26	4,9	6,0	5,3	165	149	0.0483025875501	0.5686646815836198
1703	26,24	33,15	24,14	2,10	509	149	0.271714895875	1.0
1704	13,8	33,15	5,8	2,10	193	149	0.377071903743	1.0
1705	37,12	1715,1376	26,15	1104,542	535	149	1	1.0
1706	118,102	134,82	54,42	129,86	153	149	0.0297336247382	0.39516856765149827
1707	9,12	154,95	2,3	69,31	307	149	1	1.0
1708	3,0	125,102	0,0	39,28	153	149	1	1.0
1709	361,468	24,7	304,165	40,24	151	149	1	1.0
1710	1,0	2,0	0,0	3,0	154	149	1	1.0
1711	978,827	33,23	538,338	19,6	250	149	1	1.0
1712	39,48	28,13	3,9	28,10	184	149	0.00693553612921	0.13440893435215837
1713	0,3	108,139	2,1	36,42	158	149	1	1.0
1714	15,1	8,8	21,8	7,4	186	149	0.166447745352	1.0
1715	25,12	38,40	9,7	17,14	242	149	1	1.0
1719	1,7	69,80	6,2	49,22	598	149	1	1.0
1720	65,34	24,28	15,18	15,8	321	149	1	1.0
1721	107,87	1258,764	34,12	336,185	171	149	1	1.0
1722	98,73	138,151	50,34	102,62	412	149	1	1.0
1723	466,341	22,21	266,168	8,4	831	149	0.976207720946	1.0
1724	19,36	232,224	13,15	129,63	1484	149	1	1.0
1725	158,132	3,0	93,36	0,0	173	149	1	1.0
1726	3,4	36,49	4,3	25,12	224	149	1	1.0
1727	28,35	279,236	5,3	171,84	176	149	1	1.0
1728	14,10	342,309	3,7	233,222	211	149	1	1.0
1729	34,48	4,16	9,15	0,0	164	149	0.0479235526839	0.5686646815836198
1730	13,3	2,2	1,5	1,0	164	149	0.624244929921	1.0
1731	0,0	96,97	2,0	49,38	170	149	1	1.0
1734	4,4	2,0	6,2	0,0	170	149	1	1.0
1735	926,868	36,41	426,320	17,10	2288	149	1	1.0
1736	25,32	8,2	11,11	2,4	349	149	0.924993080417	1.0
1737	94,105	6,1	68,65	3,2	382	149	1	1.0
1738	148,81	2,0	57,32	1,0	261	149	1	1.0
1739	332,291	0,5	111,97	0,1	247	149	1	1.0
1741	28,20	174,100	53,24	62,44	233	149	0.00493091543998	0.10065642051479172
1742	260,183	1,4	92,80	0,0	291	149	1	1.0
1743	16,21	200,138	2,1	57,60	218	149	1	1.0
1744	4,5	150,88	3,1	88,31	154	149	1	1.0
1745	1926,1619	1,0	888,579	0,0	152	149	1	1.0
1746	189,169	20,16	96,63	1,0	155	149	1	1.0
1747	31,30	1,0	15,7	0,0	153	149	1	1.0
1748	492,397	0,0	284,177	2,0	152	149	1	1.0
1749	119,97	107,93	33,36	91,58	184	149	0.0578693753779	0.642014592054818
1750	17,15	13,9	2,2	12,3	154	149	0.0192982297374	0.2925305913659346
1752	9,8	616,595	4,4	393,226	152	149	1	1.0
1753	5,3	112,124	0,0	81,53	155	149	1	1.0
1754	131,141	618,609	46,45	238,209	288	149	1	1.0
1755	20,21	103,46	31,8	19,19	258	149	0.265493273427	1.0
1756	22,15	93,93	4,8	62,27	453	149	1	1.0
1758	1,14	409,477	8,1	238,182	337	149	1	1.0
1760	77,55	2,5	35,20	0,0	152	149	1	1.0
1764	4,7	239,283	2,2	139,87	170	149	1	1.0
1765	22,13	957,700	29,20	337,211	173	149	1	1.0
1767	33,28	0,2	12,4	0,0	396	149	1	1.0
1768	18,25	8,1	23,4	0,1	403	149	0.0770078742176	0.7756516804417474
1770	18,27	0,0	6,8	0,2	170	149	1	1.0
1771	276,181	0,0	122,91	0,2	302	149	1	1.0
1772	264,162	6,8	116,84	0,1	281	149	1	1.0
1773	2,2	135,116	0,0	52,48	203	149	1	1.0
1774	538,459	221,171	24,14	503,245	155	149	0	0.0
1775	391,306	0,0	153,136	3,0	435	149	1	1.0
1776	235,174	3,0	138,71	0,0	157	149	1	1.0
1777	0,3	171,114	0,0	64,33	221	149	1	1.0
1778	299,269	2,0	130,92	0,3	329	149	1	1.0
1780	4,1	0,4	0,3	0,0	155	149	1	1.0
1782	98,79	0,0	41,16	2,0	323	149	1	1.0
1783	2,3	34,20	3,4	6,6	368	149	0.73245180388	1.0
1784	0,0	25,37	2,0	26,6	363	149	1	1.0
1785	4,2	61,68	3,5	40,36	161	149	1	1.0
1786	482,438	8,13	426,237	2,3	161	149	1	1.0
1787	2,1	46,30	1,0	18,14	183	149	1	1.0
1788	846,985	3,4	514,254	2,0	303	149	1	1.0
1789	4,5	100,103	5,2	47,30	365	149	1	1.0
1791	5,8	123,121	2,0	35,49	222	149	1	1.0
1792	296,270	1397,1025	140,96	653,320	604	149	1	1.0
1793	54,54	30,43	47,28	22,9	161	149	0.75119883298	1.0
1794	2,3	17,9	0,0	5,1	153	149	0.850258144597	1.0
1795	2,7	28,15	2,0	9,10	151	149	0.49974303931	1.0
1798	17,17	150,179	5,8	79,37	160	149	1	1.0
1799	2,5	44,60	3,4	37,24	173	149	1	1.0
1800	114,117	1,1	82,79	4,1	296	149	1	1.0
1801	14,14	108,115	15,6	81,74	320	149	1	1.0
1802	528,451	39,36	238,148	43,8	444	149	1	1.0
1803	1409,1248	196,154	965,646	24,15	228	149	0.0153183448237	0.24177717448540925
1804	78,54	358,264	29,24	183,115	1202	149	1	1.0
1806	1,5	2,18	2,0	0,0	476	149	1	1.0
1807	32,23	5826,4124	21,11	3791,2153	152	149	1	1.0
1809	269,308	15,6	119,92	0,5	182	149	1	1.0
1810	93,79	24,31	25,36	8,12	259	149	1	1.0
1811	93,87	154,147	8,1	142,88	155	149	5.30686605771e-14	9.0275688159489e-12
1812	39,53	23,20	34,16	15,10	682	149	1	1.0
1813	25,9	85,102	8,6	49,22	872	149	1	1.0
1814	47,53	219,209	50,32	60,80	211	149	0.286644496842	1.0
1815	7,12	269,242	12,8	180,104	313	149	1	1.0
1817	127,120	15,16	41,47	1,4	237	149	1	1.0
1818	15,8	114,93	8,5	53,36	307	149	1	1.0
1819	107,111	276,274	49,25	92,48	161	149	1	1.0
1820	5992,4736	12,7	4181,2702	3,4	152	149	1	1.0
1821	30,30	8,11	19,33	1,2	313	149	0.0102510415905	0.17438160750061668
1822	7,4	56,56	0,3	33,22	204	149	1	1.0
1823	0,0	4,1	4,0	5,2	359	149	1	1.0
1824	14,33	61,73	38,10	91,73	396	149	1	1.0
1825	13,1	0,0	13,11	0,1	319	149	1	1.0
1826	29,14	0,1	32,28	0,1	486	149	1	1.0
1827	15,7	81,40	15,6	81,51	206	149	1	1.0
1828	16,18	1066,994	5,2	543,397	451	149	1	1.0
1829	1,0	46,30	1,0	18,7	177	149	1	1.0
1830	134,103	4,6	50,40	4,4	675	149	0.886407420545	1.0
1831	2,2	15,11	0,0	10,8	327	149	1	1.0
1832	80,72	0,1	34,18	0,0	217	149	1	1.0
1835	366,386	1,0	205,145	0,0	260	149	1	1.0
1837	64,61	58,46	36,24	46,29	176	149	0.961667365511	1.0
1840	37,52	868,738	33,14	472,284	603	149	1	1.0
1842	9,9	7,6	4,3	3,0	166	149	0.346879623526	1.0
1843	25,20	515,548	14,8	207,131	396	149	1	1.0
1844	23,17	515,548	13,5	207,131	379	149	1	1.0
1846	35,19	79,91	34,22	29,31	249	149	0.0806269784458	0.7885457465557346
1847	64,62	0,4	17,13	0,0	161	149	1	1.0
1848	44,21	22,22	0,7	7,3	247	149	0.292576295735	1.0
1849	546,445	6,7	369,244	8,3	155	149	1	1.0
1850	0,0	66,38	2,0	50,22	155	149	1	1.0
1855	25,32	0,0	12,6	0,1	510	149	1	1.0
1856	39,42	2,0	20,10	2,0	267	149	1	1.0
1857	43,30	18,11	7,4	31,18	177	149	2.31737956602e-08	1.2234165915781448e-06
1859	96,82	57,57	49,29	49,29	641	149	1	1.0
1860	4,3	5,0	1,0	0,0	200	149	1	1.0
1861	2080,2206	1187,1358	1129,936	372,276	580	149	0.0612716990627	0.6606124736971387
1862	550,406	2,0	180,128	0,0	170	149	1	1.0
1863	272,177	1,3	108,59	2,0	170	149	1	1.0
1864	270,183	1,0	120,54	1,0	170	149	1	1.0
1865	232,146	1,7	88,51	3,0	170	149	1	1.0
1866	299,186	1,7	114,64	3,0	191	149	1	1.0
1867	268,167	1,7	101,61	3,0	233	149	1	1.0
1868	68,45	1,5	27,14	1,1	170	149	1	1.0
1869	37,26	1,5	14,11	1,1	212	149	1	1.0
1870	11,7	35,21	4,0	15,3	191	149	0.783448156166	1.0
1871	8,2	33,26	2,0	19,8	170	149	1	1.0
1872	33,26	0,0	12,11	0,2	170	149	1	1.0
1873	442,299	0,0	139,73	0,2	191	149	1	1.0
1874	416,277	0,2	129,62	0,0	170	149	1	1.0
1877	469,294	10,7	197,173	2,2	1678	149	1	1.0
1882	24,5	436,293	16,4	174,118	227	149	1	1.0
1884	46,42	253,164	64,35	137,51	160	149	0.0781621590749	0.7821250936319117
1886	184,127	173,141	57,31	58,23	176	149	1	1.0
1887	4,2	16,17	2,0	12,0	311	149	1	1.0
1889	1,2	40,25	0,0	21,11	167	149	1	1.0
1891	0,0	403,346	1,0	256,161	155	149	1	1.0
1892	2,7	163,157	5,1	129,70	151	149	1	1.0
1894	25,28	103,90	15,6	151,72	160	149	0.44395456917	1.0
1895	53,49	20,26	18,16	10,13	153	149	1	1.0
1896	38,48	212,149	10,21	56,46	161	149	1	1.0
1897	3,1	212,149	2,1	56,46	173	149	1	1.0
1898	1,0	36,47	1,0	9,20	161	149	1	1.0
1899	26,28	95,51	35,21	61,39	186	149	1	1.0
1900	259,205	13,1	115,56	15,8	160	149	1	1.0
