ID	IJC_SAMPLE_1	SJC_SAMPLE_1	IJC_SAMPLE_2	SJC_SAMPLE_2	IncFormLen	SkipFormLen	PValue
3	2,4	263,249	0,0	120,188	180	99	1
4	16,6	1,9	8,13	0,8	158	99	0.936144280729
6	2,0	21,17	0,0	11,15	109	99	1
7	0,1	31,26	0,0	17,23	150	99	1
8	165,188	19,17	95,170	11,18	134	99	1
9	152,177	1,0	89,145	0,0	134	99	1
10	11,13	385,372	18,35	152,277	309	99	1
11	5,3	1036,1103	1,1	598,1071	106	99	1
14	447,409	5,4	184,428	0,2	233	99	1
15	69,33	6,1	5,6	1,0	408	99	0.0121142880903
16	5,8	3,9	3,13	9,12	192	99	0.909741675607
17	17,20	14,15	15,25	7,21	315	99	1
19	3,2	14,15	4,1	7,21	134	99	1
20	53,54	0,0	24,57	0,1	105	99	1
21	26,21	95,92	14,23	48,116	684	99	1
23	311,335	49,24	184,285	45,71	120	99	0.683868300442
24	62,63	49,24	40,69	45,71	186	99	0.435515118839
25	13,7	262,279	15,17	159,233	165	99	1
26	138,123	0,3	67,119	1,1	686	99	1
27	19,12	0,4	11,16	1,1	103	99	1
28	65,77	0,0	35,89	2,0	102	99	1
29	2,3	91,67	0,0	39,59	243	99	1
30	0,1	4,6	0,0	4,5	114	99	1
31	262,252	0,1	72,124	1,0	371	99	1
32	985,941	3,6	514,980	0,0	111	99	1
33	26,16	32,55	5,12	23,66	129	99	0.450426531538
34	8,23	297,381	12,7	195,297	309	99	1
35	24,25	168,260	26,24	98,204	138	99	1
36	9,7	121,110	14,9	30,78	258	99	1
37	6,13	173,226	7,20	88,185	345	99	1
38	5,1	26,20	0,2	10,17	111	99	1
39	223,231	15,19	67,209	13,17	324	99	1
40	9,3	494,491	1,5	226,498	138	99	1
41	80,85	2,0	30,53	0,6	218	99	1
42	239,194	14,8	147,195	0,8	111	99	1
43	43,45	0,2	41,56	0,0	105	99	1
44	73,75	391,425	41,71	216,399	266	99	1
45	19,14	352,302	12,26	134,265	127	99	1
46	81,81	216,204	35,83	98,169	309	99	1
47	5,4	307,299	3,13	235,358	107	99	1
48	60,45	1,0	30,60	0,1	934	99	1
50	469,508	0,2	230,472	0,0	1859	99	1
51	117,125	0,1	70,156	0,0	117	99	1
55	174,211	1,0	143,276	0,0	311	99	1
56	208,265	1,0	188,348	0,0	501	99	1
57	36,55	1,0	46,76	0,0	289	99	1
58	115,187	0,5	98,189	2,1	289	99	1
59	37,31	109,97	25,67	66,111	218	99	1
60	545,453	10,7	459,838	25,22	665	99	1
61	15,16	303,324	3,1	163,229	261	99	1
62	323,357	0,2	215,327	0,1	107	99	1
63	9,3	296,315	5,6	175,326	101	99	1
64	32,19	80,60	12,18	51,109	154	99	1
65	23,10	15,19	12,9	10,20	154	99	1
66	3,2	384,354	1,2	231,457	323	99	1
67	36,26	2,3	7,9	3,9	119	99	0.00751410669992
68	28,44	4,4	13,23	0,1	103	99	1
69	26,47	26,22	11,15	21,41	111	99	0.0166535391784
70	53,49	0,3	20,30	0,0	140	99	1
71	105,140	229,285	21,28	169,279	117	99	2.88476772082e-05
72	3,7	382,512	3,4	177,406	107	99	1
73	34,49	75,131	25,26	31,72	475	99	1
74	14,23	40,37	1,12	15,15	183	99	1
75	907,856	1,0	513,865	0,0	111	99	1
77	34,21	19,11	18,15	4,2	293	99	0.113872343587
78	717,800	5,3	475,771	1,3	797	99	1
79	794,869	5,3	523,829	1,3	825	99	1
81	2310,2299	1,0	1423,2575	0,0	640	99	1
82	3,2	0,1	2,2	0,0	103	99	1
83	145,191	5,10	63,137	15,15	492	99	0.0360491092572
84	27,23	983,1048	25,40	525,968	103	99	1
85	8,4	39,58	1,12	22,24	127	99	1
86	51,63	45,56	27,35	26,45	228	99	1
87	2,3	16,22	0,2	9,10	127	99	1
88	5,2	0,0	4,2	3,11	131	99	9.13933995594e-07
90	412,433	0,1	165,359	0,0	250	99	1
91	13,12	2259,2389	12,13	1661,2832	103	99	1
92	975,1081	6,4	705,1306	0,0	356	99	1
93	40,47	1262,1375	25,62	800,1337	102	99	1
95	60,59	254,277	27,41	135,229	293	99	1
96	1,0	7,8	1,3	3,0	117	99	0.0498158114718
97	12,5	7,8	22,19	3,0	159	99	0.000442940204172
99	278,210	0,2	177,344	0,1	139	99	1
100	435,490	7,0	313,502	2,6	358	99	1
102	0,1	31,25	1,0	34,33	104	99	1
103	33,75	0,2	38,45	6,3	1782	99	0.0141005947029
104	7,14	56,66	0,0	41,40	105	99	0.482057849746
105	2,5	24,9	1,3	19,35	125	99	1
106	575,620	1,0	420,718	0,0	733	99	1
107	16,22	150,138	13,26	127,263	156	99	1
108	5,1	103,101	2,0	58,121	192	99	1
109	172,131	3,4	39,86	0,2	141	99	1
111	276,263	6,8	210,301	1,2	222	99	1
112	35,35	838,848	32,41	514,833	362	99	1
113	353,502	13,7	225,324	6,11	296	99	1
114	12,11	61,58	0,7	46,82	119	99	0.867049060781
116	1842,1916	10,13	1063,1754	0,5	126	99	1
117	4,2	7,7	0,7	6,26	121	99	0.855494557324
118	3,6	128,140	7,13	79,160	104	99	1
119	236,318	0,0	165,219	0,5	201	99	1
120	86,59	1367,1215	33,61	466,965	635	99	1
121	99,79	2,3	16,33	0,0	434	99	1
122	3,5	40,21	0,2	8,19	115	99	1
124	4,10	29,21	9,7	10,11	115	99	0.28233522791
125	5,1	21,35	0,1	16,28	181	99	1
126	6,2	543,573	2,4	277,490	132	99	1
127	12,13	517,539	3,18	299,520	318	99	1
128	219,137	9,6	208,266	3,7	247	99	1
129	5,3	1029,738	15,14	785,1367	103	99	1
130	110,94	2,5	27,46	3,5	687	99	0.185784630157
131	305,271	1,0	137,232	0,0	124	99	1
132	107,90	30,48	54,91	10,11	124	99	0.131776307245
133	1614,1801	3,6	894,1655	6,10	105	99	1
134	192,171	0,0	125,290	0,2	149	99	1
135	62,67	0,1	38,60	0,0	113	99	1
136	9,9	62,30	7,3	24,22	110	99	1
137	22,34	9,11	16,30	0,3	102	99	0.0223279712761
138	50,77	40,22	65,109	27,55	633	99	1
140	5,5	440,390	3,0	267,412	286	99	1
141	31,29	115,126	5,9	45,90	235	99	1
142	234,201	7,1	107,184	2,9	103	99	1
144	0,0	22,15	1,0	6,17	138	99	1
145	0,0	14,17	1,2	7,26	195	99	1
147	3,10	129,106	10,32	74,142	797	99	1
148	166,132	45,32	26,68	51,99	164	99	1.65767399807e-12
149	8,11	49,61	1,12	23,40	346	99	1
151	26,14	87,78	16,22	39,71	199	99	1
152	50,53	176,224	14,21	199,301	108	99	0.154440034482
153	1,2	708,406	0,0	145,354	101	99	1
154	2,8	13,23	3,5	9,17	457	99	1
155	79,111	47,40	104,144	21,33	351	99	0.141920746133
156	31,22	628,630	6,21	240,474	253	99	1
157	3,9	729,766	6,3	444,770	130	99	1
158	4,8	93,132	0,4	53,104	295	99	1
159	83,54	189,116	11,8	70,127	343	99	1
160	16,19	10,5	5,16	10,13	363	99	0.309439634495
161	26,7	3,1	23,8	1,0	135	99	1
162	247,240	70,97	29,68	38,88	123	99	1.76177965161e-06
163	4,6	2141,2194	9,21	1510,2601	319	99	1
165	1747,1664	3,9	772,1610	2,0	208	99	1
166	24,17	12,9	35,50	8,21	180	99	0.928627428116
167	4,8	0,2	0,4	0,0	127	99	1
169	562,518	91,85	415,629	35,64	469	99	0.454913555727
171	5,6	0,0	1,9	1,2	193	99	0.369080356934
172	16,17	622,738	3,15	334,637	370	99	1
173	11,11	622,738	3,8	334,637	276	99	1
174	19,19	7,9	6,17	5,6	271	99	1
175	9,1	2,0	0,1	0,0	141	99	1
176	168,161	9,37	81,131	11,34	109	99	1
177	32,19	1,0	12,18	0,0	116	99	1
178	170,193	91,73	124,238	96,120	125	99	1
179	676,764	0,1	354,735	0,3	802	99	1
181	86,90	15,27	50,100	2,5	111	99	0.0579710732448
182	127,117	9,13	46,98	9,6	119	99	1
183	980,868	5,1	982,1835	2,2	366	99	1
185	6,0	0,2	3,15	0,1	203	99	0.388001180048
186	16,12	21,27	3,4	11,9	111	99	0.82392239963
187	10,12	0,2	4,4	5,0	122	99	0.389566363962
188	6,14	6,10	1,10	1,3	104	99	0.365002093929
189	187,199	45,37	107,192	8,29	341	99	0.528351820418
190	187,195	45,37	107,185	8,29	336	99	0.55773920946
191	1,1	261,269	0,5	115,222	144	99	1
192	17,8	0,1	12,28	0,0	138	99	1
194	86,105	40,27	91,133	5,8	121	99	0.000951158934637
196	9979,7906	287,181	4665,8877	102,214	201	99	1
198	20,12	319,417	9,47	136,270	118	99	1
199	127,120	119,125	55,119	93,176	175	99	1
200	426,525	119,125	182,342	93,176	156	99	0.0751147255995
201	17,23	22,38	13,30	2,1	113	99	9.61622959039e-09
203	8,9	94,94	3,7	31,96	137	99	1
204	57,34	422,498	12,35	336,506	472	99	1
205	20,29	560,577	8,18	353,658	102	99	1
206	275,323	3,3	145,299	3,12	616	99	0.818341982222
207	277,326	3274,4010	146,308	1722,3774	616	99	1
208	109,74	24,15	81,77	6,13	156	99	1
209	153,164	24,15	117,154	6,13	210	99	1
210	83,107	39,17	55,100	19,23	153	99	1
211	28,35	2,1	35,47	0,0	248	99	1
212	78,88	28,47	37,57	45,80	120	99	0.00233874409113
213	519,558	31,37	230,391	10,17	249	99	1
214	469,517	31,37	238,414	10,17	228	99	1
215	89,118	0,2	80,120	2,1	116	99	1
216	15,25	14,17	1,11	0,8	114	99	0.832181016974
217	39,34	1,1	24,23	1,3	437	99	1
219	167,230	87,117	107,203	71,146	214	99	1
220	352,345	449,459	61,128	296,729	132	99	5.17872300598e-10
221	6,4	3,0	2,1	2,2	167	99	0.0667291023636
223	1,2	50,42	0,1	17,58	104	99	1
224	22,29	65,74	12,27	36,62	129	99	1
225	19,25	85,99	6,2	49,83	127	99	0.583296288051
226	57,64	189,194	17,25	179,231	144	99	0.527878344211
227	59,57	269,311	14,29	266,391	144	99	1
228	385,350	35,17	203,295	25,18	112	99	1
229	26,9	387,312	5,11	188,423	103	99	1
230	12,2	1,1	5,5	3,0	103	99	1
231	0,2	5,0	2,0	0,3	103	99	1
232	153,108	0,0	75,106	0,3	101	99	1
233	11,7	10,3	2,15	6,2	246	99	1
234	69,71	0,1	42,67	0,1	225	99	1
235	98,84	266,231	96,163	76,144	107	99	3.22587153134e-06
236	210,306	15,9	200,351	15,37	306	99	1
237	720,772	2,1	404,634	2,1	129	99	1
238	466,489	1,0	270,490	0,0	129	99	1
239	17,13	19,33	12,29	20,33	114	99	1
240	12,8	0,0	8,9	0,3	103	99	1
244	2,5	33,30	1,4	9,20	332	99	1
245	28,50	21,21	11,35	5,23	104	99	1
246	2,4	0,0	0,2	0,1	104	99	1
247	41,24	284,301	33,77	128,235	110	99	0.378269358034
248	0,1	0,3	0,0	0,1	261	99	1
249	7,4	69,49	6,14	102,226	113	99	1
250	27,41	180,269	24,36	123,210	695	99	1
251	2,11	116,109	2,2	30,102	274	99	1
253	31,14	230,265	5,13	93,211	239	99	1
254	24,24	276,343	9,22	154,270	594	99	1
255	25,26	276,343	12,26	154,270	670	99	1
256	9,7	8,5	3,8	0,4	175	99	0.282640882459
257	304,324	0,0	205,322	0,4	281	99	1
258	0,0	1242,1275	1,0	702,1351	103	99	1
259	11,19	330,313	5,18	172,319	126	99	1
260	35,28	4,0	29,22	5,0	154	99	1
261	0,1	0,4	2,0	1,6	105	99	1
262	17,37	103,74	48,76	39,67	271	99	0.00393257901898
263	6,8	8,5	15,13	0,3	276	99	0.00590191576409
264	0,1	0,0	0,3	2,0	104	99	1
268	2,5	195,125	4,0	72,91	298	99	1
270	161,159	122,117	48,80	97,159	324	99	0.0291973568583
271	837,846	0,0	431,779	0,3	487	99	1
272	41,24	337,289	29,33	184,346	123	99	1
273	9036,9695	0,2	3363,5585	1,6	3340	99	1
274	69,70	158,136	29,51	51,126	594	99	1
275	16,31	204,262	5,11	112,232	116	99	1
276	392,452	1,2	191,424	0,1	159	99	1
277	10,4	35,24	3,9	8,18	279	99	1
278	1220,1392	1078,886	961,1664	417,791	682	99	1
279	5,1	3,0	5,3	0,0	105	99	1
281	146,118	11,10	78,174	8,16	149	99	1
282	76,87	370,427	48,82	170,330	254	99	1
283	350,296	0,0	151,256	0,1	336	99	1
284	415,436	0,2	191,412	0,0	198	99	1
286	2,0	77,105	1,2	50,119	114	99	1
287	59,80	2,0	33,48	3,2	157	99	1
288	1,3	27,50	4,4	29,62	238	99	1
289	25,25	4,5	21,36	1,4	361	99	0.45487592032
290	73,87	1,1	40,82	3,0	244	99	1
291	117,131	5,16	74,157	1,2	608	99	0.0159712679037
292	127,140	5,16	67,132	1,2	913	99	0.0272364431817
293	74,79	64,70	29,50	36,75	404	99	1
294	76,78	5,16	48,87	1,2	665	99	0.0149404582029
295	23,17	64,70	10,5	36,75	156	99	1
296	58,64	7,2	22,47	3,2	347	99	1
297	142,125	0,0	62,121	2,0	282	99	1
301	14,20	65,72	2,3	26,65	162	99	1
302	0,0	1,4	1,0	6,2	103	99	1
304	31,15	239,166	8,15	49,190	277	99	1
305	600,617	0,0	405,737	0,1	135	99	1
307	722,692	6,3	454,658	12,9	373	99	1
308	12,13	0,2	8,3	0,1	122	99	1
309	2,2	1,2	0,0	0,9	103	99	1
310	1,1	75,50	1,0	28,41	147	99	1
311	54,37	37,53	19,21	13,25	429	99	1
312	16,6	1,0	1,3	0,0	151	99	1
314	56,37	48,45	19,22	26,34	429	99	1
316	41,31	48,45	18,19	26,34	377	99	1
317	8,9	48,45	3,7	26,34	178	99	1
318	0,11	5,4	1,1	4,0	181	99	0.468092711563
319	73,81	1387,1582	35,81	813,1378	694	99	1
321	788,773	7,3	243,561	2,3	266	99	1
322	24,17	282,354	16,28	122,199	364	99	1
324	172,238	683,864	69,136	349,565	125	99	1
326	18,29	57,57	12,18	32,68	605	99	1
327	4,14	121,141	5,8	93,130	130	99	1
328	12,32	0,0	10,29	1,0	343	99	1
329	0,3	309,304	1,1	148,323	114	99	1
330	585,769	15,15	372,740	3,15	103	99	1
331	11,11	66,49	13,35	48,58	209	99	1
333	1616,1520	14,20	843,1418	8,12	570	99	1
334	255,242	1,0	148,407	0,0	625	99	1
335	48,35	24,32	15,30	18,36	103	99	0.54646638675
336	477,517	44,43	229,471	11,34	561	99	1
339	5,19	90,85	4,2	46,96	267	99	1
342	353,348	21,22	174,349	20,57	121	99	1
343	24,24	2967,3161	17,29	1378,2774	294	99	1
344	64,85	115,131	56,68	56,88	859	99	1
345	8,3	2,0	4,3	0,1	122	99	1
346	48,77	289,305	30,89	152,327	130	99	1
347	503,619	5,10	282,553	7,4	661	99	1
348	132,180	12,7	186,288	11,58	590	99	0.610271213107
350	6,4	96,94	16,14	65,122	104	99	1
351	433,572	26,37	265,486	26,73	152	99	1
352	405,400	28,5	171,326	0,6	684	99	0.534693559237
353	39,37	147,162	40,38	50,94	145	99	0.478210708799
354	388,414	407,525	310,589	232,405	282	99	1
355	10,5	4,10	0,1	1,0	219	99	0.0214571139241
356	592,646	53,36	272,494	18,11	131	99	1
358	18,19	0,0	18,41	1,0	377	99	1
359	180,168	0,0	107,190	1,0	210	99	1
360	217,224	6,5	122,215	5,10	521	99	1
361	37,56	6,5	16,25	5,10	410	99	0.085740939183
362	43,58	4,11	18,29	13,17	410	99	0.00519545476078
363	11,6	159,115	44,39	55,65	110	99	3.21933812941e-10
365	0,0	2,2	1,0	4,12	118	99	1
366	20,36	69,100	2,13	26,67	107	99	0.760418959746
367	11,6	63,49	1,14	66,87	157	99	1
368	2879,2879	0,2	1758,2654	1,1	198	99	1
369	945,1119	1235,1118	648,1141	674,1161	800	99	1
372	14,32	45,26	15,15	10,34	338	99	1
373	24,42	72,73	16,31	32,64	111	99	1
374	1,1	35,56	0,3	8,30	243	99	1
375	0,3	0,3	2,9	0,2	249	99	1
376	5,11	53,26	7,6	23,19	324	99	1
378	800,1089	9,5	445,950	0,10	269	99	1
381	6,3	1173,1133	3,8	547,982	132	99	1
384	12,13	3,3	10,18	2,8	118	99	1
385	23,20	4,4	20,41	0,8	368	99	0.579063079449
386	56,87	5,10	42,93	2,8	116	99	1
387	0,0	18,22	1,0	17,20	174	99	1
388	68,62	15,16	27,50	13,24	330	99	0.285563016558
389	2,0	32,34	3,4	14,37	104	99	1
390	20,23	0,2	12,20	0,2	243	99	1
392	1552,1635	5,17	774,1622	2,5	144	99	1
393	9,10	57,67	4,11	38,94	170	99	1
394	1591,1630	0,1	896,1477	0,0	887	99	1
395	535,545	5,2	412,634	5,9	144	99	1
396	14,15	233,231	33,61	63,153	354	99	1
397	16,11	1336,1255	1,0	664,1204	207	99	1
399	51,53	0,1	36,74	4,10	114	99	0.894145695412
401	291,270	18,31	208,366	21,31	177	99	1
403	93,150	371,408	23,68	237,436	282	99	1
405	435,505	21,22	239,437	23,19	142	99	1
406	125,163	162,228	134,208	32,48	103	99	5.66213742559e-15
407	43,72	61,69	5,21	29,79	297	99	0.0602448686542
408	3,2	22,8	0,0	13,6	279	99	1
409	222,239	437,608	90,170	330,573	421	99	1
410	0,2	16,11	9,21	5,9	111	99	8.26740838011e-08
411	474,430	53,51	143,223	188,265	105	99	0
412	253,249	12,16	49,60	23,38	130	99	1.19362819628e-09
413	82,75	0,0	49,68	0,2	344	99	1
415	348,350	0,3	118,253	5,5	108	99	1
417	11,26	277,277	26,25	225,271	477	99	1
418	35,32	284,285	14,26	233,347	322	99	1
419	1,0	1497,1315	1,3	840,1512	103	99	1
420	128,143	102,106	113,186	41,76	120	99	0.124729232525
421	13,8	1,0	10,16	0,0	117	99	1
423	2,12	12,17	2,0	15,10	183	99	0.26129268421
424	387,477	471,555	208,417	259,466	102	99	1
426	13,21	107,135	14,16	59,87	250	99	1
427	63,44	232,199	31,69	99,123	128	99	1
428	284,282	0,2	146,279	6,1	194	99	1
429	13,11	686,507	5,16	349,579	471	99	1
430	48,51	2,0	39,38	0,0	101	99	1
432	637,608	2,1	366,579	0,3	381	99	1
433	245,243	11,14	68,139	4,1	126	99	1
434	8,4	165,179	5,9	108,236	117	99	1
436	9,12	101,122	5,8	63,77	428	99	1
437	489,465	36,52	397,715	10,35	191	99	1
438	113,164	884,1102	103,171	402,849	533	99	1
439	1145,1432	1,2	500,1035	0,0	261	99	1
440	293,300	32,33	266,386	24,39	158	99	1
442	54,26	4,5	14,36	1,0	138	99	1
443	39,23	1772,1828	13,35	1190,1915	103	99	1
444	13,9	897,812	11,30	402,834	267	99	1
445	2178,1897	3,1	1194,2097	3,16	102	99	1
446	522,531	1,2	163,367	0,0	960	99	1
447	481,459	48,33	508,720	19,27	373	99	0.474612966941
448	42,33	3,0	19,35	0,0	244	99	1
449	111,89	6,8	40,95	0,1	165	99	1
450	78,69	3,0	28,89	1,1	102	99	1
451	14,16	429,427	8,15	244,398	292	99	1
452	1,5	200,188	4,3	86,120	275	99	1
453	43,51	1,1	22,31	0,0	265	99	1
454	359,319	227,170	480,777	667,1074	102	99	0.000169912092005
455	22,8	442,517	8,12	205,459	304	99	1
457	809,782	2,7	555,1007	2,3	103	99	1
458	74,74	413,414	22,39	242,434	344	99	1
459	1421,1551	0,0	997,1792	0,1	627	99	1
460	70,83	15279,12100	100,158	7409,12376	162	99	1
461	5051,4840	0,3	2401,4612	4,6	135	99	1
462	272,125	5,0	24,57	1,0	231	99	1
463	321,310	333,328	103,226	160,305	102	99	1
464	0,0	1339,1379	6,2	999,1767	147	99	1
465	924,826	2917,2593	295,448	1536,2664	102	99	1
466	14,37	1645,1860	4,25	814,1700	122	99	1
467	172,236	2,2	146,244	5,0	202	99	1
468	134,233	2,2	125,253	5,0	357	99	1
469	123,217	161,220	113,241	134,232	254	99	1
471	27,30	41,31	17,43	28,36	153	99	1
473	2269,2411	0,0	1000,2003	1,0	1924	99	1
474	0,0	15887,12081	6,13	11226,21646	103	99	1
476	31,18	9,3	30,43	0,2	278	99	0.00190148927443
478	189,212	2,6	136,264	5,1	436	99	1
479	3147,3248	0,0	1562,2372	0,1	3075	99	1
480	18,20	24,32	0,7	10,16	122	99	0.171034910579
483	23,10	0,0	12,23	0,1	328	99	1
487	10,21	3261,3523	11,26	1397,3052	431	99	1
489	17,8	1,0	7,15	0,0	108	99	1
490	0,0	117,97	2,2	50,106	104	99	1
492	335,266	166,220	143,269	52,133	439	99	1
493	3,3	0,2	1,1	0,2	173	99	1
494	16,6	4,5	12,20	2,0	159	99	0.0133629478794
495	2,4	151,158	0,13	75,110	123	99	1
496	40,38	20,8	17,30	13,20	297	99	0.408152578188
497	67,65	2,0	33,68	0,3	367	99	1
498	47,35	2,0	29,58	0,3	169	99	1
499	62,46	1,0	38,51	0,0	252	99	1
501	88,89	31,33	15,51	32,54	114	99	0.00119221823572
502	1,0	9,9	2,0	1,9	325	99	1
503	8687,10694	4,16	5329,10157	3,3	117	99	1
504	3762,4683	168,186	2176,4243	100,187	117	99	1
505	3751,4671	4,13	2163,4226	7,22	117	99	1
506	4329,5426	4,13	2588,4937	7,22	138	99	1
507	583,759	5,4	426,714	1,3	120	99	1
508	3747,4669	3,8	2164,4225	4,4	117	99	1
509	5196,6210	3,8	3135,5996	4,4	138	99	1
510	1450,1543	1,2	973,1773	2,2	120	99	1
511	235,296	1764,2237	41,102	874,1684	112	99	1
512	155,185	174,238	32,90	186,347	112	99	2.24282289629e-07
513	11,23	203,262	8,16	122,214	351	99	1
514	101,149	137,142	18,68	110,256	120	99	6.71249058459e-06
515	645,604	2,4	271,571	4,13	139	99	1
516	12,10	270,296	6,22	251,489	111	99	1
517	21,26	64,68	18,38	38,74	396	99	1
519	12,4	1,0	4,6	0,0	103	99	1
521	21,43	34,55	15,40	15,37	532	99	1
522	9,25	14,27	9,19	2,13	104	99	0.238508408383
523	5,0	0,0	2,0	0,1	224	99	1
524	6,1	0,0	0,3	0,1	123	99	1
527	471,454	4,11	264,463	3,3	113	99	1
528	726,774	25,16	352,697	0,2	126	99	1
529	14,8	17,21	4,11	12,15	146	99	1
530	301,558	2,0	211,347	0,3	482	99	1
531	138,199	2,0	81,154	0,0	478	99	1
532	25,41	115,106	19,56	31,52	129	99	0.0471531194948
533	9,9	254,231	67,122	54,102	103	99	0
534	84,60	68,70	32,56	32,42	285	99	1
535	18,7	45,26	7,18	20,32	169	99	1
537	392,277	0,4	252,360	9,21	103	99	1
539	0,0	4,9	1,2	4,13	103	99	0.601246149574
541	176,218	2,0	77,170	0,0	552	99	1
542	77,63	98,112	14,42	18,67	395	99	1
543	2915,3015	0,1	1939,3168	0,0	1350	99	1
545	3,3	177,140	8,1	98,151	218	99	1
546	384,416	27,38	202,436	10,36	103	99	1
548	0,6	1,1	8,0	0,0	162	99	1
550	77,94	374,430	31,78	172,459	306	99	1
551	5,8	473,391	2,0	214,439	103	99	1
552	932,772	0,0	370,592	0,6	123	99	1
553	1007,974	44,62	662,999	1,4	129	99	1
554	1780,1757	20,18	919,1546	4,15	341	99	1
555	114,141	9,3	57,134	4,2	179	99	1
558	3,0	0,4	0,1	0,1	110	99	1
560	8,7	54,44	32,41	7,10	117	99	0
561	84,93	2,2	17,56	1,0	203	99	1
562	134,252	53,69	93,158	57,64	159	99	0.99011436564
563	62,72	18,21	26,49	6,11	119	99	1
564	29,29	18,21	34,43	6,11	144	99	0.0341129558851
565	19,8	52,51	26,29	18,35	124	99	0.00621925002546
566	6,7	296,259	5,5	162,314	102	99	1
568	203,223	154,144	76,150	118,196	296	99	0.271994216607
569	0,2	1,1	1,1	0,0	116	99	0.739427049704
570	454,535	0,0	259,502	1,0	309	99	1
571	28,34	42,36	3,12	42,97	122	99	6.86398537053e-06
572	146,93	11,10	116,128	11,11	736	99	1
573	134,101	11,10	135,174	11,11	741	99	1
574	21,23	33,15	19,47	0,1	104	99	3.26297877606e-11
575	3,5	84,125	1,0	58,77	102	99	1
576	18,3	46,60	3,9	18,24	111	99	1
577	8,2	160,195	2,7	74,164	310	99	1
580	49,44	0,2	26,46	0,0	229	99	1
582	8,12	0,4	15,20	0,0	313	99	0.429179428613
583	24,21	160,174	2,2	83,178	114	99	1
585	3,3	131,120	2,4	13,40	103	99	1
586	115,122	158,167	18,44	123,204	117	99	6.37999683994e-06
587	98,64	2,0	47,90	3,4	200	99	1
588	16,17	49,50	15,23	16,26	124	99	0.092701932361
589	233,197	10,16	136,269	6,16	221	99	1
590	5,5	158,161	2,6	62,148	270	99	1
592	0,4	9,5	0,2	3,13	110	99	1
593	15,14	86,102	34,48	55,118	236	99	0.749669036606
594	434,296	0,1	161,269	0,0	144	99	1
596	294,259	7,5	191,384	0,6	130	99	1
597	2,0	21,21	2,0	20,8	111	99	1
598	0,6	0,1	2,2	0,1	110	99	1
599	1,6	7,3	2,2	0,0	126	99	0.000282476116787
600	1,1	7,3	0,1	0,0	115	99	1
601	17,25	1227,1305	1,11	471,1007	263	99	1
602	14,17	41,43	16,7	20,11	559	99	1
603	56,71	25,26	23,27	23,13	118	99	0.669519754562
604	9,16	25,26	4,4	23,13	127	99	0.580601936645
605	8,7	55,62	0,0	19,23	108	99	1
606	1,2	67,104	2,4	37,131	120	99	1
607	19,33	228,205	35,84	66,160	117	99	0.000128953217556
608	56,72	12,5	31,54	0,0	741	99	2.60959725817e-06
609	50,37	2,1	20,39	0,1	122	99	1
610	275,283	8,9	124,184	4,2	190	99	1
611	11,16	0,2	13,27	0,0	212	99	1
612	120,116	8,2	37,102	3,1	112	99	1
613	0,1	0,0	0,1	1,0	106	99	1
614	3677,3896	4,0	2014,4013	0,0	211	99	1
615	0,2	14,7	1,0	5,10	259	99	1
616	130,154	40,36	87,141	15,17	103	99	1
617	0,0	172,185	0,1	109,202	103	99	1
618	0,0	39,31	1,0	11,31	252	99	1
619	45,44	6,3	14,41	4,1	269	99	1
620	7,1	54,51	1,8	22,66	282	99	1
621	29,19	554,480	12,18	236,460	116	99	1
623	15,16	1238,1272	14,19	852,1738	254	99	1
624	2,3	131,163	3,1	116,194	103	99	1
625	67,73	0,0	43,68	1,0	102	99	1
626	3,5	0,2	1,2	0,0	103	99	1
627	8,8	103,93	8,1	55,89	102	99	1
628	81,87	16,16	46,88	3,6	115	99	0.703548205055
629	19,13	1,0	5,21	0,1	166	99	1
631	83,119	121,154	50,142	54,98	146	99	0.697983633595
632	35,23	0,0	17,21	2,4	103	99	0.609017075646
633	751,664	2,1	460,798	0,0	597	99	1
635	107,115	0,6	59,116	0,0	115	99	1
636	24,38	6,9	12,38	10,15	258	99	0.315318818321
637	112,100	233,236	97,165	138,205	315	99	1
638	11,21	63,62	11,16	52,87	125	99	1
639	46,59	63,62	29,88	52,87	541	99	1
640	42,59	7,21	26,77	8,5	515	99	0.668791339076
641	2,0	6,1	0,3	2,5	107	99	1
642	71,72	15,10	43,83	1,5	116	99	0.540941482788
643	718,750	5,0	321,551	0,1	259	99	1
645	144,179	80,75	170,343	68,152	1002	99	1
646	323,286	1,2	120,280	0,1	323	99	1
647	4,11	160,158	14,7	127,212	307	99	1
649	159,131	160,159	44,89	106,177	342	99	1
650	145,124	160,159	46,93	106,177	382	99	1
651	10,9	24,16	8,9	6,5	139	99	0.104983952083
652	91,111	319,361	95,190	96,201	524	99	0.995866966498
654	418,470	1,4	227,440	0,0	653	99	1
655	118,158	25,22	77,138	6,1	114	99	0.194736939852
657	44,63	31,22	23,46	17,14	103	99	1
658	12,11	28,13	9,25	1,6	103	99	0.000154946985425
659	21,20	27,13	5,14	11,34	120	99	0.197087740854
660	82,62	3,3	41,82	0,1	201	99	1
661	88,55	3,3	47,102	0,1	180	99	1
662	8,6	349,337	6,4	211,344	105	99	1
663	492,485	55,64	306,614	54,77	2780	99	1
664	2,5	50,39	3,2	23,25	291	99	1
665	5,1	7,7	4,15	7,4	137	99	0.181176837278
666	0,3	489,458	3,8	233,431	117	99	1
667	531,454	71,90	240,383	31,68	295	99	1
668	328,315	4,16	163,264	16,16	105	99	1
669	128,118	104,66	123,207	94,132	105	99	1
670	4,0	2,4	0,2	2,4	130	99	0.772619465559
672	221,230	42,40	158,298	12,21	127	99	0.839207077048
673	28,26	423,433	10,23	300,419	102	99	1
674	13,15	100,111	5,14	74,106	122	99	1
675	15,16	516,509	5,12	344,453	388	99	1
676	3,3	200,145	1,1	57,160	102	99	1
677	5,7	0,4	2,6	4,11	158	99	0.0327896037971
678	23,50	1503,1783	16,37	961,1584	459	99	1
679	45,46	1,0	14,54	0,0	355	99	1
680	2440,3222	21,24	1568,3062	25,52	260	99	1
681	607,776	421,599	422,878	170,274	134	99	0.0072490746756
683	0,0	100,101	2,2	48,67	108	99	1
685	13,24	6,2	10,12	3,3	306	99	1
686	26,44	6,2	15,34	3,3	508	99	1
687	17,28	4,8	6,25	1,3	301	99	0.572889227547
688	14,34	0,4	15,45	1,6	113	99	1
689	15,12	199,178	31,52	81,205	115	99	0.0727638367613
692	36,30	22,11	5,23	13,52	103	99	0.000406796565235
693	10,13	56,44	9,8	20,60	320	99	1
694	76,82	369,348	10,20	214,416	102	99	0.060709407603
695	762,749	85,82	401,614	77,131	747	99	0.157034177677
696	20,10	331,364	9,13	252,424	129	99	1
698	310,314	26,43	122,312	34,70	120	99	0.73436388137
699	4,5	3,2	0,5	4,0	125	99	0.950890032126
700	4,2	15,13	0,1	2,12	250	99	1
701	22,21	0,1	9,54	0,0	685	99	1
702	17,24	14,15	8,15	2,12	203	99	1
703	0,2	8,7	0,0	4,13	118	99	1
704	52,53	16,18	20,61	5,7	821	99	0.52955493745
705	1,0	1396,1416	0,3	775,1419	103	99	1
706	16360,15316	0,2	7760,14642	0,0	169	99	1
707	6,6	2296,2062	6,8	1114,1981	174	99	1
709	7,7	95,81	4,4	41,114	328	99	1
710	311,321	90,90	118,237	49,106	102	99	1
712	73,75	125,159	7,43	22,77	188	99	1
713	970,1315	5,1	577,1162	2,4	293	99	1
714	82,81	35,32	52,124	20,34	106	99	1
715	0,3	1462,1489	0,5	625,1298	153	99	1
716	8,10	86,83	4,8	53,58	102	99	1
717	159,164	0,2	76,133	0,1	123	99	1
718	0,1	1058,1135	0,0	722,1375	103	99	1
719	11,5	119,95	5,9	42,102	377	99	1
720	7,12	0,3	0,2	7,19	102	99	2.22193452526e-09
721	5,2	0,0	0,1	8,14	102	99	1.09650066804e-11
722	78,94	13,12	41,112	6,9	412	99	1
723	137,93	0,0	37,57	0,5	180	99	1
724	69,86	6,11	76,126	5,17	126	99	1
725	6,13	1,0	3,13	0,1	263	99	1
726	5,1	442,422	1,0	184,352	124	99	1
727	53,74	1264,1352	39,80	870,1273	525	99	1
728	12,4	185,162	2,4	96,155	304	99	1
729	73,111	18,17	69,128	4,30	336	99	1
730	31,51	29,22	9,15	13,37	153	99	0.0420107773081
731	115,159	7,11	96,171	5,1	410	99	0.472305734399
732	47,51	1,0	30,49	0,0	173	99	1
733	108,139	6,1	46,128	0,1	185	99	1
734	131,161	40,28	81,123	40,53	120	99	0.400203813159
735	1,2	352,368	0,2	140,303	275	99	1
736	6,5	681,654	6,7	362,573	103	99	1
737	7,5	0,2	5,7	0,0	103	99	1
738	26,27	5,3	34,45	9,15	157	99	0.552697393775
739	6,15	310,349	11,19	176,275	451	99	1
740	42,49	884,810	36,81	852,1630	291	99	1
741	1,2	199,161	0,2	102,170	103	99	1
742	5,3	1,0	0,2	2,0	103	99	1
743	12,5	1328,1346	4,6	828,1482	102	99	1
744	0,0	450,343	1,0	303,511	103	99	1
745	126,156	0,4	89,150	1,0	210	99	1
746	544,553	0,1	337,575	0,0	389	99	1
747	48,50	4,0	41,90	0,0	303	99	1
748	14,29	57,61	29,58	13,32	130	99	5.89900292558e-06
749	18,19	57,61	15,40	13,32	135	99	0.00198133437598
750	6,4	2,14	2,8	16,26	104	99	0.338699921451
753	5,2	92,84	4,12	16,69	119	99	0.823740149563
754	146,156	25,19	90,126	5,16	231	99	1
755	14,9	204,226	7,4	154,252	102	99	1
756	121,95	139,143	46,89	72,151	506	99	1
757	16,11	0,0	7,24	1,3	103	99	1
758	640,634	21,22	406,638	1,2	144	99	1
760	19,10	2143,2066	2,16	1096,1851	364	99	1
761	2,2	1444,1296	16,6	768,1221	104	99	1
762	48,47	9,9	40,14	1,6	307	99	0.94540054935
763	900,877	1,1	650,1059	0,0	2326	99	1
764	41,38	312,453	28,41	150,278	374	99	1
765	194,182	46,48	95,133	30,90	121	99	0.517598517733
766	36,14	37,47	13,11	34,32	1345	99	1
767	2707,2567	12,14	1477,2896	20,21	102	99	1
768	1361,1231	982,922	1177,1930	236,416	113	99	2.2678525724e-12
769	362,421	10,5	154,242	0,6	437	99	1
771	11,10	1,2	6,11	3,3	108	99	0.614592994007
772	34,47	28,40	49,51	0,0	122	99	2.22044604925e-16
774	43,46	2,0	5,20	0,0	194	99	1
775	30,41	10,3	14,30	2,1	104	99	1
776	273,301	13,23	136,314	5,24	146	99	1
778	11,22	42,29	14,22	14,22	103	99	0.332629504109
779	1,1	2,0	5,0	0,4	103	99	0.468935419786
780	3,1	160,170	5,14	194,341	103	99	1
783	31,27	23,14	27,24	1,3	104	99	0.000324280326757
784	0,0	24,18	1,0	11,18	138	99	1
786	248,324	8,6	209,333	1,1	120	99	1
788	10,14	119,98	1,13	55,102	326	99	1
790	24,32	37,23	5,19	23,47	128	99	0.120715115176
792	173,211	236,234	65,154	102,169	200	99	1
793	24,31	61,40	6,14	45,55	206	99	0.526470396436
794	25,28	0,1	19,29	0,0	125	99	1
795	9,14	353,374	0,7	244,463	332	99	1
797	6,3	2,3	1,9	0,1	196	99	0.00333532884846
798	19,5	1005,1165	2,3	564,1002	166	99	1
799	48,64	8,23	27,82	2,9	359	99	0.158392318931
800	26,36	228,218	30,77	100,129	126	99	0.0959934980483
801	259,259	8,23	105,153	2,9	332	99	1
802	89,105	50,43	54,81	8,12	116	99	0.0127695184509
803	41,44	22,19	30,38	8,25	116	99	1
805	63,79	4,7	41,76	3,14	103	99	1
806	34,34	37,62	10,29	12,33	110	99	1
807	113,90	477,507	53,126	293,563	283	99	1
808	1,3	368,336	0,0	152,327	103	99	1
809	314,334	65,57	208,323	15,33	399	99	0.123479720084
810	204,259	4,1	132,246	0,0	267	99	1
811	0,0	2,1	3,1	1,0	233	99	0.00157498971486
812	72,97	0,0	34,75	1,0	344	99	1
813	42,31	5,6	15,32	4,5	241	99	1
815	9,12	154,131	2,11	95,122	679	99	1
816	112,79	8,0	38,100	0,0	157	99	1
817	349,393	130,101	253,385	76,138	290	99	1
818	26,23	113,169	7,14	53,140	143	99	1
819	35,24	6,4	16,31	5,6	401	99	1
820	4,6	193,150	18,36	78,118	286	99	1
821	33,47	0,2	16,51	2,3	219	99	1
822	8,6	387,446	9,6	197,402	294	99	1
823	40,51	348,421	35,37	172,392	253	99	1
824	323,375	90,103	120,286	39,109	114	99	1
825	333,412	541,545	178,276	244,412	594	99	1
826	71,62	1301,1087	61,96	661,1268	620	99	1
827	77,71	1,0	43,108	0,0	117	99	1
828	149,122	99,91	59,94	93,144	168	99	0.0345351401057
829	315,322	0,0	207,442	6,3	302	99	1
830	124,121	60,76	51,46	21,55	462	99	1
831	226,207	71,79	65,110	44,105	117	99	0.0170801605793
832	473,514	238,264	254,483	115,268	120	99	1
833	8,10	156,111	11,17	75,113	118	99	1
834	34,27	462,476	18,22	183,351	260	99	1
835	106,106	1,1	36,62	0,0	141	99	1
837	4,3	2,0	0,1	0,0	101	99	1
838	37,51	127,123	17,35	37,84	139	99	1
839	27,18	12,5	7,9	5,8	168	99	0.348935972263
840	3,4	67,55	9,22	11,24	104	99	3.62338914317e-07
841	23,42	1749,1871	41,29	913,1829	330	99	1
842	32,49	1749,1871	49,41	913,1829	416	99	1
843	15,10	1,2	8,16	0,4	185	99	1
844	220,177	5,5	129,210	20,1	202	99	1
845	22,39	452,422	25,50	246,424	673	99	1
846	140,148	8,15	101,145	3,5	105	99	1
847	243,245	25,22	139,275	4,14	107	99	1
848	10,7	1,7	0,3	10,0	144	99	0.355978480128
849	27,21	0,0	9,17	0,1	102	99	1
850	58,47	50,61	24,51	38,46	110	99	1
851	3,2	15,16	3,20	15,6	117	99	0.186388342069
852	216,217	107,99	227,420	53,95	113	99	0.152071231042
854	53,56	733,701	26,55	364,643	103	99	1
855	4,9	5,1	5,7	4,26	208	99	0.188092642587
856	20,35	310,372	21,49	267,492	354	99	1
857	188,241	22,22	97,199	12,9	251	99	1
858	211,267	1,2	101,216	1,0	456	99	1
859	50,50	1,2	16,27	1,0	304	99	1
860	97,126	99,111	57,97	60,72	162	99	1
861	111,106	11,17	41,94	13,26	110	99	0.661935128826
862	27,24	11,17	22,45	13,26	256	99	1
863	26,24	110,106	22,45	41,94	245	99	1
864	3,1	55,63	0,1	15,46	132	99	1
865	16,4	9,3	11,8	6,13	119	99	0.9334200271
866	5,3	12,22	2,1	19,40	110	99	1
867	18,24	192,139	4,32	60,147	117	99	1
868	74,81	126,139	4,15	100,159	104	99	1.30951804955e-09
869	18,9	1,0	10,15	0,0	137	99	1
871	180,180	1,2	88,106	2,1	297	99	1
872	0,1	0,0	8,13	2,0	101	99	1
873	169,172	1,0	137,195	1,4	113	99	1
874	43,75	0,1	32,52	0,0	174	99	1
875	4,9	70,43	3,9	14,42	517	99	1
876	0,1	1378,1337	0,0	688,1325	103	99	1
877	10,4	43,37	2,1	24,27	152	99	1
878	338,290	992,946	254,504	251,445	117	99	1.03583697175e-09
879	118,173	109,139	81,162	39,98	220	99	0.975618224235
880	5,7	848,929	5,25	461,911	103	99	1
881	11,23	193,159	43,43	56,142	104	99	0.0117439228721
882	150,151	4,2	48,106	4,5	118	99	1
884	63,82	0,3	49,62	0,0	143	99	1
885	0,0	132,138	3,1	74,129	174	99	1
886	12,19	28,24	4,25	10,26	561	99	1
887	42,46	99,96	36,37	63,77	135	99	1
888	324,313	17,10	150,250	2,4	134	99	1
889	65,84	17,10	37,48	2,4	199	99	0.404736980633
890	4,4	263,233	6,4	119,206	164	99	1
891	4,1	9,3	0,1	4,8	105	99	0.259495312209
892	57,75	0,0	51,69	2,0	299	99	1
893	494,433	37,23	251,532	6,8	146	99	1
894	344,296	217,200	327,461	38,36	111	99	0
895	397,357	4,10	225,345	1,11	297	99	1
896	1371,1242	44,62	616,1017	45,70	181	99	1
897	17,21	43,33	23,30	1,14	144	99	0.000573487968266
898	15,9	39,35	4,17	16,14	312	99	1
899	16,27	2,6	12,27	0,0	120	99	0.436709994477
900	39,25	247,208	24,43	165,218	217	99	1
901	37,25	273,297	25,44	159,400	217	99	1
902	44,47	5,4	56,157	6,9	245	99	1
904	129,200	11,14	72,144	8,4	474	99	1
905	60,90	11,14	25,64	8,4	505	99	1
906	18,31	81,124	8,12	52,87	130	99	1
907	1094,999	6,3	699,976	1,2	111	99	1
909	928,997	77,90	340,697	104,183	144	99	0.000457843676207
910	2411,3535	2017,2266	1606,2855	1131,2103	156	99	1
911	5572,7111	0,3	3417,6022	0,2	114	99	1
912	5996,7409	2,0	3977,6737	5,0	117	99	1
913	74,59	51,56	50,83	14,22	125	99	0.00591129127856
914	391,523	67,77	198,362	25,49	247	99	1
915	130,173	7,9	57,166	0,2	191	99	1
916	72,88	2,0	48,93	0,0	305	99	1
917	121,168	209,179	109,142	123,196	789	99	1
918	51,80	209,179	61,49	123,196	583	99	1
919	68,92	23,19	63,52	10,31	583	99	1
920	46,70	15,14	26,57	9,14	251	99	1
921	82,104	36,31	47,55	5,30	419	99	1
923	183,121	0,0	57,98	1,0	729	99	1
924	119,72	6,3	49,89	1,11	138	99	1
925	42,35	2,1	29,41	0,1	123	99	1
926	4,4	2796,2972	4,10	1425,2536	120	99	1
927	0,0	7,4	0,3	1,3	116	99	1
928	0,2	0,1	0,0	0,3	104	99	1
930	12,4	377,418	5,9	239,442	265	99	1
931	1,7	704,685	5,10	322,666	103	99	1
932	34,26	52,59	26,30	29,44	118	99	1
934	14,10	250,246	6,1	144,204	103	99	1
935	14,11	46,42	4,1	15,60	103	99	0.191750524918
937	20,11	361,282	9,14	159,346	103	99	1
938	3,0	0,0	4,9	3,0	116	99	1
939	3,5	1680,1406	16,28	773,1398	337	99	1
940	0,5	1680,1406	15,21	773,1398	320	99	1
941	84,90	1100,1359	45,63	563,984	311	99	1
942	81,105	1100,1359	46,70	563,984	565	99	1
943	8,26	11,11	12,29	11,22	353	99	1
944	18,29	10,5	3,10	12,23	103	99	0.000186814108104
945	220,235	9,9	134,240	4,17	1034	99	1
946	42,55	338,352	44,45	204,381	393	99	1
948	157,138	24,19	79,100	16,23	108	99	1
949	18,10	1424,1444	7,15	671,1237	103	99	1
950	36,47	1172,1222	35,32	591,988	135	99	1
951	1,2	2,0	0,1	1,0	313	99	0.866782178332
953	44,41	163,230	79,112	129,231	231	99	0.930304076419
954	11,5	94,110	6,6	64,109	242	99	1
956	45,35	1,0	14,25	0,0	260	99	1
957	214,243	1213,1293	76,171	499,1004	566	99	1
958	1,1	0,1	0,1	0,1	117	99	1
959	124,107	2,0	77,109	0,0	607	99	1
960	0,3	24,24	0,0	8,17	434	99	1
961	7,15	136,99	2,15	49,113	300	99	1
962	24,21	582,634	22,31	336,606	274	99	1
963	30,25	189,198	5,14	73,197	383	99	1
964	74,73	0,1	55,86	0,0	341	99	1
965	211,276	0,3	110,210	0,0	505	99	1
966	107,95	246,176	103,157	54,76	105	99	1.0653743443e-09
967	17,15	0,1	12,10	1,1	163	99	1
969	0,2	166,210	2,4	117,188	138	99	1
970	650,583	0,0	356,555	0,1	211	99	1
971	7,1	30,23	5,8	22,26	130	99	1
973	2,0	4419,4211	2,9	2609,5493	139	99	1
974	94,79	4451,4326	95,194	3058,5317	117	99	1
975	57,47	0,5	18,43	0,4	240	99	1
976	347,296	100,90	77,124	91,175	122	99	9.70068469996e-12
977	28,45	18,22	15,37	2,0	103	99	1.23477542191e-05
978	1085,1189	2,4	855,1332	3,0	1203	99	1
980	28,28	30,66	8,26	15,29	131	99	1
982	19,17	1,10	7,26	9,18	110	99	0.156008400036
984	5,11	6,9	2,3	6,7	220	99	0.369330826999
985	20,27	0,0	37,55	0,2	135	99	1
986	20,28	229,314	40,63	142,332	135	99	1
987	1068,961	58,53	610,1010	4,20	138	99	1
988	21,15	249,272	25,38	218,351	123	99	1
989	313,346	0,0	252,409	0,1	103	99	1
990	7,15	209,209	7,25	140,204	285	99	1
991	34,17	2,0	44,42	0,0	295	99	1
992	113,94	26,30	11,27	29,51	111	99	1.41424982836e-10
993	1,4	75,75	2,7	31,79	279	99	1
994	2,4	125,128	0,0	93,154	103	99	1
995	85,124	1,0	54,59	4,1	128	99	1
996	298,358	2,2	138,347	0,0	1458	99	1
997	917,842	13,12	511,1064	2,0	122	99	1
998	227,195	0,1	109,264	0,2	122	99	1
1001	324,400	2625,3225	262,527	1581,3097	551	99	1
1002	423,486	2625,3225	295,628	1581,3097	656	99	1
1003	147,153	28,45	71,164	33,59	204	99	0.725419961392
1004	1,9	18,7	0,1	0,2	132	99	1
1005	103,67	0,0	25,54	1,0	681	99	1
1006	20,33	357,392	21,37	284,317	160	99	1
1007	44,34	660,651	33,41	389,547	311	99	1
1008	182,187	152,161	81,129	121,256	270	99	0.26248324711
1009	94,101	32,29	44,78	14,21	159	99	1
1010	2296,2436	148,192	1027,1836	146,268	842	99	0.0182390889715
1011	6,1	20,18	0,4	12,10	121	99	1
1012	4424,4866	0,4	3027,4578	0,0	114	99	1
1015	18,9	43,26	1,9	24,35	141	99	0.725230317653
1016	0,1	165,130	0,0	34,102	105	99	1
1017	93,103	5,13	79,193	1,9	104	99	1
1018	2,0	39,49	0,2	21,39	108	99	1
1019	7,5	39,40	8,9	34,46	124	99	1
1020	9,11	1,2	4,13	1,1	453	99	0.345617612166
1021	7,2	316,376	1,6	185,290	103	99	1
1023	137,129	10,3	105,187	1,5	949	99	0.467340823906
1024	1286,1029	9,10	228,656	0,0	132	99	1
1025	13,10	1,0	17,13	2,2	181	99	0.962785178762
1026	273,270	3,2	123,227	4,10	109	99	1
1029	19,33	61,85	6,8	45,62	166	99	0.955678175497
1030	3,2	10895,9673	1,6	7159,14080	103	99	1
1031	1,0	0,1	0,2	0,2	103	99	1
1032	25,54	961,972	20,34	478,976	508	99	1
1033	6,15	961,972	9,12	478,976	269	99	1
1034	1,4	42,48	2,0	38,39	117	99	1
1035	1,1	435,435	5,18	189,316	108	99	1
1036	7,2	42,88	2,2	27,59	261	99	1
1037	100,73	1,0	18,66	0,0	545	99	1
1040	0,0	3478,3349	1,0	1711,3354	103	99	1
1042	36,55	74,97	41,39	83,129	659	99	1
1043	64,79	81,101	18,51	53,123	138	99	0.277573334492
1044	0,7	107,103	5,6	42,92	412	99	1
1046	3,4	5,10	0,0	10,10	127	99	0.159982543365
1048	13,22	60,49	34,57	93,135	110	99	1
1049	2099,2125	30,61	1441,2389	43,77	123	99	1
1050	10,27	4925,4178	6,26	2192,4481	278	99	1
1051	36,27	0,1	16,33	0,0	337	99	1
1052	46,32	702,618	13,14	278,627	309	99	1
1054	42,51	50,29	20,44	10,26	111	99	0.967270943011
1055	512,538	8,16	292,417	21,25	140	99	1
1058	570,711	2,1	357,497	1,0	143	99	1
1059	183,235	52,46	105,162	10,13	117	99	0.33185749551
1060	10,12	61,81	4,21	14,63	400	99	1
1061	134,124	28,23	78,155	1,2	104	99	0.00650601257143
1062	168,143	3,10	144,222	0,0	155	99	1
1063	0,1	0,0	0,0	0,1	104	99	1
1064	3,5	37,65	2,1	35,94	119	99	1
1065	0,1	161,156	0,2	87,170	102	99	1
1066	19,15	31,21	12,37	37,39	102	99	1
1067	404,500	12,2	180,399	2,5	322	99	1
1068	7,10	5275,6177	7,4	3110,5128	384	99	1
1069	287,246	1,0	128,236	1,0	494	99	1
1070	196,211	19,21	135,185	7,9	216	99	1
1071	4,4	77,71	1,7	64,59	113	99	1
1072	6,10	0,1	9,18	0,2	224	99	1
1073	42,72	108,107	61,139	54,101	505	99	0.786177920258
1074	12,27	0,0	16,45	0,2	200	99	1
1075	12,26	16,17	15,16	7,15	360	99	1
1078	6,12	16,19	13,6	12,28	653	99	1
1080	13,25	7,5	17,28	1,4	248	99	0.201304185864
1081	188,194	34,17	73,164	20,39	146	99	0.903368858577
1082	14,15	185,192	3,19	115,160	237	99	1
1083	312,303	2,13	82,200	5,6	342	99	1
1084	68,85	9,8	37,96	0,1	104	99	1
1086	0,5	41,45	0,2	17,23	103	99	1
1088	21110,14911	21918,15129	22462,37731	7921,14269	110	99	8.92674045794e-10
1089	121,70	2,2	8,22	17,47	105	99	0
1090	5,8	0,0	0,0	2,3	105	99	6.72359945497e-11
1091	82,150	25,34	42,96	16,19	252	99	1
1092	24,22	8,11	15,8	0,13	166	99	0.869925050804
1093	22,23	383,435	7,41	200,356	252	99	1
1094	0,0	87,103	3,4	66,89	117	99	1
1095	21,7	0,0	15,27	2,1	126	99	1
1097	544,486	3,0	300,544	0,1	470	99	1
1098	10,2	107,93	1,4	42,97	270	99	1
1099	7,3	163,140	0,13	103,157	276	99	1
1101	4,0	126,176	0,6	103,160	103	99	1
1102	662,740	0,0	405,767	0,3	102	99	1
1103	79,77	1,1	27,80	0,1	128	99	1
1104	12,18	29,55	2,3	30,71	158	99	0.0894617654225
1105	6,1	0,3	1,0	0,0	105	99	1
1107	103,96	122,139	6,39	77,117	180	99	0.00475112808484
1108	2,0	50,33	0,0	12,29	183	99	1
1109	11,14	0,2	1,1	0,1	202	99	1
1110	253,213	0,0	143,188	1,0	104	99	1
1111	568,593	19,13	364,582	11,8	665	99	1
1112	11,7	22,18	29,47	21,18	272	99	0.00994546980616
1113	70,61	89,90	78,154	14,15	111	99	0
1114	8,4	48,40	7,22	2,10	111	99	3.08492953405e-08
1115	65,103	88,94	46,66	83,140	115	99	0.419067642384
1116	4,1	90,109	1,1	25,62	106	99	1
1117	146,171	59,80	85,176	22,41	149	99	0.455569473516
1119	9,9	775,727	8,8	375,604	103	99	1
1120	19,17	379,451	3,16	214,424	274	99	1
1121	21,17	753,843	4,14	350,726	274	99	1
1122	14,11	204,229	5,11	113,211	373	99	1
1123	39,54	7,5	25,51	0,9	386	99	0.901142383778
1124	38,84	30,26	35,94	8,15	170	99	0.135740748563
1125	5,4	5,11	2,1	1,3	136	99	1
1126	20,11	0,0	15,45	0,4	282	99	1
1128	5,10	138,142	8,16	55,112	254	99	1
1130	254,302	0,0	179,300	0,1	171	99	1
1131	2,3	499,439	5,14	213,381	337	99	1
1132	52,79	3,0	12,52	0,0	139	99	1
1133	4,2	9,6	7,13	9,1	290	99	0.149445482565
1134	22,14	196,220	17,32	69,164	498	99	1
1135	27,18	196,220	19,20	69,164	307	99	1
1136	3,3	6,5	1,0	2,4	219	99	0.707044917421
1137	6,15	194,166	5,10	68,141	392	99	1
1138	7,9	28,35	2,9	34,46	263	99	1
1139	9,17	194,166	6,14	68,141	272	99	1
1140	22,36	1216,1363	9,13	431,705	105	99	1
1141	21,22	732,761	6,10	245,362	103	99	1
1142	21,22	5,5	6,9	1,5	103	99	1
1143	79,84	117,149	50,83	54,95	183	99	1
1144	4,0	23,26	6,5	20,24	127	99	0.938922318358
1145	59,72	192,199	54,79	91,187	241	99	1
1146	64,53	3,2	24,45	17,25	126	99	1.21680916343e-07
1147	94,109	101,88	59,93	43,120	241	99	1
1148	124,151	1,6	37,105	0,0	175	99	1
1149	0,1	29,19	1,0	21,50	117	99	1
1150	82,110	6,11	32,81	0,0	118	99	1
1151	463,570	658,968	193,440	346,745	217	99	1
1153	81,85	40,32	44,53	16,24	263	99	1
1154	129,121	10,30	34,46	8,29	114	99	0.294482341408
1155	414,470	5,5	210,356	1,9	109	99	1
1156	27,33	0,2	23,30	4,11	109	99	0.045114820967
1157	47,61	125,123	36,73	67,98	156	99	1
1158	15,14	8,6	5,16	3,5	149	99	1
1159	78,120	14,15	79,151	8,15	107	99	1
1160	20,30	29,20	17,22	3,21	107	99	0.553031840207
1162	20,14	3,4	5,9	3,18	129	99	0.0108781385374
1163	49,51	207,229	42,42	94,164	374	99	1
1164	16,5	483,441	1,8	210,455	103	99	1
1165	66,47	364,382	34,71	297,402	273	99	1
1166	5,1	420,385	5,5	274,459	132	99	1
1167	15,32	1,4	7,11	13,14	117	99	2.23369137919e-06
1168	30,56	0,0	28,65	0,1	318	99	1
1169	16,29	0,0	38,69	0,1	300	99	1
1170	44,77	4,2	32,38	1,5	154	99	1
1171	15,14	16,25	7,25	8,16	152	99	0.648868356946
1172	1,2	8,9	0,5	24,25	198	99	1
1174	12,3	289,339	3,3	163,308	243	99	1
1175	20,15	512,604	15,20	189,382	103	99	1
1176	27,10	4,1	5,20	2,1	102	99	1
1177	57,72	133,139	30,81	53,81	111	99	0.776371894089
1178	26,23	168,163	15,17	65,124	282	99	1
1180	144,136	1,0	58,134	0,2	118	99	1
1181	162,159	263,183	90,116	107,210	102	99	1
1183	107,92	3,4	65,121	4,2	146	99	1
1184	31,37	609,582	27,28	421,692	472	99	1
1185	36,30	182,163	27,57	53,100	103	99	0.0226887856275
1186	271,291	989,1165	61,136	800,1347	116	99	0.431265669881
1187	164,157	19,21	73,137	2,3	228	99	0.0280863673608
1188	244,240	51,48	105,228	66,72	245	99	0.156617439275
1189	99,104	51,48	34,94	66,72	116	99	0.114633384527
1190	4,3	7,4	3,1	3,4	110	99	0.869083758755
1192	0,1	276,298	0,0	173,384	101	99	1
1194	147,144	0,1	59,158	1,0	127	99	1
1195	193,205	16,14	75,225	8,28	127	99	1
1196	1702,1618	12,9	948,1626	15,8	378	99	1
1197	24,32	95,135	4,18	55,91	233	99	1
1198	12,3	35,11	2,7	9,24	105	99	1
1200	2,2	10,12	0,0	7,15	111	99	0.597873241795
1201	7,6	22,10	2,4	10,18	111	99	1
1202	24,13	4813,4055	16,21	3549,6160	103	99	1
1203	8331,9227	2,1	4414,7322	0,0	1287	99	1
1204	103,111	420,462	52,47	255,470	182	99	1
1205	14,25	1,1	2,5	7,10	106	99	2.65802402311e-08
1208	140,160	50,62	101,133	60,101	175	99	0.249206647828
1209	8,7	1057,1010	12,7	468,908	299	99	1
1210	78,63	6,5	24,51	3,3	331	99	1
1211	443,368	241,204	234,330	146,261	142	99	1
1212	641,576	37,28	352,538	17,33	181	99	1
1213	753,665	4,1	412,646	0,0	196	99	1
1214	439,412	37,28	264,469	17,33	138	99	1
1215	551,501	4,1	324,577	0,0	153	99	1
1216	149,117	4,1	77,141	0,0	114	99	1
1217	0,0	40,43	6,2	14,51	359	99	1
1218	25,43	11,5	18,30	0,1	116	99	0.0356956742064
1219	4,1	260,316	0,0	199,366	103	99	1
1221	117,114	41,45	67,120	26,22	143	99	1
1222	61,57	121,168	45,88	121,227	328	99	1
1223	12,9	9,7	6,21	9,7	311	99	1
1225	0,4	2084,2117	0,0	1006,2166	126	99	1
1226	19,17	136,156	7,12	70,138	236	99	1
1229	193,131	2,0	136,239	3,0	483	99	1
1230	50,51	0,0	34,51	0,2	247	99	1
1231	1,2	6,2	2,0	1,1	103	99	1
1232	11,10	372,394	5,11	196,382	102	99	1
1233	9,9	1107,1214	7,9	556,1046	159	99	1
1234	528,690	0,0	268,496	0,1	580	99	1
1235	3,0	111,102	0,1	60,76	103	99	1
1236	11,16	67,76	12,15	26,46	126	99	0.960516856357
1238	302,262	10300,9335	186,350	5998,10167	106	99	1
1240	4,6	6798,6874	5,7	4088,7690	103	99	1
1242	41,53	0,5	23,45	5,1	175	99	1
1243	6,5	86,97	2,3	23,76	246	99	1
1244	67,60	89,83	71,96	6,7	111	99	0
1245	6,17	75,72	10,21	30,72	103	99	0.871411151789
1246	507,482	3,3	483,754	1,0	2627	99	1
1247	236,225	476,390	336,504	83,106	111	99	0
1248	143,143	31,16	62,119	45,74	105	99	5.07813783307e-05
1249	38,30	9,16	10,34	9,10	126	99	1
1250	48,54	0,5	28,67	7,4	1095	99	0.240797952434
1251	48,57	11,29	29,68	11,13	1131	99	1
1252	19,40	0,5	27,43	7,4	1068	99	0.371869037856
1253	19,43	11,29	28,44	11,13	1104	99	1
1254	0,8	11,29	8,5	11,13	135	99	0.423913148066
1255	41,61	2,0	40,57	0,1	262	99	1
1256	190,198	74,75	133,181	51,96	393	99	1
1258	3059,3662	1,0	1504,2656	2,3	324	99	1
1259	4,3	3,3	7,0	0,1	150	99	0.0593491702566
1260	75,65	82,69	20,49	71,97	103	99	0.0650561512411
1263	0,4	13,5	1,1	2,3	180	99	0.515960111541
1264	55,82	0,1	41,80	0,0	655	99	1
1265	79,84	40,28	80,124	27,33	206	99	1
1266	107,122	268,243	37,99	122,279	288	99	1
1267	64,53	178,211	19,67	84,126	935	99	1
1268	33,52	0,2	18,33	0,2	245	99	1
1269	8,8	29,62	3,7	15,45	566	99	1
1270	1,4	4,7	1,17	2,8	107	99	0.183914516763
1271	131,154	98,94	62,130	68,103	1250	99	1
1272	7,1	338,271	4,5	180,287	291	99	1
1273	7,8	0,3	2,2	0,0	103	99	1
1274	38,47	619,667	9,18	308,497	342	99	1
1276	1409,1192	99,125	1441,2275	63,78	652	99	0.0662833805462
1278	0,0	207,182	1,0	88,174	102	99	1
1280	221,225	0,3	171,279	0,0	104	99	1
1281	42,56	108,138	87,182	67,144	267	99	0.00145655832361
1282	4,1	630,752	5,9	256,551	278	99	1
1283	354,423	125,170	160,321	92,203	220	99	0.592902356816
1285	27,20	9,9	14,10	3,5	174	99	1
1286	51,61	3,0	26,39	0,0	102	99	1
1287	175,178	14,5	62,174	1,6	220	99	1
1288	7,5	2,3	3,13	0,0	120	99	0.129723803166
1289	8,2	6,4	6,8	9,19	103	99	0.718707048492
1290	86,93	161,196	30,72	81,171	140	99	1
1291	0,1	84,89	0,0	38,110	103	99	1
1292	39,9	182,183	16,21	96,224	302	99	1
1293	31,47	1,0	15,26	0,0	105	99	1
1294	316,308	1,0	175,324	0,0	916	99	1
1295	9,22	199,222	11,22	84,147	494	99	1
1296	5,18	7,9	13,29	9,6	317	99	0.605410868173
1297	20,51	307,343	32,78	165,256	692	99	1
1298	22,42	307,343	28,55	165,256	474	99	1
1300	5,3	135,143	0,0	67,99	168	99	1
1301	86,80	18,19	43,72	7,22	122	99	1
1302	15,21	3,0	5,9	1,0	381	99	1
1303	48,53	51,48	9,21	7,27	792	99	1
1304	36,32	51,48	5,12	7,27	510	99	1
1305	33,21	1416,1627	46,96	1314,2421	345	99	1
1307	54,54	454,436	39,62	277,449	399	99	1
1309	187,223	3,0	51,113	0,2	163	99	1
1310	41,34	150,154	30,43	72,101	149	99	1
1311	32,23	2,1	21,21	1,3	149	99	1
1312	492,512	2,1	277,453	1,3	1119	99	1
1313	463,489	3,0	256,432	0,0	1069	99	1
1314	0,2	39,22	0,0	15,17	123	99	1
1315	8,8	1,0	4,8	2,0	143	99	1
1316	20,17	59,68	9,11	27,60	148	99	1
1317	2,4	0,5	1,1	0,0	148	99	0.307250904552
1318	482,500	0,5	226,466	0,0	752	99	1
1319	480,498	0,2	225,465	0,0	703	99	1
1320	131,145	1,0	71,95	0,0	507	99	1
1321	6,3	23,13	2,2	16,13	131	99	1
1322	30,39	7,6	10,23	7,4	278	99	0.69237158778
1323	19,19	93,85	14,16	50,99	163	99	1
1324	408,336	8,5	201,327	1,12	105	99	1
1325	456,391	1116,1068	189,313	581,888	102	99	1
1327	7,13	2,0	12,2	0,2	114	99	1
1328	10,12	9,4	6,8	0,4	121	99	0.357311002522
1329	26,35	15,17	24,18	10,14	557	99	1
1330	142,114	0,0	52,144	1,0	210	99	1
1331	0,1	19,6	0,0	8,19	108	99	1
1332	20,8	2,1	18,14	0,0	126	99	1
1333	44,24	762,841	31,41	323,647	288	99	1
1334	89,115	178,176	37,70	104,167	337	99	1
1335	757,602	130,91	508,916	65,180	123	99	1
1336	5,5	146,137	8,22	43,105	291	99	1
1337	12,21	10,3	17,32	2,2	170	99	0.137043898682
1338	60,79	10,3	62,114	2,2	351	99	0.276932714366
1340	66,68	3,9	82,126	1,6	351	99	0.567283396525
1341	10,7	480,433	7,5	250,366	210	99	1
1342	108,100	1,2	44,107	0,1	383	99	1
1343	39,38	111,154	29,72	71,96	590	99	1
1348	456,418	6,2	242,416	0,0	186	99	1
1349	7,11	25,11	2,9	6,20	137	99	1
1350	277,228	984,976	73,164	496,1006	364	99	1
1352	45,47	551,443	73,163	238,405	250	99	1
1354	2,2	3,1	2,4	0,2	103	99	0.120990538282
1355	25,46	839,861	39,55	357,809	104	99	1
1356	0,0	586,589	1,0	294,585	117	99	1
1358	61,55	96,108	32,44	48,114	143	99	1
1359	0,0	23,11	0,1	11,12	117	99	1
1361	3,8	17,8	2,7	3,9	522	99	1
1362	1160,1135	0,1	573,1094	0,0	364	99	1
1363	50,62	0,1	29,37	0,0	367	99	1
1364	5,12	1113,1075	2,9	544,1057	102	99	1
1368	12,9	312,250	12,10	216,309	192	99	1
1371	1,3	3,2	2,3	0,0	143	99	0.00178260138462
1373	46,61	22,10	22,42	12,39	102	99	0.157094806204
1374	0,2	12,11	0,1	10,9	173	99	1
1375	15,8	74,66	9,3	46,58	114	99	1
1376	113,54	17,3	67,87	3,8	111	99	1
1378	8,10	48,67	2,11	36,64	181	99	1
1379	4,1	0,2	1,5	0,0	162	99	1
1380	40,44	127,163	28,40	60,138	459	99	1
1381	1,0	107,121	1,6	55,94	102	99	1
1383	5,7	862,982	2,3	529,889	102	99	1
1385	3,1	382,385	3,10	211,428	116	99	1
1386	27,40	158,136	20,22	79,135	116	99	1
1387	250,202	5,5	145,249	3,7	140	99	1
1388	16,16	295,240	10,17	161,212	466	99	1
1391	0,2	191,195	1,0	109,219	138	99	1
1392	1,1	211,204	1,2	89,167	108	99	1
1393	1,1	49,58	1,0	24,31	257	99	1
1394	22,23	16,21	12,58	4,5	123	99	0.00176042956594
1396	5,6	147,155	0,3	60,107	180	99	1
1397	17,21	1563,1717	9,24	738,1642	319	99	1
1398	10,31	55,75	27,24	37,68	324	99	1
1399	31,42	1,0	11,17	0,0	269	99	1
1400	7,3	1,0	0,1	0,0	103	99	1
1401	2,1	16,17	0,3	10,25	203	99	1
1402	268,353	700,747	135,250	391,587	1281	99	1
1404	18,14	40,34	10,5	12,41	129	99	1
1405	8,4	0,0	2,5	2,3	105	99	0.0438854590968
1407	212,218	1,0	114,159	0,0	433	99	1
1408	87,40	8,0	50,82	0,10	945	99	1
1409	3,0	6,1	0,0	6,1	126	99	1
1410	14,11	426,360	15,19	310,493	280	99	1
1411	17,12	426,360	21,20	310,493	253	99	1
1412	3,7	3,15	12,10	0,9	334	99	0.0849722767116
1413	20,22	140,159	15,16	130,213	377	99	1
1414	20,30	140,159	3,15	130,213	142	99	1
1415	17,19	13,3	3,6	3,12	142	99	0.0785450697106
1416	223,233	99,101	159,312	104,157	120	99	1
1417	10,10	74,77	5,16	25,53	491	99	1
1420	31,44	380,392	34,39	209,366	452	99	1
1421	8,7	3,0	4,7	0,0	147	99	1
1422	92,101	60,98	28,55	12,39	103	99	1
1423	63,77	164,203	52,60	152,273	124	99	1
1424	13,10	198,205	19,12	105,162	478	99	1
1425	6,8	46,21	1,5	24,39	279	99	1
1426	6,14	99,82	0,17	43,90	291	99	1
1430	68,93	115,152	43,91	89,95	161	99	1
1431	5,5	298,316	2,3	189,286	138	99	1
1432	22,47	267,218	16,36	77,169	255	99	1
1434	13,38	118,126	12,16	43,100	272	99	1
1435	379,345	3,2	158,291	0,0	177	99	1
1436	162,141	85,87	85,208	68,111	111	99	1
1437	25,23	21,24	24,34	0,1	122	99	5.43101119632e-11
1438	64,75	810,936	145,313	246,528	136	99	8.881784197e-16
1439	11,7	832,862	6,5	502,781	126	99	1
1441	15,45	4,0	6,10	0,0	115	99	1
1442	86,78	1,0	34,45	0,0	216	99	1
1444	453,429	9,0	280,588	0,6	232	99	1
1445	3,5	197,217	1,7	91,149	298	99	1
1446	4,1	79,70	0,1	33,68	624	99	1
1448	3,2	266,239	0,0	124,204	135	99	1
1449	2,2	233,274	4,0	115,239	165	99	1
1451	46,31	231,236	21,33	144,221	214	99	1
1452	173,173	0,0	70,103	3,6	102	99	1
1453	17,18	241,208	8,16	152,309	264	99	1
1454	18,38	161,228	23,42	135,298	730	99	1
1455	64,92	121,138	34,70	73,120	215	99	1
1456	1,1	14,15	1,6	11,13	172	99	1
1458	52,37	12,6	19,32	0,2	110	99	0.180233699925
1459	24,19	197,200	0,5	37,153	297	99	1
1460	324,351	306,322	243,489	229,410	118	99	1
1462	210,282	0,2	226,352	0,0	150	99	1
1463	9,7	0,0	6,5	1,9	111	99	0.0309512752657
1465	18,19	445,569	8,9	218,438	318	99	1
1466	4,3	0,4	2,3	1,1	144	99	0.920801765185
1468	62,56	118,131	35,56	121,183	103	99	1
1469	0,0	5,6	0,4	6,6	109	99	1
1470	2,1	2,4	2,1	0,6	144	99	0.622694139224
1471	694,671	266,408	359,606	215,286	535	99	1
1472	513,473	183,165	282,529	62,121	386	99	0.732855094942
1473	25,34	0,2	17,42	0,1	174	99	1
1474	10,7	38,42	5,6	34,52	103	99	1
1475	1,0	418,430	0,0	174,357	126	99	1
1476	81,92	2482,3090	41,79	1770,2831	101	99	1
1477	9,16	98,121	1,5	41,67	121	99	1
1478	2,1	3,0	2,0	0,0	103	99	1
1479	0,1	4,11	1,1	1,5	101	99	1
1480	79,108	62,113	8,21	35,101	263	99	7.55027447432e-05
1481	29,12	1,0	21,28	0,0	357	99	1
1482	15,29	5,3	15,31	0,2	127	99	0.514171265063
1483	13,9	9,10	26,45	5,1	142	99	0.000273770196109
1485	59,34	4,4	18,20	0,1	237	99	0.423622187875
1486	25,37	19426,17709	7,16	9265,18677	104	99	1
1487	123,76	19426,17709	27,35	9265,18677	407	99	1
1488	385,222	19426,17709	78,122	9265,18677	939	99	1
1489	443,274	19426,17709	86,154	9265,18677	1334	99	1
1490	123,76	25,37	27,35	7,16	402	99	1
1491	385,222	25,37	78,122	7,16	934	99	1
1492	443,274	25,37	86,154	7,16	1329	99	1
1495	60,52	2,0	9,32	1,0	494	99	1
1496	154,147	20274,19360	81,199	10656,20481	103	99	1
1497	153,147	1,1	81,199	0,6	103	99	1
1498	64,49	24,32	24,53	8,15	133	99	0.842247470251
1504	5,7	11,6	3,12	2,4	123	99	0.132971896228
1505	0,1	8,7	2,2	1,7	126	99	0.446200195636
1506	59,54	103,141	28,34	50,106	117	99	1
1507	87,67	2,3	32,104	0,2	103	99	1
1508	21,18	222,270	11,8	71,139	304	99	1
1510	13,10	4,4	9,15	2,1	112	99	0.323229078251
1511	7,10	2,2	6,12	0,0	153	99	0.619546421517
1512	32,15	171,153	15,27	70,128	119	99	1
1513	3883,3544	5,6	2706,4663	4,27	105	99	1
1514	16,44	2234,2120	20,26	1507,2732	427	99	1
1515	11,11	391,291	3,10	207,381	111	99	1
1516	75,68	182,127	29,56	104,181	129	99	1
1517	1762,1640	0,0	1532,2454	1,1	1104	99	1
1518	509,500	8,8	246,409	6,9	136	99	1
1519	422,516	265,317	225,409	148,261	240	99	1
1520	53,33	256,269	9,22	122,198	378	99	1
1521	35,22	1,1	5,26	0,0	141	99	1
1522	276,312	15,18	140,280	5,8	279	99	1
1523	2,2	130,127	3,8	56,94	390	99	1
1524	66,67	4,1	37,93	1,16	136	99	1
1525	62,52	4,1	43,92	1,16	157	99	1
1526	20,14	24,29	13,22	7,23	120	99	0.535579104064
1528	18,17	571,608	17,20	265,529	105	99	1
1529	12,6	71,76	0,5	31,52	264	99	1
1530	77,101	12,30	54,82	4,13	113	99	1
1531	8,18	174,215	4,11	147,195	103	99	1
1532	15,22	5,5	13,14	1,0	207	99	0.00215282287472
1534	53,23	74,31	41,137	62,105	466	99	1
1535	22,7	420,363	12,17	261,435	361	99	1
1536	0,0	2,0	1,3	0,0	125	99	1
1537	79,49	3807,4148	42,103	2333,4313	103	99	1
1538	7,12	1,3	0,2	1,5	235	99	0.000365211058443
1539	79,69	1,3	12,40	1,5	320	99	0.367858534829
1540	77,68	5,11	12,38	0,0	184	99	0.209920449078
1541	35,49	3942,4439	28,48	2513,4644	258	99	1
1544	56,60	109,136	53,54	60,126	589	99	1
1545	5,7	260,290	0,7	165,247	103	99	1
1546	111,119	0,3	60,139	6,9	121	99	1
1547	133,135	2727,2698	57,124	1336,2646	285	99	1
1548	299,365	5,8	194,337	5,4	171	99	1
1549	1,5	35,25	0,3	37,44	108	99	1
1550	127,117	0,0	106,198	0,2	322	99	1
1551	1,1	344,379	1,0	201,339	249	99	1
1552	240,156	19,17	121,189	4,2	112	99	1
1554	369,388	5,11	118,204	8,4	123	99	1
1555	0,0	255,274	2,4	96,252	122	99	1
1556	9,19	93,119	12,48	22,61	135	99	0.000382171646748
1557	24,23	908,1159	9,29	693,1148	284	99	1
1558	1,3	1068,1088	2,4	584,917	437	99	1
1559	11,11	809,603	5,11	334,563	156	99	1
1560	5,5	59,46	9,10	16,21	139	99	0.068330031278
1561	9,7	0,0	6,2	0,1	104	99	1
1562	1,0	264,294	5,0	168,244	104	99	1
1563	245,247	35,64	133,283	26,62	114	99	1
1564	7,16	3,5	9,18	4,1	121	99	0.937275016907
1565	170,165	270,216	46,132	141,236	1073	99	1
1566	9,1	123,97	2,4	59,135	123	99	1
1568	10,10	260,361	5,6	150,282	310	99	1
1569	193,189	755,794	90,180	353,749	746	99	1
1570	196,187	755,794	93,178	353,749	764	99	1
1571	7,14	4,16	4,8	1,10	117	99	1
1572	1,0	0,0	2,0	0,1	165	99	1
1573	39,30	6,3	24,63	0,0	122	99	0.754736612583
1574	7,1	88,69	0,1	28,59	255	99	1
1576	14,25	195,195	40,90	93,147	284	99	0.186932022959
1577	15,10	65,37	0,5	40,97	103	99	0.0784893476912
1578	271,230	7,0	230,410	14,21	104	99	1
1580	4,2	6,7	4,8	0,5	296	99	0.104193481918
1581	5,4	30,38	6,7	6,23	169	99	0.609699320363
1582	18,9	89,79	13,10	27,55	124	99	1
1583	4,7	168,186	2,5	80,156	239	99	1
1584	9,5	6,11	8,20	7,4	146	99	0.263696981607
1585	6,4	6,11	13,32	7,4	175	99	0.0114124873564
1586	4,1	7,2	6,13	1,1	128	99	0.000173782754464
1587	52,31	44,59	20,38	25,42	328	99	1
1588	0,7	117,121	4,2	73,101	238	99	1
1589	115,103	3,14	89,210	0,0	104	99	1
1590	35,64	164,151	21,34	58,141	283	99	1
1591	119,145	108,110	76,153	36,95	111	99	1
1593	16,15	30,12	0,5	14,22	261	99	0.0725147041272
1594	0,2	28,58	0,0	12,25	129	99	1
1595	29,43	231,246	14,38	163,239	171	99	1
1596	307,324	2,9	172,362	1,5	463	99	1
1597	9,6	323,296	5,8	124,238	290	99	1
1598	22,11	332,356	5,8	145,300	329	99	1
1599	1292,1323	189,248	868,1224	149,224	203	99	1
1600	1434,1345	48,54	765,1534	25,44	102	99	1
1601	737,672	1211,1119	248,471	722,1245	102	99	0.680373753945
1602	6,14	133,105	5,6	56,133	249	99	1
1603	25,56	191,210	8,37	100,203	228	99	1
1604	2,8	256,229	0,1	112,259	107	99	1
1605	2,0	8,6	1,5	6,5	111	99	0.184764937919
1606	1,5	183,173	1,5	79,162	104	99	1
1607	1,5	3,2	1,2	0,1	104	99	0.0370064911071
1608	162,143	2,1	90,210	0,0	272	99	1
1609	6,6	5,1	4,2	0,0	209	99	0.0115933435208
1610	5,5	2,2	0,1	1,4	153	99	0.000278626810622
1611	3,3	5,1	5,5	0,0	155	99	0.00338438337647
1612	141,187	227,230	150,232	75,151	114	99	0.0014299793288
1614	1,3	4,5	0,2	0,3	120	99	1
1615	93,70	0,0	47,83	0,1	229	99	1
1616	5,6	1,0	0,3	1,3	110	99	0.0171583420425
1617	33,40	223,223	7,22	62,169	313	99	1
1618	29,34	223,223	8,22	62,169	302	99	1
1620	50,50	150,103	20,40	74,129	257	99	1
1621	16,8	5,2	9,22	1,6	183	99	1
1623	2,1	0,0	6,0	0,1	127	99	1
1624	3,1	2,1	1,8	0,0	103	99	0.300690626557
1625	553,635	3677,3517	430,680	2712,4772	738	99	1
1626	0,4	120,101	0,1	63,92	162	99	1
1627	10,4	122,49	6,7	15,31	245	99	1
1628	119,139	5,3	39,83	0,0	404	99	1
1629	156,217	149,148	64,104	74,117	360	99	1
1630	11,19	112,72	11,10	20,65	267	99	1
1631	7,16	112,72	11,8	20,65	271	99	1
1634	34,26	224,176	16,25	91,205	117	99	1
1635	123,131	3,7	113,172	6,6	539	99	1
1636	4,11	71,79	6,14	23,58	258	99	1
1637	10,10	1,9	1,13	2,1	382	99	1
1638	45,38	113,192	21,28	67,112	208	99	1
1639	6,7	0,0	21,12	1,0	174	99	1
1640	83,104	79,80	82,139	51,142	164	99	1
1643	115,133	8,7	67,119	4,7	162	99	1
1644	22,17	151,137	10,26	53,162	347	99	1
1645	93,104	66,74	25,52	35,42	103	99	1
1646	2,1	326,392	0,2	214,305	117	99	1
1647	4,5	221,255	3,4	124,219	159	99	1
1648	156,155	2,2	81,110	3,7	219	99	1
1649	799,825	31,28	559,1070	7,16	385	99	1
1653	32,20	1,0	11,15	0,2	243	99	1
1655	37,27	18,35	21,34	10,11	102	99	0.417403866918
1656	12,18	409,400	4,13	183,374	238	99	1
1657	44,24	7,0	6,6	0,4	105	99	1
1658	10,4	2,0	3,6	0,2	288	99	1
1659	22,16	26,46	7,9	10,30	234	99	1
1660	23,20	9,11	10,12	8,13	265	99	0.459331120411
1661	27,50	9,11	13,33	8,13	130	99	0.772466769962
1662	9,20	235,263	14,11	216,264	102	99	1
1663	1,7	0,2	2,0	0,0	103	99	1
1664	4,4	6,4	0,0	2,13	103	99	0.00346828405775
1665	0,0	43,35	0,2	17,36	138	99	1
1667	93,99	160,198	57,126	110,171	194	99	1
1668	395,348	160,198	211,312	110,171	487	99	1
1669	379,331	77,82	194,295	40,109	392	99	1
1670	4,4	353,313	13,9	158,286	144	99	1
1671	3,2	59,60	4,13	20,39	131	99	0.28493408217
1672	137,176	10,12	49,108	9,23	123	99	0.592691872837
1673	9,18	1,2	2,18	0,0	123	99	1
1676	94,72	1,2	57,74	0,0	141	99	1
1677	2,0	39,52	0,0	19,40	171	99	1
1678	3615,4023	0,0	1903,3476	1,0	1072	99	1
1679	29,43	2,0	25,32	0,0	229	99	1
1681	6,5	7111,7146	1,12	4147,7120	103	99	1
1682	140,140	98,71	73,106	28,55	228	99	1
1683	253,267	53,56	175,291	9,10	168	99	0.000377616163805
1685	14,11	545,442	11,22	260,458	373	99	1
1686	2920,3453	10,1	477,1449	0,0	171	99	1
1687	7,19	1085,1117	13,9	585,979	104	99	1
1688	373,373	0,0	183,253	0,2	156	99	1
1691	300,256	5,7	187,247	9,13	102	99	1
1692	1,2	105,105	1,8	76,92	103	99	1
1693	5,10	126,88	7,4	35,53	255	99	1
1695	32,37	0,0	13,41	0,3	224	99	1
1696	156,124	17,21	62,159	2,30	459	99	1
1697	93,100	0,0	28,84	3,2	256	99	1
1698	25,8	134,127	5,15	53,119	412	99	1
1701	0,5	490,460	0,0	202,395	287	99	1
1702	435,392	502,354	235,374	207,431	858	99	1
1703	14,20	83,58	4,13	54,97	120	99	1
1704	100,153	1782,2029	48,92	696,1630	292	99	1
1705	40,34	291,340	23,31	134,269	381	99	1
1706	1120,1240	1,4	645,1179	4,1	673	99	1
1707	124,128	18,6	77,134	1,4	120	99	1
1708	25,37	17,16	12,11	0,5	112	99	0.208697542303
1709	25,19	2791,2736	18,21	1323,2573	103	99	1
1710	20,24	187,227	8,24	77,147	360	99	1
1711	4,7	2,0	2,8	0,0	153	99	1
1712	36,60	2,0	28,63	0,0	451	99	1
1713	36,60	4,7	28,61	2,6	397	99	1
1714	235,211	0,2	108,178	0,2	248	99	1
1715	30,24	980,1041	8,18	628,981	159	99	1
1716	13,30	48,48	7,30	31,45	460	99	1
1717	12,10	203,219	4,3	103,230	193	99	1
1718	347,361	31,18	207,373	5,16	655	99	0.632254929885
1719	32,36	1,0	18,27	3,3	256	99	0.179537692552
1721	8,9	22,22	4,11	26,30	104	99	1
1722	2,3	31,24	2,10	24,25	131	99	1
1723	329,316	0,1	217,467	1,1	228	99	1
1724	105,129	8,8	76,122	5,6	295	99	1
1726	1,0	0,0	0,0	0,1	103	99	1
1727	6,2	9,9	4,6	21,31	103	99	0.894863838206
1728	24,18	2,6	6,3	7,17	115	99	0.000206312657379
1729	45,46	35,10	29,42	0,14	459	99	0.158394727308
1730	14,13	35,10	3,9	0,14	143	99	0.440491139924
1731	44,44	1865,1624	48,66	1136,1738	485	99	1
1732	98,89	114,156	70,158	134,230	103	99	1
1733	12,10	128,147	5,6	65,142	257	99	1
1734	2,1	115,89	0,1	42,93	103	99	1
1735	380,431	23,24	302,501	33,42	101	99	1
1736	1,2	1,0	0,2	2,0	104	99	1
1737	1084,1182	28,25	632,1277	14,31	200	99	1
1738	42,45	39,30	7,16	36,43	134	99	0.000518466145404
1739	0,5	129,155	0,1	36,105	108	99	1
1740	14,10	10,11	33,25	7,18	136	99	0.435185057211
1741	32,34	45,56	14,28	22,40	192	99	1
1745	3,4	62,86	6,16	48,72	548	99	1
1746	85,100	36,47	20,50	17,31	271	99	0.915177435323
1747	125,145	1411,1096	37,50	358,672	121	99	1
1748	169,180	175,199	94,155	111,168	362	99	1
1749	639,610	19,17	383,593	9,9	781	99	1
1750	33,47	295,180	16,30	137,224	1434	99	1
1751	230,259	4,5	160,299	0,0	123	99	1
1752	9,19	66,71	6,7	25,88	174	99	1
1753	37,47	318,354	8,17	157,327	126	99	1
1754	14,49	368,365	6,20	245,528	161	99	1
1755	36,27	8,12	7,21	0,2	114	99	0.027311417942
1756	12,3	0,0	2,7	1,0	114	99	1
1757	0,0	95,131	2,0	45,136	120	99	1
1760	2,1	1,0	3,6	0,0	120	99	1
1761	1083,1128	39,23	549,1142	11,25	2238	99	1
1762	31,52	12,17	15,26	6,9	299	99	1
1763	116,112	9,2	115,253	0,3	332	99	1
1764	211,175	3,4	87,218	4,4	211	99	1
1765	411,460	0,9	137,344	0,1	197	99	1
1767	44,30	111,91	55,94	52,73	183	99	0.00116259428927
1768	303,299	1,0	107,217	0,2	241	99	1
1769	17,31	194,201	8,19	53,134	168	99	1
1770	7,2	129,129	0,5	80,99	104	99	1
1771	2049,1930	2,0	921,2025	0,0	102	99	1
1772	190,183	18,11	103,198	1,2	105	99	1
1773	38,44	1,0	25,48	0,3	103	99	1
1774	501,510	0,3	290,520	1,1	102	99	1
1775	169,148	148,141	47,108	111,177	134	99	0.0703425132138
1776	17,9	11,14	2,0	13,13	104	99	0.00012469948236
1777	0,1	23,22	0,5	12,14	104	99	1
1779	5,13	589,613	7,8	393,657	102	99	1
1780	6,1	104,112	4,3	71,114	105	99	1
1781	184,233	574,611	65,129	241,529	238	99	1
1782	29,20	72,84	33,57	14,55	208	99	0.00514022984912
1783	26,19	101,116	6,27	63,99	403	99	1
1784	0,0	742,739	0,2	367,650	103	99	1
1785	2,0	531,597	6,7	292,609	287	99	1
1787	84,84	3,16	45,61	0,3	102	99	1
1790	0,0	319,294	0,1	169,221	111	99	1
1791	7,6	233,213	2,6	141,183	120	99	1
1792	19,24	965,936	39,59	338,575	123	99	1
1794	23,50	2,4	29,33	0,0	353	99	0.331266380612
1798	335,262	4,4	157,290	1,3	231	99	1
1799	2,4	136,127	0,0	57,86	153	99	1
1800	494,451	132,151	20,31	324,523	105	99	0
1801	534,531	0,0	238,540	2,0	385	99	1
1802	266,302	7,0	153,240	0,0	107	99	1
1803	1,1	171,140	1,2	70,98	171	99	1
1804	326,307	1,0	164,280	0,0	279	99	1
1807	105,84	0,0	42,53	1,6	273	99	0.700785205883
1808	126,115	0,0	28,95	0,1	560	99	1
1809	13,1	28,23	1,0	4,20	318	99	1
1810	0,0	35,25	4,0	36,70	313	99	1
1811	438,469	0,2	406,884	0,0	960	99	1
1812	4,5	87,84	5,11	29,63	111	99	1
1813	579,580	9,8	544,888	3,1	111	99	1
1814	2,1	61,50	1,0	19,68	133	99	1
1815	74,54	0,0	33,56	0,2	223	99	1
1816	934,1385	3,1	542,865	0,0	253	99	1
1817	8,16	159,182	4,16	69,163	315	99	1
1818	2,1	0,0	0,0	0,3	105	99	1
1820	6,17	169,148	2,4	55,95	172	99	1
1821	382,435	1042,1055	204,331	493,875	554	99	1
1822	56,61	31,50	45,52	18,42	111	99	1
1823	3,5	15,4	0,6	1,10	103	99	1
1824	5,8	27,25	1,7	9,25	101	99	1
1827	23,28	204,223	4,12	92,178	110	99	1
1828	6,11	58,70	7,18	33,77	123	99	1
1829	115,135	0,2	72,159	3,0	246	99	1
1830	21,30	106,126	26,56	70,155	270	99	1
1831	728,816	39,49	357,541	32,35	394	99	1
1832	1614,1802	175,178	1122,2025	23,52	178	99	0.193748890391
1833	129,124	305,285	40,124	160,281	1152	99	1
1835	3771,4078	0,2	1541,3040	0,0	908	99	1
1836	6,18	126,109	2,4	80,121	426	99	1
1837	6,17	2,14	2,4	0,0	426	99	4.79982720236e-12
1838	23,12	5486,4799	17,49	3605,5604	102	99	1
1839	1,0	2,2	0,1	0,2	128	99	1
1840	326,369	21,18	154,346	3,5	132	99	1
1841	122,146	22,35	37,128	12,35	209	99	1
1842	105,93	187,173	13,15	157,227	105	99	1.42525768965e-10
1843	74,90	32,45	47,83	23,38	632	99	1
1844	36,15	81,82	12,22	45,74	822	99	1
1845	46,47	142,192	68,73	54,136	161	99	0.105362830879
1846	11,10	313,351	12,14	229,385	263	99	1
1848	152,162	21,10	59,138	2,14	187	99	1
1849	18,29	163,133	9,15	59,98	257	99	1
1850	120,80	248,219	35,89	102,144	111	99	1
1851	5653,4760	15,12	3799,6884	3,8	102	99	1
1852	53,47	8,10	29,69	5,8	263	99	1
1853	5,5	86,84	0,16	43,59	154	99	1
1854	0,0	6,6	4,3	7,10	309	99	1
1855	24,43	72,92	51,55	130,275	346	99	1
1856	21,14	0,8	24,37	0,0	269	99	0.34370070614
1857	39,36	0,8	44,98	0,0	436	99	0.346483438553
1858	28,54	80,78	33,70	85,154	156	99	1
1859	26,23	1029,1037	14,31	527,1097	401	99	1
1860	1,0	51,33	2,1	23,39	127	99	1
1861	204,154	2,6	79,170	5,16	625	99	0.0624643618686
1862	1,2	17,15	0,5	10,14	277	99	1
1863	98,98	0,1	55,59	0,1	167	99	1
1867	355,386	2,0	199,380	0,0	210	99	1
1869	63,58	47,39	45,50	46,101	126	99	0.212517289194
1871	27,23	0,0	16,25	0,1	141	99	1
1872	50,98	706,785	44,65	362,684	553	99	1
1874	10,5	4,3	1,22	3,2	116	99	1
1875	30,32	728,793	24,71	287,614	346	99	1
1876	24,30	728,793	26,51	287,614	329	99	1
1877	902,857	0,1	404,886	1,0	117	99	1
1878	45,34	84,90	33,89	32,69	199	99	0.0325912493958
1879	60,71	0,1	22,32	0,0	111	99	1
1880	41,12	10,15	1,5	3,11	197	99	0.06773635543
1881	31,51	0,0	15,25	0,2	329	99	1
1882	465,467	4,7	316,618	8,8	105	99	1
1883	0,1	62,58	3,3	39,38	105	99	1
1888	31,56	1,5	19,35	2,1	460	99	1
1889	35,61	1,4	24,34	0,0	217	99	1
1890	41,52	22,19	11,6	26,29	127	99	2.75296129471e-06
1892	91,96	53,91	64,60	52,87	591	99	1
1893	8,3	6,4	4,13	0,2	150	99	0.00338969588004
1894	2712,3527	969,1145	1560,3132	334,731	530	99	0.99649653344
1895	791,865	0,1	296,580	0,4	120	99	1
1896	339,334	6,4	140,266	1,2	120	99	1
1897	345,348	1,6	168,295	1,6	120	99	1
1898	280,282	4,4	118,220	1,0	120	99	1
1899	346,335	4,4	132,271	1,0	141	99	1
1900	300,293	4,4	120,238	1,0	183	99	1
1901	66,56	0,3	15,51	1,0	120	99	1
1902	20,14	0,3	3,18	1,0	162	99	1
1903	8,10	48,45	1,8	12,34	141	99	1
1904	300,291	1,0	120,237	0,1	162	99	1
1905	555,528	1,0	207,457	0,1	183	99	1
1906	289,270	1,0	94,236	0,0	120	99	1
1907	924,776	0,0	301,561	0,2	162	99	1
1908	0,3	2,6	0,3	0,1	118	99	1
1910	670,633	4,9	293,821	2,3	1628	99	1
1913	0,0	0,1	0,1	0,0	127	99	1
1914	0,0	0,1	0,3	0,0	121	99	1
1915	3,2	385,311	2,1	157,272	177	99	1
1917	43,56	285,307	77,127	169,236	110	99	0.00351852637243
1919	196,163	157,129	53,131	46,108	126	99	1
1920	4,1	13,11	3,2	8,12	261	99	1
1922	1,0	40,38	0,0	21,36	117	99	1
1924	0,0	392,447	1,1	274,458	105	99	1
1925	1,4	156,157	4,9	97,185	101	99	1
1926	262,296	1,0	226,349	0,0	464	99	1
1928	28,50	111,89	17,22	166,271	110	99	0.0339901438633
1929	2,5	15,30	1,8	11,28	103	99	1
1930	67,50	19,17	18,28	10,16	103	99	0.690875760062
1931	42,43	184,105	17,38	64,114	111	99	1
1932	9,8	184,105	4,10	64,114	123	99	1
1933	0,0	33,35	1,0	14,28	111	99	1
1934	33,41	95,98	44,63	67,90	136	99	0.726328412199
1935	209,194	11,5	101,178	13,17	110	99	1
