IncLevel1	IncLevel2	IncLevelDifference
1.0,0.997	0.997,1.0	0.0
1.0,1.0	0.995,1.0	0.002
1.0,0.935	0.946,1.0	-0.005
0.985,1.0	0.981,1.0	0.002
0.964,1.0	0.985,1.0	-0.01
1.0,0.988	1.0,1.0	-0.006
0.996,1.0	0.996,0.992	0.004
0.996,1.0	1.0,1.0	-0.002
0.025,0.0	0.0,0.076	-0.025
1.0,0.999	1.0,1.0	-0.0
0.632,0.609	0.429,0.262	0.275
0.991,1.0	1.0,1.0	-0.004
0.99,1.0	0.978,1.0	0.006
0.333,1.0	0.462,0.1	0.385
1.0,1.0	0.949,1.0	0.026
0.937,1.0	1.0,1.0	-0.031
0.978,0.964	1.0,0.981	-0.019
0.167,0.0	0.0,NA	0.084
0.111,0.0	0.0,NA	0.056
0.896,0.991	1.0,1.0	-0.056
1.0,0.993	0.981,1.0	0.006
1.0,1.0	1.0,0.82	0.09
1.0,1.0	1.0,0.87	0.065
0.811,0.902	1.0,1.0	-0.143
0.711,1.0	1.0,1.0	-0.145
0.143,1.0	NA,0.0	0.572
0.611,1.0	1.0,0.574	0.019
1.0,0.98	1.0,1.0	-0.01
1.0,1.0	1.0,1.0	0.0
1.0,1.0	0.991,1.0	0.004
1.0,1.0	0.994,1.0	0.003
1.0,0.998	1.0,1.0	-0.001
1.0,0.984	0.962,1.0	0.011
0.962,0.991	1.0,1.0	-0.024
0.066,0.052	0.063,0.092	-0.019
0.102,0.097	0.144,0.207	-0.076
1.0,0.985	0.996,0.991	-0.001
1.0,0.969	0.991,0.984	-0.003
0.969,1.0	1.0,1.0	-0.016
1.0,0.996	1.0,1.0	-0.002
1.0,1.0	1.0,0.911	0.044
0.989,1.0	1.0,1.0	-0.006
1.0,1.0	0.998,1.0	0.001
0.995,0.995	0.993,0.994	0.001
0.014,0.016	0.012,0.0	0.009
0.001,0.001	0.001,0.002	-0.001
1.0,0.997	0.994,1.0	0.001
0.99,1.0	1.0,1.0	-0.005
0.48,0.546	0.353,0.541	0.066
0.207,0.208	0.163,0.288	-0.018
0.174,0.208	0.203,0.228	-0.025
1.0,0.998	1.0,1.0	-0.001
1.0,1.0	0.892,1.0	0.054
1.0,0.991	1.0,1.0	-0.004
0.333,0.579	0.6,0.333	-0.011
0.667,0.8	1.0,1.0	-0.266
1.0,1.0	0.938,1.0	0.031
0.909,1.0	0.938,1.0	-0.014
1.0,0.999	1.0,1.0	-0.0
1.0,0.923	1.0,1.0	-0.038
1.0,0.975	1.0,1.0	-0.012
0.937,0.864	0.972,0.92	-0.045
0.792,0.54	0.884,0.745	-0.148
0.522,0.482	0.341,0.345	0.159
0.978,1.0	1.0,1.0	-0.011
0.978,1.0	1.0,1.0	-0.011
0.998,1.0	1.0,1.0	-0.001
0.748,0.737	0.548,0.858	0.039
0.979,0.974	0.978,0.976	-0.001
1.0,0.86	1.0,0.711	0.075
1.0,1.0	0.981,0.963	0.028
0.936,0.98	0.889,0.928	0.049
1.0,0.995	1.0,1.0	-0.002
1.0,1.0	0.985,0.976	0.02
0.67,0.664	0.81,0.482	0.021
0.7,0.604	0.731,0.859	-0.143
0.534,0.321	0.473,0.756	-0.187
0.407,0.346	0.42,0.121	0.106
1.0,0.973	1.0,1.0	-0.014
0.985,1.0	1.0,1.0	-0.008
1.0,0.985	1.0,1.0	-0.008
0.996,1.0	1.0,1.0	-0.002
1.0,0.997	1.0,1.0	-0.002
0.969,0.938	0.935,0.92	0.026
1.0,1.0	1.0,0.714	0.143
0.989,1.0	1.0,1.0	-0.006
1.0,0.993	1.0,1.0	-0.004
0.964,0.944	0.977,0.988	-0.028
1.0,1.0	1.0,0.0	0.5
1.0,1.0	0.979,1.0	0.01
1.0,1.0	0.977,1.0	0.012
1.0,1.0	0.992,1.0	0.004
0.665,0.812	0.9,0.867	-0.145
0.101,0.082	0.101,0.36	-0.139
1.0,1.0	0.956,1.0	0.022
1.0,1.0	0.986,1.0	0.007
0.983,0.994	1.0,1.0	-0.012
1.0,1.0	1.0,0.999	0.0
0.105,0.118	0.13,0.155	-0.031
0.821,0.595	0.819,0.569	0.014
0.984,0.991	0.994,0.986	-0.002
1.0,1.0	0.991,1.0	0.004
0.992,0.988	1.0,0.971	0.004
0.985,1.0	1.0,1.0	-0.008
1.0,1.0	1.0,1.0	0.0
0.289,0.169	0.71,0.71	-0.481
1.0,0.99	1.0,1.0	-0.005
0.984,1.0	1.0,1.0	-0.008
1.0,0.859	1.0,1.0	-0.071
0.887,0.743	1.0,1.0	-0.185
1.0,0.993	1.0,1.0	-0.004
0.876,0.844	0.865,0.822	0.017
1.0,1.0	1.0,0.939	0.03
0.981,0.946	1.0,1.0	-0.036
1.0,0.333	1.0,1.0	-0.334
0.766,0.953	0.827,0.889	0.001
0.996,1.0	1.0,1.0	-0.002
0.986,0.947	0.985,1.0	-0.026
0.925,1.0	1.0,1.0	-0.037
0.988,1.0	1.0,1.0	-0.006
0.982,1.0	1.0,1.0	-0.009
0.0,0.0	0.0,0.0	0.0
0.946,1.0	1.0,1.0	-0.027
0.331,0.381	0.38,0.52	-0.094
0.368,0.357	0.432,0.466	-0.087
0.557,0.553	0.548,0.705	-0.072
0.441,0.454	0.659,0.531	-0.147
1.0,0.981	1.0,1.0	-0.01
1.0,1.0	0.993,1.0	0.004
0.944,0.939	0.865,0.817	0.101
1.0,0.962	0.778,1.0	0.092
1.0,0.875	1.0,1.0	-0.062
1.0,1.0	0.983,1.0	0.008
0.909,0.985	1.0,0.964	-0.035
0.99,0.996	0.991,1.0	-0.003
1.0,1.0	1.0,0.999	0.0
0.986,1.0	1.0,1.0	-0.007
1.0,1.0	0.999,1.0	0.0
0.004,0.007	0.008,0.011	-0.004
1.0,1.0	0.996,1.0	0.002
0.027,0.044	0.03,0.031	0.005
0.971,1.0	0.978,1.0	-0.003
1.0,0.999	1.0,1.0	-0.0
1.0,1.0	0.993,1.0	0.004
0.951,1.0	1.0,1.0	-0.024
0.914,1.0	0.978,1.0	-0.032
0.997,1.0	1.0,1.0	-0.002
0.535,0.538	0.608,0.495	-0.015
0.998,0.999	1.0,1.0	-0.002
1.0,0.975	0.967,1.0	0.004
1.0,1.0	1.0,0.978	0.011
0.881,0.976	0.943,0.906	0.004
0.963,1.0	1.0,1.0	-0.018
1.0,1.0	0.99,1.0	0.005
0.005,0.0	0.003,0.011	-0.004
1.0,1.0	1.0,0.986	0.007
0.182,0.51	0.287,0.201	0.102
1.0,1.0	1.0,0.932	0.034
0.006,0.0	0.0,0.0	0.003
0.93,0.938	0.846,0.894	0.064
0.619,0.683	0.543,0.565	0.097
1.0,0.975	1.0,1.0	-0.012
0.987,0.993	0.991,0.975	0.007
0.996,1.0	1.0,1.0	-0.002
1.0,0.992	1.0,1.0	-0.004
0.092,0.123	0.078,0.059	0.039
0.904,0.818	0.804,0.958	-0.02
0.998,0.995	0.999,0.993	0.0
0.078,0.115	0.217,0.167	-0.096
1.0,1.0	0.991,0.982	0.014
1.0,1.0	1.0,0.994	0.003
0.829,0.857	0.636,1.0	0.025
1.0,1.0	1.0,0.992	0.004
0.75,1.0	1.0,1.0	-0.125
0.991,1.0	1.0,1.0	-0.004
1.0,0.981	1.0,1.0	-0.01
1.0,0.995	1.0,1.0	-0.002
1.0,1.0	0.743,1.0	0.129
0.953,1.0	1.0,1.0	-0.024
0.971,0.982	0.986,1.0	-0.017
0.945,0.968	0.973,1.0	-0.03
0.998,1.0	1.0,1.0	-0.001
0.999,1.0	1.0,1.0	-0.0
1.0,0.993	1.0,1.0	-0.004
0.207,0.241	0.161,0.154	0.066
0.987,1.0	0.967,0.977	0.022
0.992,1.0	0.994,1.0	-0.001
1.0,1.0	1.0,0.786	0.107
1.0,0.995	1.0,1.0	-0.002
0.987,0.983	0.983,0.973	0.007
0.969,0.972	0.942,0.902	0.048
0.986,0.99	0.974,0.951	0.026
1.0,1.0	0.983,1.0	0.008
1.0,1.0	0.993,1.0	0.004
0.986,0.922	0.976,1.0	-0.034
1.0,1.0	0.999,1.0	0.0
1.0,1.0	0.997,1.0	0.002
0.944,0.978	1.0,0.917	0.002
0.483,0.384	NA,1.0	-0.567
1.0,1.0	0.939,1.0	0.03
1.0,1.0	1.0,0.92	0.04
1.0,1.0	1.0,0.896	0.052
0.002,0.008	0.003,0.004	0.002
1.0,1.0	1.0,0.998	0.001
1.0,0.861	1.0,NA	-0.07
1.0,0.988	1.0,1.0	-0.006
1.0,0.956	1.0,1.0	-0.022
1.0,0.996	1.0,1.0	-0.002
1.0,0.985	1.0,0.949	0.018
1.0,0.993	1.0,1.0	-0.004
1.0,1.0	0.996,1.0	0.002
1.0,1.0	0.995,1.0	0.002
1.0,1.0	0.991,1.0	0.004
1.0,1.0	1.0,0.922	0.039
0.965,1.0	1.0,1.0	-0.018
0.996,1.0	1.0,1.0	-0.002
1.0,0.995	1.0,0.984	0.006
0.994,0.99	1.0,1.0	-0.008
0.938,1.0	1.0,1.0	-0.031
0.907,0.901	0.907,0.9	0.001
1.0,1.0	1.0,0.942	0.029
0.99,1.0	1.0,1.0	-0.005
0.088,0.072	0.072,0.081	0.003
0.714,1.0	1.0,0.778	-0.032
1.0,1.0	0.833,1.0	0.084
1.0,0.879	1.0,1.0	-0.06
0.0,0.005	0.0,0.0	0.003
1.0,0.992	1.0,1.0	-0.004
0.951,1.0	1.0,0.883	0.034
1.0,0.894	1.0,1.0	-0.053
0.211,0.32	0.415,0.333	-0.108
1.0,1.0	1.0,0.972	0.014
1.0,1.0	1.0,0.894	0.053
1.0,1.0	0.984,1.0	0.008
1.0,1.0	0.968,1.0	0.016
1.0,1.0	0.999,1.0	0.0
1.0,0.996	1.0,1.0	-0.002
1.0,1.0	0.999,1.0	0.0
1.0,0.993	1.0,1.0	-0.004
1.0,0.99	1.0,1.0	-0.005
0.249,0.147	0.278,0.137	-0.01
1.0,1.0	0.993,1.0	0.004
0.974,0.976	0.994,0.983	-0.013
0.069,0.085	0.0,0.022	0.066
0.069,0.112	0.0,0.022	0.08
1.0,0.997	1.0,1.0	-0.002
1.0,1.0	0.957,0.98	0.032
0.117,0.0	0.0,NA	0.059
1.0,1.0	1.0,0.861	0.07
0.0,0.0	0.001,0.0	-0.001
0.994,0.993	1.0,0.997	-0.005
0.999,1.0	1.0,0.997	0.001
1.0,1.0	0.996,1.0	0.002
0.988,1.0	1.0,1.0	-0.006
0.986,1.0	1.0,1.0	-0.007
1.0,0.999	1.0,1.0	-0.0
1.0,1.0	0.946,1.0	0.027
1.0,0.997	1.0,1.0	-0.002
1.0,0.98	1.0,1.0	-0.01
0.668,0.579	0.728,0.713	-0.097
0.821,0.922	0.816,0.925	0.001
0.978,1.0	1.0,1.0	-0.011
1.0,1.0	0.983,1.0	0.008
1.0,0.996	1.0,1.0	-0.002
0.98,0.99	1.0,1.0	-0.015
1.0,1.0	0.944,1.0	0.028
1.0,1.0	0.981,0.966	0.026
1.0,1.0	0.97,1.0	0.015
1.0,0.999	1.0,1.0	-0.0
1.0,1.0	0.998,1.0	0.001
0.075,0.067	0.0,0.011	0.066
0.067,0.078	0.0,0.011	0.067
1.0,0.996	1.0,1.0	-0.002
0.968,0.978	0.985,1.0	-0.019
0.989,1.0	1.0,1.0	-0.006
1.0,0.983	0.995,0.987	0.001
1.0,0.961	1.0,1.0	-0.02
0.997,1.0	1.0,1.0	-0.002
1.0,1.0	0.821,1.0	0.09
1.0,1.0	1.0,0.993	0.004
NA,0.0	1.0,NA	-1.0
0.998,0.999	1.0,1.0	-0.002
0.018,0.036	0.015,0.003	0.018
1.0,1.0	0.823,1.0	0.089
1.0,0.986	0.989,0.984	0.007
1.0,0.993	1.0,0.967	0.013
0.943,0.968	0.828,0.814	0.135
0.969,1.0	1.0,1.0	-0.016
0.326,0.367	0.242,0.406	0.023
0.628,0.685	0.558,0.677	0.039
0.498,0.454	0.463,0.571	-0.041
1.0,0.998	1.0,1.0	-0.001
1.0,1.0	0.996,1.0	0.002
0.959,1.0	0.945,1.0	0.007
0.959,1.0	0.957,1.0	0.001
0.956,1.0	1.0,1.0	-0.022
1.0,1.0	1.0,1.0	0.0
1.0,1.0	1.0,0.99	0.005
0.954,0.836	0.945,0.923	-0.039
0.873,0.637	0.738,0.715	0.029
1.0,0.809	NA,1.0	-0.095
0.45,0.479	0.484,0.538	-0.046
0.478,0.514	0.558,0.552	-0.059
0.366,0.334	0.38,0.387	-0.034
0.983,0.99	0.995,0.988	-0.005
1.0,0.996	1.0,1.0	-0.002
0.992,1.0	1.0,1.0	-0.004
1.0,1.0	1.0,1.0	0.0
0.572,0.729	0.513,0.445	0.171
0.228,0.245	0.313,0.191	-0.016
0.408,0.408	0.488,0.458	-0.065
0.868,0.85	1.0,0.957	-0.119
0.914,1.0	1.0,1.0	-0.043
0.971,1.0	1.0,1.0	-0.014
1.0,1.0	0.981,1.0	0.01
1.0,1.0	0.994,1.0	0.003
1.0,1.0	0.998,1.0	0.001
1.0,0.993	1.0,1.0	-0.004
0.975,0.983	0.941,1.0	0.009
1.0,0.997	0.997,1.0	0.0
0.396,0.659	0.282,0.282	0.246
0.941,0.92	1.0,1.0	-0.07
0.95,0.956	0.984,1.0	-0.039
1.0,0.972	0.966,0.961	0.022
1.0,0.999	0.999,0.998	0.001
0.168,0.0	0.0,0.101	0.034
1.0,0.961	1.0,1.0	-0.02
1.0,1.0	0.983,1.0	0.008
0.999,1.0	1.0,1.0	-0.0
0.995,1.0	1.0,1.0	-0.002
1.0,1.0	0.984,1.0	0.008
1.0,0.975	1.0,1.0	-0.012
0.021,0.035	0.007,0.007	0.021
0.012,0.015	0.014,0.007	0.003
0.0,0.0	0.015,0.0	-0.007
1.0,1.0	0.992,1.0	0.004
1.0,0.984	0.991,0.985	0.004
1.0,0.822	1.0,1.0	-0.089
0.34,0.0	0.34,0.0	0.0
0.394,0.172	0.4,0.143	0.012
0.996,0.995	1.0,0.993	-0.001
0.996,0.999	1.0,1.0	-0.002
1.0,1.0	1.0,0.99	0.005
0.976,0.985	0.983,0.98	-0.001
0.978,1.0	1.0,1.0	-0.011
1.0,0.986	1.0,0.962	0.012
1.0,0.991	1.0,1.0	-0.004
0.991,1.0	1.0,1.0	-0.004
0.086,0.052	0.024,0.04	0.037
1.0,0.996	0.991,1.0	0.002
1.0,1.0	1.0,0.966	0.017
0.316,0.356	0.41,0.261	0.0
0.155,0.176	0.234,0.149	-0.026
1.0,1.0	0.983,0.98	0.018
0.44,0.51	0.36,0.321	0.134
1.0,0.982	1.0,1.0	-0.009
1.0,0.983	1.0,1.0	-0.008
0.112,0.09	0.305,0.374	-0.239
0.122,0.176	0.74,0.843	-0.642
1.0,0.997	1.0,1.0	-0.002
1.0,0.999	1.0,1.0	-0.0
0.998,0.998	1.0,1.0	-0.002
0.08,0.079	0.064,0.091	0.002
1.0,0.995	1.0,1.0	-0.002
0.993,0.984	1.0,1.0	-0.012
1.0,1.0	1.0,0.951	0.024
0.612,0.303	0.262,0.378	0.138
0.714,0.813	1.0,1.0	-0.237
0.102,0.0	0.381,0.217	-0.248
0.33,0.353	0.153,0.283	0.124
1.0,1.0	1.0,0.999	0.0
0.361,0.236	0.459,0.404	-0.133
1.0,1.0	1.0,0.879	0.06
1.0,0.998	1.0,1.0	-0.001
0.991,1.0	1.0,1.0	-0.004
0.966,1.0	0.95,1.0	0.008
0.6,1.0	0.0,NA	0.8
0.667,NA	0.667,NA	0.0
0.98,0.981	0.988,1.0	-0.014
1.0,1.0	0.99,1.0	0.005
0.077,0.068	0.074,0.1	-0.014
0.164,0.208	0.192,0.264	-0.042
0.297,0.293	0.271,0.432	-0.057
1.0,0.952	1.0,1.0	-0.024
1.0,1.0	0.865,1.0	0.068
1.0,0.995	1.0,1.0	-0.002
0.701,0.695	0.695,0.667	0.017
0.7,0.689	0.594,0.553	0.121
0.993,1.0	1.0,1.0	-0.004
1.0,1.0	1.0,0.986	0.007
1.0,1.0	1.0,0.982	0.009
0.705,0.773	0.766,0.867	-0.078
0.848,0.899	0.866,0.932	-0.026
0.96,1.0	0.959,1.0	0.0
1.0,1.0	0.982,1.0	0.009
0.854,0.858	0.863,0.801	0.024
1.0,1.0	0.99,1.0	0.005
1.0,1.0	0.985,1.0	0.008
1.0,1.0	0.999,1.0	0.0
0.998,0.997	1.0,1.0	-0.002
0.446,0.0	0.446,NA	-0.223
1.0,1.0	0.976,1.0	0.012
0.977,0.967	1.0,1.0	-0.028
0.714,0.767	0.8,0.789	-0.054
0.412,0.231	0.333,0.5	-0.095
0.836,0.861	0.89,0.902	-0.047
0.737,0.778	0.811,0.862	-0.079
0.767,0.762	0.821,0.867	-0.08
1.0,0.143	1.0,0.4	-0.128
0.941,1.0	1.0,1.0	-0.03
0.969,1.0	1.0,1.0	-0.016
1.0,0.982	1.0,1.0	-0.009
0.857,1.0	1.0,1.0	-0.072
1.0,1.0	0.952,1.0	0.024
1.0,1.0	0.286,NA	0.714
0.0,0.002	0.0,0.0	0.001
1.0,0.995	1.0,1.0	-0.002
1.0,0.988	1.0,1.0	-0.006
1.0,0.996	1.0,1.0	-0.002
1.0,0.0	1.0,1.0	-0.5
0.929,1.0	0.968,1.0	-0.019
0.97,0.86	0.823,0.847	0.08
0.999,0.999	1.0,0.998	0.0
1.0,1.0	1.0,0.973	0.014
1.0,1.0	1.0,0.909	0.045
0.02,0.051	0.062,0.13	-0.061
0.998,1.0	1.0,1.0	-0.001
0.218,0.394	0.255,0.625	-0.134
0.976,0.991	1.0,1.0	-0.016
0.999,1.0	0.999,1.0	0.0
0.988,1.0	1.0,1.0	-0.006
1.0,1.0	0.998,1.0	0.001
0.763,1.0	1.0,NA	-0.119
0.909,1.0	1.0,0.9	0.005
0.845,0.839	0.578,0.215	0.446
0.873,0.817	0.441,0.208	0.52
0.987,1.0	1.0,0.966	0.011
0.992,1.0	1.0,1.0	-0.004
1.0,0.994	1.0,1.0	-0.003
1.0,0.988	1.0,1.0	-0.006
1.0,1.0	0.999,1.0	0.0
0.037,0.039	0.031,0.046	-0.001
1.0,0.999	0.999,1.0	0.0
1.0,0.999	0.999,1.0	0.0
0.993,1.0	1.0,1.0	-0.004
0.99,0.989	1.0,1.0	-0.01
1.0,0.987	1.0,1.0	-0.006
1.0,0.987	1.0,1.0	-0.006
1.0,0.969	1.0,0.957	0.006
1.0,1.0	1.0,0.959	0.02
0.233,0.171	0.179,0.154	0.036
0.271,0.242	0.211,0.137	0.083
0.827,0.967	0.974,0.958	-0.069
1.0,1.0	0.903,1.0	0.048
1.0,0.996	1.0,1.0	-0.002
0.985,1.0	1.0,1.0	-0.008
1.0,0.995	1.0,1.0	-0.002
0.0,0.055	0.06,0.017	-0.011
1.0,0.99	1.0,1.0	-0.005
1.0,0.998	0.999,1.0	-0.001
1.0,0.997	0.999,1.0	-0.001
1.0,0.936	1.0,1.0	-0.032
0.385,0.306	0.422,0.222	0.024
0.087,0.089	0.161,0.088	-0.037
0.072,0.138	0.137,0.088	-0.007
0.146,0.24	0.159,0.197	0.015
0.639,0.706	0.377,0.485	0.241
0.987,0.956	0.977,1.0	-0.017
1.0,1.0	0.994,1.0	0.003
0.969,0.994	0.979,1.0	-0.008
1.0,1.0	0.985,1.0	0.008
1.0,0.996	1.0,1.0	-0.002
0.5,0.882	0.84,1.0	-0.229
0.989,1.0	0.997,1.0	-0.004
0.893,0.954	0.952,1.0	-0.052
0.993,0.994	1.0,1.0	-0.006
1.0,0.993	1.0,1.0	-0.004
0.593,0.69	0.681,0.744	-0.071
0.092,0.072	0.149,0.18	-0.082
0.904,0.926	0.945,0.968	-0.041
0.712,0.747	0.688,0.704	0.034
0.529,0.852	0.8,1.0	-0.21
0.579,0.882	0.837,1.0	-0.188
0.828,1.0	1.0,1.0	-0.086
0.996,1.0	1.0,1.0	-0.002
1.0,1.0	0.997,1.0	0.002
1.0,1.0	0.986,0.992	0.011
0.918,1.0	1.0,1.0	-0.041
0.984,0.993	1.0,1.0	-0.012
0.972,0.973	0.93,1.0	0.007
1.0,0.957	0.935,1.0	0.011
1.0,1.0	0.714,1.0	0.143
0.0,1.0	0.427,NA	0.073
1.0,0.957	1.0,1.0	-0.022
0.572,0.527	0.701,0.401	-0.001
0.989,0.968	0.983,0.878	0.048
1.0,1.0	1.0,1.0	0.0
0.0,0.0	0.0,0.0	0.0
1.0,0.991	1.0,1.0	-0.004
1.0,1.0	0.989,1.0	0.006
1.0,1.0	1.0,0.977	0.012
0.995,1.0	1.0,1.0	-0.002
1.0,0.991	0.997,0.993	0.001
1.0,1.0	0.984,1.0	0.008
0.266,0.213	0.229,0.304	-0.027
1.0,0.991	1.0,1.0	-0.004
0.06,0.08	0.062,0.12	-0.021
0.568,0.619	0.492,0.483	0.106
0.433,0.423	0.564,0.523	-0.115
0.401,0.387	0.542,0.515	-0.134
1.0,0.98	1.0,1.0	-0.01
1.0,0.996	1.0,1.0	-0.002
0.996,0.986	1.0,1.0	-0.009
0.037,0.0	0.25,0.143	-0.178
0.083,0.0	0.0,0.062	0.011
0.192,0.207	0.249,0.1	0.025
1.0,1.0	1.0,0.948	0.026
0.973,0.995	1.0,1.0	-0.016
0.977,0.984	0.992,0.978	-0.005
0.991,0.983	0.992,0.991	-0.005
0.997,1.0	1.0,1.0	-0.002
1.0,1.0	0.993,1.0	0.004
0.714,0.744	0.5,0.579	0.19
1.0,1.0	0.986,0.991	0.012
1.0,1.0	0.979,0.988	0.016
1.0,0.996	1.0,1.0	-0.002
0.739,1.0	0.933,1.0	-0.097
1.0,0.998	1.0,1.0	-0.001
0.939,1.0	1.0,1.0	-0.03
1.0,0.986	1.0,1.0	-0.007
0.998,0.999	0.998,1.0	-0.001
1.0,1.0	0.984,1.0	0.008
1.0,1.0	0.955,1.0	0.022
1.0,1.0	0.954,0.98	0.033
1.0,1.0	0.994,1.0	0.003
1.0,0.962	1.0,1.0	-0.019
0.176,0.356	0.2,0.125	0.104
1.0,1.0	NA,0.391	0.609
1.0,1.0	0.979,1.0	0.01
1.0,1.0	0.997,1.0	0.002
1.0,0.975	1.0,1.0	-0.012
1.0,0.962	1.0,1.0	-0.019
0.103,0.177	0.1,0.067	0.056
1.0,0.999	1.0,1.0	-0.0
0.981,1.0	1.0,1.0	-0.01
0.983,1.0	1.0,1.0	-0.008
1.0,0.999	0.999,0.998	0.001
0.982,1.0	1.0,1.0	-0.009
0.963,1.0	1.0,1.0	-0.018
0.981,0.923	1.0,1.0	-0.048
1.0,0.998	1.0,1.0	-0.001
0.921,1.0	1.0,1.0	-0.039
0.931,1.0	1.0,0.917	0.007
0.977,1.0	1.0,0.97	0.003
0.006,0.002	0.006,0.004	-0.001
0.999,1.0	1.0,1.0	-0.0
1.0,1.0	0.5,NA	0.5
1.0,0.999	1.0,1.0	-0.0
1.0,1.0	0.993,1.0	0.004
1.0,0.992	1.0,1.0	-0.004
0.824,0.829	0.849,0.818	-0.007
1.0,1.0	0.985,1.0	0.008
0.956,0.98	0.976,0.888	0.036
1.0,0.962	1.0,1.0	-0.019
1.0,0.963	1.0,1.0	-0.018
1.0,1.0	1.0,0.981	0.01
0.988,0.981	1.0,1.0	-0.016
0.996,1.0	1.0,1.0	-0.002
0.987,1.0	0.971,1.0	0.008
0.036,0.022	0.018,0.013	0.013
0.996,0.995	0.988,1.0	0.002
0.862,1.0	1.0,1.0	-0.069
1.0,0.984	0.951,0.958	0.038
1.0,0.972	1.0,0.972	0.0
1.0,1.0	0.979,1.0	0.01
0.994,1.0	1.0,1.0	-0.003
0.964,1.0	1.0,1.0	-0.018
0.929,1.0	1.0,1.0	-0.035
1.0,1.0	0.954,1.0	0.023
0.847,0.725	0.9,1.0	-0.164
0.922,1.0	1.0,1.0	-0.039
1.0,0.995	1.0,1.0	-0.002
1.0,0.972	1.0,0.98	-0.004
1.0,0.941	1.0,0.952	-0.006
1.0,0.986	0.964,0.967	0.027
0.996,0.995	0.996,0.993	0.001
1.0,1.0	1.0,1.0	0.0
0.994,0.994	0.987,0.995	0.003
0.961,1.0	1.0,0.985	-0.012
0.033,0.01	0.064,0.02	-0.021
1.0,0.987	1.0,1.0	-0.006
0.334,0.287	0.715,1.0	-0.547
0.99,0.972	0.979,0.988	-0.003
1.0,0.897	0.921,0.526	0.225
1.0,0.949	0.984,0.916	0.024
0.938,0.946	0.976,1.0	-0.046
0.976,1.0	1.0,1.0	-0.012
1.0,1.0	1.0,0.85	0.075
0.931,0.922	1.0,1.0	-0.073
1.0,0.739	0.862,1.0	-0.062
1.0,1.0	0.993,1.0	0.004
1.0,1.0	0.988,1.0	0.006
1.0,1.0	0.993,1.0	0.004
0.993,1.0	1.0,1.0	-0.004
1.0,0.996	0.986,0.986	0.012
0.976,1.0	0.986,1.0	-0.005
1.0,0.999	1.0,1.0	-0.0
1.0,0.984	1.0,1.0	-0.008
0.986,0.984	0.985,1.0	-0.007
0.0,0.0	0.413,NA	-0.413
0.9,1.0	1.0,0.961	-0.03
1.0,1.0	0.969,1.0	0.016
1.0,1.0	0.945,1.0	0.028
1.0,0.96	0.926,1.0	0.017
1.0,0.993	0.993,1.0	0.0
0.99,0.993	1.0,0.985	-0.001
1.0,0.813	1.0,1.0	-0.094
0.8,1.0	1.0,1.0	-0.1
0.988,1.0	1.0,1.0	-0.006
0.993,1.0	1.0,1.0	-0.004
0.731,0.747	0.61,0.839	0.015
0.5,0.532	0.418,0.609	0.003
0.995,0.999	1.0,1.0	-0.003
0.891,0.962	0.906,0.948	-0.001
1.0,0.997	1.0,1.0	-0.002
0.957,0.971	1.0,1.0	-0.036
0.997,0.998	1.0,1.0	-0.002
1.0,0.993	1.0,1.0	-0.004
1.0,0.887	1.0,1.0	-0.056
0.505,0.347	0.327,0.26	0.133
1.0,1.0	0.986,1.0	0.007
0.786,0.851	1.0,1.0	-0.181
0.5,0.818	1.0,1.0	-0.341
0.962,0.973	0.948,1.0	-0.006
0.944,0.951	0.924,1.0	-0.014
0.996,1.0	1.0,1.0	-0.002
0.998,1.0	1.0,1.0	-0.001
1.0,0.995	1.0,1.0	-0.002
1.0,0.981	1.0,1.0	-0.01
1.0,1.0	0.985,1.0	0.008
1.0,0.988	1.0,1.0	-0.006
0.74,0.706	0.624,0.736	0.043
1.0,1.0	1.0,1.0	0.0
0.986,0.966	0.97,0.981	0.0
1.0,1.0	0.991,1.0	0.004
0.994,1.0	0.995,1.0	-0.001
1.0,0.995	1.0,1.0	-0.002
1.0,0.986	1.0,1.0	-0.007
1.0,0.994	1.0,1.0	-0.003
0.875,0.948	0.938,0.917	-0.016
1.0,0.986	1.0,1.0	-0.007
1.0,1.0	0.993,1.0	0.004
1.0,1.0	0.986,1.0	0.007
0.058,0.023	0.023,0.0	0.029
1.0,1.0	1.0,0.994	0.003
0.946,1.0	1.0,1.0	-0.027
1.0,0.899	1.0,0.958	-0.029
1.0,0.872	1.0,0.923	-0.026
1.0,1.0	0.986,1.0	0.007
0.051,0.084	0.049,0.031	0.028
0.964,0.95	0.981,1.0	-0.033
0.028,0.036	0.03,0.056	-0.011
0.961,1.0	1.0,1.0	-0.02
1.0,0.978	1.0,1.0	-0.011
0.047,0.048	0.029,0.034	0.016
1.0,0.737	0.928,0.91	-0.05
0.095,0.149	0.239,0.215	-0.105
0.0,0.034	0.041,0.045	-0.026
0.185,0.215	0.176,0.369	-0.072
0.219,0.268	0.201,0.299	-0.007
1.0,1.0	1.0,0.995	0.002
0.772,0.889	0.821,0.963	-0.061
0.397,0.482	0.394,0.809	-0.162
1.0,0.96	1.0,1.0	-0.02
1.0,0.961	1.0,1.0	-0.02
1.0,0.981	1.0,0.985	-0.002
1.0,1.0	1.0,1.0	0.0
1.0,1.0	0.993,1.0	0.004
1.0,0.998	1.0,1.0	-0.001
0.248,0.623	0.752,0.712	-0.296
0.005,0.003	0.019,0.047	-0.029
0.996,1.0	1.0,1.0	-0.002
1.0,0.985	1.0,1.0	-0.008
1.0,1.0	0.979,1.0	0.01
0.745,0.866	0.804,1.0	-0.097
0.867,1.0	0.765,1.0	0.051
1.0,0.996	1.0,1.0	-0.002
0.929,0.9	0.887,1.0	-0.029
1.0,0.947	1.0,1.0	-0.026
1.0,0.939	1.0,1.0	-0.03
1.0,0.978	1.0,1.0	-0.011
1.0,0.917	1.0,1.0	-0.041
1.0,1.0	1.0,1.0	0.0
1.0,0.998	1.0,1.0	-0.001
1.0,1.0	1.0,0.999	0.0
1.0,0.972	1.0,1.0	-0.014
1.0,0.863	1.0,1.0	-0.069
1.0,0.978	1.0,1.0	-0.011
0.945,1.0	0.962,1.0	-0.009
1.0,0.937	0.948,0.945	0.022
0.421,1.0	NA,1.0	-0.289
0.968,0.995	1.0,1.0	-0.018
0.981,0.997	1.0,1.0	-0.011
0.955,1.0	0.932,0.818	0.103
1.0,1.0	0.999,1.0	0.0
0.888,0.951	1.0,1.0	-0.081
0.0,0.0	0.05,0.0	-0.025
1.0,1.0	0.984,1.0	0.008
1.0,1.0	0.988,1.0	0.006
0.834,0.782	0.212,1.0	0.202
0.083,0.099	0.084,0.111	-0.007
0.993,0.978	1.0,0.987	-0.008
0.914,1.0	1.0,1.0	-0.043
1.0,0.886	1.0,1.0	-0.057
1.0,1.0	1.0,0.939	0.03
1.0,1.0	1.0,0.944	0.028
1.0,NA	0.645,1.0	0.177
0.998,1.0	1.0,1.0	-0.001
0.995,1.0	1.0,1.0	-0.002
0.997,0.998	0.998,1.0	-0.001
0.911,0.797	0.935,0.879	-0.053
1.0,1.0	0.981,1.0	0.01
1.0,1.0	0.962,1.0	0.019
1.0,0.989	0.998,1.0	-0.005
0.032,0.036	0.06,0.064	-0.028
0.998,0.993	1.0,0.997	-0.003
0.176,0.194	0.216,0.176	-0.011
0.103,0.089	0.471,0.384	-0.332
0.966,1.0	1.0,1.0	-0.017
1.0,0.909	1.0,1.0	-0.045
0.233,0.245	0.099,0.165	0.107
0.996,1.0	1.0,1.0	-0.002
1.0,0.991	1.0,1.0	-0.004
1.0,0.969	0.946,1.0	0.011
1.0,0.995	1.0,1.0	-0.002
1.0,1.0	0.985,1.0	0.008
1.0,1.0	0.974,0.98	0.023
0.959,1.0	1.0,1.0	-0.02
1.0,1.0	1.0,0.98	0.01
1.0,0.984	0.995,1.0	-0.006
1.0,1.0	1.0,0.991	0.004
0.995,0.996	1.0,1.0	-0.004
0.996,0.998	1.0,1.0	-0.003
0.998,0.999	0.999,1.0	-0.001
1.0,0.374	1.0,1.0	-0.313
1.0,0.979	1.0,1.0	-0.01
1.0,0.997	1.0,1.0	-0.002
1.0,0.991	1.0,1.0	-0.004
1.0,1.0	0.982,0.962	0.028
0.923,0.872	0.778,1.0	0.008
0.952,0.872	0.837,1.0	-0.007
1.0,0.972	1.0,1.0	-0.014
1.0,0.998	0.998,1.0	0.0
1.0,0.991	1.0,1.0	-0.004
1.0,1.0	0.874,1.0	0.063
0.029,0.0	0.019,0.0	0.005
0.0,0.0	0.195,0.421	-0.308
1.0,1.0	1.0,1.0	0.0
0.986,1.0	1.0,1.0	-0.007
0.989,1.0	1.0,1.0	-0.006
0.826,1.0	1.0,1.0	-0.087
0.987,0.985	0.982,0.986	0.002
1.0,0.987	1.0,1.0	-0.006
0.986,0.988	0.983,0.995	-0.002
0.93,0.84	1.0,1.0	-0.115
0.884,0.689	1.0,1.0	-0.214
0.984,0.972	0.987,0.881	0.044
0.974,0.954	0.978,0.844	0.053
1.0,1.0	0.982,1.0	0.009
1.0,1.0	1.0,0.846	0.077
1.0,1.0	0.991,1.0	0.004
1.0,0.994	1.0,1.0	-0.003
0.922,0.971	0.949,0.882	0.031
0.941,0.975	0.951,0.889	0.038
0.905,0.966	0.955,0.889	0.014
1.0,0.867	1.0,0.75	0.058
1.0,0.739	1.0,1.0	-0.131
0.099,0.156	0.246,0.0	0.005
1.0,0.993	1.0,1.0	-0.004
0.971,0.937	0.977,0.964	-0.016
0.152,0.197	0.073,0.195	0.04
1.0,1.0	0.813,1.0	0.094
0.085,0.229	0.154,0.217	-0.028
1.0,1.0	1.0,1.0	0.0
0.982,0.985	0.986,0.983	-0.001
0.994,0.995	0.996,0.998	-0.003
0.991,1.0	1.0,1.0	-0.004
0.923,1.0	1.0,1.0	-0.038
0.996,1.0	1.0,1.0	-0.002
0.933,0.969	0.977,0.905	0.01
0.84,0.882	0.948,1.0	-0.113
1.0,1.0	0.999,1.0	0.0
1.0,1.0	0.968,1.0	0.016
1.0,0.982	1.0,1.0	-0.009
0.994,0.991	0.994,1.0	-0.005
0.001,0.0	0.0,0.0	0.001
0.997,0.999	0.999,0.999	-0.001
0.015,0.019	0.019,0.016	-0.001
0.991,1.0	1.0,1.0	-0.004
0.989,1.0	1.0,1.0	-0.006
1.0,0.99	1.0,1.0	-0.005
0.993,1.0	1.0,1.0	-0.004
1.0,0.996	1.0,1.0	-0.002
0.8,0.6	1.0,1.0	-0.3
0.782,0.511	1.0,1.0	-0.353
1.0,1.0	0.813,1.0	0.094
0.951,1.0	1.0,0.772	0.09
0.952,1.0	1.0,1.0	-0.024
1.0,1.0	0.999,1.0	0.0
1.0,0.964	0.937,1.0	0.013
0.753,0.75	0.712,0.624	0.084
0.839,0.798	0.841,0.655	0.071
1.0,0.982	0.951,0.957	0.037
0.99,1.0	1.0,1.0	-0.005
0.965,0.984	1.0,1.0	-0.026
0.837,1.0	1.0,1.0	-0.082
1.0,0.968	0.941,1.0	0.014
1.0,1.0	0.978,1.0	0.011
0.997,1.0	1.0,1.0	-0.002
1.0,0.997	1.0,1.0	-0.002
1.0,1.0	0.531,0.826	0.322
0.949,0.989	0.982,0.958	-0.001
1.0,1.0	0.996,1.0	0.002
1.0,1.0	0.998,1.0	0.001
0.154,0.204	0.151,0.131	0.038
1.0,1.0	0.992,1.0	0.004
1.0,0.866	0.905,1.0	-0.019
1.0,0.958	0.959,1.0	-0.001
0.989,1.0	1.0,1.0	-0.006
1.0,1.0	1.0,0.997	0.002
1.0,0.984	1.0,1.0	-0.008
0.009,0.007	0.004,0.004	0.004
1.0,0.75	1.0,1.0	-0.125
1.0,1.0	0.952,1.0	0.024
1.0,1.0	0.998,1.0	0.001
1.0,0.997	0.988,1.0	0.004
1.0,0.976	1.0,1.0	-0.012
0.012,0.126	0.064,0.1	-0.013
1.0,0.993	1.0,1.0	-0.004
1.0,1.0	0.997,1.0	0.002
0.961,1.0	0.979,1.0	-0.009
1.0,1.0	0.983,0.972	0.022
0.073,0.08	0.069,0.076	0.004
0.977,1.0	1.0,1.0	-0.012
0.981,0.982	0.994,0.977	-0.004
0.35,0.344	0.184,0.143	0.183
1.0,0.997	0.994,0.992	0.005
1.0,0.929	1.0,1.0	-0.035
1.0,1.0	0.986,1.0	0.007
0.228,0.188	0.439,0.488	-0.256
0.345,0.342	0.176,0.273	0.119
0.933,1.0	1.0,1.0	-0.033
0.985,0.986	0.982,0.984	0.003
0.992,0.993	0.991,0.992	0.001
1.0,0.997	0.994,1.0	0.001
0.732,0.743	0.749,0.678	0.024
1.0,1.0	1.0,0.993	0.004
1.0,0.959	1.0,1.0	-0.02
0.997,1.0	0.992,1.0	0.002
1.0,1.0	0.977,1.0	0.012
1.0,1.0	0.986,1.0	0.007
0.5,0.176	0.0,1.0	-0.162
1.0,1.0	1.0,1.0	0.0
0.0,0.001	0.0,0.0	0.001
0.953,1.0	1.0,1.0	-0.024
1.0,1.0	0.992,1.0	0.004
0.987,0.991	0.97,1.0	0.004
1.0,1.0	0.999,1.0	0.0
1.0,0.992	1.0,1.0	-0.004
0.996,0.997	1.0,1.0	-0.004
0.981,1.0	1.0,1.0	-0.01
0.994,0.995	1.0,1.0	-0.006
0.945,0.964	0.985,0.984	-0.03
1.0,0.991	1.0,1.0	-0.004
0.926,0.915	0.983,0.966	-0.054
1.0,0.897	1.0,0.9	-0.001
0.66,0.621	0.636,0.836	-0.095
1.0,1.0	1.0,0.867	0.067
1.0,1.0	0.983,1.0	0.008
0.986,0.99	0.983,0.966	0.014
0.92,0.953	0.985,1.0	-0.056
0.994,1.0	1.0,0.98	0.007
0.207,0.335	0.711,0.743	-0.456
0.118,0.139	0.174,0.233	-0.075
0.698,0.394	0.451,0.743	-0.051
1.0,1.0	1.0,1.0	0.0
0.985,0.997	0.984,1.0	-0.001
0.996,1.0	0.997,0.992	0.004
1.0,0.979	1.0,1.0	-0.01
0.998,1.0	1.0,0.997	0.001
1.0,1.0	1.0,0.995	0.002
0.152,0.101	0.119,0.189	-0.027
0.211,0.164	0.101,0.182	0.046
0.053,0.1	0.013,0.05	0.045
0.051,0.084	0.029,0.048	0.029
1.0,1.0	0.399,1.0	0.3
0.137,0.061	0.068,0.158	-0.014
1.0,0.986	1.0,1.0	-0.007
1.0,1.0	0.981,1.0	0.01
1.0,0.997	0.996,1.0	0.0
0.934,0.984	0.976,0.957	-0.007
1.0,0.333	0.778,0.714	-0.08
1.0,1.0	0.966,1.0	0.017
0.958,0.989	1.0,0.921	0.013
1.0,0.986	1.0,1.0	-0.007
1.0,0.993	1.0,1.0	-0.004
1.0,1.0	0.998,1.0	0.001
1.0,1.0	0.989,1.0	0.006
0.0,0.02	0.115,0.052	-0.074
0.0,0.0	0.161,0.051	-0.106
0.168,0.211	0.275,0.215	-0.055
0.52,0.468	0.48,0.473	0.018
0.941,0.973	0.943,0.946	0.013
0.96,0.983	0.958,0.959	0.013
0.933,0.971	0.95,0.953	0.0
1.0,1.0	0.97,0.962	0.034
0.992,0.99	1.0,1.0	-0.009
0.956,1.0	1.0,1.0	-0.022
1.0,0.972	1.0,1.0	-0.014
0.706,0.896	0.871,0.49	0.12
0.925,1.0	1.0,1.0	-0.037
1.0,0.984	1.0,1.0	-0.008
1.0,1.0	1.0,0.57	0.215
1.0,0.999	1.0,1.0	-0.0
0.011,0.015	0.006,0.011	0.004
0.991,0.987	1.0,1.0	-0.011
0.294,0.311	0.311,0.429	-0.068
0.998,1.0	1.0,1.0	-0.001
0.993,1.0	1.0,1.0	-0.004
1.0,1.0	0.992,1.0	0.004
1.0,0.981	1.0,1.0	-0.01
0.867,1.0	1.0,1.0	-0.067
0.924,1.0	1.0,1.0	-0.038
1.0,1.0	0.981,0.99	0.014
1.0,1.0	0.998,1.0	0.001
1.0,0.991	1.0,1.0	-0.004
0.979,1.0	1.0,1.0	-0.01
0.997,1.0	1.0,1.0	-0.002
0.995,1.0	1.0,1.0	-0.002
0.001,0.001	0.0,0.0	0.001
1.0,1.0	0.97,1.0	0.015
0.961,1.0	0.98,0.982	-0.001
0.986,1.0	1.0,1.0	-0.007
0.981,0.969	1.0,1.0	-0.025
0.927,0.957	1.0,1.0	-0.058
1.0,0.986	1.0,1.0	-0.007
1.0,0.99	1.0,1.0	-0.005
0.999,1.0	1.0,1.0	-0.0
0.998,1.0	0.998,1.0	0.0
0.969,1.0	1.0,1.0	-0.016
0.97,1.0	1.0,1.0	-0.015
1.0,0.995	0.996,0.986	0.007
0.239,0.181	0.246,0.293	-0.059
0.647,0.625	0.364,1.0	-0.046
0.557,0.604	0.316,1.0	-0.078
1.0,1.0	0.598,1.0	0.201
1.0,0.994	1.0,1.0	-0.003
1.0,0.949	1.0,1.0	-0.026
0.083,0.061	0.058,0.023	0.032
0.985,0.989	0.969,0.983	0.011
1.0,0.999	1.0,1.0	-0.0
1.0,0.997	1.0,1.0	-0.002
NA,1.0	1.0,0.5	0.25
0.926,0.976	0.935,0.867	0.05
0.517,0.349	0.187,0.682	-0.002
0.47,0.242	0.071,0.516	0.062
1.0,0.724	0.724,1.0	0.0
0.797,1.0	1.0,1.0	-0.101
0.997,1.0	1.0,1.0	-0.002
0.036,0.0	0.037,0.084	-0.042
0.966,0.982	0.992,1.0	-0.022
0.956,0.901	0.965,0.933	-0.021
0.974,1.0	1.0,1.0	-0.013
0.968,0.951	0.792,1.0	0.064
0.951,0.943	0.859,1.0	0.017
0.873,0.849	0.779,0.753	0.095
0.977,0.963	0.961,1.0	-0.01
0.333,0.667	0.778,1.0	-0.389
0.871,0.96	0.975,1.0	-0.072
1.0,0.98	1.0,1.0	-0.01
1.0,0.989	1.0,0.984	0.002
1.0,0.857	1.0,0.778	0.039
0.071,0.087	0.127,0.121	-0.045
0.99,1.0	0.99,1.0	0.0
0.985,1.0	1.0,1.0	-0.008
0.983,0.985	0.981,1.0	-0.006
1.0,1.0	0.711,1.0	0.145
1.0,1.0	0.979,1.0	0.01
0.976,1.0	1.0,1.0	-0.012
0.979,0.902	0.894,0.962	0.013
0.022,0.026	0.021,0.069	-0.021
1.0,0.952	1.0,0.846	0.053
0.973,0.983	0.996,0.991	-0.016
1.0,0.993	1.0,1.0	-0.004
0.998,1.0	1.0,1.0	-0.001
0.9,0.961	0.947,0.737	0.089
0.185,0.1	0.153,0.209	-0.038
0.999,1.0	0.998,0.998	0.002
0.083,0.119	0.0,0.0	0.101
1.0,1.0	1.0,1.0	0.0
0.994,1.0	1.0,0.985	0.005
1.0,0.969	1.0,1.0	-0.016
1.0,0.974	1.0,1.0	-0.013
1.0,0.96	1.0,1.0	-0.02
0.76,0.861	0.863,0.72	0.019
1.0,1.0	0.969,1.0	0.016
0.989,1.0	1.0,1.0	-0.006
0.0,0.006	0.02,0.0	-0.007
1.0,1.0	0.992,1.0	0.004
1.0,0.951	1.0,1.0	-0.024
0.984,0.984	0.991,0.992	-0.008
1.0,1.0	0.993,1.0	0.004
1.0,0.936	0.976,0.647	0.156
0.975,0.978	1.0,1.0	-0.024
0.508,1.0	1.0,0.65	-0.071
0.966,0.897	0.878,1.0	-0.008
1.0,0.994	0.994,1.0	0.0
0.0,0.228	0.0,NA	0.114
0.571,0.587	0.788,0.788	-0.209
0.966,1.0	1.0,1.0	-0.017
0.652,0.442	0.675,0.771	-0.176
0.952,0.917	1.0,1.0	-0.066
0.918,0.87	1.0,1.0	-0.106
1.0,1.0	0.982,0.981	0.018
0.134,0.211	0.196,0.14	0.004
0.325,0.1	0.085,0.188	0.076
1.0,0.564	1.0,0.0	0.282
1.0,1.0	1.0,0.0	0.5
0.647,0.209	0.297,0.733	-0.087
0.828,0.632	0.706,1.0	-0.123
0.515,0.533	0.733,0.385	-0.035
0.273,0.229	0.255,0.289	-0.021
0.429,0.632	0.789,0.2	0.036
0.213,0.282	0.286,0.238	-0.015
0.524,0.913	0.533,1.0	-0.048
0.183,0.126	0.161,0.112	0.018
0.485,0.825	0.435,1.0	-0.062
0.9,1.0	1.0,1.0	-0.05
1.0,1.0	1.0,0.98	0.01
1.0,0.999	1.0,1.0	-0.0
0.997,1.0	1.0,1.0	-0.002
0.107,0.135	0.115,0.151	-0.012
1.0,0.997	1.0,1.0	-0.002
1.0,0.997	1.0,1.0	-0.002
0.954,0.963	0.948,0.939	0.015
0.993,1.0	1.0,1.0	-0.004
1.0,1.0	0.909,1.0	0.045
1.0,1.0	0.915,1.0	0.042
1.0,1.0	1.0,0.982	0.009
0.905,0.795	0.912,0.837	-0.024
0.959,1.0	1.0,1.0	-0.02
1.0,1.0	1.0,0.944	0.028
1.0,1.0	0.896,1.0	0.052
1.0,1.0	0.78,1.0	0.11
0.983,0.99	0.974,1.0	-0.001
0.99,1.0	1.0,1.0	-0.005
NA,1.0	0.0,NA	1.0
0.0,0.0	0.001,0.0	-0.001
1.0,1.0	0.998,1.0	0.001
1.0,0.943	1.0,1.0	-0.028
1.0,1.0	0.984,1.0	0.008
1.0,0.976	1.0,1.0	-0.012
1.0,0.975	1.0,1.0	-0.012
0.993,1.0	1.0,1.0	-0.004
0.045,0.04	0.076,0.0	0.004
0.991,1.0	1.0,1.0	-0.004
1.0,1.0	0.997,1.0	0.002
0.988,1.0	1.0,1.0	-0.006
1.0,0.996	0.982,0.989	0.012
1.0,1.0	1.0,0.942	0.029
1.0,1.0	1.0,0.986	0.007
1.0,1.0	0.998,1.0	0.001
0.93,0.928	0.901,0.91	0.024
1.0,0.929	1.0,1.0	-0.035
1.0,0.99	1.0,1.0	-0.005
1.0,0.784	0.964,1.0	-0.09
1.0,0.754	0.951,1.0	-0.099
1.0,0.765	0.951,1.0	-0.093
0.5,0.387	0.104,0.575	0.104
0.494,0.659	0.424,0.725	0.002
1.0,1.0	0.999,1.0	0.0
1.0,0.989	0.985,0.959	0.022
1.0,1.0	0.981,1.0	0.01
1.0,1.0	1.0,0.994	0.003
0.935,1.0	1.0,1.0	-0.032
0.002,0.007	0.005,0.0	0.002
0.964,0.95	1.0,1.0	-0.043
0.957,0.928	1.0,1.0	-0.057
1.0,0.995	1.0,1.0	-0.002
1.0,0.98	1.0,0.935	0.022
0.995,1.0	1.0,1.0	-0.002
0.992,1.0	1.0,1.0	-0.004
0.995,1.0	1.0,1.0	-0.002
1.0,1.0	1.0,0.974	0.013
1.0,0.995	1.0,1.0	-0.002
1.0,1.0	0.766,0.868	0.183
1.0,1.0	0.987,1.0	0.006
0.077,0.075	0.094,0.051	0.004
1.0,1.0	1.0,0.815	0.093
0.923,0.778	0.867,1.0	-0.083
0.938,0.951	0.875,1.0	0.007
0.993,0.999	0.996,0.995	0.0
1.0,1.0	1.0,0.913	0.043
1.0,1.0	1.0,1.0	0.0
1.0,0.963	1.0,1.0	-0.018
0.986,1.0	0.992,0.966	0.014
0.991,1.0	1.0,1.0	-0.004
0.935,0.804	1.0,1.0	-0.13
0.96,1.0	0.97,1.0	-0.005
1.0,1.0	1.0,0.957	0.022
0.936,0.875	0.941,0.873	-0.002
1.0,1.0	0.999,1.0	0.0
0.998,1.0	1.0,1.0	-0.001
1.0,1.0	0.998,0.994	0.004
1.0,0.988	1.0,1.0	-0.006
1.0,0.951	1.0,1.0	-0.024
0.969,1.0	1.0,1.0	-0.016
1.0,1.0	1.0,0.987	0.006
1.0,0.948	0.953,1.0	-0.002
0.598,0.442	0.552,0.741	-0.127
0.995,1.0	1.0,0.99	0.003
0.146,0.094	0.112,0.132	-0.002
0.408,0.462	0.325,0.474	0.036
1.0,0.976	1.0,0.953	0.012
1.0,1.0	1.0,0.961	0.02
0.998,0.998	0.999,1.0	-0.002
0.947,0.964	1.0,1.0	-0.044
1.0,1.0	1.0,0.964	0.018
0.878,0.699	1.0,0.915	-0.169
0.959,1.0	1.0,1.0	-0.02
1.0,0.993	0.971,1.0	0.011
0.202,0.243	0.167,0.0	0.139
0.0,0.0	0.0,0.014	-0.007
0.983,0.986	1.0,1.0	-0.016
1.0,0.996	0.994,1.0	0.001
1.0,1.0	0.993,1.0	0.004
0.036,0.118	0.073,0.062	0.009
0.053,0.222	0.136,0.167	-0.014
1.0,0.963	0.952,1.0	0.006
0.161,0.223	0.297,0.324	-0.118
0.0,0.0	0.132,0.251	-0.192
1.0,0.998	1.0,1.0	-0.001
1.0,1.0	0.979,1.0	0.01
0.0,0.0	0.001,0.0	-0.001
0.333,0.517	0.2,0.2	0.225
0.333,0.517	0.2,0.2	0.225
0.333,0.533	0.2,0.2	0.233
1.0,0.979	1.0,1.0	-0.01
0.0,0.052	0.0,0.0	0.026
0.0,0.0	1.0,0.0	-0.5
1.0,0.998	1.0,1.0	-0.001
0.856,1.0	1.0,1.0	-0.072
1.0,0.943	1.0,1.0	-0.028
0.708,0.698	0.761,0.735	-0.045
0.811,0.857	0.853,1.0	-0.092
0.534,0.605	0.663,1.0	-0.262
0.879,0.909	0.92,1.0	-0.066
0.602,0.748	0.772,1.0	-0.211
0.999,1.0	1.0,1.0	-0.0
1.0,0.968	1.0,1.0	-0.016
0.99,0.994	1.0,1.0	-0.008
0.976,0.97	0.963,0.962	0.011
1.0,0.982	1.0,1.0	-0.009
0.966,1.0	1.0,1.0	-0.017
1.0,1.0	0.973,0.951	0.038
0.987,0.984	0.983,0.967	0.011
0.985,0.99	1.0,1.0	-0.012
1.0,1.0	1.0,0.95	0.025
0.01,0.005	0.009,0.007	-0.001
0.631,0.406	0.764,0.619	-0.173
1.0,0.935	1.0,1.0	-0.032
1.0,0.978	1.0,1.0	-0.011
1.0,0.986	1.0,1.0	-0.007
0.939,0.965	1.0,1.0	-0.048
0.996,1.0	1.0,1.0	-0.002
1.0,1.0	0.987,1.0	0.006
0.835,1.0	0.898,1.0	-0.032
0.871,0.934	0.862,1.0	-0.028
0.999,1.0	1.0,1.0	-0.0
1.0,0.999	1.0,1.0	-0.0
1.0,0.998	1.0,1.0	-0.001
0.995,1.0	1.0,1.0	-0.002
0.998,0.993	0.992,0.997	0.001
0.991,1.0	1.0,1.0	-0.004
1.0,1.0	1.0,0.985	0.008
0.973,1.0	1.0,1.0	-0.014
0.989,1.0	1.0,1.0	-0.006
0.922,0.987	0.979,1.0	-0.035
0.891,0.985	0.976,1.0	-0.05
1.0,0.999	1.0,1.0	-0.0
0.997,0.998	1.0,1.0	-0.002
0.511,0.514	0.561,0.474	-0.005
1.0,0.983	0.992,0.99	0.001
0.0,1.0	1.0,NA	-0.5
0.03,0.054	0.053,0.036	-0.003
0.986,1.0	1.0,1.0	-0.007
0.987,0.981	0.992,0.986	-0.005
1.0,0.999	1.0,1.0	-0.0
1.0,0.975	1.0,1.0	-0.012
0.891,0.963	0.875,0.887	0.046
0.954,0.88	0.954,1.0	-0.06
1.0,1.0	0.994,1.0	0.003
0.382,0.399	0.443,0.435	-0.048
NA,0.574	0.402,0.0	0.373
0.996,1.0	1.0,1.0	-0.002
0.994,1.0	1.0,1.0	-0.003
1.0,1.0	0.99,1.0	0.005
0.97,0.935	1.0,1.0	-0.047
1.0,1.0	0.997,1.0	0.002
1.0,1.0	0.994,1.0	0.003
0.962,1.0	0.953,1.0	0.005
0.941,0.877	0.786,0.909	0.061
1.0,0.998	1.0,1.0	-0.001
0.986,0.998	0.988,0.988	0.004
0.981,0.997	0.981,0.98	0.009
0.001,0.0	0.005,0.003	-0.004
0.977,1.0	0.991,0.964	0.011
0.415,0.397	0.429,0.333	0.025
0.405,0.375	0.429,0.294	0.029
0.972,1.0	1.0,1.0	-0.014
0.774,0.823	0.648,0.757	0.096
0.714,1.0	1.0,1.0	-0.143
1.0,1.0	1.0,0.98	0.01
0.908,0.947	0.945,0.943	-0.016
0.917,1.0	1.0,1.0	-0.041
0.005,0.006	0.01,0.003	-0.001
0.972,0.978	1.0,1.0	-0.025
0.002,0.001	0.003,0.001	-0.001
1.0,1.0	0.992,1.0	0.004
1.0,1.0	0.95,0.931	0.059
0.949,0.96	0.996,0.992	-0.04
1.0,1.0	1.0,0.994	0.003
1.0,0.997	1.0,1.0	-0.002
1.0,0.993	1.0,1.0	-0.004
1.0,0.993	1.0,1.0	-0.004
0.974,0.934	0.985,0.877	0.023
0.891,0.963	0.935,1.0	-0.04
1.0,1.0	0.997,1.0	0.002
1.0,1.0	0.636,1.0	0.182
1.0,1.0	0.99,1.0	0.005
0.028,0.038	0.02,0.0	0.023
0.04,0.052	0.007,0.005	0.04
0.226,0.332	0.406,0.339	-0.094
0.702,0.469	0.639,1.0	-0.234
0.996,0.998	0.998,0.996	0.0
0.942,0.948	0.972,1.0	-0.041
1.0,1.0	1.0,0.998	0.001
0.1,0.067	0.174,0.0	-0.003
1.0,0.974	1.0,1.0	-0.013
1.0,0.996	1.0,1.0	-0.002
1.0,0.996	0.996,1.0	0.0
1.0,0.997	0.996,1.0	0.0
0.994,0.998	1.0,1.0	-0.004
1.0,1.0	0.996,1.0	0.002
0.991,1.0	1.0,1.0	-0.004
0.985,1.0	1.0,1.0	-0.008
1.0,1.0	1.0,0.948	0.026
0.996,1.0	1.0,1.0	-0.002
0.897,0.935	0.869,0.928	0.017
0.977,1.0	1.0,1.0	-0.012
0.934,1.0	1.0,1.0	-0.033
1.0,0.271	1.0,1.0	-0.365
1.0,0.0	1.0,NA	-0.5
0.905,1.0	1.0,1.0	-0.047
0.989,0.957	1.0,1.0	-0.027
0.902,0.867	0.885,0.91	-0.013
0.01,0.039	0.023,0.03	-0.002
1.0,0.987	1.0,1.0	-0.006
0.907,0.985	1.0,1.0	-0.054
0.992,1.0	1.0,1.0	-0.004
0.919,0.894	0.943,0.978	-0.054
1.0,0.991	0.943,1.0	0.024
1.0,0.913	1.0,1.0	-0.043
0.979,1.0	1.0,1.0	-0.01
0.971,0.979	0.979,1.0	-0.015
1.0,1.0	0.997,1.0	0.002
0.546,0.579	0.657,0.549	-0.04
0.998,1.0	0.998,1.0	0.0
1.0,1.0	1.0,1.0	0.0
0.817,1.0	1.0,1.0	-0.092
1.0,0.998	1.0,1.0	-0.001
0.991,0.994	1.0,1.0	-0.008
0.136,0.221	0.125,0.089	0.071
0.975,1.0	1.0,1.0	-0.012
1.0,0.969	1.0,1.0	-0.016
0.189,0.039	0.067,0.25	-0.044
0.143,0.039	0.067,0.333	-0.109
1.0,1.0	0.958,1.0	0.021
1.0,1.0	0.991,1.0	0.004
1.0,0.998	1.0,1.0	-0.001
0.94,0.978	0.991,0.955	-0.014
0.163,0.196	0.36,0.308	-0.154
1.0,0.951	0.972,1.0	-0.01
0.994,1.0	1.0,1.0	-0.003
0.981,0.969	1.0,0.978	-0.014
0.015,0.03	0.0,0.024	0.01
0.714,0.722	0.724,0.556	0.078
0.724,0.767	0.724,0.556	0.106
0.091,0.227	0.0,0.0	0.159
0.211,0.25	0.378,0.448	-0.183
0.125,0.188	0.148,0.333	-0.084
0.994,0.973	0.993,0.992	-0.009
0.143,0.195	0.223,0.267	-0.076
0.918,0.944	1.0,1.0	-0.069
1.0,1.0	0.737,1.0	0.131
0.977,0.981	0.976,1.0	-0.009
1.0,0.964	1.0,1.0	-0.018
1.0,1.0	0.985,1.0	0.008
0.993,1.0	1.0,1.0	-0.004
0.993,0.994	1.0,1.0	-0.006
1.0,0.972	1.0,1.0	-0.014
1.0,0.904	1.0,1.0	-0.048
0.994,0.985	0.994,1.0	-0.007
0.91,0.882	1.0,0.829	-0.018
0.826,0.747	1.0,0.696	-0.061
0.009,0.004	0.0,0.0	0.006
0.65,0.763	0.941,0.951	-0.239
0.974,0.984	0.988,0.987	-0.009
1.0,0.992	1.0,1.0	-0.004
1.0,0.996	0.996,0.972	0.014
1.0,1.0	0.995,1.0	0.002
1.0,1.0	0.993,1.0	0.004
1.0,1.0	0.958,1.0	0.021
0.002,0.003	0.002,0.001	0.001
0.016,0.01	0.019,0.01	-0.001
0.019,0.015	0.024,0.019	-0.004
1.0,0.691	1.0,1.0	-0.155
0.488,0.344	0.529,0.333	-0.015
1.0,0.909	1.0,0.898	0.005
1.0,0.99	1.0,1.0	-0.005
0.964,0.939	1.0,1.0	-0.048
0.998,1.0	0.999,1.0	-0.001
1.0,1.0	0.985,1.0	0.008
0.977,1.0	0.968,1.0	0.004
0.03,0.064	0.062,0.078	-0.023
0.62,0.664	0.697,0.552	0.017
0.502,0.524	0.612,0.418	-0.002
0.98,0.958	1.0,0.938	0.0
0.989,0.989	0.989,1.0	-0.005
1.0,1.0	0.99,1.0	0.005
0.905,0.974	0.944,0.926	0.004
1.0,0.983	0.973,1.0	0.005
0.963,0.948	1.0,0.975	-0.032
0.971,0.987	0.979,0.983	-0.002
0.052,0.064	0.082,0.024	0.005
1.0,1.0	1.0,0.906	0.047
0.99,0.997	1.0,1.0	-0.006
0.935,0.863	0.874,0.907	0.008
0.972,0.987	1.0,0.991	-0.016
0.215,0.188	0.211,0.291	-0.049
1.0,1.0	0.996,1.0	0.002
0.908,0.953	0.558,0.896	0.203
0.994,1.0	1.0,1.0	-0.003
0.975,0.98	1.0,1.0	-0.022
0.333,0.429	0.333,0.0	0.214
1.0,0.926	0.692,1.0	0.117
1.0,0.8	1.0,0.636	0.082
1.0,1.0	0.989,1.0	0.006
0.985,0.994	0.975,0.953	0.026
0.983,1.0	1.0,1.0	-0.008
0.97,0.97	0.934,1.0	0.003
0.048,0.0	0.1,0.143	-0.098
1.0,1.0	0.977,1.0	0.012
0.022,0.028	0.006,0.022	0.011
1.0,1.0	0.946,1.0	0.027
1.0,1.0	0.929,1.0	0.035
0.987,0.926	1.0,1.0	-0.043
0.989,0.991	0.969,1.0	0.006
0.989,1.0	0.988,1.0	0.0
0.0,0.073	0.0,0.0	0.036
0.0,0.182	0.0,0.0	0.091
0.668,0.745	0.534,0.716	0.082
0.19,0.102	0.159,0.098	0.017
0.975,0.969	0.926,0.945	0.036
0.995,1.0	1.0,1.0	-0.002
0.996,0.989	0.989,0.993	0.001
0.91,0.796	0.828,0.743	0.068
0.996,1.0	1.0,1.0	-0.002
0.84,0.634	0.788,1.0	-0.157
1.0,1.0	1.0,0.991	0.004
1.0,0.936	1.0,1.0	-0.032
NA,0.529	1.0,NA	-0.471
1.0,1.0	1.0,0.8	0.1
1.0,0.997	1.0,1.0	-0.002
0.982,0.986	1.0,1.0	-0.016
0.982,0.988	1.0,0.879	0.045
0.991,0.993	1.0,0.93	0.027
0.992,1.0	1.0,1.0	-0.004
0.98,1.0	0.986,1.0	-0.003
0.382,0.368	0.439,0.459	-0.074
1.0,1.0	1.0,0.987	0.006
1.0,0.991	1.0,1.0	-0.004
1.0,1.0	0.993,1.0	0.004
1.0,0.866	0.845,1.0	0.011
0.99,1.0	1.0,0.977	0.007
1.0,1.0	0.983,1.0	0.008
1.0,1.0	1.0,0.984	0.008
1.0,0.946	1.0,1.0	-0.027
1.0,0.988	0.987,0.956	0.022
0.995,1.0	0.995,1.0	0.0
0.988,0.991	1.0,1.0	-0.01
0.995,0.996	1.0,1.0	-0.004
0.693,0.755	0.674,0.527	0.123
0.958,1.0	1.0,0.959	-0.001
0.975,1.0	1.0,0.987	-0.006
0.986,0.976	1.0,1.0	-0.019
1.0,0.934	1.0,1.0	-0.033
0.867,0.934	0.902,0.949	-0.025
1.0,0.943	0.751,0.937	0.127
1.0,1.0	0.999,1.0	0.0
0.449,0.518	0.392,0.318	0.129
0.017,0.012	0.01,0.011	0.004
1.0,0.995	1.0,1.0	-0.002
1.0,1.0	1.0,0.952	0.024
0.981,1.0	1.0,1.0	-0.01
0.986,1.0	1.0,1.0	-0.007
1.0,1.0	0.999,1.0	0.0
0.995,0.997	1.0,0.966	0.013
0.961,0.945	0.969,1.0	-0.031
1.0,1.0	0.714,1.0	0.143
1.0,0.983	1.0,1.0	-0.008
1.0,0.999	0.999,0.996	0.002
0.994,0.992	1.0,0.989	-0.001
0.957,1.0	1.0,1.0	-0.022
1.0,1.0	0.993,0.966	0.02
1.0,1.0	0.981,0.905	0.057
0.0,0.011	0.0,0.0	0.005
1.0,1.0	1.0,0.917	0.041
1.0,0.997	1.0,1.0	-0.002
1.0,0.995	1.0,1.0	-0.002
0.998,1.0	1.0,1.0	-0.001
0.998,1.0	1.0,1.0	-0.001
1.0,1.0	0.958,0.923	0.059
0.92,0.946	0.978,0.959	-0.035
1.0,1.0	0.89,1.0	0.055
0.778,0.905	0.895,1.0	-0.106
1.0,1.0	1.0,0.882	0.059
1.0,0.972	1.0,1.0	-0.014
0.984,1.0	1.0,1.0	-0.008
0.993,0.994	1.0,1.0	-0.006
1.0,0.989	1.0,1.0	-0.006
0.999,1.0	0.998,0.999	0.001
0.892,0.881	0.923,0.943	-0.046
1.0,0.979	1.0,1.0	-0.01
0.714,1.0	1.0,0.333	0.191
0.125,0.191	0.094,0.096	0.063
0.264,0.237	0.082,0.193	0.113
0.99,0.983	0.995,0.995	-0.009
0.998,0.998	0.996,0.999	0.0
1.0,0.998	1.0,1.0	-0.001
0.99,1.0	1.0,1.0	-0.005
1.0,1.0	0.993,1.0	0.004
1.0,1.0	1.0,0.714	0.143
1.0,1.0	1.0,1.0	0.0
0.857,1.0	1.0,1.0	-0.072
1.0,0.778	0.833,1.0	-0.027
1.0,0.87	0.905,1.0	-0.017
1.0,0.908	1.0,1.0	-0.046
1.0,0.95	1.0,1.0	-0.025
1.0,0.98	1.0,1.0	-0.01
0.972,1.0	1.0,1.0	-0.014
1.0,0.866	1.0,1.0	-0.067
1.0,0.967	1.0,1.0	-0.016
0.862,1.0	0.875,1.0	-0.006
0.862,1.0	0.875,1.0	-0.006
0.0,0.0	0.064,0.0	-0.032
1.0,0.979	1.0,1.0	-0.01
1.0,0.963	1.0,1.0	-0.018
1.0,0.994	1.0,1.0	-0.003
0.029,0.0	0.067,0.0	-0.019
0.914,0.789	0.894,0.651	0.079
1.0,0.971	1.0,1.0	-0.014
0.969,0.979	1.0,1.0	-0.026
0.928,0.942	0.952,0.904	0.007
0.0,0.0	0.004,0.0	-0.002
1.0,0.909	1.0,0.667	0.121
1.0,1.0	1.0,0.947	0.026
1.0,0.992	1.0,1.0	-0.004
0.982,0.993	1.0,1.0	-0.012
0.983,0.993	1.0,1.0	-0.012
0.983,0.994	1.0,1.0	-0.012
1.0,1.0	1.0,0.867	0.067
1.0,0.998	1.0,1.0	-0.001
1.0,1.0	0.998,1.0	0.001
0.052,0.011	0.021,0.009	0.017
1.0,1.0	0.992,0.98	0.014
1.0,0.981	1.0,1.0	-0.01
1.0,0.999	1.0,1.0	-0.0
0.95,0.968	1.0,1.0	-0.041
1.0,1.0	1.0,0.981	0.01
0.945,0.93	0.967,0.962	-0.027
1.0,0.993	0.993,1.0	0.0
1.0,0.98	1.0,1.0	-0.01
1.0,1.0	0.988,1.0	0.006
0.34,0.166	0.13,0.615	-0.119
1.0,0.961	1.0,1.0	-0.02
0.993,1.0	1.0,1.0	-0.004
0.791,1.0	1.0,0.85	-0.03
1.0,0.999	1.0,1.0	-0.0
1.0,1.0	0.994,1.0	0.003
0.962,0.782	0.941,1.0	-0.098
1.0,1.0	0.939,1.0	0.03
1.0,1.0	1.0,1.0	0.0
0.913,0.942	0.927,1.0	-0.036
0.963,0.982	0.966,1.0	-0.011
0.452,0.452	0.548,0.452	-0.048
1.0,0.997	1.0,1.0	-0.002
0.962,1.0	1.0,1.0	-0.019
0.136,0.223	0.126,0.103	0.065
0.058,0.253	0.078,0.289	-0.028
1.0,0.986	1.0,1.0	-0.007
0.239,0.109	0.235,0.236	-0.061
0.926,0.932	0.985,0.966	-0.046
1.0,1.0	0.986,1.0	0.007
1.0,1.0	0.974,1.0	0.013
1.0,0.994	1.0,1.0	-0.003
0.951,1.0	1.0,1.0	-0.024
0.91,1.0	1.0,1.0	-0.045
1.0,0.966	1.0,1.0	-0.017
0.97,0.971	0.976,0.911	0.027
0.937,1.0	1.0,1.0	-0.031
0.228,0.2	0.176,0.252	0.0
0.0,NA	0.0,1.0	-0.5
1.0,0.966	1.0,0.969	-0.001
1.0,1.0	0.989,1.0	0.006
1.0,1.0	0.986,1.0	0.007
0.974,0.935	0.982,0.97	-0.021
0.997,0.991	0.989,0.987	0.006
1.0,0.99	1.0,1.0	-0.005
1.0,1.0	0.999,0.996	0.002
1.0,0.953	0.94,1.0	0.006
1.0,1.0	0.993,1.0	0.004
0.97,0.973	0.971,0.935	0.018
1.0,0.708	1.0,NA	-0.146
0.988,0.992	1.0,1.0	-0.01
1.0,1.0	0.999,1.0	0.0
1.0,1.0	0.97,1.0	0.015
0.867,1.0	1.0,1.0	-0.067
0.931,1.0	1.0,1.0	-0.034
0.992,1.0	1.0,1.0	-0.004
1.0,0.997	1.0,1.0	-0.002
1.0,1.0	0.985,1.0	0.008
1.0,1.0	0.999,1.0	0.0
0.002,0.003	0.002,0.001	0.001
0.989,1.0	1.0,1.0	-0.006
1.0,0.969	1.0,1.0	-0.016
1.0,0.963	1.0,0.885	0.039
0.951,0.915	0.931,0.962	-0.013
0.999,1.0	1.0,1.0	-0.0
1.0,1.0	0.984,1.0	0.008
1.0,0.997	1.0,0.991	0.003
0.968,1.0	1.0,1.0	-0.016
0.957,0.978	1.0,0.95	-0.007
0.948,0.821	0.899,1.0	-0.065
0.724,0.771	0.623,0.818	0.027
1.0,0.998	1.0,1.0	-0.001
0.138,0.055	0.219,0.221	-0.123
1.0,0.992	1.0,1.0	-0.004
1.0,0.991	1.0,1.0	-0.004
1.0,0.985	1.0,1.0	-0.008
0.991,1.0	1.0,1.0	-0.004
0.983,1.0	1.0,1.0	-0.008
0.994,0.99	1.0,1.0	-0.008
0.981,0.995	0.987,1.0	-0.006
0.992,0.989	1.0,1.0	-0.01
0.983,0.996	0.991,1.0	-0.006
0.996,0.994	1.0,1.0	-0.005
0.99,0.998	0.994,1.0	-0.003
0.991,0.994	0.983,0.98	0.011
0.864,0.761	0.676,1.0	-0.026
0.993,0.991	0.987,0.967	0.015
1.0,0.998	1.0,1.0	-0.001
0.94,0.933	1.0,1.0	-0.064
1.0,0.889	1.0,1.0	-0.055
0.977,0.957	1.0,1.0	-0.033
1.0,1.0	0.994,1.0	0.003
0.992,0.996	0.998,0.996	-0.003
1.0,1.0	0.996,0.984	0.01
0.848,1.0	1.0,1.0	-0.076
0.719,0.418	0.616,0.65	-0.065
0.938,0.944	0.963,0.956	-0.019
1.0,1.0	0.982,1.0	0.009
0.0,0.0	0.014,0.0	-0.007
0.992,1.0	1.0,1.0	-0.004
1.0,1.0	0.959,1.0	0.02
1.0,0.913	1.0,1.0	-0.043
1.0,0.221	1.0,1.0	-0.389
0.53,0.835	0.0,0.458	0.454
0.042,0.089	0.148,0.123	-0.07
1.0,1.0	1.0,0.99	0.005
1.0,1.0	1.0,0.987	0.006
0.925,0.98	0.925,0.977	0.001
0.81,0.955	0.826,0.953	-0.007
1.0,0.916	0.959,0.913	0.022
0.179,0.146	0.121,0.08	0.062
0.204,0.205	0.333,0.217	-0.071
1.0,1.0	1.0,0.973	0.014
0.973,0.987	1.0,1.0	-0.02
1.0,1.0	0.961,1.0	0.02
1.0,0.958	1.0,1.0	-0.021
0.5,0.619	0.6,1.0	-0.241
1.0,1.0	0.998,1.0	0.001
0.99,0.994	0.979,1.0	0.002
0.697,0.618	0.646,0.752	-0.042
0.477,0.319	0.413,0.612	-0.114
0.091,0.075	0.129,0.052	-0.008
0.987,0.994	1.0,0.986	-0.003
1.0,0.999	1.0,1.0	-0.0
1.0,1.0	0.999,1.0	0.0
0.017,0.01	0.008,0.007	0.006
0.0,0.009	0.009,0.007	-0.004
0.967,0.986	0.985,0.956	0.006
1.0,1.0	0.968,1.0	0.016
0.968,1.0	0.956,0.911	0.05
0.019,0.027	0.026,0.036	-0.008
0.026,0.023	0.025,0.031	-0.003
0.024,0.047	0.022,0.019	0.015
1.0,1.0	1.0,0.987	0.006
0.296,0.24	0.207,0.486	-0.078
1.0,0.993	1.0,0.989	0.002
0.96,0.985	0.977,1.0	-0.016
0.944,1.0	1.0,1.0	-0.028
1.0,0.991	1.0,1.0	-0.004
0.944,0.979	0.91,0.893	0.06
0.982,1.0	1.0,1.0	-0.009
1.0,0.973	1.0,1.0	-0.014
0.999,1.0	1.0,1.0	-0.0
0.997,1.0	1.0,1.0	-0.002
0.999,1.0	1.0,1.0	-0.0
0.97,0.925	1.0,0.884	0.006
0.969,0.902	1.0,0.876	-0.002
0.971,1.0	1.0,1.0	-0.014
0.822,0.657	0.925,0.606	-0.026
0.0,0.0	0.122,0.0	-0.061
0.031,0.05	0.139,0.228	-0.143
0.196,0.176	0.2,0.273	-0.051
0.319,0.251	0.317,0.218	0.018
0.938,1.0	1.0,1.0	-0.031
1.0,0.986	0.964,1.0	0.011
1.0,1.0	0.979,1.0	0.01
0.999,1.0	1.0,1.0	-0.0
0.0,0.006	0.0,0.0	0.003
0.967,0.972	1.0,1.0	-0.03
0.0,0.001	0.0,0.0	0.001
0.0,0.001	0.0,0.0	0.001
1.0,0.5	1.0,NA	-0.25
0.971,0.993	0.973,0.946	0.022
0.983,0.996	0.985,0.972	0.011
0.546,0.706	0.697,0.797	-0.121
1.0,0.997	1.0,1.0	-0.002
0.995,0.991	0.997,0.991	-0.001
1.0,1.0	0.999,1.0	0.0
1.0,1.0	0.997,1.0	0.002
0.97,1.0	1.0,1.0	-0.015
1.0,1.0	0.992,1.0	0.004
1.0,0.992	1.0,1.0	-0.004
0.939,1.0	1.0,1.0	-0.03
0.787,1.0	1.0,NA	-0.107
0.401,0.253	0.189,0.2	0.133
0.426,0.298	0.183,0.326	0.107
1.0,0.996	1.0,1.0	-0.002
1.0,1.0	0.995,1.0	0.002
0.995,0.991	0.999,0.988	-0.001
0.997,0.994	0.999,0.993	-0.0
1.0,0.999	1.0,1.0	-0.0
1.0,1.0	0.991,0.942	0.034
1.0,0.998	1.0,1.0	-0.001
1.0,0.8	0.786,1.0	0.007
1.0,1.0	0.987,1.0	0.006
0.994,1.0	1.0,1.0	-0.003
1.0,1.0	1.0,0.994	0.003
0.763,0.542	0.809,0.575	-0.039
1.0,0.99	1.0,0.983	0.003
1.0,0.997	0.999,1.0	-0.001
0.996,1.0	1.0,1.0	-0.002
1.0,0.999	0.997,0.999	0.002
1.0,1.0	0.943,1.0	0.028
0.567,0.855	1.0,0.567	-0.073
0.996,0.984	1.0,0.991	-0.006
0.998,1.0	1.0,1.0	-0.001
1.0,0.971	0.981,0.983	0.004
0.993,1.0	0.98,0.96	0.026
1.0,0.986	1.0,1.0	-0.007
1.0,1.0	0.994,1.0	0.003
0.008,0.024	0.022,0.007	0.002
0.996,1.0	1.0,1.0	-0.002
0.992,0.994	0.994,1.0	-0.004
0.987,0.989	0.989,1.0	-0.006
0.996,0.998	0.998,0.996	0.0
1.0,1.0	0.986,1.0	0.007
0.966,1.0	0.975,1.0	-0.005
0.983,0.996	0.991,1.0	-0.006
1.0,0.962	1.0,1.0	-0.019
1.0,0.961	1.0,1.0	-0.02
1.0,0.992	1.0,1.0	-0.004
1.0,0.973	1.0,1.0	-0.014
1.0,0.989	1.0,1.0	-0.006
1.0,1.0	0.991,1.0	0.004
1.0,0.997	1.0,1.0	-0.002
0.983,1.0	1.0,1.0	-0.008
0.966,1.0	1.0,1.0	-0.017
0.007,0.003	0.013,0.0	-0.001
1.0,0.987	1.0,1.0	-0.006
1.0,0.962	1.0,1.0	-0.019
0.926,1.0	1.0,1.0	-0.037
0.944,1.0	1.0,0.831	0.056
0.875,1.0	1.0,0.636	0.119
0.933,0.83	0.882,1.0	-0.06
0.416,0.222	0.327,0.445	-0.067
0.467,0.913	0.846,1.0	-0.233
0.385,0.905	0.5,1.0	-0.105
0.215,0.884	0.814,1.0	-0.358
0.406,0.938	0.872,1.0	-0.264
0.0,1.0	NA,1.0	-0.5
0.955,1.0	1.0,1.0	-0.022
1.0,0.983	1.0,1.0	-0.008
1.0,1.0	0.994,0.988	0.009
0.162,0.289	0.297,0.282	-0.064
0.99,0.988	0.986,0.988	0.002
1.0,1.0	1.0,0.979	0.01
1.0,1.0	1.0,0.993	0.004
1.0,1.0	1.0,0.992	0.004
1.0,0.993	1.0,1.0	-0.004
0.995,1.0	1.0,1.0	-0.002
0.023,0.01	0.011,0.012	0.005
1.0,0.998	1.0,1.0	-0.001
1.0,1.0	0.999,1.0	0.0
1.0,0.962	1.0,1.0	-0.019
0.97,0.992	0.994,1.0	-0.016
0.977,0.994	0.995,1.0	-0.012
1.0,0.984	1.0,1.0	-0.008
1.0,1.0	0.966,0.917	0.058
0.08,0.047	0.058,0.022	0.024
0.98,0.983	1.0,1.0	-0.018
1.0,0.998	1.0,1.0	-0.001
1.0,0.993	1.0,1.0	-0.004
0.991,0.993	0.983,0.991	0.005
0.114,0.058	0.075,0.059	0.019
1.0,0.998	0.999,1.0	-0.001
0.98,1.0	1.0,1.0	-0.01
1.0,1.0	0.991,1.0	0.004
0.397,0.336	0.556,0.745	-0.284
0.987,1.0	1.0,0.985	0.001
1.0,1.0	0.998,1.0	0.001
0.743,0.945	0.969,0.875	-0.078
1.0,0.981	1.0,1.0	-0.01
0.971,0.987	1.0,1.0	-0.021
0.875,0.902	0.932,0.878	-0.016
1.0,1.0	1.0,0.987	0.006
0.022,0.006	0.011,0.02	-0.002
1.0,0.99	1.0,1.0	-0.005
0.971,0.949	0.975,1.0	-0.028
1.0,0.931	1.0,1.0	-0.034
1.0,1.0	1.0,0.986	0.007
0.06,0.042	0.028,0.029	0.023
1.0,0.983	0.985,1.0	-0.001
0.01,0.016	0.016,0.014	-0.002
1.0,0.896	1.0,1.0	-0.052
1.0,1.0	1.0,0.895	0.052
0.957,0.974	0.934,0.967	0.015
0.875,0.959	1.0,0.83	0.002
0.854,0.845	0.876,0.87	-0.024
0.989,1.0	1.0,1.0	-0.006
0.957,0.986	0.973,1.0	-0.015
0.908,0.967	0.944,1.0	-0.034
1.0,0.964	0.988,0.96	0.008
1.0,0.989	1.0,1.0	-0.006
1.0,0.894	1.0,1.0	-0.053
0.989,1.0	1.0,1.0	-0.006
0.714,1.0	1.0,1.0	-0.143
0.972,0.964	1.0,1.0	-0.032
0.035,0.022	0.019,0.056	-0.009
1.0,1.0	1.0,0.889	0.055
0.998,1.0	1.0,1.0	-0.001
0.998,1.0	1.0,1.0	-0.001
0.997,1.0	1.0,1.0	-0.002
1.0,0.975	0.982,0.972	0.011
0.974,1.0	0.995,1.0	-0.011
1.0,0.36	0.797,0.663	-0.05
0.112,0.146	0.115,0.208	-0.033
0.937,0.956	0.989,0.884	0.01
1.0,0.973	1.0,1.0	-0.014
1.0,0.995	1.0,1.0	-0.002
1.0,1.0	1.0,0.601	0.2
1.0,1.0	0.993,1.0	0.004
0.99,0.984	1.0,1.0	-0.013
1.0,0.992	1.0,1.0	-0.004
1.0,1.0	0.0,NA	1.0
0.967,0.948	0.982,1.0	-0.033
1.0,1.0	0.982,1.0	0.009
1.0,1.0	0.926,1.0	0.037
0.972,1.0	0.97,1.0	0.001
0.864,0.866	0.967,0.969	-0.103
1.0,1.0	0.968,1.0	0.016
1.0,0.975	1.0,1.0	-0.012
0.959,1.0	1.0,1.0	-0.02
1.0,0.987	1.0,1.0	-0.006
0.286,0.333	0.455,0.333	-0.085
0.122,0.317	0.582,0.411	-0.277
0.0,0.31	0.473,0.402	-0.282
0.796,0.873	0.58,0.384	0.353
0.05,0.048	0.021,0.0	0.038
1.0,0.977	1.0,1.0	-0.012
0.177,0.121	0.089,0.082	0.064
0.986,1.0	0.955,1.0	0.015
1.0,0.989	1.0,1.0	-0.006
1.0,0.985	1.0,1.0	-0.008
0.088,0.078	0.146,0.036	-0.008
0.969,1.0	0.922,1.0	0.023
0.641,0.379	0.643,0.688	-0.155
0.345,0.355	0.347,0.769	-0.208
0.622,0.38	0.517,0.667	-0.091
0.345,0.355	0.319,0.769	-0.194
0.367,0.375	0.333,0.793	-0.192
0.588,0.362	0.622,0.714	-0.193
1.0,1.0	0.993,1.0	0.004
1.0,1.0	1.0,0.934	0.033
1.0,0.994	1.0,1.0	-0.003
1.0,1.0	0.962,1.0	0.019
1.0,1.0	1.0,1.0	0.0
0.976,1.0	1.0,1.0	-0.012
0.949,0.962	0.992,1.0	-0.04
0.907,0.917	0.984,1.0	-0.08
1.0,1.0	0.992,1.0	0.004
1.0,0.413	0.467,0.0	0.473
0.0,0.39	0.113,0.242	0.018
0.985,0.991	1.0,0.942	0.017
1.0,0.993	1.0,1.0	-0.004
1.0,0.999	0.999,1.0	0.0
0.067,0.031	0.026,0.043	0.015
1.0,0.972	1.0,1.0	-0.014
1.0,1.0	0.959,1.0	0.02
1.0,0.995	1.0,1.0	-0.002
0.335,0.286	0.502,0.502	-0.192
0.008,0.0	0.0,0.0	0.004
0.044,0.088	0.137,0.092	-0.049
0.086,0.135	0.114,0.095	0.006
0.982,1.0	1.0,0.989	-0.003
0.976,1.0	0.948,1.0	0.014
0.996,0.993	1.0,1.0	-0.006
0.802,1.0	0.89,0.78	0.066
1.0,0.981	0.99,0.981	0.005
0.958,0.948	0.797,0.724	0.193
1.0,1.0	1.0,1.0	0.0
1.0,1.0	0.994,1.0	0.003
0.994,0.995	0.995,0.983	0.005
0.998,1.0	1.0,1.0	-0.001
0.587,0.54	0.595,0.662	-0.065
0.687,0.607	0.767,0.735	-0.104
0.632,0.617	0.751,0.748	-0.125
0.476,0.483	0.567,0.68	-0.144
0.983,1.0	1.0,1.0	-0.008
0.993,1.0	1.0,1.0	-0.004
1.0,0.963	0.76,0.714	0.245
1.0,0.976	0.81,0.758	0.204
1.0,0.968	0.774,0.714	0.24
1.0,0.965	0.786,0.714	0.232
1.0,1.0	1.0,0.791	0.105
1.0,0.997	1.0,1.0	-0.002
1.0,0.969	1.0,1.0	-0.016
0.978,0.972	1.0,0.975	-0.013
1.0,0.98	1.0,0.977	0.002
0.967,1.0	0.987,1.0	-0.01
1.0,0.941	0.976,0.949	0.008
0.864,0.923	0.853,0.944	-0.005
0.997,1.0	1.0,1.0	-0.002
1.0,0.992	1.0,0.993	-0.0
0.986,1.0	1.0,1.0	-0.007
1.0,0.976	0.974,1.0	0.001
0.107,0.176	0.124,0.193	-0.017
0.102,0.103	0.115,0.09	-0.0
0.429,NA	NA,0.0	0.429
0.459,NA	NA,0.0	0.459
1.0,1.0	0.999,1.0	0.0
1.0,0.878	1.0,1.0	-0.061
0.809,0.805	0.809,0.778	0.013
0.508,0.45	0.644,0.47	-0.078
1.0,0.993	1.0,1.0	-0.004
1.0,0.985	1.0,1.0	-0.008
1.0,0.989	1.0,1.0	-0.006
1.0,0.981	1.0,1.0	-0.01
0.962,0.984	0.964,0.966	0.008
1.0,0.88	0.915,1.0	-0.018
0.675,0.874	1.0,0.675	-0.063
1.0,0.98	1.0,1.0	-0.01
0.911,1.0	0.969,1.0	-0.029
1.0,1.0	0.978,1.0	0.011
0.999,1.0	1.0,0.999	0.0
1.0,1.0	0.985,1.0	0.008
0.998,0.999	0.999,0.998	0.0
0.94,0.886	1.0,1.0	-0.087
0.0,0.034	0.044,0.0	-0.005
NA,0.303	0.367,NA	-0.064
0.0,0.014	0.0,0.0	0.007
NA,0.313	0.0,NA	0.313
1.0,1.0	1.0,1.0	0.0
1.0,1.0	1.0,1.0	0.0
1.0,1.0	0.991,1.0	0.004
1.0,0.976	0.966,1.0	0.005
1.0,0.987	0.982,1.0	0.003
1.0,0.984	0.991,0.969	0.012
1.0,0.982	1.0,1.0	-0.009
0.954,1.0	0.982,1.0	-0.014
1.0,1.0	0.923,1.0	0.038
0.997,0.998	1.0,0.998	-0.001
1.0,1.0	0.999,1.0	0.0
0.135,0.098	0.025,0.049	0.08
0.913,1.0	1.0,1.0	-0.043
0.945,0.986	0.982,0.976	-0.013
0.901,0.846	0.955,0.945	-0.077
1.0,1.0	0.976,1.0	0.012
0.866,0.94	0.738,0.771	0.149
NA,1.0	0.0,NA	1.0
0.988,1.0	1.0,1.0	-0.006
0.333,0.2	0.4,0.6	-0.233
1.0,1.0	1.0,0.963	0.018
0.028,0.049	0.02,0.024	0.017
1.0,0.975	1.0,1.0	-0.012
0.943,0.92	0.931,0.789	0.071
1.0,0.999	1.0,1.0	-0.0
0.05,0.033	0.025,0.011	0.024
0.995,1.0	1.0,1.0	-0.002
1.0,1.0	0.994,1.0	0.003
1.0,0.993	1.0,1.0	-0.004
1.0,0.994	1.0,1.0	-0.003
0.982,1.0	1.0,1.0	-0.009
0.996,1.0	1.0,1.0	-0.002
1.0,0.991	1.0,1.0	-0.004
0.967,0.984	0.991,0.974	-0.007
1.0,0.996	1.0,1.0	-0.002
0.983,1.0	1.0,1.0	-0.008
0.172,0.17	0.458,0.478	-0.297
0.899,0.932	1.0,1.0	-0.085
0.953,0.964	1.0,1.0	-0.042
0.895,0.93	1.0,1.0	-0.087
0.911,0.973	0.889,0.868	0.063
0.003,0.0	0.0,0.0	0.002
0.342,0.609	0.238,0.369	0.172
0.931,1.0	1.0,1.0	-0.034
0.908,0.949	1.0,1.0	-0.072
0.988,0.98	0.996,1.0	-0.014
0.997,1.0	1.0,1.0	-0.002
1.0,0.964	0.952,0.863	0.075
0.998,1.0	1.0,1.0	-0.001
1.0,0.94	1.0,1.0	-0.03
0.991,1.0	1.0,1.0	-0.004
0.99,1.0	1.0,1.0	-0.005
0.996,1.0	1.0,1.0	-0.002
0.435,0.278	0.27,0.381	0.031
1.0,1.0	0.999,1.0	0.0
0.8,0.72	0.333,0.037	0.575
0.992,1.0	1.0,1.0	-0.004
1.0,0.996	0.996,1.0	0.0
0.778,0.5	0.733,1.0	-0.228
1.0,1.0	0.993,1.0	0.004
0.999,0.999	0.999,1.0	-0.001
1.0,0.999	1.0,0.997	0.001
1.0,0.999	0.999,1.0	0.0
1.0,0.995	0.99,1.0	0.003
0.953,0.967	0.98,0.983	-0.022
0.965,0.989	0.966,1.0	-0.006
1.0,0.993	1.0,1.0	-0.004
1.0,1.0	1.0,0.989	0.006
1.0,0.957	1.0,1.0	-0.022
1.0,0.971	1.0,1.0	-0.014
0.673,0.486	0.55,0.371	0.119
0.917,0.929	1.0,0.789	0.028
1.0,0.995	1.0,0.996	-0.0
0.736,0.859	1.0,1.0	-0.203
0.191,0.241	0.249,0.145	0.019
0.007,0.021	0.068,0.087	-0.064
1.0,1.0	0.982,1.0	0.009
1.0,0.993	0.986,1.0	0.003
1.0,1.0	0.992,1.0	0.004
0.338,0.561	0.313,0.444	0.071
0.167,0.294	0.222,0.429	-0.095
0.995,0.994	1.0,0.979	0.005
0.953,0.989	1.0,0.967	-0.013
1.0,1.0	1.0,0.911	0.044
1.0,0.952	0.925,0.906	0.06
0.902,0.94	0.898,0.935	0.004
0.998,1.0	1.0,0.993	0.003
1.0,1.0	0.988,1.0	0.006
0.945,0.97	1.0,1.0	-0.042
1.0,1.0	1.0,0.979	0.01
0.402,0.407	0.284,0.327	0.099
0.999,0.999	0.999,0.998	0.001
1.0,1.0	1.0,0.925	0.037
0.005,0.0	0.015,0.008	-0.009
0.289,0.802	0.709,1.0	-0.309
0.759,0.931	0.923,1.0	-0.117
1.0,0.948	1.0,1.0	-0.026
1.0,1.0	0.94,1.0	0.03
1.0,0.952	0.977,1.0	-0.012
0.832,0.971	0.869,1.0	-0.033
0.938,0.908	0.931,1.0	-0.042
0.98,0.993	1.0,1.0	-0.014
1.0,0.994	1.0,1.0	-0.003
0.997,0.992	0.997,1.0	-0.004
0.994,0.984	0.993,1.0	-0.007
1.0,0.998	0.999,1.0	-0.001
1.0,1.0	1.0,0.999	0.0
1.0,0.999	0.999,1.0	0.0
1.0,0.998	0.999,1.0	-0.001
1.0,1.0	1.0,1.0	0.0
0.996,0.996	0.998,0.989	0.002
1.0,1.0	0.978,1.0	0.011
1.0,1.0	0.986,1.0	0.007
0.991,1.0	1.0,1.0	-0.004
0.988,1.0	1.0,1.0	-0.006
0.108,0.06	0.064,0.248	-0.072
0.188,0.098	0.083,0.162	0.021
0.987,0.991	0.988,1.0	-0.005
1.0,1.0	1.0,0.994	0.003
0.99,1.0	1.0,1.0	-0.005
0.975,1.0	1.0,1.0	-0.012
1.0,1.0	1.0,1.0	0.0
1.0,1.0	1.0,0.778	0.111
1.0,NA	1.0,0.333	0.334
0.999,1.0	1.0,1.0	-0.0
0.353,0.368	0.19,0.337	0.097
0.163,0.229	0.102,0.169	0.06
1.0,1.0	0.933,0.867	0.1
1.0,1.0	0.996,1.0	0.002
1.0,1.0	0.988,1.0	0.006
1.0,0.871	1.0,1.0	-0.065
1.0,0.75	1.0,1.0	-0.125
0.0,0.0	0.014,0.0	-0.007
0.998,0.999	1.0,1.0	-0.002
1.0,1.0	0.995,1.0	0.002
1.0,1.0	0.989,1.0	0.006
0.96,1.0	1.0,1.0	-0.02
0.964,0.958	1.0,0.968	-0.023
0.98,1.0	1.0,1.0	-0.01
1.0,1.0	1.0,0.939	0.03
0.956,0.967	0.935,1.0	-0.006
1.0,0.986	1.0,1.0	-0.007
0.999,1.0	1.0,1.0	-0.0
0.999,0.999	0.999,1.0	-0.001
0.993,0.975	0.989,0.986	-0.004
1.0,1.0	1.0,0.982	0.009
1.0,0.99	1.0,1.0	-0.005
1.0,0.938	1.0,1.0	-0.031
0.989,1.0	1.0,1.0	-0.006
0.985,1.0	1.0,1.0	-0.008
0.982,1.0	1.0,1.0	-0.009
0.988,0.985	0.975,1.0	-0.001
0.976,0.986	1.0,1.0	-0.019
0.992,1.0	1.0,0.974	0.009
0.739,0.919	0.841,1.0	-0.092
0.025,0.01	0.0,0.0	0.018
1.0,0.968	0.988,1.0	-0.01
1.0,1.0	0.998,1.0	0.001
1.0,0.954	1.0,1.0	-0.023
1.0,0.942	1.0,1.0	-0.029
1.0,0.998	1.0,1.0	-0.001
0.372,0.697	0.783,0.697	-0.206
0.526,0.829	0.824,0.848	-0.158
0.464,0.786	0.829,0.832	-0.206
1.0,0.97	1.0,1.0	-0.015
1.0,0.968	1.0,1.0	-0.016
1.0,0.997	1.0,1.0	-0.002
0.0,0.002	0.0,0.0	0.001
1.0,0.97	1.0,1.0	-0.015
1.0,1.0	1.0,0.994	0.003
0.979,1.0	1.0,1.0	-0.01
0.993,1.0	1.0,1.0	-0.004
1.0,1.0	0.994,1.0	0.003
1.0,1.0	1.0,0.959	0.02
0.974,0.986	1.0,1.0	-0.02
1.0,1.0	0.978,1.0	0.011
1.0,0.952	1.0,0.781	0.085
1.0,1.0	1.0,0.966	0.017
1.0,1.0	0.537,1.0	0.232
0.998,0.998	0.997,0.996	0.002
0.993,1.0	1.0,1.0	-0.004
1.0,0.998	1.0,1.0	-0.001
0.988,0.992	0.989,1.0	-0.004
1.0,0.994	1.0,1.0	-0.003
1.0,1.0	1.0,0.951	0.024
NA,0.0	1.0,NA	-1.0
0.916,0.927	0.951,0.936	-0.022
0.78,0.727	1.0,0.854	-0.173
1.0,1.0	0.983,1.0	0.008
1.0,1.0	0.974,1.0	0.013
0.977,1.0	1.0,1.0	-0.012
0.931,0.971	0.915,1.0	-0.006
0.985,0.991	0.994,1.0	-0.009
0.98,0.988	0.991,1.0	-0.012
1.0,0.997	1.0,1.0	-0.002
1.0,0.992	1.0,1.0	-0.004
0.647,0.789	0.917,0.714	-0.098
1.0,1.0	0.986,1.0	0.007
1.0,0.979	1.0,1.0	-0.01
1.0,1.0	0.993,1.0	0.004
0.426,0.483	0.328,0.379	0.101
1.0,1.0	1.0,0.978	0.011
1.0,0.99	0.988,1.0	0.001
1.0,1.0	0.995,1.0	0.002
1.0,1.0	0.999,1.0	0.0
0.807,0.958	0.97,1.0	-0.102
1.0,1.0	0.999,0.997	0.002
0.989,0.991	0.964,1.0	0.008
0.961,0.977	0.978,1.0	-0.02
0.991,0.991	0.971,1.0	0.005
0.971,0.979	0.983,1.0	-0.017
1.0,1.0	0.943,0.886	0.086
1.0,1.0	0.995,1.0	0.002
1.0,1.0	0.999,1.0	0.0
1.0,1.0	0.789,0.636	0.287
0.023,0.014	0.024,0.028	-0.008
1.0,0.986	1.0,0.982	0.002
1.0,1.0	0.972,1.0	0.014
0.995,1.0	1.0,1.0	-0.002
1.0,1.0	0.997,1.0	0.002
0.982,1.0	1.0,1.0	-0.009
0.982,1.0	1.0,1.0	-0.009
0.004,0.003	0.002,0.008	-0.002
1.0,0.988	1.0,1.0	-0.006
0.936,0.965	0.99,1.0	-0.044
0.86,0.921	0.979,1.0	-0.099
0.975,0.966	1.0,0.976	-0.018
1.0,0.654	0.867,1.0	-0.107
0.323,0.313	0.242,0.254	0.07
0.983,1.0	1.0,1.0	-0.008
1.0,0.996	1.0,1.0	-0.002
0.142,0.0	0.307,0.181	-0.173
1.0,1.0	0.996,0.992	0.006
0.997,1.0	1.0,1.0	-0.002
0.997,1.0	0.996,0.993	0.004
0.967,0.939	0.948,0.944	0.007
1.0,1.0	1.0,0.952	0.024
1.0,1.0	1.0,0.979	0.01
0.938,0.978	0.948,1.0	-0.016
0.952,0.985	0.993,0.987	-0.022
0.997,0.998	1.0,0.995	0.0
0.998,0.999	1.0,0.996	0.0
0.197,0.425	0.11,0.0	0.256
1.0,0.994	1.0,1.0	-0.003
1.0,0.996	1.0,1.0	-0.002
1.0,0.996	1.0,1.0	-0.002
1.0,0.963	0.992,0.973	-0.001
1.0,1.0	0.984,1.0	0.008
0.989,0.992	0.985,1.0	-0.002
1.0,1.0	0.945,1.0	0.028
0.994,1.0	1.0,1.0	-0.003
0.971,0.987	0.953,0.919	0.043
1.0,0.977	1.0,1.0	-0.012
NA,1.0	0.0,1.0	0.5
NA,1.0	0.6,1.0	0.2
0.089,0.06	0.075,0.107	-0.017
0.026,0.035	0.066,0.114	-0.059
1.0,0.975	1.0,1.0	-0.012
0.998,1.0	1.0,1.0	-0.001
0.819,0.755	0.833,0.822	-0.04
1.0,0.982	0.99,1.0	-0.004
1.0,0.974	0.987,1.0	-0.007
1.0,1.0	0.992,1.0	0.004
1.0,1.0	0.4,0.846	0.377
0.989,1.0	0.992,1.0	-0.002
0.985,1.0	1.0,1.0	-0.008
0.98,0.994	0.983,1.0	-0.005
0.943,1.0	0.885,0.794	0.132
0.044,0.097	0.045,0.067	0.015
0.998,1.0	0.999,1.0	-0.001
0.997,0.999	0.999,1.0	-0.002
1.0,0.985	1.0,1.0	-0.008
0.968,0.947	0.96,0.957	-0.001
0.994,0.991	1.0,1.0	-0.008
1.0,1.0	0.997,1.0	0.002
1.0,0.994	0.996,0.992	0.003
1.0,0.979	1.0,1.0	-0.01
0.04,0.009	0.014,0.053	-0.009
1.0,1.0	1.0,0.987	0.006
0.909,1.0	1.0,1.0	-0.045
1.0,0.949	0.936,1.0	0.006
0.995,0.993	1.0,1.0	-0.006
0.987,1.0	1.0,1.0	-0.006
1.0,1.0	0.993,1.0	0.004
1.0,1.0	0.983,1.0	0.008
1.0,1.0	0.983,1.0	0.008
0.026,0.129	0.028,0.0	0.064
0.069,0.072	0.06,0.073	0.004
1.0,1.0	0.914,1.0	0.043
0.92,0.913	1.0,1.0	-0.083
0.946,0.925	1.0,1.0	-0.065
0.913,0.789	1.0,1.0	-0.149
0.286,0.21	0.391,0.54	-0.218
0.996,0.999	0.998,0.996	0.001
0.97,1.0	0.883,1.0	0.043
1.0,0.993	1.0,1.0	-0.004
0.12,0.116	0.117,0.074	0.022
0.978,1.0	1.0,1.0	-0.011
0.93,1.0	1.0,1.0	-0.035
0.969,0.939	0.826,1.0	0.041
0.925,0.835	0.584,1.0	0.088
0.983,0.989	0.904,0.949	0.059
1.0,0.985	0.993,1.0	-0.004
1.0,0.989	1.0,1.0	-0.006
0.989,1.0	0.982,1.0	0.003
0.922,0.802	0.932,0.956	-0.082
0.971,0.946	0.932,0.974	0.005
0.997,1.0	1.0,1.0	-0.002
0.079,0.098	0.095,0.126	-0.022
0.068,0.079	0.081,0.104	-0.019
0.966,1.0	1.0,1.0	-0.017
1.0,1.0	1.0,0.89	0.055
0.138,0.0	0.0,0.0	0.069
0.988,0.968	0.986,1.0	-0.015
0.954,0.958	0.957,1.0	-0.022
1.0,0.381	0.552,NA	0.138
0.988,1.0	1.0,1.0	-0.006
0.11,0.084	0.099,0.118	-0.011
0.986,0.99	0.987,0.972	0.008
1.0,0.948	0.981,1.0	-0.016
0.2,0.0	0.0,0.0	0.1
1.0,0.997	1.0,1.0	-0.002
1.0,0.998	0.998,1.0	0.0
1.0,0.955	1.0,1.0	-0.022
0.973,1.0	1.0,1.0	-0.014
0.949,1.0	1.0,1.0	-0.026
0.918,1.0	1.0,1.0	-0.041
1.0,0.967	1.0,1.0	-0.016
1.0,0.901	1.0,1.0	-0.049
1.0,0.946	1.0,1.0	-0.027
1.0,0.988	1.0,1.0	-0.006
0.991,0.994	0.95,0.908	0.063
1.0,0.988	1.0,1.0	-0.006
0.989,0.992	1.0,1.0	-0.01
0.983,0.988	1.0,1.0	-0.014
1.0,1.0	1.0,0.981	0.01
1.0,1.0	1.0,0.978	0.011
0.096,0.093	0.037,0.034	0.059
0.868,0.838	0.809,0.876	0.01
1.0,0.992	1.0,1.0	-0.004
0.191,0.0	0.0,0.0	0.096
0.075,0.114	0.095,0.104	-0.005
0.995,1.0	1.0,1.0	-0.002
1.0,0.994	1.0,1.0	-0.003
0.003,0.0	0.005,0.0	-0.001
0.938,0.893	0.938,1.0	-0.053
0.034,0.035	0.062,0.017	-0.005
1.0,1.0	0.959,1.0	0.02
1.0,0.975	1.0,0.98	-0.002
1.0,1.0	1.0,0.993	0.004
1.0,0.984	1.0,1.0	-0.008
0.9,0.871	0.824,1.0	-0.026
1.0,0.926	0.688,1.0	0.119
0.38,0.471	0.527,0.769	-0.223
0.565,0.655	0.765,0.882	-0.214
0.936,1.0	0.923,0.865	0.074
1.0,0.983	1.0,1.0	-0.008
0.957,0.933	0.964,1.0	-0.037
0.115,0.181	0.284,0.31	-0.149
0.989,1.0	1.0,1.0	-0.006
0.994,1.0	1.0,1.0	-0.003
1.0,1.0	1.0,0.994	0.003
0.182,0.216	0.114,0.207	0.039
0.14,0.167	0.051,0.141	0.058
0.959,1.0	0.987,1.0	-0.014
0.972,1.0	0.991,1.0	-0.01
0.96,1.0	0.988,1.0	-0.014
0.959,1.0	0.987,1.0	-0.014
0.966,1.0	0.989,1.0	-0.011
1.0,0.997	0.997,1.0	0.0
0.96,0.99	0.977,1.0	-0.013
1.0,0.997	1.0,1.0	-0.002
0.841,0.949	0.841,0.87	0.04
0.213,0.0	NA,0.351	-0.244
1.0,0.991	1.0,1.0	-0.004
1.0,0.986	1.0,0.977	0.005
1.0,0.999	1.0,1.0	-0.0
1.0,1.0	1.0,0.995	0.002
1.0,0.818	0.733,0.778	0.153
1.0,0.984	0.97,0.959	0.028
1.0,0.99	0.98,0.974	0.018
0.446,1.0	0.801,0.326	0.159
1.0,0.999	1.0,1.0	-0.0
0.987,1.0	0.962,1.0	0.013
0.901,0.875	0.92,1.0	-0.072
1.0,0.97	1.0,1.0	-0.015
0.978,0.978	1.0,1.0	-0.022
0.793,1.0	0.918,1.0	-0.062
1.0,0.99	1.0,1.0	-0.005
1.0,1.0	1.0,0.981	0.01
0.928,0.926	0.882,0.83	0.071
NA,1.0	0.0,1.0	0.5
1.0,1.0	0.979,1.0	0.01
1.0,1.0	0.983,1.0	0.008
1.0,0.994	1.0,0.945	0.025
0.988,1.0	1.0,1.0	-0.006
0.881,0.849	0.927,0.956	-0.077
1.0,0.962	1.0,1.0	-0.019
1.0,0.989	1.0,1.0	-0.006
1.0,1.0	0.997,1.0	0.002
1.0,0.997	1.0,1.0	-0.002
0.995,0.998	0.995,1.0	-0.001
0.463,0.647	0.769,0.545	-0.102
0.6,0.739	0.85,0.697	-0.104
0.5,0.667	0.769,0.545	-0.074
1.0,1.0	1.0,0.993	0.004
0.66,0.815	0.968,0.625	-0.059
1.0,0.983	0.99,0.936	0.028
0.981,1.0	1.0,1.0	-0.01
0.982,1.0	1.0,1.0	-0.009
0.0,0.023	0.0,0.034	-0.006
0.915,0.833	0.652,0.5	0.298
1.0,1.0	1.0,0.894	0.053
0.98,0.984	1.0,1.0	-0.018
1.0,1.0	1.0,0.942	0.029
1.0,1.0	1.0,0.778	0.111
0.944,0.911	0.976,0.972	-0.046
1.0,0.99	1.0,1.0	-0.005
0.818,0.75	0.846,1.0	-0.139
0.853,0.904	0.888,1.0	-0.065
0.917,0.917	0.923,1.0	-0.044
0.102,0.029	0.0,0.037	0.047
0.941,1.0	1.0,1.0	-0.03
0.933,1.0	1.0,1.0	-0.033
1.0,0.992	1.0,1.0	-0.004
1.0,0.993	1.0,1.0	-0.004
1.0,0.907	0.965,1.0	-0.029
0.995,1.0	1.0,0.99	0.003
1.0,1.0	0.918,1.0	0.041
0.819,0.659	0.801,0.768	-0.045
0.903,1.0	1.0,1.0	-0.048
0.071,0.082	0.034,0.079	0.02
0.33,0.359	0.402,0.352	-0.032
0.834,0.84	0.8,0.783	0.045
0.376,0.399	0.462,0.382	-0.035
0.915,0.875	0.981,0.87	-0.03
1.0,1.0	0.98,0.9	0.06
0.99,1.0	1.0,1.0	-0.005
1.0,0.997	1.0,1.0	-0.002
1.0,1.0	1.0,0.979	0.01
1.0,0.992	0.988,1.0	0.002
1.0,1.0	1.0,0.996	0.002
0.24,0.187	0.23,0.251	-0.027
0.141,0.074	0.07,0.016	0.064
0.977,1.0	1.0,1.0	-0.012
0.52,0.406	0.458,0.543	-0.038
0.809,0.771	0.813,0.881	-0.057
1.0,1.0	0.984,1.0	0.008
1.0,1.0	0.957,1.0	0.022
0.308,0.304	0.357,0.368	-0.056
1.0,0.988	1.0,1.0	-0.006
0.878,0.983	1.0,0.952	-0.045
0.945,0.963	0.952,0.948	0.004
1.0,1.0	0.993,1.0	0.004
1.0,1.0	0.985,1.0	0.008
0.949,0.945	0.969,0.963	-0.019
0.976,0.972	0.937,0.945	0.033
0.997,0.998	1.0,1.0	-0.002
0.041,0.35	0.059,0.0	0.166
0.612,0.827	0.804,0.832	-0.099
0.393,0.691	0.68,0.697	-0.146
1.0,0.98	0.944,1.0	0.018
1.0,0.895	1.0,1.0	-0.052
1.0,0.991	1.0,1.0	-0.004
0.975,1.0	1.0,1.0	-0.012
0.977,0.98	1.0,1.0	-0.022
0.957,0.967	1.0,1.0	-0.038
0.902,1.0	1.0,0.937	-0.017
1.0,1.0	0.973,1.0	0.014
0.028,0.014	0.0,0.0	0.021
0.987,1.0	1.0,1.0	-0.006
0.947,1.0	1.0,1.0	-0.026
0.989,1.0	1.0,1.0	-0.006
1.0,0.991	1.0,1.0	-0.004
0.982,0.973	1.0,1.0	-0.022
0.867,0.826	1.0,1.0	-0.153
0.992,1.0	1.0,1.0	-0.004
1.0,0.985	1.0,1.0	-0.008
0.176,0.145	0.065,0.11	0.073
0.973,1.0	1.0,1.0	-0.014
0.993,1.0	1.0,1.0	-0.004
1.0,1.0	0.985,1.0	0.008
0.993,1.0	0.992,1.0	0.0
0.996,1.0	1.0,0.989	0.004
1.0,0.993	1.0,1.0	-0.004
1.0,0.996	1.0,1.0	-0.002
1.0,1.0	0.985,1.0	0.008
0.878,0.859	0.866,0.855	0.008
0.342,0.258	0.265,0.119	0.108
0.194,0.155	0.135,0.076	0.069
0.065,0.09	0.221,0.159	-0.113
0.981,1.0	0.978,0.947	0.028
0.997,1.0	1.0,1.0	-0.002
0.829,1.0	1.0,1.0	-0.086
1.0,0.937	0.971,1.0	-0.017
0.707,0.88	0.852,1.0	-0.132
0.838,0.932	0.857,1.0	-0.043
0.968,1.0	1.0,1.0	-0.016
0.01,0.01	0.01,0.002	0.004
0.303,0.305	0.065,NA	0.239
1.0,0.996	1.0,1.0	-0.002
1.0,1.0	0.993,1.0	0.004
1.0,1.0	1.0,0.954	0.023
0.994,1.0	1.0,1.0	-0.003
0.688,1.0	1.0,1.0	-0.156
1.0,1.0	0.998,1.0	0.001
1.0,0.969	1.0,1.0	-0.016
0.1,0.113	0.153,0.18	-0.06
0.994,1.0	1.0,1.0	-0.003
1.0,1.0	0.991,1.0	0.004
1.0,0.968	0.949,1.0	0.01
1.0,0.996	1.0,1.0	-0.002
1.0,0.98	1.0,1.0	-0.01
NA,1.0	0.402,NA	0.598
0.999,1.0	1.0,1.0	-0.0
0.969,0.97	0.937,0.874	0.064
1.0,1.0	0.99,0.965	0.022
0.985,1.0	1.0,1.0	-0.008
1.0,0.997	1.0,1.0	-0.002
0.421,0.345	0.222,0.363	0.091
1.0,0.998	0.998,1.0	0.0
0.99,0.993	0.995,0.996	-0.004
0.827,0.729	0.787,0.746	0.012
1.0,0.993	0.991,1.0	0.001
0.995,0.99	0.992,0.991	0.001
0.5,0.286	0.4,0.333	0.026
1.0,0.996	1.0,1.0	-0.002
0.983,1.0	1.0,1.0	-0.008
0.819,1.0	0.791,1.0	0.014
1.0,1.0	1.0,0.983	0.008
1.0,0.932	1.0,0.92	0.006
0.28,0.172	0.765,0.769	-0.541
0.061,0.072	0.068,0.074	-0.005
0.999,1.0	1.0,0.999	0.0
1.0,1.0	1.0,0.977	0.012
1.0,1.0	1.0,1.0	0.0
0.974,1.0	1.0,1.0	-0.013
0.44,0.834	1.0,1.0	-0.363
0.615,0.878	1.0,1.0	-0.254
0.181,0.769	1.0,1.0	-0.525
1.0,1.0	0.96,0.956	0.042
1.0,1.0	0.857,0.826	0.159
0.0,0.007	0.008,0.01	-0.006
0.912,0.795	0.949,0.887	-0.064
0.938,0.853	0.962,0.92	-0.046
0.959,0.883	0.969,0.933	-0.03
0.971,1.0	1.0,1.0	-0.014
1.0,0.987	1.0,1.0	-0.006
0.993,0.988	0.997,0.994	-0.005
1.0,0.992	0.995,1.0	-0.002
0.989,1.0	1.0,1.0	-0.006
0.99,1.0	1.0,1.0	-0.005
1.0,0.995	1.0,1.0	-0.002
NA,1.0	0.699,0.0	0.651
1.0,NA	1.0,0.6	0.2
1.0,0.994	0.991,0.986	0.009
1.0,1.0	0.982,1.0	0.009
1.0,1.0	0.989,1.0	0.006
0.988,1.0	1.0,1.0	-0.006
0.014,0.0	0.02,0.0	-0.003
1.0,0.985	1.0,1.0	-0.008
0.997,1.0	1.0,1.0	-0.002
1.0,1.0	0.962,1.0	0.019
1.0,0.99	1.0,1.0	-0.005
0.87,0.892	0.916,0.935	-0.044
0.0,0.088	0.178,1.0	-0.545
1.0,0.991	0.988,1.0	0.002
0.636,0.597	0.543,0.517	0.087
0.894,0.792	0.937,1.0	-0.126
0.846,0.701	0.892,1.0	-0.172
1.0,1.0	0.996,1.0	0.002
1.0,1.0	1.0,0.991	0.004
0.991,1.0	1.0,1.0	-0.004
1.0,0.962	1.0,1.0	-0.019
0.917,1.0	1.0,1.0	-0.041
0.991,0.988	1.0,1.0	-0.01
0.989,0.914	1.0,1.0	-0.048
0.412,0.286	1.0,0.231	-0.267
1.0,1.0	0.999,1.0	0.0
0.997,0.999	0.994,1.0	0.001
0.946,1.0	0.957,1.0	-0.005
1.0,0.97	1.0,1.0	-0.015
0.857,1.0	1.0,1.0	-0.072
0.8,1.0	1.0,1.0	-0.1
0.667,1.0	1.0,NA	-0.166
0.133,0.117	0.097,0.13	0.011
1.0,0.993	0.987,1.0	0.003
0.966,0.971	0.961,0.973	0.001
0.932,1.0	1.0,1.0	-0.034
0.998,1.0	1.0,1.0	-0.001
1.0,0.995	1.0,1.0	-0.002
0.998,1.0	1.0,1.0	-0.001
1.0,0.994	1.0,1.0	-0.003
1.0,1.0	0.943,1.0	0.028
0.991,0.997	1.0,1.0	-0.006
0.997,1.0	1.0,1.0	-0.002
1.0,1.0	0.994,1.0	0.003
0.017,0.009	0.005,0.0	0.011
0.96,0.983	0.994,1.0	-0.025
1.0,1.0	0.985,1.0	0.008
0.963,1.0	1.0,1.0	-0.018
0.987,1.0	1.0,1.0	-0.006
0.994,1.0	1.0,1.0	-0.003
0.998,0.998	1.0,1.0	-0.002
0.987,0.988	1.0,1.0	-0.012
0.724,0.636	0.75,1.0	-0.195
1.0,1.0	1.0,0.893	0.053
0.977,0.99	0.996,0.991	-0.01
1.0,0.995	1.0,1.0	-0.002
0.935,0.947	1.0,0.869	0.007
0.971,0.855	0.961,0.933	-0.034
1.0,1.0	1.0,0.462	0.269
1.0,1.0	1.0,0.556	0.222
1.0,1.0	0.925,1.0	0.037
0.86,0.952	0.926,1.0	-0.057
0.997,1.0	1.0,1.0	-0.002
0.992,1.0	1.0,1.0	-0.004
1.0,1.0	0.995,1.0	0.002
0.965,1.0	1.0,1.0	-0.018
0.945,1.0	1.0,1.0	-0.028
0.84,1.0	1.0,1.0	-0.08
0.426,0.585	0.343,0.382	0.143
0.2,1.0	1.0,1.0	-0.4
0.153,0.418	0.182,0.167	0.111
1.0,0.999	1.0,1.0	-0.0
1.0,1.0	0.902,1.0	0.049
0.968,0.978	1.0,1.0	-0.027
0.993,0.998	0.997,0.993	0.001
1.0,1.0	0.961,1.0	0.02
0.328,0.271	0.414,0.391	-0.103
1.0,0.981	1.0,1.0	-0.01
0.636,0.689	0.697,0.75	-0.061
0.652,0.708	0.677,0.75	-0.034
0.122,0.074	0.088,0.077	0.016
0.0,0.0	0.0,0.04	-0.02
0.965,0.951	0.874,0.808	0.117
0.789,0.918	1.0,1.0	-0.146
1.0,1.0	0.849,1.0	0.076
0.995,1.0	1.0,1.0	-0.002
0.25,0.333	0.364,0.364	-0.073
1.0,0.986	1.0,1.0	-0.007
0.969,0.975	0.903,0.934	0.053
0.925,0.88	0.94,0.989	-0.062
0.944,1.0	0.935,1.0	0.004
0.0,0.024	0.167,0.0	-0.072
1.0,0.985	1.0,1.0	-0.008
0.985,1.0	1.0,1.0	-0.008
1.0,1.0	0.98,1.0	0.01
0.0,0.03	0.0,0.03	0.0
0.994,1.0	1.0,1.0	-0.003
0.995,1.0	1.0,1.0	-0.002
1.0,0.832	1.0,0.838	-0.003
1.0,1.0	0.943,1.0	0.028
1.0,1.0	0.867,1.0	0.067
1.0,1.0	0.976,1.0	0.012
0.929,1.0	1.0,1.0	-0.035
0.985,1.0	1.0,1.0	-0.008
0.352,0.547	0.336,0.418	0.073
0.356,0.487	0.274,0.257	0.156
1.0,0.993	1.0,1.0	-0.004
0.87,0.962	0.92,0.872	0.02
0.939,0.983	0.973,0.937	0.006
1.0,0.994	1.0,1.0	-0.003
0.484,0.374	0.332,0.427	0.049
1.0,1.0	1.0,0.999	0.0
1.0,1.0	1.0,1.0	0.0
