IncLevel1	IncLevel2	IncLevelDifference
0.998,0.995	0.997,0.997	-0.001
1.0,NA	0.0,NA	1.0
0.982,0.993	1.0,1.0	-0.012
1.0,1.0	1.0,1.0	0.0
1.0,1.0	1.0,1.0	0.0
1.0,1.0	0.962,1.0	0.019
1.0,0.99	1.0,1.0	-0.005
0.998,1.0	1.0,1.0	-0.001
0.998,1.0	1.0,1.0	-0.001
1.0,1.0	1.0,0.994	0.003
1.0,1.0	1.0,0.995	0.002
1.0,0.984	1.0,1.0	-0.008
0.089,0.058	0.0,0.0	0.073
1.0,0.998	1.0,1.0	-0.001
0.511,0.549	0.256,0.277	0.264
0.984,0.995	0.99,0.994	-0.002
0.998,0.998	1.0,1.0	-0.002
0.465,0.681	0.781,0.64	-0.137
0.99,1.0	1.0,1.0	-0.005
1.0,0.993	1.0,0.99	0.001
1.0,0.994	1.0,0.967	0.013
1.0,1.0	1.0,0.98	0.01
0.299,0.0	0.0,NA	0.149
0.223,0.0	0.0,NA	0.112
0.984,0.99	1.0,0.985	-0.005
1.0,1.0	0.88,1.0	0.06
1.0,0.978	1.0,1.0	-0.011
1.0,0.985	1.0,0.886	0.049
1.0,0.986	1.0,0.923	0.031
0.857,0.8	NA,1.0	-0.171
0.862,1.0	NA,1.0	-0.069
1.0,1.0	0.684,0.52	0.398
1.0,1.0	0.694,0.752	0.277
1.0,1.0	1.0,1.0	0.0
1.0,1.0	1.0,1.0	0.0
0.974,1.0	1.0,1.0	-0.013
1.0,0.997	1.0,0.986	0.005
1.0,0.996	1.0,1.0	-0.002
1.0,1.0	0.995,0.99	0.008
1.0,0.996	1.0,1.0	-0.002
0.968,1.0	1.0,1.0	-0.016
1.0,1.0	1.0,0.98	0.01
0.999,1.0	1.0,1.0	-0.0
0.018,0.019	0.039,0.044	-0.023
0.082,0.078	0.065,0.154	-0.029
1.0,1.0	0.991,1.0	0.004
0.997,0.99	1.0,0.99	-0.001
0.995,0.983	1.0,0.984	-0.003
0.998,1.0	1.0,1.0	-0.001
0.997,1.0	1.0,1.0	-0.002
1.0,1.0	0.993,1.0	0.004
1.0,0.997	1.0,1.0	-0.002
0.988,1.0	1.0,1.0	-0.006
1.0,1.0	1.0,0.962	0.019
0.995,1.0	1.0,1.0	-0.002
1.0,0.999	1.0,1.0	-0.0
0.994,0.993	0.992,0.994	0.001
0.012,0.014	0.01,0.0	0.008
0.996,1.0	1.0,1.0	-0.002
0.001,0.004	0.002,0.002	0.001
1.0,1.0	0.997,1.0	0.002
1.0,0.997	1.0,1.0	-0.002
1.0,0.991	1.0,1.0	-0.004
0.993,1.0	1.0,1.0	-0.004
0.516,0.536	0.426,0.403	0.112
0.128,0.178	0.213,0.265	-0.086
0.143,0.196	0.235,0.212	-0.054
1.0,0.999	1.0,1.0	-0.0
0.996,1.0	0.995,1.0	0.0
1.0,0.988	1.0,1.0	-0.006
0.499,0.399	0.428,0.499	-0.015
0.666,0.833	0.846,1.0	-0.173
1.0,0.981	1.0,1.0	-0.01
1.0,1.0	1.0,1.0	0.0
1.0,0.884	1.0,1.0	-0.058
1.0,0.935	1.0,1.0	-0.032
0.918,0.878	0.882,0.932	-0.009
0.704,0.555	0.405,0.576	0.139
0.329,0.328	0.254,0.293	0.055
1.0,1.0	0.998,1.0	0.001
1.0,1.0	0.996,1.0	0.002
1.0,1.0	0.994,1.0	0.003
1.0,1.0	0.988,1.0	0.006
0.895,0.737	0.752,0.551	0.165
0.954,0.993	0.979,1.0	-0.016
0.988,0.978	1.0,1.0	-0.017
0.908,0.894	1.0,0.779	0.012
1.0,1.0	0.568,1.0	0.216
0.99,1.0	0.987,1.0	0.001
0.961,1.0	1.0,0.974	-0.007
0.792,1.0	1.0,1.0	-0.104
0.567,1.0	1.0,NA	-0.217
0.958,1.0	1.0,1.0	-0.021
1.0,1.0	0.961,1.0	0.02
0.988,0.986	0.876,0.897	0.1
1.0,1.0	0.999,1.0	0.0
1.0,1.0	0.993,1.0	0.004
1.0,0.997	1.0,1.0	-0.002
1.0,1.0	1.0,0.984	0.008
0.739,0.617	0.788,0.676	-0.054
0.713,0.7	0.705,0.832	-0.062
0.362,0.547	0.397,0.714	-0.101
0.2,0.434	0.585,0.434	-0.192
1.0,0.987	1.0,1.0	-0.006
1.0,0.994	1.0,1.0	-0.003
1.0,0.991	1.0,1.0	-0.004
1.0,0.997	1.0,1.0	-0.002
0.027,0.022	0.0,0.0	0.025
1.0,0.92	1.0,0.971	-0.026
0.997,1.0	1.0,1.0	-0.002
1.0,0.928	1.0,0.777	0.075
1.0,0.995	1.0,1.0	-0.002
0.908,1.0	1.0,0.621	0.143
0.916,0.895	0.974,0.967	-0.065
0.334,0.385	1.0,0.294	-0.287
1.0,0.992	1.0,1.0	-0.004
1.0,0.989	1.0,1.0	-0.006
0.704,0.731	0.814,0.871	-0.125
1.0,0.96	1.0,1.0	-0.02
1.0,1.0	1.0,0.954	0.023
0.988,1.0	1.0,1.0	-0.006
0.076,0.092	0.397,0.497	-0.363
0.987,1.0	1.0,1.0	-0.006
0.989,1.0	1.0,1.0	-0.006
1.0,0.995	1.0,1.0	-0.002
1.0,1.0	1.0,1.0	0.0
1.0,0.999	1.0,1.0	-0.0
1.0,1.0	0.954,1.0	0.023
0.075,0.142	0.083,0.11	0.012
0.901,1.0	1.0,1.0	-0.049
0.988,1.0	1.0,1.0	-0.006
0.761,0.653	0.493,0.722	0.1
0.989,1.0	1.0,1.0	-0.006
1.0,0.988	0.994,0.971	0.012
1.0,1.0	0.992,1.0	0.004
0.978,0.989	1.0,0.993	-0.013
0.995,1.0	1.0,1.0	-0.002
0.979,1.0	1.0,1.0	-0.01
1.0,0.979	1.0,1.0	-0.01
0.986,1.0	0.987,1.0	-0.001
0.996,1.0	1.0,1.0	-0.002
0.652,0.123	0.711,0.219	-0.077
1.0,0.993	1.0,1.0	-0.004
1.0,0.805	1.0,1.0	-0.097
0.556,0.777	0.918,1.0	-0.292
1.0,0.991	1.0,1.0	-0.004
0.869,0.873	0.864,0.795	0.041
1.0,1.0	1.0,0.954	0.023
1.0,0.966	1.0,1.0	-0.017
0.992,1.0	1.0,1.0	-0.004
0.966,1.0	1.0,1.0	-0.017
0.657,1.0	1.0,1.0	-0.171
1.0,0.813	0.0,1.0	0.406
0.0,1.0	NA,1.0	-0.5
0.896,0.925	0.957,0.949	-0.042
0.994,1.0	0.992,1.0	0.001
1.0,1.0	1.0,1.0	0.0
1.0,1.0	1.0,1.0	0.0
0.943,0.918	1.0,1.0	-0.07
0.987,1.0	1.0,1.0	-0.006
0.0,0.0	0.0,0.0	0.0
1.0,1.0	1.0,0.986	0.007
0.981,1.0	1.0,1.0	-0.01
0.976,1.0	1.0,1.0	-0.012
0.078,0.033	0.184,0.253	-0.163
0.0,0.094	0.078,0.11	-0.047
0.601,0.583	0.556,0.636	-0.004
0.264,0.374	0.348,0.261	0.015
0.995,1.0	1.0,1.0	-0.002
1.0,0.98	1.0,1.0	-0.01
1.0,0.986	1.0,1.0	-0.007
0.999,1.0	1.0,1.0	-0.0
0.995,1.0	1.0,1.0	-0.002
0.975,1.0	1.0,1.0	-0.012
0.949,0.91	0.872,0.844	0.072
1.0,0.998	1.0,1.0	-0.001
1.0,0.972	1.0,1.0	-0.014
1.0,0.907	0.787,1.0	0.06
1.0,0.996	1.0,1.0	-0.002
0.95,0.97	0.948,1.0	-0.014
0.988,0.997	0.998,0.995	-0.004
1.0,0.999	1.0,1.0	-0.0
1.0,0.998	1.0,1.0	-0.001
1.0,1.0	1.0,0.999	0.0
1.0,0.987	1.0,1.0	-0.006
0.999,0.999	1.0,1.0	-0.001
0.004,0.002	0.001,0.007	-0.001
0.016,0.041	0.012,0.027	0.009
1.0,1.0	0.96,1.0	0.02
0.999,1.0	1.0,1.0	-0.0
1.0,1.0	0.837,1.0	0.082
1.0,0.991	1.0,1.0	-0.004
0.948,1.0	1.0,1.0	-0.026
0.562,0.507	0.0,NA	0.534
0.557,0.503	0.678,0.546	-0.082
0.981,1.0	1.0,1.0	-0.01
0.975,1.0	1.0,1.0	-0.012
0.0,NA	NA,1.0	-1.0
0.999,0.997	0.998,1.0	-0.001
0.998,1.0	1.0,1.0	-0.001
1.0,0.968	1.0,1.0	-0.016
0.983,0.986	1.0,1.0	-0.016
0.984,1.0	1.0,0.984	0.0
0.841,0.904	0.94,0.887	-0.041
0.981,1.0	1.0,1.0	-0.01
0.998,1.0	1.0,1.0	-0.001
0.992,1.0	1.0,1.0	-0.004
0.019,0.0	0.009,0.01	0.0
1.0,1.0	1.0,0.966	0.017
0.343,0.488	0.272,0.167	0.196
1.0,1.0	1.0,0.949	0.026
1.0,0.99	1.0,1.0	-0.005
0.932,0.849	0.906,0.867	0.004
0.996,1.0	1.0,1.0	-0.002
0.998,1.0	1.0,1.0	-0.001
0.547,0.578	0.462,0.388	0.137
0.965,0.986	0.965,0.981	0.003
1.0,0.997	1.0,1.0	-0.002
1.0,0.993	0.977,0.98	0.018
0.113,0.139	0.114,0.075	0.032
0.987,1.0	1.0,1.0	-0.006
0.99,1.0	1.0,1.0	-0.005
0.996,1.0	1.0,1.0	-0.002
0.819,0.777	0.84,0.953	-0.098
0.997,1.0	1.0,1.0	-0.002
0.995,1.0	1.0,1.0	-0.002
0.997,0.998	0.999,0.995	0.001
0.997,1.0	1.0,0.987	0.005
1.0,1.0	0.992,1.0	0.004
1.0,0.993	1.0,1.0	-0.004
0.136,0.098	0.189,0.145	-0.05
0.992,1.0	0.99,0.984	0.009
1.0,1.0	0.997,1.0	0.002
1.0,1.0	1.0,0.996	0.002
0.769,0.924	0.893,1.0	-0.1
1.0,1.0	1.0,0.994	0.003
0.805,0.922	0.898,1.0	-0.086
0.962,1.0	1.0,1.0	-0.019
1.0,0.971	1.0,1.0	-0.014
1.0,0.996	1.0,1.0	-0.002
1.0,1.0	0.669,1.0	0.165
1.0,0.987	1.0,1.0	-0.006
0.986,0.988	0.997,1.0	-0.011
0.971,0.978	0.995,1.0	-0.023
1.0,1.0	0.998,1.0	0.001
1.0,0.994	1.0,1.0	-0.003
1.0,0.993	1.0,1.0	-0.004
0.265,0.29	0.144,0.169	0.121
0.955,1.0	0.979,0.961	0.008
0.987,1.0	0.995,1.0	-0.004
1.0,1.0	0.999,1.0	0.0
1.0,1.0	0.997,1.0	0.002
1.0,0.996	1.0,1.0	-0.002
0.995,1.0	1.0,1.0	-0.002
0.981,0.975	0.951,0.981	0.012
0.916,0.959	1.0,0.894	-0.01
0.968,0.988	1.0,0.958	-0.001
0.994,0.995	1.0,1.0	-0.006
0.998,0.998	1.0,1.0	-0.002
0.988,1.0	1.0,1.0	-0.006
0.977,0.956	1.0,1.0	-0.034
0.987,0.987	0.976,0.907	0.045
1.0,0.99	1.0,1.0	-0.005
0.995,1.0	1.0,1.0	-0.002
1.0,0.263	1.0,NA	-0.369
1.0,0.94	0.932,1.0	0.004
1.0,1.0	1.0,0.947	0.026
1.0,1.0	1.0,0.916	0.042
0.007,0.007	0.005,0.003	0.003
1.0,1.0	1.0,0.998	0.001
1.0,0.908	1.0,NA	-0.046
1.0,1.0	0.998,1.0	0.001
1.0,1.0	0.983,1.0	0.008
0.941,1.0	1.0,1.0	-0.03
0.962,1.0	1.0,1.0	-0.019
0.989,1.0	1.0,1.0	-0.006
1.0,0.963	1.0,1.0	-0.018
0.951,1.0	1.0,1.0	-0.024
1.0,0.976	1.0,0.958	0.009
0.998,0.992	0.997,0.994	-0.001
0.992,1.0	0.992,0.99	0.005
1.0,0.997	1.0,1.0	-0.002
0.996,1.0	1.0,1.0	-0.002
0.957,0.991	1.0,0.951	-0.002
0.991,1.0	1.0,1.0	-0.004
1.0,1.0	1.0,0.991	0.004
1.0,0.993	1.0,1.0	-0.004
1.0,1.0	0.977,1.0	0.012
0.893,0.888	0.9,0.926	-0.022
0.992,1.0	1.0,1.0	-0.004
1.0,0.994	1.0,1.0	-0.003
0.931,1.0	1.0,1.0	-0.034
0.997,1.0	1.0,1.0	-0.002
0.965,1.0	1.0,1.0	-0.018
0.117,0.108	0.123,0.146	-0.022
1.0,1.0	0.741,0.632	0.314
1.0,0.848	1.0,1.0	-0.076
0.0,0.004	0.0,0.0	0.002
0.986,1.0	1.0,1.0	-0.007
1.0,0.875	1.0,1.0	-0.062
0.993,0.991	0.996,1.0	-0.006
1.0,1.0	1.0,0.92	0.04
0.951,1.0	1.0,1.0	-0.024
0.387,0.342	0.265,0.136	0.164
0.988,1.0	1.0,0.981	0.004
0.902,1.0	1.0,0.902	0.0
0.986,0.971	1.0,1.0	-0.022
0.965,0.928	1.0,1.0	-0.053
0.987,1.0	1.0,1.0	-0.006
1.0,0.998	1.0,1.0	-0.001
1.0,1.0	0.999,1.0	0.0
1.0,0.995	0.99,1.0	0.003
0.982,0.995	0.991,1.0	-0.007
0.229,0.159	0.184,0.184	0.01
0.995,1.0	1.0,1.0	-0.002
0.977,0.983	0.98,0.97	0.005
0.089,0.051	0.0,0.038	0.051
0.12,0.094	0.018,0.037	0.08
0.994,0.998	1.0,0.987	0.002
1.0,1.0	0.993,1.0	0.004
1.0,1.0	1.0,0.872	0.064
0.0,0.0	0.001,0.0	-0.001
0.996,0.995	1.0,1.0	-0.004
1.0,1.0	1.0,0.998	0.001
1.0,0.999	1.0,1.0	-0.0
0.982,1.0	0.985,1.0	-0.001
0.998,1.0	1.0,1.0	-0.001
0.996,0.989	1.0,1.0	-0.008
0.939,1.0	1.0,1.0	-0.03
0.601,0.556	0.789,0.705	-0.168
0.815,0.838	0.843,0.843	-0.016
0.973,1.0	1.0,0.97	0.001
0.999,1.0	1.0,1.0	-0.0
0.995,1.0	1.0,1.0	-0.002
1.0,0.991	1.0,1.0	-0.004
1.0,0.997	1.0,1.0	-0.002
0.975,0.996	1.0,1.0	-0.014
0.928,1.0	1.0,1.0	-0.036
0.999,1.0	1.0,1.0	-0.0
0.982,1.0	1.0,0.98	0.001
0.983,0.989	0.972,1.0	0.0
1.0,0.999	1.0,1.0	-0.0
1.0,0.999	1.0,1.0	-0.0
0.999,1.0	1.0,1.0	-0.0
0.179,0.101	0.065,0.052	0.082
0.164,0.109	0.05,0.041	0.091
1.0,0.998	1.0,1.0	-0.001
0.982,0.973	0.986,1.0	-0.015
0.968,0.996	0.997,0.987	-0.01
1.0,0.996	1.0,1.0	-0.002
1.0,1.0	0.99,1.0	0.005
1.0,1.0	0.986,1.0	0.007
0.971,1.0	1.0,1.0	-0.014
1.0,1.0	1.0,0.996	0.002
0.995,1.0	1.0,1.0	-0.002
1.0,0.999	1.0,1.0	-0.0
0.919,1.0	1.0,1.0	-0.04
0.016,0.032	0.008,0.005	0.018
1.0,1.0	0.999,1.0	0.0
0.994,0.991	0.983,0.99	0.006
0.998,0.986	0.992,0.981	0.006
1.0,0.995	1.0,1.0	-0.002
0.974,0.981	0.884,0.815	0.128
1.0,1.0	1.0,1.0	0.0
1.0,1.0	0.999,1.0	0.0
1.0,0.994	1.0,1.0	-0.003
0.116,0.15	0.242,0.256	-0.116
0.664,0.695	0.672,0.668	0.009
0.435,0.522	0.599,0.626	-0.134
1.0,1.0	1.0,1.0	0.0
1.0,1.0	0.947,1.0	0.026
1.0,1.0	1.0,1.0	0.0
1.0,1.0	1.0,1.0	0.0
0.969,0.996	1.0,0.992	-0.014
0.922,0.902	0.891,0.925	0.004
0.589,0.504	0.398,0.753	-0.029
0.807,0.885	0.736,NA	0.11
0.992,1.0	1.0,1.0	-0.004
0.572,0.508	0.436,0.56	0.042
0.574,0.529	0.478,0.598	0.013
0.332,0.292	0.209,0.359	0.028
0.991,0.997	0.984,0.99	0.007
0.986,0.986	1.0,1.0	-0.014
0.995,0.996	1.0,1.0	-0.004
1.0,0.997	0.99,1.0	0.003
0.997,1.0	1.0,1.0	-0.002
0.994,1.0	0.992,0.995	0.003
0.002,0.0	0.0,0.0	0.001
0.078,0.0	0.0,0.0	0.039
1.0,0.974	1.0,1.0	-0.013
1.0,0.98	1.0,1.0	-0.01
0.691,0.767	0.467,0.384	0.303
1.0,1.0	1.0,1.0	0.0
0.224,0.221	0.27,0.272	-0.049
0.414,0.389	0.446,0.471	-0.057
0.795,0.772	0.959,0.931	-0.161
0.958,1.0	0.839,1.0	0.059
0.983,1.0	0.979,1.0	0.002
0.936,1.0	1.0,1.0	-0.032
1.0,1.0	0.983,1.0	0.008
1.0,1.0	0.996,1.0	0.002
1.0,1.0	0.971,1.0	0.014
1.0,1.0	0.997,1.0	0.002
1.0,0.991	1.0,1.0	-0.004
0.95,0.976	0.952,1.0	-0.013
1.0,1.0	0.872,1.0	0.064
1.0,1.0	0.817,NA	0.183
1.0,0.994	1.0,1.0	-0.003
1.0,0.986	1.0,1.0	-0.007
0.549,0.587	0.102,0.136	0.449
0.004,0.003	0.002,0.0	0.003
0.895,0.889	0.973,1.0	-0.094
1.0,1.0	1.0,0.998	0.001
1.0,0.988	1.0,1.0	-0.006
0.912,0.951	0.964,1.0	-0.05
0.951,0.971	0.974,0.963	-0.007
1.0,0.999	0.999,0.999	0.001
0.0,0.0	0.064,0.159	-0.112
0.818,1.0	1.0,1.0	-0.091
0.945,0.979	1.0,1.0	-0.038
1.0,0.997	1.0,1.0	-0.002
0.998,1.0	1.0,1.0	-0.001
1.0,1.0	1.0,0.94	0.03
1.0,0.982	1.0,1.0	-0.009
0.994,1.0	0.993,1.0	0.001
1.0,1.0	0.987,1.0	0.006
0.043,0.028	0.021,0.012	0.019
0.019,0.017	0.003,0.013	0.01
0.0,0.002	0.0,0.0	0.001
1.0,0.992	1.0,1.0	-0.004
1.0,0.993	0.994,0.99	0.004
1.0,0.945	1.0,1.0	-0.028
0.998,1.0	1.0,1.0	-0.001
0.251,0.0	0.0,0.295	-0.022
0.092,0.039	0.235,0.122	-0.113
1.0,1.0	0.997,1.0	0.002
0.994,0.995	0.992,0.99	0.003
1.0,1.0	0.999,1.0	0.0
1.0,1.0	0.999,1.0	0.0
0.991,1.0	1.0,1.0	-0.004
1.0,1.0	0.997,1.0	0.002
0.983,0.986	0.946,0.971	0.026
0.987,1.0	1.0,1.0	-0.006
0.991,0.992	1.0,1.0	-0.008
1.0,0.994	1.0,1.0	-0.003
0.096,0.066	0.036,0.028	0.049
0.998,1.0	1.0,1.0	-0.001
1.0,1.0	0.999,1.0	0.0
1.0,1.0	0.999,1.0	0.0
0.405,0.379	0.395,0.279	0.055
0.166,0.171	0.13,0.111	0.048
0.996,1.0	0.98,1.0	0.008
0.365,0.401	0.309,0.281	0.088
1.0,0.993	1.0,1.0	-0.004
1.0,0.993	1.0,1.0	-0.004
1.0,0.993	1.0,1.0	-0.004
0.191,0.066	0.211,0.411	-0.182
0.226,0.174	0.479,0.883	-0.481
0.991,1.0	1.0,1.0	-0.004
0.988,1.0	1.0,1.0	-0.006
1.0,0.998	1.0,1.0	-0.001
1.0,0.999	1.0,1.0	-0.0
0.999,0.99	0.996,0.996	-0.002
0.997,1.0	1.0,1.0	-0.002
0.095,0.086	0.064,0.08	0.018
0.998,0.998	0.998,1.0	-0.001
0.985,0.99	1.0,1.0	-0.012
1.0,1.0	1.0,0.942	0.029
0.373,0.394	0.373,0.135	0.13
0.943,0.843	0.906,1.0	-0.06
0.094,0.07	0.097,0.168	-0.051
0.343,0.344	0.308,0.246	0.067
1.0,1.0	1.0,0.999	0.0
1.0,0.91	1.0,1.0	-0.045
0.169,0.192	0.727,0.336	-0.351
1.0,1.0	1.0,0.922	0.039
1.0,0.998	1.0,1.0	-0.001
1.0,1.0	1.0,0.987	0.006
0.999,1.0	1.0,1.0	-0.0
0.989,1.0	0.941,1.0	0.024
0.987,1.0	0.979,1.0	0.004
1.0,1.0	0.992,1.0	0.004
1.0,1.0	0.992,1.0	0.004
1.0,1.0	0.991,1.0	0.004
0.981,0.98	0.992,0.995	-0.013
0.985,1.0	1.0,1.0	-0.008
0.071,0.087	0.057,0.131	-0.015
0.204,0.235	0.286,0.354	-0.1
0.241,0.331	0.358,0.437	-0.111
1.0,1.0	1.0,1.0	0.0
0.999,1.0	1.0,1.0	-0.0
0.981,0.967	1.0,1.0	-0.026
1.0,1.0	1.0,1.0	0.0
1.0,0.997	1.0,1.0	-0.002
0.64,0.652	0.677,0.738	-0.061
0.53,0.53	0.601,0.648	-0.095
1.0,0.994	1.0,1.0	-0.003
0.721,0.753	0.606,0.622	0.123
0.993,1.0	1.0,1.0	-0.004
1.0,1.0	1.0,0.99	0.005
1.0,0.993	1.0,1.0	-0.004
1.0,0.979	1.0,1.0	-0.01
0.647,0.63	0.818,0.72	-0.13
0.88,0.871	0.951,0.899	-0.05
0.999,1.0	1.0,1.0	-0.0
0.976,1.0	0.963,0.961	0.026
0.992,1.0	1.0,1.0	-0.004
0.965,1.0	1.0,1.0	-0.018
0.979,1.0	1.0,1.0	-0.01
0.903,0.84	0.969,0.827	-0.026
0.985,1.0	0.989,1.0	-0.002
0.991,1.0	1.0,1.0	-0.004
1.0,0.998	1.0,1.0	-0.001
1.0,1.0	0.997,1.0	0.002
0.0,0.463	0.097,1.0	-0.317
1.0,0.989	1.0,1.0	-0.006
1.0,1.0	0.982,1.0	0.009
0.622,0.769	0.91,0.655	-0.087
0.518,0.668	0.705,0.48	0.0
0.819,0.867	0.961,0.891	-0.083
0.713,0.751	0.915,0.822	-0.137
0.688,0.77	0.887,0.771	-0.1
0.499,0.333	0.499,1.0	-0.334
0.0,0.008	0.0,0.0	0.004
1.0,0.986	1.0,1.0	-0.007
0.995,1.0	1.0,1.0	-0.002
1.0,1.0	0.908,1.0	0.046
0.974,1.0	1.0,1.0	-0.013
0.981,1.0	1.0,1.0	-0.01
0.948,1.0	1.0,1.0	-0.026
1.0,1.0	0.999,1.0	0.0
0.0,0.001	0.003,0.0	-0.001
1.0,0.996	1.0,1.0	-0.002
1.0,0.991	1.0,0.989	0.001
1.0,0.996	0.988,1.0	0.004
0.343,0.0	1.0,1.0	-0.829
0.929,0.935	0.832,1.0	0.016
0.908,0.875	0.956,0.896	-0.034
0.998,0.999	1.0,0.998	-0.001
0.995,0.996	1.0,0.977	0.007
0.976,0.978	1.0,0.878	0.038
0.118,0.145	0.144,0.183	-0.032
1.0,1.0	0.955,1.0	0.022
0.124,0.62	0.272,0.797	-0.162
0.99,1.0	1.0,1.0	-0.005
0.988,0.994	0.99,1.0	-0.004
0.999,1.0	1.0,1.0	-0.0
1.0,1.0	0.999,0.998	0.002
1.0,1.0	1.0,1.0	0.0
0.994,1.0	1.0,1.0	-0.003
1.0,0.872	1.0,1.0	-0.064
1.0,1.0	1.0,0.94	0.03
1.0,1.0	0.922,1.0	0.039
0.795,0.744	0.886,0.492	0.081
0.633,0.633	0.715,0.385	0.083
1.0,0.901	1.0,1.0	-0.049
1.0,0.981	1.0,1.0	-0.01
0.99,1.0	1.0,0.984	0.003
1.0,0.99	1.0,1.0	-0.005
0.981,0.989	1.0,0.989	-0.009
0.993,0.995	0.988,1.0	0.0
1.0,0.996	1.0,1.0	-0.002
0.999,1.0	1.0,1.0	-0.0
0.046,0.052	0.051,0.062	-0.007
1.0,1.0	0.994,1.0	0.003
1.0,1.0	0.994,1.0	0.003
1.0,1.0	0.996,1.0	0.002
1.0,1.0	1.0,0.995	0.002
1.0,0.999	0.999,1.0	0.0
1.0,0.999	0.999,1.0	0.0
0.994,1.0	1.0,1.0	-0.003
0.992,0.986	1.0,1.0	-0.011
0.946,0.99	0.984,1.0	-0.024
0.971,1.0	1.0,1.0	-0.014
1.0,0.989	1.0,1.0	-0.006
1.0,0.992	1.0,1.0	-0.004
1.0,1.0	1.0,0.973	0.014
0.111,0.171	0.172,0.188	-0.039
0.182,0.248	0.202,0.166	0.031
1.0,0.99	0.967,1.0	0.011
1.0,1.0	0.419,NA	0.581
0.997,0.989	0.976,1.0	0.005
1.0,0.994	1.0,0.995	-0.001
0.025,0.028	0.011,0.019	0.012
0.993,1.0	1.0,1.0	-0.004
0.995,0.994	1.0,1.0	-0.006
0.996,1.0	1.0,1.0	-0.002
1.0,0.999	1.0,1.0	-0.0
1.0,0.999	1.0,1.0	-0.0
1.0,0.946	1.0,1.0	-0.027
1.0,1.0	0.934,1.0	0.033
0.383,0.306	0.26,0.301	0.064
0.12,0.077	0.102,0.17	-0.038
0.093,0.08	0.058,0.138	-0.012
0.185,0.254	0.173,0.218	0.024
0.541,0.737	0.414,0.343	0.261
0.979,0.969	0.995,1.0	-0.024
1.0,0.996	0.987,1.0	0.004
1.0,0.998	1.0,1.0	-0.001
0.769,0.8	1.0,0.69	-0.06
0.999,0.999	1.0,1.0	-0.001
1.0,1.0	1.0,0.966	0.017
0.982,1.0	0.983,1.0	-0.001
0.936,0.939	0.953,0.954	-0.016
0.992,0.99	1.0,1.0	-0.009
1.0,0.995	1.0,1.0	-0.002
0.998,1.0	0.997,1.0	0.001
0.779,0.792	0.844,0.828	-0.05
0.534,1.0	1.0,1.0	-0.233
1.0,0.989	1.0,1.0	-0.006
0.997,1.0	1.0,1.0	-0.002
0.191,0.178	0.229,0.191	-0.026
1.0,0.993	1.0,1.0	-0.004
0.935,0.946	0.966,0.985	-0.035
0.798,0.725	0.706,0.69	0.064
0.822,0.884	0.858,1.0	-0.076
0.857,0.915	0.898,1.0	-0.063
1.0,0.985	1.0,1.0	-0.008
0.998,1.0	1.0,1.0	-0.001
1.0,0.99	1.0,1.0	-0.005
1.0,1.0	1.0,0.995	0.002
1.0,0.995	1.0,1.0	-0.002
0.971,0.968	0.986,1.0	-0.023
0.915,1.0	1.0,1.0	-0.042
1.0,0.792	0.461,1.0	0.165
0.247,1.0	0.568,0.0	0.339
1.0,0.954	1.0,1.0	-0.023
0.32,0.546	0.376,0.376	0.057
0.948,0.966	0.955,0.9	0.029
1.0,1.0	1.0,1.0	0.0
0.991,0.993	1.0,0.968	0.008
0.989,1.0	0.988,0.986	0.007
0.995,1.0	1.0,1.0	-0.002
1.0,1.0	1.0,0.981	0.01
0.992,0.993	0.995,0.982	0.004
1.0,0.993	1.0,1.0	-0.004
1.0,1.0	0.948,1.0	0.026
0.955,1.0	0.959,1.0	-0.002
0.979,1.0	0.984,1.0	-0.002
0.991,1.0	1.0,1.0	-0.004
1.0,1.0	0.99,1.0	0.005
0.311,0.166	0.359,0.345	-0.113
1.0,1.0	1.0,0.99	0.005
1.0,0.993	1.0,1.0	-0.004
0.998,1.0	1.0,1.0	-0.001
0.114,0.131	0.118,0.17	-0.022
0.642,0.653	0.438,0.525	0.166
0.456,0.468	0.537,0.531	-0.072
0.392,0.425	0.522,0.514	-0.11
0.925,0.976	0.972,1.0	-0.035
1.0,0.993	1.0,1.0	-0.004
1.0,0.998	1.0,1.0	-0.001
0.996,0.986	1.0,1.0	-0.009
1.0,1.0	1.0,0.978	0.011
0.996,1.0	1.0,1.0	-0.002
0.154,0.0	0.177,0.088	-0.056
0.108,0.068	0.15,0.04	-0.007
0.16,0.17	0.173,0.129	0.014
1.0,1.0	1.0,0.968	0.016
0.981,0.996	0.992,1.0	-0.008
0.978,0.978	0.992,0.978	-0.007
0.958,0.983	0.973,0.985	-0.009
1.0,0.983	1.0,1.0	-0.008
1.0,0.994	1.0,1.0	-0.003
1.0,0.996	1.0,1.0	-0.002
0.666,0.651	0.767,0.668	-0.059
0.003,0.0	0.0,0.0	0.002
1.0,0.989	0.978,1.0	0.005
1.0,0.0	NA,0.0	0.5
1.0,1.0	0.991,0.993	0.008
1.0,1.0	0.987,0.988	0.012
0.759,0.96	0.866,1.0	-0.074
1.0,0.999	1.0,1.0	-0.0
0.992,1.0	1.0,1.0	-0.004
1.0,0.995	1.0,1.0	-0.002
1.0,0.999	1.0,1.0	-0.0
1.0,1.0	0.991,1.0	0.004
0.988,1.0	1.0,0.943	0.022
0.962,1.0	1.0,1.0	-0.019
0.984,1.0	1.0,1.0	-0.008
0.995,1.0	1.0,1.0	-0.002
0.991,1.0	1.0,1.0	-0.004
1.0,0.996	1.0,1.0	-0.002
0.961,0.993	0.969,1.0	-0.007
1.0,0.98	1.0,1.0	-0.01
0.499,0.459	0.276,0.077	0.302
1.0,1.0	1.0,0.422	0.289
0.998,1.0	0.994,0.994	0.005
0.996,1.0	0.998,1.0	-0.001
0.973,1.0	0.972,0.971	0.015
1.0,1.0	0.988,1.0	0.006
0.886,1.0	1.0,1.0	-0.057
0.981,0.975	0.988,1.0	-0.016
0.973,0.963	0.98,1.0	-0.022
0.135,0.143	0.067,0.013	0.099
1.0,1.0	0.885,1.0	0.057
1.0,0.999	1.0,1.0	-0.0
0.995,1.0	1.0,1.0	-0.002
0.999,1.0	1.0,0.998	0.001
0.984,0.961	1.0,1.0	-0.028
1.0,0.998	0.998,1.0	0.0
0.986,1.0	1.0,1.0	-0.007
1.0,1.0	0.981,1.0	0.01
1.0,0.995	1.0,1.0	-0.002
1.0,1.0	0.966,0.948	0.043
1.0,1.0	0.986,0.978	0.018
0.99,1.0	1.0,1.0	-0.005
0.007,0.003	0.005,0.003	0.001
0.996,1.0	1.0,1.0	-0.002
1.0,0.993	1.0,1.0	-0.004
1.0,1.0	0.982,1.0	0.009
1.0,0.998	0.997,1.0	0.001
0.991,1.0	1.0,1.0	-0.004
0.8,0.814	0.812,0.764	0.019
0.905,1.0	1.0,1.0	-0.047
1.0,0.97	1.0,1.0	-0.015
1.0,1.0	0.983,0.846	0.086
1.0,0.976	1.0,1.0	-0.012
0.982,0.967	1.0,1.0	-0.026
1.0,1.0	0.997,1.0	0.002
0.977,0.947	1.0,1.0	-0.038
0.989,1.0	1.0,1.0	-0.006
1.0,0.986	0.981,1.0	0.003
1.0,1.0	0.998,1.0	0.001
0.987,1.0	1.0,1.0	-0.006
0.05,0.035	0.029,0.016	0.02
0.996,0.998	1.0,0.995	-0.001
1.0,1.0	0.98,1.0	0.01
1.0,0.875	0.904,1.0	-0.014
0.994,0.995	0.982,0.973	0.017
1.0,0.97	1.0,0.98	-0.005
1.0,0.993	1.0,1.0	-0.004
0.935,0.962	1.0,1.0	-0.051
0.881,0.948	1.0,1.0	-0.086
0.829,0.821	0.926,1.0	-0.138
1.0,0.997	1.0,1.0	-0.002
0.97,0.975	0.994,0.978	-0.014
0.904,0.909	0.978,0.891	-0.028
0.985,0.993	1.0,0.961	0.009
0.998,0.996	0.998,0.995	0.001
1.0,1.0	1.0,1.0	0.0
0.993,0.991	0.999,0.994	-0.004
1.0,1.0	0.989,0.991	0.01
1.0,1.0	0.994,0.982	0.012
0.028,0.023	0.0,0.056	-0.002
0.981,0.985	1.0,1.0	-0.017
1.0,0.326	0.707,1.0	-0.19
0.994,0.966	0.961,0.989	0.005
0.905,0.872	1.0,0.888	-0.055
0.95,0.944	1.0,0.978	-0.042
0.956,0.96	0.959,0.991	-0.017
1.0,1.0	0.999,1.0	0.0
0.976,1.0	1.0,1.0	-0.012
0.945,1.0	1.0,0.749	0.098
0.891,0.788	0.768,1.0	-0.044
1.0,0.398	0.823,0.398	0.089
1.0,0.997	1.0,0.963	0.017
0.973,1.0	1.0,1.0	-0.014
1.0,1.0	1.0,0.986	0.007
0.998,1.0	1.0,1.0	-0.001
1.0,0.996	1.0,1.0	-0.002
1.0,0.985	0.98,1.0	0.002
1.0,1.0	1.0,0.973	0.014
1.0,1.0	1.0,0.971	0.014
1.0,1.0	0.973,1.0	0.014
0.878,1.0	0.865,1.0	0.007
0.995,0.986	0.986,1.0	-0.003
1.0,1.0	0.981,1.0	0.01
1.0,1.0	1.0,0.976	0.012
1.0,1.0	1.0,0.992	0.004
1.0,0.903	0.964,1.0	-0.03
0.749,0.759	0.749,1.0	-0.121
0.667,0.705	0.85,0.716	-0.097
0.365,0.438	0.581,0.361	-0.07
0.999,0.999	1.0,1.0	-0.001
1.0,1.0	0.976,1.0	0.012
0.904,0.948	0.846,0.961	0.022
1.0,0.997	1.0,1.0	-0.002
1.0,0.998	1.0,1.0	-0.001
0.806,0.761	1.0,1.0	-0.216
0.991,0.991	1.0,1.0	-0.009
1.0,1.0	0.995,1.0	0.002
1.0,0.995	1.0,1.0	-0.002
0.992,1.0	1.0,1.0	-0.004
0.982,1.0	1.0,1.0	-0.009
1.0,0.991	1.0,1.0	-0.004
0.931,0.834	0.889,1.0	-0.062
0.323,0.392	0.305,0.287	0.062
0.971,1.0	1.0,1.0	-0.014
0.926,0.93	0.958,0.934	-0.018
0.836,1.0	1.0,1.0	-0.082
1.0,0.996	0.995,1.0	0.0
1.0,0.988	0.985,1.0	0.002
1.0,1.0	0.998,1.0	0.001
1.0,0.989	1.0,1.0	-0.006
0.743,0.713	0.815,0.77	-0.065
0.984,1.0	0.994,1.0	-0.005
1.0,1.0	1.0,1.0	0.0
0.0,0.0	0.0,0.001	-0.001
0.971,0.97	0.991,0.982	-0.016
1.0,1.0	0.99,1.0	0.005
0.99,1.0	1.0,1.0	-0.005
1.0,1.0	0.983,1.0	0.008
1.0,0.996	1.0,1.0	-0.002
0.993,0.994	0.994,1.0	-0.003
1.0,0.976	1.0,1.0	-0.012
1.0,0.997	1.0,1.0	-0.002
0.886,0.889	0.931,0.911	-0.034
1.0,0.991	1.0,1.0	-0.004
1.0,1.0	0.993,1.0	0.004
1.0,1.0	0.975,1.0	0.012
0.016,0.012	0.009,0.0	0.01
1.0,1.0	0.983,1.0	0.008
1.0,1.0	0.999,0.996	0.002
1.0,0.987	1.0,1.0	-0.006
1.0,0.997	1.0,1.0	-0.002
0.992,1.0	1.0,1.0	-0.004
0.871,0.801	0.969,0.948	-0.122
0.137,0.084	0.047,0.0	0.087
0.982,0.975	1.0,1.0	-0.022
0.026,0.041	0.042,0.062	-0.019
1.0,0.974	1.0,1.0	-0.013
1.0,0.978	0.969,1.0	0.005
0.998,1.0	1.0,1.0	-0.001
0.05,0.044	0.06,0.03	0.002
1.0,1.0	0.989,1.0	0.006
1.0,1.0	0.999,1.0	0.0
0.821,0.74	1.0,1.0	-0.22
0.13,0.234	0.261,0.158	-0.028
0.034,0.033	0.045,0.03	-0.004
0.286,0.199	0.136,0.247	0.051
0.291,0.302	0.306,0.363	-0.038
0.977,1.0	1.0,1.0	-0.012
1.0,1.0	1.0,0.993	0.004
0.876,0.894	0.878,0.961	-0.034
0.325,0.538	0.493,0.572	-0.101
1.0,0.994	0.99,1.0	0.002
1.0,0.994	0.99,1.0	0.002
0.999,1.0	1.0,1.0	-0.0
0.993,0.989	1.0,0.989	-0.003
1.0,0.999	1.0,1.0	-0.0
1.0,0.992	1.0,1.0	-0.004
1.0,0.999	1.0,1.0	-0.0
0.783,0.468	0.554,0.739	-0.021
0.025,0.005	0.061,0.047	-0.039
0.998,1.0	1.0,1.0	-0.001
1.0,1.0	0.968,1.0	0.016
0.991,1.0	1.0,1.0	-0.004
0.995,0.995	0.994,1.0	-0.002
0.99,1.0	1.0,1.0	-0.005
0.996,1.0	1.0,1.0	-0.002
1.0,0.982	1.0,1.0	-0.009
1.0,1.0	0.546,1.0	0.227
0.994,1.0	1.0,1.0	-0.003
0.943,0.96	0.495,0.782	0.313
1.0,0.997	1.0,1.0	-0.002
0.952,1.0	1.0,1.0	-0.024
0.895,0.911	0.8,1.0	0.003
0.989,0.982	1.0,1.0	-0.014
0.989,0.981	1.0,1.0	-0.015
1.0,1.0	0.994,1.0	0.003
0.995,1.0	1.0,1.0	-0.002
0.983,0.978	1.0,1.0	-0.02
1.0,1.0	0.984,1.0	0.008
0.982,0.993	1.0,1.0	-0.012
0.941,0.939	1.0,1.0	-0.06
1.0,0.999	1.0,1.0	-0.0
1.0,1.0	1.0,1.0	0.0
1.0,0.98	1.0,1.0	-0.01
1.0,0.953	1.0,1.0	-0.024
1.0,1.0	1.0,0.906	0.047
0.978,0.961	0.969,0.929	0.02
0.977,0.991	0.991,1.0	-0.012
0.989,0.996	0.995,1.0	-0.005
1.0,1.0	0.969,0.919	0.056
1.0,0.823	1.0,1.0	-0.089
0.126,0.057	0.0,0.0	0.091
0.993,1.0	1.0,1.0	-0.004
0.665,1.0	0.185,0.284	0.598
1.0,0.943	1.0,1.0	-0.028
0.121,0.112	0.095,0.076	0.031
0.98,0.982	0.997,0.997	-0.016
0.998,0.999	1.0,1.0	-0.002
1.0,1.0	1.0,0.991	0.004
0.998,1.0	1.0,1.0	-0.001
0.963,0.92	1.0,1.0	-0.058
1.0,1.0	1.0,0.959	0.02
1.0,1.0	1.0,0.965	0.018
0.319,0.0	1.0,1.0	-0.841
0.998,0.998	0.998,1.0	-0.001
0.969,0.97	0.97,1.0	-0.015
0.946,0.891	0.95,1.0	-0.056
1.0,1.0	0.621,1.0	0.19
0.994,1.0	1.0,1.0	-0.003
0.955,1.0	1.0,1.0	-0.022
1.0,0.788	1.0,0.749	0.019
0.99,0.981	0.998,1.0	-0.013
0.998,1.0	1.0,1.0	-0.001
1.0,0.994	1.0,1.0	-0.003
0.033,0.033	0.045,0.067	-0.023
1.0,1.0	0.992,1.0	0.004
0.999,0.994	0.994,0.996	0.001
0.203,0.215	0.0,0.14	0.139
0.157,0.097	0.305,0.416	-0.233
1.0,0.944	1.0,1.0	-0.028
0.149,0.176	0.066,0.08	0.089
1.0,0.998	1.0,1.0	-0.001
1.0,0.994	1.0,1.0	-0.003
1.0,0.937	1.0,1.0	-0.031
1.0,0.997	1.0,1.0	-0.002
0.988,1.0	1.0,1.0	-0.006
1.0,0.97	1.0,1.0	-0.015
1.0,1.0	1.0,0.615	0.193
0.994,0.994	1.0,0.986	0.001
1.0,1.0	0.957,1.0	0.022
1.0,1.0	1.0,0.985	0.008
1.0,0.983	1.0,1.0	-0.008
1.0,1.0	0.994,1.0	0.003
1.0,0.997	1.0,1.0	-0.002
1.0,0.998	1.0,1.0	-0.001
0.999,0.999	0.999,1.0	-0.001
0.993,0.993	1.0,1.0	-0.007
0.997,1.0	1.0,1.0	-0.002
1.0,0.994	1.0,1.0	-0.003
1.0,0.997	0.966,0.958	0.036
1.0,0.995	1.0,1.0	-0.002
0.997,1.0	1.0,1.0	-0.002
0.831,0.899	0.854,1.0	-0.062
0.792,0.892	0.803,1.0	-0.059
1.0,0.987	0.979,0.955	0.027
0.999,0.998	0.999,0.996	0.001
1.0,0.997	0.989,1.0	0.004
0.286,0.0	0.0,1.0	-0.357
0.996,1.0	1.0,1.0	-0.002
0.952,1.0	1.0,1.0	-0.024
0.98,0.972	0.979,0.991	-0.009
0.995,0.979	1.0,1.0	-0.013
0.979,0.988	0.99,0.992	-0.007
0.802,0.84	1.0,0.923	-0.141
0.273,0.196	1.0,0.379	-0.455
0.978,0.957	0.99,0.882	0.032
0.957,0.916	0.986,0.796	0.045
0.994,1.0	1.0,1.0	-0.003
0.87,1.0	1.0,NA	-0.065
1.0,NA	NA,0.0	1.0
0.998,1.0	1.0,1.0	-0.001
1.0,0.999	1.0,1.0	-0.0
0.994,0.994	1.0,1.0	-0.006
1.0,1.0	1.0,0.702	0.149
1.0,0.996	0.997,1.0	-0.0
0.979,0.931	1.0,0.916	-0.003
0.983,0.938	1.0,0.922	-0.001
0.976,0.919	1.0,0.917	-0.011
1.0,0.764	0.453,0.845	0.233
0.127,0.106	0.266,0.136	-0.085
1.0,0.995	1.0,1.0	-0.002
0.997,1.0	1.0,1.0	-0.002
0.923,0.922	0.978,0.981	-0.057
0.237,0.229	0.086,0.148	0.116
0.864,0.705	0.736,1.0	-0.084
0.139,0.155	0.093,0.192	0.005
1.0,0.794	1.0,1.0	-0.103
1.0,1.0	0.989,0.989	0.011
1.0,1.0	1.0,1.0	0.0
0.909,1.0	1.0,1.0	-0.045
0.976,0.98	0.974,0.983	-0.0
0.996,0.996	0.999,0.997	-0.002
0.998,1.0	1.0,1.0	-0.001
0.967,0.981	0.987,0.888	0.036
0.998,1.0	1.0,1.0	-0.001
0.961,1.0	1.0,1.0	-0.02
0.91,0.872	0.907,0.912	-0.018
0.999,1.0	1.0,1.0	-0.0
0.995,1.0	1.0,1.0	-0.002
0.994,1.0	1.0,1.0	-0.003
1.0,0.989	1.0,1.0	-0.006
0.99,1.0	1.0,1.0	-0.005
0.989,0.982	0.988,0.992	-0.004
0.842,1.0	1.0,0.666	0.088
1.0,1.0	1.0,1.0	0.0
0.999,0.999	1.0,1.0	-0.001
0.01,0.007	0.008,0.009	0.0
0.991,0.995	1.0,1.0	-0.007
1.0,0.998	1.0,1.0	-0.001
0.505,0.42	0.505,1.0	-0.29
0.38,0.341	0.479,1.0	-0.379
1.0,1.0	0.993,1.0	0.004
0.97,1.0	1.0,1.0	-0.015
0.888,1.0	1.0,0.736	0.076
0.982,0.981	1.0,1.0	-0.018
1.0,1.0	0.999,1.0	0.0
1.0,0.977	0.989,1.0	-0.006
0.659,0.771	0.913,0.436	0.041
0.791,0.811	0.923,0.567	0.056
1.0,0.988	0.987,1.0	0.0
1.0,1.0	0.997,1.0	0.002
0.98,0.992	0.987,1.0	-0.008
1.0,0.979	0.961,1.0	0.009
0.975,1.0	1.0,1.0	-0.012
1.0,0.992	0.948,1.0	0.022
1.0,1.0	1.0,0.996	0.002
0.994,0.998	0.999,1.0	-0.004
1.0,1.0	1.0,0.859	0.071
0.952,0.981	0.97,0.903	0.03
0.999,1.0	1.0,1.0	-0.0
1.0,1.0	0.972,1.0	0.014
1.0,1.0	0.994,0.998	0.004
1.0,1.0	0.996,1.0	0.002
1.0,1.0	0.982,1.0	0.009
1.0,0.999	1.0,1.0	-0.0
0.984,1.0	1.0,0.909	0.037
0.162,0.124	0.097,0.177	0.006
1.0,1.0	0.994,1.0	0.003
0.873,0.842	0.809,1.0	-0.047
0.956,0.942	0.943,1.0	-0.023
0.987,1.0	1.0,1.0	-0.006
0.973,1.0	1.0,1.0	-0.014
1.0,1.0	1.0,0.974	0.013
1.0,0.993	1.0,1.0	-0.004
1.0,1.0	0.999,0.998	0.002
0.996,1.0	1.0,1.0	-0.002
0.987,0.979	1.0,1.0	-0.017
0.004,0.005	0.001,0.002	0.003
0.935,0.927	1.0,1.0	-0.069
0.998,1.0	1.0,1.0	-0.001
1.0,0.999	1.0,1.0	-0.0
1.0,1.0	0.999,1.0	0.0
0.988,0.998	1.0,1.0	-0.007
1.0,0.988	1.0,1.0	-0.006
0.096,0.056	0.098,0.103	-0.025
1.0,1.0	0.985,1.0	0.008
1.0,0.99	1.0,1.0	-0.005
0.93,0.98	1.0,1.0	-0.045
0.993,1.0	0.981,0.975	0.018
0.979,1.0	1.0,1.0	-0.01
0.076,0.091	0.078,0.068	0.01
1.0,0.966	1.0,1.0	-0.017
0.984,1.0	1.0,1.0	-0.008
0.979,0.981	0.984,0.991	-0.008
0.377,0.33	0.206,0.224	0.139
0.996,0.992	0.997,0.994	-0.002
1.0,0.946	1.0,1.0	-0.027
0.2,0.316	0.584,0.439	-0.253
0.344,0.336	0.2,0.412	0.034
0.989,1.0	1.0,1.0	-0.006
0.985,0.988	0.984,0.988	0.0
0.988,0.991	0.987,0.991	0.001
1.0,0.998	1.0,1.0	-0.001
0.702,0.724	0.734,0.659	0.016
1.0,1.0	0.998,0.994	0.004
1.0,1.0	0.981,1.0	0.01
0.998,0.999	0.998,1.0	-0.001
1.0,0.978	1.0,1.0	-0.011
0.999,0.996	0.993,1.0	0.001
1.0,0.943	1.0,1.0	-0.028
1.0,0.548	1.0,1.0	-0.226
1.0,0.999	1.0,1.0	-0.0
NA,0.55	1.0,NA	-0.45
1.0,1.0	0.999,1.0	0.0
0.868,0.374	0.0,1.0	0.121
0.956,0.848	1.0,1.0	-0.098
0.996,0.997	0.983,0.98	0.015
1.0,1.0	0.991,1.0	0.004
0.914,1.0	1.0,1.0	-0.043
0.998,1.0	1.0,1.0	-0.001
0.995,0.979	1.0,1.0	-0.013
0.997,0.995	1.0,1.0	-0.004
1.0,0.998	0.993,1.0	0.003
0.935,0.96	0.984,0.988	-0.038
0.963,0.914	0.972,0.968	-0.031
1.0,0.964	1.0,0.878	0.043
0.529,0.743	0.49,0.746	0.018
1.0,0.993	0.954,1.0	0.019
0.974,0.978	0.985,0.984	-0.008
0.945,0.946	0.975,1.0	-0.042
0.931,1.0	1.0,1.0	-0.034
1.0,1.0	1.0,0.984	0.008
1.0,0.997	0.996,1.0	0.0
0.992,1.0	1.0,1.0	-0.004
0.202,0.191	0.603,0.859	-0.534
0.089,0.108	0.112,0.175	-0.045
0.38,0.173	0.202,0.336	0.007
0.702,0.35	0.603,0.871	-0.211
1.0,1.0	0.999,0.998	0.002
0.974,0.993	0.982,0.995	-0.005
1.0,1.0	0.997,1.0	0.002
1.0,0.998	1.0,1.0	-0.001
0.99,1.0	1.0,0.979	0.005
1.0,0.975	1.0,1.0	-0.012
1.0,0.998	1.0,1.0	-0.001
0.953,1.0	1.0,1.0	-0.024
1.0,1.0	1.0,0.975	0.012
0.995,1.0	0.998,0.997	0.0
1.0,1.0	1.0,0.994	0.003
0.088,0.103	0.144,0.132	-0.043
0.14,0.167	0.183,0.144	-0.01
0.076,0.053	0.032,0.038	0.029
0.065,0.044	0.042,0.045	0.011
0.31,0.428	0.0,1.0	-0.131
0.094,0.07	0.134,0.117	-0.043
1.0,0.99	1.0,1.0	-0.005
1.0,0.978	1.0,1.0	-0.011
0.997,0.998	0.995,0.996	0.002
0.955,0.925	1.0,1.0	-0.06
1.0,0.997	1.0,1.0	-0.002
1.0,0.83	1.0,0.504	0.163
0.99,0.991	1.0,0.95	0.015
0.976,1.0	1.0,1.0	-0.012
1.0,0.965	1.0,1.0	-0.018
1.0,0.984	1.0,1.0	-0.008
0.026,0.0	0.042,0.04	-0.028
0.115,0.0	0.098,0.039	-0.011
0.152,0.169	0.155,0.113	0.026
0.437,0.425	0.535,0.67	-0.172
0.856,0.897	0.847,0.806	0.05
0.928,0.95	0.924,0.892	0.031
0.877,0.934	0.892,0.838	0.04
0.99,1.0	1.0,0.972	0.009
0.981,0.997	0.994,1.0	-0.008
0.922,0.94	1.0,1.0	-0.069
0.992,0.958	1.0,1.0	-0.025
0.867,0.835	0.867,0.709	0.063
0.998,1.0	1.0,1.0	-0.001
1.0,0.978	0.977,1.0	0.001
0.815,1.0	1.0,0.239	0.288
0.999,0.999	1.0,1.0	-0.001
0.005,0.023	0.011,0.002	0.008
1.0,0.992	0.98,1.0	0.006
0.265,0.321	0.308,0.355	-0.038
0.973,1.0	1.0,1.0	-0.014
1.0,0.99	1.0,1.0	-0.005
1.0,1.0	0.995,0.993	0.006
1.0,0.993	1.0,1.0	-0.004
1.0,1.0	0.988,1.0	0.006
0.999,0.999	0.998,0.997	0.001
0.998,0.998	0.997,0.993	0.003
1.0,1.0	0.965,1.0	0.018
0.994,0.985	1.0,0.959	0.01
0.985,0.993	1.0,1.0	-0.011
0.963,0.951	1.0,0.971	-0.029
1.0,0.98	1.0,1.0	-0.01
0.99,1.0	1.0,1.0	-0.005
0.999,0.999	1.0,1.0	-0.001
1.0,1.0	0.987,0.977	0.018
1.0,0.995	0.995,0.99	0.005
1.0,1.0	0.96,1.0	0.02
0.218,0.194	0.265,0.317	-0.085
0.798,0.875	1.0,1.0	-0.163
0.788,0.651	1.0,0.538	-0.049
0.748,0.626	1.0,0.443	-0.034
1.0,1.0	0.989,1.0	0.006
0.88,1.0	1.0,1.0	-0.06
1.0,0.991	1.0,1.0	-0.004
1.0,0.96	1.0,1.0	-0.02
0.056,0.088	0.073,0.046	0.012
0.977,0.978	0.981,0.982	-0.004
0.992,0.993	0.987,0.982	0.008
0.999,0.999	1.0,1.0	-0.001
0.992,0.993	0.989,0.986	0.005
1.0,0.998	1.0,1.0	-0.001
0.995,1.0	0.995,1.0	0.0
0.369,1.0	1.0,0.539	-0.085
0.888,1.0	1.0,1.0	-0.056
0.978,0.984	0.933,0.899	0.065
1.0,1.0	0.996,1.0	0.002
0.995,1.0	1.0,1.0	-0.002
0.986,1.0	1.0,1.0	-0.007
0.76,0.526	1.0,0.689	-0.202
0.654,0.387	1.0,0.558	-0.259
1.0,0.357	1.0,1.0	-0.322
0.625,1.0	1.0,0.69	-0.032
0.983,1.0	1.0,1.0	-0.008
0.013,0.0	0.0,0.051	-0.019
0.98,0.973	1.0,1.0	-0.024
0.966,0.931	0.941,0.911	0.023
0.992,1.0	1.0,1.0	-0.004
0.879,0.97	0.835,1.0	0.007
0.82,0.963	0.886,1.0	-0.052
0.88,0.856	0.742,0.725	0.134
0.999,1.0	1.0,1.0	-0.0
0.968,0.985	1.0,1.0	-0.024
0.637,0.865	1.0,1.0	-0.249
1.0,1.0	0.999,1.0	0.0
0.996,1.0	1.0,1.0	-0.002
0.966,0.981	0.966,0.977	0.002
0.993,0.986	1.0,1.0	-0.01
0.97,0.97	1.0,0.992	-0.026
0.368,0.538	1.0,0.857	-0.475
0.045,0.078	0.053,0.131	-0.03
0.994,1.0	1.0,1.0	-0.003
0.98,0.964	1.0,1.0	-0.028
1.0,1.0	0.981,1.0	0.01
0.995,1.0	1.0,1.0	-0.002
0.989,1.0	1.0,1.0	-0.006
1.0,1.0	0.984,1.0	0.008
0.953,0.933	0.958,0.976	-0.024
0.015,0.016	0.025,0.039	-0.017
0.976,0.944	1.0,0.964	-0.022
0.988,0.986	1.0,1.0	-0.013
1.0,1.0	1.0,0.994	0.003
0.997,1.0	1.0,1.0	-0.002
1.0,0.995	1.0,1.0	-0.002
0.886,0.868	0.889,0.879	-0.007
0.104,0.076	0.156,0.188	-0.082
1.0,1.0	1.0,1.0	0.0
0.997,0.999	0.996,0.997	0.002
0.163,0.141	0.219,0.14	-0.027
0.991,0.997	0.996,1.0	-0.004
1.0,1.0	0.99,1.0	0.005
0.962,1.0	1.0,1.0	-0.019
1.0,0.963	0.86,1.0	0.052
1.0,0.976	0.931,1.0	0.022
0.96,0.983	1.0,1.0	-0.028
0.777,0.828	0.777,0.728	0.05
0.889,1.0	1.0,1.0	-0.055
1.0,0.983	0.982,1.0	0.001
0.996,1.0	1.0,1.0	-0.002
1.0,0.995	1.0,1.0	-0.002
0.0,0.015	0.0,0.0	0.007
0.858,1.0	1.0,1.0	-0.071
0.953,1.0	1.0,1.0	-0.024
0.997,1.0	0.997,1.0	0.0
1.0,0.943	1.0,1.0	-0.028
0.994,0.984	0.989,0.99	-0.001
1.0,1.0	0.994,1.0	0.003
0.978,0.97	0.912,0.725	0.155
0.993,0.985	1.0,1.0	-0.011
0.587,0.486	1.0,0.587	-0.257
0.868,0.944	0.953,1.0	-0.071
0.999,1.0	1.0,1.0	-0.0
1.0,0.997	1.0,1.0	-0.002
0.975,1.0	1.0,1.0	-0.012
1.0,1.0	0.987,1.0	0.006
0.0,0.12	0.0,NA	0.06
0.6,0.716	0.915,0.904	-0.252
1.0,0.968	1.0,1.0	-0.016
0.456,0.463	0.611,0.739	-0.216
1.0,0.929	0.99,1.0	-0.03
1.0,0.868	0.976,1.0	-0.054
1.0,1.0	0.99,0.983	0.014
1.0,1.0	0.606,1.0	0.197
0.117,0.14	0.126,0.108	0.012
0.201,0.14	0.322,0.44	-0.21
1.0,0.197	1.0,0.0	0.099
1.0,0.851	1.0,0.0	0.425
0.365,0.339	0.397,0.843	-0.268
0.204,0.697	0.606,0.606	-0.156
0.327,0.514	0.662,0.555	-0.188
0.22,0.248	0.286,0.249	-0.033
0.294,0.547	0.391,0.121	0.164
0.205,0.292	0.236,0.193	0.034
1.0,0.927	0.524,1.0	0.202
0.852,0.903	0.908,1.0	-0.077
0.098,0.108	0.142,0.09	-0.013
0.654,0.752	0.841,1.0	-0.217
0.91,1.0	1.0,1.0	-0.045
1.0,1.0	1.0,0.985	0.008
1.0,0.999	1.0,1.0	-0.0
0.117,0.117	0.084,0.181	-0.015
0.998,1.0	1.0,0.987	0.005
0.99,1.0	1.0,1.0	-0.005
1.0,0.998	1.0,1.0	-0.001
0.966,0.969	0.967,0.927	0.02
1.0,1.0	0.999,1.0	0.0
0.655,0.655	1.0,1.0	-0.345
1.0,1.0	1.0,0.99	0.005
0.867,0.83	0.891,0.907	-0.05
0.98,1.0	0.957,0.989	0.017
0.996,1.0	1.0,1.0	-0.002
1.0,1.0	0.884,1.0	0.058
0.994,1.0	1.0,1.0	-0.003
1.0,0.992	0.985,1.0	0.004
NA,1.0	0.0,NA	1.0
0.0,0.0	0.003,0.0	-0.002
0.95,1.0	1.0,1.0	-0.025
0.988,1.0	1.0,1.0	-0.006
1.0,1.0	0.997,1.0	0.002
1.0,1.0	1.0,1.0	0.0
0.826,1.0	0.758,1.0	0.034
1.0,1.0	0.96,1.0	0.02
0.992,1.0	1.0,1.0	-0.004
1.0,0.986	1.0,1.0	-0.007
0.989,0.983	0.98,1.0	-0.004
1.0,1.0	0.983,1.0	0.008
0.049,0.023	0.011,0.0	0.031
1.0,1.0	0.996,1.0	0.002
0.985,1.0	0.989,1.0	-0.002
0.996,1.0	1.0,1.0	-0.002
0.997,1.0	0.991,0.993	0.006
0.984,0.981	1.0,1.0	-0.018
0.999,1.0	1.0,1.0	-0.0
0.939,0.957	0.943,0.916	0.018
0.958,1.0	1.0,1.0	-0.021
1.0,0.896	1.0,1.0	-0.052
0.993,1.0	1.0,0.977	0.008
1.0,1.0	0.994,1.0	0.003
1.0,0.992	1.0,1.0	-0.004
1.0,0.852	0.935,1.0	-0.042
1.0,0.79	0.899,1.0	-0.054
1.0,0.799	0.899,1.0	-0.05
0.479,0.669	0.382,0.634	0.066
0.68,0.862	0.674,0.665	0.102
1.0,1.0	0.999,1.0	0.0
1.0,0.985	0.988,0.973	0.012
0.989,1.0	1.0,1.0	-0.006
1.0,1.0	0.955,1.0	0.022
0.974,1.0	1.0,1.0	-0.013
1.0,1.0	1.0,0.918	0.041
0.986,1.0	1.0,1.0	-0.007
1.0,1.0	1.0,0.774	0.113
0.971,1.0	1.0,1.0	-0.014
1.0,0.967	1.0,1.0	-0.016
0.92,1.0	1.0,1.0	-0.04
0.916,1.0	1.0,1.0	-0.042
1.0,0.996	1.0,1.0	-0.002
1.0,0.976	1.0,1.0	-0.012
0.005,0.005	0.006,0.0	0.002
0.95,0.953	0.971,1.0	-0.034
0.923,0.927	0.959,1.0	-0.054
0.992,1.0	1.0,1.0	-0.004
0.973,0.986	1.0,0.949	0.005
1.0,1.0	0.995,1.0	0.002
0.998,0.996	1.0,1.0	-0.003
1.0,0.996	0.994,0.983	0.01
1.0,1.0	0.998,1.0	0.001
1.0,1.0	1.0,0.981	0.01
1.0,0.997	1.0,1.0	-0.002
0.986,1.0	1.0,1.0	-0.007
0.942,0.901	0.821,0.899	0.061
0.985,1.0	1.0,1.0	-0.008
0.089,0.146	0.09,0.109	0.018
0.998,1.0	1.0,1.0	-0.001
0.957,1.0	1.0,0.866	0.045
0.938,0.84	1.0,1.0	-0.111
0.0,0.0	0.0,0.001	-0.001
0.994,0.992	0.992,1.0	-0.003
1.0,1.0	0.994,1.0	0.003
0.533,1.0	1.0,NA	-0.234
0.408,0.0	0.0,0.0	0.204
0.982,1.0	1.0,1.0	-0.009
1.0,1.0	0.994,1.0	0.003
0.996,1.0	1.0,1.0	-0.002
1.0,1.0	1.0,0.942	0.029
1.0,1.0	1.0,1.0	0.0
1.0,0.992	0.983,1.0	0.004
0.945,0.993	0.981,0.982	-0.013
0.954,0.811	1.0,1.0	-0.117
0.969,0.985	0.958,1.0	-0.002
0.999,1.0	1.0,1.0	-0.0
0.986,1.0	1.0,0.958	0.014
0.875,0.858	0.861,0.821	0.026
1.0,1.0	1.0,1.0	0.0
0.998,1.0	1.0,1.0	-0.001
1.0,1.0	1.0,0.993	0.004
1.0,0.992	1.0,1.0	-0.004
1.0,0.955	1.0,1.0	-0.022
1.0,0.994	1.0,1.0	-0.003
1.0,1.0	1.0,0.978	0.011
1.0,1.0	0.99,1.0	0.005
1.0,1.0	1.0,0.991	0.004
1.0,0.966	1.0,1.0	-0.017
0.435,0.572	0.626,0.536	-0.078
0.997,1.0	1.0,1.0	-0.002
0.076,0.083	0.336,0.136	-0.157
0.31,0.437	0.26,0.483	0.002
1.0,0.987	0.96,0.908	0.06
0.977,1.0	1.0,0.97	0.003
0.999,0.998	1.0,1.0	-0.002
1.0,0.923	1.0,1.0	-0.038
0.977,0.956	0.914,1.0	0.009
1.0,1.0	1.0,0.974	0.013
0.993,1.0	1.0,1.0	-0.004
0.864,0.821	0.671,0.945	0.034
0.972,1.0	1.0,1.0	-0.014
0.968,1.0	1.0,1.0	-0.016
0.981,1.0	1.0,1.0	-0.01
1.0,1.0	0.876,1.0	0.062
1.0,0.986	1.0,0.963	0.011
0.241,0.226	0.09,0.181	0.098
0.0,0.0	0.0,0.017	-0.009
0.989,0.989	1.0,1.0	-0.011
0.997,0.997	1.0,1.0	-0.003
0.089,0.113	0.092,0.108	0.001
0.15,0.187	0.174,0.202	-0.02
1.0,0.952	0.948,1.0	0.002
0.096,0.148	0.17,0.251	-0.089
0.022,0.0	0.0,0.0	0.011
1.0,0.999	1.0,1.0	-0.0
1.0,1.0	0.954,1.0	0.023
0.978,1.0	1.0,1.0	-0.011
0.989,1.0	1.0,1.0	-0.006
0.993,0.994	1.0,1.0	-0.006
1.0,0.994	1.0,1.0	-0.003
0.455,0.601	0.438,0.614	0.002
0.466,0.59	0.43,0.621	0.003
0.417,0.555	0.467,0.659	-0.077
1.0,0.985	1.0,1.0	-0.008
0.984,1.0	0.997,1.0	-0.006
0.012,0.029	0.0,0.0	0.021
1.0,1.0	1.0,1.0	0.0
1.0,0.999	1.0,1.0	-0.0
1.0,1.0	0.726,1.0	0.137
0.912,0.931	1.0,0.96	-0.058
0.609,0.609	0.684,0.786	-0.126
0.994,1.0	1.0,1.0	-0.003
0.763,0.936	0.895,1.0	-0.098
0.331,0.776	0.712,1.0	-0.302
0.876,0.965	0.96,1.0	-0.059
0.479,0.833	0.872,1.0	-0.28
1.0,1.0	1.0,1.0	0.0
0.992,1.0	1.0,1.0	-0.004
1.0,0.979	1.0,1.0	-0.01
0.988,0.995	1.0,0.988	-0.002
0.92,0.977	1.0,0.93	-0.017
0.996,0.991	1.0,1.0	-0.006
0.987,1.0	1.0,0.934	0.026
1.0,0.984	0.992,1.0	-0.004
0.991,0.988	1.0,1.0	-0.01
1.0,1.0	0.985,1.0	0.008
1.0,0.974	0.992,1.0	-0.009
0.009,0.009	0.003,0.007	0.004
0.397,0.41	0.696,0.631	-0.26
0.987,0.963	1.0,1.0	-0.025
0.985,0.909	0.986,1.0	-0.046
0.991,0.94	0.986,1.0	-0.027
0.99,1.0	1.0,1.0	-0.005
1.0,0.978	1.0,1.0	-0.011
0.994,1.0	1.0,1.0	-0.003
1.0,1.0	1.0,1.0	0.0
0.977,1.0	1.0,1.0	-0.012
0.582,1.0	0.21,1.0	0.186
1.0,0.92	1.0,0.827	0.046
1.0,0.996	0.989,1.0	0.004
0.999,1.0	1.0,1.0	-0.0
1.0,1.0	1.0,0.993	0.004
1.0,1.0	0.997,1.0	0.002
0.998,1.0	1.0,1.0	-0.001
0.994,0.997	0.998,0.994	-0.0
1.0,1.0	1.0,0.99	0.005
0.985,0.952	0.885,0.944	0.054
0.983,0.947	0.901,0.95	0.039
1.0,1.0	1.0,0.982	0.009
1.0,0.999	1.0,1.0	-0.0
0.998,0.998	1.0,1.0	-0.002
0.548,0.569	0.554,0.546	0.008
0.992,0.988	0.996,0.987	-0.002
0.021,0.062	0.041,0.06	-0.009
0.973,0.948	0.983,0.991	-0.027
0.999,0.998	0.998,1.0	-0.001
1.0,0.987	1.0,1.0	-0.006
0.911,0.92	0.893,0.858	0.04
0.893,0.91	0.887,0.878	0.019
1.0,1.0	1.0,0.991	0.004
0.394,0.408	0.44,0.439	-0.038
0.362,0.431	0.669,1.0	-0.438
0.989,0.976	1.0,1.0	-0.018
0.994,0.997	1.0,1.0	-0.004
0.981,0.983	1.0,1.0	-0.018
0.834,0.905	0.942,0.903	-0.053
1.0,0.998	1.0,1.0	-0.001
0.991,0.994	0.986,0.986	0.006
0.987,0.992	0.978,0.972	0.015
0.002,0.001	0.013,0.003	-0.007
1.0,1.0	0.983,0.987	0.015
0.516,0.422	0.573,0.406	-0.021
0.486,0.404	0.571,0.372	-0.026
1.0,1.0	0.992,1.0	0.004
0.992,0.962	1.0,1.0	-0.023
0.991,1.0	1.0,1.0	-0.004
0.999,1.0	1.0,1.0	-0.0
0.78,0.846	0.754,0.727	0.073
0.985,1.0	1.0,1.0	-0.008
0.978,1.0	1.0,1.0	-0.011
1.0,1.0	1.0,0.98	0.01
0.901,0.933	0.919,0.915	0.0
1.0,1.0	0.982,0.966	0.026
1.0,1.0	0.985,1.0	0.008
0.011,0.008	0.006,0.008	0.002
1.0,0.989	0.96,0.981	0.024
0.993,1.0	1.0,1.0	-0.004
1.0,1.0	0.938,1.0	0.031
0.003,0.001	0.0,0.001	0.002
1.0,0.995	1.0,1.0	-0.002
1.0,1.0	0.993,1.0	0.004
1.0,1.0	1.0,0.958	0.021
1.0,1.0	1.0,0.95	0.025
0.945,0.958	0.984,0.975	-0.028
0.996,1.0	1.0,0.992	0.002
1.0,1.0	0.999,1.0	0.0
0.991,1.0	1.0,1.0	-0.004
0.998,0.997	0.999,1.0	-0.002
0.994,0.986	0.996,1.0	-0.008
0.993,0.984	0.995,1.0	-0.009
0.887,0.917	0.953,0.902	-0.025
0.951,0.882	0.914,1.0	-0.041
1.0,1.0	0.982,1.0	0.009
0.028,0.036	0.016,0.006	0.021
0.037,0.039	0.017,0.005	0.027
0.505,0.469	0.179,0.522	0.136
0.662,0.685	0.727,1.0	-0.19
0.995,0.999	0.996,0.997	0.001
0.989,0.972	0.982,1.0	-0.011
1.0,0.996	1.0,1.0	-0.002
0.995,1.0	1.0,1.0	-0.002
1.0,1.0	1.0,0.997	0.002
1.0,1.0	0.982,1.0	0.009
0.0,0.235	0.173,0.086	-0.012
1.0,0.969	1.0,1.0	-0.016
0.942,1.0	1.0,1.0	-0.029
0.989,1.0	1.0,1.0	-0.006
1.0,0.998	1.0,1.0	-0.001
1.0,1.0	0.994,1.0	0.003
1.0,0.999	0.999,1.0	0.0
1.0,1.0	0.994,1.0	0.003
0.002,0.001	0.0,0.0	0.002
0.998,0.999	1.0,1.0	-0.002
1.0,1.0	1.0,0.99	0.005
0.995,1.0	0.987,1.0	0.004
0.991,1.0	1.0,1.0	-0.004
0.997,1.0	1.0,1.0	-0.002
1.0,1.0	1.0,0.975	0.012
0.987,1.0	1.0,1.0	-0.006
1.0,1.0	1.0,0.998	0.001
0.925,0.934	0.87,0.91	0.039
1.0,1.0	0.983,0.959	0.029
1.0,1.0	0.979,0.933	0.044
1.0,0.906	1.0,1.0	-0.047
0.897,0.918	0.92,0.752	0.071
0.923,0.936	1.0,1.0	-0.071
0.745,0.711	0.77,0.877	-0.096
1.0,1.0	0.997,1.0	0.002
1.0,1.0	1.0,0.952	0.024
1.0,1.0	0.994,1.0	0.003
0.45,0.17	0.055,0.45	0.057
0.056,0.049	0.022,0.057	0.013
0.999,1.0	1.0,1.0	-0.0
0.995,1.0	1.0,1.0	-0.002
1.0,0.979	1.0,1.0	-0.01
0.985,1.0	1.0,1.0	-0.008
0.997,1.0	1.0,1.0	-0.002
0.998,1.0	1.0,1.0	-0.001
0.96,0.892	0.967,0.911	-0.013
1.0,1.0	1.0,0.972	0.014
1.0,0.994	1.0,1.0	-0.003
1.0,1.0	0.948,1.0	0.026
1.0,1.0	0.972,1.0	0.014
0.756,0.857	0.695,1.0	-0.041
0.982,1.0	1.0,1.0	-0.009
0.985,1.0	1.0,1.0	-0.008
0.998,1.0	1.0,1.0	-0.001
0.97,0.974	0.96,0.991	-0.004
0.558,0.577	0.601,0.454	0.04
0.998,0.999	0.999,1.0	-0.001
1.0,1.0	1.0,1.0	0.0
0.986,1.0	0.941,1.0	0.023
1.0,0.998	1.0,1.0	-0.001
0.988,0.995	0.992,0.996	-0.002
0.115,0.143	0.231,0.107	-0.04
0.98,1.0	1.0,1.0	-0.01
1.0,0.982	1.0,1.0	-0.009
0.992,1.0	1.0,1.0	-0.004
0.0,0.0	0.0,0.0	0.0
0.048,0.076	0.053,0.064	0.004
0.048,0.077	0.053,0.094	-0.011
0.976,0.965	1.0,1.0	-0.03
0.993,1.0	1.0,1.0	-0.004
0.993,1.0	1.0,1.0	-0.004
1.0,0.985	1.0,1.0	-0.008
1.0,0.996	1.0,1.0	-0.002
0.972,0.957	0.934,0.972	0.011
0.199,0.187	0.314,0.312	-0.12
1.0,0.952	0.957,1.0	-0.002
0.998,1.0	1.0,1.0	-0.001
0.985,0.983	0.979,0.948	0.02
0.995,1.0	1.0,1.0	-0.002
0.031,0.041	0.0,0.036	0.018
0.975,0.586	0.917,0.883	-0.12
0.972,0.68	0.929,0.851	-0.064
0.0,0.29	0.0,0.031	0.13
0.203,0.292	0.366,0.479	-0.175
0.201,0.25	0.285,0.353	-0.093
0.04,0.037	0.029,0.131	-0.042
0.99,0.989	0.977,1.0	0.001
0.207,0.244	0.297,0.28	-0.063
0.856,0.898	0.866,0.899	-0.006
1.0,1.0	0.89,0.89	0.11
1.0,0.979	0.983,1.0	-0.002
1.0,0.97	0.886,1.0	0.042
0.996,0.985	0.994,1.0	-0.007
1.0,0.97	1.0,1.0	-0.015
1.0,0.909	1.0,1.0	-0.045
1.0,0.999	0.999,1.0	0.0
1.0,0.996	1.0,1.0	-0.002
1.0,0.97	1.0,1.0	-0.015
0.891,0.884	0.949,0.935	-0.054
0.722,0.734	0.905,0.836	-0.143
0.872,0.788	0.863,0.929	-0.066
0.988,0.977	0.965,0.974	0.013
1.0,0.995	1.0,1.0	-0.002
0.983,0.998	0.984,0.994	0.001
0.999,1.0	1.0,1.0	-0.0
0.98,1.0	1.0,1.0	-0.01
0.002,0.001	0.0,0.0	0.002
0.022,0.018	0.021,0.021	-0.001
0.025,0.022	0.028,0.03	-0.005
1.0,0.99	1.0,1.0	-0.005
1.0,0.8	1.0,1.0	-0.1
0.434,0.318	0.306,0.421	0.013
0.967,0.946	1.0,0.94	-0.014
1.0,0.986	1.0,1.0	-0.007
1.0,0.963	1.0,0.969	-0.003
1.0,0.999	1.0,1.0	-0.0
0.999,1.0	0.997,1.0	0.001
1.0,0.982	1.0,1.0	-0.009
0.987,1.0	0.981,0.959	0.024
0.047,0.057	0.031,0.0	0.037
1.0,1.0	1.0,0.971	0.014
0.808,0.788	0.855,0.771	-0.015
0.675,0.634	0.738,0.626	-0.027
0.964,0.95	0.956,0.899	0.029
0.993,0.995	1.0,1.0	-0.006
0.976,0.987	0.992,1.0	-0.014
0.916,0.973	0.928,0.958	0.001
0.953,0.952	1.0,1.0	-0.048
0.996,1.0	1.0,1.0	-0.002
0.981,0.975	0.96,0.982	0.007
0.987,0.991	1.0,0.988	-0.005
1.0,1.0	0.968,1.0	0.016
0.078,0.052	0.063,0.061	0.003
1.0,1.0	0.938,1.0	0.031
1.0,1.0	0.979,1.0	0.01
1.0,1.0	1.0,0.879	0.06
1.0,0.998	1.0,1.0	-0.001
0.936,0.89	0.902,0.918	0.003
0.975,0.978	0.979,0.994	-0.01
0.141,0.174	0.222,0.252	-0.08
0.843,0.974	1.0,1.0	-0.092
1.0,0.998	1.0,1.0	-0.001
0.986,0.985	1.0,1.0	-0.014
1.0,1.0	0.976,1.0	0.012
0.76,1.0	1.0,0.514	0.123
1.0,1.0	1.0,0.597	0.202
1.0,1.0	0.839,1.0	0.081
1.0,1.0	1.0,0.943	0.028
0.892,1.0	0.924,0.943	0.012
1.0,0.918	0.856,0.892	0.085
0.99,1.0	1.0,1.0	-0.005
0.989,0.998	0.98,0.957	0.025
1.0,1.0	0.998,1.0	0.001
0.964,0.958	0.981,1.0	-0.029
1.0,0.999	1.0,1.0	-0.0
0.017,0.039	0.1,0.308	-0.176
0.986,1.0	1.0,1.0	-0.007
0.999,1.0	1.0,1.0	-0.0
0.973,1.0	0.985,1.0	-0.006
0.004,0.028	0.02,0.024	-0.006
0.992,1.0	0.983,1.0	0.004
0.992,1.0	1.0,1.0	-0.004
1.0,0.985	1.0,1.0	-0.008
1.0,1.0	1.0,0.973	0.014
1.0,1.0	1.0,1.0	0.0
0.961,0.937	0.943,1.0	-0.022
0.973,0.995	1.0,1.0	-0.016
1.0,1.0	0.995,1.0	0.002
1.0,1.0	0.502,1.0	0.249
0.985,1.0	1.0,1.0	-0.008
0.015,0.0	0.0,0.0	0.007
0.541,0.764	0.18,0.633	0.246
1.0,0.997	1.0,1.0	-0.002
1.0,0.995	1.0,1.0	-0.002
0.999,1.0	1.0,1.0	-0.0
0.174,0.167	0.192,0.093	0.028
0.974,0.963	0.961,0.933	0.021
0.986,1.0	1.0,1.0	-0.007
0.997,0.996	0.997,0.996	0.0
1.0,1.0	0.997,1.0	0.002
0.829,1.0	1.0,1.0	-0.086
0.993,1.0	0.992,1.0	0.0
0.99,1.0	1.0,1.0	-0.005
0.415,0.62	1.0,0.713	-0.339
1.0,1.0	1.0,0.993	0.004
1.0,1.0	0.993,1.0	0.004
1.0,0.983	0.983,1.0	0.0
1.0,1.0	0.934,1.0	0.033
1.0,1.0	1.0,0.76	0.12
1.0,1.0	1.0,0.991	0.004
1.0,0.996	1.0,1.0	-0.002
0.975,0.958	1.0,0.922	0.005
0.988,0.98	1.0,0.975	-0.004
1.0,1.0	0.964,1.0	0.018
0.938,1.0	1.0,1.0	-0.031
1.0,0.995	0.993,1.0	0.001
1.0,0.993	1.0,1.0	-0.004
1.0,0.998	0.996,1.0	0.001
0.998,1.0	1.0,1.0	-0.001
0.364,0.395	0.42,0.432	-0.046
0.998,0.999	1.0,1.0	-0.002
0.999,1.0	1.0,1.0	-0.0
1.0,0.998	1.0,1.0	-0.001
1.0,0.995	1.0,1.0	-0.002
0.983,0.995	0.996,0.991	-0.005
0.904,0.957	0.929,0.696	0.118
1.0,0.996	1.0,1.0	-0.002
1.0,1.0	0.991,1.0	0.004
1.0,1.0	0.994,0.988	0.009
1.0,1.0	1.0,0.973	0.014
0.9,0.95	0.922,1.0	-0.036
0.976,0.993	0.987,0.97	0.006
1.0,0.993	1.0,1.0	-0.004
0.997,1.0	1.0,1.0	-0.002
0.724,0.748	0.536,0.535	0.2
0.968,1.0	1.0,1.0	-0.016
0.974,1.0	1.0,1.0	-0.013
0.975,0.979	0.994,1.0	-0.02
1.0,0.964	1.0,1.0	-0.018
0.989,0.956	1.0,0.964	-0.01
0.996,1.0	1.0,1.0	-0.002
1.0,1.0	1.0,0.835	0.083
0.829,0.866	0.84,0.952	-0.048
0.99,1.0	1.0,1.0	-0.005
0.534,0.508	0.415,0.319	0.154
0.014,0.015	0.017,0.014	-0.001
1.0,0.997	1.0,1.0	-0.002
1.0,0.989	0.994,0.963	0.016
0.97,1.0	0.964,1.0	0.003
0.978,1.0	1.0,1.0	-0.011
1.0,1.0	0.998,1.0	0.001
0.992,1.0	1.0,0.977	0.008
0.918,0.952	0.98,0.884	0.003
1.0,0.933	1.0,1.0	-0.033
1.0,1.0	1.0,0.968	0.016
0.999,0.999	1.0,1.0	-0.001
0.999,1.0	0.999,0.995	0.003
1.0,1.0	0.987,1.0	0.006
0.991,0.995	1.0,0.983	0.001
0.965,1.0	1.0,1.0	-0.018
0.995,1.0	1.0,1.0	-0.002
1.0,1.0	0.977,0.966	0.028
1.0,1.0	0.925,0.892	0.091
1.0,0.985	0.943,1.0	0.021
1.0,0.996	0.985,1.0	0.006
1.0,1.0	0.997,1.0	0.002
0.997,1.0	1.0,1.0	-0.002
0.998,1.0	1.0,1.0	-0.001
0.0,0.017	0.0,0.0	0.009
0.986,0.987	0.98,0.969	0.012
1.0,0.994	1.0,1.0	-0.003
1.0,0.998	0.997,1.0	0.001
1.0,0.997	1.0,1.0	-0.002
1.0,0.989	1.0,1.0	-0.006
1.0,1.0	0.984,1.0	0.008
0.904,0.95	0.983,0.915	-0.022
0.979,1.0	1.0,1.0	-0.01
1.0,0.996	1.0,1.0	-0.002
1.0,1.0	0.993,1.0	0.004
1.0,0.977	1.0,1.0	-0.012
0.915,0.748	1.0,1.0	-0.168
1.0,1.0	0.936,0.832	0.116
1.0,0.966	1.0,1.0	-0.017
0.982,0.981	0.979,1.0	-0.008
0.993,0.993	1.0,1.0	-0.007
0.993,0.985	1.0,1.0	-0.011
0.999,1.0	0.999,0.999	0.001
1.0,1.0	0.998,1.0	0.001
1.0,0.999	1.0,1.0	-0.0
0.86,0.925	0.927,0.941	-0.041
1.0,1.0	1.0,0.562	0.219
1.0,1.0	1.0,1.0	0.0
0.08,0.122	0.083,0.087	0.016
1.0,1.0	1.0,0.942	0.029
1.0,1.0	1.0,0.912	0.044
1.0,0.999	1.0,1.0	-0.0
0.26,0.217	0.163,0.18	0.067
1.0,0.953	0.96,1.0	-0.004
0.981,0.987	0.997,0.997	-0.013
0.997,0.998	0.997,0.999	-0.0
1.0,1.0	1.0,0.998	0.001
1.0,0.994	1.0,1.0	-0.003
1.0,1.0	1.0,0.754	0.123
1.0,1.0	1.0,1.0	0.0
0.968,1.0	1.0,1.0	-0.016
1.0,0.759	0.745,1.0	0.007
1.0,0.852	0.82,1.0	0.016
0.953,1.0	1.0,1.0	-0.024
1.0,0.977	0.93,1.0	0.023
1.0,0.984	0.969,1.0	0.008
0.984,0.97	0.982,1.0	-0.014
0.985,1.0	1.0,1.0	-0.008
1.0,1.0	0.991,1.0	0.004
0.973,1.0	0.952,1.0	0.01
0.975,1.0	1.0,1.0	-0.012
0.971,0.94	1.0,1.0	-0.044
0.992,1.0	1.0,1.0	-0.004
0.759,1.0	0.823,1.0	-0.032
0.855,1.0	0.898,1.0	-0.022
0.99,1.0	0.995,1.0	-0.003
0.0,0.037	0.0,0.0	0.018
0.983,0.982	0.994,1.0	-0.015
0.957,0.957	0.986,1.0	-0.036
1.0,0.994	0.997,1.0	-0.001
0.99,1.0	1.0,1.0	-0.005
0.029,0.033	0.0,0.0	0.031
0.914,0.729	0.924,0.289	0.215
0.991,1.0	1.0,1.0	-0.004
0.996,0.982	1.0,1.0	-0.011
0.975,0.955	0.967,0.974	-0.005
0.002,0.0	0.0,0.0	0.001
1.0,0.998	1.0,1.0	-0.001
1.0,0.951	1.0,0.712	0.12
1.0,1.0	1.0,0.965	0.018
1.0,0.995	0.985,0.992	0.009
1.0,0.987	0.996,1.0	-0.004
1.0,0.987	0.996,1.0	-0.004
1.0,0.987	0.996,1.0	-0.004
1.0,1.0	1.0,0.909	0.045
1.0,0.994	1.0,1.0	-0.003
0.96,1.0	1.0,1.0	-0.02
1.0,0.936	1.0,1.0	-0.032
0.869,0.872	1.0,0.964	-0.111
0.997,0.999	1.0,1.0	-0.002
0.033,0.023	0.023,0.022	0.006
1.0,1.0	0.989,1.0	0.006
0.153,0.0	0.0,NA	0.076
1.0,1.0	1.0,0.987	0.006
0.996,0.995	1.0,1.0	-0.004
1.0,0.977	1.0,1.0	-0.012
1.0,0.999	1.0,1.0	-0.0
0.887,0.945	0.939,0.903	-0.005
0.984,0.992	0.993,1.0	-0.008
1.0,0.951	0.993,0.961	-0.001
1.0,0.994	1.0,1.0	-0.003
1.0,0.988	1.0,0.897	0.045
0.996,1.0	1.0,1.0	-0.002
1.0,0.973	1.0,1.0	-0.014
1.0,1.0	0.592,0.522	0.443
0.379,0.202	0.16,0.535	-0.057
1.0,0.941	0.972,1.0	-0.016
1.0,1.0	0.989,1.0	0.006
0.915,0.932	1.0,0.834	0.006
1.0,1.0	1.0,0.998	0.001
1.0,1.0	1.0,1.0	0.0
1.0,0.997	1.0,1.0	-0.002
0.824,0.931	0.947,1.0	-0.096
1.0,0.961	1.0,1.0	-0.02
0.999,0.999	1.0,1.0	-0.001
0.988,1.0	0.992,1.0	-0.002
0.954,1.0	1.0,1.0	-0.023
0.944,0.969	0.993,0.983	-0.032
0.453,0.406	0.482,0.46	-0.041
1.0,0.995	1.0,1.0	-0.002
1.0,0.997	1.0,1.0	-0.002
1.0,0.992	1.0,1.0	-0.004
1.0,1.0	1.0,0.993	0.004
1.0,1.0	0.993,1.0	0.004
0.036,0.161	0.132,0.171	-0.053
0.041,0.225	0.275,0.149	-0.079
1.0,0.991	1.0,1.0	-0.004
0.353,0.189	0.199,0.201	0.071
0.919,0.842	0.988,0.936	-0.081
0.983,1.0	1.0,1.0	-0.008
0.981,1.0	1.0,1.0	-0.01
1.0,0.994	1.0,1.0	-0.003
1.0,0.996	1.0,1.0	-0.002
1.0,0.983	1.0,1.0	-0.008
0.981,1.0	1.0,1.0	-0.01
1.0,1.0	0.97,0.835	0.098
1.0,1.0	0.858,1.0	0.071
0.991,1.0	1.0,1.0	-0.004
1.0,1.0	0.991,1.0	0.004
1.0,1.0	0.995,1.0	0.002
0.93,0.967	0.964,0.917	0.008
0.998,1.0	1.0,1.0	-0.001
0.146,0.175	0.161,0.23	-0.035
0.123,NA	0.0,1.0	-0.377
0.969,1.0	1.0,1.0	-0.016
0.97,1.0	1.0,1.0	-0.015
1.0,0.965	1.0,1.0	-0.018
1.0,1.0	0.986,1.0	0.007
0.949,0.936	0.984,0.97	-0.034
0.989,1.0	1.0,1.0	-0.006
0.994,1.0	1.0,1.0	-0.003
0.996,0.991	0.994,0.988	0.003
1.0,0.999	0.999,0.999	0.001
1.0,0.984	1.0,1.0	-0.008
0.996,0.992	1.0,1.0	-0.006
0.915,0.981	1.0,0.938	-0.021
1.0,0.901	1.0,1.0	-0.049
0.995,1.0	1.0,1.0	-0.002
0.995,1.0	1.0,1.0	-0.002
1.0,1.0	1.0,0.995	0.002
1.0,1.0	0.998,1.0	0.001
0.003,0.002	0.001,0.004	0.0
1.0,1.0	0.993,1.0	0.004
0.917,1.0	1.0,1.0	-0.041
0.965,1.0	1.0,1.0	-0.018
0.995,1.0	1.0,1.0	-0.002
0.998,1.0	1.0,1.0	-0.001
0.986,1.0	1.0,1.0	-0.007
0.978,0.98	1.0,0.932	0.013
1.0,0.99	1.0,0.94	0.025
0.898,0.896	0.903,0.984	-0.046
1.0,1.0	0.998,1.0	0.001
1.0,0.998	1.0,1.0	-0.001
0.983,1.0	1.0,1.0	-0.008
0.969,0.976	0.977,0.978	-0.005
1.0,0.865	1.0,1.0	-0.068
0.964,0.956	1.0,1.0	-0.04
0.969,1.0	1.0,1.0	-0.016
0.739,0.814	0.809,0.923	-0.09
0.998,0.998	1.0,1.0	-0.002
1.0,1.0	0.978,1.0	0.011
0.042,0.043	0.027,0.176	-0.059
1.0,0.994	1.0,1.0	-0.003
1.0,0.994	1.0,1.0	-0.003
1.0,1.0	1.0,0.982	0.009
0.991,0.98	0.994,1.0	-0.011
0.996,0.984	0.989,1.0	-0.004
0.991,0.978	0.994,1.0	-0.013
0.997,0.988	0.993,1.0	-0.004
0.996,0.992	0.998,1.0	-0.005
0.999,0.995	0.996,1.0	-0.001
0.986,0.995	0.993,0.985	0.001
0.91,0.782	1.0,1.0	-0.154
1.0,0.987	1.0,0.978	0.005
1.0,0.999	1.0,1.0	-0.0
1.0,0.937	0.924,1.0	0.007
1.0,0.94	1.0,1.0	-0.03
0.997,0.996	1.0,1.0	-0.004
0.993,0.96	0.993,0.994	-0.017
0.37,1.0	1.0,NA	-0.315
1.0,0.994	1.0,1.0	-0.003
0.972,1.0	1.0,1.0	-0.014
0.969,1.0	1.0,1.0	-0.016
0.962,1.0	1.0,1.0	-0.019
0.982,1.0	1.0,1.0	-0.009
1.0,0.993	0.987,0.997	0.004
1.0,0.996	0.995,0.995	0.003
0.984,1.0	0.959,1.0	0.012
0.535,0.534	0.486,0.535	0.024
0.987,1.0	1.0,1.0	-0.006
0.945,0.948	0.997,0.965	-0.035
0.999,1.0	1.0,1.0	-0.0
0.993,1.0	1.0,1.0	-0.004
0.996,0.996	1.0,1.0	-0.004
1.0,0.932	1.0,1.0	-0.034
NA,0.25	1.0,1.0	-0.75
0.877,0.926	1.0,0.641	0.081
0.053,0.053	0.06,0.181	-0.068
1.0,0.997	1.0,1.0	-0.002
0.979,0.987	0.983,0.987	-0.002
0.959,0.975	0.968,0.976	-0.005
0.775,0.846	0.861,0.873	-0.056
0.228,0.182	0.15,0.085	0.088
0.995,1.0	1.0,1.0	-0.002
0.241,0.251	0.451,0.366	-0.162
0.992,0.993	1.0,0.986	-0.001
0.958,0.988	0.969,1.0	-0.011
1.0,0.967	1.0,1.0	-0.016
0.995,1.0	1.0,1.0	-0.002
0.589,0.579	0.364,1.0	-0.098
1.0,1.0	1.0,0.997	0.002
0.965,0.987	0.995,1.0	-0.022
0.748,0.735	0.538,0.694	0.126
0.51,0.453	0.135,0.328	0.25
0.047,0.047	0.047,0.053	-0.003
1.0,0.996	1.0,1.0	-0.002
0.999,0.998	1.0,1.0	-0.002
0.01,0.003	0.003,0.006	0.002
0.006,0.009	0.014,0.009	-0.004
0.881,1.0	1.0,1.0	-0.059
0.999,1.0	1.0,1.0	-0.0
1.0,0.972	1.0,0.978	-0.003
1.0,1.0	0.993,1.0	0.004
1.0,1.0	0.986,1.0	0.007
1.0,1.0	0.83,1.0	0.085
0.077,0.021	0.101,0.064	-0.034
0.062,0.016	0.071,0.058	-0.026
0.137,0.064	0.062,0.058	0.041
1.0,1.0	1.0,0.983	0.008
0.247,0.419	0.572,0.0	0.047
1.0,0.996	1.0,0.993	0.002
0.963,0.978	0.958,1.0	-0.009
0.965,1.0	1.0,1.0	-0.018
1.0,0.993	1.0,1.0	-0.004
1.0,1.0	0.975,1.0	0.012
0.995,1.0	1.0,1.0	-0.002
0.978,0.991	1.0,1.0	-0.016
0.983,1.0	1.0,0.948	0.018
0.997,1.0	1.0,1.0	-0.002
0.995,0.974	0.945,0.892	0.066
1.0,1.0	0.997,1.0	0.002
1.0,1.0	0.99,1.0	0.005
0.962,0.979	1.0,1.0	-0.03
0.998,1.0	1.0,1.0	-0.001
1.0,0.966	1.0,0.921	0.022
1.0,0.961	1.0,0.881	0.04
1.0,1.0	0.987,1.0	0.006
1.0,0.933	1.0,1.0	-0.033
0.454,0.493	0.526,0.714	-0.146
0.0,0.042	0.047,0.0	-0.002
0.069,0.077	0.172,0.309	-0.167
0.981,1.0	1.0,1.0	-0.01
0.117,0.128	0.068,0.288	-0.055
0.225,0.307	0.2,0.371	-0.019
0.989,1.0	1.0,1.0	-0.006
1.0,0.979	1.0,1.0	-0.01
0.99,1.0	1.0,1.0	-0.005
0.996,1.0	1.0,1.0	-0.002
0.999,1.0	1.0,1.0	-0.0
0.985,1.0	1.0,1.0	-0.008
1.0,1.0	0.979,1.0	0.01
1.0,0.998	1.0,1.0	-0.001
1.0,0.998	1.0,1.0	-0.001
1.0,0.998	1.0,1.0	-0.001
0.988,1.0	1.0,1.0	-0.006
1.0,1.0	1.0,0.973	0.014
0.002,0.004	0.0,0.0	0.003
1.0,0.98	1.0,0.934	0.023
0.0,0.001	0.0,0.0	0.001
0.988,1.0	1.0,1.0	-0.006
1.0,0.82	1.0,1.0	-0.09
0.972,0.955	0.965,0.966	-0.002
0.983,0.979	0.984,0.982	-0.002
0.67,0.615	0.526,0.642	0.058
1.0,0.945	1.0,1.0	-0.028
1.0,0.996	1.0,1.0	-0.002
0.959,1.0	1.0,1.0	-0.02
0.961,1.0	1.0,1.0	-0.02
1.0,0.996	1.0,1.0	-0.002
1.0,0.996	1.0,1.0	-0.002
0.971,0.979	1.0,1.0	-0.025
1.0,1.0	0.998,1.0	0.001
0.995,1.0	1.0,1.0	-0.002
0.997,1.0	1.0,1.0	-0.002
0.319,0.333	0.342,0.258	0.026
0.388,0.369	0.331,0.36	0.033
1.0,0.997	0.995,1.0	0.001
0.997,0.997	0.991,1.0	0.001
1.0,1.0	0.997,1.0	0.002
0.998,0.994	0.999,0.993	0.0
0.999,0.996	0.999,0.996	0.0
0.983,1.0	1.0,0.961	0.011
0.995,0.988	1.0,1.0	-0.008
0.998,1.0	0.995,1.0	0.001
0.781,0.488	0.66,1.0	-0.196
0.825,0.939	1.0,1.0	-0.118
0.0,0.237	NA,1.0	-0.881
0.999,1.0	0.998,0.991	0.005
0.718,0.707	0.801,0.722	-0.049
1.0,0.997	1.0,0.989	0.004
1.0,1.0	0.904,1.0	0.048
0.999,0.997	0.998,0.998	0.0
1.0,1.0	0.968,1.0	0.016
0.998,0.999	0.999,0.999	-0.001
0.998,1.0	1.0,1.0	-0.001
0.357,0.788	1.0,0.426	-0.14
1.0,1.0	1.0,0.946	0.027
0.996,1.0	1.0,1.0	-0.002
0.991,0.993	0.989,0.994	0.0
0.999,1.0	1.0,1.0	-0.0
0.997,1.0	1.0,1.0	-0.002
1.0,1.0	0.998,1.0	0.001
1.0,1.0	0.998,1.0	0.001
0.981,1.0	1.0,1.0	-0.01
0.987,0.98	0.994,1.0	-0.013
0.994,1.0	1.0,1.0	-0.003
1.0,1.0	0.996,1.0	0.002
1.0,0.996	0.99,0.975	0.016
0.989,1.0	1.0,1.0	-0.006
0.01,0.015	0.018,0.01	-0.001
0.989,0.997	0.993,0.984	0.005
0.999,0.999	1.0,1.0	-0.001
0.996,0.999	0.998,1.0	-0.001
0.977,0.926	1.0,1.0	-0.048
0.997,0.995	1.0,1.0	-0.004
1.0,0.984	1.0,1.0	-0.008
1.0,0.979	1.0,1.0	-0.01
0.994,0.995	1.0,1.0	-0.006
1.0,0.99	1.0,1.0	-0.005
1.0,1.0	0.984,0.966	0.025
1.0,0.983	1.0,1.0	-0.008
1.0,0.995	1.0,1.0	-0.002
0.002,0.011	0.015,0.008	-0.005
1.0,0.977	1.0,1.0	-0.012
0.982,1.0	1.0,1.0	-0.009
0.98,1.0	0.966,1.0	0.007
1.0,1.0	0.994,1.0	0.003
0.795,1.0	1.0,0.893	-0.049
0.884,0.744	1.0,1.0	-0.186
0.199,0.26	0.422,0.538	-0.25
0.294,0.529	0.814,0.56	-0.276
0.21,0.506	0.749,0.447	-0.24
0.356,0.795	0.866,0.659	-0.187
0.739,0.856	0.909,0.728	-0.021
1.0,0.986	1.0,1.0	-0.007
1.0,0.997	1.0,1.0	-0.002
0.398,0.332	0.357,0.216	0.079
0.987,0.986	0.991,0.988	-0.003
0.302,1.0	1.0,1.0	-0.349
0.993,1.0	1.0,0.947	0.023
0.994,1.0	1.0,1.0	-0.003
0.999,1.0	1.0,1.0	-0.0
1.0,1.0	1.0,0.996	0.002
1.0,1.0	0.999,1.0	0.0
0.993,0.995	1.0,1.0	-0.006
0.991,0.943	1.0,1.0	-0.033
0.038,0.016	0.017,0.014	0.011
0.999,0.997	0.999,0.996	0.0
1.0,1.0	0.988,1.0	0.006
1.0,0.971	1.0,1.0	-0.014
1.0,1.0	0.981,1.0	0.01
0.997,1.0	1.0,0.993	0.002
0.997,1.0	1.0,0.993	0.002
0.999,1.0	1.0,1.0	-0.0
0.983,1.0	1.0,0.93	0.026
0.057,0.06	0.022,0.051	0.022
0.985,1.0	0.972,1.0	0.006
0.987,1.0	1.0,1.0	-0.006
1.0,0.998	1.0,1.0	-0.001
1.0,0.998	1.0,1.0	-0.001
1.0,1.0	0.995,1.0	0.002
1.0,0.998	1.0,1.0	-0.001
0.997,0.988	0.992,0.997	-0.002
0.183,0.162	0.189,0.285	-0.065
1.0,0.998	1.0,1.0	-0.001
1.0,0.997	1.0,1.0	-0.002
1.0,1.0	1.0,0.972	0.014
1.0,1.0	0.991,1.0	0.004
1.0,1.0	1.0,0.915	0.042
1.0,0.999	1.0,1.0	-0.0
0.563,0.516	0.713,0.76	-0.197
1.0,0.997	1.0,0.99	0.003
0.998,0.998	0.995,0.998	0.002
0.841,0.943	1.0,0.863	-0.04
0.991,1.0	1.0,1.0	-0.004
0.999,1.0	1.0,1.0	-0.0
0.876,0.912	0.947,0.893	-0.026
1.0,0.993	1.0,1.0	-0.004
0.997,1.0	0.99,1.0	0.003
1.0,0.994	1.0,1.0	-0.003
0.961,0.954	0.982,1.0	-0.033
1.0,0.985	1.0,1.0	-0.008
0.044,0.044	0.021,0.031	0.018
0.991,1.0	0.952,1.0	0.02
1.0,0.989	1.0,1.0	-0.006
1.0,1.0	0.948,1.0	0.026
0.024,0.009	0.0,0.0	0.017
1.0,1.0	0.898,1.0	0.051
0.749,1.0	1.0,1.0	-0.125
0.975,0.991	1.0,0.952	0.007
0.998,1.0	1.0,1.0	-0.001
0.935,0.955	0.983,0.953	-0.023
0.896,0.974	0.916,1.0	-0.023
0.766,0.858	0.804,0.903	-0.041
1.0,0.998	1.0,1.0	-0.001
0.997,1.0	1.0,0.985	0.006
0.976,1.0	1.0,1.0	-0.012
1.0,1.0	0.985,1.0	0.008
0.987,0.98	1.0,1.0	-0.016
0.917,0.897	1.0,1.0	-0.093
0.966,0.947	1.0,1.0	-0.044
0.981,0.959	0.954,0.96	0.013
0.995,1.0	1.0,1.0	-0.002
1.0,0.994	1.0,1.0	-0.003
0.733,0.902	0.913,1.0	-0.139
0.975,1.0	1.0,1.0	-0.012
0.998,1.0	0.993,1.0	0.003
1.0,0.857	1.0,1.0	-0.072
0.988,0.963	0.981,1.0	-0.015
0.037,0.027	0.045,0.055	-0.018
0.992,1.0	1.0,1.0	-0.004
1.0,1.0	0.996,1.0	0.002
0.98,1.0	1.0,1.0	-0.01
0.999,1.0	1.0,1.0	-0.0
1.0,1.0	0.96,0.88	0.08
0.935,1.0	1.0,1.0	-0.032
0.994,0.978	0.989,0.988	-0.002
0.988,0.998	0.992,1.0	-0.003
0.0,0.072	0.18,NA	-0.144
0.133,0.142	0.153,0.142	-0.01
0.988,1.0	1.0,1.0	-0.006
0.972,0.963	0.965,0.883	0.044
1.0,1.0	0.987,1.0	0.006
1.0,0.977	1.0,1.0	-0.012
1.0,1.0	0.21,NA	0.79
1.0,1.0	0.999,1.0	0.0
NA,0.388	NA,1.0	-0.612
1.0,1.0	0.926,0.638	0.218
0.987,1.0	0.995,1.0	-0.004
1.0,0.988	1.0,1.0	-0.006
0.981,1.0	1.0,1.0	-0.01
0.989,1.0	1.0,1.0	-0.006
1.0,1.0	0.995,1.0	0.002
1.0,1.0	0.983,1.0	0.008
0.985,0.973	1.0,1.0	-0.021
0.992,0.984	0.987,1.0	-0.006
0.951,0.891	0.918,1.0	-0.038
1.0,0.98	1.0,1.0	-0.01
0.867,0.888	0.841,0.909	0.002
0.943,1.0	1.0,1.0	-0.028
0.994,1.0	1.0,1.0	-0.003
0.984,1.0	0.988,1.0	-0.002
1.0,0.992	1.0,1.0	-0.004
1.0,0.967	1.0,1.0	-0.016
0.976,1.0	1.0,1.0	-0.012
1.0,0.962	1.0,1.0	-0.019
0.635,0.616	0.828,1.0	-0.288
0.564,0.437	0.437,1.0	-0.218
0.431,0.362	0.431,1.0	-0.319
0.82,0.906	0.482,0.125	0.559
0.922,1.0	1.0,1.0	-0.039
0.03,0.02	0.041,0.077	-0.034
1.0,0.971	0.965,1.0	0.003
0.129,0.128	0.096,0.084	0.039
1.0,1.0	1.0,1.0	0.0
1.0,0.992	1.0,1.0	-0.004
0.995,0.987	1.0,1.0	-0.009
1.0,0.994	0.991,1.0	0.001
1.0,0.952	1.0,1.0	-0.024
0.102,0.049	0.127,0.039	-0.008
0.977,0.955	0.951,1.0	-0.01
0.47,0.415	0.356,0.732	-0.102
0.416,0.427	0.682,0.808	-0.324
0.581,0.529	0.494,0.801	-0.093
0.408,0.416	0.694,0.788	-0.329
0.438,0.413	0.688,0.787	-0.312
0.588,0.494	0.517,0.789	-0.112
1.0,0.996	1.0,1.0	-0.002
1.0,1.0	0.998,1.0	0.001
1.0,1.0	1.0,1.0	0.0
0.925,0.937	0.988,0.988	-0.057
0.845,0.859	0.976,0.968	-0.12
1.0,0.996	1.0,1.0	-0.002
0.281,0.539	0.0,0.0	0.41
0.0,0.267	0.127,0.154	-0.007
0.978,0.981	0.973,0.956	0.015
0.999,0.998	1.0,1.0	-0.002
0.046,0.013	0.029,0.046	-0.008
1.0,0.981	1.0,1.0	-0.01
0.503,0.232	0.452,0.553	-0.135
0.992,1.0	1.0,1.0	-0.004
0.0,0.0	0.006,0.013	-0.009
0.995,1.0	1.0,1.0	-0.002
0.054,0.068	0.165,0.133	-0.088
0.977,0.986	0.985,1.0	-0.011
0.993,0.996	0.994,1.0	-0.003
0.105,0.133	0.151,0.084	0.002
0.991,0.996	1.0,0.992	-0.002
1.0,1.0	0.98,1.0	0.01
0.996,1.0	1.0,1.0	-0.002
0.995,0.998	0.995,1.0	-0.001
1.0,1.0	0.993,1.0	0.004
1.0,1.0	1.0,0.879	0.06
0.989,1.0	1.0,1.0	-0.006
0.994,1.0	1.0,1.0	-0.003
0.995,0.984	0.997,1.0	-0.009
1.0,0.992	1.0,1.0	-0.004
0.935,0.961	0.902,0.653	0.17
0.989,0.997	0.989,1.0	-0.001
1.0,0.991	1.0,1.0	-0.004
0.589,0.481	0.848,0.758	-0.268
0.557,0.617	0.886,0.582	-0.147
0.558,0.685	0.825,0.578	-0.08
0.522,0.49	0.676,0.784	-0.224
0.985,1.0	1.0,1.0	-0.008
0.995,1.0	1.0,1.0	-0.002
0.077,0.015	0.0,0.204	-0.056
0.861,0.861	0.824,0.741	0.079
0.879,0.915	0.87,0.826	0.049
0.863,0.897	0.814,0.775	0.086
0.864,0.899	0.812,0.776	0.087
0.9,1.0	0.657,1.0	0.121
1.0,0.982	1.0,1.0	-0.009
0.991,0.981	0.992,0.981	-0.0
0.981,1.0	1.0,1.0	-0.01
0.983,0.986	0.988,0.983	-0.001
0.987,1.0	1.0,0.985	0.001
0.93,0.917	0.98,0.903	-0.018
0.984,0.899	0.961,1.0	-0.039
1.0,0.962	1.0,1.0	-0.019
1.0,0.972	1.0,1.0	-0.014
0.981,1.0	1.0,1.0	-0.01
1.0,0.996	0.998,0.996	0.001
0.919,0.981	0.967,0.92	0.006
0.119,0.196	0.134,0.186	-0.003
0.07,0.088	0.101,0.102	-0.023
1.0,1.0	1.0,0.0	0.5
1.0,NA	1.0,0.0	0.5
1.0,0.993	1.0,1.0	-0.004
1.0,1.0	0.977,1.0	0.012
0.995,1.0	0.994,1.0	0.001
1.0,0.937	1.0,1.0	-0.031
1.0,1.0	0.859,1.0	0.071
1.0,1.0	0.996,1.0	0.002
0.55,0.656	0.689,0.82	-0.151
0.5,0.521	0.588,0.595	-0.081
1.0,0.993	0.977,1.0	0.008
1.0,0.985	0.948,1.0	0.018
1.0,1.0	0.995,1.0	0.002
0.962,0.982	1.0,0.978	-0.017
0.951,0.945	1.0,1.0	-0.052
0.794,0.809	0.89,0.844	-0.065
1.0,0.985	1.0,1.0	-0.008
0.978,0.983	1.0,1.0	-0.02
0.992,1.0	1.0,1.0	-0.004
0.992,1.0	1.0,1.0	-0.004
0.996,1.0	1.0,1.0	-0.002
0.998,1.0	1.0,1.0	-0.001
1.0,0.984	1.0,1.0	-0.008
1.0,1.0	1.0,0.999	0.0
1.0,0.999	0.999,0.999	0.001
0.994,1.0	1.0,1.0	-0.003
1.0,0.995	1.0,1.0	-0.002
1.0,1.0	0.988,1.0	0.006
1.0,0.907	1.0,1.0	-0.046
0.015,0.038	0.0,0.0	0.026
0.017,0.011	0.0,0.0	0.014
1.0,1.0	1.0,1.0	0.0
1.0,0.997	1.0,1.0	-0.002
1.0,0.984	1.0,1.0	-0.008
1.0,0.982	1.0,1.0	-0.009
0.983,0.982	0.964,0.944	0.028
1.0,1.0	0.985,0.933	0.041
1.0,0.977	0.976,1.0	0.0
0.989,0.994	1.0,0.985	-0.001
1.0,0.832	1.0,1.0	-0.084
1.0,0.902	1.0,1.0	-0.049
1.0,0.999	0.998,0.998	0.002
0.999,1.0	1.0,1.0	-0.0
1.0,1.0	1.0,1.0	0.0
0.094,0.115	0.042,0.05	0.059
0.96,0.976	1.0,1.0	-0.032
0.982,0.973	0.968,1.0	-0.006
0.968,0.814	0.734,0.912	0.068
1.0,0.998	1.0,1.0	-0.001
0.983,1.0	1.0,1.0	-0.008
0.845,0.896	0.832,0.841	0.034
1.0,1.0	0.311,NA	0.689
1.0,1.0	0.964,0.91	0.063
0.927,1.0	0.962,1.0	-0.017
0.789,0.453	0.417,0.592	0.117
1.0,1.0	1.0,0.968	0.016
0.97,1.0	1.0,1.0	-0.015
0.029,0.021	0.011,0.0	0.02
0.948,1.0	0.978,1.0	-0.015
0.984,0.951	0.923,0.761	0.125
1.0,0.999	1.0,1.0	-0.0
0.037,0.025	0.047,0.028	-0.006
1.0,0.996	1.0,1.0	-0.002
1.0,1.0	0.999,1.0	0.0
0.99,0.992	0.993,1.0	-0.005
1.0,1.0	0.933,1.0	0.033
0.997,0.998	1.0,1.0	-0.002
1.0,1.0	0.993,1.0	0.004
1.0,0.993	1.0,1.0	-0.004
1.0,0.994	0.993,0.985	0.008
0.997,1.0	1.0,1.0	-0.002
0.977,0.96	0.982,0.987	-0.016
0.997,1.0	1.0,0.988	0.004
1.0,0.992	1.0,1.0	-0.004
0.227,0.193	0.195,0.312	-0.043
1.0,0.934	0.981,1.0	-0.023
1.0,0.968	0.99,1.0	-0.011
1.0,0.934	0.981,1.0	-0.023
0.908,0.914	0.872,0.783	0.084
0.0,0.003	0.0,0.006	-0.002
0.086,0.265	0.412,0.194	-0.128
0.935,1.0	1.0,1.0	-0.032
0.94,0.92	0.803,1.0	0.028
0.985,1.0	1.0,1.0	-0.008
1.0,1.0	1.0,0.994	0.003
0.988,0.982	0.997,1.0	-0.013
0.999,1.0	0.998,1.0	0.001
0.992,1.0	1.0,1.0	-0.004
0.932,0.947	0.956,0.919	0.002
1.0,0.941	1.0,1.0	-0.03
1.0,0.995	1.0,1.0	-0.002
1.0,0.998	1.0,1.0	-0.001
1.0,1.0	0.989,1.0	0.006
0.355,0.414	0.335,0.414	0.01
0.921,0.869	0.87,0.486	0.217
1.0,1.0	0.972,1.0	0.014
0.995,0.998	0.996,1.0	-0.002
0.989,1.0	0.989,1.0	0.0
1.0,0.995	1.0,1.0	-0.002
0.883,0.602	0.791,1.0	-0.153
0.999,0.999	0.998,1.0	0.0
1.0,0.999	0.999,0.998	0.001
1.0,0.999	1.0,1.0	-0.0
0.959,0.963	0.978,0.981	-0.019
0.995,0.988	0.99,0.977	0.008
1.0,0.999	1.0,1.0	-0.0
1.0,0.991	1.0,1.0	-0.004
0.995,1.0	1.0,1.0	-0.002
1.0,0.994	1.0,1.0	-0.003
0.941,1.0	1.0,1.0	-0.03
0.939,1.0	1.0,1.0	-0.03
0.967,0.976	0.933,1.0	0.005
0.98,0.984	0.962,1.0	0.001
0.506,0.652	0.277,0.264	0.308
1.0,0.972	1.0,0.778	0.097
0.996,0.993	0.995,1.0	-0.003
0.99,1.0	1.0,1.0	-0.005
0.993,1.0	1.0,1.0	-0.004
0.516,0.549	1.0,1.0	-0.468
0.297,0.22	0.352,0.213	-0.024
0.04,0.059	0.013,0.048	0.019
0.999,1.0	1.0,1.0	-0.0
1.0,0.991	0.974,0.988	0.015
0.996,1.0	1.0,1.0	-0.002
0.518,0.539	0.507,0.645	-0.048
0.347,0.347	0.225,0.567	-0.049
1.0,0.995	1.0,1.0	-0.002
0.992,0.998	0.996,0.972	0.011
0.987,0.944	0.98,0.976	-0.012
1.0,1.0	1.0,0.938	0.031
0.945,0.958	0.989,0.839	0.038
0.973,0.934	0.889,0.948	0.035
0.999,0.998	1.0,0.993	0.002
1.0,1.0	0.973,1.0	0.014
0.987,1.0	0.981,1.0	0.003
1.0,1.0	0.996,0.993	0.006
0.007,0.0	0.0,0.0	0.004
0.389,0.427	0.237,0.372	0.104
0.991,0.992	1.0,1.0	-0.008
0.999,1.0	1.0,1.0	-0.0
1.0,1.0	1.0,0.999	0.0
1.0,1.0	1.0,0.852	0.074
0.004,0.002	0.008,0.002	-0.002
0.565,0.536	0.603,NA	-0.052
0.918,0.887	0.693,1.0	0.056
0.82,1.0	1.0,1.0	-0.09
0.984,0.961	1.0,1.0	-0.028
1.0,1.0	0.978,1.0	0.011
0.979,0.924	0.978,1.0	-0.037
0.896,0.904	1.0,0.976	-0.088
0.976,0.924	1.0,1.0	-0.05
1.0,0.995	1.0,1.0	-0.002
1.0,0.987	1.0,1.0	-0.006
0.99,0.996	0.996,1.0	-0.005
0.975,0.99	0.989,1.0	-0.012
0.999,0.998	1.0,0.999	-0.001
1.0,1.0	1.0,1.0	0.0
1.0,0.998	1.0,1.0	-0.001
1.0,1.0	0.899,1.0	0.05
1.0,1.0	0.992,1.0	0.004
0.996,0.997	0.993,0.993	0.003
1.0,1.0	0.946,1.0	0.027
1.0,1.0	0.99,1.0	0.005
1.0,1.0	0.992,1.0	0.004
1.0,0.994	1.0,1.0	-0.003
0.06,0.099	0.416,0.224	-0.24
0.144,0.113	0.311,0.15	-0.102
0.951,1.0	1.0,1.0	-0.024
1.0,0.973	1.0,1.0	-0.014
0.998,1.0	0.998,1.0	0.0
1.0,1.0	1.0,1.0	0.0
0.988,1.0	0.984,1.0	0.002
0.937,1.0	0.924,1.0	0.007
1.0,1.0	1.0,0.999	0.0
1.0,1.0	0.881,0.601	0.259
1.0,1.0	0.795,0.564	0.321
1.0,1.0	0.827,0.518	0.328
1.0,1.0	0.803,0.45	0.373
0.999,1.0	0.999,1.0	0.0
0.312,0.305	0.245,0.378	-0.003
0.237,0.233	0.168,0.123	0.089
1.0,0.998	1.0,1.0	-0.001
1.0,1.0	1.0,0.85	0.075
0.998,1.0	1.0,1.0	-0.001
1.0,1.0	1.0,0.988	0.006
1.0,0.825	1.0,1.0	-0.088
1.0,0.682	1.0,1.0	-0.159
0.997,1.0	1.0,0.995	0.001
0.0,1.0	1.0,NA	-0.5
0.998,1.0	1.0,1.0	-0.001
1.0,0.946	1.0,0.899	0.023
1.0,1.0	1.0,0.885	0.057
0.978,1.0	1.0,1.0	-0.011
0.956,0.932	1.0,0.943	-0.028
1.0,1.0	1.0,1.0	0.0
0.999,1.0	1.0,1.0	-0.0
0.959,0.979	0.987,1.0	-0.025
1.0,0.995	1.0,0.989	0.003
1.0,0.842	1.0,1.0	-0.079
0.987,0.989	1.0,1.0	-0.012
1.0,0.988	1.0,0.958	0.015
1.0,1.0	0.98,0.983	0.018
1.0,NA	1.0,0.0	0.5
0.683,0.898	1.0,1.0	-0.21
0.027,0.017	0.003,0.03	0.005
1.0,0.954	1.0,1.0	-0.023
0.964,0.973	1.0,1.0	-0.032
0.996,0.999	1.0,1.0	-0.002
1.0,0.98	1.0,1.0	-0.01
1.0,0.984	1.0,1.0	-0.008
1.0,0.982	1.0,1.0	-0.009
1.0,0.996	1.0,1.0	-0.002
0.999,0.999	1.0,1.0	-0.001
0.526,0.391	0.588,0.625	-0.148
0.737,0.783	0.787,0.796	-0.032
0.606,0.673	0.742,0.765	-0.114
0.991,1.0	1.0,1.0	-0.004
0.779,1.0	1.0,1.0	-0.111
0.739,1.0	1.0,1.0	-0.131
1.0,0.975	1.0,0.962	0.007
1.0,0.99	1.0,1.0	-0.005
0.0,0.003	0.0,0.0	0.002
0.986,0.993	1.0,1.0	-0.01
1.0,1.0	0.999,1.0	0.0
1.0,1.0	1.0,0.996	0.002
1.0,1.0	0.995,1.0	0.002
1.0,1.0	1.0,0.967	0.016
0.973,0.985	1.0,1.0	-0.021
1.0,0.988	1.0,1.0	-0.006
1.0,1.0	0.95,0.911	0.07
1.0,1.0	1.0,0.976	0.012
1.0,1.0	1.0,0.998	0.001
1.0,1.0	0.503,1.0	0.248
1.0,1.0	0.997,0.994	0.004
0.996,1.0	1.0,1.0	-0.002
1.0,1.0	0.996,1.0	0.002
0.996,1.0	1.0,1.0	-0.002
0.994,0.984	0.986,1.0	-0.004
1.0,0.996	1.0,1.0	-0.002
1.0,1.0	1.0,0.986	0.007
0.936,0.919	0.978,0.891	-0.007
1.0,0.992	1.0,1.0	-0.004
0.923,0.81	1.0,1.0	-0.133
1.0,1.0	1.0,0.986	0.007
0.881,0.721	1.0,0.798	-0.098
1.0,1.0	1.0,0.977	0.012
1.0,1.0	1.0,0.954	0.023
1.0,1.0	0.997,1.0	0.002
0.999,1.0	1.0,1.0	-0.0
0.974,1.0	1.0,1.0	-0.013
0.989,1.0	0.985,1.0	0.002
1.0,0.929	1.0,0.979	-0.025
0.937,0.968	0.77,1.0	0.068
0.988,0.994	0.997,1.0	-0.007
0.987,0.993	0.997,1.0	-0.008
0.999,0.998	1.0,1.0	-0.002
1.0,0.995	1.0,1.0	-0.002
1.0,0.955	1.0,0.789	0.083
1.0,0.985	1.0,1.0	-0.008
0.984,1.0	1.0,1.0	-0.008
1.0,0.895	1.0,1.0	-0.052
0.307,0.414	0.338,0.477	-0.047
0.994,1.0	0.986,0.987	0.011
1.0,1.0	0.977,1.0	0.012
1.0,0.971	1.0,1.0	-0.014
1.0,0.994	1.0,1.0	-0.003
0.0,0.012	0.0,0.0	0.006
0.998,1.0	1.0,0.996	0.001
0.999,1.0	1.0,1.0	-0.0
1.0,1.0	0.943,1.0	0.028
0.983,0.977	0.976,1.0	-0.008
1.0,1.0	1.0,0.997	0.002
0.994,0.994	1.0,1.0	-0.006
0.99,0.977	1.0,1.0	-0.016
0.995,0.995	1.0,1.0	-0.005
0.993,0.98	1.0,1.0	-0.014
0.957,1.0	0.953,0.921	0.041
0.99,1.0	1.0,1.0	-0.005
1.0,1.0	0.995,1.0	0.002
1.0,1.0	0.995,0.991	0.007
1.0,0.897	1.0,0.803	0.047
0.023,0.019	0.02,0.015	0.003
1.0,1.0	0.803,1.0	0.099
1.0,1.0	0.783,1.0	0.109
1.0,0.985	1.0,0.975	0.005
0.99,1.0	1.0,1.0	-0.005
0.997,0.998	1.0,1.0	-0.002
0.986,1.0	1.0,1.0	-0.007
0.001,0.002	0.002,0.004	-0.002
0.992,1.0	1.0,1.0	-0.004
0.992,0.993	1.0,0.986	-0.001
0.985,1.0	1.0,1.0	-0.008
0.962,0.967	0.964,1.0	-0.018
0.926,0.918	0.971,0.971	-0.049
0.956,0.964	0.984,0.98	-0.022
0.808,0.742	0.82,1.0	-0.135
0.257,0.355	0.261,0.348	0.002
1.0,0.997	1.0,1.0	-0.002
0.428,0.0	0.272,0.0	0.078
1.0,0.999	1.0,1.0	-0.0
1.0,1.0	1.0,0.974	0.013
1.0,0.998	1.0,1.0	-0.001
0.997,1.0	1.0,0.998	-0.001
1.0,1.0	1.0,1.0	0.0
1.0,0.983	1.0,1.0	-0.008
0.996,1.0	0.995,0.989	0.006
0.959,0.969	0.971,0.955	0.001
0.96,0.982	1.0,0.935	0.003
0.989,0.995	1.0,0.986	-0.001
1.0,1.0	1.0,0.973	0.014
0.992,1.0	1.0,1.0	-0.004
0.07,0.086	0.0,0.0	0.078
1.0,0.987	1.0,0.908	0.04
0.99,0.99	0.995,1.0	-0.008
1.0,1.0	0.905,1.0	0.047
1.0,0.996	1.0,1.0	-0.002
0.998,1.0	1.0,1.0	-0.001
0.997,1.0	1.0,1.0	-0.002
0.994,1.0	0.993,0.987	0.007
0.996,0.994	1.0,0.989	0.001
0.997,0.995	1.0,0.991	0.0
1.0,1.0	0.585,NA	0.415
0.31,0.306	0.485,0.191	-0.03
1.0,0.994	1.0,1.0	-0.003
1.0,0.995	1.0,1.0	-0.002
1.0,0.998	1.0,1.0	-0.001
0.995,0.983	0.994,0.986	-0.001
0.99,0.989	0.969,1.0	0.005
1.0,1.0	0.994,1.0	0.003
1.0,1.0	0.99,1.0	0.005
0.964,0.982	0.932,0.921	0.046
1.0,0.97	1.0,1.0	-0.015
0.078,0.067	0.119,0.091	-0.032
0.046,0.029	0.039,0.053	-0.009
1.0,0.973	1.0,1.0	-0.014
0.793,0.74	0.697,0.835	0.0
0.975,0.962	0.973,0.961	0.001
0.959,0.935	0.959,0.941	-0.003
1.0,1.0	1.0,0.818	0.091
0.993,0.99	1.0,1.0	-0.008
0.925,0.886	0.949,0.925	-0.032
0.076,0.12	0.043,0.063	0.045
1.0,1.0	0.981,1.0	0.01
1.0,1.0	0.994,1.0	0.003
0.999,0.999	1.0,1.0	-0.001
0.998,0.997	1.0,1.0	-0.002
0.981,0.968	1.0,1.0	-0.026
0.991,1.0	0.976,1.0	0.008
0.968,0.953	0.948,0.962	0.005
1.0,0.997	1.0,1.0	-0.002
1.0,0.999	1.0,1.0	-0.0
1.0,1.0	0.998,1.0	0.001
0.936,1.0	1.0,1.0	-0.032
1.0,0.993	1.0,1.0	-0.004
0.998,1.0	1.0,0.99	0.004
1.0,0.986	1.0,0.978	0.004
1.0,1.0	0.952,1.0	0.024
0.061,0.027	0.03,0.102	-0.022
1.0,0.972	0.937,1.0	0.017
0.967,0.943	0.956,1.0	-0.023
0.997,0.994	0.996,0.988	0.004
1.0,1.0	1.0,0.992	0.004
1.0,1.0	0.97,1.0	0.015
0.059,0.109	0.026,0.022	0.06
0.041,0.063	0.088,0.066	-0.025
0.887,1.0	0.956,1.0	-0.034
1.0,0.937	1.0,1.0	-0.031
1.0,0.95	1.0,1.0	-0.025
1.0,0.891	1.0,1.0	-0.054
0.357,0.381	0.411,0.602	-0.137
0.999,1.0	1.0,0.998	0.001
1.0,1.0	0.965,1.0	0.018
1.0,0.995	1.0,1.0	-0.002
0.135,0.118	0.057,0.111	0.042
0.991,1.0	0.992,1.0	-0.0
0.969,1.0	1.0,1.0	-0.016
0.91,0.909	0.703,0.826	0.145
0.661,0.706	0.308,0.51	0.274
0.99,1.0	0.929,0.826	0.118
1.0,0.996	1.0,1.0	-0.002
1.0,0.986	0.976,1.0	0.005
0.991,1.0	1.0,1.0	-0.004
1.0,0.993	1.0,1.0	-0.004
0.967,0.995	0.979,0.98	0.001
0.885,0.839	0.846,0.972	-0.047
0.881,0.924	0.959,0.946	-0.05
0.939,1.0	1.0,1.0	-0.03
0.999,1.0	1.0,1.0	-0.0
1.0,0.996	1.0,1.0	-0.002
0.079,0.079	0.076,0.109	-0.013
0.077,0.068	0.068,0.096	-0.009
1.0,1.0	1.0,0.928	0.036
0.284,0.361	0.514,0.0	0.066
0.977,0.98	0.986,1.0	-0.015
0.98,1.0	1.0,1.0	-0.01
0.989,0.945	0.984,0.992	-0.021
0.15,0.232	0.298,0.0	0.042
0.99,1.0	1.0,1.0	-0.005
0.134,0.085	0.163,0.131	-0.038
0.975,0.99	0.962,0.956	0.023
0.944,0.952	0.966,1.0	-0.035
0.915,1.0	1.0,1.0	-0.042
0.064,0.0	0.0,0.0	0.032
0.998,1.0	1.0,1.0	-0.001
0.996,0.994	1.0,1.0	-0.005
0.029,0.0	0.018,0.04	-0.014
1.0,0.984	1.0,1.0	-0.008
1.0,0.965	1.0,1.0	-0.018
1.0,1.0	1.0,0.938	0.031
0.751,NA	1.0,1.0	-0.249
1.0,1.0	0.993,1.0	0.004
1.0,0.992	1.0,1.0	-0.004
0.973,0.993	0.927,0.914	0.062
1.0,0.991	1.0,1.0	-0.004
0.988,0.984	0.982,1.0	-0.005
0.981,0.973	0.972,1.0	-0.009
1.0,1.0	1.0,0.987	0.006
0.147,0.152	0.136,0.034	0.064
0.99,1.0	1.0,1.0	-0.005
0.997,1.0	1.0,1.0	-0.002
0.798,1.0	1.0,NA	-0.101
1.0,0.995	1.0,1.0	-0.002
0.872,0.854	0.85,0.908	-0.016
1.0,0.997	1.0,1.0	-0.002
0.193,0.0	0.0,0.0	0.097
0.072,0.07	0.043,0.091	0.004
0.994,1.0	1.0,0.995	-0.001
0.999,1.0	1.0,1.0	-0.0
0.001,0.0	0.0,0.0	0.001
1.0,NA	0.387,1.0	0.306
1.0,1.0	0.0,NA	1.0
0.873,0.846	0.989,0.934	-0.102
1.0,1.0	0.986,1.0	0.007
1.0,0.998	1.0,1.0	-0.001
1.0,0.999	1.0,1.0	-0.0
0.433,1.0	1.0,NA	-0.283
0.009,0.028	0.0,0.024	0.006
0.994,0.986	0.994,1.0	-0.007
0.989,1.0	1.0,1.0	-0.006
0.987,1.0	0.948,1.0	0.02
0.882,0.836	0.742,0.785	0.095
0.849,0.899	1.0,1.0	-0.126
0.968,1.0	0.979,1.0	-0.006
0.395,0.335	0.246,0.521	-0.019
0.5,0.48	0.552,0.711	-0.141
0.938,1.0	1.0,0.865	0.036
0.893,0.9	0.95,1.0	-0.078
1.0,1.0	0.984,1.0	0.008
1.0,1.0	0.985,1.0	0.008
0.214,0.167	0.345,0.334	-0.149
0.983,1.0	1.0,0.948	0.018
1.0,1.0	1.0,0.995	0.002
0.297,0.291	0.231,0.296	0.03
0.257,0.241	0.16,0.19	0.074
0.998,0.998	1.0,1.0	-0.002
1.0,0.991	1.0,1.0	-0.004
1.0,0.982	1.0,1.0	-0.009
0.835,0.918	0.853,0.802	0.049
1.0,0.996	1.0,1.0	-0.002
0.242,0.0	1.0,NA	-0.879
1.0,0.99	1.0,1.0	-0.005
1.0,0.982	0.945,1.0	0.019
1.0,0.999	1.0,1.0	-0.0
1.0,1.0	1.0,0.993	0.004
1.0,0.524	0.181,1.0	0.171
1.0,0.974	0.942,1.0	0.016
1.0,0.985	0.968,1.0	0.008
0.703,0.868	0.896,0.463	0.106
1.0,0.999	1.0,1.0	-0.0
0.851,0.842	0.766,1.0	-0.036
0.963,1.0	1.0,1.0	-0.018
1.0,0.983	0.988,1.0	-0.002
1.0,0.955	1.0,1.0	-0.022
0.923,0.979	1.0,1.0	-0.049
1.0,0.995	1.0,1.0	-0.002
0.915,1.0	1.0,1.0	-0.042
0.954,1.0	1.0,1.0	-0.023
1.0,0.996	1.0,1.0	-0.002
0.995,1.0	0.985,1.0	0.005
0.892,0.936	0.872,0.799	0.079
0.994,0.99	0.944,0.959	0.04
1.0,0.994	1.0,1.0	-0.003
0.905,0.835	0.9,0.91	-0.035
0.971,0.968	1.0,1.0	-0.03
0.986,1.0	1.0,1.0	-0.007
1.0,0.998	0.998,1.0	0.0
1.0,1.0	1.0,0.996	0.002
0.997,1.0	1.0,1.0	-0.002
0.996,0.999	0.997,1.0	-0.001
0.361,0.439	0.69,0.66	-0.275
0.559,0.559	0.838,0.784	-0.252
0.402,0.404	0.706,0.671	-0.285
1.0,1.0	1.0,0.996	0.002
1.0,0.998	1.0,1.0	-0.001
0.764,0.799	0.827,0.763	-0.013
0.005,0.004	0.0,0.0	0.005
0.991,0.941	0.946,0.958	0.014
1.0,0.991	1.0,1.0	-0.004
0.991,1.0	0.971,1.0	0.01
0.972,1.0	1.0,1.0	-0.014
1.0,1.0	0.997,1.0	0.002
0.992,0.983	1.0,1.0	-0.012
1.0,0.99	1.0,1.0	-0.005
0.0,0.0	0.017,0.0	-0.009
1.0,1.0	1.0,0.675	0.162
0.995,0.989	1.0,1.0	-0.008
0.991,1.0	1.0,1.0	-0.004
0.977,1.0	1.0,1.0	-0.012
0.997,1.0	1.0,1.0	-0.002
1.0,1.0	0.95,0.886	0.082
1.0,0.985	1.0,1.0	-0.008
0.001,0.0	0.003,0.003	-0.003
0.971,1.0	1.0,1.0	-0.014
0.982,1.0	1.0,0.957	0.013
0.957,0.949	0.894,0.818	0.097
0.933,0.92	0.981,0.963	-0.045
1.0,0.993	1.0,1.0	-0.004
0.732,0.748	1.0,1.0	-0.26
0.285,0.544	1.0,NA	-0.586
0.834,0.877	1.0,1.0	-0.145
0.01,0.043	0.072,0.089	-0.054
0.966,1.0	1.0,1.0	-0.017
0.966,1.0	1.0,1.0	-0.017
1.0,0.995	1.0,1.0	-0.002
0.996,0.996	1.0,1.0	-0.004
1.0,0.94	0.985,1.0	-0.022
1.0,0.986	1.0,1.0	-0.007
1.0,0.986	1.0,1.0	-0.007
0.647,0.561	0.739,0.777	-0.154
0.949,0.962	0.954,1.0	-0.021
0.12,0.103	0.066,0.032	0.062
0.268,0.249	0.309,0.279	-0.036
0.774,0.848	0.8,0.815	0.003
0.37,0.363	0.465,0.357	-0.045
0.834,0.801	0.906,0.883	-0.077
1.0,0.971	1.0,0.93	0.02
0.995,1.0	1.0,1.0	-0.002
0.999,1.0	1.0,1.0	-0.0
1.0,1.0	1.0,0.984	0.008
1.0,0.997	1.0,1.0	-0.002
1.0,1.0	1.0,0.997	0.002
0.189,0.148	0.313,0.158	-0.067
0.068,0.042	0.125,0.03	-0.022
0.985,0.993	1.0,1.0	-0.011
0.987,1.0	1.0,1.0	-0.006
0.0,0.0	0.0,0.012	-0.006
0.991,1.0	1.0,1.0	-0.004
0.291,0.172	0.156,0.377	-0.035
0.767,0.766	0.855,0.915	-0.119
0.0,0.0	0.269,NA	-0.269
0.893,1.0	1.0,NA	-0.053
0.996,1.0	1.0,1.0	-0.002
0.992,0.996	1.0,1.0	-0.006
0.954,0.978	1.0,1.0	-0.034
0.378,0.375	0.46,0.58	-0.144
0.994,1.0	1.0,1.0	-0.003
0.991,0.984	1.0,0.988	-0.006
0.957,0.981	0.973,0.945	0.01
0.917,0.944	0.95,0.903	0.004
0.979,1.0	1.0,1.0	-0.01
0.954,0.952	0.922,0.937	0.023
1.0,1.0	0.998,1.0	0.001
0.977,1.0	1.0,1.0	-0.012
0.979,1.0	1.0,1.0	-0.01
0.959,0.951	0.963,0.958	-0.005
0.977,0.958	0.995,0.968	-0.014
0.999,0.999	0.999,1.0	-0.001
0.236,0.129	0.207,0.0	0.079
0.693,0.823	0.687,0.809	0.01
0.54,0.72	0.56,0.679	0.01
0.958,0.988	0.938,0.939	0.035
1.0,0.936	1.0,1.0	-0.032
0.976,1.0	1.0,1.0	-0.012
0.985,1.0	1.0,1.0	-0.008
1.0,1.0	0.992,1.0	0.004
1.0,1.0	1.0,0.988	0.006
0.999,1.0	1.0,1.0	-0.0
1.0,1.0	0.995,1.0	0.002
0.024,0.017	0.0,0.0	0.021
1.0,1.0	0.991,1.0	0.004
0.992,1.0	1.0,1.0	-0.004
1.0,1.0	0.997,1.0	0.002
1.0,0.954	1.0,1.0	-0.023
1.0,0.736	1.0,1.0	-0.132
1.0,1.0	0.923,1.0	0.038
0.992,0.989	1.0,1.0	-0.01
1.0,0.99	1.0,1.0	-0.005
0.152,0.1	0.092,0.098	0.031
1.0,0.998	1.0,1.0	-0.001
1.0,0.972	0.855,1.0	0.058
0.999,1.0	1.0,1.0	-0.0
0.967,0.981	0.98,1.0	-0.016
1.0,0.997	1.0,1.0	-0.002
0.997,0.997	1.0,1.0	-0.003
0.985,1.0	1.0,1.0	-0.008
1.0,1.0	0.996,1.0	0.002
1.0,1.0	1.0,0.988	0.006
0.993,1.0	0.991,1.0	0.001
1.0,0.974	1.0,1.0	-0.013
0.862,0.873	0.853,0.862	0.01
0.259,0.274	0.128,0.066	0.17
0.018,0.064	0.068,0.039	-0.013
0.011,0.067	0.17,0.095	-0.093
1.0,0.998	1.0,1.0	-0.001
1.0,0.921	1.0,1.0	-0.039
0.666,1.0	1.0,1.0	-0.167
1.0,1.0	0.999,1.0	0.0
0.699,0.87	0.972,1.0	-0.202
0.747,0.901	0.977,1.0	-0.164
0.018,0.018	0.016,0.004	0.008
0.036,0.223	0.083,0.0	0.088
1.0,0.997	1.0,1.0	-0.002
1.0,1.0	1.0,0.995	0.002
1.0,1.0	1.0,0.956	0.022
1.0,0.985	1.0,1.0	-0.008
0.992,1.0	0.99,1.0	0.001
1.0,0.97	1.0,1.0	-0.015
0.193,0.157	0.106,0.232	0.006
0.951,1.0	1.0,1.0	-0.024
0.685,0.953	0.774,1.0	-0.068
0.587,0.911	0.679,1.0	-0.091
0.997,0.991	0.997,1.0	-0.004
1.0,0.996	1.0,1.0	-0.002
1.0,1.0	0.999,1.0	0.0
1.0,0.995	0.993,1.0	0.001
1.0,1.0	0.993,1.0	0.004
1.0,1.0	0.654,NA	0.346
1.0,1.0	0.997,1.0	0.002
1.0,1.0	0.993,1.0	0.004
1.0,1.0	0.999,1.0	0.0
1.0,0.999	1.0,1.0	-0.0
1.0,1.0	1.0,1.0	0.0
0.998,1.0	1.0,0.99	0.004
0.973,0.971	0.974,0.942	0.014
0.987,0.986	1.0,1.0	-0.014
1.0,0.998	1.0,1.0	-0.001
0.197,0.301	0.247,0.44	-0.095
1.0,0.99	1.0,1.0	-0.005
1.0,1.0	1.0,0.996	0.002
0.997,0.996	0.995,0.995	0.001
0.701,0.787	0.708,0.816	-0.018
0.928,1.0	1.0,1.0	-0.036
0.966,1.0	1.0,1.0	-0.017
1.0,0.995	1.0,1.0	-0.002
1.0,1.0	1.0,1.0	0.0
0.997,0.995	1.0,1.0	-0.004
0.989,0.987	0.989,0.992	-0.002
0.247,0.422	0.163,0.305	0.101
1.0,1.0	0.972,1.0	0.014
1.0,1.0	0.945,1.0	0.028
1.0,1.0	0.931,1.0	0.034
1.0,1.0	0.99,1.0	0.005
1.0,1.0	0.999,1.0	0.0
1.0,1.0	1.0,0.972	0.014
1.0,1.0	0.996,1.0	0.002
1.0,0.996	0.999,1.0	-0.002
0.984,1.0	1.0,1.0	-0.008
0.929,1.0	1.0,1.0	-0.035
1.0,1.0	1.0,0.99	0.005
1.0,1.0	1.0,0.986	0.007
0.943,0.984	0.977,0.967	-0.008
0.272,0.284	0.826,0.697	-0.483
0.077,0.075	0.072,0.07	0.005
1.0,1.0	1.0,0.999	0.0
0.995,0.99	1.0,1.0	-0.008
1.0,1.0	1.0,1.0	0.0
1.0,0.995	1.0,1.0	-0.002
1.0,0.997	1.0,1.0	-0.002
1.0,0.631	0.827,1.0	-0.098
1.0,0.912	0.922,1.0	-0.005
1.0,0.428	0.692,NA	0.022
1.0,0.99	0.988,0.984	0.009
1.0,0.928	0.926,0.84	0.081
0.003,0.006	0.01,0.015	-0.008
0.847,0.839	0.889,0.864	-0.034
0.918,0.921	0.933,0.94	-0.017
0.927,0.928	0.935,0.943	-0.012
1.0,0.961	1.0,1.0	-0.02
1.0,0.99	1.0,1.0	-0.005
1.0,0.998	1.0,1.0	-0.001
0.993,0.996	1.0,0.995	-0.003
1.0,1.0	0.996,1.0	0.002
1.0,0.986	1.0,1.0	-0.007
1.0,1.0	0.911,1.0	0.044
1.0,0.995	1.0,1.0	-0.002
0.0,0.007	0.0,0.0	0.004
1.0,0.996	1.0,1.0	-0.002
1.0,1.0	1.0,1.0	0.0
0.992,0.996	0.994,0.99	0.002
0.017,0.008	0.016,0.028	-0.009
0.989,0.974	0.996,0.991	-0.012
1.0,0.993	1.0,1.0	-0.004
0.024,0.032	0.0,0.0	0.028
0.917,0.91	0.796,0.924	0.053
0.61,0.201	0.335,0.668	-0.096
1.0,1.0	1.0,1.0	0.0
1.0,0.994	1.0,1.0	-0.003
1.0,1.0	0.983,1.0	0.008
0.587,0.629	0.509,0.558	0.074
0.93,0.779	0.908,1.0	-0.099
0.808,0.594	0.857,1.0	-0.227
0.999,1.0	1.0,1.0	-0.0
1.0,1.0	0.997,1.0	0.002
0.975,1.0	1.0,1.0	-0.012
0.981,0.979	0.986,0.963	0.006
0.98,1.0	1.0,1.0	-0.01
0.977,0.947	0.983,1.0	-0.03
0.148,0.708	0.604,0.409	-0.078
1.0,0.806	1.0,0.675	0.066
0.581,1.0	1.0,1.0	-0.21
1.0,0.991	1.0,1.0	-0.004
1.0,1.0	0.93,1.0	0.035
0.987,0.983	0.986,1.0	-0.008
0.897,1.0	1.0,1.0	-0.051
0.896,1.0	1.0,1.0	-0.052
0.815,1.0	1.0,1.0	-0.093
0.125,0.124	0.125,0.228	-0.052
1.0,0.992	1.0,1.0	-0.004
1.0,1.0	1.0,0.946	0.027
0.991,0.99	0.989,1.0	-0.004
0.992,1.0	1.0,1.0	-0.004
0.978,0.974	0.973,0.973	0.003
0.69,1.0	0.934,1.0	-0.122
0.993,1.0	0.999,1.0	-0.003
0.997,0.996	1.0,0.999	-0.003
0.995,1.0	0.999,1.0	-0.002
1.0,0.996	1.0,1.0	-0.002
0.952,1.0	0.813,1.0	0.07
0.995,1.0	1.0,1.0	-0.002
0.011,0.007	0.016,0.0	0.001
0.99,0.978	0.971,1.0	-0.002
1.0,1.0	0.992,1.0	0.004
1.0,1.0	0.997,1.0	0.002
0.992,0.992	0.99,1.0	-0.003
0.77,0.683	0.841,0.489	0.061
0.972,0.973	1.0,1.0	-0.028
0.988,1.0	1.0,0.944	0.022
0.989,0.995	0.974,0.991	0.01
1.0,0.997	1.0,1.0	-0.002
1.0,1.0	0.982,1.0	0.009
0.938,0.979	0.963,0.874	0.04
0.927,0.883	0.948,0.928	-0.033
0.8,1.0	0.7,0.401	0.35
0.937,1.0	0.845,0.828	0.132
0.961,0.962	0.96,0.938	0.013
1.0,0.986	1.0,1.0	-0.007
0.425,0.528	0.274,0.407	0.136
0.244,0.326	0.149,0.208	0.107
1.0,0.999	1.0,1.0	-0.0
0.953,1.0	1.0,1.0	-0.024
0.992,0.998	0.998,0.992	0.0
0.682,1.0	1.0,1.0	-0.159
0.221,0.238	0.344,0.355	-0.12
0.98,0.988	1.0,1.0	-0.016
0.682,0.802	0.893,0.889	-0.149
0.684,0.806	0.894,0.89	-0.147
0.114,0.036	0.032,0.067	0.025
1.0,1.0	0.957,1.0	0.022
0.0,0.0	0.0,0.024	-0.012
0.94,0.948	0.85,0.814	0.112
0.944,0.938	1.0,1.0	-0.059
1.0,1.0	0.882,1.0	0.059
1.0,NA	0.0,NA	1.0
0.994,1.0	1.0,1.0	-0.003
0.996,1.0	1.0,1.0	-0.002
0.102,0.199	0.23,0.289	-0.109
1.0,0.979	1.0,1.0	-0.01
0.976,0.983	0.925,0.953	0.04
0.898,0.866	0.904,0.945	-0.042
1.0,0.971	0.948,1.0	0.012
0.045,0.037	0.057,0.0	0.012
1.0,0.964	1.0,1.0	-0.018
0.0,0.023	0.068,0.019	-0.032
0.974,1.0	0.983,1.0	-0.005
0.997,1.0	1.0,1.0	-0.002
0.878,0.852	0.834,0.907	-0.006
1.0,1.0	0.853,0.659	0.244
0.854,1.0	1.0,1.0	-0.073
0.447,0.605	0.29,0.401	0.18
0.417,0.541	0.294,0.34	0.162
1.0,0.99	1.0,1.0	-0.005
1.0,1.0	0.988,1.0	0.006
0.889,0.937	0.802,0.86	0.082
0.959,0.982	0.939,0.935	0.033
0.283,0.382	0.356,0.287	0.011
1.0,1.0	1.0,1.0	0.0
1.0,0.999	0.998,0.998	0.002
