ID	IJC_SAMPLE_1	SJC_SAMPLE_1	IJC_SAMPLE_2	SJC_SAMPLE_2	IncFormLen	SkipFormLen	PValue
0	15,37	28,37	22,31	38,30	182	99	1
1	22,19	0,0	42,27	3,0	198	99	1
2	4,11	87,114	11,14	114,128	128	99	1
3	353,402	28,33	363,368	31,27	108	99	1
4	441,646	22,40	461,567	33,29	105	99	1
8	100,119	1,0	170,120	3,0	109	99	1
10	551,903	0,1	529,732	1,5	103	99	1
11	24,47	5,6	20,42	7,11	132	99	0.848344596444
13	7,17	132,184	29,23	153,194	110	99	1
14	5,11	206,265	8,9	208,186	198	99	1
15	245,341	2,3	334,395	1,1	104	99	1
16	448,784	3,14	540,779	4,9	106	99	1
17	7,16	50,64	12,7	78,57	102	99	1
18	37,47	8,8	39,30	11,9	107	99	1
20	201,241	4,7	214,223	6,6	117	99	1
21	114,185	1,3	157,144	3,3	102	99	1
22	1,2	0,7	0,0	0,3	111	99	1
23	5,14	0,1	2,4	0,0	198	99	1
24	2058,3084	290,411	3259,3563	750,729	105	99	1
25	4,8	6,18	8,5	12,15	108	99	1
26	10,22	37,48	8,15	64,54	111	99	1
27	8,24	83,95	12,35	77,104	120	99	1
28	15,53	11,18	30,38	44,43	198	99	0.0909019726211
29	15,53	75,108	33,39	100,117	198	99	1
30	11,20	75,108	47,47	100,117	111	99	0.161098426879
32	4,7	91,110	6,5	165,138	198	99	1
33	26,57	29,55	24,23	33,37	106	99	1
35	82,141	4,7	79,117	5,16	102	99	1
36	14,16	62,88	21,36	56,106	136	99	1
37	88,158	7,7	104,138	3,3	102	99	1
38	13,25	17,16	11,18	16,10	119	99	1
42	64,69	181,296	96,90	227,284	186	99	1
43	127,192	9,8	116,84	14,8	130	99	1
44	2,2	10,8	4,2	23,5	109	99	1
45	12,9	18,33	9,15	30,25	114	99	1
46	0,1	19,46	2,1	31,35	116	99	1
47	13,15	9,17	9,15	33,28	117	99	0.140173242682
48	89,122	7,11	97,106	7,13	198	99	1
49	38,43	7,11	25,24	7,13	198	99	0.637150885309
50	11,13	54,80	6,7	72,83	140	99	1
53	16,26	24,37	48,30	16,31	102	99	0.197850271577
54	18,17	0,0	26,28	1,1	198	99	1
55	10,15	2,3	24,19	4,4	193	99	1
56	20,20	1,0	37,19	2,0	177	99	1
57	4,5	26,30	12,12	25,15	102	99	0.0594791732567
60	45,48	20,33	26,34	25,19	102	99	1
62	23,21	23,31	26,21	23,36	198	99	1
66	82,110	1,2	143,151	1,0	114	99	1
68	186,270	33,34	224,238	34,36	102	99	1
69	11,34	3,5	22,25	4,0	160	99	0.860027916701
72	3,1	1,4	2,0	1,4	108	99	0.297927027848
73	1,1	5,1	2,0	2,3	108	99	1
74	7,13	2,5	41,14	3,1	102	99	0.325221210904
75	11,15	0,4	14,22	3,2	161	99	1
77	19,34	12,16	43,48	12,15	184	99	0.573611280502
78	79,109	0,2	114,118	0,1	198	99	1
79	68,98	9,21	103,119	18,23	120	99	1
81	110,193	4,5	233,215	15,12	198	99	1
82	8,5	54,60	28,27	28,39	102	99	1.14787949632e-05
83	3,4	90,131	12,7	110,122	115	99	1
84	259,249	86,81	269,265	53,73	102	99	1
85	206,317	94,98	271,335	81,73	102	99	1
87	121,170	15,20	124,170	37,31	114	99	1
88	2,4	53,86	4,0	54,88	198	99	1
89	0,6	1,5	1,6	3,11	132	99	1
90	22,13	209,269	28,20	267,257	108	99	1
91	2,10	38,78	18,11	69,79	117	99	1
92	1118,1639	2,1	1189,1409	1,1	103	99	1
93	112,190	490,664	138,143	509,590	182	99	1
95	58,157	20,29	95,84	12,18	180	99	1
96	1,3	34,59	1,8	88,79	113	99	1
97	9,10	0,0	37,20	1,0	114	99	1
98	41,101	72,115	86,110	81,95	106	99	0.933595049778
100	2,5	170,316	0,2	252,269	132	99	1
101	410,622	19,22	435,590	12,22	111	99	1
103	99,172	1,2	125,150	2,3	122	99	1
104	47,68	2518,3580	51,108	2838,3786	108	99	1
105	6,15	2,2	8,16	1,2	114	99	1
106	2,0	15,18	0,0	10,7	115	99	1
107	65,107	2,1	153,115	0,3	198	99	1
108	6,4	7,9	3,6	10,19	102	99	0.759620823581
109	10,14	0,1	7,15	0,0	134	99	1
111	18,23	10,9	17,14	15,16	108	99	0.299599820535
112	34,85	0,1	48,53	0,0	134	99	1
113	70,95	0,0	56,69	0,2	198	99	1
116	76,142	0,2	130,151	1,1	172	99	1
117	6,14	28,45	14,9	26,40	120	99	1
118	5,3	219,317	2,10	376,465	135	99	1
119	40018,47529	416,498	68417,71807	695,798	120	99	1
120	40,67	2,1	2,33	0,3	156	99	1
122	4,1	19,40	5,15	17,30	198	99	0.393914898375
123	34,63	19,40	43,55	17,30	198	99	1
125	37,52	23,15	61,70	46,35	198	99	1
126	36,55	35,33	72,44	55,38	198	99	1
127	9,24	0,0	22,31	5,8	116	99	0.0493315701943
128	21,25	470,622	33,23	756,670	198	99	1
130	99,258	11,28	74,155	6,15	198	99	1
131	33,58	422,665	69,46	560,661	118	99	1
132	50,62	25,43	47,61	32,28	104	99	1
133	7,7	139,195	8,2	205,253	198	99	1
134	0,0	17,58	0,1	17,43	105	99	1
135	1,0	2,2	0,0	1,0	102	99	1
136	759,1175	0,0	1021,1169	1,0	127	99	1
138	3,1	21,21	1,0	22,9	111	99	1
139	22,25	116,175	28,18	147,138	198	99	1
141	50,43	4,2	39,49	4,7	102	99	1
142	2,3	125,212	0,5	221,163	147	99	1
143	259,379	62,100	275,297	60,72	159	99	1
144	2973,5013	2,1	6126,5607	3,7	168	99	1
145	90,142	15,24	97,103	11,14	121	99	1
146	4,9	5,6	14,10	7,2	108	99	0.410175894632
147	7,13	4,5	14,19	9,18	107	99	0.663745706094
149	9,14	0,0	12,12	2,0	198	99	1
151	5,5	0,1	6,15	3,0	111	99	1
152	1,0	0,0	0,0	1,0	137	99	1
153	113,214	43,76	227,271	61,65	198	99	1
154	11,21	76,92	14,10	110,153	129	99	1
155	26,31	0,0	30,28	0,1	108	99	1
156	0,1	31,47	6,2	57,39	198	99	1
157	1,1	68,72	3,1	51,70	159	99	1
159	30,44	16,21	18,31	19,19	114	99	0.889335029359
160	36,81	0,2	53,54	3,1	112	99	1
161	7,8	85,132	3,6	97,87	111	99	1
162	49,61	1,7	45,52	6,2	160	99	1
163	199,287	11,18	323,347	11,12	138	99	1
164	13,17	39,62	18,27	66,69	116	99	1
166	18,31	175,227	24,21	157,197	102	99	1
167	4,6	59,76	5,2	51,63	198	99	1
168	40,55	1,0	48,41	0,2	106	99	1
169	337,457	36,47	333,385	48,56	198	99	1
170	83,109	4,24	74,86	5,5	102	99	1
171	10,9	126,113	12,11	112,103	140	99	1
173	89,121	2,5	133,106	3,1	102	99	1
174	67,108	0,2	87,69	4,2	111	99	1
175	98,150	4,2	120,148	3,2	198	99	1
176	4,11	1,4	4,15	4,1	121	99	1
177	687,888	11,20	1035,981	13,17	102	99	1
180	157,272	25,70	213,287	54,34	114	99	1
181	118,237	0,2	208,238	0,0	106	99	1
182	7,11	35,47	19,10	41,45	159	99	1
183	219,289	1,0	320,370	0,1	102	99	1
185	4,7	2,2	6,4	0,0	105	99	0.493339493685
186	1,0	2,0	2,1	6,7	128	99	1
187	174,204	2,1	169,199	2,8	105	99	1
188	2,6	87,87	6,0	77,98	126	99	1
189	26,46	37,71	27,41	72,74	109	99	1
190	8,16	72,134	13,17	138,128	132	99	1
191	302,456	26,46	400,532	33,32	111	99	1
193	72,80	23,44	52,76	28,27	113	99	1
194	10,12	70,97	16,2	78,93	118	99	1
195	79,70	224,336	70,61	227,327	198	99	1
197	59,134	21,38	74,97	29,26	152	99	1
199	25,29	2,0	19,41	6,3	106	99	1
200	39,45	2,0	34,54	6,3	112	99	1
201	15,16	1,0	17,13	2,0	105	99	1
202	0,7	286,361	1,2	382,360	198	99	1
203	9,7	16,9	8,10	18,4	113	99	1
204	5,7	34,35	7,10	36,50	102	99	1
205	33,49	0,0	53,112	0,1	104	99	1
207	12,8	271,423	7,13	371,404	102	99	1
208	6,5	5,8	9,5	5,4	120	99	0.655500728991
209	33,56	62,87	29,20	79,114	102	99	0.156541661532
210	169,235	0,7	247,214	4,9	110	99	1
211	57,73	448,591	187,185	559,571	102	99	0.0877714695542
212	6,11	642,824	10,21	797,969	123	99	1
213	25,63	3,8	58,62	4,3	111	99	1
214	0,2	2,1	1,0	2,0	107	99	1
215	9,12	5,13	13,18	12,12	102	99	1
216	8,19	274,359	17,16	324,324	198	99	1
217	17,17	55,69	35,34	120,151	102	99	1
218	124,185	108,166	148,149	136,191	102	99	1
219	1,3	254,347	0,3	330,397	107	99	1
220	45,70	0,2	35,47	2,2	102	99	1
221	10,12	202,337	8,21	255,279	102	99	1
222	6,13	252,366	12,11	364,344	130	99	1
223	3,9	16,15	9,4	24,12	102	99	1
224	6,23	89,110	13,27	99,81	153	99	1
225	24,47	89,110	28,62	99,81	174	99	1
226	18,27	0,3	16,36	1,1	120	99	1
227	58,61	8,13	32,61	22,20	102	99	0.229931671199
228	31,47	54,83	42,27	83,84	108	99	1
232	52,71	30,41	70,83	36,37	102	99	1
233	31,29	3,3	20,30	0,0	198	99	0.680426172918
234	4,20	2,7	9,16	6,2	127	99	1
235	10,27	2,7	19,28	6,2	160	99	1
236	6,13	0,6	12,14	2,2	132	99	1
237	4,2	25,29	2,4	36,50	102	99	1
239	450,628	1,3	522,593	0,1	106	99	1
240	7464,10827	159,229	7551,9472	242,256	105	99	1
241	639,924	159,229	680,721	242,256	198	99	1
242	98,151	6923,10048	116,94	6984,8844	198	99	1
243	1,2	51,80	1,0	50,50	153	99	1
244	1,1	16,13	5,4	8,9	112	99	0.0363810841287
245	60,72	4,6	72,63	8,3	132	99	1
246	2,4	0,0	5,3	2,1	144	99	0.551644930348
248	45,69	43,65	59,79	47,38	102	99	0.90920261177
249	6,24	1,1	13,10	0,2	117	99	1
250	31,71	1,1	34,65	0,2	139	99	1
251	28,47	3,0	27,57	6,2	121	99	1
253	248,269	12,19	302,298	11,22	198	99	1
254	15,7	40,84	22,24	50,76	139	99	1
255	11,22	312,487	43,31	989,1065	198	99	1
256	34,89	56,92	40,41	66,87	198	99	1
258	112,148	6,15	157,150	9,16	102	99	1
259	24,32	9,3	28,39	8,6	115	99	1
260	94,118	119,95	187,171	83,84	102	99	0.0688653230464
261	244,271	1,15	250,278	5,4	111	99	1
262	144,173	16,8	191,167	15,12	136	99	1
263	58,68	16,8	89,74	15,12	148	99	1
264	18,11	104,116	32,17	134,110	111	99	1
265	2,0	31,59	0,3	68,54	105	99	1
266	38,89	3,2	90,82	1,5	198	99	1
267	11,8	4,2	0,2	2,0	111	99	0.861308623026
269	4,3	0,2	3,11	1,0	198	99	1
270	1,0	2,0	0,0	0,1	102	99	1
273	1,9	17,41	11,11	18,44	111	99	0.716486755393
274	59,116	17,41	105,112	18,44	130	99	1
275	58,108	0,1	94,101	0,0	118	99	1
276	5,4	7,6	13,13	21,4	108	99	0.683699155559
277	146,257	8,19	320,471	12,24	102	99	1
278	130,213	98,176	249,424	150,249	102	99	1
279	62,62	13,36	64,55	27,25	115	99	1
280	7,3	83,118	6,2	80,73	110	99	1
281	16,26	1,1	17,16	1,3	110	99	1
282	830,1371	0,2	1032,1299	0,0	198	99	1
283	0,1	22,7	0,0	23,37	126	99	1
284	10,19	1,2	38,15	0,0	159	99	0.590193603984
285	102,164	0,1	150,159	0,0	106	99	1
286	21,26	87,132	14,11	147,152	113	99	1
287	41,57	0,0	67,47	1,0	198	99	1
288	12,15	42,42	24,24	39,46	102	99	0.739351619998
289	0,2	35,55	0,0	49,49	104	99	1
290	51,82	17,15	69,69	12,20	118	99	1
291	29,42	9,13	43,41	11,14	112	99	1
292	69,94	170,172	108,104	119,153	198	99	1
293	51,76	170,172	83,81	119,153	198	99	1
294	6,4	60,123	0,5	119,201	198	99	1
295	91,130	5,8	121,108	1,0	108	99	1
296	14,22	0,4	19,26	2,4	102	99	1
298	30,35	0,3	38,51	2,0	118	99	1
299	468,657	350,515	655,697	586,580	162	99	1
300	3,2	12,13	6,6	4,8	112	99	0.0500572920785
301	10,5	3,3	8,11	5,1	117	99	1
302	19,16	3,3	6,13	5,1	104	99	1
303	51,114	3,5	32,95	2,3	105	99	1
304	10,37	55,90	59,57	54,75	102	99	0.0166700025074
305	25,12	7,13	17,22	10,11	162	99	1
307	18,44	37,65	23,37	43,42	198	99	1
309	19,20	407,450	29,32	499,559	198	99	1
310	1,0	94,129	2,2	109,81	123	99	1
311	0,3	78,88	0,1	40,72	118	99	1
312	27,20	3,8	14,12	1,4	105	99	1
314	9,13	22,47	0,5	44,29	198	99	0.831197293207
316	643,1035	7,25	903,1083	30,20	120	99	1
317	11,13	278,405	12,36	379,437	144	99	1
319	0,2	113,186	0,0	174,142	102	99	1
320	56,71	0,0	76,73	2,2	108	99	1
322	16,33	8,14	29,62	10,24	102	99	1
323	74,104	2,6	65,96	0,0	172	99	1
324	89,119	2,6	75,105	0,0	176	99	1
325	17,15	2,0	10,10	0,1	103	99	1
326	154,192	24,27	157,192	6,7	176	99	0.118821744402
327	475,707	152,206	607,865	102,118	119	99	0.507196864374
329	18,26	436,590	53,47	533,701	108	99	1
330	22,22	36,47	33,15	44,47	109	99	1
331	46,66	19,18	42,46	36,17	172	99	0.651371796435
332	4,8	32,38	4,3	7,13	124	99	1
333	49,61	0,0	73,65	3,0	120	99	1
334	48,60	4,2	73,63	2,1	198	99	1
335	2,0	4,2	5,0	2,1	198	99	0.543042905056
336	1,1	8,5	0,1	7,13	118	99	1
338	10,15	5,8	9,16	10,17	104	99	0.392028110822
339	185,238	9,5	285,296	14,22	141	99	1
340	425,603	15,15	538,607	19,12	102	99	1
341	1008,1166	122,165	1241,1503	161,185	198	99	1
342	38,40	0,0	37,27	1,0	144	99	1
343	87,91	0,1	122,94	4,0	102	99	1
344	7,31	2,2	17,18	2,6	198	99	0.642915073318
345	7,31	1739,2609	17,30	1809,2532	198	99	1
346	4,10	1739,2609	5,21	1809,2532	124	99	1
347	5,14	4,11	4,17	9,6	124	99	1
348	31,42	23,53	38,37	28,44	104	99	1
349	18,28	1,0	33,24	0,0	136	99	1
350	196,302	2,2	343,288	4,2	198	99	1
351	292,437	74,100	296,233	102,101	198	99	0.742704354928
352	5,13	171,241	8,10	189,187	144	99	1
353	6,2	13,7	3,2	9,6	102	99	1
354	0,0	1108,1595	1,1	1706,2056	123	99	1
355	12,12	16,28	9,8	18,18	109	99	1
356	161,224	3,6	204,208	1,1	110	99	1
357	85,159	40,92	136,179	61,68	175	99	1
358	57,79	29,37	58,67	17,43	198	99	1
359	0,2	1150,1502	4,0	1391,1784	198	99	1
360	53,79	7,10	74,48	3,6	174	99	1
361	11,25	238,407	18,9	285,363	110	99	1
362	357,419	0,4	316,358	4,2	114	99	1
363	7,15	18,23	12,14	30,30	116	99	1
364	29,38	11,20	39,33	7,6	159	99	0.157123020934
365	40,46	11,20	57,49	7,6	142	99	0.132463157896
366	0,3	3,5	0,0	0,6	113	99	1
367	1,4	152,204	2,0	239,276	113	99	1
368	8,12	1,1	1,8	0,0	103	99	1
369	47,65	52,79	47,45	53,58	135	99	1
370	112,147	0,0	166,136	6,0	145	99	1
372	9,4	302,416	10,11	372,393	198	99	1
373	0,0	4,6	1,0	21,15	112	99	1
374	5,1	7,6	6,5	20,5	102	99	1
376	475,667	0,0	652,647	1,0	198	99	1
377	76,103	337,500	157,164	290,396	198	99	1
378	311,495	73,110	380,421	120,138	135	99	1
379	91,137	0,1	97,139	0,0	108	99	1
381	5,4	57,134	4,11	109,96	137	99	1
382	4,4	1,0	4,11	0,0	137	99	1
383	69,83	4,1	47,61	1,5	105	99	1
385	60,102	4,7	70,96	4,11	192	99	1
386	342,465	80,101	426,364	111,119	102	99	1
387	73,83	3,5	122,118	11,3	198	99	1
390	114,179	7,9	133,147	5,7	102	99	1
391	30,45	339,471	14,36	427,450	112	99	1
394	9,0	186,228	16,4	214,182	198	99	1
395	5,3	259,466	5,2	340,416	102	99	1
396	4,7	216,295	6,11	197,318	198	99	1
397	35,52	84,119	14,18	134,130	102	99	0.00989394077341
398	13,13	437,582	7,17	400,561	198	99	1
400	5,3	112,139	2,3	91,106	120	99	1
401	164,231	134,169	201,227	189,142	135	99	1
403	4,5	1,4	1,0	0,0	108	99	1
404	121,171	9,6	157,161	4,12	110	99	1
405	42,32	49,47	39,36	25,10	102	99	0.0361030147778
408	74,131	7,3	46,45	2,2	108	99	1
409	71,77	2,5	90,61	11,5	104	99	1
410	43,64	1,2	45,53	1,0	123	99	1
413	64,81	67,129	43,81	67,128	108	99	1
414	12,15	12,10	9,15	19,19	122	99	0.48909292429
415	1,0	0,0	14,3	0,3	198	99	1
417	369,494	0,2	443,465	2,5	173	99	1
418	74,90	222,307	86,117	203,242	102	99	1
419	10,17	255,393	16,16	351,339	111	99	1
421	103,151	92,129	196,160	76,75	103	99	0.0721771298955
422	15,28	2,0	17,19	0,1	103	99	1
423	11,18	3,2	13,21	7,3	198	99	0.781180127971
425	190,277	427,579	234,227	433,524	198	99	1
426	2,2	4,10	5,5	1,8	102	99	0.104873221293
427	633,1032	484,628	1126,1259	706,845	142	99	1
428	25,29	13,12	17,20	14,19	108	99	0.449350492813
429	4,1	26,39	2,9	51,56	120	99	1
430	11,18	79,126	0,15	111,103	102	99	1
431	4,2	66,95	2,2	82,63	141	99	1
432	6,3	41,34	7,4	43,26	102	99	1
433	8,11	24,31	5,7	28,27	111	99	1
434	6,8	128,214	39,28	128,182	114	99	0.27027703786
435	168,292	0,2	232,282	0,0	198	99	1
436	257,478	0,1	438,362	0,0	148	99	1
437	5,10	31,49	10,13	30,39	107	99	1
438	2310,2910	30,53	2142,3226	30,44	102	99	1
439	2,3	8,15	3,9	4,12	114	99	0.161594314142
440	1,0	17,29	0,1	36,22	102	99	1
442	67,116	0,1	82,86	1,0	105	99	1
443	18,31	29,21	17,32	32,29	102	99	1
444	5,5	75,159	5,3	138,154	117	99	1
445	6,3	33,53	6,7	47,49	133	99	1
446	45,62	3,6	52,54	2,2	198	99	1
447	15,10	3,2	5,5	4,2	198	99	0.288450501628
448	23,19	0,9	17,13	8,15	160	99	0.0710322495827
449	22,47	5,12	42,54	10,6	116	99	1
450	1,0	1,0	0,0	0,4	117	99	1
451	0,7	26,43	0,2	49,27	111	99	1
452	24,51	72,131	36,27	110,84	102	99	1
453	33,31	9,6	31,26	5,4	102	99	1
454	0,1	19,24	3,0	32,17	198	99	1
455	0,3	1,3	6,0	5,7	108	99	1
456	2,0	6,4	2,0	11,3	102	99	1
459	191,270	11,19	221,321	8,19	141	99	1
460	15,23	57,96	37,34	70,88	102	99	0.790147110218
461	2,3	40,39	4,4	57,34	102	99	1
465	125,225	449,664	243,217	509,492	198	99	1
466	465,590	4,1	464,540	0,1	117	99	1
467	44,67	4,9	40,45	1,5	105	99	1
469	28,38	4,1	38,58	4,2	154	99	1
470	35,47	195,218	50,67	247,269	157	99	1
471	39,51	62,93	51,73	95,95	160	99	1
472	11,10	195,218	16,11	247,269	102	99	1
473	15,14	62,93	17,17	95,95	105	99	1
474	199,222	62,93	248,275	95,95	102	99	1
475	1,6	4,5	0,1	5,4	115	99	0.0572306720788
476	4,6	9,10	2,6	7,9	137	99	1
477	6,11	2,0	8,11	0,0	150	99	1
479	7,5	9,10	7,9	7,9	121	99	0.832029128715
480	9,10	2,0	13,14	0,0	134	99	1
482	11,15	2,0	13,14	0,0	112	99	1
485	30,41	4,2	41,26	2,0	118	99	1
486	4160,6603	42,94	3952,5867	37,51	118	99	1
487	4330,6824	30,50	4106,6139	20,43	128	99	1
488	212,315	30,50	191,323	20,43	109	99	1
489	11,16	3008,4728	19,30	2784,4447	102	99	1
490	442,606	6,4	445,480	3,11	139	99	1
491	84,163	1,1	92,120	4,6	103	99	1
492	44,68	1,0	69,71	0,0	180	99	1
493	4,5	15,39	6,7	26,37	121	99	1
494	13,7	21,39	12,16	67,71	109	99	1
495	19,36	10,10	20,16	7,5	104	99	1
496	53,77	10,10	67,62	7,5	163	99	1
497	47,74	13,33	62,61	15,15	158	99	1
498	13,23	690,1052	22,23	752,882	198	99	1
499	0,0	26,74	3,4	30,68	116	99	1
500	10,11	82,110	7,10	106,89	138	99	1
501	203,291	564,729	290,324	539,591	108	99	1
503	37,63	77,137	56,69	111,93	140	99	1
504	75,148	0,0	149,103	0,2	129	99	1
505	251,407	26,56	352,370	32,46	114	99	1
506	6,8	2,0	4,4	0,0	107	99	1
507	5,2	3,2	2,2	1,0	198	99	0.006673301422
510	13,22	11,23	28,16	15,22	102	99	1
512	15,19	12,17	16,19	17,21	102	99	1
513	10,8	475,590	9,6	643,622	198	99	1
514	40,71	3,8	71,84	0,3	198	99	0.534192036146
515	17,26	36,61	21,19	32,42	110	99	1
516	326,458	259,396	465,584	283,365	102	99	1
517	95,148	568,797	155,211	585,891	114	99	1
518	39,29	41,48	32,40	35,43	112	99	1
520	2,0	1,0	0,0	0,1	140	99	1
521	14,13	11,1	26,26	14,12	130	99	0.944429588712
522	3,0	0,0	45,4	5,0	105	99	1
524	8,3	100,149	3,0	115,148	118	99	1
526	43,46	0,3	55,54	0,1	145	99	1
527	58,97	12,22	179,139	19,20	113	99	1
528	68,115	16,22	193,160	31,29	109	99	1
531	64,129	8,9	145,124	4,8	126	99	1
535	71,106	44,49	87,108	51,58	121	99	1
536	10,6	0,0	13,2	4,0	123	99	1
537	0,5	52,86	4,1	96,91	102	99	1
538	11,17	4,1	6,21	0,1	102	99	1
539	56,69	60,55	23,37	20,48	102	99	1
540	15,23	13,21	31,13	19,13	198	99	1
541	16,25	55,83	21,17	51,60	198	99	1
542	339,436	0,0	368,485	0,1	116	99	1
543	243,325	3,1	248,269	0,0	114	99	1
544	242,336	7,8	243,261	3,7	105	99	1
545	0,0	2,3	1,0	1,1	102	99	1
546	176,254	5,7	186,249	3,4	198	99	1
548	15,26	670,938	26,39	716,955	198	99	1
550	9,7	296,394	21,18	568,617	198	99	1
551	175,315	0,0	328,366	3,2	103	99	1
552	2,4	84,150	3,0	122,128	105	99	1
554	18,28	6,4	52,46	25,35	198	99	0.115296870864
555	2,1	49,70	4,0	48,62	118	99	1
556	753,1246	1,1	982,1229	1,2	105	99	1
557	76,71	5,2	82,143	21,28	108	99	0.102307096304
558	113,175	3,0	199,212	9,6	182	99	1
559	32,46	135,197	49,50	104,199	198	99	1
560	0,3	1,1	2,3	2,1	108	99	0.505991184432
561	14,19	3,3	16,18	9,2	198	99	1
562	40,90	8,8	53,70	3,11	198	99	1
564	135,206	77,89	156,185	113,92	198	99	1
565	112,141	10,16	120,147	12,17	105	99	1
567	30,21	5,21	26,25	5,9	105	99	1
568	53,66	5,21	67,61	5,9	108	99	1
569	47,63	24,18	56,52	15,16	102	99	1
570	0,0	4,1	0,3	5,0	121	99	0.719475122635
572	198,288	0,2	156,188	0,0	198	99	1
573	4,0	1,0	3,2	1,3	111	99	1
575	86,119	0,1	80,93	5,2	198	99	1
576	44,77	7,6	55,79	0,0	114	99	1
577	55,33	1,0	79,58	2,2	114	99	1
578	0,3	1,4	4,4	5,6	141	99	0.557161996347
579	8,14	0,1	18,27	11,5	198	99	0.000989823057987
581	12,16	301,450	10,12	328,396	198	99	1
582	78,127	1,5	94,124	2,0	162	99	1
583	0,1	48,85	0,2	76,77	105	99	1
584	54,91	0,0	79,86	0,4	198	99	1
585	116,166	525,761	155,173	543,813	198	99	1
586	82,88	89,112	89,121	95,123	110	99	1
587	53,58	58,101	32,49	69,90	102	99	1
588	91,131	3,14	111,135	15,12	102	99	1
589	8,14	4,2	22,14	0,5	119	99	0.85313596595
591	71,109	1,18	145,183	18,11	134	99	1
592	329,468	183,248	443,526	164,133	102	99	0.515402858393
593	10,24	2,3	20,20	1,4	174	99	1
596	17,43	7,8	22,28	8,10	110	99	1
598	17,21	4,8	33,49	0,4	112	99	0.0702219306309
599	25,26	10,4	27,45	15,6	198	99	1
600	2,5	1,0	0,2	0,0	123	99	1
601	2,7	37,86	4,3	23,32	112	99	1
602	5,2	0,2	9,5	9,2	121	99	0.125593328351
603	5,13	58,111	3,10	43,65	113	99	1
604	20,34	0,5	51,33	9,3	102	99	1
605	1,0	1,0	0,3	0,0	105	99	1
606	0,2	98,109	3,1	83,133	110	99	1
607	1,4	0,0	1,2	2,0	130	99	1
608	113,191	0,0	226,206	2,0	195	99	1
609	33,41	8,7	30,28	8,0	198	99	0.845112033851
610	1,1	142,206	2,0	154,185	171	99	1
612	54,92	1,0	94,119	1,0	198	99	1
613	38,56	1,1	15,20	0,0	111	99	1
614	79,114	0,1	99,115	0,1	113	99	1
618	6,7	3,0	9,15	0,1	102	99	1
619	0,4	6,25	2,0	37,28	111	99	1
620	6,10	30,43	1,3	49,46	115	99	0.520493401849
621	4,1	0,0	0,1	1,1	150	99	0.000800093759249
622	0,2	70,111	1,2	51,89	123	99	1
623	4,7	10,19	3,1	7,22	145	99	0.643690344234
624	1,3	0,0	0,1	0,1	106	99	1
626	8,11	17,46	6,9	77,66	198	99	1
628	106,125	35,76	158,172	74,67	102	99	1
629	1398,2016	20,29	1884,2147	24,31	102	99	1
631	46,79	43,37	38,57	76,89	110	99	0.0359007454842
632	14,25	5,2	23,14	9,5	105	99	0.642981619677
633	48,61	74,110	41,52	112,106	102	99	1
635	8,13	29,34	3,8	16,19	172	99	1
636	195,385	60,71	214,277	38,43	129	99	1
637	286,471	1,2	253,369	0,3	105	99	1
638	3,4	2,4	3,4	1,0	138	99	0.00208940758517
639	241,280	15,21	275,269	5,7	102	99	1
640	26,53	33,71	29,44	67,79	102	99	0.968748805485
641	0,10	81,102	2,6	90,99	110	99	1
643	0,2	120,121	2,8	142,149	132	99	1
644	278,447	0,1	336,395	0,0	198	99	1
645	112,169	23,35	133,134	29,39	198	99	1
646	4,12	19,55	11,26	77,56	198	99	1
647	3,11	4,9	7,9	6,8	104	99	1
648	67,70	4,11	110,112	7,9	102	99	1
649	321,521	34,57	295,378	18,44	110	99	1
650	175,242	0,1	163,166	0,0	198	99	1
651	48,52	1,0	74,61	1,1	125	99	1
652	2699,3221	4,6	4003,3962	5,8	109	99	1
654	12,13	12,9	24,24	6,6	105	99	0.0707776226661
655	76,143	13,15	109,104	11,17	111	99	1
656	22,32	89,120	19,17	73,83	102	99	1
657	14,24	2,1	19,7	0,2	137	99	1
658	8,18	1,0	9,6	0,0	137	99	1
659	41,45	21,31	48,61	30,32	123	99	1
660	13,13	75,152	11,18	97,157	112	99	1
661	26,36	40,50	27,28	46,78	115	99	1
662	193,206	1,3	192,215	0,0	198	99	1
663	201,205	0,1	210,222	0,0	198	99	1
664	20,21	0,1	32,26	0,0	198	99	1
665	29,45	2,7	37,36	1,2	111	99	1
666	1906,2430	2,2	4163,3585	5,3	102	99	1
667	10,8	117,136	32,46	169,144	114	99	0.397430070967
668	13,14	0,2	4,9	0,1	198	99	1
669	9,18	2,0	21,16	0,0	102	99	1
670	50,70	1090,1637	78,60	1492,1742	119	99	1
671	0,12	0,0	5,12	1,0	111	99	1
672	11,22	3,2	39,26	3,3	102	99	1
673	2,9	0,1	4,2	1,0	102	99	1
674	15,22	134,198	16,7	156,144	105	99	1
675	160,211	13,23	165,157	11,8	105	99	1
676	472,775	0,2	383,645	0,0	132	99	1
677	35,29	26,22	25,32	16,11	110	99	0.836690813782
678	11,5	3,1	6,15	2,1	105	99	0.770222471129
679	10,11	3,1	2,5	2,1	108	99	1
680	9,10	10,4	0,3	4,13	102	99	0.00424627224881
682	5,9	111,115	7,10	104,138	147	99	1
683	20,12	14,17	12,17	6,9	164	99	0.506644124524
684	42,77	15,16	81,78	16,10	107	99	1
685	18,41	10,3	45,36	3,13	109	99	1
686	5,19	37,47	15,23	45,63	102	99	1
687	62,109	1,3	78,76	0,0	198	99	1
688	356,522	8,13	396,535	25,24	182	99	1
689	193,333	11,8	256,267	11,18	144	99	1
691	10,23	116,172	16,22	119,126	132	99	1
692	326,475	0,0	392,425	1,5	134	99	1
693	1402,2119	0,0	2007,2669	0,2	101	99	1
694	5,17	44,49	19,18	44,42	102	99	0.783307687914
695	0,0	24,26	0,1	57,27	159	99	1
696	9,30	37,36	31,32	36,36	105	99	0.620719846347
697	2,4	16,24	3,2	12,12	131	99	1
698	44,66	0,0	54,86	0,2	105	99	1
700	25,47	2,2	60,63	1,2	107	99	1
701	210,337	2,2	414,455	1,2	129	99	1
702	200,317	15,27	385,421	31,29	121	99	1
703	33,51	693,1075	32,35	773,997	198	99	1
704	13,16	497,721	35,45	515,579	198	99	1
705	22,26	0,2	24,26	1,2	118	99	1
707	187,280	147,208	295,279	259,312	198	99	1
708	89,109	147,208	104,109	259,312	113	99	1
709	121,158	147,208	178,181	259,312	198	99	1
710	105,144	64,79	158,170	71,82	198	99	1
711	171,266	64,79	275,268	71,82	198	99	1
712	133,213	51,59	198,203	62,77	198	99	1
713	64,103	129,210	91,141	174,195	102	99	1
714	41,42	169,272	41,62	222,279	130	99	1
715	15,10	64,102	15,18	105,108	105	99	1
716	736,1118	1,0	934,1049	1,0	103	99	1
717	23,16	76,80	69,54	82,86	185	99	0.0525213708257
718	23,19	436,539	41,42	570,549	198	99	1
719	133,172	2,2	95,104	2,0	198	99	1
720	0,11	198,306	3,4	232,254	198	99	1
721	103,147	72,76	130,158	38,70	102	99	0.902440656384
722	0,6	15,32	6,4	22,36	119	99	1
723	23,23	297,430	18,15	336,333	198	99	1
724	13,19	0,2	5,3	6,8	102	99	5.55386690082e-06
725	4,1	5,3	9,4	11,5	119	99	0.905182531413
726	263,394	14,23	1397,1944	66,122	136	99	1
727	1,5	102,143	7,0	110,124	102	99	1
728	9,12	3,7	13,21	6,0	198	99	0.240247950493
729	11,13	16,21	18,21	20,32	198	99	1
730	5,11	16,21	13,2	20,32	114	99	1
731	5,17	17,20	11,3	31,19	194	99	1
733	37,76	6,9	91,68	2,7	138	99	1
734	3,1	46,78	2,1	70,107	102	99	1
735	5,6	15,7	8,9	8,2	102	99	0.139990780457
736	188,253	125,207	358,381	136,205	198	99	0.557137443547
739	1,4	93,89	4,14	131,131	198	99	1
740	30,45	61,68	42,48	59,50	198	99	1
741	12,10	1109,1756	12,11	1540,1761	153	99	1
742	73,113	22,49	122,113	29,26	110	99	1
743	23,43	81,150	41,40	149,154	198	99	1
744	3,0	49,78	0,1	42,52	102	99	1
745	54,78	3,5	74,92	9,13	106	99	1
746	1,6	171,256	1,6	218,256	198	99	1
748	6,17	41,84	2,1	69,95	162	99	1
749	8,9	552,795	17,14	896,736	126	99	1
751	7,28	1,8	6,14	2,6	116	99	0.862373938297
752	117,192	11,20	154,176	7,11	114	99	1
753	2,8	1,0	2,4	0,0	198	99	1
754	0,1	0,0	0,0	1,0	114	99	1
757	16,12	2,7	23,18	7,9	198	99	1
758	16,4	4,3	18,17	0,1	198	99	0.00906504367185
759	8,2	5,5	15,11	2,8	198	99	0.269286670047
761	178,244	1,3	211,278	1,0	103	99	1
762	36,33	11,6	57,42	26,15	163	99	0.731263617995
763	21,32	34,37	38,44	40,45	113	99	1
764	11,15	9,20	6,8	16,12	115	99	0.633321173269
765	0,0	4,1	1,0	2,11	104	99	1
767	0,2	12,3	0,1	11,4	174	99	1
768	126,179	1,6	178,157	3,7	143	99	1
769	9,6	136,176	15,12	180,189	102	99	1
770	6,17	27,41	25,8	16,27	117	99	0.603404712678
771	6,12	0,0	4,5	2,2	128	99	0.196959535576
772	7,12	1,5	4,6	4,3	142	99	0.453661201649
773	1,0	1,5	2,3	4,3	113	99	0.0881072002114
774	4,2	28,36	4,15	50,40	123	99	1
775	1,0	6,5	1,0	3,4	117	99	1
776	133,208	0,1	253,218	0,0	165	99	1
777	314,370	0,1	303,334	0,0	110	99	1
780	0,2	13,3	0,0	4,5	174	99	1
782	42,44	1,3	61,47	4,0	112	99	1
784	5,11	47,64	2,8	28,44	198	99	1
785	0,0	1,6	0,1	3,1	143	99	1
786	27,32	1,2	31,27	0,0	198	99	1
787	106,160	14,38	114,125	37,28	102	99	1
788	3,9	0,2	16,11	0,10	119	99	0.479555127235
789	11,13	0,0	19,19	2,0	171	99	1
790	88,177	2,1	142,168	0,4	106	99	1
791	2,1	0,3	5,4	2,3	159	99	0.918567974677
792	2,3	3,0	5,5	0,0	173	99	0.568765496381
793	0,5	3,0	2,4	0,0	113	99	0.487909900118
794	1,3	1,2	6,3	0,2	173	99	0.079496468006
795	0,0	0,5	1,4	3,7	102	99	1
796	2,1	10,13	1,2	4,0	102	99	0.17213591964
797	1,5	332,445	3,8	475,494	177	99	1
798	3,5	26,49	7,6	29,20	122	99	1
800	40,43	75,89	33,54	70,109	102	99	1
801	515,623	0,1	643,600	0,0	123	99	1
802	9,7	24,16	4,11	49,25	109	99	0.863080309831
804	3,1	8,17	3,11	4,4	198	99	0.0186500681626
806	198,328	2,0	292,287	0,3	112	99	1
807	3,12	25,55	10,13	32,31	102	99	0.906169509177
808	11,21	22,28	16,22	48,21	102	99	1
809	21,48	5,8	27,29	9,14	117	99	0.50481571055
810	60,96	3,1	160,149	1,3	198	99	1
811	411,717	7,11	546,802	6,16	141	99	1
812	870,1392	4,5	1117,1535	1,2	162	99	1
813	466,687	4,5	579,750	1,2	120	99	1
814	366,606	3,3	490,693	0,1	141	99	1
815	825,1281	3,1	1061,1426	0,2	162	99	1
816	462,679	3,1	573,735	0,2	120	99	1
817	643,949	426,795	792,1021	537,958	120	99	1
818	8,16	46,93	4,7	4,9	105	99	0.0597709900795
819	55,101	6,6	136,183	6,2	103	99	1
820	10,17	21,37	10,9	27,27	103	99	1
821	33,45	0,0	56,85	0,6	102	99	1
826	187,284	4,17	167,206	20,17	102	99	1
828	146,214	32,62	215,183	94,88	129	99	0.536721149393
829	108,156	0,0	146,167	2,0	106	99	1
830	39,37	62,119	41,47	98,83	102	99	1
831	52,98	23,40	82,89	33,39	124	99	1
832	51,59	4,9	87,78	7,7	124	99	1
833	99,146	1,0	140,150	0,0	198	99	1
834	413,823	134,220	470,608	152,233	105	99	1
835	19,50	15,13	43,34	6,17	104	99	1
836	543,790	95,184	625,744	140,168	102	99	1
837	16,23	1,4	33,40	0,2	163	99	1
838	5,2	78,118	4,1	112,102	141	99	1
839	92,133	4,4	99,129	8,7	127	99	1
840	0,0	32,48	1,0	69,43	117	99	1
841	40,38	12,23	50,35	29,27	145	99	0.976767683877
842	5,5	260,268	7,3	226,279	103	99	1
843	4,4	17,24	4,3	15,26	103	99	1
844	136,118	2,4	168,250	10,4	105	99	1
845	0,4	2,1	0,2	0,0	168	99	1
846	0,4	0,2	0,2	0,0	171	99	1
848	2,5	4,4	4,1	9,3	168	99	0.846743920463
849	5,7	3,11	9,4	19,15	182	99	0.665039524229
851	7,6	3,11	14,6	19,15	113	99	0.78771614292
854	1,9	183,309	14,7	278,328	126	99	1
855	2,3	216,253	4,2	225,272	102	99	1
856	95,144	12,14	90,122	26,19	139	99	1
858	64,68	54,70	107,57	93,66	102	99	1
859	20,19	4,5	33,18	14,6	111	99	1
860	1,12	23,23	4,4	15,22	103	99	1
861	0,1	60,92	0,1	105,66	129	99	1
862	5,1	3,3	2,3	5,5	132	99	1
863	65,92	3,3	107,68	5,5	102	99	1
864	14,23	184,218	17,15	214,243	145	99	1
865	11,13	0,0	4,11	3,0	112	99	1
867	2,7	280,301	4,14	366,363	198	99	1
868	13,22	0,0	17,21	0,2	103	99	1
870	21,36	18,24	10,17	23,34	105	99	0.0341972078111
871	26,64	3,2	50,32	3,1	198	99	1
872	23,27	11,27	33,47	12,10	102	99	0.172360169966
873	3,6	4,6	19,18	17,20	102	99	1
874	112,146	5,15	99,158	10,9	136	99	1
875	80,108	1,6	82,110	8,9	198	99	1
876	6,6	49,48	3,21	27,46	130	99	1
877	41,80	0,1	34,54	0,2	108	99	1
878	18,32	149,214	17,5	221,247	111	99	1
879	11,24	71,95	14,18	116,136	198	99	1
881	7,13	112,144	4,9	119,132	102	99	1
882	4,8	0,2	5,11	0,0	102	99	1
883	39,42	54,50	68,65	58,75	102	99	1
885	117,145	15,18	152,157	16,18	113	99	1
886	1,2	12,16	2,1	23,21	137	99	1
887	3,2	163,212	8,7	333,330	111	99	1
888	200,269	7,6	214,272	10,6	102	99	1
889	42,40	2,0	32,34	0,2	198	99	1
890	7,10	0,1	20,26	0,0	105	99	1
891	94,130	2,4	118,119	5,9	109	99	1
893	0,1	1,5	1,0	4,1	116	99	1
895	10,14	14,20	15,9	25,23	198	99	1
897	395,638	0,4	238,372	0,0	198	99	1
898	27,59	338,496	20,35	642,667	102	99	1
899	148,214	0,0	335,340	3,0	111	99	1
900	19,11	0,3	12,11	3,2	135	99	0.714276053764
901	26,48	47,58	45,53	73,71	105	99	1
902	38,54	39,37	62,56	43,32	102	99	1
903	74,141	20,29	87,117	33,16	105	99	1
904	124,174	50,56	112,138	46,38	139	99	1
906	35,53	0,2	48,43	0,0	104	99	1
907	173,209	0,1	507,600	0,0	198	99	1
908	170,205	48,58	515,608	43,49	119	99	0.0140423602458
909	97,111	192,258	91,90	645,775	102	99	4.46730332694e-05
910	115,168	8,6	193,186	22,15	103	99	1
911	35,52	3,7	37,52	12,9	142	99	0.800659285331
912	1,9	90,124	7,9	150,153	110	99	1
913	6,18	3,5	17,4	6,15	111	99	0.263850417262
914	38,58	404,562	62,39	465,489	128	99	1
915	148,129	15,9	193,92	16,15	138	99	1
920	10,17	323,480	44,49	526,508	102	99	1
921	7,11	4,3	6,11	3,2	105	99	1
922	8,21	0,2	7,15	1,2	105	99	1
923	15,22	7,6	17,9	2,2	102	99	0.539403987773
924	8,14	63,83	8,12	70,76	108	99	1
925	1,1	26,40	3,2	47,40	111	99	1
926	20,37	4,7	53,37	12,10	198	99	1
927	73,81	1,11	84,65	5,12	112	99	1
928	94,157	41,47	137,146	47,74	102	99	1
929	253,350	12,27	328,425	16,25	113	99	1
930	4,7	19,15	8,4	16,30	198	99	1
931	38,40	482,743	37,35	473,678	198	99	1
933	8,7	1,2	11,15	0,0	106	99	0.797344536318
935	3,4	6,25	2,7	7,10	108	99	0.691665925427
936	58,85	17,36	45,70	23,20	111	99	1
938	5,8	0,0	9,5	5,0	102	99	0.650243546044
940	2,1	66,109	1,0	81,131	138	99	1
941	66,81	35,37	81,56	66,71	105	99	0.170237454759
942	127,181	15,35	154,181	34,54	102	99	1
943	68,67	2,3	69,72	0,0	114	99	1
944	1,3	29,64	1,0	65,56	198	99	1
945	34,58	0,0	16,52	1,0	123	99	1
946	30,42	0,0	32,24	0,3	147	99	1
947	3,3	10,21	2,0	28,26	120	99	1
948	4,4	56,78	0,0	54,100	145	99	1
949	62,74	1,0	91,100	1,2	150	99	1
951	442,435	1,0	483,361	1,0	105	99	1
953	3,7	27,33	8,5	27,17	102	99	1
954	2,0	14,19	0,0	32,25	102	99	1
955	119,193	8,23	161,201	31,13	116	99	1
956	37,43	78,116	46,67	137,171	123	99	1
957	443,667	0,0	599,984	2,2	103	99	1
958	4,12	34,70	2,5	46,39	117	99	1
959	432,638	213,309	709,795	191,179	102	99	0.186724028163
962	87,103	0,1	146,171	0,0	198	99	1
963	1,2	89,100	2,1	157,94	113	99	1
965	22,40	79,124	74,33	104,89	111	99	0.847185524059
966	8,19	0,1	45,13	12,7	105	99	0.00312345179049
968	682,951	0,1	1034,899	0,0	111	99	1
969	1,3	29,51	1,5	51,54	198	99	1
971	169,154	2,3	247,138	2,1	117	99	1
972	213,304	75,135	261,216	194,177	102	99	0.111159131824
973	25,17	317,511	13,17	290,399	108	99	1
974	328,427	0,0	497,470	0,3	103	99	1
975	3,12	29,70	17,21	34,40	102	99	0.0452652743943
977	45,40	106,137	57,42	143,152	198	99	1
978	493,598	6,12	676,744	10,18	198	99	1
979	0,0	2,2	1,2	1,1	113	99	0.107255442143
980	868,1408	0,1	1345,1540	0,0	160	99	1
981	12,13	0,1	9,9	4,0	123	99	1
983	55,79	6,10	79,87	0,6	104	99	1
984	48,56	12,11	62,63	7,3	122	99	0.567008462493
985	18,22	46,59	24,41	65,74	110	99	1
986	6,13	17,17	19,45	5,12	142	99	0.0001432795295
987	14,24	4,0	31,53	8,10	156	99	0.534392408761
988	25,28	4,0	17,20	8,10	113	99	0.00891171903116
989	8,19	103,165	16,16	166,137	198	99	1
990	6,19	32,43	19,17	47,58	198	99	1
993	21,46	3,5	54,31	8,3	116	99	1
994	25,44	1,0	73,45	1,0	133	99	1
995	134,183	0,0	149,104	1,0	116	99	1
996	0,0	6,13	0,1	22,11	123	99	1
997	6,1	5,4	0,2	0,0	102	99	1
998	152,281	29,60	166,172	26,37	194	99	1
1001	387,650	2,1	389,553	0,0	150	99	1
1002	1,1	0,0	5,5	1,0	102	99	1
1003	1,1	30,44	2,2	28,43	112	99	1
1005	19,18	9,7	19,19	2,6	110	99	0.551619285197
1006	35,46	6,6	45,35	11,12	110	99	0.969945416063
1007	56,85	10,10	123,92	13,8	107	99	1
1009	14,19	13,13	18,18	14,14	112	99	1
1010	27,33	10,20	41,29	17,27	154	99	1
1011	3,6	30,43	7,9	58,57	198	99	1
1012	224,295	92,89	374,404	79,105	198	99	1
1013	14,34	344,595	13,26	484,542	198	99	1
1015	12,29	21,26	33,29	26,31	172	99	1
1018	11,14	49,46	19,21	91,78	108	99	1
1019	138,207	65,80	162,167	86,120	108	99	1
1020	56,105	1,0	83,87	0,0	158	99	1
1022	6,7	0,2	9,5	0,0	136	99	1
1023	9,8	47,62	2,6	45,82	120	99	1
1024	181,230	0,3	208,232	2,2	198	99	1
1026	1,3	17,22	0,1	37,68	115	99	1
1027	634,911	7,6	748,866	11,12	111	99	1
1028	17,22	696,851	24,27	696,868	198	99	1
1029	38,71	24,34	46,42	26,35	103	99	1
1031	43,58	1738,2265	90,77	2023,1902	198	99	1
1032	2,10	6,10	5,6	15,19	108	99	0.681603962066
1033	20,13	21,44	37,34	21,23	104	99	0.0662404340804
1034	54,73	1,3	63,67	8,8	108	99	1
1035	10,15	77,90	7,14	118,138	110	99	1
1036	104,151	75,119	156,244	91,96	156	99	0.703736130898
1038	10,15	103,144	12,27	147,165	109	99	1
1039	350,464	5,12	339,409	9,13	109	99	1
1040	8,14	293,371	7,6	346,355	119	99	1
1041	39,70	2,0	56,66	0,0	198	99	1
1042	0,2	33,49	0,2	43,33	102	99	1
1043	59,86	0,0	53,88	0,1	101	99	1
1044	10,5	92,133	6,1	131,106	198	99	1
1045	79,89	23,35	123,73	40,39	138	99	1
1046	2,0	0,0	1,4	2,2	134	99	1
1047	2,0	70,104	4,3	125,81	159	99	1
1048	7,9	50,90	11,14	95,100	198	99	1
1049	4,3	109,172	1,4	113,140	117	99	1
1052	165,264	1,0	291,305	2,0	104	99	1
1053	194,275	6,8	196,193	0,3	101	99	1
1054	812,1039	5,5	1334,1160	2,3	102	99	1
1055	4,10	34,61	7,8	61,51	102	99	1
1056	10,15	328,452	10,12	315,287	111	99	1
1057	29,80	0,1	49,63	0,0	198	99	1
1059	7,8	178,289	9,12	268,276	102	99	1
1060	163,234	149,247	109,145	197,308	102	99	0.054757584225
1061	271,423	13,46	295,394	37,33	102	99	1
1062	4,9	2,1	13,20	3,4	102	99	1
1063	5,10	24,36	13,23	24,47	111	99	0.571895792584
1064	3,2	24,36	3,7	24,47	108	99	1
1065	182,218	204,237	260,226	323,265	102	99	1
1066	4,4	20,32	2,1	33,45	110	99	1
1068	5,12	1,3	12,15	2,0	103	99	0.776075383289
1069	789,1051	0,0	909,963	0,1	113	99	1
1070	57,73	14,14	80,81	20,22	102	99	1
1072	14,12	407,651	16,9	495,545	114	99	1
1073	41,52	52,59	43,27	106,83	105	99	0.0845890092353
1074	26,30	8,5	34,52	3,2	129	99	0.307308983702
1075	1,1	0,0	1,1	1,1	120	99	0.419578061324
1076	0,0	22,56	1,0	43,44	102	99	1
1077	21,19	185,259	9,17	200,235	117	99	1
1078	21,28	26,38	23,31	58,48	102	99	1
1079	127,192	9,10	135,149	11,16	103	99	1
1080	3,13	18,25	18,11	23,33	114	99	1
1081	373,616	26,34	573,627	26,23	102	99	1
1082	89,184	0,1	120,245	1,0	198	99	1
1083	36,35	1,0	38,33	3,5	162	99	0.730910870599
1084	2,7	4,0	2,8	8,10	102	99	0.129605727863
1085	44,61	20,20	50,47	34,29	102	99	0.716474482096
1086	103,120	2,3	141,141	0,1	188	99	1
1087	0,4	10,25	4,0	25,7	124	99	1
1088	1,6	36,81	5,1	47,67	127	99	1
1089	11,27	36,81	26,8	47,67	102	99	1
1090	13,8	0,0	16,11	1,0	102	99	1
1091	307,400	0,0	308,376	0,1	198	99	1
1092	11,16	0,1	16,4	0,0	108	99	1
1093	2,11	0,0	17,4	1,0	110	99	1
1094	0,0	1,7	2,5	5,0	114	99	0.0104905020458
1095	4,18	86,162	10,8	92,106	126	99	1
1096	18,37	6,7	48,37	7,8	198	99	1
1098	43,58	6,23	53,69	20,12	177	99	1
1099	281,306	0,1	249,294	0,0	180	99	1
1100	0,1	70,210	0,0	14,87	119	99	1
1102	7,6	48,98	0,5	62,60	198	99	1
1103	12,21	0,0	50,24	1,2	110	99	1
1105	8,20	6,8	14,27	8,6	102	99	1
1106	14,12	9,13	23,12	10,20	198	99	1
1107	8,13	13,19	23,7	9,2	198	99	0.018143700871
1108	15,24	13,19	26,8	9,2	198	99	0.161518008884
1109	23,32	0,1	27,17	1,0	198	99	1
1111	57,67	1022,1289	69,121	1340,1686	117	99	1
1112	5,28	45,116	19,28	86,126	143	99	1
1115	10,17	8,7	32,8	7,4	132	99	0.592031210264
1116	57,53	3,7	57,40	9,12	104	99	1
1117	4,1	0,0	1,4	1,0	103	99	1
1118	192,298	6,13	234,260	12,13	198	99	1
1119	8,4	9,25	6,8	14,20	106	99	1
1121	7,5	16,27	0,4	37,25	114	99	0.41591155011
1124	60,97	2,7	72,70	0,3	118	99	1
1125	9,7	78,86	9,12	92,79	102	99	1
1126	25,39	58,100	26,33	76,94	198	99	1
1127	256,395	313,383	370,335	364,341	198	99	1
1128	2,7	121,194	15,26	134,154	198	99	1
1129	6,4	20,34	4,0	51,40	102	99	0.874121349009
1130	390,504	66,82	356,471	55,103	102	99	1
1131	104,154	0,0	117,118	0,1	140	99	1
1132	206,271	1,4	231,257	0,3	106	99	1
1133	122,166	4,4	215,215	0,3	141	99	1
1134	140,205	611,833	212,289	531,711	102	99	1
1135	32,23	12,12	26,13	30,21	102	99	0.031004749071
1136	223,430	54,83	272,374	66,87	102	99	1
1137	150,186	0,1	251,260	0,0	134	99	1
1139	21,29	4,5	31,39	4,6	198	99	1
1140	11,16	1,1	18,23	1,1	198	99	1
1141	5,7	23,32	5,9	36,34	115	99	1
1142	3,6	92,92	10,15	102,129	115	99	1
1144	45,97	0,3	75,69	3,2	108	99	1
1145	77,139	41,76	90,104	75,72	166	99	1
1146	7,1	30,27	6,4	28,32	124	99	1
1147	111,128	4,6	120,89	4,3	111	99	1
1148	7,11	76,101	11,7	97,86	102	99	1
1149	127,186	8,15	145,163	5,4	177	99	1
1150	79,120	24,36	87,71	43,23	125	99	1
1151	18,34	0,2	23,14	1,0	125	99	1
1152	1826,2348	58,85	2741,2680	48,76	102	99	1
1153	1880,2424	5,1	2821,2798	3,1	105	99	1
1154	1947,2521	9,17	2942,2988	23,23	108	99	1
1155	2155,2879	22,27	3304,3514	25,50	111	99	1
1156	112,161	5,1	128,194	3,1	102	99	1
1157	179,258	9,17	249,384	23,23	105	99	1
1158	387,616	22,27	611,910	25,50	108	99	1
1159	72,98	9,17	124,191	23,23	102	99	1
1160	280,456	22,27	486,717	25,50	105	99	1
1161	217,375	22,27	385,549	25,50	102	99	1
1162	38,29	0,1	22,60	0,0	102	99	1
1163	76,102	12,14	89,66	12,8	141	99	1
1164	48,101	16,7	96,88	9,15	198	99	1
1165	158,279	5,10	268,272	13,13	116	99	1
1166	179,268	20,10	284,276	17,26	111	99	1
1167	1,0	106,162	2,4	127,129	156	99	1
1168	262,361	13,27	343,313	20,29	105	99	1
1169	0,4	0,0	2,1	4,0	106	99	1
1170	44,53	1,0	25,52	1,0	102	99	1
1171	19,45	42,71	45,47	70,54	102	99	1
1172	2,4	36,52	7,8	41,43	105	99	1
1173	11,7	92,120	5,9	108,126	102	99	1
1174	4,11	25,34	11,18	22,23	102	99	0.223548584235
1175	12,29	0,0	38,32	0,3	116	99	1
1176	1,0	5,4	6,3	3,13	102	99	0.0379209465735
1177	34,61	14,12	27,32	3,4	154	99	0.448819023028
1178	51,97	2,3	43,39	0,3	198	99	1
1179	3,15	39,48	6,11	19,26	198	99	1
1180	0,0	1,0	0,1	3,2	153	99	1
1181	25,28	12,11	28,16	6,5	133	99	0.769250234906
1182	190,263	1,11	173,251	8,7	106	99	1
1183	831,1297	13,36	1278,1587	46,58	116	99	1
1184	8,17	0,1	6,18	0,0	102	99	1
1185	15,18	0,0	16,17	0,4	102	99	1
1186	16,20	297,316	16,20	342,317	198	99	1
1188	42,46	1,4	97,85	0,0	120	99	1
1189	2,6	20,23	1,5	19,14	102	99	1
1190	300,473	181,272	459,599	209,267	114	99	1
1191	62,119	1,11	78,123	9,7	117	99	1
1192	11,16	57,75	5,3	57,52	124	99	1
1193	14,34	21,11	31,30	19,27	102	99	1
1194	12,4	36,48	8,17	24,51	102	99	0.908861125166
1195	4,6	5,5	2,3	6,0	102	99	0.733101083218
1196	8,14	67,93	23,10	111,155	198	99	1
1197	19,26	104,142	23,26	99,156	114	99	1
1198	3,0	113,203	9,0	158,195	138	99	1
1199	17,5	0,1	18,8	0,3	108	99	1
1200	8,20	38,69	13,16	5,5	144	99	1.72624306982e-06
1201	0,1	5,4	2,4	6,4	108	99	0.0752131019567
1202	70,103	86,128	86,80	117,156	119	99	1
1203	5,6	51,60	3,6	29,76	198	99	1
1204	26,44	8,17	26,8	27,19	103	99	0.00929357546055
1207	15,44	4,5	34,24	3,1	102	99	1
1208	36,46	1,3	53,45	7,11	105	99	0.647078188415
1210	11,14	79,74	10,4	92,106	114	99	1
1211	31,33	61,81	37,28	89,80	102	99	1
1212	114,206	2,0	221,243	0,0	172	99	1
1213	11,34	109,227	4,34	98,232	112	99	1
1216	2,0	32,39	2,7	56,57	117	99	1
1218	79,111	123,215	69,66	114,123	102	99	1
1219	98,116	0,0	183,153	3,1	148	99	1
1220	599,741	1,1	845,858	1,0	132	99	1
1221	58,74	0,1	51,59	0,0	102	99	1
1222	3,0	6,11	4,1	18,14	114	99	1
1223	54,59	40,45	50,57	32,25	105	99	1
1224	9,15	1223,1493	6,5	889,940	135	99	1
1225	99,141	215,265	137,173	268,358	102	99	1
1226	74,142	3,0	74,97	0,0	102	99	1
1227	7,12	15,21	15,11	15,6	121	99	0.24948344112
1228	18,29	9,5	14,17	8,5	106	99	1
1229	77,125	11,16	100,163	7,5	122	99	1
1230	42,101	3,22	53,80	6,6	126	99	1
1231	3,16	30,52	11,17	29,39	198	99	1
1232	1,1	1,2	6,2	6,1	127	99	0.303592849252
1233	3,6	3,13	10,5	12,11	106	99	1
1234	6,19	0,4	10,22	0,1	115	99	1
1236	3,6	2,0	2,5	0,0	198	99	1
1237	39,64	1,4	30,56	7,4	120	99	1
1238	0,2	169,242	2,5	244,253	141	99	1
1239	3,7	4,1	8,1	4,0	119	99	0.929293365521
1242	10,6	0,14	7,12	6,5	198	99	0.751653629433
1243	39,58	26,56	50,57	38,41	102	99	1
1244	4,7	26,56	8,18	38,41	115	99	0.771268244417
1245	4,6	39,57	7,12	49,51	112	99	1
1246	3,5	3,4	3,6	0,0	116	99	0.00161462256071
1247	6,8	25,39	6,4	31,43	116	99	1
1248	81,141	74,120	134,151	169,138	144	99	1
1249	13,24	15,20	33,22	31,46	163	99	1
1250	278,442	44,95	310,367	76,101	102	99	1
1251	7,6	165,232	9,8	208,207	132	99	1
1255	187,285	3,3	205,274	6,10	118	99	1
1256	454,480	5,9	457,514	13,7	162	99	1
1257	13,14	51,63	9,17	47,39	102	99	1
1258	37,66	67,90	24,30	65,107	111	99	0.2661866835
1259	41,65	5,14	26,40	2,3	198	99	0.558061018743
1260	1,2	1,0	2,0	2,0	120	99	1
1262	13,27	4,4	38,38	4,3	103	99	1
1263	4,6	26,28	6,11	14,23	102	99	0.427718519584
1264	39,39	12,14	30,26	23,23	122	99	0.103368281038
1265	16,29	310,423	22,22	398,445	198	99	1
1266	10,23	0,1	19,16	1,0	103	99	1
1267	75,125	24,35	77,123	34,37	126	99	1
1268	2,3	0,1	6,0	0,0	139	99	1
1269	3,0	0,0	4,1	1,0	107	99	1
1270	48,88	25,29	74,88	17,33	122	99	1
1271	297,398	0,1	340,413	0,1	106	99	1
1272	22,45	1,4	25,27	5,4	172	99	0.705884555734
1273	13,37	2,0	20,22	7,4	172	99	0.017790870501
1274	48,70	2,0	47,44	7,4	198	99	0.143190922171
1275	36,43	0,5	35,26	1,4	198	99	1
1276	42,64	1534,2066	76,79	2726,2463	198	99	1
1277	0,2	52,57	2,0	54,42	120	99	1
1279	1,2	0,3	0,0	3,0	169	99	1
1280	65,73	2,0	60,58	1,0	118	99	1
1281	39,67	11,14	58,67	13,13	105	99	1
1282	134,189	4,4	171,181	3,6	114	99	1
1283	96,102	73,88	128,95	119,120	102	99	1
1284	180,219	22,20	293,234	21,24	111	99	1
1286	7,13	38,41	6,12	22,4	104	99	0.324863728315
1287	71,89	11,19	59,74	17,13	102	99	1
1288	4,8	21,27	1,5	45,19	112	99	0.88574883893
1289	6,4	67,76	3,5	57,67	112	99	1
1291	16,33	605,965	31,30	763,961	102	99	1
1292	147,209	2,3	150,192	2,2	103	99	1
1294	0,1	256,386	1,1	369,404	198	99	1
1295	556,827	168,293	458,531	284,285	102	99	0.468872879732
1296	51,81	6,10	54,46	4,4	198	99	1
1298	4,5	52,92	1,13	64,99	198	99	1
1299	70,119	10,11	120,123	19,14	103	99	1
1300	34,36	10,11	26,35	19,14	174	99	0.572670698603
1301	32,32	68,115	22,32	116,120	170	99	1
1302	56,71	0,2	74,48	0,7	117	99	1
1303	7,11	36,62	19,46	69,91	198	99	1
1304	8,20	4,1	13,17	4,3	198	99	1
1307	52,101	5,8	53,72	23,11	123	99	0.311390989543
1308	11,7	54,93	6,7	66,93	119	99	1
1309	229,324	97,111	420,386	47,73	102	99	0.0587265519446
1310	103,104	0,0	167,194	4,2	198	99	1
1311	2563,4115	3,4	2950,4531	4,5	141	99	1
1312	430,710	5,11	504,789	6,19	138	99	1
1313	1459,2320	5,11	1647,2579	6,19	147	99	1
1314	1043,1619	13,8	1148,1801	5,8	108	99	1
1315	33,65	38,110	71,63	44,36	102	99	0.0265996241207
1316	29,39	5,7	49,28	12,6	160	99	1
1317	2,2	9,0	0,0	7,11	102	99	0.114944115008
1318	146,204	28,38	209,251	18,13	123	99	0.629873777748
1319	19,8	821,1135	15,17	890,1138	198	99	1
1321	2,1	0,4	0,1	0,0	131	99	1
1322	1,0	0,4	3,2	0,0	172	99	0.00670095098955
1323	1,1	0,4	3,2	0,0	176	99	0.0580781457845
1324	0,0	1,1	3,2	0,1	140	99	3.54430745223e-05
1325	0,1	1,1	3,2	0,1	144	99	0.00090277152861
1327	28,73	14,17	49,98	14,18	198	99	1
1328	5,12	80,165	4,9	75,98	117	99	1
1329	1,0	2,3	1,0	9,13	151	99	1
1330	37,65	14,12	18,22	10,16	111	99	0.207934767278
1331	11,7	845,1280	23,10	1113,1226	198	99	1
1332	423,610	1122,1636	531,644	1491,1678	102	99	1
1333	0,1	1,0	4,0	0,0	104	99	1
1334	98,98	0,2	166,148	1,0	119	99	1
1335	92,112	21,27	124,125	36,28	105	99	1
1336	147,222	2,8	229,285	0,3	119	99	1
1337	105,173	102,147	146,151	111,166	173	99	1
1338	453,687	128,197	847,873	151,154	102	99	1
1339	8,24	8,14	11,14	1,2	198	99	0.00912602709576
1340	331,368	3,5	428,513	11,11	103	99	1
1341	4,4	114,146	4,7	131,157	126	99	1
1342	61,95	13,13	90,96	16,13	114	99	1
1343	2,18	7,23	9,25	20,10	198	99	0.881554406823
1344	205,356	3,0	290,340	1,0	168	99	1
1345	1,5	2,1	4,8	2,0	102	99	0.506847739865
1346	1707,2431	2,0	2117,2410	0,1	102	99	1
1348	2,4	29,33	0,0	32,27	172	99	1
1349	50,65	42,66	115,87	70,60	102	99	1
1351	9,15	3,12	16,7	3,7	120	99	1
1352	2,2	239,279	16,4	254,305	198	99	1
1353	115,107	1,0	141,151	0,0	111	99	1
1354	68,70	5,9	66,70	8,3	128	99	1
1355	101,205	5,2	247,241	2,2	107	99	1
1356	219,239	136,162	264,241	176,177	105	99	1
1357	5,12	2,10	4,9	4,12	105	99	0.701640186889
1361	88,130	89,120	109,120	115,121	108	99	1
1362	2,5	23,15	4,1	59,22	105	99	1
1363	4,8	0,2	0,5	3,0	102	99	0.512619956983
1364	0,1	0,1	0,0	0,2	132	99	1
1365	10,13	67,75	5,17	50,70	103	99	1
1366	516,765	72,165	778,818	55,116	198	99	1
1367	5,14	181,274	12,19	258,295	117	99	1
1370	4,12	37,77	10,14	43,45	136	99	1
1371	9,4	27,37	11,14	35,53	110	99	1
1372	26,30	70,162	31,18	74,94	102	99	1
1373	2,3	0,0	6,7	1,1	129	99	0.45624593776
1377	24,22	0,1	19,14	0,1	105	99	1
1378	220,380	0,0	205,290	2,0	105	99	1
1380	118,180	4,6	136,183	4,4	165	99	1
1382	2,4	2,2	14,1	6,7	121	99	0.690546125315
1383	1,2	10,29	3,0	10,24	114	99	1
1384	0,3	18,14	1,0	36,15	198	99	1
1385	13,10	0,0	19,11	0,1	198	99	1
1386	63,133	7,12	101,140	9,8	106	99	1
1387	51,66	38,24	72,70	19,32	121	99	1
1388	0,0	40,55	0,4	49,63	138	99	1
1389	48,41	16,17	60,44	20,14	102	99	1
1390	52,72	11,16	62,97	7,4	114	99	0.482883135372
1391	77,86	15,26	78,103	10,7	105	99	0.591793477556
1392	27,23	108,128	22,25	117,111	103	99	1
1393	0,0	1,0	1,0	0,0	198	99	1
1394	14,9	22,22	20,14	34,30	102	99	1
1395	1474,2173	4,2	1443,1964	0,0	108	99	1
1397	0,2	0,0	0,0	5,0	198	99	1
1399	6,14	179,196	12,15	186,206	123	99	1
1401	36,50	628,870	29,54	750,897	198	99	1
1402	0,4	0,0	5,0	2,0	108	99	1
1403	11,12	1,1	23,9	1,4	108	99	1
1404	0,0	36,56	3,2	56,47	102	99	1
1405	97,137	5,3	95,110	4,1	102	99	1
1406	15,38	49,34	34,35	47,45	198	99	1
1407	57,90	54,73	132,129	56,45	102	99	0.0491386222634
1408	200,313	99,194	291,339	177,270	198	99	1
1409	107,165	0,0	151,193	1,1	198	99	1
1410	10,13	7,5	12,11	3,10	129	99	1
1411	1,6	9,12	13,2	40,28	171	99	1
1412	5,17	8,14	10,6	20,24	102	99	0.218651494487
1413	63,119	6,7	94,99	6,2	198	99	1
1415	2,4	9,13	4,6	7,15	114	99	0.933944591828
1416	4,8	0,2	18,3	0,0	198	99	1
1417	19,29	16,14	25,19	13,8	105	99	1
1418	2873,4630	0,1	2914,4238	0,0	113	99	1
1419	32,32	7,2	39,47	4,3	102	99	1
1420	6,9	59,121	28,15	62,52	158	99	0.193284841174
1421	1,5	239,328	3,3	306,303	180	99	1
1422	56,58	1,0	83,104	0,0	198	99	1
1423	172,326	388,513	287,394	437,499	118	99	1
1424	150,216	13,27	140,204	24,18	104	99	1
1425	16,18	88,118	15,36	119,123	198	99	1
1426	26,13	88,118	11,18	119,123	198	99	1
1427	25,25	6,13	14,16	10,22	198	99	0.136168699379
1428	2716,3636	0,1	2834,3029	0,0	198	99	1
1429	768,1020	7,4	1049,1102	6,6	136	99	1
1430	41,74	1,4	59,57	1,1	198	99	1
1431	25,50	0,1	38,42	0,0	198	99	1
1432	2,2	7,6	4,4	6,7	172	99	0.803355718274
1433	47,64	6,7	40,63	8,8	145	99	1
1434	373,614	1,1	472,524	2,1	198	99	1
1435	66,112	26,25	75,104	39,28	102	99	1
1436	29,24	201,230	29,20	144,193	198	99	1
1437	2,0	39,51	1,9	57,72	115	99	1
1438	48,91	3,1	106,103	3,3	107	99	1
1439	3,4	54,85	13,6	102,95	165	99	1
1440	14,17	0,1	21,22	0,2	107	99	1
1442	330,438	26,27	460,545	23,31	198	99	1
1443	660,880	471,604	963,1040	533,618	198	99	1
1444	370,484	471,604	566,562	533,618	198	99	1
1445	617,812	0,2	844,862	0,0	198	99	1
1446	0,1	67,111	3,3	134,120	115	99	1
1447	424,527	6,2	474,508	0,1	117	99	1
1448	119,182	33,26	120,137	20,41	103	99	1
1450	2,2	31,63	23,24	75,80	198	99	0.492574894872
1451	54,100	15,24	95,79	11,31	106	99	1
1452	83,134	2,6	126,145	8,15	105	99	1
1453	2,4	18,15	0,3	24,19	113	99	1
1454	12,16	43,51	18,12	55,62	102	99	1
1456	48,89	37,45	57,78	31,23	102	99	1
1457	3,2	772,930	7,11	1194,928	198	99	1
1458	22,29	10,9	28,23	12,11	123	99	1
1459	6,9	0,2	7,3	0,0	127	99	1
1460	60,85	26,41	81,83	21,25	116	99	0.917380575171
1461	3,6	18,43	8,6	33,37	116	99	1
1462	308,409	1,0	328,391	0,0	121	99	1
1463	17,36	193,257	41,55	194,221	102	99	1
1464	1,0	24,20	1,1	38,31	144	99	1
1466	6,7	2,3	5,3	1,3	111	99	1
1468	76,71	43,54	51,67	60,54	102	99	1
1469	34,38	6,2	22,13	0,1	180	99	0.571091131422
1470	1,3	6,8	8,4	2,4	102	99	0.0179978234099
1471	3,6	32,18	9,2	27,45	110	99	1
1472	1,9	95,138	14,13	119,132	198	99	1
1474	453,513	0,1	674,458	1,5	105	99	1
1475	8,8	349,416	18,14	486,434	123	99	1
1476	87,121	11,12	50,75	9,6	105	99	1
1477	4,11	104,146	5,17	134,164	114	99	1
1478	52,82	1,3	60,81	0,0	198	99	1
1479	73,106	66,82	84,98	73,70	117	99	1
1480	58,75	288,356	47,71	336,398	118	99	1
1481	251,349	15,14	288,338	26,21	102	99	1
1482	78,116	8,9	93,103	6,1	102	99	1
1483	21,33	24,31	20,32	41,42	151	99	0.966995113777
1484	96,143	1,0	158,157	0,0	133	99	1
1485	149,196	6,11	170,184	9,6	114	99	1
1486	79,109	1,2	78,79	4,5	130	99	1
1487	560,597	3,6	695,811	8,12	104	99	1
1488	48,91	4,3	51,55	0,0	119	99	1
1489	67,73	15,14	110,148	20,35	144	99	1
1491	4,13	20,23	26,23	25,10	113	99	0.0311392951654
1492	165,344	2,0	247,259	0,0	198	99	1
1493	233,406	0,0	372,412	0,1	198	99	1
1494	50,103	0,3	66,55	0,0	198	99	1
1496	1,2	15,14	3,3	37,6	118	99	1
1497	50,61	1,4	30,41	4,2	102	99	1
1498	6,7	0,0	5,20	1,5	110	99	0.493802354579
1499	1,4	71,99	3,0	112,97	123	99	1
1500	120,139	3,1	212,195	3,0	102	99	1
1502	86,99	21,24	137,133	40,49	120	99	1
1503	13,8	30,35	7,8	38,42	102	99	1
1504	11,28	938,1245	22,25	1311,1419	198	99	1
1505	9,7	24,20	7,12	30,25	112	99	1
1506	157,191	2,11	188,236	17,13	120	99	1
1509	12,24	1,1	34,36	2,3	105	99	1
1510	154,245	0,2	256,266	5,2	171	99	1
1511	105,182	5,4	102,140	5,1	134	99	1
1512	19,32	643,746	30,32	544,607	102	99	1
1513	57,76	144,219	80,48	160,180	117	99	1
1514	347,477	194,241	401,306	432,344	180	99	0.0124998035387
1515	26,48	9,19	34,52	24,16	108	99	1
1517	12,25	11,11	79,79	18,25	102	99	0.447251783497
1518	0,1	0,0	0,0	0,3	135	99	1
1519	6,4	8,13	2,2	9,15	102	99	0.422314388686
1520	38,54	3,9	58,44	12,4	106	99	1
1521	35,55	9,12	78,62	13,5	105	99	1
1523	18,47	2,7	37,49	5,22	118	99	0.812491443086
1524	36,63	1,0	73,54	1,8	131	99	1
1525	16,25	548,672	41,36	594,690	186	99	1
1526	7,2	4,1	10,6	12,4	102	99	0.667887673633
1527	95,117	1,4	131,132	4,5	105	99	1
1528	46,79	1,1	71,56	1,0	198	99	1
1529	26,49	1,2	52,40	0,0	198	99	1
1530	6,11	114,146	0,5	118,97	122	99	1
1531	27,37	50,67	34,38	54,84	102	99	1
1532	2,10	6,13	1,1	10,10	106	99	0.0370393663803
1535	3,1	98,153	1,3	124,126	113	99	1
1537	0,0	8,7	4,0	15,12	108	99	1
1538	181,278	1,0	270,279	2,0	198	99	1
1539	242,311	4,13	309,304	13,7	119	99	1
1540	67,104	1361,2112	79,75	1297,2026	198	99	1
1541	1714,2676	0,4	1638,2592	2,3	198	99	1
1542	10,5	16,29	9,3	22,22	114	99	1
1543	192,297	36,61	101,140	46,50	102	99	0.515187708839
1544	23,21	0,0	20,18	0,3	106	99	1
1545	0,1	2,5	1,1	3,3	122	99	0.449852291747
1546	0,1	8,13	0,0	7,9	117	99	1
1548	0,0	18,11	2,1	14,13	119	99	1
1549	20,17	0,4	17,16	1,1	198	99	1
1550	2826,3901	0,0	3566,4149	0,1	129	99	1
1551	3,7	5,7	3,2	12,15	107	99	0.099056968409
1552	9,12	12,12	9,4	24,13	116	99	0.266261503349
1553	2,3	105,203	1,3	139,219	144	99	1
1554	24,36	75,109	33,46	65,77	115	99	0.905123693529
1555	105,141	3,3	150,195	0,0	157	99	1
1556	7,18	5,9	12,33	2,12	102	99	0.77737429033
1557	622,971	16,34	692,831	19,22	172	99	1
1558	10,10	128,147	10,4	90,125	189	99	1
1559	272,263	208,284	296,416	115,146	102	99	0.00173792570756
1560	125,154	18,27	106,131	31,20	105	99	1
1561	1,2	2,1	2,7	2,7	118	99	1
1562	2,0	0,1	2,3	0,0	105	99	1
1563	38,40	0,1	33,26	0,0	111	99	1
1564	36,40	0,0	32,23	1,0	105	99	1
1566	2,2	29,28	7,4	36,30	102	99	1
1567	0,1	28,32	0,2	34,29	111	99	1
1568	2,4	7,17	3,4	8,7	111	99	1
1569	12,20	121,161	13,17	141,189	103	99	1
1570	2681,3711	125,120	4453,5042	143,134	102	99	1
1571	4380,5086	1,1	5771,7473	0,2	103	99	1
1572	11,10	419,653	12,10	574,662	198	99	1
1573	10,10	419,653	12,9	574,662	198	99	1
1574	0,2	1,2	2,2	0,1	102	99	0.0196533108735
1575	18,26	0,0	26,23	1,0	122	99	1
1576	3,4	144,133	5,2	151,129	198	99	1
1577	42,87	6,6	71,56	7,11	105	99	1
1578	5,3	0,0	5,6	2,3	105	99	0.162601377045
1579	0,1	2,1	2,2	7,4	102	99	0.584664990765
1580	48,84	33,53	77,58	29,27	136	99	0.833805687168
1581	10,14	39,43	12,27	47,66	198	99	1
1582	0,0	4,6	0,2	1,4	112	99	1
1583	116,169	1,1	190,163	6,9	106	99	1
1584	6,5	7,8	14,11	8,12	111	99	0.714078736034
1585	15,11	7,8	11,15	8,12	117	99	1
1586	13,10	4,4	8,11	11,7	105	99	0.217538995549
1587	173,235	52,58	233,200	41,62	116	99	1
1588	4,9	14,26	6,6	10,8	123	99	0.65989307518
1590	5,5	82,154	5,5	151,161	122	99	1
1591	96,154	1,0	114,140	0,1	198	99	1
1592	30,32	34,46	47,34	33,31	102	99	0.710275118319
1593	6,4	8,7	7,9	11,11	102	99	1
1594	0,1	17,34	0,0	20,17	111	99	1
1595	50,54	88,133	77,66	160,153	126	99	1
1596	207,477	19,61	285,341	38,65	102	99	1
1597	0,4	1,1	7,3	3,2	102	99	0.716833431031
1598	295,506	32,61	548,563	58,72	114	99	1
1599	7,10	345,459	10,19	530,585	129	99	1
1600	47,65	11,24	55,47	18,13	140	99	1
1601	0,0	20,19	0,2	20,16	114	99	1
1604	0,1	0,0	0,0	1,0	131	99	1
1605	66,110	0,0	63,82	0,1	107	99	1
1606	25,19	14,19	27,33	8,21	103	99	0.867948491836
1607	2,1	84,96	2,1	111,116	126	99	1
1608	2,4	41,50	11,11	49,66	105	99	1
1611	5,0	33,47	3,2	45,38	198	99	1
1612	34,52	113,159	48,42	116,166	117	99	1
1613	37,71	3,11	78,60	12,6	105	99	1
1615	22,23	748,1275	37,28	698,911	102	99	1
1616	251,434	66,119	245,308	56,57	110	99	1
1617	209,265	12,13	301,252	6,10	114	99	1
1618	43,57	4,2	47,35	11,11	156	99	0.044974904916
1619	6,9	4,0	10,10	4,4	196	99	0.525082722427
1621	174,216	51,98	177,170	89,103	102	99	1
1622	22,24	241,326	25,17	271,308	105	99	1
1623	2,7	178,250	2,5	202,231	198	99	1
1624	129,168	477,678	144,166	383,383	124	99	1
1626	36,39	1,0	65,58	1,2	104	99	1
1627	7,16	0,0	27,21	0,1	108	99	1
1628	173,238	184,295	158,127	290,294	102	99	0.274518935815
1629	423,651	2,0	538,650	0,0	198	99	1
1630	0,2	0,1	12,0	1,1	102	99	1
1631	7,21	0,0	35,43	1,3	132	99	1
1632	36,72	3,4	24,34	1,0	132	99	1
1633	65,126	11,19	80,54	17,27	198	99	0.42597959498
1634	4,5	7,12	5,6	34,17	110	99	0.852861421086
1635	29,42	46,59	63,25	58,68	105	99	1
1636	0,0	7,2	0,2	2,3	111	99	1
1638	5,15	224,314	9,10	270,339	198	99	1
1639	5,12	2,1	10,12	0,0	198	99	0.685954375161
1640	0,1	1,1	4,5	2,0	102	99	0.0025270107351
1641	3,0	81,88	0,0	146,157	114	99	1
1643	0,1	14,6	1,0	10,11	198	99	1
1644	7,9	2,0	9,5	4,3	198	99	0.0373865279509
1645	21,14	2,0	18,16	4,3	128	99	0.282637896808
1646	686,978	36,62	736,999	163,159	105	99	0.598323161707
1647	699,1000	7,10	744,1025	24,30	108	99	1
1648	49,84	7,10	171,185	24,30	102	99	1
1650	1,5	34,41	5,1	22,44	111	99	1
1651	21,33	430,554	29,26	562,747	198	99	1
1653	1,0	165,189	0,0	217,216	115	99	1
1654	3,6	58,122	1,7	97,93	129	99	1
1655	10,26	1,4	20,16	4,1	121	99	1
1656	7,10	24,17	8,7	22,10	109	99	1
1657	42,57	1,3	62,56	5,2	174	99	1
1658	509,799	22,29	799,843	63,52	105	99	1
1659	13,32	0,5	14,16	0,1	104	99	1
1660	3,12	4,4	9,13	6,8	104	99	1
1661	1,9	0,0	7,5	1,0	104	99	1
1662	19,12	1,1	30,17	0,0	117	99	1
1663	29,44	2,2	36,32	2,0	189	99	1
1665	24,37	11,28	41,26	5,3	114	99	0.00331006150826
1666	1,12	1,2	0,9	1,0	104	99	1
1667	24,45	8,27	31,40	7,21	119	99	1
1668	13,11	13,19	11,3	24,22	102	99	0.26128294245
1669	6,12	12,20	20,13	37,16	114	99	1
1670	11,8	412,541	7,12	474,531	132	99	1
1671	538,870	1,4	717,851	6,5	198	99	1
1673	40,62	1,3	44,41	3,4	148	99	1
1674	33,45	0,5	35,41	0,0	198	99	1
1675	38,31	372,480	17,27	362,463	198	99	1
1676	10,15	2,1	26,31	2,2	128	99	1
1677	7,4	2,1	23,47	2,2	198	99	0.647534170502
1678	6,3	8,14	21,32	18,13	198	99	0.0343392525494
1679	5,4	281,469	15,10	390,357	198	99	1
1680	7,6	80,129	21,14	91,60	102	99	0.401241461952
1681	30,17	134,146	39,47	182,125	102	99	1
1682	90,129	42,71	108,103	46,39	115	99	1
1683	12,8	88,116	12,11	108,115	152	99	1
1684	12,8	36,55	14,10	23,25	152	99	0.753722445788
1686	14,9	357,452	17,14	472,522	198	99	1
1687	46,52	0,0	24,39	0,2	104	99	1
1688	428,633	221,338	410,532	248,287	104	99	1
1689	2,0	2,5	0,0	5,11	105	99	1
1690	2,6	0,0	2,4	0,2	198	99	1
1691	14,20	74,97	36,50	65,82	102	99	0.0202821335966
1693	322,417	24,44	372,449	30,37	104	99	1
1694	317,441	12,28	369,487	22,27	105	99	1
1695	58,81	0,3	77,81	1,2	105	99	1
1696	54,88	3,15	83,69	24,19	103	99	0.682704486392
1697	55,89	0,2	59,60	0,0	123	99	1
1699	5,9	124,202	5,4	170,189	102	99	1
1700	15,46	13,19	37,23	18,25	198	99	1
1701	118,197	21,21	151,166	22,13	183	99	1
1702	303,740	11,41	249,383	6,14	198	99	1
1703	8,7	62,122	3,7	53,144	198	99	1
1704	74,94	119,123	92,105	194,172	103	99	1
1706	3,1	417,589	6,0	599,603	198	99	1
1707	81,115	4,3	101,120	2,1	109	99	1
1708	57,79	0,5	65,90	5,1	146	99	1
1709	59,74	0,0	39,73	2,0	111	99	1
1710	2,4	90,135	2,5	148,128	102	99	1
1711	87,117	1,2	84,62	0,0	114	99	1
1712	164,247	19,25	248,236	20,14	119	99	1
1713	115,167	0,0	137,193	2,0	108	99	1
1714	176,220	4,8	175,180	4,13	105	99	1
1715	9,23	3,7	16,26	3,4	168	99	0.731683304907
1716	29,46	85,108	52,56	122,86	115	99	1
1719	1190,1720	46,63	1392,1734	58,45	102	99	1
1720	37,67	1,0	126,164	0,0	124	99	1
1722	78,117	34,31	90,96	41,77	102	99	0.553742215938
1723	0,1	10,14	4,0	18,26	144	99	1
1724	126,196	84,108	221,219	39,44	102	99	0.000284339201606
1725	31,33	0,0	44,47	0,1	145	99	1
1726	14,15	16,11	9,11	6,14	103	99	1
1727	30,77	6,6	101,89	13,4	103	99	1
1728	74,88	2,0	73,61	0,0	198	99	1
1729	265,336	44,58	381,376	64,77	120	99	1
1730	13,17	2,12	22,40	7,10	189	99	1
1731	8,7	2,0	10,2	0,0	198	99	1
1732	11,11	2,0	16,9	0,0	198	99	1
1733	11,14	2,0	16,16	1,0	151	99	1
1735	27,35	33,38	30,47	54,49	198	99	1
1736	7,9	150,199	4,13	145,192	120	99	1
1737	12,16	354,537	27,16	528,640	198	99	1
1738	0,2	9,6	3,0	4,6	127	99	1
1739	1,2	4,7	5,2	0,1	109	99	3.65133474295e-05
1740	4,4	0,2	3,1	0,0	114	99	1
1741	20,39	131,260	29,40	149,185	102	99	1
1742	180,296	5,9	172,229	6,14	136	99	1
1743	6,15	167,287	12,23	208,302	117	99	1
1744	59,102	1128,1531	56,66	1012,1283	198	99	1
1745	34,57	11,33	46,56	31,24	132	99	1
1746	18,31	1,4	19,16	0,0	132	99	1
1747	28,51	0,0	44,36	2,1	102	99	1
1748	109,173	4,17	117,211	8,17	102	99	1
1749	15,20	5,17	33,34	14,16	171	99	1
1750	10,30	1,3	23,17	7,4	162	99	0.334950231642
1751	28,23	41,77	25,35	37,67	134	99	1
1752	21,15	3,1	27,31	4,0	123	99	1
1753	31,24	5,7	35,41	16,7	134	99	1
1754	13,10	5,7	12,10	16,7	110	99	0.515629829031
1757	12,32	24,27	14,24	30,24	198	99	1
1758	11,28	65,51	14,16	68,60	198	99	1
1759	27,39	65,51	34,28	68,60	198	99	1
1760	5,1	43,75	1,1	53,48	102	99	1
1761	15,14	32,46	14,8	36,37	114	99	1
1762	94,124	0,1	93,122	0,0	198	99	1
1763	7,22	114,160	19,17	171,129	127	99	1
1764	93,129	0,1	136,139	0,3	114	99	1
1766	28,15	114,149	25,46	138,157	102	99	1
1768	80,155	7,25	170,218	16,17	140	99	1
1769	102,145	10,12	128,142	21,23	166	99	1
1770	102,145	30,36	127,146	42,51	166	99	1
1771	322,433	144,149	344,425	193,224	150	99	1
1772	223,291	183,236	317,284	212,268	198	99	1
1773	287,349	4,4	361,410	2,7	198	99	1
1774	82,84	11,26	59,75	17,26	198	99	1
1775	2,13	209,255	5,7	244,314	198	99	1
1776	31,54	35,53	33,16	92,68	102	99	0.00309053041227
1777	0,1	45,98	2,1	82,62	116	99	1
1778	1,2	0,1	2,3	0,0	198	99	1
1780	9,16	4,4	14,14	7,4	160	99	1
1781	2,2	75,86	1,3	126,96	102	99	1
1782	4,5	1,1	5,2	2,0	103	99	0.435024887832
1783	16,8	6,6	15,15	11,11	103	99	1
1784	73,116	125,156	67,106	135,141	118	99	1
1785	6,9	1425,1819	5,13	2617,3091	145	99	1
1786	38,69	1,1	57,57	4,1	198	99	1
1787	329,406	1,0	428,335	1,2	104	99	1
1790	202,327	106,174	198,196	99,106	116	99	1
1793	25,46	151,205	61,69	192,149	102	99	0.739803241038
1794	7,4	139,167	5,7	196,196	119	99	1
1795	0,1	2,4	0,0	1,0	132	99	1
1796	150,210	0,0	185,240	2,0	103	99	1
1797	0,0	1,4	2,0	26,2	102	99	1
1800	101,156	16,29	164,97	22,22	105	99	1
1803	95,134	38,42	101,113	45,19	117	99	1
1805	17,34	9,11	30,36	12,10	128	99	1
1806	34,27	39,43	66,41	50,44	121	99	0.942699144361
1807	56,50	15,10	33,47	12,9	112	99	1
1808	79,129	3,2	81,119	1,1	105	99	1
1809	34,45	0,2	36,59	1,0	103	99	1
1810	72,105	102,118	92,72	106,138	102	99	1
1812	5,6	277,340	5,2	366,328	135	99	1
1813	19,27	486,792	16,27	479,583	102	99	1
1814	2,5	52,73	4,2	80,85	106	99	1
1815	32,37	0,1	34,45	0,0	129	99	1
1816	568,775	99,124	804,895	111,145	106	99	1
1818	52,73	4,1	56,45	0,1	198	99	1
1819	43,56	26,35	38,45	32,32	114	99	1
1820	5,19	192,317	13,8	179,215	198	99	1
1821	16,30	16,19	36,57	13,10	108	99	0.0607108732029
1823	1,5	89,133	10,6	140,160	102	99	1
1824	0,4	8,1	10,4	12,5	126	99	0.52134730305
1827	0,1	0,0	0,3	0,1	104	99	1
1828	95,174	0,0	126,137	0,1	123	99	1
1829	154,185	14,31	193,201	15,20	110	99	1
1830	5,5	77,97	4,0	148,152	108	99	1
1831	10,12	23,39	14,13	33,11	120	99	0.773116433052
1832	1,3	22,20	4,0	23,19	126	99	1
1833	15,29	158,217	25,27	268,262	104	99	1
1834	23,9	37,40	40,41	54,55	103	99	0.537405387284
1835	28,30	107,104	30,41	124,135	146	99	1
1836	71,91	5,11	89,119	8,6	164	99	1
1838	222,292	3,8	297,284	8,8	105	99	1
1839	0,2	125,146	3,2	163,141	126	99	1
1840	74,149	0,0	149,153	2,3	198	99	1
1841	14,43	1,0	28,43	2,0	198	99	1
1842	110,150	92,103	124,146	76,87	126	99	1
1843	126,185	0,2	186,162	0,4	198	99	1
1844	44,46	0,0	66,63	1,1	121	99	1
1845	2,1	7,23	8,3	29,37	128	99	1
1846	449,659	10,17	882,991	42,41	191	99	1
1847	34,64	110,170	115,101	91,119	126	99	0.00161000929031
1848	253,400	11,12	246,267	7,4	102	99	1
1849	4,1	9,13	5,8	10,8	109	99	0.198922858087
1850	20,20	1,0	24,25	0,0	104	99	1
1852	0,3	16,19	2,5	11,43	112	99	1
1854	1,6	94,118	8,9	192,127	122	99	1
1855	287,390	1,1	315,315	5,8	179	99	1
1856	4,6	118,166	4,9	136,149	126	99	1
1857	4,6	156,191	13,9	253,300	198	99	1
1858	181,258	6,10	253,206	2,1	111	99	1
1859	10,16	14,11	11,8	8,9	104	99	1
1860	3,5	57,53	4,1	119,78	198	99	1
1861	77,83	4,8	103,112	4,5	198	99	1
1862	1,6	17,14	5,7	22,12	102	99	0.931568433843
1863	5,7	7,22	8,6	9,22	135	99	1
1865	92,126	74,93	120,89	89,96	119	99	1
1866	324,380	26,27	427,491	28,23	147	99	1
1868	12,9	110,131	6,14	128,145	198	99	1
1869	1,3	7,2	1,2	2,0	198	99	0.45875589032
1870	144,210	7,8	211,220	13,9	146	99	1
1871	386,587	0,3	584,716	4,2	114	99	1
1873	0,10	134,238	4,2	202,156	198	99	1
1874	65,81	0,3	98,103	1,3	113	99	1
1875	356,489	243,363	541,534	194,217	102	99	0.145118950985
1876	34,48	11,16	59,41	17,13	104	99	1
1877	39,45	3,11	23,29	3,7	165	99	1
1878	47,61	14,19	27,38	22,13	188	99	0.649332022839
1879	11,27	14,19	7,16	22,13	122	99	0.738047687676
1880	2,3	60,52	1,3	45,56	198	99	1
1881	72,128	368,582	53,48	431,503	120	99	1
1882	99,140	9,16	138,140	7,9	198	99	1
1883	0,1	45,71	0,0	53,78	121	99	1
1887	153,267	62,87	217,250	108,138	108	99	1
1888	83,131	62,87	109,153	108,138	111	99	1
1889	65,105	135,241	88,124	196,221	102	99	1
1891	1703,2300	1,2	2702,2846	4,2	101	99	1
1892	155,248	156,236	198,255	158,204	110	99	1
1895	1,0	2,1	0,0	4,5	133	99	1
1896	1,1	2,1	0,0	4,5	121	99	0.548067403043
1897	72,69	24,24	51,53	19,25	198	99	1
1898	7,10	134,216	13,19	211,173	198	99	1
1899	69,118	0,0	114,107	2,0	198	99	1
1902	0,0	24,38	1,0	16,24	141	99	1
1903	0,1	1,0	2,0	0,1	138	99	0.54256094731
1904	667,967	146,212	1196,1482	169,266	121	99	1
1905	205,362	1,3	367,415	10,2	198	99	1
1906	26,52	2,0	61,35	0,1	121	99	1
1907	19,18	191,248	10,19	239,301	183	99	1
1908	13,12	4,1	35,15	4,4	101	99	1
1909	349,549	0,0	802,574	1,0	108	99	1
1910	80,79	165,187	93,86	233,166	102	99	1
1911	16,40	97,141	24,28	111,125	181	99	1
1912	75,139	114,151	61,98	112,152	106	99	1
1913	151,207	0,0	199,208	1,0	129	99	1
1914	383,571	1,5	453,569	3,3	198	99	1
1915	4,6	1,2	6,8	9,10	105	99	0.0407487525221
1916	8,2	101,121	2,1	91,107	114	99	1
1917	60,82	27,56	42,57	41,47	112	99	0.867808191174
1918	763,1215	20,37	828,1055	40,46	168	99	1
1919	14,25	55,74	7,8	27,24	111	99	1
1920	9,3	1,1	7,1	2,2	112	99	0.226514801416
1921	2,0	2,0	1,0	0,0	123	99	1
1922	58,67	0,1	79,85	0,2	156	99	1
1923	0,0	6,8	2,0	8,3	102	99	1
1924	42,82	44,83	83,71	74,75	119	99	1
1926	11,16	41,74	11,9	44,49	102	99	1
1927	1,0	0,2	0,1	0,3	104	99	1
1928	8,20	13,13	10,6	9,10	104	99	1
1929	0,6	0,0	4,2	1,0	104	99	1
1930	564,834	18,15	707,849	19,14	105	99	1
1931	7,5	6,8	3,6	6,3	114	99	1
1932	42,79	6,14	51,55	16,9	115	99	1
1933	17,27	0,1	8,14	0,1	115	99	1
1934	47,97	10,16	17,57	0,3	110	99	0.236367895654
1935	328,486	1,0	570,605	1,0	101	99	1
1936	7,23	143,175	28,37	150,152	102	99	1
1937	0,4	0,1	2,6	0,0	102	99	1
1938	1,2	5,5	4,6	11,4	102	99	0.365283762669
1940	31,44	16,30	44,64	3,20	198	99	0.0478605380025
1941	3,6	1,7	2,3	3,4	102	99	0.769749542943
1942	5,14	0,3	8,8	16,16	102	99	7.86035940331e-05
1943	44,66	45,82	47,57	63,57	131	99	1
1944	7,11	2,1	3,0	9,6	114	99	6.75395453331e-06
1945	76,57	1,0	37,145	0,1	116	99	1
1946	16,38	130,156	48,52	112,128	120	99	0.468591795106
1950	2,3	4,6	8,8	12,9	101	99	0.963240144468
1952	29,30	30,37	19,6	34,22	114	99	0.361612530846
1953	32,60	50,65	49,37	37,28	108	99	0.61615033043
1954	16,47	72,95	21,18	72,49	102	99	1
1955	1,2	0,0	1,3	0,4	151	99	0.337884494092
1957	57,74	1,0	63,66	0,0	141	99	1
1958	23,38	204,297	93,89	263,267	198	99	1
1959	118,170	0,0	198,183	0,2	198	99	1
1960	39,37	229,355	47,41	254,355	198	99	1
1961	4,1	70,71	2,2	54,51	120	99	1
1962	348,432	3,3	349,395	2,5	106	99	1
1963	12,13	4,0	13,15	1,1	109	99	1
1964	0,1	9,9	4,1	10,8	108	99	0.652198991857
1965	1,3	12,27	5,7	24,31	102	99	1
1966	22,36	9,3	28,30	13,13	120	99	0.461664259143
1969	2,15	164,195	12,7	190,253	198	99	1
1970	11,16	1,1	12,15	3,0	170	99	1
1971	19,17	240,370	14,17	338,311	198	99	1
1972	7,6	40,38	15,9	55,58	102	99	1
1973	1,0	0,0	3,0	2,0	110	99	1
1974	151,250	1,0	226,290	0,0	198	99	1
1975	32,48	8,17	59,50	9,10	198	99	0.730163187304
1976	34,41	24,30	63,53	15,20	198	99	0.0965924200456
1977	28,44	8,12	14,25	11,9	159	99	0.61703058002
1978	8,4	22,41	5,5	44,37	112	99	1
1979	1,2	47,77	10,7	99,121	123	99	1
1981	29,34	15,28	44,37	15,11	198	99	0.260951151283
1982	100,185	0,1	120,132	2,0	141	99	1
1983	1021,1403	39,47	1676,1705	57,49	102	99	1
1985	20,14	7,2	30,8	11,16	105	99	0.214927900061
1987	158,218	2,4	147,157	1,0	143	99	1
1988	6,5	167,223	7,2	155,172	113	99	1
1989	0,0	19,14	5,0	23,29	147	99	1
1990	5,2	27,26	2,1	38,27	111	99	1
1991	40,48	0,3	69,73	0,0	198	99	1
1992	38,79	18,12	41,55	24,18	129	99	0.924715336703
1993	0,0	0,1	1,0	2,0	162	99	1
1994	0,0	0,1	2,1	2,0	198	99	1
1996	84,131	147,204	99,104	195,200	119	99	1
1997	7,15	128,140	13,10	197,197	103	99	1
1999	5,14	8,11	11,15	14,19	162	99	1
2003	3,1	0,0	2,0	7,0	120	99	1
2004	98,127	13,12	127,121	21,13	110	99	1
2005	85,120	20,13	81,107	11,14	110	99	1
2006	287,380	1,0	417,518	0,0	132	99	1
2007	21,39	111,121	36,53	185,160	102	99	1
2008	341,474	2,12	454,473	11,8	102	99	1
2010	32,59	1,0	40,44	3,3	129	99	1
2011	5,1	33,40	5,7	20,15	119	99	0.383016632045
2015	7,5	3,5	23,18	5,8	119	99	0.632681157491
2016	15,20	105,196	35,32	114,171	119	99	1
2017	25,50	105,196	102,74	114,171	198	99	0.411531898249
2018	23,50	9,15	91,65	12,14	198	99	0.516055536608
2019	12,15	19,14	17,24	24,15	102	99	1
2020	15,11	19,14	13,14	24,15	108	99	1
2021	13,10	10,14	12,8	16,18	105	99	0.809325496016
2024	4,11	6,14	7,7	15,17	132	99	0.895359630837
2025	1,4	34,45	5,2	57,36	123	99	1
2027	93,136	2,3	102,85	0,2	164	99	1
2029	1,4	169,251	1,10	326,401	129	99	1
2030	0,6	148,230	5,3	250,276	168	99	1
2031	188,244	1,0	255,254	1,0	103	99	1
2032	167,280	0,0	227,242	0,2	102	99	1
2034	295,446	0,1	347,347	0,0	198	99	1
2035	15,24	331,507	14,21	371,406	198	99	1
2036	26,50	0,1	54,64	0,3	198	99	1
2037	6,11	0,0	10,6	1,3	122	99	0.614486527844
2039	102,157	2,3	89,104	0,1	126	99	1
2040	24,18	39,87	25,25	68,37	198	99	1
2041	3,19	10,12	8,11	10,8	198	99	1
2042	442,534	78,96	549,616	77,89	111	99	1
2043	6,10	141,145	11,4	147,121	198	99	1
2044	330,431	33,57	378,348	67,72	116	99	1
2045	127,184	27,47	209,192	38,47	135	99	1
2046	424,558	27,47	520,468	38,47	152	99	1
2047	11,15	116,180	34,25	161,231	105	99	1
2048	2,1	12,16	3,2	33,24	198	99	1
2049	45,36	9,20	34,44	9,14	123	99	1
2050	41,53	183,187	48,63	164,220	108	99	1
2051	170,276	1,6	333,258	4,6	105	99	1
2052	23,17	96,143	18,7	111,126	117	99	1
2053	114,164	14,12	128,142	7,4	105	99	1
2054	417,513	214,300	383,378	264,262	198	99	1
2056	246,396	42,76	275,278	62,72	111	99	1
2057	23,33	36,30	48,29	31,21	105	99	0.566311353689
2058	1,0	88,127	0,1	134,131	115	99	1
2059	86,152	0,0	73,70	0,4	118	99	1
2060	119,139	31,55	139,142	46,46	166	99	1
2061	7,28	0,0	31,37	0,1	198	99	1
2062	2,6	0,0	0,0	5,0	105	99	1
2063	9,2	11,23	17,5	11,13	102	99	0.392654682209
2064	8,4	0,1	16,4	2,0	113	99	1
2065	1264,1504	213,265	1968,1812	366,332	102	99	1
2067	14,9	115,170	14,26	147,140	198	99	1
2068	355,520	2,2	577,574	2,2	103	99	1
2069	0,1	45,37	0,1	39,22	117	99	1
2070	60,111	0,0	127,140	2,0	198	99	1
2071	1,3	18,29	0,2	28,13	198	99	1
2072	468,607	2,0	532,522	0,0	168	99	1
2073	20,33	3,8	46,56	9,11	198	99	1
2075	1,3	2217,3091	2,1	1833,1870	126	99	1
2078	81,97	0,7	62,67	11,5	102	99	1
2079	8,10	3,16	13,10	8,5	120	99	0.869380471238
2080	1084,922	177,144	1413,1227	401,312	102	99	1
2082	289,352	38,35	272,242	41,50	108	99	1
2083	80,84	7,12	119,102	10,15	136	99	1
2084	3,6	2,7	15,21	4,3	108	99	0.0601147837865
2085	23,38	4,3	28,45	4,4	110	99	1
2086	4,2	17,18	5,4	27,31	126	99	1
2088	230,349	15,19	432,469	15,31	102	99	1
2089	0,2	48,64	2,8	57,74	110	99	1
2091	1,6	0,6	4,0	1,3	111	99	0.446964498925
2092	76,101	19,18	109,100	20,19	104	99	1
2093	40,53	77,99	32,52	129,175	105	99	0.501387988135
2095	592,739	47,78	707,788	52,57	114	99	1
2096	25,28	24,20	19,21	41,44	102	99	0.0648278865944
2097	7,5	14,20	11,8	12,11	150	99	0.417721306116
2098	3,3	261,384	0,3	304,285	198	99	1
2099	49,66	7,8	90,81	2,9	111	99	1
2102	1,3	1,0	3,3	0,1	107	99	1
2103	0,3	49,94	0,0	51,103	198	99	1
2104	481,765	5,0	656,723	0,3	116	99	1
2105	24,25	0,3	33,18	0,2	162	99	1
2106	14,5	79,118	11,13	89,105	102	99	1
2107	128,172	6,1	161,125	5,8	105	99	1
2110	1556,3026	2,1	2424,3084	2,4	126	99	1
2111	71,112	3,4	106,176	1,4	103	99	1
2113	355,449	36,68	381,445	39,51	105	99	1
2114	18,13	17,43	25,12	23,30	198	99	1
2116	37,38	1,2	65,60	0,0	198	99	1
2117	5,7	6,12	3,0	15,5	108	99	0.0533257202998
2118	111,141	0,0	218,232	1,0	198	99	1
2121	0,4	3,7	2,2	9,6	105	99	1
2123	2,4	78,118	5,13	86,143	198	99	1
2124	9231,13088	3,3	12352,13870	5,6	102	99	1
2125	9622,13720	2,0	12957,14600	1,3	106	99	1
2126	394,635	2,0	610,736	1,3	103	99	1
2128	0,2	22,25	5,1	29,18	117	99	1
2129	10,16	313,407	5,14	163,237	115	99	1
2130	87,129	1,0	71,85	0,0	198	99	1
2131	1,1	0,1	0,0	1,0	107	99	1
2132	15,3	0,1	4,3	1,0	198	99	1
2133	14,4	0,1	4,3	0,0	198	99	1
2134	154,204	22,22	110,119	12,11	110	99	1
2135	209,222	5,8	196,227	3,0	158	99	1
2136	6,13	7,7	9,18	7,4	126	99	0.700654403817
2137	0,2	29,60	2,0	73,92	198	99	1
2140	3,2	0,4	0,4	1,1	198	99	0.490929130238
2141	1395,2005	0,2	1570,2046	0,2	103	99	1
2142	0,2	1,2	0,3	5,4	112	99	1
2144	318,482	2,3	487,465	5,2	108	99	1
2145	8,14	9,19	20,17	22,11	102	99	1
2146	385,518	1,4	496,687	2,1	108	99	1
2147	0,2	22,40	4,0	29,35	106	99	1
2148	41,100	1,3	20,72	0,1	154	99	1
2149	1,2	11,7	0,1	15,29	165	99	1
2150	0,3	70,90	0,2	106,100	122	99	1
2151	34,43	14,15	38,29	12,14	182	99	1
2152	4,10	1094,1454	17,11	1818,1830	198	99	1
2153	218,309	4,5	350,318	4,1	135	99	1
2154	123,163	0,0	131,127	0,1	198	99	1
2155	2,1	11,25	3,3	32,24	131	99	1
2156	20,37	88,140	49,39	107,129	114	99	1
2157	3,5	86,119	0,0	91,72	120	99	1
2158	396,613	5,12	654,721	16,36	108	99	1
2159	25,51	25,36	26,42	17,30	155	99	1
2162	429,620	0,1	437,522	0,3	198	99	1
2163	35,49	11,12	26,34	19,18	114	99	0.25955942915
2164	72,96	19,18	97,87	16,15	101	99	1
2165	208,290	61,108	216,327	87,116	198	99	1
2166	68,115	9,28	149,157	10,15	198	99	0.410255965018
2167	46,45	48,75	57,59	72,61	102	99	1
2168	4,2	10,5	6,9	7,1	104	99	0.0519958102979
2169	4,0	1,0	0,2	0,0	104	99	1
2170	0,1	1,4	0,0	0,3	107	99	1
2171	58,135	1,2	88,156	0,2	105	99	1
2172	65,73	200,285	91,105	293,275	102	99	1
2173	1,1	0,2	6,3	2,2	198	99	0.851534790291
2174	20,44	4,1	27,40	3,6	119	99	1
2175	43,71	6,9	50,46	4,7	115	99	1
2176	11,12	55,71	14,10	74,46	102	99	1
2177	282,385	22,34	346,340	53,38	141	99	1
2179	96,155	6,10	121,111	3,4	142	99	1
2181	38,70	2,0	48,48	0,0	198	99	1
2182	1,0	6,2	0,0	1,6	115	99	1
2184	527,776	0,1	824,684	0,0	103	99	1
2185	46,48	2193,2968	38,59	2370,3174	198	99	1
2187	3,5	14,28	2,2	17,21	134	99	1
2188	5,3	115,169	11,18	239,305	118	99	1
2190	17,35	10,25	12,22	12,21	102	99	0.99167945407
2191	29,41	94,129	49,68	118,186	115	99	1
2192	14,21	398,551	32,34	620,583	118	99	1
2193	6,11	1,0	14,11	3,3	111	99	0.415400823005
2195	17,13	2,8	7,5	1,3	120	99	1
2196	52,83	2,8	50,46	1,3	141	99	1
2199	83,138	72,79	100,124	87,69	111	99	1
2200	128,161	91,148	95,89	130,126	102	99	0.426064045654
2201	7,10	157,221	6,8	240,265	129	99	1
2202	26,33	0,9	43,70	6,1	113	99	1
2204	8,8	347,527	6,8	355,392	116	99	1
2205	35,58	1,8	28,35	3,5	117	99	1
2207	21,14	144,202	53,54	282,326	198	99	1
2208	30,33	1225,1774	24,59	1548,1756	198	99	1
2209	71,114	0,2	98,111	2,2	198	99	1
2210	12,27	27,29	34,28	29,25	145	99	0.706694228889
2212	104,135	55,77	64,67	89,111	171	99	0.00109890846163
2213	4,8	64,92	10,17	69,52	103	99	0.863745010671
2214	294,323	45,63	374,436	78,74	178	99	1
2215	4,1	11,10	1,2	13,12	129	99	1
2216	8,16	4,5	7,12	1,4	102	99	1
2217	30,59	16,27	15,20	24,18	125	99	0.115058310516
2218	10,24	510,709	21,26	625,758	102	99	1
2219	26,46	8,11	51,46	41,21	104	99	0.208540563122
2220	5,5	11,19	0,5	23,12	112	99	0.828538015585
2221	1,4	193,286	4,1	235,263	147	99	1
2222	44,61	3,9	47,64	2,8	198	99	1
2223	17,36	19,18	38,43	20,27	105	99	1
2224	4,20	27,37	5,21	35,36	102	99	1
2225	168,228	162,294	181,211	218,357	198	99	1
2227	93,189	61,64	98,102	57,52	102	99	1
2228	157,255	158,217	89,89	212,244	105	99	5.59278837281e-05
2229	40,44	20,14	42,44	17,24	121	99	1
2230	1434,1807	5,1	1821,1940	7,13	143	99	1
2232	272,302	1,0	278,339	1,1	189	99	1
2234	91,132	0,0	169,173	3,2	114	99	1
2235	0,2	21,32	3,2	16,16	110	99	1
2236	1,0	0,1	0,0	1,2	102	99	1
2237	3,4	0,2	9,8	2,4	113	99	0.331249095501
2238	19,52	2,4	18,55	4,2	117	99	1
2240	0,0	5,11	2,0	7,6	118	99	1
2241	11,15	3,1	10,14	2,3	198	99	0.855958928002
2242	16,37	331,534	14,19	374,493	198	99	1
2243	19,37	331,534	16,22	374,493	198	99	1
2244	854,1238	3,3	767,1067	0,2	104	99	1
2245	36,53	878,1303	19,40	816,1189	102	99	1
2246	1,5	165,174	0,10	189,242	102	99	1
2248	1,12	5,25	3,4	12,12	102	99	1
2251	1,1	1,6	3,2	1,3	198	99	0.16199992943
2252	22,28	236,345	13,16	272,261	198	99	1
2253	302,353	7,0	360,293	0,0	198	99	1
2255	6,11	11,21	20,8	23,20	102	99	1
2256	9,22	1,3	11,3	1,6	102	99	0.493348993087
2257	6,15	6,8	13,1	7,8	130	99	0.516448289414
2258	46,91	1,5	42,79	2,3	115	99	1
2259	148,199	4,5	191,189	3,15	198	99	1
2260	5,2	1,0	1,6	0,0	119	99	1
2261	14,14	22,24	7,18	37,54	107	99	0.374072503946
2262	14,16	1,0	20,17	0,0	198	99	1
2263	2,2	22,22	0,1	27,24	120	99	1
2264	36,62	1,1	49,45	3,1	198	99	1
2265	69,76	7,16	91,82	10,13	104	99	1
2266	55,44	217,229	56,51	212,235	127	99	1
2268	21,33	87,125	17,11	110,146	120	99	1
2269	1,0	3,4	1,5	1,1	118	99	0.000555949709726
2270	173,264	19,26	130,211	6,12	104	99	1
2271	2,1	51,71	3,2	69,72	138	99	1
2273	85,142	18,28	184,255	48,60	102	99	1
2274	6,15	62,76	6,12	47,68	102	99	1
2275	95,138	5,7	123,119	9,8	102	99	1
2276	101,110	1,0	112,107	0,1	104	99	1
2278	9,6	72,86	5,6	108,121	198	99	1
2280	16,37	0,3	17,13	0,0	105	99	1
2281	0,0	10,12	3,1	21,9	108	99	1
2282	572,761	174,297	769,914	117,99	102	99	0.0176624186012
2283	34,47	0,3	33,58	0,0	103	99	1
2284	35,77	8,10	88,71	22,10	191	99	1
2285	13,23	39,62	13,17	71,71	102	99	1
2286	0,1	0,2	3,2	0,0	103	99	1
2287	19,36	0,1	51,43	0,0	128	99	1
2288	129,199	38,71	148,172	56,83	156	99	1
2289	4,6	4,4	6,6	7,4	117	99	1
2291	17,25	52,64	30,33	56,46	107	99	0.773245444564
2292	19,27	59,73	21,10	91,85	198	99	1
2297	43,90	0,1	87,85	0,0	103	99	1
2298	168,254	3,5	277,308	1,6	103	99	1
2299	162,215	16,29	262,254	37,37	103	99	1
2300	139,172	44,111	117,205	70,122	102	99	1
2301	5,9	6,8	10,14	10,6	102	99	0.88515152164
2302	1,6	51,73	8,16	16,39	112	99	0.00571812217288
2304	108,139	2,6	90,141	9,3	120	99	1
2305	3,0	3,10	4,4	20,10	102	99	0.214060784179
2306	96,190	0,0	182,120	1,0	198	99	1
2307	17,13	6,6	21,16	6,9	124	99	1
2308	12,9	88,124	9,7	95,78	198	99	1
2310	16,10	34,58	14,18	73,73	125	99	1
2311	19,31	11,11	32,34	14,14	128	99	1
2312	56,58	1,0	74,143	1,0	111	99	1
2313	24,23	1,0	11,13	0,0	108	99	1
2314	2,2	24,30	2,2	40,37	117	99	1
2315	18,8	77,110	8,15	82,89	102	99	1
2317	21,23	70,84	18,24	78,48	118	99	1
2318	21,38	17,26	41,37	11,16	102	99	0.306539449541
2319	4,13	48,52	2,9	34,34	150	99	1
2321	30,42	193,232	41,36	203,241	114	99	1
2322	57,83	1,3	45,82	1,4	112	99	1
2323	76,127	1,2	73,72	7,4	198	99	1
2325	132,152	70,87	124,140	88,133	102	99	1
2326	2,1	107,167	2,3	142,160	152	99	1
2327	44,65	5,11	62,58	6,12	115	99	1
2328	5,8	5,13	10,7	3,14	104	99	0.87752499891
2329	199,339	45,63	292,302	36,46	102	99	1
2330	2,2	57,87	8,12	117,107	111	99	1
2332	50,84	28,32	58,72	26,31	102	99	1
2333	29,24	196,299	31,40	219,244	137	99	1
2335	11,30	1,1	10,19	0,1	120	99	1
2336	50,75	2,0	55,54	0,1	165	99	1
2337	45,58	0,0	57,44	2,4	165	99	1
2338	101,187	6,25	100,133	11,11	152	99	1
2339	62,132	6,25	69,92	11,11	175	99	1
2340	20,33	59,88	20,26	51,67	122	99	1
2341	245,344	206,281	325,340	297,278	128	99	1
2342	0,1	50,83	3,0	59,91	128	99	1
2343	58,83	18,20	77,81	14,25	102	99	1
2344	16,25	7,10	10,24	17,21	102	99	0.109828954783
2346	1,2	1,2	3,0	12,10	102	99	0.24053427576
2347	1,5	2,3	2,0	2,0	102	99	1
2348	13,27	15,24	19,12	3,8	118	99	0.171288287557
2351	2,3	16,27	1,2	18,17	198	99	1
2354	155,160	10,11	161,176	8,4	102	99	1
2355	0,2	4,1	3,3	9,5	110	99	0.154593685993
2356	1,1	22,34	3,17	29,37	113	99	0.0971794969275
2358	58,68	118,158	66,61	155,140	150	99	1
2359	14,14	141,247	16,26	222,223	198	99	1
2360	5,8	20,24	17,13	16,19	102	99	0.1007973913
2362	179,208	363,445	160,165	457,494	113	99	1
2363	244,350	0,1	328,415	0,0	114	99	1
2364	1,3	1,4	2,9	0,1	111	99	1
2365	151,178	7,8	157,181	7,8	135	99	1
2366	2,7	37,51	3,6	54,83	198	99	1
2367	22,17	7,24	33,35	10,18	115	99	0.781650834344
2368	0,1	154,221	3,4	207,155	198	99	1
2369	4,3	1,4	7,3	0,4	105	99	0.64956566101
2370	587,716	0,3	871,906	0,0	198	99	1
2372	8,39	0,0	43,33	0,1	198	99	1
2373	101,108	175,276	185,226	137,228	102	99	0.00430351845866
2374	170,171	18,8	145,140	14,11	177	99	1
2376	70,80	0,1	92,79	0,0	117	99	1
2377	146,264	6,20	95,205	13,12	104	99	1
2379	18,39	10,13	34,44	10,8	107	99	0.88538398043
2380	24,32	5,19	23,26	15,17	198	99	0.756381082302
2381	38,74	5,19	63,59	15,17	198	99	1
2382	23,59	0,0	69,58	4,2	198	99	1
2383	1,4	24,38	3,9	32,22	114	99	1
2384	3,1	58,91	5,4	48,88	198	99	1
2385	74,79	9,6	106,116	8,11	143	99	1
2386	144,219	221,261	119,125	239,257	198	99	1
2387	7,3	35,38	5,7	40,29	115	99	1
2389	357,469	7,10	495,439	8,13	150	99	1
2390	17,17	167,215	23,25	155,172	198	99	1
2391	21,23	21,12	32,33	22,9	198	99	0.810146890512
2392	133,178	0,0	129,161	2,0	198	99	1
2393	174,224	57,68	179,212	50,61	198	99	1
2394	171,221	21,12	164,180	22,9	103	99	1
2395	287,380	0,0	269,318	2,0	156	99	1
2396	329,428	57,68	320,371	50,61	171	99	1
2397	137,171	0,0	127,147	2,0	152	99	1
2398	179,219	57,68	178,200	50,61	167	99	1
2399	42,48	57,68	53,53	50,61	114	99	1
2400	207,258	2,12	309,234	9,7	116	99	1
2401	738,1065	0,0	1019,1068	2,0	103	99	1
2402	3,7	7,11	2,5	4,16	125	99	1
2403	24,20	170,212	32,22	191,210	128	99	1
2404	13,19	2,1	12,13	5,0	119	99	1
2405	0,3	36,59	2,0	43,62	114	99	1
2406	96,197	0,2	145,160	1,0	198	99	1
2407	2094,3001	5,6	1341,1858	3,0	133	99	1
2408	1721,2497	0,0	987,1645	0,2	161	99	1
2409	512,705	3,19	440,581	11,9	102	99	1
2410	2,3	18,10	9,6	29,24	198	99	1
2411	197,257	93,120	205,224	191,175	105	99	0.213351814765
2412	71,106	70,131	57,79	79,73	102	99	1
2414	58,82	0,1	77,80	0,0	108	99	1
2415	0,2	4,4	0,1	8,7	126	99	1
2416	13,22	3,4	52,54	12,7	198	99	1
2417	12,15	390,545	11,21	510,460	132	99	1
2418	0,2	29,57	0,0	48,43	137	99	1
2420	6,5	2,0	24,18	2,0	108	99	1
2421	3,1	1,1	0,1	0,0	125	99	1
2423	6,30	4,6	31,24	0,3	198	99	0.0507825161055
2424	9,12	455,796	7,15	454,498	198	99	1
2427	111,130	17,36	142,149	12,31	111	99	1
2428	13,7	6,3	13,3	1,2	117	99	0.348956969371
2429	0,0	642,919	1,1	933,899	141	99	1
2430	53,91	65,145	74,54	146,152	102	99	0.822446830222
2431	9,13	132,216	14,20	134,220	198	99	1
2433	200,274	112,178	184,154	156,197	198	99	0.463301328967
2434	246,333	8,14	269,350	3,13	129	99	1
2435	71,76	9,16	63,48	11,4	119	99	1
2436	1,3	217,259	3,8	258,271	198	99	1
2437	53,87	0,1	52,53	2,1	198	99	1
2438	35,38	0,1	35,37	5,0	102	99	1
2439	91,130	108,145	174,196	107,112	102	99	0.104211977994
2440	4,2	3,5	10,15	12,7	166	99	0.621264833957
2441	3,3	0,1	3,3	0,2	112	99	1
2442	7,15	42,66	7,7	55,44	198	99	1
2443	39,73	5,9	39,44	1,1	156	99	0.313593161036
2444	160,257	0,1	192,278	0,0	129	99	1
2445	59,94	1,2	68,110	1,1	103	99	1
2446	82,124	0,2	107,124	0,0	198	99	1
2447	29,39	0,0	55,26	1,0	105	99	1
2448	56,65	18,28	54,50	40,28	102	99	0.670801672922
2450	26,51	116,109	55,44	192,149	111	99	1
2451	24,42	3,0	27,21	0,0	102	99	1
2452	3,3	12,15	4,6	26,15	127	99	1
2453	2,3	0,4	9,6	0,0	123	99	0.461369505506
2454	57,68	2,0	48,54	0,1	113	99	1
2456	8,6	106,147	7,9	181,191	114	99	1
2457	23,52	32,56	71,58	82,47	113	99	1
2458	126,215	25,39	145,132	50,35	117	99	1
2459	70,94	112,155	39,46	157,165	102	99	0.051695702956
2461	4,2	12,15	7,6	16,13	110	99	0.648610880687
2462	0,1	1,10	3,2	3,1	110	99	0.0153087769197
2464	9,15	2,2	24,11	10,5	179	99	0.232828545077
2465	2,2	16,36	6,14	23,32	198	99	0.635121439912
2466	378,428	11,12	453,476	12,19	198	99	1
2469	211,308	22,38	176,239	28,16	132	99	1
2471	59,71	10,32	91,93	34,16	198	99	1
2472	13,14	10,32	48,56	34,16	198	99	0.0975411701135
2473	14,12	57,64	44,57	81,85	126	99	0.0495310618086
2474	18,19	7,4	10,9	3,3	103	99	1
2475	38,77	22,26	54,75	15,30	134	99	1
2476	108,235	3,3	107,161	7,3	102	99	1
2477	156,270	1,1	130,227	9,6	180	99	1
2478	203,371	1,4	227,309	0,2	198	99	1
2479	61,68	9,13	38,57	10,6	116	99	1
2480	20,15	4,11	10,16	17,7	114	99	0.52041495126
2481	0,0	2,8	1,2	11,13	172	99	1
2482	25,23	2,6	21,19	4,0	111	99	1
2483	8,8	21,22	39,34	28,27	121	99	0.00808390965199
2484	2,0	3,10	0,2	0,7	118	99	1
2486	66,109	1,0	58,76	0,1	198	99	1
2487	8,14	0,0	19,14	1,0	135	99	1
2488	16,21	75,111	20,26	79,75	198	99	1
2489	4,8	143,229	3,7	186,191	198	99	1
2490	41,82	254,306	160,138	353,203	121	99	0.0429957841481
2491	130,180	1,0	142,119	2,0	114	99	1
2492	22,34	114,186	38,35	161,156	102	99	1
2493	79,105	40,59	110,120	62,65	102	99	1
2494	0,4	14,19	4,3	14,11	165	99	0.839651729372
2496	265,366	0,0	357,343	3,0	198	99	1
2497	2,0	6,7	0,3	2,0	104	99	0.430890775431
2498	10,13	7,9	7,6	2,8	104	99	1
2499	37,45	0,0	28,51	3,0	128	99	1
2500	2,2	4,2	2,1	2,6	102	99	0.747364515128
2503	813,1046	15,14	1042,1114	14,12	198	99	1
2504	116,182	55,57	160,151	39,49	102	99	1
2505	159,209	2,0	198,170	2,2	141	99	1
2506	1,4	112,182	1,1	158,172	123	99	1
2508	59,70	130,147	103,95	149,151	102	99	1
2509	5,11	58,82	2,6	66,80	104	99	1
2510	1,9	9,17	5,7	20,14	112	99	1
2511	7,5	78,63	4,7	47,38	136	99	1
2512	2,0	52,54	4,0	63,24	102	99	1
2513	23,24	3,0	35,23	0,0	198	99	1
2514	23,24	9,7	35,25	18,12	198	99	1
2515	2,11	186,278	21,11	322,307	198	99	1
2516	181,244	10,15	222,247	6,7	102	99	1
2518	5,14	0,0	6,6	3,0	198	99	1
2519	7,6	25,50	4,8	35,65	108	99	1
2520	40,52	0,4	67,80	0,3	144	99	1
2521	7,15	75,51	22,13	73,58	198	99	1
2522	194,276	0,0	292,375	2,0	198	99	1
2523	20,21	1,3	30,23	6,3	128	99	1
2524	29,30	3,2	45,30	4,2	145	99	1
2525	10,12	3,2	21,10	4,2	116	99	1
2526	604,851	182,290	539,817	188,292	105	99	1
2527	15,26	0,0	16,11	4,0	102	99	1
2528	7,14	0,2	3,14	0,0	174	99	1
2529	0,2	1,2	0,0	1,2	135	99	1
2531	11,16	0,0	21,6	0,1	198	99	1
2532	101,178	7,3	120,142	3,4	105	99	1
2533	19,19	153,236	28,23	213,204	104	99	1
2534	2,1	1,4	1,3	5,3	106	99	1
2535	1029,1576	3,3	1283,1532	1,5	108	99	1
2536	25,73	4,8	58,111	0,7	116	99	1
2537	2,7	7,12	2,6	21,11	198	99	1
2538	42,50	0,1	35,36	2,0	198	99	1
2540	12,10	10,24	27,27	38,37	198	99	1
2541	10,16	169,239	6,11	172,222	198	99	1
2542	30,39	0,0	37,49	0,1	198	99	1
2543	16,25	5,10	40,24	8,7	198	99	1
2544	87,163	16,33	89,140	23,12	198	99	1
2545	54,56	60,97	39,47	128,99	102	99	0.443037565674
2546	405,664	0,1	592,339	0,0	198	99	1
2547	2,1	0,2	2,5	2,0	102	99	1
2548	6,15	5,11	14,12	0,7	102	99	0.151319935838
2549	356,426	3,2	300,359	1,2	102	99	1
2550	16,41	34,68	27,26	38,26	115	99	0.954801403601
2551	5,20	303,389	7,15	288,422	198	99	1
2552	2,13	46,38	3,5	48,53	126	99	1
2554	9,15	131,201	14,25	158,142	104	99	1
2555	47,74	4,2	71,76	10,6	125	99	1
2556	2,5	313,504	7,1	380,449	198	99	1
2557	29,48	10,11	39,38	5,8	133	99	1
2558	51,74	124,152	62,79	121,170	113	99	1
2564	55,97	0,1	146,150	3,0	198	99	1
2565	14,12	108,165	6,17	75,68	198	99	1
2566	94,94	1,1	65,75	1,3	103	99	1
2567	220,339	7,12	425,417	2,2	198	99	1
2568	297,493	1,3	370,461	2,0	198	99	1
2569	13,30	15,10	37,27	8,11	102	99	0.601137267214
2570	50,59	107,164	62,66	199,189	110	99	1
2571	0,2	0,1	4,1	0,0	102	99	1
2572	5,10	72,62	6,1	91,70	102	99	1
2573	87,115	66,84	103,60	59,37	198	99	1
2574	6,8	205,280	5,4	192,207	117	99	1
2575	13,16	115,180	17,29	142,148	135	99	1
2577	8,19	41,72	7,14	43,51	135	99	1
2579	5,18	92,113	15,13	128,121	129	99	1
2580	6,12	61,91	6,3	62,60	116	99	1
2581	25,49	22,48	48,46	26,26	114	99	0.586466588363
2582	81,120	531,637	74,98	546,601	102	99	1
2583	2,6	37,45	7,8	33,47	110	99	1
2586	12,22	24,29	14,28	19,33	120	99	1
2587	25,27	825,1253	32,35	898,1256	198	99	1
2588	198,288	23,27	359,408	31,52	105	99	1
2589	318,392	26,52	397,416	40,39	143	99	1
2590	128,205	2,2	226,213	1,0	198	99	1
2591	7,8	24,24	8,6	17,18	102	99	1
2592	15,13	23,20	5,10	52,26	198	99	0.273775505478
2594	142,181	0,2	133,150	0,1	150	99	1
2596	17,15	34,54	20,11	69,74	198	99	1
2598	103,170	0,0	162,164	0,1	183	99	1
2599	133,233	1,5	196,259	0,0	198	99	1
2600	1231,1599	0,1	1191,1992	0,1	198	99	1
2601	13,33	324,520	16,20	432,447	198	99	1
2602	28,30	36,38	17,18	27,44	115	99	0.894604133691
2603	6,18	0,1	9,6	0,0	128	99	1
2604	8,12	46,59	7,20	56,58	102	99	1
2605	66,122	5,2	76,89	2,2	131	99	1
2609	38,37	1,0	22,38	0,0	102	99	1
2612	132,171	0,0	161,179	1,0	120	99	1
2614	14,23	0,0	13,9	0,1	116	99	1
2615	57,43	13,28	45,51	23,14	113	99	1
2616	9,22	21,41	3,5	15,15	143	99	0.905039855767
2618	1,1	33,63	10,3	64,71	121	99	1
2619	0,4	15,24	3,7	22,13	116	99	0.598523201585
2620	0,0	2,8	0,1	2,2	121	99	1
2621	1,1	18,12	1,1	13,18	126	99	1
2622	3,9	18,12	3,2	13,18	104	99	0.619876984959
2623	0,0	7,8	1,0	2,16	125	99	1
2624	154,219	4,3	157,157	4,8	198	99	1
2625	34,43	0,0	37,39	0,1	198	99	1
2627	92,107	1,2	93,105	1,0	108	99	1
2628	1531,2233	2,3	1039,1476	0,0	198	99	1
2629	1865,2778	0,0	1304,1902	0,1	198	99	1
2630	2307,3551	0,0	1637,2311	1,2	198	99	1
2631	116,188	9,2	68,91	1,2	120	99	1
2632	545,849	0,0	374,602	0,1	129	99	1
2633	1172,1900	0,0	853,1212	1,2	162	99	1
2634	627,1051	0,0	481,611	1,2	132	99	1
2635	421,563	15,42	257,336	21,31	120	99	1
2636	819,1284	22,35	563,857	14,21	138	99	1
2637	1181,1933	2,0	869,1236	0,0	162	99	1
2638	385,684	2,0	322,400	0,0	123	99	1
2639	1175,1897	189,326	853,1212	127,213	162	99	1
2640	721,1218	2,0	551,752	0,0	132	99	1
2641	22,27	4,6	46,32	3,3	198	99	0.462984557817
2642	8,8	17,26	19,17	14,16	123	99	0.0429629450842
2643	2,5	24,55	2,2	29,54	108	99	1
2644	1,4	4,7	2,3	5,12	130	99	1
2645	1,0	123,150	4,1	123,125	123	99	1
2646	43,75	13,31	56,48	18,21	105	99	1
2647	6,1	72,100	7,11	95,111	102	99	1
2648	127,156	1,2	111,142	2,2	103	99	1
2649	3,6	84,130	7,6	92,130	183	99	1
2650	0,3	6,15	0,0	2,7	164	99	1
2652	4,0	7,8	1,2	10,5	198	99	1
2653	9,14	55,78	13,28	79,70	102	99	1
2655	79,99	0,1	73,67	0,1	114	99	1
2656	4,4	7,23	3,3	12,12	111	99	1
2658	29,35	1,4	37,19	3,4	104	99	1
2659	16,11	5,21	10,10	14,19	104	99	0.60925396631
2660	160,224	0,1	171,209	0,1	106	99	1
2661	2,5	109,148	5,5	92,158	119	99	1
2662	7,12	0,0	24,11	2,1	165	99	1
