ID	IJC_SAMPLE_1	SJC_SAMPLE_1	IJC_SAMPLE_2	SJC_SAMPLE_2	IncFormLen	SkipFormLen
0	56,76,71,54,55,78	105,176,128,135,157,141	67,27,53,54,68,31	121,86,107,147,159,51	230	218
1	0,2,0,0,0,0	82,138,96,96,168,96	0,1,1,0,0,0	84,67,69,105,124,40	283	391
2	26,35,36,26,50,36	4,10,9,11,12,5	27,26,33,37,52,14	6,1,3,2,6,1	262	219
3	6,10,6,11,12,5	82,145,99,90,169,98	8,9,14,6,10,1	89,74,75,110,133,41	262	539
4	6,10,6,11,12,5	82,138,96,96,168,96	8,9,14,6,10,1	84,67,69,105,124,40	262	391
5	5,11,4,4,10,3	34,75,63,41,84,33	4,4,5,9,13,6	30,32,29,44,44,18	230	230
6	185,324,207,204,249,226	80,88,54,57,78,75	236,149,168,240,235,82	74,48,57,91,71,30	239	203
8	95,99,61,45,91,89	115,140,75,71,130,125	52,34,31,18,45,28	85,48,59,39,78,46	226	272
9	104,213,143,156,215,223	64,117,75,87,132,107	161,140,130,212,212,61	85,79,100,133,123,39	255	216
10	175,282,127,121,200,154	78,111,55,53,121,88	270,215,255,271,418,133	118,71,108,144,144,69	231	218
11	22,20,17,21,19,16	19,22,33,31,37,23	34,6,14,20,22,5	26,13,21,24,34,15	197	196
13	1,5,2,1,2,1	3,5,6,7,15,2	3,2,0,2,3,0	1,3,5,3,4,6	260	253
14	251,383,317,261,414,336	6,19,22,10,22,10	299,218,241,270,357,110	8,3,13,14,7,11	216	167
15	31,28,28,32,30,37	15,11,18,20,24,22	36,22,26,37,33,16	17,14,14,29,28,7	245	200
16	159,230,188,195,263,201	110,221,152,154,200,155	170,165,187,275,250,77	134,108,127,149,222,58	224	197
17	16,23,33,9,12,8	28,31,39,33,31,29	7,10,8,17,27,8	26,12,21,41,29,15	201	303
18	5,6,8,5,11,7	14,28,13,21,27,15	4,2,1,0,10,0	4,9,6,17,11,9	266	259
19	24,55,34,33,54,44	39,59,39,57,62,28	18,31,22,37,34,23	30,26,24,54,39,8	230	230
20	12,21,23,31,31,20	41,65,43,32,60,35	23,10,15,15,8,8	30,29,29,54,42,13	230	230
21	3,5,3,0,0,8	61,111,76,52,116,81	2,2,2,1,4,5	63,43,61,64,95,29	256	232
22	54,87,51,43,57,61	61,111,76,52,116,81	46,24,37,46,68,33	63,43,61,64,95,29	217	232
23	20,21,18,21,19,17	20,31,30,14,38,29	16,16,18,19,25,9	30,18,36,41,24,15	188	206
24	61,114,77,74,110,105	19,37,30,38,53,38	77,93,63,102,116,44	37,28,22,51,43,20	611	285
25	87,140,81,106,136,101	33,65,30,60,90,69	107,81,91,67,102,39	70,37,46,42,75,30	250	222
26	15,27,22,25,24,30	47,70,42,41,77,56	24,24,23,38,34,19	49,38,47,87,101,25	201	271
27	61,82,94,57,108,56	20,23,25,25,23,22	69,47,39,66,77,23	24,21,17,33,50,11	219	177
30	20,21,24,27,46,46	9,33,7,7,19,20	48,18,33,47,52,19	6,4,4,6,19,4	251	260
31	518,678,564,540,740,668	129,157,147,133,166,193	523,390,494,784,685,263	136,87,113,170,210,70	566	234
32	29,33,34,15,46,51	30,63,40,32,47,30	50,35,34,41,52,23	45,31,33,43,68,23	197	218
33	14,32,26,15,39,19	42,76,53,31,59,46	26,21,13,25,36,6	71,60,48,58,83,24	169	202
34	8,32,16,16,19,37	155,293,231,193,251,288	38,10,21,18,39,9	231,195,220,237,296,100	244	234
35	96,113,76,72,98,101	60,146,80,57,93,69	62,47,46,86,87,32	77,59,57,96,77,28	247	225
36	41,52,38,37,65,59	117,137,101,104,160,116	45,29,43,74,83,28	129,112,106,163,216,69	220	290
37	20,32,56,26,40,41	16,47,48,34,51,52	26,27,29,51,48,18	24,46,34,82,68,24	193	201
38	19,34,24,22,21,21	25,68,37,52,41,59	15,12,17,49,29,10	42,50,35,49,54,15	208	263
40	52,94,61,58,86,52	50,63,55,59,71,60	40,33,38,66,79,29	30,27,43,60,36,18	208	216
41	25,32,22,21,23,16	37,39,40,39,61,41	20,11,33,32,42,12	55,37,50,43,63,28	198	264
42	24,27,24,14,14,15	23,32,34,13,32,30	15,13,13,24,22,8	29,12,22,25,36,5	248	271
43	395,522,617,579,854,636	461,761,772,813,1186,801	842,731,857,1296,1086,406	1217,1006,1122,1899,1596,645	575	575
44	464,891,597,490,706,529	358,568,400,391,536,403	569,337,531,538,644,188	402,243,318,440,457,118	195	206
45	39,45,49,22,57,43	28,47,53,36,65,50	26,16,38,40,53,20	49,41,39,85,60,22	273	301
46	15,23,12,23,21,14	37,45,40,39,51,35	18,9,16,8,31,4	50,26,27,39,41,17	193	266
47	30,71,55,40,58,61	237,325,273,187,356,326	54,42,50,40,61,21	241,178,198,285,331,119	220	230
48	405,524,438,345,580,439	78,122,73,48,88,76	417,278,334,412,576,215	97,63,87,105,124,41	230	193
49	418,677,439,366,572,378	438,633,584,462,743,541	602,451,456,514,600,206	629,463,496,730,714,300	226	272
50	36,54,42,40,50,60	40,51,57,47,52,75	43,30,19,55,59,19	55,35,49,63,58,16	226	220
51	147,234,195,187,236,221	147,195,198,209,235,240	246,186,244,287,309,116	239,204,218,264,319,133	253	265
52	15,22,29,11,26,14	0,0,0,0,0,0	34,12,13,21,29,11	1,0,1,0,0,0	209	209
53	15,22,30,10,25,14	24,39,29,32,48,29	34,11,13,21,31,11	30,30,31,56,47,11	209	209
54	1414,2281,1574,1628,2407,2282	1516,2414,1676,1788,2658,2267	1794,1149,1362,1296,2068,715	2187,1380,1648,1402,2222,960	416	419
55	198,319,228,187,312,234	2,4,4,2,13,7	234,246,301,332,417,147	9,5,3,4,11,7	354	299
56	4,7,6,1,0,2	3,4,4,5,0,4	0,1,6,3,3,1	1,0,2,4,6,2	242	242
57	80,118,67,80,93,73	92,145,102,99,124,108	91,59,88,92,109,34	120,84,76,86,156,60	211	260
58	19,29,22,17,14,22	36,50,36,26,54,60	12,15,12,19,23,0	24,14,23,36,56,19	217	238
59	58,96,85,76,105,124	19,28,21,22,43,34	44,64,53,89,81,33	11,17,21,20,42,9	401	226
60	383,575,424,361,593,562	89,161,114,89,176,139	423,334,339,463,562,183	139,81,98,102,149,64	373	214
61	5,4,2,1,5,6	57,98,69,54,105,58	7,4,2,4,7,2	74,58,56,112,87,36	183	278
62	23,25,36,25,27,27	59,98,69,54,105,58	18,24,18,28,20,12	74,57,56,112,87,37	183	278
63	84,151,137,97,162,126	51,69,59,63,91,54	123,105,114,158,178,64	37,53,45,74,45,14	255	203
64	14,19,11,13,22,12	107,129,109,88,157,112	27,13,21,27,50,4	92,66,93,132,132,33	251	212
65	5,20,14,27,27,14	175,200,174,155,242,180	22,31,31,40,42,33	164,123,149,197,280,92	183	212
66	58,83,50,50,86,76	64,76,69,64,95,88	59,51,71,81,117,39	72,62,64,79,111,27	212	202
67	38,39,45,50,63,47	94,145,106,66,142,86	32,25,23,48,53,10	62,44,47,83,87,23	252	247
68	12,16,8,10,14,12	100,191,129,112,127,138	10,10,8,10,16,7	121,77,111,162,163,48	704	875
69	1,1,0,2,4,1	554,934,719,624,1079,866	6,1,1,3,4,0	553,536,506,654,893,288	187	373
70	139,187,167,155,239,168	112,187,145,146,249,194	201,168,238,234,328,98	163,152,173,239,267,86	404	395
71	27,38,34,29,33,25	40,65,54,30,59,41	24,22,15,29,23,11	39,24,27,55,47,13	223	235
72	18,36,27,19,24,22	27,51,42,36,65,44	18,14,19,13,29,4	37,24,23,47,52,20	195	223
73	49,90,82,55,91,57	60,109,82,56,122,75	59,33,33,64,66,14	99,111,103,110,161,46	212	209
74	58,104,71,61,91,89	12,37,20,25,51,32	47,50,47,78,70,34	14,13,19,31,29,12	396	311
75	7,4,3,3,1,4	9,4,3,4,1,6	3,1,0,1,3,1	2,0,0,1,4,1	209	209
76	38,52,31,21,73,48	62,91,59,47,94,63	36,19,31,34,42,21	46,34,33,71,81,20	215	291
77	517,887,732,701,1079,847	1075,1832,1233,1145,1773,1419	615,478,550,629,824,293	1141,846,1008,998,1434,510	209	242
78	1662,2592,1961,1893,2419,2006	5,10,14,9,8,15	1487,1117,1368,1915,1995,593	9,15,5,6,12,6	1846	157
79	1658,2602,1990,1890,2449,2012	5,10,14,9,8,15	1501,1137,1386,1931,2028,599	9,15,5,6,12,6	1849	157
80	1693,2636,1996,1898,2476,2025	5,10,14,9,8,15	1504,1138,1388,1958,2047,614	9,15,5,6,12,6	1886	157
81	27,33,39,46,54,34	21,27,21,31,34,39	22,15,42,40,44,16	16,19,31,27,31,11	209	194
82	481,763,615,663,994,778	415,631,503,497,761,526	621,461,534,765,724,270	543,438,442,507,705,254	662	254
83	934,1473,1137,1196,1874,1501	415,631,503,497,761,526	1169,866,985,1419,1377,472	543,438,442,507,705,254	471	254
84	137,237,142,123,180,100	73,94,108,73,104,100	175,119,146,193,176,44	91,61,65,108,119,30	231	227
85	4,2,2,3,5,3	14,15,20,7,12,16	1,2,2,3,3,5	8,15,14,16,14,8	218	218
86	68,95,63,72,74,69	31,59,52,28,31,37	47,27,29,66,56,12	27,14,12,26,24,8	245	205
87	8,13,5,6,5,6	7,4,4,6,4,3	7,8,3,10,12,2	1,4,3,5,3,3	270	224
88	311,367,326,300,438,387	384,557,491,367,529,508	233,137,235,355,343,83	351,190,275,474,480,135	210	252
89	59,97,80,73,90,69	35,54,54,44,80,63	65,42,38,78,101,39	42,29,26,44,61,29	201	188
90	68,80,69,69,84,76	204,297,220,258,324,303	45,32,48,70,71,33	158,110,138,219,247,98	171	206
91	10,20,22,18,32,24	31,29,13,21,28,23	21,15,19,16,32,19	23,10,17,29,26,11	211	231
92	26,47,31,26,36,32	638,1021,863,788,1037,868	13,14,7,19,17,12	600,376,482,447,715,290	158	394
94	119,176,151,138,154,115	176,254,217,183,262,237	152,97,125,219,186,56	235,160,199,287,308,95	206	233
95	87,135,87,57,134,109	86,137,116,73,106,105	58,64,60,118,121,33	64,81,89,119,112,30	521	524
96	66,89,89,63,132,93	125,201,185,123,253,201	99,66,68,86,145,27	192,105,135,175,242,86	217	291
97	2,1,1,2,7,4	141,193,161,92,183,155	4,0,0,3,1,1	77,62,78,96,116,37	274	247
98	14,15,15,18,14,12	10,35,27,17,26,17	10,2,9,11,12,5	18,16,16,29,24,13	226	238
99	6,18,16,11,11,8	21,32,29,16,23,29	13,4,8,12,15,5	39,19,33,42,52,19	189	226
100	159,204,158,152,214,187	356,554,354,340,451,412	92,69,129,195,177,44	241,210,319,501,385,124	224	257
101	0,0,0,0,2,0	18,14,11,14,12,12	0,2,0,1,5,0	15,12,12,13,25,8	244	231
102	2,12,4,12,10,3	18,14,11,14,12,12	3,6,10,7,24,4	15,12,12,13,25,8	231	231
103	242,286,242,194,303,247	672,1014,774,767,1102,802	289,219,226,314,300,131	979,661,766,913,955,317	216	299
104	157,249,236,181,268,252	266,439,367,301,493,445	284,219,283,329,413,161	587,433,491,587,828,260	209	252
105	24,24,19,19,22,28	25,32,33,26,49,26	15,18,13,20,27,8	17,12,12,32,31,15	185	233
106	0,0,0,2,0,0	25,32,33,26,49,26	0,0,0,1,1,0	17,12,12,32,31,15	200	233
107	22,38,24,15,26,14	10,9,9,11,10,22	15,10,13,29,27,9	8,6,13,14,6,5	215	194
108	4088,7034,5597,5166,6913,5839	5757,9522,7529,6309,8866,8138	6995,5542,5737,6764,8624,3126	9449,7245,7852,9064,11741,4137	306	326
109	17,40,38,36,46,34	28,44,43,21,37,32	16,17,22,41,44,11	16,11,17,37,34,4	230	188
110	57,73,78,39,104,65	104,163,131,94,158,113	57,43,44,54,126,40	139,100,122,134,186,63	211	249
111	23,38,38,21,26,33	29,41,27,23,18,39	28,15,20,29,14,9	32,20,36,50,47,11	190	214
113	7,7,13,5,14,9	0,5,3,1,5,17	5,1,4,14,6,4	0,0,3,2,2,0	338	338
114	67,76,70,67,93,79	256,371,254,237,337,214	76,66,76,90,98,20	304,221,216,255,298,98	178	233
115	562,856,684,590,831,730	891,1264,1027,980,1412,1296	531,368,506,671,698,232	820,585,864,1047,1248,434	233	302
116	32,30,32,29,45,36	27,28,26,28,31,30	20,24,28,38,26,13	19,30,17,38,38,13	202	210
117	9,15,23,12,17,20	13,19,18,14,33,27	13,20,21,21,26,16	17,24,14,26,33,16	221	227
119	238,397,334,228,305,265	27,42,35,21,54,46	254,183,202,248,352,112	36,20,17,38,32,26	541	210
120	32,57,41,40,58,58	61,106,87,88,95,86	48,17,36,51,60,17	92,60,69,110,117,26	198	250
121	0,0,1,3,1,2	0,0,5,0,1,1	3,1,2,0,7,0	0,2,0,2,2,0	537	570
122	68,102,90,83,121,128	172,305,245,231,305,227	101,50,103,106,113,50	254,173,194,315,305,99	194	222
123	61,85,93,75,88,96	31,54,29,36,53,48	48,37,49,105,71,25	27,22,27,56,40,23	229	209
124	26,47,50,53,61,63	42,51,24,32,54,29	85,51,51,80,110,34	29,12,19,23,28,8	189	196
125	116,197,223,147,189,209	94,175,142,126,169,162	184,163,169,225,231,81	169,114,141,202,245,92	212	212
126	34,47,37,39,29,36	32,55,53,39,38,43	22,15,18,30,49,13	11,18,15,39,45,2	288	294
127	36,57,36,31,54,21	30,35,26,17,30,15	31,15,33,52,28,10	23,12,33,42,17,7	262	238
129	10,19,17,14,28,16	53,97,58,61,71,72	0,8,7,2,7,6	65,44,49,60,83,20	292	242
130	5,2,10,5,7,9	0,2,0,0,0,1	0,3,1,1,6,0	0,0,0,0,0,0	214	202
131	13,42,28,30,40,20	20,36,19,24,20,28	34,19,27,40,34,8	24,12,19,15,24,10	210	196
132	298,487,368,376,571,495	320,458,424,341,573,507	429,336,391,547,521,166	465,414,398,583,613,172	197	197
133	331,510,485,389,632,513	337,493,435,461,545,490	497,365,403,631,625,188	459,411,399,591,619,213	215	218
134	13,15,7,14,21,21	0,0,0,0,0,0	21,12,15,16,20,9	0,0,0,0,1,0	197	197
135	141,201,224,211,288,231	0,0,0,0,0,0	183,133,178,238,253,88	0,0,0,0,1,0	197	197
136	141,201,223,210,281,231	269,399,336,355,512,382	183,135,178,238,253,86	428,304,379,479,503,137	197	197
137	565,763,704,696,1083,905	274,350,333,346,465,375	785,579,667,919,980,326	393,279,262,434,465,145	197	197
138	13,15,7,14,21,21	274,350,334,346,465,375	21,12,15,16,20,9	392,279,262,434,466,145	197	197
139	141,198,223,208,281,233	274,350,334,346,465,375	183,133,178,238,253,86	392,279,262,434,466,145	197	197
140	225,337,331,283,489,462	272,326,400,338,518,500	321,242,290,467,399,151	394,304,336,464,483,174	215	212
141	141,201,224,211,288,231	13,15,7,14,21,21	183,133,178,238,253,88	21,12,15,16,20,9	197	197
142	141,198,223,208,281,233	13,15,7,14,21,21	183,133,178,238,253,86	21,12,15,16,20,9	197	197
143	141,197,223,208,281,233	187,249,213,202,341,315	183,134,178,238,253,86	263,160,203,336,294,110	197	197
144	8,7,7,6,5,7	31,29,28,22,41,29	3,5,2,4,6,3	15,15,24,33,20,8	247	198
146	215,404,251,278,367,266	83,97,74,78,106,81	274,214,273,268,377,98	78,57,71,70,88,40	284	206
147	137,210,158,115,184,166	46,68,57,53,65,74	127,96,111,131,162,53	44,32,43,62,63,14	239	215
148	10,14,6,10,12,12	35,30,61,36,76,49	8,2,7,6,4,6	41,43,34,77,64,24	210	212
149	2,5,6,7,6,3	35,30,61,36,76,49	0,1,1,1,1,1	41,43,34,77,64,24	254	212
150	1,0,1,1,1,1	10,22,16,22,21,22	0,2,0,0,0,0	14,13,8,18,19,8	208	260
