ID	IJC_SAMPLE_1	SJC_SAMPLE_1	IJC_SAMPLE_2	SJC_SAMPLE_2	IncFormLen	SkipFormLen	PValue
0	20,25,21,18,21,25	25,37,23,16,31,50	21,15,8,30,23,5	27,6,12,18,16,3	210	238	0.474277426048
1	35,59,47,47,61,52	29,41,36,26,26,38	50,37,56,71,57,19	19,28,40,28,52,22	217	196	1
2	0,1,0,0,1,0	56,91,61,67,101,64	0,0,0,0,0,0	47,46,47,68,75,24	283	298	1
3	3,4,8,15,9,6	56,91,61,67,101,64	10,10,15,4,9,1	47,46,47,68,75,24	262	298	1
4	3,11,4,0,10,7	36,63,48,41,57,38	8,5,7,7,10,3	33,31,31,60,65,18	230	230	1
5	0,2,0,1,0,2	0,2,6,1,1,0	0,0,0,0,2,0	0,1,0,2,4,1	263	298	1
6	186,348,224,184,246,228	59,94,52,64,70,89	224,167,168,262,262,70	63,41,47,90,64,18	239	203	1
8	125,187,155,153,185,214	82,122,88,88,113,101	161,147,135,217,209,73	73,71,80,92,133,47	255	216	1
9	72,126,74,103,81,113	267,414,204,292,325,200	79,87,98,134,127,58	328,271,307,289,332,122	216	229	1
10	19,23,20,17,35,19	17,34,33,23,36,30	35,10,19,22,21,8	21,15,16,23,32,15	197	196	1
11	30,40,21,34,24,50	18,35,41,25,32,32	17,15,25,28,40,10	28,18,24,32,33,11	235	234	1
13	260,415,292,238,386,360	7,16,21,6,26,15	255,202,237,303,418,100	16,5,12,13,11,5	216	167	1
14	146,240,201,152,270,218	110,215,146,159,207,147	169,152,164,268,233,95	133,96,109,171,221,62	224	197	1
15	11,17,31,9,11,14	24,44,27,35,30,40	8,8,3,19,29,12	11,12,27,29,22,15	201	298	1
16	102,161,136,142,199,176	68,71,96,71,102,103	118,85,108,136,176,49	73,36,65,109,110,28	259	206	1
17	4,16,4,5,12,7	13,29,25,17,25,19	4,0,4,0,5,0	5,9,13,8,11,9	266	259	0.602294457028
18	130,228,166,147,220,214	66,107,78,81,113,104	141,119,124,171,222,79	83,68,77,82,101,46	199	183	1
19	10,26,16,21,19,18	34,40,29,15,33,39	10,14,16,9,26,4	36,20,32,29,26,17	188	206	1
20	102,127,93,91,154,127	54,80,52,46,83,71	36,55,68,115,107,41	14,26,40,65,40,17	298	234	1
21	80,123,61,57,93,83	86,71,34,28,75,47	70,93,93,138,132,47	70,68,72,86,108,39	298	298	1
22	26,37,29,30,46,56	28,71,37,27,48,37	52,32,32,45,55,21	63,20,49,49,83,28	197	218	1
23	17,26,17,16,36,16	46,61,53,38,66,44	17,28,30,29,26,4	63,54,56,59,75,26	169	202	1
24	251,367,276,276,409,340	498,643,572,581,814,704	319,235,276,289,411,130	616,393,532,755,772,225	203	227	1
25	38,56,37,36,57,61	109,134,107,99,166,115	52,49,38,54,73,27	151,116,119,167,200,51	220	290	1
26	14,29,36,38,40,29	22,38,51,37,51,47	24,27,25,40,51,18	34,37,33,65,79,34	193	201	1
27	16,31,20,24,23,28	15,61,40,51,34,49	11,19,21,27,27,9	40,36,43,52,51,21	208	263	1
29	19,29,24,16,21,16	35,35,49,35,78,43	14,15,22,26,42,7	42,42,46,42,66,26	198	264	1
30	23,22,23,14,15,23	27,42,47,21,39,24	18,11,15,28,24,5	20,9,16,28,26,4	248	271	0.664680962048
31	104,209,181,222,347,239	170,287,244,265,383,301	302,219,275,482,403,129	409,315,391,556,490,216	298	298	1
32	50,62,70,36,83,65	3,5,4,1,7,10	65,31,56,86,100,24	1,2,0,3,0,1	274	298	1
33	492,900,584,476,756,514	356,566,425,360,536,387	634,333,546,529,570,159	385,272,316,452,462,131	195	206	1
34	38,44,51,23,57,46	34,55,46,41,57,44	39,29,34,48,50,19	45,44,38,73,48,22	273	298	1
35	11,17,13,26,24,21	25,48,50,33,49,35	12,10,19,10,24,3	45,28,29,44,47,13	193	266	1
36	30,70,50,36,53,71	229,313,284,196,327,323	51,35,41,40,59,21	245,123,212,266,358,126	220	230	1
37	353,549,442,362,568,425	73,119,72,47,105,88	421,284,353,467,591,249	90,64,84,98,143,47	230	193	1
39	9,16,32,11,32,29	29,44,33,36,40,33	35,13,20,29,36,6	30,24,28,61,51,10	209	209	1
41	9,16,32,10,32,29	27,30,30,37,55,33	34,12,19,29,36,6	21,18,28,44,50,18	209	209	1
42	786,1141,870,801,1250,1154	729,1280,934,897,1354,1178	1004,618,691,670,1063,374	1128,757,849,634,1236,455	298	298	1
43	5,11,6,2,3,7	0,2,1,4,4,2	8,1,1,3,2,0	1,1,0,4,3,0	194	201	1
44	6,9,6,6,5,4	0,2,1,4,4,2	4,0,1,4,4,0	1,1,0,4,3,0	298	201	1
45	121,208,175,122,208,167	2,1,3,1,5,12	160,139,200,179,285,119	10,7,5,7,23,5	298	298	1
46	5,4,4,1,0,1	4,2,7,5,0,11	1,3,0,8,2,0	3,2,1,3,6,2	242	242	1
47	82,87,64,83,111,65	97,130,87,112,120,113	105,73,73,88,118,30	101,83,78,100,129,54	211	260	1
48	35,50,55,39,58,44	131,179,162,150,167,124	50,38,41,35,62,26	124,115,124,142,192,80	205	280	1
49	21,19,23,18,21,23	31,57,34,29,47,52	13,12,13,20,16,0	37,18,31,36,37,17	217	238	1
51	5,10,7,10,14,15	11,8,14,6,7,10	6,3,5,6,4,1	2,3,8,7,1,1	215	210	1
52	14,26,15,19,21,16	45,78,61,55,63,54	9,8,9,23,14,17	36,33,36,75,72,23	238	221	1
53	5,0,6,10,8,2	761,1347,1043,1193,1881,1069	5,3,14,11,9,6	1750,1252,1316,1234,2028,757	223	298	1
54	6,3,4,3,3,6	53,111,72,60,90,70	5,4,2,6,3,2	52,51,55,94,95,25	183	278	1
55	26,22,23,24,21,24	55,111,72,60,89,70	19,23,28,23,16,10	52,51,56,94,95,25	183	278	1
56	37,54,39,43,78,43	198,262,214,154,314,232	40,28,56,40,62,20	239,173,193,233,280,89	181	281	1
57	10,12,14,8,24,17	99,143,99,105,143,127	26,17,20,23,38,9	98,53,97,103,131,47	251	212	1
58	8,25,14,20,21,14	154,218,153,144,244,219	31,28,34,37,44,17	179,129,167,188,271,83	183	212	1
59	60,90,46,52,108,87	63,83,74,56,89,82	66,67,70,88,110,39	74,48,53,73,107,41	212	202	1
60	40,50,58,40,59,49	102,154,95,75,145,105	21,20,24,48,48,16	54,41,53,97,96,35	252	247	1
61	1,0,0,1,0,0	9,16,10,21,16,24	0,3,1,1,2,1	4,6,10,9,13,8	298	298	1
62	0,1,2,2,5,4	369,629,510,450,825,657	5,0,0,1,2,0	439,386,321,460,596,215	187	298	1
63	1264,2049,1401,1331,1681,1631	1058,1602,1032,988,1315,1122	2196,1605,2050,2182,3029,1051	1704,1183,1520,1547,2381,821	259	240	1
64	86,94,71,99,135,94	58,105,72,70,120,94	116,99,118,117,181,53	99,86,100,126,145,51	298	298	1
65	50,85,62,52,82,46	63,100,87,72,103,63	56,37,34,71,57,17	95,103,91,97,142,54	212	209	0.457317846425
66	31,38,36,49,56,36	19,28,33,40,45,35	34,20,42,57,50,22	24,30,21,58,52,13	267	208	1
67	33,48,34,48,42,62	22,20,17,32,46,36	23,37,23,31,45,21	24,20,19,37,27,10	298	298	1
68	525,889,694,695,1057,889	1053,1785,1291,1150,1778,1383	665,507,558,620,881,293	1238,812,1051,1016,1453,462	209	242	1
69	19,26,31,23,31,29	59,84,83,66,89,101	17,17,33,21,22,13	64,39,37,67,79,22	298	251	1
70	40,46,23,45,39,50	8,9,16,6,15,19	17,9,12,33,29,11	11,11,6,9,13,5	298	157	0.583035740739
71	52,42,43,42,52,42	8,9,16,6,15,19	32,12,42,46,58,25	11,11,6,9,13,5	298	157	1
72	40,48,48,37,55,56	8,9,16,6,15,19	30,16,37,52,36,23	11,11,6,9,13,5	298	157	1
73	3,3,1,1,4,2	11,27,19,8,15,20	0,0,4,3,4,3	11,17,8,18,16,9	218	218	1
74	286,413,365,292,399,391	389,579,481,376,571,496	239,151,222,379,317,83	363,222,301,489,481,130	210	252	1
75	62,84,83,69,110,77	35,52,66,47,74,71	46,38,52,84,99,42	45,31,36,54,70,19	201	188	1
76	64,74,77,67,86,82	210,281,231,264,300,313	50,35,50,69,69,34	181,110,143,197,227,115	171	206	1
77	19,31,28,26,37,35	425,652,513,439,677,524	23,11,11,29,16,9	401,259,314,294,449,173	158	298	1
79	71,113,77,64,123,105	111,161,147,111,216,192	97,79,67,68,129,44	152,108,143,172,264,69	217	291	1
80	2,1,0,1,1,4	130,187,187,118,157,165	0,0,0,3,0,0	86,43,85,94,128,30	274	247	1
81	506,786,661,593,863,755	285,431,348,279,368,407	536,403,502,556,794,224	422,270,333,394,554,160	281	198	1
82	12,17,13,15,19,12	24,35,21,20,20,15	10,5,11,11,16,2	11,19,17,18,23,17	226	238	1
83	162,240,164,153,215,188	336,570,356,347,458,390	95,85,141,190,176,47	268,182,322,487,400,129	224	257	1
84	0,0,0,0,1,0	15,24,8,12,13,15	0,0,0,2,4,0	12,8,18,14,36,7	244	231	1
85	5,19,4,13,8,2	15,24,8,12,13,15	4,8,12,5,23,8	12,8,18,14,36,7	231	231	1
86	218,315,223,231,351,245	626,931,757,679,1068,712	232,214,234,286,308,135	901,639,653,796,935,317	216	298	1
87	58,71,66,87,93,75	54,96,80,68,89,95	72,47,64,84,78,42	82,47,54,94,103,38	219	237	1
88	21,22,19,20,29,16	27,31,24,29,46,25	20,15,16,21,23,6	18,13,16,34,44,13	185	233	1
90	45,83,48,40,82,55	31,31,27,28,55,33	37,21,29,48,51,20	30,28,27,33,40,12	257	222	1
91	15,42,34,36,55,41	29,37,35,23,44,34	16,19,21,48,33,16	19,15,18,38,30,5	230	188	1
92	59,86,56,53,92,61	118,160,119,98,162,109	58,52,49,63,121,36	146,109,118,133,190,68	211	249	1
93	21,37,39,16,23,28	29,40,39,27,21,32	36,18,19,17,24,5	24,18,27,34,41,10	190	214	1
95	8,12,3,3,15,11	0,2,0,0,3,1	2,2,2,10,4,5	0,0,1,0,3,0	298	298	1
96	159,284,267,216,290,295	113,196,172,143,170,162	226,142,203,329,339,85	118,97,168,234,170,75	216	200	1
97	79,86,85,66,96,79	249,422,277,225,303,225	73,64,58,77,97,26	302,210,274,242,308,122	178	233	1
98	115,183,182,121,177,180	62,81,73,60,98,70	129,117,109,143,164,62	63,37,54,62,64,39	202	178	1
99	460,696,649,550,828,679	640,1036,979,933,1256,1159	727,448,509,620,668,276	1054,696,779,1084,1213,431	237	279	1
100	552,845,705,592,820,701	834,1271,1010,884,1360,1171	571,390,464,633,698,247	821,526,767,966,1223,417	233	298	1
101	31,31,35,34,37,38	37,26,33,28,29,34	14,20,21,32,42,18	13,31,24,40,35,15	202	210	1
102	20,11,19,11,11,16	11,28,21,14,26,26	17,19,9,15,26,13	19,20,15,20,38,13	221	227	1
104	96,147,119,87,143,116	30,48,37,30,42,39	101,57,84,98,166,42	46,23,24,33,31,21	298	210	1
105	0,0,0,0,0,0	0,1,1,0,0,1	0,0,1,1,3,0	3,0,0,0,0,0	298	298	1
106	76,100,83,85,134,133	169,305,239,196,321,223	105,59,96,104,119,53	256,171,194,290,286,111	194	222	1
107	838,1322,1079,1046,1526,1226	152,249,221,183,224,184	1093,769,951,1216,1465,517	206,154,165,205,279,97	286	225	1
108	41,63,58,45,52,65	34,49,31,31,49,37	72,59,49,75,98,37	29,15,22,27,27,12	189	196	0.0520964967817
109	119,182,172,143,180,219	110,147,138,112,154,156	167,178,138,221,207,84	162,141,142,195,214,68	212	212	1
110	41,62,52,48,61,64	51,124,78,61,103,60	51,40,45,73,66,19	87,45,81,118,98,30	201	201	1
111	22,33,29,22,42,25	31,38,30,21,38,35	15,11,21,25,23,2	14,9,17,29,25,22	298	281	1
112	23,19,24,21,22,20	24,34,33,35,38,14	6,5,14,11,10,8	15,9,17,21,17,5	228	298	1
113	0,2,1,0,3,1	12,18,19,14,25,10	1,0,1,0,0,0	9,9,10,13,16,2	157	228	1
114	229,292,265,255,337,361	340,472,395,324,498,488	254,157,203,291,331,142	315,283,296,404,485,181	272	298	1
115	17,33,22,24,31,35	246,453,319,304,472,359	22,17,21,33,38,15	318,247,276,356,411,139	197	298	1
117	33,28,51,43,45,32	31,43,46,44,37,49	35,23,29,41,44,9	17,18,27,40,56,5	288	294	1
118	41,54,48,35,51,36	32,32,49,20,28,15	32,14,24,52,38,8	24,14,25,35,31,12	262	238	1
120	11,20,16,18,16,15	51,80,71,51,78,62	3,13,4,5,10,4	76,35,52,57,93,30	292	242	1
121	3,9,5,1,8,4	0,3,0,1,0,0	3,3,3,1,5,0	0,0,0,0,0,0	214	202	1
122	99,134,110,96,144,95	30,53,28,25,30,29	102,80,97,127,141,56	32,20,23,38,33,9	298	215	1
123	17,18,15,15,9,9	20,38,20,24,19,15	8,2,6,8,12,5	13,11,11,19,6,10	298	228	1
124	279,449,426,407,622,493	303,406,444,388,564,529	417,344,345,558,541,193	460,368,399,546,591,188	197	197	1
125	190,262,284,263,378,410	303,406,444,388,564,529	313,237,238,364,353,149	458,368,399,547,591,188	197	197	1
126	332,383,410,357,674,549	376,442,463,438,557,523	454,295,359,547,513,183	487,359,417,565,626,215	224	218	1
127	311,479,435,438,665,509	181,307,259,233,363,321	479,367,410,600,597,178	276,213,248,368,389,123	215	197	1
128	141,185,205,161,267,214	247,375,323,354,564,352	209,124,169,252,226,67	435,313,362,496,515,149	197	197	1
129	570,718,689,656,1081,922	244,329,348,301,482,371	757,503,663,921,917,313	403,263,283,400,416,158	197	197	1
130	0,1,0,1,0,0	244,331,348,301,482,371	0,1,0,0,0,0	401,263,283,400,417,158	197	197	1
131	141,185,206,161,263,214	244,331,348,301,482,371	209,124,169,252,226,67	401,263,283,400,417,158	197	197	1
132	263,330,378,306,500,439	274,326,357,331,543,518	299,252,314,457,419,166	395,263,320,470,449,181	215	212	1
133	141,183,205,164,268,214	0,2,0,1,0,0	211,125,169,254,226,67	0,0,0,0,0,0	197	197	1
134	141,185,206,161,263,214	0,1,0,1,0,0	209,124,169,252,226,67	0,1,0,0,0,0	197	197	1
135	141,183,205,161,263,217	176,232,225,199,355,304	209,124,169,252,226,67	241,163,207,334,278,92	197	197	1
136	218,268,322,234,417,391	345,440,428,395,638,572	311,226,294,412,388,162	432,348,383,562,572,195	215	215	1
138	217,396,233,236,381,269	67,121,74,63,94,76	287,184,262,266,368,101	72,52,71,63,104,32	284	206	1
139	8,7,2,1,4,3	66,110,77,72,118,94	2,0,4,5,7,3	91,58,48,91,102,45	157	298	1
140	12,13,13,8,20,21	0,10,2,2,8,6	10,6,7,10,10,5	3,2,3,3,4,1	183	157	1
141	13,26,21,18,18,20	63,80,83,73,114,79	15,12,8,14,16,5	73,38,47,67,118,30	252	249	1
142	430,663,579,516,842,719	159,255,208,181,300,239	569,444,529,694,758,284	215,162,168,216,276,106	298	183	1
143	14,11,3,5,12,9	9,11,7,9,13,6	2,7,2,12,15,2	4,1,3,8,6,1	298	298	0.538432451414
144	9,8,9,10,9,13	35,62,61,43,70,63	3,14,6,7,5,4	48,37,34,56,66,24	210	212	1
145	2,2,4,3,5,2	35,62,61,43,70,63	0,2,1,2,2,2	48,37,34,56,66,24	254	212	1
146	33,51,48,50,66,73	32,43,34,47,39,52	41,39,35,68,59,38	35,22,32,69,41,21	297	258	1
