IJC_SAMPLE_1	SJC_SAMPLE_1	IJC_SAMPLE_2	SJC_SAMPLE_2	IncFormLen	SkipFormLen
4148,3647	1,9	1834,1230	3,0	188	99
61,33	0,2	16,14	0,0	165	99
484,382	0,0	325,177	1,0	296	99
228,157	1,0	98,57	1,1	140	99
218,231	1,2	108,63	2,0	188	99
1005,863	2,0	584,329	2,1	179	99
1128,979	3,0	619,421	0,1	180	99
11,2	76,49	0,1	25,19	120	99
2007,1907	0,2	666,430	0,0	163	99
249,251	124,98	74,34	94,67	157	99
154,125	4,0	74,49	0,0	193	99
1620,1110	7,0	753,347	7,3	219	99
31,12	11,0	10,10	8,12	229	99
373,343	1,0	199,117	0,0	249	99
3801,3630	0,0	1605,1236	0,1	2955	99
719,564	5,6	311,205	1,1	212	99
230,166	0,0	83,26	1,0	133	99
532,463	0,0	218,180	1,2	247	99
316,260	0,0	273,117	1,0	238	99
0,0	5,13	1,0	2,0	229	99
351,292	9,1	186,130	3,0	169	99
586,449	0,4	227,152	0,0	202	99
131,103	5,0	50,24	0,2	152	99
139,126	5,0	47,35	0,2	155	99
58,25	11,2	0,2	3,0	161	99
39,14	6,0	6,1	1,0	141	99
14,7	1,0	12,2	0,1	363	99
12,4	1,0	3,3	0,1	147	99
499,437	2,0	271,158	0,0	140	99
95,107	0,2	25,17	0,0	136	99
1583,1563	1,0	781,597	0,0	233	99
1017,938	5,0	539,330	0,3	154	99
953,856	6,1	562,321	0,0	145	99
335,367	0,0	248,158	1,1	146	99
408,381	0,1	281,184	0,0	167	99
189,170	0,2	70,66	1,0	186	99
266,304	1,1	126,103	1,1	188	99
6377,5246	1,0	2827,1814	1,0	142	99
3,7	122,88	8,4	44,33	128	99
22,14	122,88	18,10	44,33	132	99
905,848	12,6	417,275	0,1	167	99
470,431	12,6	208,159	0,1	173	99
6624,4174	3,0	3486,1731	0,0	733	99
1904,1620	3,0	1260,749	0,0	169	99
792,576	0,1	424,208	0,0	170	99
249,141	0,0	100,54	0,2	174	99
391,303	0,0	94,60	1,0	216	99
1258,975	4,1	611,288	2,0	117	99
10686,11472	40,36	4383,3339	14,15	166	99
34,20	646,467	12,0	233,128	245	99
417,355	0,0	275,160	5,0	210	99
16,18	1,0	19,8	0,0	146	99
19,9	4571,4205	10,3	1808,1149	164	99
874,617	0,1	431,244	0,0	197	99
386,291	0,1	206,117	0,0	236	99
1790,1393	1,1	1146,678	0,0	231	99
1005,841	1,0	604,406	0,0	131	99
336,346	56,64	131,124	42,27	442	99
94,71	216,193	32,38	98,64	157	99
79,76	216,193	41,32	98,64	160	99
2558,2279	1,0	1582,945	0,0	258	99
1908,1320	0,1	1273,619	0,0	174	99
575,542	1,0	328,225	3,0	195	99
128,158	0,2	78,48	0,0	155	99
436,283	0,2	163,98	0,0	172	99
42,26	4,5	6,14	6,1	249	99
37,21	1,3	11,13	0,0	249	99
147,108	1,0	81,29	0,0	237	99
107,92	0,2	68,41	2,0	169	99
4342,4781	0,2	3442,2213	0,0	208	99
26,49	0,1	21,11	0,0	233	99
99,135	0,1	67,30	0,0	212	99
109,141	2,9	78,38	0,1	212	99
29,16	2,9	6,7	0,1	169	99
45,50	27,43	18,12	23,14	169	99
1382,1255	2,0	657,504	0,0	170	99
464,516	1,0	212,177	0,0	192	99
674,590	0,0	368,251	1,0	177	99
254,201	0,0	129,93	3,0	198	99
69,37	23,11	36,15	6,3	147	99
908,428	3,2	353,215	2,1	334	99
8,17	0,1	10,7	0,1	161	99
554,404	3,0	370,177	1,0	244	99
164,162	1,0	94,85	0,0	144	99
84,49	1,0	44,41	0,0	144	99
175,171	1,0	130,82	0,0	351	99
50,74	1,0	27,12	0,0	139	99
129,180	0,0	77,56	2,1	139	99
412,338	10,4	223,137	25,8	155	99
486,515	0,1	208,154	0,0	159	99
511,484	3,0	388,258	0,0	174	99
323,316	5,0	195,103	1,1	189	99
60,45	15,20	42,25	10,14	146	99
80,49	25,18	48,30	13,3	146	99
18,22	25,18	18,18	13,3	144	99
13,21	41,20	23,7	20,11	144	99
625,538	0,2	333,186	0,0	309	99
629,580	0,1	354,200	0,0	318	99
805,726	0,2	433,250	0,0	318	99
41393,42386	0,3	15870,10694	0,0	3668	99
2,1	58,26	0,0	14,15	241	99
200,168	0,4	128,105	6,2	279	99
45,34	3,0	5,6	0,1	206	99
1211,979	0,1	679,430	0,0	121	99
491,358	0,1	254,147	0,0	168	99
2044,1256	65,38	1389,963	24,5	195	99
8,4	2,3	8,0	2,1	188	99
423,412	1,1	130,107	0,0	287	99
263,247	1,1	52,59	0,0	206	99
187,141	28,23	115,81	9,11	160	99
334,224	1,0	142,52	0,0	143	99
1,5	19,27	0,4	4,5	176	99
282,216	0,0	172,78	0,1	141	99
238,239	1,0	195,109	0,0	211	99
478,462	2,1	302,173	0,0	184	99
28972,26710	0,3	20287,12383	1,1	381	99
27,21	1,0	5,3	0,0	133	99
425,386	0,0	204,137	2,0	154	99
14037,11257	1,1	7858,4524	0,0	992	99
21,11	85,45	10,6	27,19	180	99
30,19	2,0	10,10	0,0	180	99
151,92	2,0	73,36	0,0	180	99
79,51	17,15	49,19	3,6	180	99
580,500	1,4	287,144	1,2	141	99
686,590	2,3	197,158	3,3	146	99
121,100	0,1	105,43	0,0	235	99
13,4	19,10	7,4	4,2	162	99
271,231	0,1	121,75	0,0	153	99
36,27	0,3	11,8	0,0	155	99
42,37	1,7	36,10	3,0	164	99
35,32	2,0	27,9	0,0	164	99
747,737	2,0	502,308	0,0	862	99
824,812	2,0	550,346	0,0	890	99
716,681	2,0	471,287	0,0	564	99
468,356	0,2	245,139	0,0	179	99
29,46	0,0	12,9	1,0	170	99
3124,2877	1,0	1599,986	0,0	311	99
453,374	51,51	282,137	20,20	140	99
163,148	0,0	83,56	0,1	267	99
262,191	7,4	108,53	2,0	182	99
212,133	0,0	78,58	2,0	172	99
5,11	0,2	4,4	0,0	292	99
137,120	9,3	94,46	0,2	213	99
63,58	1,0	48,33	0,0	187	99
411,263	2,0	187,63	0,0	228	99
1083,1229	0,1	490,324	0,0	153	99
561,500	7,9	307,203	2,0	317	99
204,141	0,0	103,58	3,0	184	99
0,2	4137,3935	0,0	2136,1314	144	99
485,412	0,0	271,127	0,1	158	99
83,56	0,0	42,20	1,0	168	99
267,205	4,0	99,58	0,0	154	99
42,28	45,31	21,19	26,10	170	99
36,30	30,27	20,17	18,12	170	99
71,50	45,31	40,32	26,10	142	99
52,37	30,27	29,19	18,12	142	99
284,290	0,2	137,98	0,0	202	99
669,703	2,0	243,243	1,0	222	99
653,650	8,0	269,270	6,0	218	99
401,423	26,24	138,120	7,14	145	99
0,0	36,28	0,1	15,9	252	99
110,94	0,1	21,8	0,0	245	99
109,67	0,3	33,28	3,0	205	99
182,197	4,2	107,61	2,1	190	99
726,522	5,1	543,330	2,1	158	99
1,2	278,246	0,0	124,85	218	99
8409,8922	0,0	4784,2949	0,1	222	99
7261,7377	0,4	3574,2904	3,0	156	99
75,70	5083,5259	56,37	2452,2049	172	99
13652,9350	1,0	7686,4059	0,0	228	99
25,22	254,249	3,9	135,112	193	99
231,153	2,0	125,82	2,0	166	99
4770,4831	1,1	3613,2294	1,0	183	99
654,684	1,0	292,165	0,0	197	99
43,46	0,0	20,19	1,0	182	99
577,427	1,0	143,101	0,0	199	99
103,85	2,0	77,31	1,0	158	99
2,8	0,1	1,0	6,0	240	99
352,279	118,73	260,130	48,41	306	99
680,600	1,0	537,308	0,0	592	99
221,160	1,0	123,90	0,0	159	99
0,0	0,1	1,1	5,0	180	99
2540,2323	0,1	1548,860	0,0	171	99
263,192	0,1	136,75	0,0	270	99
234,218	0,0	130,95	0,1	161	99
226,260	20,6	170,102	4,4	213	99
6,0	304,266	1,1	164,105	148	99
746,566	0,0	382,238	0,2	230	99
27,41	50,40	13,6	38,24	123	99
167,149	0,1	47,55	0,0	142	99
128,102	0,0	82,36	0,1	173	99
2,1	266,211	0,0	95,65	185	99
162,111	6,6	76,56	5,3	160	99
108,160	83,52	57,56	44,33	135	99
295,270	0,0	142,77	1,0	138	99
183,211	1,0	92,60	0,0	141	99
106,110	0,1	45,23	0,0	182	99
167,126	2,0	80,47	0,0	182	99
1375,1262	24,5	521,397	9,3	194	99
749,719	2,0	277,204	1,0	140	99
600,657	0,2	367,209	0,0	179	99
173,156	0,1	103,58	0,1	128	99
161,162	1,0	118,61	0,0	240	99
31,30	125,117	6,9	50,48	181	99
2181,2254	3,0	1256,772	0,0	718	99
2625,2712	3,0	1561,936	0,0	760	99
178,194	13,17	140,66	6,3	187	99
2815,1950	2,3	1872,909	5,2	197	99
1231,1048	1,0	574,326	0,0	171	99
838,841	0,1	424,264	0,0	276	99
7,19	73,109	14,10	49,34	179	99
343,155	0,0	230,99	0,1	129	99
855,926	1,0	379,242	0,0	154	99
395,400	1,0	147,98	0,0	170	99
1597,1079	0,0	711,368	0,1	151	99
80,57	5,4	21,16	4,0	218	99
1194,949	0,0	582,335	0,1	179	99
59,34	2,0	8,7	0,0	239	99
1105,930	2,0	504,266	0,0	223	99
249,318	0,5	172,63	0,0	134	99
1356,1498	0,5	941,603	0,0	179	99
1722,1454	0,0	1090,537	2,0	159	99
6,1	0,1	1,0	0,0	155	99
3,2	0,0	1,2	1,0	188	99
1470,1461	15,12	381,364	0,0	192	99
745,781	15,12	208,196	0,0	185	99
3797,3155	2,0	1842,983	1,0	334	99
5486,4649	2,0	2695,1501	1,0	308	99
294,263	0,1	138,91	0,0	134	99
224,249	2,0	136,77	0,0	173	99
147,126	392,338	43,21	198,98	105	99
297,177	9,0	296,103	3,4	161	99
516,466	4,0	271,213	0,0	187	99
14,15	0,0	8,8	0,1	162	99
327,395	0,1	175,100	0,0	144	99
699,576	4,7	298,184	1,2	176	99
116,99	5,2	55,48	0,2	188	99
261,296	5,2	134,98	0,2	197	99
454,514	0,1	241,162	0,0	169	99
1132,1110	0,1	565,346	0,0	166	99
424,286	5,0	169,112	0,0	194	99
340,177	3,0	137,76	0,0	152	99
271,261	1,11	79,75	0,0	158	99
3244,2969	3,0	1826,1302	0,0	238	99
1636,1554	3,0	939,686	0,0	232	99
201,173	1,0	85,67	0,0	204	99
253,281	0,1	175,99	0,3	332	99
455,445	1,0	221,152	0,0	186	99
6,4	0,1	0,1	2,0	159	99
205,189	2,0	76,49	0,0	218	99
123,153	0,0	79,41	0,2	209	99
62,73	0,0	41,30	0,2	195	99
17,6	688,561	7,4	510,390	226	99
41,48	1,0	12,15	0,0	152	99
3908,3134	0,0	2310,1240	0,1	153	99
32,22	0,1	11,0	0,0	191	99
125,97	2,0	77,36	0,0	217	99
99,72	3,0	50,37	0,0	147	99
223,213	0,1	112,64	0,0	146	99
204,202	1,0	127,83	0,0	157	99
1,0	18,33	1,0	25,27	159	99
81,47	1,2	41,26	1,0	141	99
526,506	0,1	249,203	0,0	134	99
210,233	3,1	121,72	0,1	277	99
854,684	3,3	410,240	6,0	161	99
382,192	2,0	598,332	0,0	179	99
1087,740	2,0	950,468	0,0	216	99
229,254	0,1	143,84	0,2	225	99
207,156	0,1	133,68	1,0	144	99
862,731	1,0	479,332	0,0	180	99
3,12	0,0	2,1	0,2	170	99
465,396	0,1	268,144	0,1	141	99
651,456	7,3	360,178	4,0	149	99
114,101	0,0	44,25	1,0	156	99
787,598	79,50	387,227	28,15	140	99
295,302	4,0	116,70	0,5	156	99
663,615	0,1	271,196	0,0	216	99
690,599	1,0	413,227	1,0	128	99
200,204	0,0	150,69	1,0	141	99
64,81	0,0	65,26	1,0	483	99
157,174	0,1	91,59	0,0	181	99
32882,31171	2,0	17610,11886	0,0	222	99
784,597	907,655	489,221	412,176	524	99
19,13	0,0	9,9	0,1	210	99
11,7	2,0	3,3	0,0	210	99
12,11	2,0	9,7	0,0	203	99
21,17	1,0	15,12	0,0	203	99
80,82	1,3	24,33	0,0	328	99
234,204	0,0	115,64	1,0	195	99
0,2	101,179	0,0	5,2	171	99
141,256	3,0	6,3	0,0	141	99
35,24	2,0	12,6	0,0	163	99
178,171	3,0	84,70	0,0	146	99
816,692	2,5	362,186	2,0	122	99
70,88	0,0	48,20	0,1	144	99
23,17	5,1	20,7	0,0	165	99
22,15	47,24	13,7	21,19	165	99
124,120	0,0	131,84	0,1	170	99
18,24	0,0	17,13	0,1	129	99
344,391	0,0	225,175	1,0	165	99
1009,747	0,1	1305,778	0,0	180	99
358,320	0,1	293,144	0,0	155	99
313,257	0,1	185,98	0,0	175	99
41,18	140,103	25,8	102,43	101	99
1130,1072	19,15	688,438	6,7	159	99
30,22	189,113	4,2	70,35	217	99
40,30	189,113	7,2	70,35	229	99
856,691	4,1	334,245	0,0	137	99
431,320	1,0	161,107	0,1	143	99
13069,13554	1,0	6626,4542	0,0	324	99
1,0	40,25	1,0	6,1	186	99
64,60	1,0	41,17	0,1	191	99
2,0	2141,1970	3,0	1510,797	198	99
1945,1375	3,6	873,552	2,1	117	99
2868,2139	0,0	1314,787	1,1	166	99
450,308	3,0	159,99	5,1	130	99
3119,2495	0,2	1940,1184	0,0	225	99
645,766	0,1	413,300	0,0	132	99
2890,3015	5,11	656,497	0,0	430	99
661,531	1,0	355,211	0,0	147	99
303,219	91,73	220,138	35,22	197	99
218,193	29,10	148,81	9,5	200	99
935,958	7,0	417,315	0,0	156	99
2059,1566	1,0	1050,577	0,0	162	99
128,142	1,0	74,72	0,0	240	99
165,184	5,1	89,72	1,0	150	99
442,427	0,1	243,166	0,0	117	99
601,516	1,2	370,181	0,0	174	99
307,230	0,0	283,206	0,1	198	99
133,104	0,0	133,88	0,1	340	99
802,812	0,0	433,324	0,2	602	99
60,38	2,0	61,21	0,0	175	99
475,405	2,1	239,134	0,0	234	99
2452,2665	0,0	1891,1011	1,0	159	99
2072,1738	0,2	1383,751	0,0	118	99
27,36	113,114	8,9	66,62	254	99
28,38	113,114	4,7	66,62	240	99
1590,1664	0,2	1043,759	0,0	198	99
1394,1135	1,0	739,483	1,0	140	99
501,351	0,0	340,159	1,0	142	99
632,603	2,8	381,213	1,0	183	99
60,50	0,0	21,22	2,0	276	99
159,105	1,0	90,59	0,0	176	99
864,660	5,4	699,560	2,3	233	99
1073,755	4,0	428,275	0,0	281	99
210,181	0,3	99,84	0,0	159	99
3862,2898	0,0	2289,1454	0,5	225	99
18,17	2,0	17,14	0,0	123	99
2118,2039	0,1	904,623	0,0	202	99
20,41	704,608	12,1	468,267	189	99
2008,1657	8,11	1220,679	2,7	174	99
2264,2023	1,0	1266,813	0,0	162	99
734,591	3,5	409,289	1,5	133	99
420,470	0,1	259,154	0,0	190	99
92,86	5,1	47,43	3,5	175	99
3987,3617	0,0	1939,1256	2,0	207	99
1036,894	0,0	582,301	2,0	201	99
274,284	0,1	120,67	0,0	198	99
1451,1545	1,0	807,550	0,0	147	99
130,123	162,125	58,44	64,32	191	99
424,481	162,125	181,116	64,32	172	99
129,120	162,125	99,50	64,32	115	99
6291,5146	0,3	2342,1566	0,0	195	99
768,745	2,0	517,330	0,0	194	99
2726,2050	0,0	1502,855	1,0	333	99
3701,3032	0,0	2008,1195	1,0	324	99
435,405	1,0	246,170	0,0	312	99
76,75	1,0	13,10	0,0	141	99
28,39	1,0	3,6	0,0	166	99
20278,16806	2,0	12039,8375	0,0	210	99
18785,14303	0,0	10911,7020	2,0	204	99
1029,974	4,1	515,312	1,1	209	99
122,113	8,13	46,43	1,2	120	99
41,52	8,13	22,10	1,2	158	99
6,12	2,1	3,1	0,0	164	99
376,313	0,0	193,150	1,0	182	99
574,554	188,140	279,194	79,44	286	99
524,538	188,140	287,193	79,44	265	99
117,116	188,140	70,52	79,44	136	99
508,571	7,5	232,156	0,2	122	99
1242,1147	1,0	635,426	0,0	247	99
166,144	0,0	95,51	3,0	157	99
471,419	0,0	233,150	3,0	168	99
632,573	0,2	251,166	0,0	172	99
1500,1235	0,0	776,467	1,0	208	99
1187,1030	4,0	511,343	3,0	183	99
77,65	23,18	20,14	21,13	141	99
115,125	1,0	68,52	0,0	141	99
167,183	269,376	163,55	266,108	151	99
496,424	269,376	343,176	266,108	164	99
349,235	29,26	172,110	1,5	164	99
135,122	0,0	50,40	1,0	132	99
3,0	373,377	0,0	133,102	240	99
479,402	0,2	279,207	0,0	195	99
343,364	11,4	201,108	3,0	135	99
983,851	0,1	644,450	0,0	168	99
280,190	1,0	104,59	0,0	334	99
196,149	0,1	84,49	0,0	208	99
21,30	15,11	8,7	15,9	168	99
15,8	710,599	2,3	304,193	168	99
64,60	6,4	48,20	0,0	160	99
279,182	1,0	119,69	0,0	126	99
715,525	13,11	449,220	9,0	214	99
1287,1074	18,5	911,493	6,6	356	99
3937,3489	1,2	1651,1141	2,1	147	99
1798,1566	0,0	761,562	2,0	147	99
2,2	33,24	1,2	9,10	147	99
48,46	2,0	15,12	0,0	216	99
139,94	4,1	56,34	0,0	209	99
812,616	1,0	397,208	0,0	140	99
9946,9956	1,0	7015,4363	0,0	290	99
1435,1157	1,0	776,378	1,0	208	99
152,138	0,0	102,63	0,2	141	99
388,315	0,2	219,135	0,0	262	99
356,255	1,0	184,114	0,0	152	99
24,37	276,347	6,6	154,111	277	99
27,34	276,347	9,7	154,111	353	99
1,1	276,347	0,0	154,111	179	99
554,499	0,0	263,205	2,0	181	99
487,465	0,3	239,164	0,1	167	99
50,81	0,4	24,19	1,0	210	99
0,0	4,4	2,0	2,5	128	99
23,8	28,18	8,8	18,11	339	99
1721,1282	16,6	998,602	3,3	139	99
1546,1384	1,1	892,579	0,0	133	99
978,722	5,0	460,304	0,1	193	99
406,342	13,6	200,103	3,2	158	99
263,213	1,1	159,69	1,1	180	99
478,335	0,2	227,118	0,0	193	99
38,47	448,408	18,9	213,156	160	99
591,555	0,2	293,196	0,0	134	99
278,269	0,0	106,71	0,1	165	99
386,308	327,312	173,69	159,118	182	99
204,131	327,312	79,31	159,118	221	99
485,399	1,0	275,146	0,2	197	99
104,109	119,73	59,45	59,61	173	99
345,318	0,2	85,40	0,0	200	99
323,332	0,2	80,35	0,0	197	99
10,11	103,83	27,26	39,30	148	99
10,11	62,36	29,20	5,3	148	99
1595,1396	0,0	798,559	0,1	178	99
1166,946	2,1	579,379	1,0	161	99
3289,3163	0,2	1777,1161	0,0	188	99
1969,1539	3,1	1121,771	3,0	184	99
1187,850	3,0	702,339	0,0	171	99
78,100	757,714	67,43	485,286	159	99
1927,2082	0,4	1454,837	2,0	243	99
580,589	3,3	206,153	0,0	202	99
182,168	0,0	37,49	0,1	152	99
35,15	33,22	15,3	26,8	163	99
103,93	4,8	34,16	0,0	227	99
5,0	38,25	2,3	16,13	134	99
101,75	122,82	45,37	97,51	178	99
21958,19055	0,0	11970,7183	0,1	714	99
70,57	0,1	27,26	0,0	237	99
8,8	15,16	4,3	6,7	146	99
135,178	0,0	53,22	0,1	177	99
1178,1039	0,1	527,359	0,0	166	99
239,217	1,0	88,50	0,0	163	99
476,387	0,0	89,54	1,0	181	99
9087,7606	0,0	3362,1893	1,0	2765	99
8970,7524	0,0	3329,1868	1,0	2905	99
9027,7585	0,0	3352,1887	1,0	3255	99
1524,1183	16,15	897,445	8,0	117	99
228,246	1,0	143,82	2,0	154	99
5585,3838	1,0	2836,1413	0,0	148	99
80,91	838,761	56,56	339,253	166	99
867,930	1078,796	600,434	417,193	356	99
45,69	95,77	18,28	28,23	156	99
298,336	0,6	163,75	0,0	179	99
11,4	2,0	6,4	0,0	170	99
711,697	4,1	518,281	0,0	214	99
240,188	63,65	160,68	30,26	148	99
553,549	65,51	323,173	45,26	289	99
486,344	0,0	223,144	1,0	156	99
659,487	0,0	270,177	0,1	182	99
411,295	0,0	194,120	0,1	144	99
147,106	20,19	74,55	15,4	216	99
288,238	20,19	128,96	15,4	174	99
2319,2047	1,0	967,627	0,0	256	99
3276,2722	4,0	1664,1009	0,0	169	99
2907,2563	0,0	1570,857	1,0	159	99
1319,1029	0,0	685,337	1,0	147	99
84,76	1,0	68,38	0,0	137	99
217,206	0,0	111,59	1,0	168	99
180,186	0,0	109,81	2,0	138	99
243,218	22,21	130,100	18,12	156	99
2444,2125	1,0	1321,924	0,0	175	99
2071,1773	0,2	1157,746	0,0	148	99
1,0	4,2	0,0	3,0	123	99
210,213	3,2	124,88	0,0	235	99
88,60	1,0	39,40	3,0	154	99
78,68	5,8	46,31	1,4	238	99
88,91	5,8	39,29	1,4	543	99
141,103	5,8	69,62	1,4	204	99
100,67	5,8	43,46	1,4	261	99
151,126	5,8	62,60	1,4	509	99
26,15	7,4	4,7	3,3	249	99
234,183	0,0	112,67	2,0	203	99
1,0	84,80	0,0	26,22	238	99
206,127	0,1	98,47	0,0	159	99
0,2	927,945	0,0	413,279	141	99
734,534	0,1	399,207	0,0	200	99
497,443	0,2	260,160	0,0	172	99
487,419	1,0	229,130	0,0	177	99
638,508	1,0	331,164	0,0	170	99
821,844	0,1	431,267	0,0	222	99
425,390	0,0	174,148	0,1	156	99
1,1	0,2	3,4	1,0	236	99
144,152	0,1	130,70	0,0	250	99
91,99	7,8	48,62	0,4	188	99
3049,3573	1,1	1769,1323	0,2	217	99
416,372	2,0	249,174	1,2	161	99
116,57	2,0	49,46	1,2	158	99
17,17	57,41	8,12	22,14	350	99
13,12	20,9	10,8	12,3	178	99
1863,1956	0,0	1011,602	1,0	1031	99
1063,894	7,5	378,310	2,0	177	99
5157,4586	0,0	2927,1623	1,0	153	99
5335,4951	2,1	3200,1743	2,0	160	99
1505,1161	0,0	535,415	4,0	154	99
93,69	0,0	32,18	1,0	204	99
19,15	0,1	7,2	4,0	169	99
96,84	1,0	64,42	0,1	264	99
23,6	0,0	17,17	1,0	235	99
32,28	2,3	7,3	0,3	181	99
25,23	2,3	4,3	0,3	188	99
44,38	0,2	10,17	0,0	130	99
202,185	0,2	107,60	0,0	160	99
154,172	2,0	80,64	0,1	124	99
629,642	0,0	292,217	1,0	224	99
633,644	0,0	312,212	2,0	262	99
220,254	0,1	75,47	0,0	184	99
926,995	2,2	450,300	0,0	389	99
398,366	0,2	168,129	0,0	196	99
577,504	0,2	176,107	0,0	203	99
659,622	0,0	321,193	2,0	166	99
240,172	1026,730	140,108	658,363	276	99
8716,7222	0,0	5828,3616	0,1	1201	99
8733,7224	0,0	5845,3612	0,1	1190	99
9277,7616	0,0	6174,3773	0,1	920	99
1411,1164	0,0	880,541	0,1	208	99
3452,2398	1,0	2116,1286	0,0	203	99
4526,2659	1,0	2875,1579	0,0	310	99
4286,2940	6,2	3036,1746	0,0	272	99
4225,2929	6,2	2775,1604	0,0	269	99
2470,1754	1,0	1401,922	0,0	510	99
3908,2392	4,2	2540,1625	0,0	1177	99
180,187	0,1	79,43	0,0	159	99
893,851	0,3	313,211	0,0	306	99
250,272	0,2	148,113	0,1	221	99
119,156	0,0	77,50	0,1	151	99
250,244	1,0	146,103	0,0	289	99
105,63	158,163	34,18	92,52	181	99
127,47	95,85	27,17	63,56	181	99
303,253	1,3	142,103	0,1	269	99
397,358	2,0	223,101	0,0	282	99
200,239	2,0	112,61	0,0	207	99
810,964	0,1	523,307	2,0	225	99
4768,4548	1,1	2593,1769	0,0	153	99
956,946	0,3	547,369	0,0	156	99
6,7	51,50	4,3	59,37	195	99
899,660	0,0	479,276	2,0	207	99
11,9	0,0	15,12	1,0	157	99
343,301	0,1	155,112	0,0	175	99
5673,5375	0,5	2493,1684	0,0	145	99
3992,3810	0,5	1595,1085	0,0	148	99
39,34	0,1	15,14	0,0	162	99
23,16	0,0	20,11	2,0	162	99
23,32	30,26	18,5	18,10	209	99
30,23	115,88	20,8	56,40	209	99
48,46	115,88	42,16	56,40	402	99
43,36	115,88	25,13	56,40	140	99
16,26	10,7	7,5	2,5	140	99
455,302	1,0	205,116	0,0	185	99
360,301	5,9	235,138	7,0	127	99
664,676	0,1	360,262	0,0	236	99
359,354	1,1	171,95	0,0	140	99
1130,877	0,1	610,285	0,0	207	99
45,47	5,2	6,12	0,2	218	99
722,676	1,0	346,169	0,0	279	99
465,357	8,0	270,144	2,0	109	99
178,145	14,3	104,59	1,1	163	99
452,337	1,3	365,185	0,0	137	99
988,798	0,2	549,314	0,0	204	99
5236,4036	78,47	2832,1566	35,18	2230	99
2,0	259,288	1,0	165,109	255	99
570,486	0,0	374,184	1,0	156	99
563,418	212,236	461,234	154,100	910	99
527,473	4,17	301,208	4,2	240	99
329,289	36,48	159,143	25,42	170	99
168,95	28,5	104,44	0,0	290	99
269,182	28,5	134,77	0,0	396	99
1500,1060	1,0	914,518	0,0	230	99
315,278	0,0	172,103	2,0	165	99
426,351	0,0	218,132	2,0	176	99
481,389	0,0	240,160	2,0	178	99
632,599	0,0	344,220	2,0	207	99
863,722	0,0	421,267	2,0	333	99
1682,1629	0,0	875,557	2,0	1307	99
159,184	0,0	236,132	5,0	151	99
551,484	0,0	636,330	0,1	176	99
560,551	2,0	168,129	0,0	146	99
95,50	5,0	8,3	0,0	178	99
465,334	0,1	251,129	0,0	162	99
310,214	2,2	100,89	0,0	184	99
27,51	3,1	14,11	1,0	178	99
3,9	1,0	10,7	0,0	224	99
1,0	0,0	0,0	1,0	177	99
3,5	0,0	1,0	1,0	177	99
199,136	0,5	84,45	0,0	197	99
2,6	0,0	6,4	1,0	148	99
6,8	6,4	14,7	5,5	148	99
299,252	6,4	182,84	5,5	168	99
24631,14974	2,2	14508,10344	0,0	123	99
1,0	15471,10161	0,1	8540,7329	154	99
278,242	2,1	224,123	1,1	154	99
245,225	0,0	182,135	1,0	156	99
265,273	0,0	152,72	2,0	177	99
265,267	0,0	187,99	0,1	150	99
716,648	0,0	481,285	2,0	143	99
622,673	0,0	351,268	0,1	171	99
1043,965	6,5	511,292	3,3	140	99
92,93	0,0	65,34	2,0	208	99
209,207	0,0	109,68	2,0	202	99
286,200	0,0	158,105	1,0	220	99
80,62	151,163	81,42	97,53	173	99
1023,888	0,0	619,392	1,0	294	99
498,426	1,0	352,161	0,0	160	99
946,867	1,0	489,327	0,0	311	99
207,276	1,1	160,95	0,0	168	99
142,109	0,0	67,36	1,0	225	99
580,717	1235,893	400,310	674,327	425	99
254,222	82,63	167,113	98,47	223	99
471,413	291,248	290,166	134,64	223	99
393,369	291,248	268,167	134,64	234	99
147,112	4,2	39,36	0,0	157	99
621,607	0,1	184,153	0,0	162	99
1095,1011	0,6	614,380	0,0	189	99
406,278	1,0	242,122	0,0	153	99
7708,7016	3,0	1877,1562	0,0	183	99
9,5	23,21	10,1	11,3	258	99
5,7	35,29	9,2	29,23	258	99
25,50	176,146	34,11	110,57	141	99
212,236	5,0	112,88	0,0	246	99
110,109	1,0	102,56	0,1	191	99
709,481	8,1	912,489	1,0	162	99
451,342	8,2	476,244	7,3	189	99
54,63	1,0	15,15	0,0	189	99
21,21	1,0	7,4	0,0	333	99
1750,1249	29,11	927,524	12,4	173	99
470,423	2,0	62,71	0,0	198	99
108,91	2,0	12,8	0,0	187	99
282,244	2,0	52,37	0,0	173	99
578,415	5,0	251,167	0,0	162	99
407,445	0,1	149,109	1,0	153	99
60,50	24,9	31,24	4,6	221	99
2,0	252,240	0,0	57,37	210	99
3,0	0,2	1,0	4,1	149	99
567,656	9,0	318,260	0,1	153	99
511,532	9,0	280,217	0,1	184	99
845,761	0,1	414,209	0,0	180	99
70,55	0,0	33,10	0,1	249	99
1959,1789	0,1	1208,657	0,0	231	99
227,155	1,0	143,60	0,0	306	99
1125,854	0,3	670,392	0,0	214	99
3006,2851	0,1	1412,933	1,0	247	99
427,420	2,0	257,214	1,0	169	99
15,30	0,0	18,27	1,0	204	99
6,6	0,0	11,15	1,0	185	99
182,170	5,1	75,87	7,1	121	99
439,436	0,0	221,153	1,0	142	99
75,50	0,1	53,25	0,0	161	99
27,8	0,1	18,13	0,0	144	99
70,65	0,1	55,12	0,0	137	99
51,36	15,26	17,8	13,13	249	99
1,6	0,1	2,1	0,1	154	99
2418,1919	3,0	966,636	0,0	294	99
520,503	0,1	499,336	2,0	631	99
496,475	0,1	438,296	2,0	856	99
12,15	53,52	12,3	68,46	173	99
319,300	1,0	129,75	0,0	210	99
1662,1743	0,0	833,524	1,0	147	99
2728,2383	0,1	1584,848	0,0	155	99
3918,3404	2,1	2840,1423	2,1	224	99
419,251	10,10	194,92	1,0	174	99
1229,1322	0,2	760,416	0,0	148	99
138,108	0,0	96,49	2,0	182	99
420,362	1,0	192,122	0,0	210	99
60,65	6,0	30,23	0,1	153	99
406,360	6,0	163,116	0,1	276	99
101,69	1,0	20,11	0,0	122	99
53,53	1,0	14,12	0,0	195	99
188,163	2,0	38,39	0,0	162	99
29,7	1360,1276	11,4	903,523	160	99
2727,2532	2,0	1489,960	0,0	516	99
2737,2503	0,1	1019,678	0,0	203	99
360,307	0,2	234,113	0,0	161	99
459,480	51,49	222,113	17,17	223	99
157,126	1,1	107,45	3,4	187	99
554,448	0,1	193,131	0,0	972	99
266,253	0,4	121,85	0,0	219	99
183,156	1,0	99,66	0,0	170	99
314,300	0,1	235,87	0,0	175	99
511,565	0,1	387,191	2,0	148	99
444,456	0,0	251,134	0,1	181	99
381,493	3,4	187,169	2,0	223	99
280,191	3,0	105,57	0,0	135	99
57,39	437,514	19,19	330,184	235	99
1162,1017	4,2	627,411	0,0	185	99
253,256	3,0	232,141	0,1	587	99
431,340	0,2	185,126	0,3	187	99
510,466	1,4	241,148	0,1	283	99
588,536	0,1	282,149	0,0	175	99
703,622	1,0	313,185	0,0	187	99
58,83	9,16	34,36	2,0	165	99
658,495	0,1	320,194	0,0	152	99
703,511	3,5	565,328	0,2	243	99
454,318	3,5	350,179	0,2	466	99
3983,3594	2,1	1870,1258	1,2	2432	99
9555,10389	34,34	5512,3928	21,17	157	99
12548,11549	0,1	7818,4912	0,0	159	99
2483,1779	6,10	1472,882	13,3	146	99
399,356	4,0	292,185	2,1	168	99
318,290	5,0	255,140	1,0	147	99
17,4	129,97	11,1	70,43	160	99
7,3	4,0	7,0	1,0	160	99
461,362	4,4	195,136	0,0	165	99
0,5	1,6	1,2	2,0	197	99
278,170	1,4	217,134	13,1	119	99
45,26	3,2	22,8	3,4	119	99
145,88	3,2	121,78	3,4	152	99
399,235	18,8	307,210	1,2	152	99
3904,4147	1,0	2531,1646	0,0	177	99
231,183	1,0	76,62	0,0	258	99
735,787	2,0	409,266	0,0	194	99
54,29	5,0	31,16	0,2	175	99
59,34	0,3	17,9	0,0	175	99
20,7	0,1	13,4	0,0	175	99
19,9	1,0	3,2	0,0	175	99
867,663	1,0	447,243	0,0	129	99
473,530	1,2	143,158	1,3	158	99
336,259	0,0	184,129	0,1	180	99
1345,1631	1,1	957,697	0,0	138	99
4004,3953	1,0	3084,1889	0,0	215	99
706,508	0,3	276,193	0,0	175	99
405,225	0,1	167,87	0,0	175	99
294,273	0,1	125,107	0,0	197	99
600,556	7,3	239,213	5,0	197	99
1,0	6,5	2,0	5,2	141	99
302,261	4,0	173,114	0,1	284	99
61,56	0,1	16,18	7,0	151	99
634,505	0,1	427,251	0,0	240	99
350,348	0,1	246,160	5,1	170	99
61,53	0,0	18,12	1,0	149	99
161,159	0,0	88,66	0,1	178	99
420,405	0,0	216,167	0,1	150	99
66,45	2,4	42,24	0,0	159	99
49,25	3,1	5,2	0,0	249	99
313,242	81,59	94,69	25,10	165	99
98,88	81,59	38,16	25,10	138	99
2821,2699	3,1	1732,1024	1,0	140	99
1,5	1,0	4,0	0,0	225	99
176,165	15,3	107,73	4,3	152	99
452,382	0,0	308,179	1,0	185	99
420,483	4,0	378,264	0,0	151	99
386,421	0,1	322,227	0,0	143	99
1334,1126	0,2	774,473	0,0	110	99
170,198	1,4	122,87	0,0	559	99
825,870	1,4	385,350	0,0	125	99
397,352	0,1	217,137	0,0	177	99
189,235	3,2	148,94	0,0	167	99
46,46	0,3	4,14	0,0	182	99
35,32	48,52	56,32	75,50	141	99
295,218	0,0	176,81	3,0	167	99
33,11	0,2	15,4	0,0	121	99
14,10	0,2	5,10	0,0	207	99
316,196	1,0	190,91	0,0	213	99
195,127	2,1	120,57	0,0	213	99
94,59	3,1	68,31	0,0	168	99
89,45	2,1	48,16	0,0	158	99
975,984	2,3	629,294	3,0	154	99
263,277	2,3	193,88	3,0	177	99
655,730	1,0	225,192	0,0	285	99
733,591	0,4	733,609	0,0	253	99
185,107	48,21	75,46	19,9	172	99
14856,12221	2,1	9180,5701	0,0	321	99
8112,6891	7,1	4838,2739	0,0	199	99
26,12	2744,2719	18,7	1632,1019	201	99
820,930	6,16	471,324	0,2	191	99
152,122	1,0	68,57	0,0	201	99
70,32	3,0	33,18	0,0	165	99
305,267	0,0	172,85	1,0	145	99
352,269	4,0	173,102	2,0	154	99
9846,8844	1,0	5318,3077	0,0	2592	99
524,439	2,1	169,134	0,0	158	99
572,572	9,3	249,191	4,0	180	99
502,441	2,1	193,132	0,0	156	99
47,46	1,0	31,22	0,0	149	99
698,564	52,32	342,222	19,14	178	99
857,559	0,2	396,225	0,0	235	99
460,461	1,0	315,179	0,0	200	99
210,237	1,0	155,87	0,0	370	99
9,8	265,239	5,0	173,93	158	99
3,0	332,338	0,0	235,132	198	99
1646,1309	0,0	1296,946	0,1	375	99
2920,2025	0,0	2183,1092	0,2	219	99
566,508	0,1	222,122	0,0	207	99
1242,1127	1,0	709,465	0,0	159	99
19,10	84,80	9,4	69,54	171	99
258,215	0,4	95,71	1,0	187	99
70,93	1139,1122	46,33	406,226	238	99
149,168	1,0	54,60	0,0	222	99
84,86	4,2	52,29	6,0	206	99
305,207	5,2	21,31	1,0	146	99
8,11	191,152	9,3	120,50	173	99
962,803	3,0	390,323	0,0	147	99
853,720	1,0	394,283	0,0	577	99
2379,2087	1,0	1111,696	0,0	147	99
601,463	0,0	377,186	2,0	268	99
1370,1347	0,0	992,601	1,0	249	99
2709,2743	0,0	1985,1254	1,0	201	99
25,37	3,4	24,23	5,1	177	99
54,51	119,140	48,30	82,60	177	99
6,6	119,140	5,4	82,60	145	99
7,12	33,24	3,7	27,11	145	99
84,126	161,204	88,61	134,81	169	99
162,171	2,0	99,59	0,0	168	99
2040,1972	0,0	940,516	0,2	189	99
170,182	33,16	98,71	11,2	153	99
16,13	33,16	9,7	11,2	117	99
346,448	0,1	181,128	0,0	192	99
3249,3164	4,6	1272,981	2,0	857	99
3281,3167	4,6	1272,988	2,0	852	99
1277,1087	1,0	654,370	0,0	168	99
282,271	4,3	267,164	0,1	167	99
5538,5308	0,2	3142,2065	0,0	173	99
2281,1963	0,0	1007,566	1,0	1784	99
5519,5256	0,1	2990,1916	0,0	509	99
19,12	13,4	26,18	7,7	150	99
33,16	246,238	22,16	111,83	279	99
445,429	5,2	248,232	0,0	195	99
220,180	1,0	64,60	0,0	192	99
510,351	1,0	258,116	0,0	150	99
42,34	4,2	10,24	2,0	161	99
907,818	1,0	474,300	0,0	180	99
56,39	14,0	22,11	0,0	199	99
1169,1012	0,1	447,300	0,0	277	99
147,145	2,9	70,41	5,1	177	99
3117,2918	0,3	1551,811	0,0	2819	99
3117,2906	0,3	1558,810	0,0	2835	99
272,221	0,3	151,44	0,0	153	99
736,893	1,0	457,295	0,0	315	99
237,219	0,0	61,36	1,0	166	99
64,34	0,1	28,12	1,0	203	99
284,139	1,0	127,70	0,0	158	99
16106,13478	0,1	8340,4853	0,0	203	99
974,1330	0,1	623,331	0,0	136	99
26608,22125	0,0	14951,9084	0,1	403	99
43,95	0,1	37,16	0,0	174	99
66,59	0,4	36,16	0,0	163	99
156,114	6,0	75,47	1,1	212	99
91,112	0,2	55,36	3,0	162	99
334,194	8,8	150,89	1,3	151	99
455,347	2,0	237,158	0,0	171	99
1856,1888	7,5	765,493	0,0	238	99
2954,2930	7,5	1083,759	0,0	257	99
164,91	0,0	57,28	0,2	200	99
1,1	3,0	2,0	0,1	137	99
70,45	0,1	27,16	0,0	175	99
3,1	25,38	1,0	11,6	135	99
10,8	8,1	7,2	5,1	138	99
823,722	0,0	412,234	1,0	182	99
172,223	0,1	64,41	0,0	642	99
41,24	166,136	19,7	52,51	148	99
1603,1215	4,19	636,479	0,3	138	99
5382,5057	0,1	2145,1726	0,0	608	99
66,66	1,0	47,35	0,0	174	99
1004,908	0,0	627,377	0,2	191	99
962,877	2,0	548,386	0,0	150	99
472,381	2,0	260,195	0,0	269	99
62,57	0,4	31,8	0,0	182	99
134,136	4,0	69,47	0,1	187	99
189,173	4,0	54,52	0,1	202	99
3,0	3,1	2,4	4,0	109	99
1600,1551	8,0	806,545	2,0	159	99
721,618	8,0	347,224	2,0	161	99
1142,1008	0,0	569,376	1,0	205	99
5277,4728	5,8	2102,1283	3,0	141	99
149,127	0,1	81,29	0,0	198	99
211,170	6,7	148,124	0,2	326	99
296,260	1,0	115,91	0,0	152	99
8,4	0,0	4,3	2,0	223	99
1230,859	2,4	726,372	7,0	156	99
285,197	0,1	157,106	0,0	123	99
142,131	1730,1521	101,101	783,591	210	99
2430,2159	1,0	1430,886	0,0	175	99
2755,2433	5,5	1604,1119	0,1	229	99
19,18	34,38	8,6	15,15	154	99
10,10	34,38	12,13	15,15	159	99
106,84	0,4	17,12	0,0	159	99
58,55	159,159	15,13	101,54	135	99
351,337	1,0	214,137	0,0	190	99
1125,1119	1,0	728,406	0,0	184	99
265,252	2,1	139,103	0,0	146	99
25,60	0,3	26,18	0,0	129	99
472,688	2,1	339,187	0,0	208	99
2788,2613	1,0	1305,833	0,0	1035	99
137,111	2,1	81,55	0,0	324	99
226,200	0,2	215,101	0,1	137	99
1363,1251	0,0	732,447	2,0	327	99
314,316	0,0	141,109	0,1	154	99
700,512	2,3	389,200	0,0	192	99
1059,1084	0,0	382,295	0,1	171	99
1875,1629	3,5	789,595	0,0	200	99
2838,2556	3,5	1222,910	0,0	203	99
4554,4965	3,2	3395,2023	3,0	294	99
1,5	3,3	0,1	0,0	166	99
268,252	2,2	96,87	0,0	185	99
9233,7035	0,0	5973,2730	2,0	157	99
1851,1584	2,0	1034,709	0,0	198	99
774,619	1,0	529,254	0,0	156	99
834,629	0,1	466,299	0,0	124	99
335,287	1,1	224,135	1,0	180	99
728,609	0,0	348,205	0,4	178	99
670,621	0,2	362,256	0,0	178	99
204,150	2,0	109,52	0,0	222	99
126,93	3,4	57,33	7,0	222	99
85,80	3,4	29,21	7,0	193	99
162,138	1,1	81,40	0,0	193	99
2122,1835	1,2	1353,917	0,1	195	99
1103,942	0,2	566,323	0,0	276	99
283,240	2,0	97,66	0,0	214	99
337,268	2,0	96,68	0,0	210	99
4,0	6,3	3,1	0,1	136	99
17057,18449	0,2	4977,4998	0,0	291	99
1908,1358	1,0	1758,955	0,0	240	99
1440,1164	25,17	884,488	8,3	150	99
1145,809	20,7	576,318	4,3	108	99
146,139	9,11	72,58	1,2	231	99
64,44	9,11	22,14	1,2	194	99
415,358	1,3	216,145	2,7	245	99
194,177	1,3	130,81	2,7	208	99
5,0	0,0	0,0	0,2	236	99
1618,1463	1,0	582,372	0,0	165	99
425,394	0,1	169,101	0,0	232	99
150,153	0,0	53,20	0,2	219	99
1731,1490	0,2	1013,511	0,0	287	99
196,188	2,2	83,44	1,1	307	99
240,216	2,2	103,51	1,1	327	99
207,180	2,2	111,49	1,1	352	99
69,68	4,1	25,16	2,1	250	99
3,4	0,1	3,2	0,0	140	99
8,6	51,35	4,1	17,9	140	99
354,306	0,1	149,103	0,0	155	99
634,508	19,20	332,190	7,3	166	99
65,101	154,156	28,26	118,60	226	99
216,196	0,1	91,44	0,0	273	99
16,13	60,37	7,5	30,15	143	99
15547,15257	0,1	5589,4271	0,0	240	99
2237,2136	1,0	819,504	0,0	150	99
873,805	3,0	467,288	0,0	321	99
35,26	0,0	16,9	1,0	137	99
753,668	0,0	444,323	1,0	235	99
938,810	11,6	540,378	4,2	209	99
4953,4704	4,9	3073,1775	2,2	260	99
242,249	13,2	133,92	5,2	242	99
104,80	0,6	40,26	1,0	195	99
652,669	1,0	385,288	0,0	205	99
1174,1159	0,0	612,416	1,0	299	99
260,239	2,1	179,128	0,0	251	99
281,217	4,0	171,94	0,0	223	99
693,580	5,2	394,265	1,1	176	99
872,669	1,0	505,345	0,0	140	99
1472,1256	3,0	236,235	1,0	171	99
0,0	2207,1582	0,1	1281,701	201	99
16,9	0,0	1,4	0,1	174	99
10168,8863	0,1	5670,3079	0,0	273	99
18050,18921	10,7	10064,6064	1,2	398	99
10,9	543,429	6,4	334,241	145	99
303,222	0,1	128,90	0,0	144	99
2386,2838	0,3	1583,958	0,0	313	99
23,27	12,8	21,12	0,0	242	99
9,12	12,8	3,5	0,0	166	99
779,760	0,0	542,275	1,0	179	99
528,467	1,0	317,189	0,0	168	99
92,78	1,0	63,38	0,4	175	99
117,123	3,1	27,25	1,0	203	99
2859,2170	1,0	1441,866	0,0	144	99
140,112	2,2	59,48	1,0	143	99
52,57	14,12	26,15	9,8	143	99
152,129	14,12	69,37	9,8	216	99
245,184	1,1	103,72	2,1	216	99
1119,1116	0,0	628,437	1,0	225	99
3965,3567	0,1	1980,1202	0,0	2872	99
132,147	1,2	54,40	0,0	237	99
61,72	4,2	27,12	0,0	168	99
205,202	0,1	89,60	0,0	153	99
4196,3704	6,0	1962,1197	1,1	248	99
1264,938	0,1	1563,868	0,0	177	99
12,11	2,0	11,10	3,1	146	99
232,180	10,5	143,81	6,7	126	99
27832,32104	1,0	12279,9283	0,0	422	99
2507,2001	3,0	1333,927	0,0	170	99
1920,1592	1,0	1032,710	11,0	180	99
31,24	162,84	15,5	73,23	141	99
98,68	9,4	47,37	3,0	164	99
267,221	9,4	149,117	3,0	153	99
270,247	0,1	148,72	0,0	160	99
2245,2204	2,0	1436,915	0,1	189	99
167,146	0,2	117,77	0,0	178	99
185,175	1,0	154,80	0,0	384	99
256,234	1,0	175,107	0,0	247	99
16,20	1254,1233	3,2	608,442	198	99
8,9	46,56	0,0	15,4	198	99
205,176	0,2	104,68	0,0	603	99
2833,2587	1,0	1621,1008	1,0	148	99
593,614	6,1	323,232	2,1	139	99
214,272	0,3	188,119	3,0	145	99
6,17	95,83	14,6	45,42	185	99
352,389	0,1	218,158	0,0	170	99
471,405	1,0	275,132	0,0	133	99
762,507	0,0	397,213	1,2	193	99
211,175	1319,1250	103,59	791,539	156	99
161,136	2,0	80,57	0,0	238	99
644,574	5,7	255,216	2,3	170	99
39,36	42,42	14,11	23,18	237	99
1079,999	3,3	658,340	0,1	176	99
58,89	0,4	44,25	0,0	208	99
13,14	22,36	30,16	18,14	156	99
24,39	26,32	25,15	44,17	208	99
58745,54720	57,69	28231,15310	31,22	571	99
66837,64487	57,69	32356,17866	31,22	567	99
1208,893	0,1	911,426	0,0	183	99
393,317	109,79	215,106	50,30	145	99
1246,896	0,0	608,262	0,1	138	99
1817,1604	1,0	611,455	0,0	191	99
76,82	0,1	39,17	0,0	224	99
3374,3443	1,0	1350,815	0,0	147	99
406,350	0,2	174,107	0,0	377	99
1849,1350	0,2	993,579	1,0	194	99
2557,2391	3,0	962,564	0,0	168	99
7,5	3,8	7,2	1,0	199	99
85,71	1,0	66,37	0,0	229	99
15865,15560	0,0	8827,5959	5,0	177	99
22053,20653	1,0	12535,8601	0,0	222	99
1,0	0,1	2,0	0,0	212	99
0,1	1564,1727	0,0	685,502	130	99
70,73	6,2	27,19	4,0	191	99
319,287	1,0	149,63	0,0	255	99
601,614	2,2	353,218	4,1	192	99
97,73	1,0	61,42	0,0	181	99
296,285	0,0	94,61	1,0	161	99
2833,2584	2,0	2160,1460	0,0	174	99
456,341	0,4	221,185	1,0	180	99
888,761	0,3	599,334	0,0	178	99
0,0	289,204	2,1	148,88	219	99
1345,1146	0,0	656,292	1,0	124	99
1791,1584	4,7	1391,982	0,0	137	99
2396,1989	53,46	1855,1359	27,11	186	99
1276,1003	0,0	956,698	1,0	186	99
409,466	0,1	311,216	0,0	389	99
690,771	24,43	491,341	11,7	163	99
56,68	5,2	34,27	4,2	220	99
25,15	5,5	7,12	1,4	136	99
77,81	0,0	30,32	0,1	251	99
263,283	0,1	134,104	4,0	200	99
503,425	9,5	265,192	0,4	145	99
268,255	3,8	193,124	0,0	138	99
500,369	0,0	250,172	0,2	117	99
361,320	0,1	217,99	0,0	142	99
579,441	1,0	170,103	0,0	210	99
1167,1162	0,0	834,540	1,0	180	99
16,25	30,29	21,15	2,3	171	99
18,31	121,127	28,17	54,30	171	99
14,21	17,20	21,16	6,2	171	99
16431,16936	2,3	7277,5346	2,2	219	99
783,628	23,2	452,229	2,1	121	99
1315,889	0,0	757,367	1,0	134	99
1146,918	2,0	564,314	0,0	214	99
923,807	5,0	450,284	1,2	147	99
153,111	0,2	52,35	0,0	146	99
125,101	2,0	40,25	0,0	219	99
333,383	1,0	118,92	0,0	220	99
2616,2367	2,0	1770,1039	0,1	193	99
1698,1751	0,0	511,307	0,1	108	99
62,55	233,225	52,41	138,92	206	99
70,75	233,225	47,30	138,92	163	99
31,42	233,225	17,9	138,92	189	99
66,78	233,225	35,31	138,92	605	99
40,24	233,225	44,23	138,92	149	99
1024,1117	1,0	540,395	0,0	168	99
285,241	0,3	132,72	0,0	230	99
1235,1020	5,2	537,390	0,0	179	99
1653,1537	1,0	699,488	0,0	476	99
190,169	5,3	91,66	0,1	176	99
879,903	0,1	353,270	0,0	150	99
38,21	2,1	18,11	4,2	316	99
95,62	1,0	72,47	0,0	209	99
194,205	2,2	133,68	0,2	173	99
257,216	1,2	85,55	0,0	209	99
452,439	1,2	184,121	0,0	226	99
3,1	47,45	1,2	33,19	138	99
1,0	47,45	1,2	33,19	141	99
31,25	59,72	11,10	33,17	145	99
89,73	59,72	36,21	33,17	125	99
245,242	15,4	127,58	2,3	244	99
376,375	15,4	170,75	2,3	218	99
119,125	15,4	61,34	2,3	123	99
1339,980	0,0	609,311	1,0	234	99
218,195	1,0	220,87	0,2	229	99
485,488	1,3	165,153	0,0	151	99
51,53	0,1	14,12	0,0	151	99
2672,2589	1,0	1317,812	0,0	147	99
149,161	3,3	112,47	0,1	161	99
9,30	3,3	9,2	0,1	103	99
42,32	1,0	12,6	0,0	184	99
866,708	2,0	369,200	0,0	309	99
317,254	1,2	135,107	0,0	258	99
52,33	2,0	22,12	0,0	323	99
9,15	0,1	8,6	0,3	187	99
4869,4310	0,0	5437,2764	1,0	228	99
4722,4404	0,1	2792,1533	0,0	276	99
51,32	812,696	13,5	439,269	244	99
1248,1105	2,3	684,434	7,1	240	99
308,278	2,0	89,108	0,0	441	99
98,59	73,65	81,50	62,34	228	99
3886,3621	7,0	1861,1138	0,0	177	99
510,453	2,1	163,134	0,0	136	99
18,10	1,0	7,12	0,0	213	99
841,811	0,3	253,148	0,0	436	99
151,136	0,0	65,41	1,0	140	99
557,562	0,0	411,260	0,1	187	99
272,256	2,0	151,107	0,0	158	99
309,305	0,1	158,134	0,0	218	99
3258,2625	1,1	1199,745	0,0	226	99
1668,1344	1,1	608,394	0,0	214	99
0,1	1509,1236	0,0	553,365	126	99
445,467	4,0	235,152	3,3	210	99
297,254	0,3	193,82	0,0	183	99
230,187	0,4	129,72	2,3	185	99
195,203	0,2	126,65	0,0	200	99
329,331	1,1	136,75	0,0	211	99
2850,2713	4,0	1814,1230	0,0	175	99
224,218	2,0	129,82	0,0	216	99
867,996	11,3	492,323	0,2	150	99
10418,9073	1,0	5313,3321	0,0	222	99
168,154	438,366	120,65	169,92	181	99
42,37	0,0	16,10	3,0	270	99
73,51	3,7	19,16	0,4	270	99
41,26	3,7	9,9	0,4	184	99
545,498	0,0	304,164	1,0	132	99
498,402	3,0	195,120	0,0	286	99
30,28	1,0	2,3	0,0	133	99
569,460	1,2	181,127	0,0	206	99
57,62	0,1	33,20	0,0	226	99
16,17	166,170	11,4	59,63	120	99
9503,9214	1,0	4800,3049	0,0	366	99
6595,6380	21,17	3307,2127	1,11	366	99
10192,9771	0,1	5703,3635	0,0	369	99
7284,6937	21,17	4210,2713	1,11	369	99
894,925	1,0	426,346	0,0	284	99
1029,886	0,2	588,325	0,0	145	99
996,887	0,1	501,315	3,0	194	99
17,12	0,0	0,2	0,1	205	99
40,42	1,0	13,9	0,0	251	99
425,527	23,16	236,152	22,20	128	99
17,15	1,0	6,4	0,0	144	99
21,11	7,6	5,7	2,2	185	99
17,7	7,6	4,4	2,2	186	99
14,14	6,6	3,6	3,0	151	99
13,12	4,0	2,7	1,1	151	99
10,0	110,116	4,4	83,39	173	99
394,340	1,9	258,127	1,0	189	99
207,206	10,11	138,99	7,5	127	99
361,347	3,0	175,113	0,0	235	99
65,99	11,5	22,18	1,0	156	99
53,76	11,5	27,20	1,0	152	99
952,755	85,74	430,275	77,47	164	99
126,113	8,2	50,52	1,0	137	99
15,15	8,2	6,5	1,0	205	99
686,663	0,1	408,252	0,0	205	99
397,434	2,0	93,71	0,0	140	99
267,252	13,5	119,67	1,1	163	99
599,423	0,3	492,275	0,0	304	99
800,565	4,4	587,344	2,1	304	99
14,25	4,4	22,16	2,1	249	99
25,34	212,154	45,36	118,89	249	99
413,289	2,0	372,160	2,0	143	99
120,131	2,2	65,64	0,0	169	99
496,374	2,0	165,158	0,0	168	99
168,166	5,1	86,48	0,0	162	99
217,152	1,0	86,60	0,0	218	99
49,39	1,0	17,6	0,0	161	99
320,210	3,0	168,130	0,0	200	99
201,214	1,0	93,62	0,0	208	99
160,100	0,5	84,53	4,1	150	99
33,25	255,243	41,33	192,90	573	99
137,123	3,0	56,41	0,0	127	99
163,191	5,4	143,58	0,3	217	99
1044,879	5,8	588,316	1,1	204	99
956,937	0,2	428,360	0,0	226	99
81,67	4,3	22,21	1,3	165	99
15,15	69,55	11,11	30,22	207	99
4464,3457	0,0	2097,1452	1,0	265	99
4650,3929	1,0	2251,1545	0,0	149	99
3104,3132	5,1	2028,1162	0,1	184	99
24,37	16,31	15,15	5,7	562	99
665,703	2,0	333,195	1,1	184	99
89,85	1,0	39,25	0,0	157	99
52,72	0,1	17,21	0,0	193	99
101,102	0,1	30,30	0,0	214	99
558,450	2,0	271,155	0,0	146	99
1206,1018	0,0	826,593	1,0	167	99
115,120	0,2	101,29	0,0	168	99
87,77	11,9	118,70	10,19	141	99
25,7	5,0	1,2	0,0	152	99
19,13	1,0	0,1	0,0	208	99
11,11	1,1	3,1	0,0	159	99
25,27	1,0	3,1	0,0	226	99
28,27	1,0	3,2	0,0	229	99
4,4	156,135	7,0	90,55	186	99
1034,1205	0,0	648,547	2,0	225	99
93,58	0,1	51,19	0,0	202	99
4199,4198	35,49	2530,1891	20,9	132	99
654,650	0,0	280,134	2,0	148	99
115,106	0,4	52,28	4,5	162	99
287,247	1,2	157,103	0,0	187	99
14,4	0,3	6,3	1,2	160	99
719,641	6,9	318,240	8,0	697	99
630,478	1,1	405,196	2,0	202	99
779,610	0,0	435,271	0,2	210	99
1,2	2,6	0,0	1,0	168	99
15,28	4,7	18,11	4,1	186	99
101,89	0,0	37,29	3,0	183	99
99,80	1,0	47,19	0,0	145	99
253,200	1,0	193,116	0,0	138	99
89,104	52,72	117,64	45,13	165	99
138,117	0,4	149,101	1,0	204	99
80,70	0,4	76,50	1,0	177	99
325,313	1,0	161,91	0,0	161	99
10,5	1,0	0,4	0,0	201	99
246,201	0,0	239,132	0,1	167	99
9,12	39,28	9,4	24,11	174	99
17,10	35,40	4,8	21,15	178	99
12,2	0,2	0,0	0,3	153	99
13,19	0,0	2,0	0,2	158	99
6,12	18,19	9,8	4,3	144	99
3,9	7,2	6,6	5,1	144	99
92,97	32,13	76,33	8,4	458	99
109,109	69,61	86,44	46,21	458	99
40,47	32,13	13,8	8,4	221	99
57,59	69,61	23,19	46,21	221	99
44,44	3,2	22,19	1,0	221	99
20,11	69,61	10,7	46,21	147	99
16,9	3,2	7,7	1,0	147	99
92,49	1,0	17,20	0,0	209	99
51,42	0,0	9,9	1,0	247	99
26,31	2,0	15,8	0,0	199	99
338,268	0,0	207,105	0,1	154	99
3870,2492	1,2	1882,862	0,0	158	99
126,138	2,0	72,43	0,0	172	99
31,37	97,110	23,16	92,38	198	99
1127,832	3,1	592,280	0,2	157	99
463,347	3,1	242,111	0,2	161	99
1591,1482	0,2	820,483	0,0	288	99
928,897	31,22	515,313	9,13	177	99
9,5	3,0	3,6	0,0	185	99
446,372	1,0	238,179	0,0	187	99
1220,1337	0,0	507,440	0,2	422	99
360,342	41,47	161,131	19,13	180	99
344,307	2,0	187,129	3,1	155	99
104,100	0,0	46,46	0,1	189	99
79,71	0,0	56,26	3,0	190	99
45,36	0,0	37,13	3,0	195	99
95,94	4,0	47,47	0,0	223	99
192,220	1,1	101,59	0,0	154	99
4,2	0,0	0,0	1,0	144	99
0,0	625,634	1,0	369,208	195	99
31,42	0,1	14,14	0,0	212	99
192,202	0,1	137,39	0,0	284	99
227,174	0,2	105,82	0,0	249	99
580,504	1,0	450,293	0,0	186	99
12,8	139,127	5,1	72,38	132	99
517,577	0,1	335,218	0,1	163	99
440,290	1,3	314,154	1,2	266	99
1397,1196	0,0	697,366	1,2	176	99
727,682	12,6	488,262	15,4	392	99
877,778	1,1	629,385	0,0	2243	99
450,381	0,0	294,121	0,1	242	99
286,183	2,0	131,90	0,0	198	99
323,294	1,0	229,139	0,0	241	99
927,907	0,4	484,279	0,0	153	99
120,95	3,13	65,25	1,0	205	99
137,129	3,13	72,29	1,0	492	99
138,136	3,13	73,28	1,0	495	99
17,7	27,11	7,10	11,3	122	99
42,29	27,11	11,13	11,3	125	99
5351,4547	1,0	3447,2305	1,0	186	99
214,236	1,1	129,65	0,2	172	99
1718,1369	0,0	919,525	0,1	199	99
143,164	0,0	69,40	1,0	162	99
85,121	0,0	33,31	0,1	162	99
235,288	0,0	101,67	1,0	188	99
112,160	0,0	50,42	0,1	188	99
162,143	0,0	69,26	0,1	167	99
224,188	1,0	104,37	0,0	167	99
285,273	0,0	119,51	1,0	167	99
67,57	1,0	38,30	0,0	162	99
114,79	2,0	36,22	0,0	365	99
75,56	2,0	23,11	0,0	216	99
1081,1037	1,0	668,427	1,0	209	99
290,279	1,1	201,120	0,0	152	99
16,9	463,437	2,0	312,193	279	99
433,408	1,0	298,209	0,0	240	99
348,358	10,9	135,108	0,0	254	99
232,206	10,9	93,61	0,0	212	99
554,492	2,0	331,205	0,0	177	99
538,455	0,1	321,218	0,0	159	99
345,320	1,0	203,117	0,0	156	99
584,534	0,1	294,150	0,1	758	99
614,441	1,0	251,169	0,0	139	99
750,650	3,0	284,161	0,0	156	99
1147,1084	0,1	540,392	0,0	196	99
1023,855	1,1	304,197	0,0	155	99
310,279	0,0	195,86	0,1	152	99
1866,1357	3,2	612,410	0,0	217	99
48,60	2,0	36,14	5,1	151	99
20,27	165,157	3,5	42,34	154	99
62,50	0,0	36,9	0,1	157	99
67,71	6,5	15,11	0,0	256	99
86,76	0,1	23,11	0,0	256	99
44,43	6,5	12,8	0,0	161	99
153,154	1,0	78,57	0,0	185	99
4,3	1026,796	0,1	289,212	297	99
2176,1727	6,2	728,481	4,1	162	99
657,617	1,0	270,206	0,0	194	99
429,311	1,0	241,110	0,0	290	99
8,5	1,0	2,0	0,0	146	99
4,0	2,2	1,0	1,3	166	99
956,831	0,0	362,203	1,0	152	99
84,69	0,0	43,22	0,1	151	99
8393,9122	0,3	4495,3602	0,0	138	99
290,190	1,3	161,100	0,0	155	99
697,386	20,0	223,146	2,2	174	99
43,33	4,4	9,5	0,0	151	99
263,231	6,1	89,59	1,0	167	99
48,31	1,0	6,20	0,0	587	99
184,166	1,0	102,64	0,1	213	99
217,234	23,21	125,80	11,6	180	99
15879,13462	3,0	9289,5840	0,0	165	99
1116,1045	1,0	731,486	0,1	179	99
290,366	0,2	203,142	0,0	145	99
146,137	0,1	76,33	0,0	274	99
223,235	0,1	131,88	0,0	168	99
250,214	4,0	181,98	3,0	142	99
304,280	0,0	169,106	0,1	213	99
3177,2101	1,0	1994,1137	0,0	285	99
2167,1949	0,0	1481,830	1,0	203	99
2150,1455	12,1	820,473	0,0	247	99
815,942	0,0	541,341	0,2	153	99
151,130	2,5	65,32	0,0	145	99
74,62	32,31	23,15	12,3	190	99
8426,7692	1,0	5296,3559	0,0	195	99
13,29	1,0	5,4	0,0	174	99
771,849	0,0	445,300	2,1	203	99
358,319	0,1	208,126	0,0	137	99
1661,1596	3,0	719,449	0,0	140	99
26,16	72,61	14,2	30,10	186	99
79,104	84,80	53,26	39,23	149	99
104,91	0,1	32,30	0,1	132	99
248,171	2,0	154,72	0,1	183	99
16751,16835	14,16	9346,7354	3,1	226	99
126,116	1,2	72,66	0,0	236	99
171,157	0,0	132,63	0,1	165	99
326,257	2,0	171,111	0,0	164	99
62,55	1,10	62,45	0,1	165	99
372,364	0,2	179,89	0,2	169	99
17,13	61,35	2,0	45,12	130	99
1,0	291,288	0,2	108,92	190	99
167,141	1,1	56,61	0,1	145	99
596,613	1,1	392,257	0,0	170	99
44,53	119,84	20,9	44,26	324	99
76,73	119,84	31,13	44,26	309	99
235,159	5,2	85,45	2,0	196	99
56,67	219,183	36,25	93,45	135	99
2,0	32,12	4,3	12,7	177	99
1649,1364	0,1	839,478	0,0	167	99
1621,1436	1,0	806,484	0,0	204	99
200,139	6,0	66,30	0,0	166	99
495,494	2,0	273,188	0,0	421	99
340,274	1,0	130,129	0,0	188	99
631,586	1,0	389,195	0,0	203	99
253,193	3,0	111,76	0,0	247	99
6,2	1,0	1,2	0,0	181	99
4874,4336	2,0	2602,1337	0,0	276	99
146,119	11,8	76,29	3,3	575	99
140,113	11,8	76,28	3,3	555	99
76,72	11,8	46,22	3,3	336	99
176,136	0,1	43,35	0,0	213	99
6,3	74,34	4,0	18,17	172	99
2,0	3,4	0,0	5,1	172	99
5522,4689	0,4	4273,2412	0,0	165	99
1441,1476	2,0	545,432	0,0	159	99
82,49	0,1	74,46	0,0	167	99
510,508	1,0	268,160	0,0	274	99
295,230	33,46	221,112	26,13	274	99
327,256	1,0	58,47	0,0	124	99
481,499	1,0	289,157	0,0	147	99
115,63	8,9	32,15	2,0	124	99
25,21	8,9	14,7	2,0	151	99
167,104	8,9	85,30	2,0	112	99
33,33	8,9	32,15	2,0	139	99
326,283	0,3	168,89	0,0	216	99
557,439	4,1	263,166	0,0	184	99
128,92	6,0	45,51	0,0	143	99
195,158	3,4	87,59	0,2	162	99
430,387	0,3	197,152	0,0	159	99
125,121	1,0	84,44	0,1	170	99
2108,1704	1,0	1438,875	0,0	195	99
284,341	3,4	175,86	0,1	178	99
383,434	2,1	243,129	0,0	262	99
193,150	0,0	67,29	2,1	119	99
463,195	0,0	363,171	2,0	172	99
27,19	654,595	18,6	299,214	265	99
77,46	65,41	65,34	15,13	139	99
136,126	0,4	55,26	0,0	162	99
164,107	4,2	111,53	0,0	164	99
265,199	4,2	162,75	0,0	191	99
100,68	3,2	24,5	0,0	155	99
172,157	0,0	138,60	1,0	133	99
8018,8345	0,1	3439,2383	0,0	193	99
302,282	3,0	144,101	0,0	212	99
110,88	0,0	59,43	1,0	257	99
79,62	5,2	37,12	4,1	137	99
2589,2053	2,1	1676,912	4,0	192	99
5160,4183	0,0	3262,1942	1,0	306	99
3530,3194	1,0	1473,962	0,0	177	99
1778,1491	0,1	989,610	0,0	154	99
877,602	2,0	619,271	0,2	180	99
2321,1908	2,0	862,708	0,0	127	99
1724,1380	1,4	1033,709	8,2	150	99
895,689	0,0	465,254	0,1	262	99
447,431	0,0	293,181	1,1	163	99
162,149	0,2	74,28	1,0	143	99
123,129	0,2	67,33	1,0	146	99
272,296	0,0	134,86	0,2	149	99
4729,4426	0,1	1724,1112	0,0	186	99
3885,4163	6,3	2135,1357	0,0	213	99
377,399	318,300	229,135	198,128	115	99
850,893	0,6	447,322	0,1	197	99
11,22	462,292	15,10	237,132	142	99
368,276	3,2	221,181	0,1	182	99
2046,1617	2,1	890,564	0,0	159	99
251,265	0,4	153,83	0,0	153	99
385,304	21,7	221,148	13,5	347	99
126,94	6,12	50,22	12,0	137	99
640,669	0,0	463,242	1,1	205	99
213,208	0,1	146,87	0,0	160	99
648,606	2,0	369,238	0,0	222	99
8674,8250	6442,5692	3779,2514	2032,1507	215	99
1,3	6,3	2,1	6,1	147	99
368,348	3,8	232,122	1,0	205	99
104,125	0,1	71,45	0,0	197	99
119,170	4,8	80,51	1,2	223	99
2339,2011	0,1	1005,693	0,0	213	99
1671,1696	1,0	698,471	0,0	180	99
2585,1914	7,2	1141,739	4,3	277	99
2218,1622	7,2	914,533	4,3	274	99
6,0	1301,838	3,2	661,303	166	99
417,429	0,0	279,175	6,2	229	99
105,90	60,54	44,13	21,9	261	99
108,86	60,54	47,11	21,9	274	99
269,236	1,0	236,102	0,0	116	99
4723,4159	1,0	4358,2720	0,0	158	99
2028,2226	5,1	1752,1337	0,0	173	99
410,330	96,46	203,114	38,25	157	99
839,742	1,0	331,253	0,0	385	99
1528,1402	0,0	830,514	0,5	141	99
579,440	57,25	285,187	32,10	104	99
275,271	1,0	121,77	0,1	297	99
1,2	457,428	1,1	236,153	201	99
27,23	1553,1640	10,7	752,462	277	99
574,488	6,4	146,105	0,0	178	99
5,12	7420,7898	5,0	5183,3508	225	99
13,6	1592,1646	2,2	779,644	240	99
403,373	0,1	175,106	0,0	188	99
785,602	0,0	473,334	1,0	206	99
217,220	0,0	133,61	0,1	278	99
1,0	780,610	0,0	624,359	123	99
112,100	1,0	36,27	0,0	194	99
72,66	1,0	20,25	0,0	182	99
660,635	28,17	344,228	1,3	126	99
1709,1713	1,1	1037,665	0,2	246	99
202,139	0,1	113,47	0,0	142	99
3494,3112	4,4	1841,1345	0,0	222	99
1768,1599	4,4	969,736	0,0	453	99
1777,1601	4,4	977,739	0,0	539	99
233,206	13,7	139,71	1,4	188	99
239,208	7,3	110,94	6,0	301	99
785,586	1,0	607,338	0,0	162	99
4589,2586	0,0	2697,1313	1,0	168	99
38,45	489,431	18,2	300,192	309	99
30,34	489,431	9,2	300,192	176	99
250,296	1,0	148,112	0,0	172	99
563,589	1,0	307,247	0,0	169	99
40,44	4,0	19,12	0,0	225	99
10,17	17,14	4,9	10,8	145	99
22,31	6,15	19,11	10,0	140	99
1942,1753	8,1	1189,682	0,1	186	99
219,181	2,5	110,44	1,0	176	99
2698,2238	0,0	2072,1381	0,3	165	99
6409,5357	1,0	2774,1672	0,0	178	99
9,6	16,18	8,3	17,12	214	99
117,97	0,2	42,26	0,0	158	99
933,909	0,1	327,207	0,0	212	99
560,510	0,0	268,223	2,0	199	99
88,66	3,0	45,7	0,0	205	99
428,352	0,0	373,184	2,0	180	99
171,130	0,0	135,83	2,0	172	99
1152,1003	0,2	699,402	0,0	233	99
1302,1158	0,2	770,480	0,0	239	99
17,8	678,742	1,0	312,185	268	99
1318,1192	3,1	595,377	0,0	162	99
890,582	2,0	470,242	4,0	155	99
832,670	2,0	467,188	0,0	162	99
957,760	2,0	480,251	3,0	190	99
189,239	0,0	105,61	0,1	184	99
2564,2447	0,0	1713,1086	0,1	226	99
295,220	0,0	160,97	2,0	228	99
275,252	22,13	154,110	12,6	178	99
181,196	0,0	107,73	0,1	285	99
165,172	1,0	89,72	1,0	354	99
17,20	1,0	13,10	1,0	133	99
47,33	0,0	28,14	0,1	133	99
12,4	2,2	4,4	0,1	133	99
25,29	0,1	12,13	0,0	136	99
30,36	2,2	18,18	0,1	208	99
129,102	4,1	78,42	1,0	208	99
372,405	5,10	223,139	2,0	186	99
368,380	30,30	194,124	12,5	186	99
829,728	0,0	444,226	1,0	156	99
197,180	0,0	58,27	0,1	162	99
1279,1438	1,0	292,139	0,0	531	99
5,8	110,137	5,3	41,37	132	99
728,618	0,2	429,315	1,0	255	99
228,173	0,1	113,64	0,0	159	99
436,353	5,2	202,120	0,0	158	99
807,584	1,1	389,172	6,0	135	99
491,480	13,22	292,175	6,4	228	99
304,284	0,1	56,66	0,0	160	99
66,60	1,3	52,28	2,0	174	99
400,343	1,0	172,106	0,0	133	99
1131,1121	17,12	726,435	4,0	231	99
793,843	292,244	512,263	148,84	239	99
1987,1922	2,0	1056,593	0,0	165	99
4925,4899	1,1	2669,1756	0,0	147	99
755,627	0,0	290,205	1,0	303	99
2009,1768	0,0	837,556	2,0	182	99
2721,2425	0,1	1117,730	0,0	258	99
545,503	3,0	207,171	0,0	156	99
1757,1611	15,5	763,484	6,0	170	99
43,52	109,128	10,7	39,40	139	99
144,146	1,0	48,41	0,0	230	99
114,83	0,2	68,36	0,0	176	99
255,168	0,0	100,66	1,0	172	99
8,2	4565,4035	0,1	2544,1467	343	99
10,12	28,53	2,3	10,9	346	99
10,13	28,53	2,5	10,9	343	99
48,53	0,0	22,10	2,0	155	99
123,98	3,0	61,37	1,0	154	99
167,151	0,0	104,67	1,0	152	99
127,93	0,0	97,41	2,0	188	99
2868,2379	0,3	1853,1183	0,0	219	99
571,521	9,9	209,132	4,2	202	99
62,91	182,156	84,54	74,55	201	99
178,199	3,4	118,89	3,1	162	99
344,378	0,1	178,88	0,0	136	99
3,0	2,0	0,0	2,0	154	99
3614,2875	2,0	1945,1185	0,0	448	99
592,543	4,7	328,253	1,3	188	99
853,1009	1,0	490,341	0,0	231	99
8,10	182,213	0,2	99,79	149	99
39,40	5,9	17,12	2,3	206	99
66,51	5,9	26,12	2,3	211	99
0,5	24,16	0,0	22,13	153	99
75,67	65,58	45,33	20,12	318	99
61,53	65,58	33,21	20,12	297	99
19,20	65,58	10,9	20,12	309	99
955,935	3,11	487,405	4,2	251	99
100,110	276,301	62,54	143,129	134	99
614,580	2,1	207,109	0,0	1077	99
42,31	0,0	34,25	1,0	172	99
339,250	1,1	144,73	0,0	265	99
96,108	0,1	53,27	0,0	218	99
461,440	0,3	258,166	1,0	169	99
403,430	0,6	212,133	0,0	203	99
46,29	0,1	40,12	0,0	190	99
3318,4059	0,0	1755,954	1,0	157	99
602,461	4,3	322,196	3,0	162	99
152,172	11,17	101,51	8,5	153	99
89,86	11,17	56,32	8,5	184	99
1,1	273,225	1,0	117,81	159	99
292,230	0,0	177,113	2,0	202	99
581,434	1,0	233,188	0,0	187	99
51,22	6,6	50,37	3,3	133	99
476,488	6,6	268,198	3,3	162	99
622,607	0,2	376,258	0,0	162	99
592,591	1,2	381,249	0,3	152	99
77,99	1,0	48,24	0,0	137	99
440,385	1,0	137,99	0,0	182	99
11,14	3269,2909	4,1	1165,851	163	99
115,121	3269,2909	50,44	1165,851	255	99
135,144	3269,2909	60,60	1165,851	252	99
13,10	0,4	4,7	0,0	155	99
79,70	36,32	51,33	5,8	345	99
867,729	4,2	470,307	0,0	264	99
610,637	1,0	407,232	0,0	165	99
165,104	5,6	69,26	8,1	179	99
280,289	1,1	242,148	0,0	192	99
93,89	0,2	87,56	3,0	177	99
2140,2043	0,1	1024,634	0,0	160	99
1613,1316	3,0	942,519	1,0	118	99
1579,1339	0,0	927,504	1,0	147	99
100,87	0,1	46,26	0,0	178	99
221,207	1,0	76,42	0,0	185	99
5,6	42,58	3,1	15,14	146	99
159,134	1,0	55,49	0,0	236	99
48,21	1,0	12,11	0,0	125	99
212,148	0,0	88,70	0,1	126	99
1697,1142	162,128	973,400	70,55	285	99
1645,1024	162,128	913,394	70,55	587	99
2681,2534	1,6	1228,748	3,1	2103	99
502,531	0,1	293,175	0,0	230	99
210,201	0,0	42,22	1,0	216	99
201,164	1,0	109,56	0,0	254	99
2049,2300	18,22	948,766	5,0	169	99
337,320	0,0	206,117	1,0	160	99
569,500	24,8	305,199	7,7	160	99
243,138	0,1	162,70	0,0	147	99
370,286	6,6	118,113	0,1	202	99
595,446	6,3	210,155	0,1	197	99
56,57	0,0	23,13	0,1	190	99
186,174	0,1	69,48	0,0	189	99
68,52	377,391	16,10	117,86	195	99
117,119	1,0	69,32	0,1	196	99
562,526	0,0	463,333	1,0	165	99
637,541	0,1	227,158	0,0	119	99
1213,793	1,0	816,452	3,0	129	99
67,51	3,0	40,32	0,0	196	99
882,709	38,53	649,378	37,22	179	99
537,415	2,5	484,267	1,1	179	99
463,343	915,843	381,191	458,277	179	99
1,0	575,619	0,0	313,216	198	99
74,75	18,1	46,22	4,1	196	99
1453,1521	0,1	768,464	0,0	178	99
403,420	4,0	193,138	0,0	255	99
560,468	0,5	246,177	0,0	156	99
51,31	0,0	21,13	0,1	654	99
52,31	0,0	23,14	3,0	654	99
65,56	0,3	36,11	0,1	723	99
559,479	0,0	293,169	3,0	825	99
561,485	3,1	295,168	3,1	825	99
559,482	1,3	293,169	2,2	825	99
1381,1433	1,0	1003,687	0,0	202	99
1665,1610	8,7	1076,701	13,14	197	99
1210,1199	4,0	806,551	0,0	152	99
2231,1939	0,0	1313,839	1,0	154	99
184,166	12,4	91,55	3,0	118	99
572,458	1,0	403,250	0,0	204	99
2,0	759,673	0,0	345,237	193	99
12,10	26,28	4,8	6,5	620	99
5817,4442	1,0	2615,1566	0,0	218	99
2,10	222,247	7,6	136,81	151	99
312,404	1,0	133,98	0,0	245	99
90,85	0,1	32,29	0,0	149	99
237,140	2,0	67,61	0,0	160	99
7577,7356	3,0	5226,3030	0,0	213	99
237,219	3,8	88,68	5,0	162	99
312,260	1,1	112,110	0,0	162	99
456,352	2,0	167,92	0,0	200	99
360,316	2,0	174,91	0,0	216	99
7,4	51,32	1,0	9,10	237	99
7,5	19,17	1,0	8,2	237	99
74,75	36,16	11,12	13,3	144	99
446,338	2,1	320,190	0,0	140	99
819,596	0,1	539,316	0,0	139	99
261,128	409,496	59,30	143,124	206	99
404,498	4,10	139,125	1,4	159	99
3741,3743	2,0	2022,1234	0,0	323	99
2773,2726	4,6	1543,944	3,2	323	99
46,41	4,6	22,5	3,2	137	99
983,1020	1,0	485,288	0,0	137	99
2,0	0,1	2,0	0,0	273	99
960,737	1,0	321,244	0,0	2929	99
27,29	2,10	5,8	5,2	160	99
1228,1069	0,0	637,353	0,1	224	99
175,125	2,3	91,82	1,0	182	99
58,30	0,1	16,8	0,0	212	99
12,3	0,1	1,3	0,0	131	99
58,32	1,0	22,15	0,0	170	99
83,76	2,0	28,14	0,0	164	99
91,73	0,0	26,13	0,1	374	99
1265,990	2,2	501,314	0,0	196	99
194,169	3,0	73,43	0,0	367	99
345,333	1,0	137,67	1,0	194	99
220,205	0,2	58,48	0,0	199	99
234,212	4,1	50,45	0,2	177	99
417,376	4,1	107,85	0,2	183	99
249,296	0,0	155,123	0,1	352	99
678,796	1,0	328,202	0,0	229	99
302,243	2,0	197,117	0,0	242	99
659,518	0,1	289,216	0,0	248	99
1495,1337	1,1	1107,629	0,0	237	99
1526,1345	0,0	845,571	2,0	183	99
1222,1192	795,755	713,456	427,219	245	99
1770,1305	0,1	1083,609	0,0	155	99
1755,1762	0,1	1010,712	0,0	150	99
3178,3253	1,0	2034,1298	0,0	231	99
376,351	0,0	346,196	0,1	184	99
739,711	0,1	632,388	0,0	345	99
807,747	1,0	727,437	1,0	354	99
50,23	0,2	21,7	0,0	145	99
408,437	0,1	133,111	1,1	163	99
225,239	2,0	182,91	0,0	146	99
404,304	0,0	230,149	1,1	159	99
520,468	0,0	316,170	1,0	177	99
182,171	7,4	102,57	0,0	173	99
239,168	6,1	105,51	0,1	145	99
316,301	0,1	229,142	0,0	180	99
831,672	6,1	584,261	0,0	184	99
489,368	112,75	241,111	131,57	162	99
253,183	2,0	119,59	3,1	162	99
441,367	2,0	354,181	3,1	159	99
582,484	4,7	348,177	1,0	159	99
58,39	1,2	38,25	3,0	153	99
186,160	1,4	97,62	2,1	241	99
0,3	429,400	0,0	238,130	207	99
93,85	9,4	38,35	0,1	181	99
3397,3367	1,0	2043,1431	2,0	147	99
3929,3352	0,0	2268,1335	2,0	144	99
138,211	112,94	111,62	90,81	180	99
118,98	2842,3184	55,45	1925,1213	263	99
959,902	0,1	437,387	0,0	271	99
173,183	0,0	141,86	0,2	141	99
233,228	6,0	158,124	3,0	217	99
182,206	0,1	147,110	0,0	158	99
2578,2171	1,0	1452,885	0,0	153	99
1067,941	5,1	449,283	5,5	217	99
150,89	3,2	70,35	4,0	194	99
301,277	1,2	238,95	0,1	301	99
2289,1965	2,0	2117,1344	1,0	114	99
4137,3575	2,1	3606,2302	5,7	162	99
1119,1264	4,7	607,417	4,6	161	99
155,105	1,0	103,51	0,0	270	99
352,338	1,0	333,174	0,0	146	99
312,302	0,0	259,157	6,4	138	99
120,133	0,0	100,71	6,4	162	99
1087,892	0,0	590,332	1,0	226	99
1,2	80,74	1,0	77,53	181	99
41,31	2,0	61,21	0,1	125	99
4147,3261	2,0	1121,921	0,0	203	99
432,339	1,0	275,150	1,0	249	99
899,807	0,2	469,301	0,0	164	99
1513,1628	0,2	717,540	0,0	220	99
292,285	2,0	123,89	0,0	289	99
130,149	0,0	79,46	0,1	165	99
339,393	0,0	205,143	1,0	346	99
142,165	2,0	81,56	0,1	261	99
15,13	1,0	5,10	0,0	161	99
731,810	9,13	333,210	3,3	366	99
1199,1101	1,1	556,366	0,0	239	99
20,27	3,3	25,18	1,0	213	99
52,36	1,0	44,21	0,1	206	99
209,172	1,2	103,86	1,0	165	99
740,504	9,1	410,209	1,0	191	99
305,239	4,2	193,103	0,0	191	99
7199,6793	9,1	5081,3158	3,1	211	99
1550,1526	0,1	837,503	0,0	163	99
161,111	11,7	59,42	0,1	180	99
160,149	0,1	127,80	0,0	215	99
63,45	0,0	25,11	1,1	299	99
12247,12084	0,0	5585,3901	0,1	173	99
56,38	152,128	18,11	121,55	133	99
2433,2207	0,1	1168,671	0,0	196	99
20,30	109,84	21,11	48,21	138	99
6239,5849	93,59	3303,2015	5,5	159	99
8341,6823	15,9	4098,2528	8,1	192	99
20870,21617	0,1	12552,7628	0,0	1818	99
326,317	2,0	210,115	0,0	159	99
35,20	0,0	12,13	0,3	218	99
423,302	1,0	149,84	0,0	196	99
22989,19056	2,0	17247,11321	0,0	264	99
54,55	1,5	26,23	0,0	281	99
68,76	1,5	39,31	0,0	261	99
59,46	1,2	29,15	0,0	140	99
127,112	1,2	51,36	0,0	193	99
186,212	1,0	129,75	0,0	217	99
192,198	0,2	94,52	1,0	255	99
128,130	0,0	58,38	1,0	186	99
62,56	0,0	32,34	2,0	260	99
99,96	0,0	53,44	2,0	251	99
85,58	0,0	43,25	2,0	155	99
53,39	0,2	16,12	1,0	184	99
85,87	0,1	28,17	0,0	197	99
30,50	10,0	27,27	1,0	206	99
85,92	10,0	62,59	1,0	298	99
342,300	3,0	211,159	0,0	136	99
565,528	2,3	285,209	0,0	240	99
382,330	2,3	189,137	0,0	330	99
813,748	0,2	370,257	0,0	155	99
5,2	47,49	0,0	32,8	224	99
39,41	9,5	22,7	3,1	159	99
314,255	2,0	111,97	0,0	144	99
477,449	0,4	267,193	0,0	209	99
206,154	0,1	71,66	0,0	225	99
5027,3839	15,10	2221,1314	10,6	1729	99
28,26	1,0	31,10	0,0	143	99
6,0	961,843	0,0	478,313	146	99
1052,864	0,1	455,315	0,0	172	99
108,78	1,1	23,32	0,4	411	99
159,97	1,0	78,67	0,0	197	99
173,155	0,0	91,61	0,1	223	99
461,401	2,3	229,132	0,1	107	99
8505,6864	1,3	3681,2184	0,0	1796	99
8533,6868	1,3	3697,2199	0,0	1799	99
8568,6929	1,3	3723,2216	0,0	1836	99
81,70	0,0	38,25	0,1	204	99
3200,1830	0,1	420,314	0,0	289	99
64,40	0,1	93,43	0,0	155	99
69,76	0,2	80,49	1,2	185	99
2218,2007	0,1	1360,810	0,0	259	99
16,5	270,243	6,2	122,96	167	99
32,46	0,0	16,4	1,0	144	99
17042,15204	2,0	9320,5827	0,0	3033	99
2,0	18,6	0,0	5,1	156	99
367,296	0,0	223,120	0,1	160	99
570,397	1,1	346,170	0,0	179	99
227,263	0,2	106,71	0,0	157	99
25928,24422	0,1	12127,7537	0,0	2165	99
9509,8753	1,0	4751,3173	0,0	376	99
122,99	9,1	102,59	10,4	212	99
302,286	0,0	285,179	1,1	225	99
750,751	5,20	403,340	3,3	310	99
762,507	1,1	445,185	0,0	236	99
169,148	0,1	114,53	0,1	195	99
198,160	0,0	130,72	2,0	180	99
302,238	1,0	170,92	1,0	164	99
36,31	79,75	11,17	24,11	155	99
623,587	11,23	335,236	1,3	273	99
673,653	1,1	362,256	0,0	273	99
202,137	0,0	127,42	1,0	177	99
19,23	1,0	16,11	1,1	157	99
3,15	0,0	2,2	2,0	185	99
2317,2001	0,0	1555,1011	1,1	153	99
514,488	1,0	244,123	0,0	153	99
13812,10679	1,2	9323,4563	0,0	201	99
396,283	1,0	294,160	0,0	162	99
48,58	1,0	26,21	0,0	146	99
102,84	1,0	60,48	0,0	173	99
67,52	7,6	53,44	6,0	149	99
28933,25494	3,7	21082,14146	0,2	165	99
165,141	0,0	103,61	1,0	216	99
41,32	0,1	25,17	0,0	141	99
533,519	12,8	259,134	2,1	216	99
18,20	15,19	12,8	13,11	150	99
357,396	0,1	153,156	0,0	121	99
966,838	0,2	602,447	0,0	144	99
186,184	1,0	92,62	1,0	338	99
1,6	16,16	5,2	12,12	172	99
2,8	16,16	4,4	12,12	146	99
216,232	0,0	118,80	2,0	187	99
271,255	0,1	141,76	0,0	216	99
427,537	1,0	248,228	0,0	122	99
23,23	61,49	26,14	33,22	180	99
240,170	2,10	87,78	5,2	169	99
423,442	1,1	220,142	0,0	168	99
271,260	1,0	258,161	0,0	202	99
269,237	1,0	220,141	0,0	211	99
893,773	1,0	490,315	0,0	155	99
55,56	2,0	46,32	0,0	177	99
37,34	2,0	18,9	0,0	144	99
221,176	0,2	122,63	0,0	168	99
476,553	20,9	219,145	5,11	161	99
227,159	410,334	105,73	235,80	200	99
1,1	8,0	1,2	2,0	163	99
214,189	1,0	119,56	0,0	264	99
289,288	1,0	148,72	0,0	213	99
453,471	3,6	255,148	0,1	278	99
2204,2179	2,0	1454,849	0,0	182	99
308,252	0,1	140,79	0,0	160	99
626,384	20,13	311,164	7,2	170	99
281,233	0,0	152,81	2,0	181	99
4129,3945	22,23	2176,1575	10,18	126	99
408,334	0,1	199,130	0,0	219	99
588,542	1,0	251,166	0,0	286	99
3221,2571	0,1	2081,1345	2,3	176	99
130,122	3,0	51,36	0,0	209	99
100,99	0,2	25,22	0,0	165	99
474,417	0,0	253,149	4,0	162	99
136,103	1,1	65,37	1,2	205	99
178,138	1,0	47,49	0,0	136	99
18,7	0,1	3,4	0,0	163	99
368,358	0,1	185,90	0,0	185	99
840,745	0,1	425,259	0,0	162	99
2184,1657	0,0	1526,773	0,1	184	99
4233,3533	0,0	3003,1627	3,0	145	99
4,5	1529,1675	4,3	998,759	165	99
388,343	2,0	211,120	0,0	258	99
59,80	0,1	34,18	0,1	145	99
315,310	1,2	190,116	0,3	331	99
186,163	19,9	148,108	11,2	162	99
2795,2485	2,0	1538,913	0,0	164	99
883,915	0,1	452,244	0,1	153	99
429,341	2,0	216,130	1,0	188	99
303,252	1,1	147,101	0,1	227	99
36,34	1,1	32,22	0,0	253	99
103,74	1,5	63,31	2,0	164	99
84,73	10,5	99,42	9,1	311	99
2168,1892	0,3	800,537	0,0	190	99
5,1	22,15	2,5	21,12	155	99
57,37	0,0	60,47	1,0	254	99
264,233	2,0	140,119	0,0	163	99
416,349	0,2	204,106	0,0	192	99
354,339	0,1	169,103	0,0	180	99
734,725	0,2	409,248	0,0	294	99
260,271	0,0	214,143	0,1	222	99
1485,1725	2,0	744,529	0,0	194	99
840,740	1,1	431,275	4,0	397	99
498,525	1,3	282,217	0,0	192	99
871,788	1,1	422,278	4,0	192	99
1198,1172	1,3	641,451	0,0	222	99
1571,1440	1,1	777,513	4,0	222	99
581,490	2,2	223,151	1,1	208	99
68,52	7,9	31,15	0,0	171	99
458,263	0,1	269,152	1,2	161	99
223,222	1,0	135,57	0,0	355	99
1891,1647	0,1	927,509	0,0	195	99
56,72	0,3	17,16	0,0	157	99
31,25	0,1	8,6	0,0	149	99
1095,1039	1,3	612,410	0,0	150	99
681,586	10,12	522,335	3,0	197	99
719,492	2,0	545,312	0,0	192	99
330,255	3,1	122,103	3,0	156	99
313,296	0,0	297,145	1,0	165	99
81,66	1,0	17,16	0,0	165	99
1783,1499	3,8	1134,706	3,2	206	99
984,813	0,0	499,327	0,2	165	99
595,468	1,0	179,121	0,0	232	99
67,51	33,41	42,33	25,13	160	99
426,335	1,0	170,133	0,0	122	99
2331,1632	59,35	771,537	4,11	221	99
4,0	157,127	1,0	98,54	127	99
599,599	2,1	353,203	0,0	205	99
64,62	0,2	24,15	0,0	201	99
3,1	0,2	17,9	0,0	174	99
13,9	4,3	4,2	0,2	117	99
12,13	101,118	10,9	43,36	118	99
508,421	1,0	240,140	0,0	159	99
723,557	0,0	449,286	0,1	207	99
618,505	0,0	399,234	0,1	211	99
686,767	1,4	519,281	7,2	358	99
476,533	1,4	355,211	7,2	468	99
57,36	6,3	29,15	2,1	123	99
80,106	173,233	41,15	83,71	232	99
985,775	0,0	515,248	1,0	189	99
556,377	1,0	299,121	0,0	189	99
84,90	1,0	42,18	0,0	128	99
513,481	1,0	256,144	0,0	128	99
78,57	98,100	37,31	19,25	208	99
300,211	0,1	107,96	0,1	172	99
235,220	1,0	98,86	0,0	206	99
14,8	0,0	17,19	3,0	120	99
3848,3965	1,0	2763,1464	0,0	278	99
508,537	8,2	143,71	0,0	235	99
194,146	0,5	122,57	0,0	159	99
9,21	3,5	2,1	2,0	210	99
1726,1640	0,0	621,423	0,1	160	99
111,110	0,1	45,12	0,0	350	99
468,483	5,2	301,187	2,0	206	99
41,60	14,24	32,29	8,7	155	99
21,19	14,24	12,11	8,7	141	99
151,114	0,0	127,65	4,0	247	99
28,16	196,185	24,5	111,74	148	99
739,561	2,1	443,232	0,1	221	99
1940,1536	0,2	1094,611	0,0	132	99
3,6	214,246	0,1	150,95	191	99
3,3	395,342	0,1	203,160	139	99
191,151	0,2	88,49	0,1	140	99
181,208	0,0	82,57	1,0	182	99
245,258	1,0	113,65	0,0	192	99
88,95	1,0	48,30	1,1	145	99
41,27	227,229	43,17	108,65	236	99
58,44	227,229	45,15	108,65	266	99
614,504	0,0	379,231	0,2	207	99
1,8	8,9	13,3	24,5	157	99
70,77	0,0	23,28	1,0	242	99
143,164	0,0	40,58	1,0	244	99
399,321	0,0	206,137	1,0	321	99
676,582	0,0	366,227	1,0	177	99
1527,1345	0,2	787,462	0,1	301	99
1046,600	9,5	518,259	5,0	215	99
51,53	4,0	41,31	0,0	224	99
3480,3394	1,0	2409,1642	0,0	155	99
180,148	1,0	83,59	0,0	220	99
624,560	1,3	339,161	0,0	170	99
498,312	0,0	89,50	4,0	140	99
142,202	0,0	55,70	1,0	189	99
740,697	1,0	409,275	0,0	191	99
420,459	6,4	194,120	8,7	164	99
1191,1085	2,0	846,504	0,0	132	99
260,226	0,0	151,83	1,0	207	99
327,320	0,0	174,112	1,0	228	99
120,99	0,1	66,32	0,0	168	99
166,116	7,3	83,47	1,2	194	99
119,82	7,3	60,36	1,2	161	99
9087,6940	1,1	3772,2203	0,0	237	99
56,55	0,0	16,11	1,0	249	99
17,11	13,6	9,4	3,1	129	99
6,1	39,35	2,0	18,11	129	99
8,4	88,65	15,9	58,16	129	99
745,593	0,0	431,211	1,0	249	99
220,234	2,0	107,73	0,0	310	99
0,0	513,402	0,3	205,122	231	99
1501,1606	0,0	1063,740	1,0	314	99
74,58	92,91	41,28	47,25	410	99
45,48	92,91	21,14	47,25	155	99
546,449	1,0	273,196	0,0	357	99
296,285	0,0	146,96	3,0	144	99
254,212	0,0	122,87	1,0	206	99
367,355	0,3	201,128	2,0	162	99
1269,1133	0,0	479,299	2,0	108	99
5348,5756	1,0	2037,1474	0,0	192	99
1409,1486	0,1	591,481	0,0	350	99
1864,1874	1,1	1012,712	0,0	373	99
1852,1835	1,1	954,675	0,0	366	99
744,729	0,0	297,228	0,2	295	99
5,4	228,252	1,3	92,75	272	99
99,91	1,1	73,43	1,1	162	99
0,1	953,885	0,0	344,260	145	99
0,1	953,885	0,0	344,260	171	99
8,11	0,2	3,6	0,0	245	99
759,557	1,0	106,69	0,0	219	99
837,767	12,2	464,307	15,3	284	99
735,709	12,2	449,275	15,3	177	99
138,170	55,42	103,74	13,14	195	99
63,62	0,2	23,16	0,0	199	99
0,1	0,5	2,0	0,0	160	99
1960,1404	0,1	1097,495	0,0	236	99
947,964	1,3	645,335	0,1	197	99
475,379	0,1	188,173	0,0	194	99
7051,6269	2,0	3930,2392	0,0	1351	99
7883,6979	2,0	4358,2693	0,0	906	99
80,67	86,108	25,12	40,32	188	99
103,88	86,108	25,23	40,32	185	99
502,475	0,1	299,131	4,0	130	99
781,622	2,4	325,179	0,0	167	99
2585,2450	5,11	1265,701	6,3	184	99
3617,3525	5,11	1924,1139	6,3	179	99
3527,3324	2,0	1988,1133	1,0	147	99
3424,3456	0,1	1878,1196	0,0	160	99
531,486	1,0	419,252	0,0	195	99
365,333	0,0	175,94	0,2	167	99
1426,1284	0,1	549,376	0,0	129	99
13,15	14,5	10,4	2,0	200	99
31,29	6,1	15,10	1,0	171	99
0,2	6,1	7,1	1,0	431	99
1866,1871	0,0	1119,731	0,2	156	99
61,55	18,39	23,16	2,11	114	99
1011,944	2,2	284,265	0,1	283	99
2610,2870	0,5	1310,912	0,0	141	99
669,713	1,0	367,223	0,0	141	99
6069,5056	3,2	3214,1855	1,1	166	99
44,52	0,0	14,19	0,3	176	99
124,108	0,1	50,43	0,0	151	99
141,120	2,0	99,45	3,0	212	99
182,133	2,0	85,44	3,0	190	99
175,161	2,0	62,65	0,0	157	99
7,15	0,1	16,4	0,3	151	99
107,82	0,0	56,33	0,1	155	99
533,525	3,0	298,175	0,0	165	99
954,909	1,6	506,275	2,1	161	99
298,339	1,5	214,131	0,1	157	99
642,495	0,1	369,207	0,5	200	99
263,179	0,1	161,77	0,0	176	99
12561,9330	0,0	7371,4616	3,0	165	99
56,50	953,831	20,12	599,430	253	99
1007,940	4,2	640,380	1,0	183	99
1673,1482	2,2	1089,575	0,1	156	99
1455,1459	11,1	827,542	0,0	184	99
118,79	3,0	43,18	0,0	137	99
973,887	4,1	572,406	0,0	241	99
531,510	2,4	316,227	1,0	241	99
293,280	2,4	194,87	1,0	167	99
720,651	0,3	439,258	0,0	167	99
142,140	0,4	98,63	0,0	131	99
224,189	0,0	133,63	0,1	213	99
308,305	0,2	95,59	0,0	224	99
1010,965	0,2	552,367	0,0	163	99
0,2	1427,1162	0,0	711,417	222	99
160,126	0,0	91,41	2,0	186	99
394,285	3,0	111,65	1,0	157	99
204,191	3,0	41,39	1,0	145	99
5,6	303,272	2,1	109,94	149	99
214,191	0,2	155,80	0,0	175	99
85,71	0,1	12,16	0,0	183	99
132,117	0,0	88,42	1,0	207	99
34,30	4,0	18,20	1,2	181	99
66,75	0,7	28,27	0,0	346	99
35,8	11,23	9,12	11,6	185	99
57,40	0,2	36,29	2,3	1177	99
28,40	0,2	35,21	2,3	1150	99
10,26	0,2	15,8	2,3	181	99
20,36	0,2	17,9	2,3	145	99
270,318	1,3	119,99	0,0	183	99
921,689	0,1	503,278	0,1	249	99
84,79	74,41	62,22	51,25	286	99
1819,1123	13,4	1127,591	1,2	227	99
611,577	0,0	349,217	0,2	150	99
325,308	3,0	225,106	0,3	185	99
11,6	3,0	1,1	0,0	231	99
71,58	3,0	26,18	0,0	173	99
1311,890	0,0	738,402	1,1	166	99
4017,4076	1,0	1710,998	2,2	231	99
306,314	0,1	179,105	0,0	147	99
66,38	274,295	32,11	136,124	233	99
2745,2710	2,2	1859,1197	0,2	147	99
43,35	0,0	33,25	2,0	267	99
300,202	1,0	121,84	0,0	230	99
230,137	0,4	139,94	0,0	188	99
53,48	1,0	26,14	0,0	176	99
4459,3568	2,1	3541,1664	0,1	1154	99
4725,3829	2,1	3735,1768	0,1	1202	99
215,175	0,1	134,56	0,0	212	99
319,256	0,0	147,90	0,5	142	99
33,31	268,182	12,8	122,70	209	99
163,148	0,0	64,39	2,0	248	99
152,135	0,1	72,56	0,0	169	99
125,104	0,1	22,23	1,0	127	99
784,775	3,1	311,198	0,0	124	99
940,769	0,2	500,252	0,0	183	99
1852,1672	7,9	1053,560	1,2	165	99
79,54	56,58	47,46	30,15	628	99
2374,2193	0,5	1613,965	1,0	158	99
334,327	0,0	176,113	1,1	338	99
169,123	1,0	72,44	0,0	378	99
1078,672	99,121	1019,590	63,24	520	99
551,513	10,0	265,155	0,2	152	99
2666,2165	6,2	1707,959	4,1	166	99
4519,3591	4,0	2741,1499	0,0	249	99
99,138	5,5	71,57	2,5	193	99
122,134	0,1	73,41	0,0	172	99
251,211	0,2	88,74	0,0	185	99
2060,1674	1,0	1275,705	0,0	214	99
210,179	11,13	130,86	14,7	159	99
603,530	0,0	369,216	0,1	187	99
304,268	0,0	140,96	1,0	165	99
61,40	1,0	19,7	0,0	186	99
351,315	0,1	115,106	0,0	201	99
1250,1004	0,0	882,579	0,1	172	99
437,325	0,0	297,188	0,1	157	99
747,619	9,11	422,196	0,0	214	99
167,133	0,5	71,59	0,0	170	99
132,113	0,0	68,50	1,0	226	99
1809,1720	0,0	1029,637	0,1	524	99
437,353	3,0	217,143	0,0	216	99
70,59	566,647	12,14	256,202	189	99
220,163	0,1	146,81	0,0	182	99
1,3	384,195	2,1	129,77	135	99
28,20	0,1	8,12	0,0	150	99
115,146	0,0	60,37	0,2	145	99
178,147	1,1	44,42	0,0	226	99
574,542	28,11	378,290	12,7	158	99
75,58	5,1	41,14	1,1	162	99
357,283	23,22	220,113	8,9	239	99
1744,1443	0,1	1104,704	0,0	291	99
801,750	2,0	568,316	0,1	202	99
138,167	6,1	64,53	2,0	161	99
56,64	6,1	30,23	2,0	165	99
61,78	6,1	30,20	2,0	156	99
261,219	3,6	124,88	2,3	133	99
492,384	4,0	204,169	0,0	155	99
142,151	1,0	73,44	0,0	213	99
339,328	1,0	144,100	0,0	466	99
339,269	1,1	148,94	0,0	187	99
30,20	7,1	16,9	3,0	176	99
235,118	2,0	121,54	0,0	172	99
46,25	0,1	4,4	0,0	324	99
131,129	4,2	48,38	0,0	166	99
16,13	307,301	15,18	165,128	223	99
921,785	2,0	505,298	1,0	200	99
10464,8667	0,0	7451,3689	2,0	344	99
7553,6149	0,0	5427,2563	2,0	339	99
1119,1008	0,0	548,381	1,0	231	99
96,64	2,0	42,21	0,1	214	99
3541,3453	0,0	3278,2175	2,0	258	99
949,854	3,9	582,372	6,4	234	99
713,631	4,1	315,214	0,0	136	99
25,23	11,22	3,8	7,2	176	99
64,55	182,204	13,17	66,50	176	99
222,263	11,8	116,95	4,8	130	99
523,348	2,0	248,151	0,0	185	99
183,205	0,1	76,31	0,0	405	99
0,2	1,1	0,0	2,0	185	99
559,512	0,1	264,152	0,0	156	99
607,598	6,1	317,209	0,0	188	99
864,709	1,0	449,228	0,0	202	99
9,26	0,0	11,11	1,5	175	99
416,334	2,2	213,85	1,0	184	99
279,203	3,0	150,48	0,0	184	99
317,243	0,1	169,88	0,1	124	99
587,535	2,0	319,192	0,0	162	99
500,525	1,0	322,186	0,0	162	99
319,222	3,4	123,86	3,1	183	99
237,166	2,0	101,44	0,0	135	99
77,43	2,0	23,12	0,0	150	99
298,244	1,0	141,84	2,0	172	99
460,337	3,0	160,98	0,0	207	99
331,270	26,21	141,93	20,4	194	99
283,300	1,0	156,76	0,0	165	99
398,395	0,1	172,119	0,0	257	99
380,377	0,4	166,116	0,0	257	99
126,171	1,0	78,53	0,0	278	99
231,216	0,2	170,73	0,0	197	99
24,25	0,4	10,9	1,1	321	99
6,3	0,4	5,1	1,1	142	99
3,2	0,4	2,1	1,1	147	99
60,61	16,5	22,7	7,4	159	99
1,8	72,80	2,4	24,20	138	99
3,0	15,20	0,0	10,2	138	99
199,190	0,3	61,45	0,0	165	99
111,130	0,0	44,32	1,0	144	99
37,43	178,150	12,10	104,69	192	99
272,231	2,0	119,98	0,0	205	99
27000,22261	0,0	18708,9673	2,0	145	99
646,598	0,4	303,229	0,0	209	99
174,150	1,0	110,49	0,0	146	99
2772,2632	2,3	2014,1508	0,0	751	99
12,7	73,45	6,1	38,23	155	99
102,70	1,1	77,41	0,0	137	99
62,53	39,26	48,47	25,10	230	99
101,129	44,33	125,79	19,4	493	99
94,138	26,31	124,79	6,5	493	99
103,143	44,33	140,84	19,4	564	99
150,188	44,33	185,105	19,4	745	99
157,191	26,31	202,107	6,5	745	99
461,432	1,0	365,201	0,0	1087	99
316,244	1,0	168,95	0,0	302	99
298,242	1,0	154,96	0,0	299	99
175,146	1,0	72,33	0,0	165	99
644,491	1,0	296,193	0,0	208	99
131,95	0,0	56,37	0,1	154	99
562,496	0,2	289,194	0,0	180	99
43710,38338	0,0	33180,19778	6,0	276	99
681,544	8,5	362,219	4,0	287	99
231,161	8,5	120,77	4,0	200	99
452,449	0,1	213,140	0,0	162	99
372,325	1,0	180,112	0,0	143	99
1,4	1,3	5,0	1,3	141	99
26,12	0,0	13,8	1,0	253	99
2,2	14,1	2,1	9,2	155	99
302,274	3,2	116,83	0,2	180	99
642,514	0,1	359,227	0,0	221	99
3772,3265	5,2	3066,1850	3,0	161	99
34,18	422,399	16,12	239,157	159	99
69,59	1,0	19,14	0,0	160	99
123,85	2,1	30,22	0,0	160	99
45,48	1,0	12,12	0,0	151	99
415,439	1,0	160,97	0,0	269	99
709,813	0,1	369,265	0,0	260	99
17,12	18,27	8,4	8,4	131	99
195,211	2,0	139,86	0,0	171	99
2,0	164,155	0,1	89,56	195	99
31,34	551,299	56,19	238,96	144	99
83,102	437,393	76,34	294,160	182	99
381,308	3,0	243,153	0,1	106	99
192,174	2,0	84,54	0,0	242	99
44,37	0,0	22,9	4,0	160	99
1259,1069	0,2	337,188	0,0	239	99
38,28	2,0	12,17	0,1	195	99
717,720	7,7	350,226	4,3	145	99
1332,1102	0,1	682,378	0,0	216	99
975,910	0,1	577,254	0,0	382	99
143,142	7,5	54,32	2,4	176	99
22492,27841	0,2	8384,6128	0,0	180	99
640,573	2,1	414,288	2,3	161	99
847,683	1,0	564,338	0,0	199	99
188,266	0,1	91,75	1,0	252	99
100,58	42,30	81,47	6,12	164	99
93,64	28,25	76,38	9,8	164	99
89,56	28,25	39,26	9,8	140	99
100,62	48,43	63,36	33,12	140	99
0,1	28,41	0,2	20,13	161	99
59,88	15,4	51,32	6,4	200	99
140,173	15,4	77,63	6,4	252	99
152,184	15,4	91,62	6,4	348	99
149,187	15,4	98,63	6,4	355	99
16,27	1,0	4,6	3,1	157	99
1154,815	0,1	687,361	0,0	150	99
196,164	0,2	65,44	0,0	161	99
4,1	33,39	1,1	3,7	249	99
339,221	2,2	264,118	1,1	203	99
231,249	1,2	121,108	2,1	172	99
589,422	0,0	278,203	0,1	258	99
112,98	1,0	104,58	0,0	129	99
202,157	5,4	106,63	0,3	212	99
150,143	8,9	75,53	2,1	193	99
159,144	1,0	86,86	0,0	254	99
183,185	1,0	96,93	0,0	257	99
149,140	1,0	127,74	0,0	170	99
1827,1823	4,5	889,629	2,2	257	99
20,14	1,0	41,23	1,0	172	99
138,132	8,1	107,48	5,1	210	99
40,48	127,134	42,23	60,54	171	99
27,25	127,134	23,12	60,54	148	99
7,1	0,0	0,0	0,1	265	99
2,0	0,0	0,0	0,1	175	99
665,569	0,2	468,231	0,0	163	99
3,3	213,190	1,0	93,77	222	99
80,77	0,1	33,32	0,0	335	99
152,124	0,3	74,28	0,0	358	99
3693,2644	0,0	1473,825	1,0	152	99
107,150	22,21	51,36	17,3	179	99
239,251	134,148	120,84	58,47	179	99
473,451	0,1	246,119	0,0	198	99
214,198	0,1	115,63	0,0	186	99
972,789	0,0	617,343	1,0	205	99
737,854	3,0	559,372	0,0	204	99
240,207	2,1	129,75	0,0	142	99
109,125	2,1	69,48	0,0	159	99
407,292	0,0	236,92	1,0	156	99
688,568	0,0	306,201	1,0	219	99
530,552	0,0	341,246	1,0	171	99
335,356	6,3	174,83	2,1	198	99
41,28	0,1	34,14	0,0	175	99
8,18	7,2	10,8	1,1	143	99
240,318	0,3	132,88	0,0	210	99
122,122	0,1	45,34	0,0	183	99
17832,17951	0,2	9557,6162	0,1	371	99
3165,2554	1,2	2143,1195	1,1	142	99
112,84	7,7	26,27	3,0	138	99
5,6	78,71	0,0	30,21	171	99
4,6	1,4	0,0	2,0	171	99
1,1	78,71	0,0	30,21	145	99
16613,15797	0,1	8528,5408	0,0	282	99
292,196	2,0	143,70	0,0	201	99
489,411	1,2	193,138	0,0	463	99
563,505	0,1	226,161	2,0	463	99
460,501	5,5	239,163	2,2	187	99
211,188	0,0	108,53	0,2	171	99
170,131	1,1	90,50	0,0	155	99
548,414	0,1	317,167	0,0	243	99
2,11	1,2	6,4	0,0	130	99
15,30	1,2	11,5	0,0	145	99
688,720	1,0	467,356	0,0	290	99
5020,3877	8,5	3359,1698	6,2	135	99
91,60	337,334	10,15	222,125	155	99
63,39	4,2	23,12	0,0	137	99
246,188	7,4	163,89	0,2	149	99
94,137	13,15	22,37	4,2	180	99
955,715	1,0	543,257	0,0	151	99
361,288	1,0	196,115	0,0	463	99
30,35	0,2	14,7	2,1	176	99
5,3	1,0	3,1	0,0	280	99
264,276	0,0	51,31	4,1	199	99
343,300	1,0	138,61	0,0	217	99
350,365	2,0	214,142	0,0	229	99
82,34	8,5	47,31	0,1	669	99
263,247	0,0	153,76	0,2	225	99
13,12	140,131	6,2	130,66	163	99
29,18	1,0	3,14	0,0	171	99
102,105	0,1	48,47	0,0	162	99
138,98	0,5	47,23	4,4	172	99
1740,1751	0,1	940,618	0,0	150	99
28,25	380,333	18,10	209,143	199	99
489,463	0,1	196,112	0,0	199	99
421,453	2,2	231,153	0,0	179	99
877,822	1,1	270,191	0,0	204	99
923,795	3,0	209,185	0,0	153	99
212,229	2,1	133,91	0,0	141	99
850,965	13,6	556,377	7,3	223	99
634,641	0,2	353,261	0,1	164	99
40,20	39,49	22,17	14,15	176	99
200,211	3,4	140,97	0,0	255	99
326,374	3,4	243,179	0,0	237	99
183,195	3,4	128,84	0,0	231	99
151,142	10,3	77,51	5,7	139	99
1,0	473,351	0,1	225,146	139	99
6,9	10,3	3,6	5,7	127	99
53,66	4,0	15,8	0,0	211	99
111,104	1,0	27,23	0,0	344	99
28,41	6,3	3,7	0,0	170	99
177,178	2,0	70,53	0,0	180	99
91,94	1,0	41,31	0,0	132	99
515,388	9,6	319,235	0,0	129	99
154,144	2,4	66,51	2,4	173	99
149,165	3,5	131,88	0,0	181	99
533,461	0,1	307,162	0,0	212	99
1241,916	3,0	741,406	2,0	197	99
19,7	7,9	7,5	2,3	161	99
267,285	2,0	176,85	0,0	185	99
183,199	16,11	99,76	10,14	289	99
1212,984	3,0	810,390	2,0	207	99
1134,1060	0,3	659,435	1,0	243	99
23,38	3,3	16,16	4,0	246	99
637,485	2,0	249,169	0,0	167	99
6155,5276	0,3	2651,1651	0,0	183	99
8088,7384	0,2	3489,2401	0,2	252	99
3565,3386	0,3	1641,1259	0,1	165	99
499,493	0,1	191,137	0,0	177	99
4362,3097	167,96	2697,1260	34,19	117	99
611,464	9,4	380,174	6,1	117	99
41,30	2,0	18,8	0,0	110	99
11023,9509	0,1	6641,3941	0,0	238	99
27,16	1,0	1,4	0,0	162	99
271,227	0,2	111,63	0,0	105	99
799,532	0,0	382,218	0,1	156	99
251,264	1,0	110,84	0,0	165	99
268,315	1,0	171,117	0,0	255	99
621,647	0,0	315,223	3,0	165	99
437,466	1,0	233,192	2,0	268	99
63,98	1,2	51,28	7,0	235	99
114,140	1,2	78,60	7,0	246	99
54,19	11,8	14,13	9,12	144	99
98,79	3,2	44,30	0,3	233	99
281,308	0,0	177,103	1,0	171	99
1924,1728	0,4	1066,731	1,2	208	99
16,13	2,3	7,2	1,0	195	99
25,24	43,55	23,8	23,22	195	99
6,16	145,105	16,4	68,33	263	99
367,362	1,0	220,138	0,0	186	99
304,335	2,1	179,119	0,0	160	99
46,51	28,25	17,8	11,4	155	99
28,25	28,25	11,7	11,4	206	99
1079,987	1,0	494,290	0,0	222	99
1309,1306	0,2	666,410	0,3	260	99
391,258	6,8	193,156	3,3	178	99
381,364	0,0	241,150	0,4	233	99
245,174	1,0	163,111	0,0	173	99
168,154	9,5	156,77	9,5	171	99
3101,2497	1,0	1549,927	0,0	366	99
260,203	35,13	192,96	6,5	117	99
1295,1273	4,0	617,427	2,4	104	99
1533,1236	1,0	1181,759	0,0	229	99
137,78	0,1	81,55	3,0	158	99
13751,13372	0,0	6821,4381	0,3	3157	99
356,347	266,332	159,98	215,130	147	99
5395,4888	0,1	2843,1691	0,1	175	99
43,39	0,0	37,29	0,2	144	99
16,0	538,444	12,3	295,185	189	99
7,7	2,3	3,2	3,0	122	99
28,49	2,3	17,16	3,0	197	99
17,19	1,0	2,3	0,0	113	99
105,80	0,2	44,23	0,0	153	99
184,166	0,0	59,50	2,0	176	99
144,172	0,7	56,52	0,0	137	99
206,185	1,0	75,63	0,0	168	99
195,230	16,8	110,77	0,1	224	99
127,126	0,4	52,41	0,0	224	99
221,281	1,2	95,50	0,0	137	99
419,435	0,2	144,90	0,0	186	99
6243,5575	7,13	5139,2933	9,0	219	99
2447,2379	7,13	2078,1340	9,0	192	99
3356,3014	3,5	2822,1648	2,0	137	99
4559,4237	0,0	3791,2358	0,1	201	99
3782,3488	0,1	3151,2115	1,0	145	99
1340,1264	0,1	1164,783	1,0	149	99
48,48	1,0	36,18	0,0	173	99
87,63	1,0	46,35	0,0	456	99
1942,1923	8,3	1036,747	2,3	173	99
273,198	0,0	117,65	1,0	234	99
500,493	1,0	246,109	0,0	184	99
19,12	92,77	37,14	22,24	180	99
17,17	92,77	17,8	22,24	137	99
327,316	0,2	217,99	3,0	197	99
1334,1178	5,0	877,579	2,1	234	99
19470,18038	1,0	9300,8224	0,2	217	99
69,81	1,0	42,39	0,2	222	99
167,111	1,0	62,51	0,2	525	99
429,242	1,0	113,80	0,2	1057	99
487,283	1,0	121,84	0,2	1452	99
45368,38737	9,3	23155,17108	5,3	249	99
239,245	1,0	115,82	0,0	197	99
83,79	96,98	30,31	44,36	161	99
44,39	96,98	14,8	44,36	127	99
10407,10694	0,0	5152,3012	1,0	206	99
19050,18675	0,0	9528,5466	1,0	202	99
103,59	0,0	76,43	0,1	345	99
80,63	0,2	32,12	0,0	352	99
63,44	0,2	30,9	0,0	367	99
677,749	1,0	476,344	0,1	161	99
2095,1919	0,0	1227,790	1,0	365	99
162,97	1,0	41,36	0,0	249	99
4792,3567	0,2	2376,1253	2,0	126	99
5,0	1,5	5,0	2,0	222	99
193,189	4,5	67,71	0,3	162	99
1218,877	0,0	639,450	1,0	164	99
106,98	0,0	53,44	0,2	186	99
143,132	0,4	64,26	0,1	158	99
327,267	0,1	242,109	0,0	231	99
3,0	163,100	0,0	108,44	132	99
9858,8671	2,1	6738,3616	0,1	258	99
5980,5357	2,1	4036,2212	0,1	252	99
596,599	15,7	382,214	1,1	200	99
426,338	0,2	274,137	0,1	155	99
731,575	4,0	279,216	0,0	204	99
456,288	0,1	181,111	0,0	198	99
62,63	0,2	54,28	3,0	427	99
156,156	0,1	77,40	0,0	197	99
1597,1236	0,0	1350,816	1,0	935	99
1615,1257	0,0	1378,831	1,0	1024	99
383,286	2,3	124,66	0,0	145	99
566,461	1,2	230,116	3,1	201	99
527,446	2,0	186,116	1,1	185	99
5,1	2,0	0,0	2,1	130	99
48,50	5,3	36,4	2,0	175	99
36,7	256,152	8,5	122,53	297	99
517,519	3,7	264,158	0,0	284	99
279,199	0,2	107,76	0,0	294	99
230,174	0,2	78,67	0,0	279	99
1382,1274	3,1	877,527	6,0	202	99
52,61	23,21	35,15	8,5	129	99
113,163	23,21	71,38	8,5	166	99
110,134	23,21	77,37	8,5	187	99
1,6	2,0	13,9	0,0	161	99
168,152	2,0	50,30	0,0	251	99
199,189	0,2	146,114	0,0	212	99
280,284	0,2	157,87	0,0	272	99
821,858	0,1	490,352	0,0	173	99
2754,2688	1,0	1567,990	1,0	615	99
0,2	339,373	0,0	157,88	192	99
315,279	1,3	200,116	0,0	192	99
2851,2457	0,0	1507,868	0,2	174	99
539,453	0,0	270,180	1,0	170	99
174,151	0,0	89,56	0,1	172	99
281,175	5,2	90,66	1,0	155	99
3487,2627	1,0	2214,1167	0,0	433	99
51,49	0,1	9,9	0,1	139	99
222,280	0,0	154,95	0,1	213	99
2710,2833	0,0	1654,1116	0,1	174	99
8300,6664	0,0	5100,3279	1,0	207	99
3599,2761	0,0	1076,655	1,0	131	99
861,949	1,0	485,312	0,0	279	99
1424,1293	4,1	928,504	0,1	144	99
1476,1256	0,1	754,429	0,0	180	99
627,569	12,2	362,203	3,0	305	99
576,607	0,1	358,285	0,0	241	99
136,236	1,0	68,63	0,0	158	99
415,511	1,0	158,121	0,2	175	99
268,218	30,15	209,85	6,5	113	99
401,376	3,0	245,137	0,0	185	99
19,9	0,2	12,7	0,0	125	99
403,332	0,0	217,117	0,1	151	99
88,60	9,11	45,17	2,2	186	99
225,161	1,0	108,60	2,0	163	99
129,100	1,0	81,35	2,0	167	99
19,23	0,0	14,9	1,0	165	99
306,310	1,6	182,123	1,1	269	99
42,47	0,0	10,4	0,1	150	99
268,256	3,0	149,85	0,0	165	99
1652,1511	1,3	1479,811	3,0	416	99
1323,1143	1,3	1203,579	3,0	337	99
933,908	0,1	919,392	0,0	178	99
959,1090	1,3	917,461	3,1	186	99
28,32	1,2	24,23	0,3	203	99
211,196	0,2	125,90	0,0	152	99
566,485	1,0	406,224	0,0	343	99
2,0	304,206	1,0	134,120	240	99
695,570	1,0	328,233	0,0	216	99
0,1	289,235	0,2	151,88	252	99
434,361	2,0	240,141	0,0	144	99
86,124	103,71	48,38	31,32	315	99
353,266	0,0	154,114	2,1	152	99
231,198	0,2	161,125	1,0	145	99
1618,1667	1,0	1255,682	0,1	213	99
4368,3258	0,0	2998,1520	1,0	192	99
121,58	3,1	44,39	0,0	152	99
10234,9136	6,0	5913,3785	0,3	236	99
9109,8074	1,0	5245,3238	0,0	175	99
337,298	1,1	151,77	0,1	191	99
255,226	5,2	90,57	0,0	191	99
370,327	1,1	185,96	0,1	188	99
285,251	5,2	128,75	0,0	188	99
1104,818	1,0	475,270	0,0	149	99
1685,1703	4,0	847,483	0,0	219	99
106,93	0,1	59,23	0,1	179	99
39,32	0,1	31,14	0,2	225	99
4,9	354,322	12,3	194,93	154	99
425,434	0,3	230,156	0,1	207	99
268,254	0,0	143,99	1,0	192	99
859,764	0,0	481,297	1,0	131	99
31,16	2367,1969	7,6	833,493	224	99
30,29	1,0	7,4	0,0	165	99
410,312	2,1	245,160	0,1	214	99
171,156	1,1	74,17	0,0	184	99
728,690	22,12	358,208	3,0	180	99
332,318	26,13	231,115	3,0	164	99
400,342	16,9	180,103	1,1	162	99
68,82	3,9	50,37	3,0	434	99
16,19	50,29	15,7	13,12	145	99
884,782	1,1	410,285	0,0	220	99
1,0	6,6	1,1	0,4	149	99
1206,1204	0,1	582,357	0,0	135	99
1606,1501	2,0	827,474	0,1	266	99
1322,1208	0,1	741,437	0,0	198	99
7293,6172	1,0	3979,2726	0,0	188	99
9,8	0,0	6,7	1,0	149	99
602,471	8,2	239,168	0,0	168	99
999,1012	1,0	583,380	1,2	184	99
911,664	8,8	439,253	16,3	344	99
190,194	4,1	79,68	0,1	342	99
354,360	4,1	157,142	0,1	202	99
427,257	0,0	212,96	0,1	234	99
80,83	0,1	42,26	0,1	131	99
221,186	0,0	123,85	1,0	179	99
424,365	2,2	249,205	1,1	178	99
473,414	1,1	223,126	0,0	167	99
459,426	1,0	250,130	0,1	176	99
2794,2562	7,1	1347,792	0,2	242	99
3268,2982	7,1	1821,1017	0,2	239	99
13,8	7,7	3,0	10,3	161	99
74,91	1,0	35,34	0,0	123	99
2872,2364	0,1	1469,826	0,0	641	99
3830,3247	0,1	1983,1092	0,0	816	99
2913,3105	1,6	973,715	0,0	153	99
331,242	1,0	161,78	0,0	235	99
204,187	1,0	110,57	0,0	385	99
383,298	3,6	203,146	4,2	155	99
260,263	5,2	134,69	3,0	142	99
278,294	4,0	217,157	0,0	174	99
473,331	7,5	256,140	6,6	152	99
160,121	0,1	72,56	0,0	190	99
321,240	2,0	162,113	0,0	192	99
134,87	2,0	77,53	0,0	187	99
70,94	1,0	18,33	0,0	1401	99
77,96	1,0	18,33	0,0	1418	99
67,54	268,264	34,31	141,107	227	99
24,17	268,264	16,18	141,107	161	99
85,105	0,2	37,13	0,0	162	99
185,198	6,0	161,89	1,0	197	99
247,181	1,0	158,98	0,0	194	99
127,100	24,18	49,38	8,3	193	99
925,663	0,0	530,263	1,0	154	99
372,275	11,4	182,120	7,1	158	99
212,176	11,4	123,85	7,1	151	99
4,12	0,0	4,4	1,0	153	99
12,10	1,0	11,16	1,2	249	99
293,212	1,0	119,60	0,0	149	99
458,378	0,1	243,110	2,0	137	99
130,73	6,0	48,25	3,2	154	99
25,15	150,83	4,6	74,47	168	99
16633,12916	1,1	11996,7275	0,0	395	99
13509,10143	1,1	9714,5895	0,0	1034	99
147,169	5,1	49,35	0,0	169	99
270,204	1,0	153,65	3,0	145	99
38,35	0,1	25,20	0,0	159	99
1006,726	53,37	488,301	25,13	103	99
1848,1478	1,4	728,487	0,0	201	99
1496,1523	0,1	860,537	0,0	201	99
1539,1135	1,0	796,440	0,0	154	99
683,565	1,2	248,126	0,0	167	99
1029,1043	0,3	329,264	2,1	143	99
611,666	2,0	403,199	0,0	192	99
218,250	1,3	104,76	0,1	169	99
37,21	1,0	12,10	2,0	144	99
14,12	116,88	19,6	59,37	277	99
195,228	4,0	141,87	0,0	181	99
688,635	1,0	317,176	0,1	168	99
75,77	1,0	55,34	0,0	245	99
77,51	0,2	50,38	0,0	159	99
1503,1207	1,4	753,416	1,1	180	99
67,65	10,0	46,29	0,0	161	99
17,15	113,140	13,0	67,53	111	99
48,30	270,256	8,8	70,58	161	99
167,142	0,1	86,63	0,0	173	99
2211,2055	1,0	1016,747	0,0	160	99
124,103	0,2	74,48	0,0	246	99
159,124	0,2	90,50	0,0	275	99
56,29	0,2	30,11	0,0	212	99
466,306	212,112	435,256	115,31	530	99
316,318	3,0	165,101	0,0	160	99
1616,1723	0,1	1046,631	0,2	154	99
148,141	1,0	73,50	0,0	171	99
399,325	2,1	230,164	0,0	154	99
32,18	126,96	15,6	46,38	149	99
93,64	0,1	61,31	0,0	182	99
10,26	0,0	16,3	1,0	120	99
168,176	10,11	57,34	9,0	154	99
68,57	10,11	25,15	9,0	141	99
191,184	2,1	92,76	3,2	145	99
434,322	0,2	183,119	0,0	145	99
2342,2689	0,1	1098,810	0,0	1800	99
330,299	2,0	191,168	1,0	159	99
193,167	4,0	114,72	0,0	180	99
514,425	31,27	310,205	7,2	244	99
231,178	3,4	165,122	3,4	231	99
1333,1060	1,0	748,384	0,0	166	99
1178,739	2,0	986,400	0,0	255	99
120,143	398,447	72,52	290,154	261	99
101,126	398,447	61,47	290,154	258	99
119,92	1,0	55,62	0,0	185	99
45,39	0,0	27,22	0,1	159	99
4924,3610	2,0	3134,1349	0,0	141	99
4,5	17,5	0,1	2,3	138	99
568,572	12,11	379,242	6,0	171	99
74,60	1,0	35,16	0,0	183	99
497,391	6,9	335,238	8,0	196	99
9,2	2,2	3,1	3,0	161	99
31,28	237,236	22,15	123,74	145	99
573,496	2,0	332,184	0,0	258	99
395,416	5,4	204,154	0,3	142	99
249,223	0,4	180,97	0,0	282	99
31,30	1,0	27,16	0,0	143	99
2,0	24,29	1,0	4,8	236	99
1068,860	0,1	641,420	0,0	153	99
1406,1236	4,4	971,696	0,0	160	99
5,0	51,49	0,1	30,15	225	99
135,179	0,0	74,65	2,0	207	99
84,67	0,1	26,25	0,0	170	99
34,22	0,1	27,18	0,0	184	99
40,46	0,3	20,17	0,0	168	99
2403,2412	1,0	1272,891	0,0	477	99
352,314	0,1	221,173	0,0	228	99
457,412	6,4	260,178	16,11	163	99
502,519	0,0	374,204	1,0	156	99
474,366	0,1	277,127	0,0	288	99
411,477	0,5	265,123	0,0	232	99
289,328	0,5	177,92	0,0	246	99
381,386	0,2	220,107	0,0	450	99
38,26	0,2	16,7	0,0	173	99
509,388	0,0	174,118	0,1	141	99
672,470	0,0	263,114	0,1	161	99
8,19	57,62	5,2	25,22	214	99
2674,2090	0,1	1430,806	1,0	433	99
407,395	85,51	273,164	37,17	147	99
633,780	0,2	352,233	0,0	224	99
60,69	288,233	35,27	160,100	240	99
1527,1279	1,0	813,461	0,0	195	99
729,609	1,0	403,222	0,0	186	99
996,827	3,0	437,286	0,0	132	99
536,437	2,0	148,60	0,0	228	99
295,206	3,0	118,56	0,0	153	99
466,406	0,1	268,175	0,0	151	99
0,2	482,488	4,0	341,191	142	99
145,127	11,9	113,75	7,1	140	99
22,11	163,108	14,4	70,40	265	99
314,157	0,2	155,98	0,1	134	99
667,637	2,0	248,196	0,0	205	99
791,603	0,0	651,393	0,1	162	99
205,129	3,0	63,37	0,0	180	99
312,175	5,1	90,49	0,0	186	99
81,58	2,2	30,25	0,3	235	99
30,27	0,4	10,11	0,0	135	99
91,91	2,0	73,35	3,0	179	99
28,18	17,18	18,9	2,3	178	99
104,96	17,18	61,42	2,3	373	99
49,46	0,0	28,26	3,2	170	99
136,112	1,0	51,26	0,0	141	99
185,197	0,1	111,46	0,0	244	99
130,126	2,0	70,24	0,0	244	99
127,133	2,0	72,32	0,0	238	99
193,210	11,7	119,54	6,0	238	99
661,485	1,0	326,160	0,0	199	99
93,85	242,231	66,64	136,85	154	99
190,198	1,0	109,58	0,1	312	99
12035,15719	0,0	1560,1985	0,2	363	99
514,402	502,333	231,149	207,138	323	99
445,364	502,333	181,122	207,138	344	99
1099,1032	1,1	636,405	4,0	589	99
1332,1321	1,1	735,499	4,0	305	99
1051,1014	1,1	613,389	4,0	301	99
851,769	1,1	474,295	4,0	248	99
897,807	1,1	490,324	4,0	233	99
901,890	2,1	528,342	3,0	157	99
632,603	3,4	312,195	1,0	203	99
909,892	0,1	521,310	0,0	184	99
181,147	9,2	59,59	1,4	224	99
590,477	0,1	302,195	0,0	156	99
1,0	1,2	0,1	7,2	183	99
414,392	0,0	303,140	1,0	152	99
845,630	0,1	593,392	0,0	328	99
363,346	0,4	154,103	0,1	159	99
4267,4331	1,2	2076,1475	0,0	150	99
1017,1162	0,0	641,409	0,1	147	99
13,15	9,3	10,19	2,1	288	99
197,182	9,3	110,80	2,1	194	99
343,333	9,3	180,140	2,1	213	99
19,29	1,2	9,6	3,5	123	99
1882,1839	2,1	811,480	0,0	155	99
35,38	0,0	22,12	1,0	212	99
148,155	10,19	33,25	2,0	141	99
608,511	4,4	306,182	2,0	222	99
195,166	0,4	89,59	0,0	225	99
63,55	6,0	9,7	0,0	133	99
428,374	0,1	183,81	0,0	169	99
28,17	2,0	8,7	0,0	184	99
35,27	2,0	11,9	0,0	157	99
821,552	0,2	462,213	0,0	186	99
454,379	0,0	182,121	1,1	146	99
171,159	9,7	68,35	3,5	169	99
1,1	4,0	2,4	0,0	169	99
245,224	4,0	173,100	0,0	298	99
217,191	4,0	118,76	0,0	162	99
426,389	0,1	209,126	1,3	162	99
629,555	5,0	293,167	0,0	148	99
161,205	8,18	118,57	5,1	191	99
76,57	0,1	16,15	0,0	161	99
261,203	0,1	115,87	0,0	153	99
238,235	1,0	145,82	0,0	191	99
154,146	0,0	108,46	4,0	154	99
794,796	1,0	418,270	0,0	170	99
802,877	2,0	479,283	0,0	136	99
954,792	1,1	509,302	0,0	149	99
2337,2528	1,0	1212,823	0,0	237	99
2045,1746	0,2	969,609	2,0	183	99
62,88	15,16	66,30	3,7	319	99
86,109	15,16	72,39	3,7	246	99
31,52	15,16	47,17	3,7	198	99
1598,1440	0,0	840,419	0,1	176	99
127,105	19,10	67,41	4,7	215	99
36,27	1,0	20,6	0,0	169	99
4,1	291,281	0,0	109,117	110	99
595,503	1,0	338,160	0,0	179	99
1859,1634	1,0	1170,667	0,0	137	99
166,119	5,1	180,114	5,4	140	99
461,375	1,0	292,142	0,0	205	99
305,330	2,0	135,101	0,0	202	99
257,147	2,0	154,63	0,0	212	99
230,187	0,0	101,69	2,0	170	99
1808,1864	1,0	966,608	0,0	2085	99
3,3	105,93	4,1	67,43	116	99
176,127	4,5	34,26	8,4	380	99
643,544	1,2	339,289	1,0	270	99
172,147	0,0	75,40	0,2	152	99
678,581	1,5	371,234	0,0	163	99
0,1	346,367	1,1	200,125	265	99
988,1075	2,0	638,384	0,0	213	99
134,113	0,0	90,40	2,1	153	99
49,36	0,0	21,17	2,1	198	99
728,618	35,40	436,300	18,10	136	99
179,235	0,1	94,71	0,0	156	99
85,56	1,1	28,21	2,0	754	99
33,21	1,1	19,7	2,0	137	99
123,79	1,1	48,29	2,0	460	99
2,3	62,62	5,3	48,22	159	99
104,85	5,0	57,38	0,0	223	99
83,76	5,0	56,37	0,0	215	99
81,104	2,0	48,25	0,0	173	99
411,240	0,2	214,100	0,0	136	99
903,528	0,1	406,173	0,0	214	99
2867,2405	3,6	1392,859	0,0	2443	99
651,647	0,0	381,261	0,1	169	99
104,117	0,0	92,79	1,0	181	99
106,73	24,21	81,65	16,11	197	99
30,44	2,1	37,28	0,0	149	99
78,46	175,163	39,21	111,57	242	99
697,487	175,163	412,208	111,57	924	99
200,152	14,13	110,55	13,10	192	99
236,200	175,163	144,69	111,57	192	99
238,179	19,14	128,59	9,3	192	99
199,150	1,1	113,55	0,3	192	99
762,670	1,0	367,303	0,0	159	99
1200,1020	0,1	628,516	0,0	187	99
422,395	1,0	192,127	0,1	207	99
943,982	4,2	603,308	0,0	245	99
2222,1752	0,0	1284,754	0,1	205	99
82,79	163,190	35,26	94,42	191	99
27,32	163,190	13,10	94,42	266	99
687,642	0,1	253,166	0,0	233	99
738,795	1,0	236,122	0,0	304	99
453,406	2,0	232,139	0,0	147	99
119,103	70,76	60,69	26,20	212	99
468,419	70,76	297,287	26,20	150	99
4,6	2,0	1,0	0,0	152	99
14,22	2,0	9,1	0,0	164	99
388,395	1,0	246,137	1,0	170	99
184,187	1,0	130,83	1,0	377	99
63,57	44,30	36,17	33,11	227	99
665,556	1,2	318,201	1,1	212	99
178,156	2,2	79,52	2,1	165	99
328,191	0,0	183,140	2,0	190	99
1128,912	21,19	665,347	16,10	217	99
1388,1297	39,47	554,361	11,9	157	99
871,784	25,17	522,298	11,9	141	99
3272,2752	0,2	1931,1208	2,0	186	99
21,10	41,23	7,0	7,13	167	99
121,88	23,11	127,81	33,11	145	99
57,46	23,11	63,47	33,11	172	99
146,152	9,1	102,66	0,0	191	99
438,338	2,0	354,209	0,0	336	99
4,25	0,1	49,48	0,0	186	99
546,492	0,1	321,129	0,0	258	99
139,106	3,0	47,32	4,0	139	99
199,170	0,1	107,69	0,0	216	99
122,93	0,1	52,44	0,0	210	99
100,86	2,0	47,43	0,1	194	99
189,156	0,0	77,40	0,1	192	99
35806,39047	0,0	20401,13523	1,0	169	99
1483,1370	1,0	721,461	0,0	221	99
978,868	0,0	609,340	2,0	169	99
3,4	135,106	1,0	69,39	256	99
214,282	4,0	147,78	2,0	181	99
58,48	2,0	19,12	0,0	320	99
57,48	2,0	19,13	0,0	309	99
55,46	2,0	19,13	0,0	302	99
69,48	2,0	24,15	0,0	290	99
771,621	3,0	191,148	0,0	209	99
287,194	2,0	121,88	0,0	191	99
1015,830	5,0	611,367	0,0	191	99
397,270	1,1	199,129	0,0	160	99
183,150	1,5	52,45	0,0	135	99
36,35	1,5	16,6	0,0	204	99
1897,1790	1,0	727,456	0,0	921	99
1804,1696	1,0	680,426	0,0	731	99
207,117	1,0	85,72	0,0	895	99
504,552	2,0	380,198	3,0	188	99
250,181	0,1	146,83	0,0	168	99
64,43	303,175	31,13	164,85	145	99
1216,967	0,2	189,192	0,0	127	99
49,46	0,1	23,11	0,0	127	99
193,168	0,1	104,57	0,0	218	99
818,610	0,1	460,244	0,0	177	99
507,363	0,0	220,143	2,0	123	99
380,325	0,0	233,150	1,0	157	99
1026,670	0,0	469,239	3,1	151	99
836,833	0,1	444,300	0,0	224	99
297,353	4,0	155,126	0,0	168	99
689,564	7,0	345,232	4,0	182	99
2,0	0,3	0,0	1,0	178	99
517,539	1,0	317,161	0,0	208	99
192,149	0,1	96,34	0,0	206	99
563,487	51,49	299,175	33,17	160	99
60,44	60,64	10,4	53,26	173	99
15,19	60,64	7,2	53,26	141	99
10,9	72,37	10,5	14,16	174	99
179,143	0,0	82,44	1,1	151	99
86,83	1,0	62,33	0,0	179	99
79,65	0,3	67,35	3,0	166	99
367,283	9,4	111,75	4,0	385	99
411,332	9,4	115,84	4,0	374	99
33,38	955,1023	22,3	865,502	259	99
4,17	13,21	4,0	10,0	177	99
1027,861	0,1	636,394	1,0	230	99
632,488	0,0	386,286	0,1	152	99
1903,1790	1,0	1216,609	0,0	240	99
378,296	0,0	181,104	2,0	275	99
409,364	1,0	178,124	0,3	173	99
1213,1357	0,0	712,483	2,0	805	99
1167,1113	0,0	441,374	0,2	122	99
416,370	0,2	161,140	0,0	362	99
35,22	90,82	16,11	47,23	169	99
130,134	0,0	52,30	1,0	178	99
189,144	1,1	55,30	1,0	429	99
94,75	1,1	14,11	1,0	255	99
870,586	0,2	332,185	0,0	153	99
664,578	0,4	263,222	0,0	195	99
2414,2717	0,1	2115,1154	0,0	129	99
1561,1839	2,0	1285,703	0,0	150	99
2813,3731	0,2	2019,1296	0,0	215	99
215,221	7,3	110,52	3,4	148	99
349,267	0,0	134,70	4,1	137	99
1812,1420	1,0	656,426	0,0	185	99
150,116	1,0	47,18	0,0	144	99
264,283	1,0	72,87	0,0	184	99
696,749	0,1	361,282	0,0	163	99
31,24	34,26	30,19	34,22	153	99
297,281	1,1	152,99	0,0	280	99
5616,5691	0,2	3496,2035	0,0	549	99
4478,4660	0,0	2835,1665	0,1	549	99
5750,5573	0,0	3274,1831	0,1	561	99
6897,6606	9,5	3935,2202	0,1	561	99
44,52	11,13	36,13	7,3	152	99
1161,1491	3,6	684,338	0,0	172	99
5737,5078	2,2	6012,3798	0,0	146	99
4462,3885	11,5	4711,2653	1,0	199	99
10592,8280	37,29	9200,5289	25,15	230	99
17,17	24,12	8,4	4,2	205	99
72,65	0,0	35,17	1,0	228	99
2317,1580	1,0	1347,913	0,0	162	99
574,610	1,0	269,151	0,1	208	99
1094,838	0,0	541,295	1,0	229	99
1494,1287	0,2	1100,703	1,0	180	99
576,430	1,0	272,158	0,0	127	99
662,549	2,0	392,200	0,0	141	99
887,867	0,0	403,164	0,1	187	99
900,535	4,3	464,275	7,2	377	99
84,66	2,0	18,10	0,0	157	99
197,155	2,0	55,22	0,0	162	99
43,37	18,18	59,46	6,6	388	99
460,377	1060,911	279,206	761,467	237	99
7261,5478	0,0	5487,3397	0,2	174	99
2937,2241	0,0	1761,958	1,0	444	99
660,557	7,0	246,171	0,2	258	99
29107,25979	0,0	23531,12765	0,1	219	99
1059,798	0,1	494,348	0,0	303	99
1592,1241	0,1	832,543	0,0	363	99
1532,1711	0,0	625,419	1,0	1100	99
5,21	1,2	6,9	1,0	168	99
12,36	1,2	10,4	1,0	165	99
2,13	1,2	1,3	1,0	149	99
653,627	1,0	235,180	0,0	213	99
158,140	0,0	123,90	3,2	147	99
72,65	0,0	78,33	3,2	318	99
33,32	1006,978	30,16	496,313	411	99
99,99	18,15	56,28	1,2	114	99
615,504	18,15	351,197	1,2	388	99
739,601	18,15	369,223	1,2	409	99
130,89	1,0	51,46	0,0	181	99
118,132	0,1	68,32	0,0	118	99
1020,829	1,5	526,357	0,1	156	99
147,127	1,0	84,37	0,0	184	99
190,117	0,1	59,30	0,0	178	99
137,111	1,0	44,27	0,0	165	99
690,558	0,2	369,207	0,0	159	99
12041,8136	2,0	7875,4440	0,0	174	99
6733,4281	2,0	4396,2438	0,0	177	99
0,1	125,114	0,0	68,29	136	99
333,335	0,0	298,153	2,0	174	99
672,467	0,2	298,196	0,0	148	99
0,3	0,0	12,0	0,1	149	99
7,2	0,0	41,4	0,1	318	99
119,144	1,0	60,41	0,0	216	99
345,422	4,2	258,179	0,1	166	99
1609,1198	1,0	802,411	0,0	156	99
27,6	81,83	8,7	45,17	649	99
1692,1315	6,8	655,413	1,0	328	99
3936,4141	2,0	1329,922	0,0	147	99
502,437	0,0	183,149	0,1	337	99
320,295	3,0	120,94	0,0	173	99
834,789	4,5	496,336	3,1	182	99
0,5	84,52	0,0	48,19	356	99
447,363	15,8	187,101	3,1	407	99
1,4	9,11	0,4	3,0	172	99
307,332	0,1	118,102	0,0	198	99
1058,921	338,340	517,289	199,146	171	99
85,77	5,9	71,25	1,0	153	99
56,58	5,9	59,24	1,0	174	99
1384,1364	1,0	788,455	0,1	254	99
88,79	0,1	38,21	0,0	215	99
517,510	5,3	265,174	3,1	202	99
586,553	2,0	386,290	0,0	162	99
304,279	3,14	66,40	3,0	195	99
7,4	4,5	7,2	2,2	165	99
2471,2754	0,1	1175,900	0,0	170	99
547,542	2,0	249,159	0,0	199	99
142,111	1,0	109,65	1,0	275	99
2075,1667	1,0	990,570	0,0	261	99
644,664	5,4	311,226	5,0	317	99
2368,2277	0,0	1240,882	1,0	238	99
1365,1316	0,0	727,491	1,0	540	99
56,75	0,0	35,29	1,0	438	99
58,78	0,0	38,30	1,0	445	99
33,47	0,0	20,20	1,0	373	99
40,37	127,102	44,27	65,45	287	99
359,300	0,1	243,138	0,0	222	99
1647,1342	0,0	837,476	1,0	228	99
393,456	2,0	217,144	0,0	109	99
633,433	2,0	174,173	0,0	305	99
243,217	0,0	60,45	0,1	220	99
460,343	2,2	251,150	1,0	153	99
240,153	3,4	130,86	0,1	159	99
51,59	5,0	27,36	0,0	159	99
14458,13327	5,0	7290,5867	0,0	1031	99
13908,12859	0,5	7027,5482	0,0	721	99
13687,12716	5,0	6891,5416	0,0	721	99
454,426	0,2	270,184	0,0	156	99
730,788	0,1	346,241	0,0	165	99
1027,918	1,0	367,246	0,0	164	99
8,14	728,793	5,1	287,175	187	99
861,602	0,0	608,316	1,0	184	99
796,620	8,7	336,220	4,0	194	99
105,104	2,0	43,22	0,0	167	99
159,164	6,0	92,73	0,0	219	99
3690,2719	0,2	1509,851	0,0	152	99
247,207	0,1	124,75	0,0	189	99
10865,10207	0,0	6728,3972	2,0	529	99
195,239	4,1	179,123	2,0	196	99
49,23	4,4	11,8	0,2	261	99
5,10	1,0	7,5	0,0	140	99
79,70	0,1	68,21	0,1	190	99
1669,1548	10,8	1063,603	5,2	179	99
787,611	0,1	304,216	0,0	183	99
271,207	15,5	115,72	1,6	164	99
65,26	0,0	19,21	1,0	124	99
339,251	0,0	185,143	1,0	145	99
300,250	10,14	140,88	2,3	226	99
18,8	1,0	9,6	2,2	173	99
52,52	1,0	33,14	2,2	291	99
170,137	5,2	84,36	2,2	237	99
247,204	5,2	120,59	2,2	244	99
602,469	0,1	358,240	0,0	162	99
90,99	53,53	64,26	52,30	160	99
60,57	53,53	33,10	52,30	204	99
3058,2658	0,3	1498,868	0,0	165	99
247,235	0,1	202,98	0,0	336	99
1049,1060	0,1	617,395	0,1	173	99
23,32	2,0	23,12	0,0	177	99
38,44	2,0	33,10	0,0	160	99
4,7	1,0	0,4	0,0	158	99
798,995	969,1174	478,388	334,256	210	99
287,360	0,2	176,139	0,0	208	99
646,505	4,10	298,274	2,2	1534	99
647,509	4,10	298,273	2,2	1515	99
48,40	41,64	23,20	19,18	245	99
2,0	234,213	0,4	99,68	116	99
426,359	12,11	192,140	15,15	175	99
97,106	3,5	59,38	1,0	210	99
32,29	4,0	26,9	1,1	158	99
938,936	1,0	406,289	0,0	235	99
11,17	35,25	10,10	18,11	212	99
236,201	0,2	159,118	0,0	178	99
219,159	2,3	121,57	3,3	137	99
661,584	16,48	374,232	10,2	162	99
89,89	0,1	31,19	0,0	251	99
14,3	22,27	4,0	10,8	322	99
162,137	0,3	59,33	0,0	136	99
1,2	51,65	1,1	46,34	154	99
495,447	5,0	305,196	1,0	158	99
680,561	0,0	388,210	1,0	167	99
108,107	9,10	33,30	5,2	172	99
355,396	1,0	245,160	0,0	285	99
80,81	48,39	48,34	50,35	182	99
59,51	48,39	50,17	50,35	143	99
568,434	0,2	384,149	0,0	187	99
186,206	11,6	105,56	3,4	174	99
512,517	11,6	277,119	3,4	181	99
366,305	0,1	204,147	0,0	135	99
39,45	49,47	10,8	9,9	166	99
4885,4637	0,1	2336,1772	2,1	148	99
4575,4747	0,1	2156,1790	0,0	157	99
4828,4837	0,0	2279,1797	0,1	183	99
