ID	IJC_SAMPLE_1	SJC_SAMPLE_1	IJC_SAMPLE_2	SJC_SAMPLE_2	IncFormLen	SkipFormLen
0	1888,2417	0,4	1823,828	3,0	188	99
1	1231,1632	0,0	1304,559	2,0	229	99
2	37,24	0,1	29,10	1,0	165	99
3	200,247	1,0	297,114	2,0	296	99
4	75,106	2,0	96,35	1,0	140	99
5	111,157	0,1	99,48	0,0	188	99
6	450,587	1,0	487,217	1,1	179	99
7	404,461	1,0	466,217	0,0	168	99
8	1,0	32,29	0,1	29,10	120	99
9	942,1288	0,1	737,283	0,0	163	99
10	120,158	44,64	68,22	57,39	157	99
11	153,191	1,0	145,73	0,0	141	99
13	673,749	3,0	709,236	7,0	219	99
14	3,7	3,0	14,4	7,9	229	99
15	31,41	0,0	32,14	1,0	171	99
16	1821,2405	2,0	1381,821	0,0	2955	99
17	298,379	3,6	341,128	0,1	212	99
20	2,0	5,10	0,0	6,0	229	99
21	1,0	5,10	0,0	6,0	158	99
22	132,192	9,1	175,85	0,0	169	99
24	217,293	0,1	216,98	2,0	202	99
25	31,57	0,0	49,14	0,2	152	99
26	41,69	0,0	59,21	0,2	155	99
27	14,15	2,1	1,1	0,0	161	99
28	7,7	2,0	1,1	0,0	141	99
29	5,6	3,0	3,1	0,1	363	99
30	7,4	3,0	5,2	0,1	147	99
31	48,67	0,1	43,8	0,0	136	99
32	5856,7861	0,0	5898,2474	1,0	173	99
33	182,217	0,0	190,94	1,0	167	99
34	466,658	0,0	516,220	2,0	154	99
35	435,597	0,1	538,220	0,0	145	99
36	79,113	0,1	48,42	1,0	186	99
37	146,198	3,1	105,67	0,0	188	99
38	3,4	33,56	5,3	58,23	128	99
39	5,8	33,56	13,8	58,23	132	99
40	383,539	0,5	374,196	1,1	167	99
41	212,275	0,5	188,108	1,1	173	99
42	58,70	1,0	59,42	0,0	181	99
43	372,381	0,1	383,147	0,0	170	99
44	95,98	0,0	106,36	0,2	174	99
45	201,202	1,0	86,28	0,0	216	99
46	465,635	0,0	605,189	1,0	117	99
47	4734,7640	15,21	5286,2249	22,8	166	99
48	9,13	290,314	11,0	340,79	245	99
49	3,6	1933,2777	2,2	1900,735	164	99
50	678,908	0,1	1171,453	3,0	231	99
51	138,162	1,0	122,63	0,0	138	99
52	153,222	26,44	150,77	43,14	442	99
53	34,53	82,127	30,27	97,42	157	99
54	28,54	82,127	40,20	97,42	160	99
55	852,891	0,1	1153,408	0,0	174	99
56	65,98	0,0	45,26	2,0	250	99
57	148,200	0,1	207,71	0,0	172	99
58	10,18	4,4	4,12	1,1	249	99
59	10,15	1,1	5,12	0,0	249	99
60	67,77	0,0	80,22	2,0	237	99
62	51,64	3,0	26,25	1,0	169	99
63	1834,3179	0,1	2782,1515	0,0	208	99
64	24,32	0,1	12,8	0,0	233	99
65	67,82	0,1	54,21	0,0	212	99
66	64,80	2,6	70,26	1,1	212	99
67	13,12	2,6	13,5	1,1	169	99
68	28,35	15,22	23,9	26,10	169	99
69	158,209	1,0	153,81	0,0	489	99
70	161,204	1,0	167,82	0,0	341	99
71	614,797	1,0	669,252	0,0	150	99
72	22,25	5,6	9,9	5,1	147	99
73	385,289	2,2	338,149	2,1	334	99
74	3,10	0,1	2,4	0,1	161	99
76	63,108	0,0	72,37	1,1	139	99
77	182,227	8,3	225,81	18,4	155	99
78	293,337	0,1	152,107	0,0	159	99
80	181,223	0,0	245,78	2,1	189	99
81	27,32	9,11	44,11	7,8	146	99
82	31,36	9,16	52,18	13,2	146	99
83	15,11	9,16	17,9	13,2	144	99
84	14,10	14,13	20,2	19,10	144	99
85	271,345	0,2	267,127	0,0	309	99
86	293,389	1,0	296,133	0,0	318	99
87	361,480	0,2	359,169	0,0	318	99
88	541,801	1,0	516,285	0,0	215	99
91	18041,28278	0,2	14393,7206	0,0	3668	99
93	95,104	1,2	132,80	3,2	279	99
94	6,20	0,0	19,5	0,1	206	99
95	195,221	1,0	141,115	0,0	215	99
96	238,244	0,1	183,101	0,0	168	99
97	898,826	17,25	1360,654	16,4	195	99
98	3,3	0,0	2,0	0,1	188	99
99	195,276	0,0	119,73	1,0	287	99
100	110,164	0,0	88,41	1,0	206	99
101	219,259	0,0	278,84	1,0	210	99
102	61,91	19,13	74,63	5,6	160	99
104	1,3	5,19	2,4	10,4	176	99
105	129,139	0,0	125,51	4,0	141	99
106	135,151	0,0	153,70	1,0	211	99
107	214,310	2,1	212,120	0,0	184	99
108	12263,17891	0,2	19998,8197	1,1	381	99
109	6,8	28,33	6,5	22,15	180	99
110	25,32	3,12	41,12	5,5	180	99
111	267,329	3,2	245,101	1,1	141	99
112	206,312	0,0	241,119	1,0	230	99
113	345,367	2,3	266,100	0,2	146	99
114	121,137	1,0	107,54	0,0	179	99
115	4575,7053	0,0	6983,3160	1,0	187	99
116	2,2	3,6	4,4	1,1	162	99
117	113,158	0,1	110,37	0,0	153	99
118	97,125	1,0	89,34	0,0	160	99
119	15,19	0,2	8,4	0,0	155	99
120	26,24	2,5	19,4	0,0	164	99
121	215,240	0,1	233,100	0,0	179	99
122	190,230	19,30	190,85	21,13	140	99
123	83,102	0,0	93,39	0,1	267	99
124	96,128	1,4	114,32	0,0	182	99
125	6,4	0,2	1,2	0,0	292	99
126	67,86	9,2	72,33	7,2	213	99
127	414,432	1,0	441,161	0,0	153	99
128	205,326	1,6	235,141	1,0	317	99
129	69,94	3,0	108,39	0,0	184	99
130	131,144	1,0	141,64	0,0	158	99
131	79,104	1,0	66,48	0,0	147	99
133	0,1	1909,2669	1,0	2143,886	144	99
134	109,144	4,0	108,44	0,0	154	99
135	17,19	20,18	20,13	19,7	170	99
136	15,20	15,21	17,12	13,8	170	99
137	36,32	20,18	33,24	19,7	142	99
138	17,25	15,21	36,13	13,8	142	99
139	143,205	0,2	114,63	0,0	202	99
140	413,479	0,0	321,171	1,0	222	99
141	198,292	8,13	169,72	18,11	145	99
142	0,0	33,21	0,1	15,6	252	99
143	53,65	0,1	22,6	2,0	245	99
144	34,42	0,3	24,17	0,0	205	99
145	72,95	0,0	89,35	1,0	151	99
146	77,128	4,1	93,51	0,1	190	99
148	303,354	2,1	527,200	3,0	158	99
149	0,2	120,162	1,0	148,49	218	99
150	3598,5886	0,0	4571,1963	0,1	222	99
151	258,311	1,0	314,125	0,0	294	99
152	3027,4885	0,0	4030,1889	3,0	156	99
153	16,45	2094,3447	39,25	2829,1336	172	99
154	246,271	0,0	334,95	1,0	137	99
155	6,14	112,157	7,5	117,81	193	99
156	111,99	2,0	74,51	1,0	166	99
157	2232,3290	0,1	3384,1546	0,0	183	99
158	333,447	0,0	269,107	1,0	188	99
160	233,265	6,0	208,83	0,0	199	99
162	34,54	2,0	70,18	1,0	158	99
164	503,603	1,0	506,195	0,0	164	99
165	164,183	43,46	196,89	39,27	306	99
168	1033,1585	1,1	1556,571	0,0	171	99
170	136,123	0,1	89,51	1,0	270	99
171	162,162	0,0	148,72	0,1	161	99
172	97,168	6,2	68,60	2,3	213	99
173	116,127	1,0	28,38	0,0	307	99
174	899,1610	0,0	1022,571	2,0	424	99
175	1,0	141,163	1,1	212,63	148	99
176	298,358	0,0	369,156	0,1	230	99
178	8,31	29,24	15,5	30,16	123	99
180	58,69	0,0	51,24	0,1	173	99
181	1,0	82,155	0,0	119,48	185	99
182	64,73	3,3	71,41	8,3	160	99
184	62,106	28,36	60,39	37,22	135	99
185	63,71	0,1	63,14	0,0	182	99
187	599,857	4,3	641,233	3,3	194	99
188	322,478	1,0	334,141	0,0	140	99
189	257,447	0,2	304,149	0,0	179	99
190	8,20	43,78	8,4	52,35	181	99
191	107,110	6,13	85,43	11,1	187	99
193	1139,1305	1,3	1440,598	1,2	197	99
198	6,16	39,68	12,8	24,22	179	99
199	116,103	0,0	145,71	1,1	129	99
200	757,726	0,0	811,252	0,1	151	99
202	34,38	3,3	26,9	6,0	218	99
203	484,641	0,0	486,226	0,1	179	99
204	12,22	1,0	10,4	0,0	239	99
205	483,617	2,0	475,167	0,0	223	99
206	112,208	0,3	125,42	0,0	134	99
207	596,988	0,3	707,393	0,0	179	99
209	10,10	0,0	5,3	1,0	171	99
210	181,208	4,0	102,49	0,0	222	99
211	658,931	10,9	539,234	4,0	192	99
212	321,502	10,9	269,123	4,0	185	99
213	1644,2128	1,0	1748,649	0,0	334	99
214	2365,3139	1,0	2589,1008	0,0	308	99
215	115,182	0,1	112,56	0,0	134	99
216	53,74	191,220	33,12	162,62	105	99
217	121,124	1,0	243,69	5,1	161	99
218	222,304	1,0	313,140	1,0	187	99
220	10,8	0,0	4,6	0,1	162	99
221	158,268	0,1	136,66	0,0	144	99
222	270,406	2,4	314,126	3,2	176	99
223	60,65	1,1	62,35	2,2	188	99
224	144,198	1,1	147,77	2,2	197	99
225	221,350	0,0	194,107	2,0	169	99
226	510,749	0,0	487,224	2,0	166	99
227	109,170	1,9	66,47	1,0	158	99
228	1349,1911	0,0	1841,875	1,0	238	99
229	685,1007	0,0	984,451	1,0	232	99
230	159,184	2,1	121,64	0,1	332	99
231	3,1	2,1	0,1	0,0	159	99
232	80,137	0,0	43,39	1,0	218	99
233	70,99	0,0	39,26	0,1	209	99
234	33,51	0,0	20,17	0,1	195	99
235	2,6	324,383	6,3	498,260	226	99
236	1574,2063	0,0	1916,847	0,1	153	99
237	8,12	0,1	3,0	0,0	191	99
238	99,125	0,1	114,35	0,0	146	99
240	27,31	0,1	36,16	0,0	141	99
241	266,336	0,1	266,141	0,0	134	99
242	104,149	0,1	85,50	0,1	277	99
243	408,462	0,2	407,163	0,0	161	99
244	161,122	0,0	492,220	1,0	179	99
245	439,460	0,0	837,326	2,0	216	99
246	262,418	0,0	197,122	1,0	183	99
248	110,166	0,0	90,55	0,2	225	99
249	80,90	2,0	137,48	0,0	144	99
250	410,483	1,0	430,227	0,0	180	99
252	189,267	0,1	217,85	0,1	141	99
253	257,300	1,2	326,108	0,0	149	99
255	19,36	1,0	18,11	0,0	124	99
256	346,412	25,32	344,153	25,12	140	99
257	139,215	0,0	80,51	0,2	156	99
258	196,261	1,0	233,79	0,0	195	99
262	335,405	340,436	345,140	432,119	524	99
263	6,10	1,0	6,7	0,1	210	99
264	1,14	0,0	10,9	1,0	203	99
265	17,51	0,2	47,24	0,0	328	99
266	0,1	55,119	0,0	3,1	171	99
268	343,448	0,3	368,120	0,0	122	99
269	28,52	1,0	42,11	0,1	144	99
270	13,14	0,1	15,3	0,0	165	99
271	4,11	9,14	13,5	11,6	165	99
272	50,74	0,0	86,60	0,1	170	99
273	6,13	0,0	13,11	0,1	129	99
274	102,172	0,0	113,46	1,0	182	99
275	50,86	0,0	54,25	1,0	179	99
276	3930,4557	0,0	4442,1612	1,0	258	99
277	373,495	0,1	1110,511	0,0	180	99
278	626,910	0,0	2034,924	1,0	254	99
279	151,215	0,1	240,98	0,0	155	99
280	169,181	0,1	183,66	0,0	175	99
281	25,12	74,68	31,5	79,31	101	99
282	176,192	0,0	189,83	1,0	137	99
283	538,720	9,11	532,283	2,3	159	99
286	17,17	81,75	0,1	67,22	217	99
287	17,23	81,75	1,1	67,22	229	99
288	352,481	0,1	326,156	0,0	137	99
289	175,219	0,0	160,71	5,1	143	99
290	2,0	8,15	0,0	15,0	186	99
291	29,41	0,0	20,12	0,1	191	99
292	0,0	985,1336	3,0	1478,527	198	99
294	754,890	4,5	822,343	0,1	117	99
295	1142,1394	1,0	1265,499	0,1	166	99
296	723,1059	0,0	888,367	2,0	157	99
297	280,359	2,0	293,110	0,0	170	99
298	179,199	2,0	178,67	0,0	130	99
299	1491,1670	0,1	1870,772	0,0	225	99
300	32,23	0,0	27,16	1,0	154	99
301	323,500	0,1	409,210	0,0	132	99
302	1352,2025	0,8	906,329	0,0	430	99
303	92,146	23,53	229,84	43,17	197	99
304	92,144	10,6	135,50	15,2	200	99
305	98,144	1,0	92,49	0,0	216	99
307	67,129	0,0	118,53	1,0	207	99
309	190,292	0,1	226,105	0,0	117	99
310	260,354	3,2	310,109	0,0	174	99
311	114,167	0,0	87,59	2,0	250	99
312	373,533	0,0	369,199	2,2	602	99
313	213,252	0,0	165,93	2,0	234	99
314	926,1167	0,1	1115,500	0,0	118	99
315	1226,1651	0,0	1384,659	2,0	164	99
316	12,23	49,77	4,5	40,43	254	99
317	11,25	49,77	3,4	40,43	240	99
318	793,1111	0,2	1031,495	0,0	198	99
319	223,418	4,5	249,140	2,0	183	99
321	152,176	1,0	146,66	0,0	162	99
322	333,436	0,3	512,383	1,2	233	99
323	91,120	0,3	95,53	0,0	159	99
326	928,1139	1,0	1149,500	0,0	285	99
327	11,12	0,0	7,3	1,0	151	99
328	1402,1950	0,0	1930,977	0,3	225	99
329	0,0	0,1	1,0	0,0	186	99
330	877,1374	1,1	848,411	0,0	202	99
331	11,27	319,384	13,1	434,181	189	99
332	21,24	0,0	12,5	2,0	128	99
333	834,1079	0,9	1071,446	7,4	174	99
336	262,367	0,2	472,198	0,5	133	99
338	59,53	2,1	17,31	2,4	175	99
339	51,103	1,0	36,31	0,0	159	99
341	69,94	73,84	45,29	73,22	191	99
342	215,317	73,84	160,80	73,22	172	99
343	84,81	73,84	73,34	73,22	115	99
344	2536,3493	0,3	2568,1010	0,0	195	99
345	349,491	0,0	438,225	1,0	194	99
346	43,74	1,0	31,32	1,0	180	99
347	60,117	1,0	61,30	1,0	253	99
348	33,56	1,0	31,19	0,0	151	99
351	7483,9599	0,0	9873,4547	1,0	177	99
352	422,641	0,0	442,210	0,1	209	99
353	50,62	2,10	42,29	2,2	120	99
354	22,28	2,10	9,8	2,2	158	99
355	11,7	0,1	0,1	0,0	164	99
357	243,358	77,93	207,127	57,30	286	99
358	232,348	77,93	227,124	57,30	265	99
359	61,64	77,93	48,26	57,30	136	99
360	220,358	3,3	258,98	1,1	122	99
362	311,401	0,1	273,127	0,0	172	99
363	483,674	2,0	521,223	0,0	183	99
364	5537,7664	1,0	8771,4778	0,0	193	99
367	38,46	20,12	21,8	14,7	141	99
368	89,124	198,251	127,28	183,78	151	99
369	227,287	198,251	289,109	183,78	164	99
370	142,159	13,17	164,74	0,2	164	99
371	13,9	1,0	8,4	0,0	121	99
372	44,84	1,0	53,23	0,0	132	99
373	201,275	0,0	211,108	2,0	209	99
374	554,679	0,0	547,168	2,0	150	99
375	438,800	0,0	624,313	1,0	153	99
376	0,0	148,261	2,0	128,67	240	99
377	171,274	0,1	260,143	0,0	195	99
378	159,241	3,3	130,83	6,0	135	99
379	457,578	0,1	630,296	1,0	168	99
380	10,23	9,7	6,4	9,6	168	99
381	26,37	1,2	30,12	0,0	160	99
382	315,365	8,8	395,156	3,0	214	99
383	534,711	0,5	731,341	7,4	356	99
385	1792,2289	0,1	1749,770	1,1	147	99
386	3,0	10,16	0,1	6,6	147	99
387	40,61	0,1	25,24	0,0	209	99
388	132,209	0,0	116,77	1,0	199	99
389	4058,6628	1,0	6548,2857	0,0	290	99
390	299,443	1,0	316,163	0,0	146	99
391	64,94	0,0	88,35	1,0	141	99
392	126,201	0,2	164,87	0,0	262	99
394	14,31	160,237	8,3	142,76	277	99
395	11,26	160,237	14,3	142,76	353	99
396	0,0	160,237	4,0	142,76	179	99
397	217,332	0,0	223,130	1,0	181	99
398	225,305	0,3	190,113	1,1	167	99
399	21,47	0,4	23,10	0,0	210	99
400	2,0	3,4	2,0	3,4	128	99
401	13,5	10,12	11,3	6,9	339	99
402	765,846	2,3	809,384	0,2	139	99
404	617,937	2,1	743,383	0,0	133	99
405	380,474	0,0	378,201	0,1	193	99
406	198,204	3,2	183,77	2,1	158	99
407	80,90	1,0	66,32	0,0	180	99
408	117,132	0,1	86,46	0,1	180	99
409	183,216	0,1	156,82	0,0	193	99
410	253,364	1,0	240,118	0,0	231	99
411	31,24	203,269	10,7	251,105	160	99
412	267,362	0,1	306,132	2,0	134	99
414	148,183	0,0	93,48	0,1	165	99
415	141,202	166,199	184,48	144,74	182	99
416	61,86	166,199	88,26	144,74	221	99
417	217,260	0,0	235,99	2,1	197	99
418	66,71	48,39	56,33	57,40	173	99
419	167,216	0,2	65,25	0,0	200	99
420	189,225	0,2	65,23	0,0	197	99
421	7,8	37,54	19,17	29,19	148	99
422	5,8	24,25	17,16	4,2	148	99
423	601,646	0,1	361,239	0,0	161	99
424	1474,2103	0,1	1717,749	0,0	188	99
425	753,1031	1,1	1121,510	0,0	184	99
426	40,65	288,472	52,32	476,198	159	99
427	880,1352	0,3	1331,546	0,0	243	99
428	268,388	1,3	158,110	0,0	202	99
429	68,99	0,0	44,30	0,1	152	99
430	13,10	5,14	7,3	12,3	163	99
431	35,66	7,7	30,13	0,0	227	99
432	4,0	26,16	10,3	12,8	134	99
433	47,49	53,50	25,27	77,38	178	99
434	9669,12733	0,0	11514,4820	0,1	714	99
436	5,5	6,11	10,3	8,3	146	99
437	69,122	0,0	48,13	0,1	177	99
438	507,716	0,1	462,239	0,0	166	99
439	198,261	1,0	64,40	0,0	181	99
440	3610,5016	1,0	2567,1234	1,0	2765	99
441	3566,4963	1,0	2534,1216	1,0	2905	99
442	3584,4999	1,0	2553,1227	1,0	3255	99
443	591,799	10,13	810,280	8,0	117	99
444	239,258	0,0	278,106	2,0	140	99
445	51,63	365,515	46,31	341,166	166	99
446	443,599	503,516	492,293	435,128	356	99
447	30,34	45,52	27,24	46,20	156	99
450	142,217	0,6	139,50	0,0	179	99
451	6,2	0,0	11,3	1,0	170	99
453	322,468	0,1	416,182	0,0	214	99
454	106,126	30,37	143,45	42,15	148	99
455	262,364	24,38	251,114	39,17	289	99
456	228,229	1,0	262,87	0,0	156	99
457	246,336	0,0	233,128	0,1	182	99
458	170,196	0,0	135,78	0,1	144	99
459	63,70	13,10	59,39	9,3	216	99
460	127,158	13,10	102,72	9,3	174	99
461	33,51	1,0	64,31	2,0	137	99
462	93,153	0,0	94,39	1,0	168	99
463	101,143	11,15	139,76	14,12	156	99
464	107,176	0,0	180,54	1,0	181	99
465	131,119	0,0	132,36	1,0	195	99
466	1044,1396	0,0	1343,606	1,0	175	99
467	851,1184	1,2	1095,496	0,0	148	99
468	2,0	2,1	1,0	1,0	123	99
470	65,95	0,0	68,36	1,0	169	99
471	96,137	1,2	134,55	0,0	235	99
472	34,41	5,5	44,19	5,2	238	99
473	31,59	5,5	30,17	5,2	543	99
474	55,65	5,5	84,39	5,2	204	99
475	33,44	5,5	52,31	5,2	261	99
476	52,83	5,5	70,37	5,2	509	99
477	10,10	0,3	10,4	0,3	249	99
478	1,0	45,54	3,0	33,13	238	99
480	233,285	1,0	163,74	0,0	600	99
481	262,316	1,0	179,83	0,0	588	99
482	74,86	0,1	80,34	0,0	159	99
483	21,23	1,0	8,9	0,0	299	99
484	33,81	0,0	33,17	1,0	163	99
486	2,8	0,0	4,0	5,0	201	99
487	0,2	347,632	0,0	340,186	141	99
488	291,370	0,1	384,125	0,0	200	99
489	177,294	0,2	277,100	0,0	172	99
490	355,572	0,1	395,180	0,0	222	99
491	1,0	0,1	8,4	0,0	236	99
492	72,99	2,0	77,37	1,0	250	99
493	61,70	1,6	44,42	5,4	188	99
494	1477,2451	1,1	1370,898	0,1	217	99
495	151,254	0,0	211,116	0,2	161	99
496	34,34	0,0	38,32	0,2	158	99
497	11,9	24,28	6,9	15,10	350	99
498	901,1074	1,0	1107,480	0,0	177	99
499	6,7	12,6	8,6	13,2	178	99
500	508,607	7,3	453,202	0,0	177	99
501	2464,3283	1,0	2874,1160	1,0	160	99
502	224,344	2,0	259,122	0,0	136	99
504	678,792	0,0	640,276	1,0	154	99
505	11,15	2,0	7,0	0,0	169	99
506	54,65	2,0	51,24	0,1	264	99
507	10,19	1,2	5,1	2,2	181	99
508	13,17	1,2	3,1	2,2	188	99
509	92,113	1,0	77,36	0,1	124	99
512	221,342	1,0	82,88	0,0	184	99
513	511,653	0,1	174,203	0,0	389	99
517	351,327	0,2	76,72	0,0	203	99
518	1780,2860	0,0	2550,1199	1,0	177	99
519	93,119	400,479	72,76	513,257	276	99
520	1700,1958	0,1	2615,1163	1,0	272	99
521	1660,1940	0,1	2457,1076	1,0	269	99
522	1006,1136	1,0	974,615	0,0	510	99
523	1690,1554	1,1	1607,1109	0,0	1177	99
524	78,125	0,1	81,34	0,0	159	99
525	467,592	0,3	285,148	0,0	306	99
526	118,184	0,2	136,80	0,1	221	99
527	74,115	0,0	53,36	0,1	151	99
528	40,41	72,109	41,12	103,36	181	99
529	38,31	56,53	40,11	82,38	181	99
530	106,162	7,2	110,70	1,1	269	99
531	23,35	0,0	15,14	1,0	159	99
534	407,644	0,1	363,213	0,0	225	99
535	149,250	1,0	190,65	0,0	219	99
537	424,649	0,2	460,254	0,0	156	99
538	0,4	21,35	3,1	24,29	195	99
541	130,182	0,1	164,66	0,0	175	99
543	2764,3585	0,5	2778,1123	1,0	145	99
544	2037,2545	0,5	1798,738	1,0	148	99
545	24,24	0,1	20,7	0,0	162	99
546	16,18	12,17	20,4	13,7	209	99
547	12,14	58,56	24,5	60,26	209	99
548	15,26	58,56	25,14	60,26	402	99
549	14,25	58,56	16,9	60,26	140	99
550	10,17	4,5	6,4	7,3	140	99
552	189,196	2,7	167,90	3,0	127	99
553	303,299	0,0	301,125	1,0	169	99
554	132,238	3,1	194,63	3,0	140	99
555	73,85	0,0	98,47	1,0	152	99
556	409,600	0,1	576,166	0,0	207	99
557	9,30	4,2	23,7	2,0	218	99
558	192,231	2,0	316,98	1,0	109	99
559	69,102	5,3	99,38	3,0	163	99
560	205,224	1,1	328,118	0,0	137	99
561	413,544	0,2	512,209	0,0	204	99
563	2109,2661	23,31	2447,1086	29,10	2230	99
564	1,0	115,186	0,0	133,78	255	99
565	210,286	109,155	391,156	134,66	910	99
566	183,306	9,11	224,125	6,2	240	99
567	140,172	33,34	163,102	43,25	170	99
568	61,64	8,2	66,33	4,0	290	99
569	105,117	8,2	112,54	4,0	396	99
571	8,16	1,0	19,7	0,0	165	99
572	591,715	1,0	929,358	0,0	230	99
573	445,490	0,0	575,267	1,0	176	99
574	201,322	0,0	485,222	4,1	176	99
576	60,33	3,0	5,3	0,0	178	99
577	198,229	2,1	224,88	0,0	162	99
578	127,136	2,2	123,61	5,0	184	99
580	19,40	0,1	26,7	1,0	178	99
581	6,6	0,0	6,5	1,0	224	99
582	0,2	1,0	4,0	3,0	177	99
583	93,89	0,2	87,22	0,0	197	99
584	2,5	1,3	7,4	2,4	148	99
585	146,153	1,3	194,49	2,4	168	99
586	9292,9896	0,1	13662,6915	2,0	123	99
587	2,0	5970,6714	0,1	8759,4892	154	99
588	101,172	0,1	192,79	0,0	154	99
589	104,148	0,0	140,84	1,0	156	99
590	147,174	0,0	192,63	0,1	150	99
591	289,450	1,0	415,165	0,0	143	99
593	460,609	0,4	484,198	1,1	140	99
594	88,136	0,0	140,75	1,0	220	99
595	45,46	71,95	44,27	81,34	173	99
596	117,186	0,1	147,64	0,0	168	99
597	277,436	492,589	304,223	629,198	425	99
598	122,150	40,40	172,68	75,30	223	99
599	214,278	129,176	299,102	105,41	223	99
600	196,247	129,176	281,102	105,41	234	99
602	65,77	0,1	36,25	0,0	157	99
604	315,397	0,1	337,95	0,0	162	99
605	497,665	1,5	509,259	0,0	189	99
608	2,3	13,11	6,1	3,3	258	99
609	3,3	11,18	4,2	30,15	258	99
610	19,36	56,97	34,6	72,38	141	99
611	54,68	0,0	56,35	0,1	191	99
612	236,315	4,1	780,321	0,0	162	99
613	162,232	2,2	479,171	2,2	189	99
616	807,800	4,8	881,380	4,2	173	99
617	568,796	1,0	631,297	0,0	188	99
618	262,264	0,0	250,112	1,0	162	99
619	23,35	4,5	18,15	7,4	221	99
622	237,456	0,0	336,179	3,1	153	99
623	201,373	0,0	266,147	3,1	184	99
624	358,503	0,1	343,136	0,0	180	99
625	21,44	3,0	33,5	1,0	249	99
627	855,1188	0,1	1059,420	0,0	231	99
628	122,98	2,0	90,41	0,0	306	99
629	525,555	0,3	567,261	0,0	214	99
631	1335,1878	1,1	1348,632	1,0	247	99
632	141,167	0,0	90,41	1,0	141	99
633	257,351	0,0	168,92	3,0	268	99
636	87,105	0,0	76,61	3,1	121	99
637	194,275	0,0	225,94	1,0	142	99
638	37,35	0,1	40,7	0,0	137	99
639	9,26	14,19	20,5	14,7	249	99
640	3,5	0,0	0,1	0,1	154	99
641	429,563	0,0	350,232	4,0	183	99
642	1010,1303	0,0	1105,411	1,0	294	99
645	212,312	0,1	318,211	0,0	631	99
646	192,300	0,1	290,192	0,0	856	99
647	6,12	30,32	8,3	41,24	173	99
649	1211,1630	0,1	1381,568	0,0	155	99
650	493,575	1,0	500,358	0,0	500	99
651	496,546	1,0	509,364	0,0	489	99
653	1631,2264	0,1	2680,961	1,1	224	99
654	191,216	2,0	175,116	0,0	175	99
655	104,109	2,0	88,71	0,0	212	99
656	178,168	2,8	157,53	0,0	174	99
657	597,874	0,1	759,273	0,0	148	99
658	64,68	3,0	61,38	0,0	182	99
659	42,43	2,0	24,17	0,1	153	99
660	204,232	2,0	122,86	0,1	276	99
662	6,3	589,870	7,2	763,347	160	99
663	2361,2455	1,0	1996,855	0,0	234	99
664	5,15	0,0	26,6	4,0	310	99
665	1299,1646	0,1	1129,449	0,0	203	99
666	243,337	0,0	298,138	1,0	210	99
667	178,209	0,1	185,68	0,0	161	99
668	216,335	21,30	190,76	14,7	223	99
669	97,100	0,0	134,63	1,0	216	99
670	83,92	2,1	78,30	1,2	187	99
671	241,299	0,1	184,97	0,0	972	99
672	116,169	0,3	112,54	0,0	219	99
673	224,312	0,0	210,96	0,1	181	99
674	187,340	1,3	198,114	0,0	223	99
675	388,494	1,0	546,306	0,0	165	99
676	104,128	1,0	91,32	2,0	135	99
677	31,27	212,351	24,10	333,116	235	99
678	476,683	1,2	637,278	4,0	185	99
679	122,183	2,0	159,95	0,0	587	99
680	222,227	0,2	147,86	4,2	187	99
681	200,288	0,3	170,98	0,1	283	99
682	149,163	0,0	140,77	2,0	151	99
683	339,426	1,0	205,129	0,0	187	99
684	62,61	1,0	58,39	0,0	221	99
685	33,57	1,0	32,30	0,0	215	99
686	28,30	0,0	39,24	1,0	186	99
688	37,57	4,13	45,27	3,0	165	99
689	21,42	1,0	93,34	0,0	175	99
690	345,317	0,1	303,127	0,0	152	99
691	297,336	0,4	352,228	0,2	243	99
692	192,201	0,4	223,120	0,2	466	99
693	1775,2415	0,1	1290,819	1,1	2432	99
694	4252,6985	10,23	5273,2613	12,11	157	99
695	5220,7730	0,1	7477,3331	0,0	159	99
696	1035,1166	4,5	1396,578	12,2	146	99
697	166,254	4,0	228,109	0,1	168	99
698	4,1	72,62	7,1	63,30	160	99
699	188,244	0,2	197,89	0,0	165	99
700	1,4	1,5	5,2	1,0	197	99
701	115,123	1,3	168,96	3,1	119	99
702	19,21	0,2	14,4	1,3	119	99
703	55,57	0,2	95,50	1,3	152	99
704	164,160	7,6	251,144	4,0	152	99
705	106,113	1,0	103,47	0,0	258	99
706	14,19	0,0	21,10	0,1	175	99
707	24,21	1,1	11,6	0,0	175	99
708	5,5	0,1	11,2	1,0	175	99
709	197,287	0,0	300,153	1,0	231	99
710	100,175	0,0	169,79	1,0	228	99
711	171,200	0,0	220,104	1,0	154	99
713	350,427	2,0	425,169	0,0	129	99
714	213,354	0,1	232,112	2,1	158	99
715	152,176	2,0	126,81	1,0	180	99
716	585,1113	0,1	881,449	0,0	138	99
717	294,329	0,3	296,134	0,0	175	99
718	289,365	2,3	259,141	2,0	197	99
719	0,0	4,3	1,0	1,0	141	99
721	111,171	3,0	110,76	0,1	284	99
722	43,60	0,0	51,22	1,0	163	99
723	72,85	0,0	54,32	2,0	157	99
724	31,37	0,1	19,12	1,0	151	99
725	309,340	0,1	330,182	1,0	240	99
726	179,240	1,1	178,110	0,1	170	99
727	25,28	0,4	21,19	0,0	159	99
728	13,19	1,0	5,2	0,0	249	99
729	151,246	1,0	138,80	0,0	179	99
730	226,374	1,0	219,79	0,0	166	99
731	127,177	28,36	73,52	28,6	165	99
732	39,57	28,36	28,13	28,6	138	99
733	1202,1799	4,1	1647,679	0,0	140	99
735	88,117	7,3	104,56	7,2	152	99
736	567,733	0,2	622,317	0,0	110	99
737	98,127	1,1	84,53	0,0	559	99
738	372,580	1,1	363,228	0,0	125	99
739	156,239	0,1	189,87	0,0	177	99
740	20,29	0,2	24,9	0,0	182	99
741	16,25	11,33	52,17	75,34	141	99
742	105,145	0,0	123,48	1,0	167	99
743	9,7	2,1	6,3	0,0	121	99
744	4,9	2,1	11,7	0,0	207	99
745	61,85	1,1	88,34	2,0	213	99
746	27,31	1,1	39,10	2,0	158	99
747	1011,1635	1,0	1291,617	0,0	300	99
748	1694,2661	1,0	2132,1005	0,0	312	99
749	463,674	0,2	400,195	0,0	154	99
750	119,185	0,2	108,59	0,0	177	99
751	354,505	0,0	211,128	1,0	285	99
752	382,398	0,2	465,421	0,0	253	99
753	94,71	19,17	72,29	25,6	172	99
754	3565,4586	0,0	4695,1816	1,0	199	99
755	7,5	1172,1780	7,4	1680,681	201	99
756	412,657	3,12	440,200	7,2	191	99
757	137,181	0,0	172,55	1,0	154	99
759	4298,5814	1,0	4685,2062	1,0	2592	99
760	214,292	0,1	170,92	0,0	158	99
761	219,394	0,3	186,125	0,0	180	99
763	222,277	0,1	199,90	0,0	156	99
764	289,395	23,12	300,159	11,8	178	99
765	357,352	0,2	363,154	0,0	235	99
766	235,317	0,0	296,118	1,0	200	99
767	125,165	0,0	146,59	1,0	370	99
768	12,6	122,161	6,0	159,60	158	99
770	1258,1359	0,0	1981,730	0,2	219	99
771	147,190	4,0	171,99	0,0	214	99
772	82,97	0,5	99,58	0,1	214	99
773	55,51	0,5	35,18	0,1	148	99
774	116,144	0,0	106,59	1,0	148	99
775	3,9	32,57	6,2	68,36	171	99
776	100,144	2,4	100,48	1,0	187	99
777	51,61	627,718	37,23	491,151	238	99
778	95,109	2,0	93,32	0,0	192	99
779	50,133	0,2	28,20	0,0	146	99
782	7,9	82,103	5,2	97,33	173	99
783	8,20	0,4	23,18	1,1	177	99
784	12,30	64,96	36,21	64,43	177	99
785	0,5	64,96	4,3	64,43	145	99
786	2,6	6,15	5,6	16,7	145	99
787	45,82	94,131	45,43	105,59	169	99
789	989,1326	0,0	943,355	0,1	189	99
790	47,124	9,10	92,40	13,1	153	99
791	7,11	9,10	10,5	13,1	117	99
792	1492,2100	0,6	1428,653	0,0	857	99
793	1507,2104	0,6	1439,657	0,0	852	99
795	161,177	0,2	193,113	0,1	167	99
796	2393,3541	0,1	2936,1393	0,0	173	99
797	145,231	0,0	179,73	1,0	133	99
798	2442,3508	0,1	2733,1312	0,0	509	99
799	2,10	4,4	23,15	5,4	150	99
800	12,9	107,170	20,11	130,51	279	99
801	550,800	1,0	694,273	0,0	221	99
802	218,266	0,2	203,152	0,0	195	99
803	93,127	0,0	90,38	1,0	192	99
804	19,21	4,2	20,15	3,0	161	99
805	39,25	3,0	13,10	2,0	199	99
806	518,682	0,1	456,200	0,0	277	99
807	70,97	3,6	42,28	3,0	177	99
808	1484,1942	0,3	1138,545	0,0	2819	99
809	1483,1931	0,3	1138,545	0,0	2835	99
810	95,138	0,2	147,24	0,0	153	99
811	15,22	0,1	28,8	0,0	203	99
812	6621,8987	0,1	7901,3243	0,0	203	99
813	617,889	0,1	606,216	0,0	136	99
814	11284,14746	0,0	12858,6061	0,1	403	99
815	19,62	0,1	9,12	0,0	174	99
817	37,31	0,3	15,8	0,0	163	99
818	58,74	0,1	37,31	0,0	162	99
819	69,89	2,0	51,31	1,0	199	99
820	137,136	0,6	138,52	5,2	151	99
821	1,2	1,0	0,1	0,0	136	99
822	829,1292	9,2	747,326	0,0	238	99
823	1291,1998	9,2	1100,506	0,0	257	99
824	42,63	1,0	55,18	2,2	200	99
825	1245,1553	0,0	1643,788	1,0	166	99
827	28,34	2,1	26,13	0,0	175	99
828	0,0	16,29	1,0	14,4	135	99
829	108,131	0,0	91,37	1,0	151	99
830	139,216	0,0	156,61	1,0	192	99
831	7,5	1,1	3,2	8,0	138	99
832	11,16	81,97	11,6	80,32	148	99
833	790,802	4,13	611,323	0,3	138	99
835	19,17	1,0	29,19	0,0	178	99
837	33,43	0,3	16,5	0,0	182	99
838	65,88	0,0	58,29	0,1	187	99
839	82,109	0,0	51,34	0,1	202	99
840	1,0	0,0	2,2	1,0	109	99
841	686,1081	1,0	745,388	0,0	159	99
842	300,430	1,0	297,158	0,0	161	99
843	2293,3197	5,5	2189,828	3,0	141	99
844	98,111	2,6	133,73	2,2	326	99
845	198,242	0,0	339,225	1,0	717	99
846	39,50	0,0	55,35	1,0	205	99
847	515,573	0,4	742,250	1,0	156	99
848	57,85	749,1041	102,59	739,405	210	99
849	1235,1620	1,5	1188,734	0,1	229	99
850	9,12	27,32	3,3	7,9	154	99
851	5,5	27,32	10,9	7,9	159	99
852	52,73	1,0	28,22	0,0	179	99
853	27,48	0,3	15,9	0,0	159	99
854	27,43	65,97	12,10	80,37	135	99
855	375,541	1,0	394,209	0,0	165	99
856	103,168	0,1	99,76	0,0	146	99
857	18,41	0,1	23,15	1,0	129	99
860	203,430	0,1	252,127	0,0	208	99
861	198,349	0,0	355,155	2,0	235	99
862	103,133	0,0	154,69	3,1	137	99
863	81,96	2,0	67,37	0,0	171	99
864	145,216	0,0	104,78	0,1	154	99
867	339,347	0,3	361,142	1,0	192	99
868	500,701	0,0	436,194	0,1	171	99
869	760,1096	2,2	867,391	0,0	200	99
870	1176,1697	2,2	1308,595	0,0	203	99
871	1939,3292	1,1	3435,1289	1,0	294	99
872	1,1	0,1	2,1	0,0	166	99
873	102,177	0,2	142,58	0,0	185	99
874	338,416	0,1	475,197	0,0	124	99
876	124,190	0,1	171,82	0,0	180	99
877	350,399	0,0	289,136	3,3	178	99
879	31,66	1,3	42,21	4,0	222	99
880	39,40	1,3	40,16	4,0	193	99
881	76,68	0,1	76,32	0,0	193	99
882	896,1230	0,1	1222,589	1,0	195	99
883	467,650	0,2	514,218	0,0	276	99
884	4,5	0,0	19,6	2,0	135	99
885	3,0	72,80	1,0	37,26	136	99
886	0,0	7,2	1,1	3,1	136	99
887	7807,12296	1,1	7741,3364	0,0	291	99
888	274,369	1,0	297,141	0,0	327	99
890	312,317	2,0	412,126	0,0	176	99
891	14,24	2,0	6,3	0,0	146	99
892	690,770	6,8	665,317	8,3	150	99
893	299,407	0,3	347,175	0,0	173	99
894	450,523	6,6	578,212	9,1	108	99
895	72,90	2,6	71,35	0,0	231	99
896	30,26	2,6	27,10	0,0	194	99
897	165,265	1,3	183,92	1,5	245	99
898	79,129	1,3	91,56	1,5	208	99
899	188,272	0,0	122,69	1,0	232	99
901	54,106	0,0	66,12	0,1	219	99
902	303,442	0,0	370,184	2,0	165	99
903	750,1000	0,2	745,341	0,0	287	99
904	102,131	2,1	87,30	1,1	307	99
905	127,153	2,1	101,32	1,1	327	99
906	102,130	2,1	104,34	1,1	352	99
908	40,44	0,1	30,13	0,1	250	99
909	1,4	0,1	3,1	0,0	140	99
910	5,6	32,23	6,0	13,5	140	99
911	169,213	0,1	168,70	0,0	155	99
913	278,326	5,13	286,133	4,3	166	99
914	32,67	64,108	19,18	95,31	226	99
915	2,4	0,0	6,1	1,0	137	99
916	4,9	30,21	5,4	19,10	143	99
918	5757,10231	0,1	6700,2882	0,0	240	99
919	361,536	3,4	430,255	3,2	209	99
920	2165,3177	5,6	2844,1224	5,1	260	99
922	130,214	1,0	177,67	0,0	123	99
923	46,78	2,0	42,33	0,0	189	99
924	537,705	1,0	589,233	0,0	188	99
925	104,172	3,2	111,53	1,2	242	99
926	31,59	3,4	36,11	1,0	195	99
927	2380,2731	0,0	2486,814	2,0	145	99
928	1059,1216	0,0	969,473	1,0	2009	99
929	127,166	0,1	142,91	0,0	251	99
930	305,371	1,2	293,175	1,0	176	99
931	1,0	884,1084	0,1	1234,469	201	99
932	7610,12699	5,3	11712,3991	3,1	398	99
933	5,9	223,311	9,4	320,169	145	99
934	187,155	1,0	228,60	0,0	177	99
935	171,140	1,0	204,47	0,0	183	99
936	125,149	0,1	112,50	0,0	144	99
937	2343,4076	1,0	3042,1314	0,0	885	99
938	1212,1856	0,2	1598,634	0,0	313	99
939	8,18	1,4	19,10	0,0	242	99
940	6,7	1,4	9,3	0,0	166	99
942	32,42	0,0	13,18	2,0	148	99
943	34,54	1,0	46,24	0,4	175	99
944	46,80	1,0	40,21	0,0	203	99
945	1147,1433	0,0	1330,597	1,0	144	99
946	62,78	0,2	64,35	3,0	143	99
947	22,39	5,9	25,12	7,5	143	99
948	57,78	5,9	82,22	7,5	216	99
949	103,117	0,1	124,47	3,1	216	99
950	157,200	1,0	178,62	0,0	161	99
951	1817,2461	2,1	1522,790	0,0	2872	99
952	64,99	4,0	48,21	0,0	237	99
953	36,51	0,1	27,8	1,0	168	99
954	98,138	0,0	70,43	1,0	153	99
956	1864,2519	2,0	1830,784	0,0	248	99
957	525,632	0,1	1408,582	0,0	177	99
958	3,6	0,0	5,7	3,1	146	99
959	95,110	4,1	138,58	2,2	126	99
960	840,1055	0,0	898,462	2,0	180	99
961	657,889	0,0	729,379	1,0	143	99
962	14,19	54,52	15,3	59,14	141	99
963	229,274	0,0	239,92	1,0	188	99
965	37,43	0,4	63,25	4,0	164	99
966	102,141	0,4	144,77	4,0	153	99
968	143,137	1,0	119,44	0,0	161	99
969	921,1437	0,0	1249,640	0,1	189	99
970	64,109	0,1	80,51	0,0	178	99
971	10,11	559,831	6,2	691,283	198	99
972	77,105	0,1	80,56	0,0	603	99
973	65,98	0,0	83,32	1,0	299	99
974	1593,1805	0,0	2370,988	2,0	222	99
975	264,422	0,1	359,155	3,0	139	99
976	105,177	0,3	167,81	0,0	145	99
977	1,14	43,52	7,5	55,24	185	99
978	174,260	0,1	219,103	0,0	170	99
979	1140,1281	0,0	817,387	1,0	206	99
980	66,85	2,0	62,24	1,0	133	99
981	282,347	0,0	329,135	3,2	193	99
982	77,114	623,829	84,47	716,361	156	99
983	102,103	1,0	63,36	0,0	238	99
984	263,383	3,4	284,144	1,2	170	99
985	29,26	26,21	12,7	20,12	237	99
986	447,654	0,1	594,219	2,1	176	99
987	47,58	0,2	28,17	0,0	208	99
988	143,134	0,0	178,126	1,0	255	99
989	7,8	15,22	21,12	17,8	156	99
990	20,25	19,24	23,9	54,12	208	99
991	25,30	1,0	55,12	0,0	178	99
992	28869,36623	31,45	33602,10161	44,15	571	99
993	32932,43222	31,45	38228,11876	44,15	567	99
994	455,615	0,1	668,280	2,0	183	99
995	152,212	38,50	144,74	33,24	145	99
996	538,595	0,0	668,185	0,1	138	99
997	32,56	0,1	21,13	0,0	224	99
998	721,901	1,0	1019,365	4,0	194	99
999	79,102	0,0	108,59	2,0	124	99
1000	157,237	0,0	179,76	2,0	127	99
1001	2,3	1,7	0,1	1,0	199	99
1002	9414,13888	0,0	11923,5740	1,0	222	99
1004	0,0	0,1	4,0	0,0	212	99
1005	0,1	720,1125	0,0	680,353	130	99
1007	39,52	1,0	24,12	0,0	191	99
1008	78,112	0,0	201,83	1,0	153	99
1009	286,421	2,2	255,143	4,0	192	99
1010	1159,1313	0,0	1683,788	1,0	240	99
1011	196,237	0,1	222,132	0,0	180	99
1012	427,519	1,1	582,218	0,0	178	99
1013	81,89	1,0	84,30	0,0	153	99
1014	0,0	123,132	0,1	131,59	219	99
1016	688,1037	3,4	1138,656	0,0	137	99
1017	969,1322	30,26	1554,929	13,8	186	99
1019	199,301	0,1	268,150	0,0	389	99
1020	332,518	16,29	469,238	5,5	163	99
1021	20,40	0,2	20,18	0,1	220	99
1022	8,9	3,4	12,7	5,1	136	99
1023	33,55	0,0	35,22	0,1	251	99
1025	146,197	0,0	119,65	1,0	200	99
1026	212,277	2,2	257,125	3,3	145	99
1027	128,169	8,6	178,88	2,0	138	99
1028	206,226	1,0	266,114	0,2	117	99
1030	9,20	20,23	17,10	4,2	171	99
1031	16,24	69,86	20,11	55,21	171	99
1032	8,18	2,16	17,10	12,2	171	99
1033	7833,11440	1,1	7129,3461	0,0	219	99
1034	318,431	4,1	383,145	5,0	121	99
1035	361,550	1,0	423,179	1,1	147	99
1036	90,69	0,1	45,23	0,0	146	99
1037	1101,1636	1,0	1705,682	0,1	193	99
1038	715,1166	0,0	588,214	0,1	108	99
1039	32,35	84,142	34,28	119,60	206	99
1040	37,46	84,142	22,22	119,60	163	99
1041	9,30	84,142	3,6	119,60	189	99
1042	23,50	84,142	18,19	119,60	605	99
1043	1,2	0,0	1,1	1,0	149	99
1044	20,14	84,142	13,17	119,60	149	99
1046	98,162	0,1	144,45	0,0	230	99
1047	76,82	0,0	61,29	1,0	118	99
1048	464,700	0,1	507,262	1,0	179	99
1051	75,108	3,1	71,40	1,1	176	99
1054	13,15	0,1	17,9	1,1	316	99
1055	35,44	0,0	63,34	1,0	209	99
1056	80,153	2,1	98,41	0,2	173	99
1057	105,151	0,1	114,35	0,0	209	99
1058	199,298	0,1	218,77	0,0	226	99
1059	2161,2451	0,0	2676,1067	2,0	262	99
1060	180,237	0,0	152,65	1,0	166	99
1061	0,1	17,36	4,1	22,13	138	99
1062	0,0	17,36	6,1	22,13	141	99
1063	8,18	27,46	20,6	36,15	145	99
1064	37,51	27,46	42,17	36,15	125	99
1065	106,164	3,2	108,39	3,1	244	99
1066	154,257	3,2	146,50	3,1	218	99
1067	52,83	3,2	71,25	3,1	123	99
1068	76,123	0,0	159,61	2,1	229	99
1069	198,314	1,2	171,106	0,0	151	99
1070	33,39	1,0	15,7	0,0	151	99
1071	70,111	0,2	75,28	0,0	161	99
1072	10,18	4,2	7,1	1,1	103	99
1073	23,25	1,0	25,5	0,0	184	99
1075	135,178	0,1	137,69	0,0	258	99
1076	5,10	0,0	1,5	0,2	187	99
1077	2016,2925	0,1	2360,1034	0,0	276	99
1078	12,25	418,462	8,5	327,187	244	99
1079	648,734	2,3	492,307	0,0	240	99
1080	29,42	30,41	46,34	41,22	228	99
1081	1586,2456	2,0	1784,796	0,0	177	99
1082	321,450	1,0	368,119	0,0	217	99
1085	256,296	0,0	220,101	1,0	166	99
1086	375,537	0,2	283,102	0,0	436	99
1087	43,23	2,0	59,21	0,0	226	99
1088	20,16	1,0	15,10	0,0	163	99
1089	287,379	0,0	291,180	3,1	187	99
1090	598,506	0,0	779,228	1,0	181	99
1091	160,221	0,1	147,82	0,0	218	99
1092	1181,1711	1,0	802,564	0,0	2205	99
1093	1484,1721	2,0	1387,509	0,0	226	99
1094	796,882	2,0	723,250	0,0	214	99
1095	1,1	724,806	0,0	661,232	126	99
1096	87,143	0,0	67,23	1,0	215	99
1097	205,318	4,0	199,110	2,1	210	99
1098	209,272	1,0	184,105	0,0	257	99
1099	93,171	1,3	138,53	0,0	183	99
1100	95,124	4,3	125,50	0,0	185	99
1101	107,149	0,1	99,40	0,0	200	99
1102	190,206	0,1	119,54	0,0	211	99
1103	1254,1830	1,0	1593,797	0,0	175	99
1104	1435,2156	1,0	1807,759	1,0	272	99
1105	78,146	1,0	82,51	0,0	216	99
1106	81,151	1,0	92,60	0,0	216	99
1107	392,669	0,2	410,216	1,2	150	99
1108	90,98	157,242	99,44	166,58	181	99
1109	18,32	3,6	15,11	7,0	270	99
1110	7,17	3,6	6,5	7,0	184	99
1111	11,22	0,0	4,1	2,0	133	99
1112	241,323	0,1	171,87	0,0	206	99
1113	35,48	0,1	24,10	0,0	226	99
1116	9,10	82,127	6,1	81,35	120	99
1117	2926,4297	10,10	3739,1421	24,5	366	99
1118	4327,6582	0,1	6012,2480	0,0	369	99
1119	444,578	0,1	450,229	0,0	145	99
1120	0,6	0,0	1,2	0,1	205	99
1121	211,368	13,7	261,101	14,12	128	99
1122	6,5	3,5	3,4	7,1	185	99
1123	5,3	3,5	1,2	7,1	186	99
1125	8,12	0,3	8,2	2,0	151	99
1126	6,9	1,0	3,3	0,0	151	99
1127	2396,3359	1,0	2320,1015	0,0	792	99
1129	3,0	46,76	4,4	59,25	173	99
1130	164,203	3,2	224,84	1,0	189	99
1131	84,129	3,11	105,72	3,4	127	99
1132	143,178	2,0	192,70	0,0	189	99
1133	48,61	1,2	18,13	3,0	156	99
1134	30,51	1,2	28,10	3,0	152	99
1135	421,523	37,56	404,172	69,34	164	99
1137	58,72	1,2	69,31	2,0	137	99
1138	2,9	1,2	14,4	2,0	205	99
1139	122,161	11,4	127,47	2,0	163	99
1140	253,265	0,1	315,178	0,0	304	99
1141	321,353	0,1	397,230	0,1	304	99
1142	12,17	0,1	21,13	0,1	249	99
1143	16,23	72,95	32,23	93,62	249	99
1144	143,199	1,0	295,103	2,0	143	99
1145	221,255	2,0	229,105	0,0	168	99
1146	93,106	1,1	84,37	1,0	162	99
1147	22,26	0,0	4,4	1,0	161	99
1148	146,137	0,0	94,76	1,0	200	99
1149	91,147	1,0	119,32	0,0	208	99
1150	72,56	1,4	51,38	4,1	150	99
1151	22,19	89,152	24,23	164,54	573	99
1152	81,126	0,3	82,36	0,3	217	99
1153	515,588	7,5	459,219	1,1	204	99
1154	482,636	0,2	424,251	0,0	226	99
1155	737,982	1,0	448,210	0,0	126	99
1156	30,41	2,1	30,14	1,3	165	99
1157	17,8	33,36	9,9	25,17	207	99
1158	1343,2146	1,0	1923,747	2,1	184	99
1159	11,25	11,26	16,6	4,5	562	99
1160	7198,9556	1,0	6559,2635	0,0	129	99
1161	325,475	1,0	318,126	0,1	184	99
1162	22,61	0,1	16,15	0,0	193	99
1163	36,81	0,1	21,24	0,0	214	99
1164	70,81	0,2	53,22	0,0	168	99
1165	18,44	4,5	117,44	13,12	141	99
1166	49,106	0,0	49,31	1,0	155	99
1168	668,871	1,0	580,301	0,0	1768	99
1169	0,3	51,91	3,0	78,33	186	99
1170	471,778	0,0	590,348	2,0	225	99
1171	36,39	0,1	44,7	0,0	202	99
1172	1899,2779	23,33	2476,1235	17,7	132	99
1173	307,449	0,0	212,102	1,0	148	99
1175	37,72	0,3	67,12	1,4	162	99
1176	146,168	2,2	164,62	0,0	187	99
1177	5,3	3,0	10,3	0,1	160	99
1178	386,449	2,8	346,160	6,0	697	99
1179	253,331	0,1	357,135	1,0	202	99
1184	0,2	4,4	0,0	3,0	168	99
1185	10,16	4,6	14,7	2,1	186	99
1187	41,44	1,0	32,14	0,0	145	99
1189	53,66	17,50	76,45	22,8	165	99
1190	81,88	2,4	88,67	0,0	204	99
1191	40,48	2,4	41,29	0,0	177	99
1194	86,134	0,0	179,85	2,1	167	99
1195	3,8	11,17	3,2	7,7	174	99
1196	13,6	15,30	2,5	12,12	178	99
1197	3,2	0,1	1,0	0,2	153	99
1198	4,14	0,0	4,0	0,1	158	99
1199	8,5	3,13	8,8	13,2	144	99
1200	7,5	1,2	7,6	2,0	144	99
1201	59,73	8,7	42,23	2,4	458	99
1202	60,82	24,42	55,31	35,16	458	99
1203	18,33	8,7	20,5	2,4	221	99
1204	19,42	24,42	33,13	35,16	221	99
1205	17,30	5,1	21,14	7,0	221	99
1206	8,9	24,42	10,3	35,16	147	99
1207	7,7	5,1	8,4	7,0	147	99
1208	19,33	1,0	30,9	0,0	209	99
1209	152,166	0,0	159,76	0,1	154	99
1210	1529,1709	0,1	1891,583	0,0	158	99
1211	446,637	1,0	556,242	0,0	118	99
1212	17,23	71,74	21,11	81,31	198	99
1213	488,535	0,1	515,194	0,0	157	99
1215	665,997	0,1	704,321	0,0	288	99
1216	447,610	12,13	457,219	14,8	177	99
1217	549,788	2,0	714,256	0,0	201	99
1219	41,54	0,0	56,15	2,0	239	99
1220	35,45	0,0	59,9	2,0	246	99
1221	527,849	0,0	546,309	0,1	422	99
1222	225,240	13,34	150,84	8,9	180	99
1223	145,215	4,0	172,71	0,0	155	99
1224	39,60	0,0	23,32	0,1	189	99
1225	35,51	0,0	33,20	2,0	190	99
1226	18,22	0,0	14,8	2,0	195	99
1227	89,154	1,1	58,38	1,0	154	99
1229	399,754	1,0	764,288	0,0	439	99
1230	0,1	0,0	0,0	1,0	144	99
1231	0,0	247,440	1,0	354,137	195	99
1233	824,985	0,0	891,414	1,0	171	99
1234	26,34	0,1	13,7	0,0	212	99
1236	107,125	0,0	98,31	1,0	159	99
1238	70,133	0,1	98,28	0,0	284	99
1239	97,118	0,1	98,52	0,0	249	99
1240	272,340	1,0	399,209	0,0	186	99
1241	3,5	48,89	8,0	73,20	132	99
1242	366,487	1,0	339,165	0,0	261	99
1243	415,538	0,0	665,273	1,0	214	99
1244	128,256	1,0	181,72	0,0	155	99
1245	266,385	0,1	263,152	3,1	163	99
1247	215,190	0,0	189,101	0,2	266	99
1248	673,764	0,0	619,259	0,2	176	99
1249	453,674	0,0	550,255	1,0	127	99
1250	316,476	4,6	309,179	5,3	392	99
1251	385,470	0,1	413,250	0,0	2243	99
1252	448,638	0,4	596,196	0,0	153	99
1253	55,63	0,8	60,18	1,0	205	99
1254	67,77	0,8	55,22	1,0	492	99
1255	67,80	0,8	55,21	1,0	495	99
1256	16,7	13,9	2,5	14,3	122	99
1257	16,22	13,9	13,10	14,3	125	99
1258	2228,3065	0,0	3131,1572	2,0	186	99
1259	93,157	0,1	113,41	1,1	172	99
1260	78,104	0,0	83,28	1,0	158	99
1261	718,874	0,0	870,358	0,1	199	99
1262	37,53	1,0	31,13	0,0	365	99
1263	2,7	238,297	4,0	302,139	279	99
1264	136,243	2,5	183,66	0,0	254	99
1265	94,139	2,5	112,38	0,0	212	99
1266	1,4	0,0	2,0	1,0	243	99
1267	221,301	0,1	275,138	0,0	159	99
1268	269,352	0,1	247,94	0,1	758	99
1269	258,293	1,0	305,106	0,0	139	99
1270	520,719	2,0	603,257	0,0	196	99
1271	338,642	1,0	681,291	0,0	175	99
1272	154,160	0,0	167,57	0,1	152	99
1273	779,920	0,2	619,269	0,0	217	99
1274	16,35	0,0	20,10	4,1	151	99
1275	105,116	0,0	156,57	1,0	201	99
1276	12,13	92,103	11,2	68,24	154	99
1277	36,34	0,0	28,7	0,1	157	99
1278	31,47	1,5	15,7	1,0	256	99
1279	37,51	1,1	16,7	1,0	256	99
1280	1,2	459,540	0,0	335,133	297	99
1281	984,1175	4,1	785,307	2,1	162	99
1286	41,43	0,0	32,16	0,1	151	99
1287	3650,6174	0,1	4885,2428	0,0	138	99
1288	123,122	0,3	163,74	0,0	155	99
1290	367,264	3,0	232,101	1,2	174	99
1291	220,288	1,0	274,87	0,0	188	99
1292	22,25	1,4	5,4	0,0	151	99
1293	120,151	3,0	108,42	2,0	167	99
1295	88,112	0,0	87,47	0,1	213	99
1296	106,165	4,13	117,50	4,4	180	99
1297	6912,9087	1,0	8315,3819	3,0	165	99
1299	1299,1705	1,0	1432,664	0,0	222	99
1300	421,680	0,0	732,324	1,1	179	99
1301	162,245	0,2	186,100	0,0	145	99
1302	53,85	0,1	63,22	0,0	274	99
1303	142,182	2,0	157,72	0,0	213	99
1305	332,624	0,0	469,238	0,2	153	99
1306	73,80	0,3	60,19	2,0	145	99
1307	40,41	14,27	26,11	11,2	190	99
1308	365,547	1,0	371,202	0,1	203	99
1309	8,8	25,41	5,2	21,7	186	99
1310	29,71	28,55	29,19	40,14	149	99
1311	47,55	0,1	31,27	0,1	132	99
1312	73,116	0,0	150,45	0,1	183	99
1313	7290,11046	6,10	9025,4908	4,1	226	99
1315	71,83	1,1	66,43	0,0	236	99
1316	84,100	0,0	102,45	0,1	165	99
1317	24,31	2,8	58,18	0,1	165	99
1318	35,38	1,0	11,3	0,0	148	99
1320	156,240	0,1	171,54	3,0	169	99
1321	10,8	30,19	5,0	19,7	130	99
1322	0,0	128,205	0,2	127,73	190	99
1323	84,101	1,1	87,49	0,0	145	99
1324	237,407	0,1	303,154	1,0	170	99
1325	217,316	0,0	225,134	1,0	159	99
1326	9,36	54,56	17,5	38,15	324	99
1327	11,52	54,56	23,8	38,15	309	99
1328	91,103	0,2	79,31	2,0	196	99
1329	22,45	84,115	46,17	80,26	135	99
1330	0,0	12,8	3,3	11,5	177	99
1331	636,880	0,1	703,321	0,0	167	99
1332	53,75	0,0	75,25	1,0	160	99
1335	0,0	657,902	2,0	937,259	159	99
1336	81,76	8,7	47,16	10,2	575	99
1337	79,73	8,7	45,15	10,2	555	99
1338	40,46	8,7	30,12	10,2	336	99
1340	72,100	0,1	27,26	0,0	213	99
1341	0,2	22,21	0,0	27,9	172	99
1342	0,0	2,3	1,0	0,1	172	99
1343	2239,3106	0,3	3694,1577	0,0	165	99
1344	8,17	1,0	7,6	0,0	133	99
1345	20,28	0,1	52,28	0,0	167	99
1347	119,161	19,26	140,67	17,9	274	99
1350	43,45	8,6	29,10	4,0	124	99
1351	14,14	8,6	12,6	4,0	151	99
1352	66,68	8,6	52,21	4,0	112	99
1353	17,25	8,6	19,10	4,0	139	99
1354	1814,2590	1,0	2360,1034	0,0	159	99
1355	129,190	0,3	127,62	0,0	216	99
1356	182,286	1,1	238,114	0,0	184	99
1357	66,105	1,2	85,41	2,1	162	99
1358	190,269	0,3	181,90	0,0	159	99
1359	53,92	1,0	85,31	0,0	186	99
1360	50,87	0,0	62,33	1,1	170	99
1361	132,227	1,2	106,52	1,1	178	99
1362	162,276	1,1	145,81	0,0	262	99
1363	85,105	0,0	73,23	0,1	119	99
1364	10,12	253,400	6,6	291,143	265	99
1365	36,25	15,26	68,16	15,7	139	99
1366	57,94	0,4	40,15	0,0	162	99
1367	53,73	0,1	78,31	0,0	164	99
1368	121,136	0,1	112,40	0,0	191	99
1369	48,43	2,1	18,3	0,0	155	99
1370	1233,1681	2,0	1431,572	0,0	252	99
1371	118,172	0,0	152,67	1,0	212	99
1373	21,31	3,0	49,6	4,0	137	99
1374	28,39	3,2	52,8	6,0	137	99
1375	1492,2209	1,0	1855,787	0,0	221	99
1378	1180,1386	0,1	1280,630	0,0	192	99
1379	770,1008	0,1	852,409	0,0	154	99
1380	352,395	1,0	513,185	0,0	180	99
1381	836,906	1,4	999,460	5,1	150	99
1382	274,381	1,0	260,177	0,0	247	99
1383	305,455	0,0	436,174	0,1	262	99
1384	181,284	3,0	206,119	0,0	163	99
1385	153,244	1,0	171,106	0,0	162	99
1386	51,108	3,1	67,16	1,0	143	99
1387	36,96	3,1	59,20	1,0	146	99
1388	1958,3027	0,1	1705,749	0,0	186	99
1389	1900,2742	3,2	2163,881	0,0	213	99
1390	181,254	149,207	230,92	155,88	115	99
1391	389,586	0,5	482,199	2,1	197	99
1392	1,2	1,0	1,0	0,0	186	99
1393	8,17	181,208	20,5	250,93	142	99
1395	214,360	1,0	207,82	0,0	285	99
1396	137,190	1,2	226,132	1,1	182	99
1397	966,1070	0,1	830,355	0,0	159	99
1398	108,180	0,3	103,61	0,0	153	99
1399	168,211	6,2	184,109	7,4	347	99
1400	58,61	2,6	58,16	2,0	137	99
1402	285,423	0,0	386,170	1,0	205	99
1403	3893,5433	2957,3811	3608,1671	2118,1017	215	99
1404	0,2	0,1	3,0	3,1	147	99
1405	568,697	1,0	635,228	0,0	226	99
1406	337,492	1,0	356,155	0,0	198	99
1407	289,399	0,0	285,158	2,0	143	99
1408	203,240	3,8	205,78	0,0	205	99
1409	464,770	0,0	473,273	1,0	142	99
1410	239,273	0,0	244,100	1,0	140	99
1411	58,78	1,0	46,21	1,0	211	99
1412	73,108	2,7	79,43	9,2	223	99
1413	1017,1325	0,1	886,433	0,0	213	99
1414	1089,1280	5,1	1128,491	4,2	277	99
1415	905,1071	5,1	891,354	4,2	274	99
1416	1,0	502,551	5,1	639,205	166	99
1418	203,285	2,0	274,125	1,2	229	99
1419	61,55	36,35	40,7	24,6	261	99
1420	60,53	36,35	41,6	24,6	274	99
1423	115,135	2,0	161,54	0,0	165	99
1425	168,207	31,28	137,84	47,17	157	99
1426	5,6	1,0	10,3	0,0	258	99
1427	631,916	0,0	770,353	0,5	141	99
1428	227,282	22,15	269,122	15,7	104	99
1429	28,22	1,0	14,6	0,0	226	99
1431	0,2	213,290	1,1	265,95	201	99
1432	15,17	683,1089	23,4	740,293	277	99
1433	249,319	4,4	183,63	0,0	178	99
1435	4,10	2950,5239	9,0	4580,2326	225	99
1437	4,5	629,1073	5,2	850,439	240	99
1438	403,430	0,0	482,229	2,0	186	99
1439	86,148	0,0	101,41	2,1	278	99
1442	212,401	9,13	361,150	1,1	126	99
1443	726,1186	0,0	933,449	0,1	246	99
1445	1527,2023	0,3	1425,895	0,0	222	99
1446	791,1040	0,3	725,496	0,0	453	99
1447	798,1042	0,3	727,498	0,0	539	99
1448	71,135	1,5	123,54	1,4	188	99
1449	111,138	5,2	113,62	3,0	301	99
1450	1590,1464	0,0	2122,755	4,0	153	99
1451	469,713	0,0	587,471	2,0	4435	99
1452	299,446	0,0	402,196	2,0	195	99
1453	20,39	227,306	16,2	299,122	309	99
1454	17,30	227,306	4,1	299,122	176	99
1455	3,8	7,11	6,6	6,8	145	99
1456	10,15	3,12	5,9	2,0	140	99
1457	950,1185	2,1	1083,447	1,1	186	99
1459	86,130	3,4	61,28	1,0	176	99
1460	1228,1520	0,0	1922,928	0,1	165	99
1461	5,5	9,14	11,0	19,8	214	99
1462	35,59	0,1	55,19	0,0	158	99
1463	401,580	0,1	312,129	0,0	212	99
1464	582,673	0,1	602,264	1,0	233	99
1465	621,770	0,1	634,328	1,0	239	99
1466	4,3	269,477	2,0	312,115	268	99
1467	562,793	2,1	565,259	0,0	162	99
1468	306,385	0,0	428,154	1,0	155	99
1469	344,431	2,0	402,126	0,0	162	99
1470	384,493	3,0	492,179	0,0	190	99
1471	78,165	0,0	68,34	0,1	184	99
1472	1145,1626	2,0	1495,715	0,0	226	99
1473	157,181	10,7	143,70	12,3	178	99
1474	90,131	1,0	90,46	0,0	285	99
1475	19,18	1,0	17,9	0,0	133	99
1476	7,1	0,2	3,3	0,0	133	99
1477	15,20	0,2	15,13	0,0	208	99
1478	52,67	2,0	51,25	0,0	208	99
1479	169,291	1,7	194,88	0,0	186	99
1480	155,270	9,22	173,78	12,4	186	99
1481	1,5	75,92	2,1	63,24	132	99
1482	288,422	0,2	404,204	0,0	255	99
1483	78,110	5,1	97,42	0,0	159	99
1484	190,244	1,0	201,76	0,0	158	99
1485	162,340	6,16	240,109	6,1	228	99
1487	91,174	0,1	53,43	2,0	160	99
1488	28,37	0,2	25,16	0,0	174	99
1489	148,247	2,0	152,60	0,0	156	99
1490	551,753	7,7	622,287	6,0	231	99
1491	351,502	0,0	443,207	1,0	150	99
1492	365,563	131,169	432,163	98,57	239	99
1493	870,1267	1,0	976,405	1,0	165	99
1494	2017,3254	0,1	2361,1174	0,0	147	99
1495	6,12	1,0	7,5	0,0	133	99
1496	1142,1604	0,1	993,458	0,0	258	99
1497	735,1084	4,4	707,341	0,0	170	99
1498	13,33	59,83	11,4	55,29	139	99
1499	131,178	2,0	117,62	0,0	166	99
1500	66,56	0,1	47,18	0,0	176	99
1502	0,1	2048,2659	5,1	2481,1009	343	99
1503	8,6	15,37	2,2	14,3	346	99
1504	6,6	15,37	2,3	14,3	343	99
1505	60,100	0,0	39,39	1,0	170	99
1508	263,402	0,0	316,139	2,0	135	99
1509	1323,1555	0,1	1773,783	0,0	219	99
1511	189,349	6,4	231,85	1,2	202	99
1512	32,56	82,109	74,33	63,37	201	99
1513	92,128	0,4	114,57	2,0	162	99
1515	1504,1927	2,0	1561,787	0,0	448	99
1516	289,362	3,6	271,171	0,2	188	99
1517	2,6	86,129	0,2	116,54	149	99
1518	23,28	4,5	21,5	4,2	206	99
1519	26,35	4,5	21,6	4,2	211	99
1520	2,5	13,11	0,0	17,7	153	99
1521	32,41	28,39	47,25	23,8	318	99
1522	23,32	28,39	24,16	23,8	297	99
1523	11,13	28,39	18,9	23,8	309	99
1524	399,615	1,7	382,281	1,1	251	99
1525	27,65	120,198	40,42	103,85	134	99
1526	259,385	2,1	182,63	0,0	1077	99
1527	9,21	0,0	39,17	8,0	172	99
1528	125,157	1,1	113,46	1,0	265	99
1529	41,71	0,1	62,19	0,0	218	99
1530	2246,2872	0,0	1476,949	1,0	2855	99
1531	292,381	1,0	247,116	0,0	190	99
1532	227,288	1,1	240,118	0,0	169	99
1533	180,295	0,4	175,91	0,0	203	99
1534	19,18	0,1	22,8	0,0	190	99
1535	293,312	1,3	273,135	1,0	162	99
1536	94,115	6,10	78,30	0,4	153	99
1537	53,55	6,10	41,17	0,4	184	99
1538	2,1	131,151	0,0	109,56	159	99
1539	10,13	4,3	43,26	2,1	133	99
1540	246,307	4,3	265,128	2,1	162	99
1541	284,392	0,2	315,169	0,0	162	99
1542	276,394	0,1	341,161	1,3	152	99
1543	724,1138	0,0	617,311	1,0	268	99
1544	349,547	0,0	349,205	1,0	223	99
1545	71,69	0,0	64,30	1,0	310	99
1546	6,10	1505,1930	4,1	1334,569	163	99
1547	83,76	1505,1930	72,23	1334,569	255	99
1548	90,93	1505,1930	85,33	1334,569	252	99
1549	4,7	0,2	8,7	0,0	155	99
1550	38,49	11,21	53,20	8,8	345	99
1551	64,72	0,4	36,16	0,1	179	99
1552	132,188	0,1	222,94	0,0	192	99
1553	48,55	1,2	68,40	0,0	177	99
1555	724,897	1,0	892,355	1,0	118	99
1556	149,207	0,0	169,99	1,0	233	99
1557	79,133	1,0	56,31	1,0	185	99
1558	1,4	22,40	3,1	31,8	146	99
1559	667,753	68,83	995,255	71,39	285	99
1560	628,673	68,83	942,245	71,39	587	99
1561	1091,1688	1,3	987,497	0,1	2103	99
1562	926,1516	6,10	1091,512	7,0	169	99
1563	96,172	0,0	116,59	1,0	119	99
1564	201,305	13,5	243,141	9,7	160	99
1565	85,87	0,1	108,50	2,0	147	99
1566	160,196	3,5	122,83	0,1	202	99
1567	267,309	4,2	184,112	2,1	197	99
1570	18,35	165,261	20,3	113,61	195	99
1571	103,67	0,0	51,19	0,1	196	99
1573	237,361	2,1	166,106	0,0	119	99
1574	417,477	16,42	440,282	35,16	179	99
1575	253,278	4,2	294,191	0,1	179	99
1576	235,229	475,548	220,139	456,186	179	99
1577	532,756	0,0	569,273	1,0	233	99
1579	39,40	2,1	10,17	4,1	196	99
1580	647,981	2,0	614,313	0,0	178	99
1581	246,314	4,4	251,127	0,0	156	99
1582	30,35	1,2	32,7	1,1	723	99
1583	210,319	0,1	221,103	2,0	825	99
1584	210,318	0,3	221,104	0,2	825	99
1585	176,294	0,0	189,110	1,0	204	99
1586	794,1074	6,3	855,479	11,12	197	99
1587	104,112	1,0	69,25	0,0	179	99
1588	77,115	2,3	102,33	6,0	118	99
1590	1,5	10,17	3,5	9,3	620	99
1592	84,136	0,0	67,44	1,0	155	99
1593	4,8	119,180	1,2	102,57	151	99
1595	57,63	0,0	52,25	2,0	146	99
1596	82,166	0,0	92,35	1,0	360	99
1597	123,144	1,7	84,40	0,0	162	99
1598	142,173	1,1	101,64	2,0	162	99
1600	188,216	1,0	161,64	1,0	200	99
1603	1,4	12,19	2,0	9,7	237	99
1604	1,5	20,9	2,0	5,2	237	99
1605	38,51	13,12	10,11	6,3	144	99
1606	100,89	187,353	68,20	161,83	206	99
1607	188,354	3,7	161,84	8,3	159	99
1608	1398,2470	2,0	1535,783	0,0	323	99
1609	1038,1813	1,5	1159,598	3,1	323	99
1610	14,27	1,5	21,4	3,1	137	99
1611	363,660	1,0	388,186	0,0	137	99
1612	17,14	2,5	6,7	1,0	160	99
1613	555,704	0,0	535,255	0,1	224	99
1615	82,81	0,3	114,54	0,0	182	99
1616	0,2	0,1	1,0	0,0	176	99
1617	29,50	0,0	20,10	0,1	374	99
1618	558,678	0,1	466,207	0,0	196	99
1619	108,136	1,1	66,30	0,0	199	99
1620	96,148	1,1	52,26	0,2	177	99
1621	193,256	1,1	107,49	0,2	183	99
1624	286,510	1,0	378,138	0,0	229	99
1626	127,213	1,0	172,91	1,0	232	99
1628	545,778	319,503	712,323	352,146	245	99
1629	172,233	0,0	229,136	0,1	184	99
1630	347,449	0,1	460,265	0,0	345	99
1631	388,451	0,0	561,290	1,0	354	99
1632	18,19	0,2	8,6	1,0	145	99
1633	168,285	1,0	118,69	0,1	163	99
1634	111,148	0,0	84,62	1,0	146	99
1635	151,187	0,0	149,99	0,1	159	99
1636	66,122	0,4	90,38	0,0	173	99
1637	104,116	0,1	111,32	1,1	145	99
1638	0,0	22,36	1,0	21,12	177	99
1639	317,423	1,0	345,160	1,0	170	99
1640	147,205	1,1	157,98	0,0	180	99
1641	361,451	1,1	447,182	0,0	184	99
1642	203,262	55,52	267,71	79,39	162	99
1643	112,131	3,0	134,38	0,1	162	99
1644	189,250	3,0	259,125	0,1	159	99
1645	231,332	2,5	321,119	0,0	159	99
1646	22,22	0,1	43,18	0,0	153	99
1647	100,101	6,3	69,42	3,1	241	99
1648	0,2	203,259	0,0	216,90	207	99
1649	30,60	0,2	33,27	6,1	181	99
1651	1492,2269	0,0	1913,969	1,0	147	99
1652	74,127	50,65	101,44	86,52	180	99
1653	57,66	1384,2145	53,28	1854,832	263	99
1654	416,603	0,1	460,247	0,0	271	99
1655	69,118	0,0	118,56	0,2	141	99
1656	126,142	1,0	127,80	0,0	217	99
1657	121,129	1,0	123,55	0,0	168	99
1658	1053,1489	0,0	1415,587	1,0	153	99
1659	466,656	1,1	420,200	0,3	217	99
1660	48,67	1,2	62,25	1,0	194	99
1661	62,84	0,0	73,20	3,0	611	99
1662	151,178	0,1	165,67	0,0	301	99
1663	1779,2366	0,1	2885,1531	2,4	162	99
1664	535,835	2,4	546,280	0,2	161	99
1665	64,64	1,0	90,35	0,0	270	99
1666	151,188	0,0	204,118	1,3	138	99
1667	54,84	0,0	86,47	1,3	162	99
1671	0,1	24,49	0,0	63,39	181	99
1672	12,14	0,0	46,14	0,1	125	99
1674	411,528	0,1	500,192	0,0	164	99
1675	725,1066	0,2	790,373	0,0	220	99
1676	837,992	1,0	847,306	0,0	180	99
1677	825,890	1,0	848,276	0,0	157	99
1678	57,108	0,0	65,35	1,1	261	99
1679	329,526	8,8	309,158	2,2	366	99
1680	18,25	0,0	13,4	1,0	159	99
1681	18,19	2,1	17,11	1,0	213	99
1682	41,22	0,0	31,15	0,1	206	99
1684	94,117	0,2	85,61	0,0	165	99
1685	165,201	1,0	173,93	0,0	241	99
1686	277,342	1,1	272,132	0,0	191	99
1687	133,167	0,1	114,61	0,0	191	99
1688	2824,4592	1,0	4493,2083	4,1	211	99
1689	60,67	4,5	87,30	4,1	180	99
1690	67,105	0,1	132,53	0,0	215	99
1691	11,33	1,0	15,5	0,1	299	99
1692	16,26	83,82	15,6	107,42	133	99
1694	14,23	28,53	6,5	48,15	138	99
1695	2556,3965	16,43	3035,1413	9,4	159	99
1696	3309,4638	4,5	3907,1668	8,1	192	99
1697	9374,14368	0,1	10436,5059	0,0	1818	99
1698	159,208	1,0	170,82	0,0	159	99
1700	198,260	0,0	289,87	1,0	192	99
1701	14,16	0,0	11,7	0,1	218	99
1702	9649,12689	0,0	16378,7532	1,0	264	99
1703	44,77	1,0	44,26	0,0	346	99
1704	14,33	0,3	16,18	1,0	281	99
1705	21,48	0,3	24,22	1,0	261	99
1706	45,28	0,2	20,9	0,0	140	99
1707	71,74	0,2	44,21	0,0	193	99
1709	97,130	0,1	82,33	0,0	255	99
1710	83,147	1,0	59,45	0,0	247	99
1711	4,10	1,0	4,3	0,0	232	99
1713	37,24	0,2	10,4	0,0	184	99
1714	36,59	0,1	47,13	0,0	197	99
1716	26,34	2,0	18,18	1,0	206	99
1717	50,68	2,0	44,38	1,0	298	99
1718	0,0	7,12	1,0	12,7	121	99
1719	195,340	0,3	269,152	0,0	240	99
1720	132,218	0,3	203,101	0,0	330	99
1721	378,481	0,2	342,174	0,0	155	99
1723	1,1	17,39	2,0	14,6	224	99
1724	17,24	1,4	27,3	2,1	159	99
1726	235,301	0,4	284,139	0,0	209	99
1727	73,105	1,1	63,42	0,0	225	99
1728	2196,2558	9,7	1901,841	5,4	1729	99
1729	0,0	399,548	3,0	499,191	146	99
1731	35,51	0,1	30,24	0,2	411	99
1732	68,108	0,0	58,36	0,1	223	99
1733	196,268	0,2	202,84	0,0	107	99
1734	3728,4481	2,1	3325,1415	0,0	1796	99
1735	3737,4484	2,1	3341,1426	0,0	1799	99
1736	3769,4526	2,1	3361,1437	0,0	1836	99
1737	36,42	0,0	47,13	0,1	204	99
1738	1135,1228	0,1	614,209	0,0	289	99
1739	1014,1348	0,0	1218,549	1,0	259	99
1740	13,3	140,166	5,1	137,62	167	99
1743	122,199	0,0	201,81	1,1	160	99
1744	129,166	0,2	91,46	0,0	157	99
1745	11877,16204	0,1	10703,4983	0,0	2165	99
1746	42,63	1,1	76,35	0,0	212	99
1747	165,179	0,0	202,117	0,1	225	99
1748	307,495	6,12	344,221	4,3	310	99
1749	289,326	0,1	342,131	1,0	236	99
1750	72,99	0,1	104,39	0,0	195	99
1752	147,161	0,0	137,60	1,0	164	99
1753	21,14	26,45	7,10	30,4	155	99
1754	314,434	0,1	213,165	0,0	273	99
1755	189,286	1,0	208,81	0,0	133	99
1756	6,12	1,0	16,9	0,1	157	99
1757	6066,7108	0,2	8931,3040	0,0	201	99
1758	517,737	0,0	679,304	1,0	363	99
1760	38,27	1,5	48,27	2,0	149	99
1761	37,32	0,0	26,15	1,0	166	99
1762	11563,17024	2,5	18822,9440	1,2	165	99
1764	30,23	2,1	36,11	2,0	141	99
1766	228,356	4,3	255,91	4,0	216	99
1767	10,15	8,12	11,5	6,4	150	99
1768	424,533	0,1	483,294	0,0	144	99
1769	103,121	1,0	43,42	0,0	338	99
1771	3,5	11,10	2,1	8,5	172	99
1772	1,5	11,10	1,3	8,5	146	99
1773	104,168	0,1	104,54	0,0	216	99
1774	12,8	21,36	14,9	25,16	180	99
1775	129,117	6,5	111,49	1,1	169	99
1776	262,296	0,0	169,89	1,0	605	99
1777	119,149	0,0	81,52	1,0	362	99
1780	196,291	0,1	179,95	0,0	168	99
1781	45,81	1,0	52,30	0,0	233	99
1782	17,38	1,0	33,11	0,0	156	99
1783	78,96	0,2	85,32	0,0	168	99
1784	266,382	5,7	198,100	3,6	161	99
1785	20,28	1,0	6,5	0,0	133	99
1786	101,109	164,214	77,41	176,61	200	99
1787	0,0	1,0	0,2	2,0	163	99
1788	181,313	0,4	184,99	0,1	278	99
1789	229,349	0,0	326,227	2,0	182	99
1790	99,102	0,0	130,67	1,0	184	99
1791	195,246	3,10	283,110	3,2	170	99
1793	1875,2644	4,19	1884,1051	16,11	126	99
1794	205,214	0,1	225,92	0,0	219	99
1795	1395,1757	0,0	1823,907	1,2	176	99
1796	79,68	0,2	26,16	1,0	165	99
1797	200,277	0,0	218,108	1,0	162	99
1798	67,71	1,1	68,29	1,1	205	99
1800	7,4	0,1	7,0	0,0	163	99
1802	153,239	1,1	188,63	0,0	185	99
1803	2955,4307	0,0	4320,2168	1,0	260	99
1804	164,214	0,0	154,88	2,0	237	99
1805	16,23	1,0	32,5	0,0	205	99
1807	28,34	1,0	26,9	0,0	220	99
1808	622,963	3,0	921,393	0,0	172	99
1809	441,488	0,1	434,177	0,0	162	99
1810	158,186	0,0	157,75	1,0	252	99
1811	1850,2315	0,0	2926,1066	1,0	145	99
1812	2,5	676,1097	3,1	872,491	165	99
1813	174,218	1,0	203,77	0,0	185	99
1814	33,46	0,1	27,7	0,0	145	99
1815	146,217	0,2	130,77	0,3	331	99
1816	96,106	3,6	133,82	6,2	162	99
1817	1220,1671	1,0	1461,611	0,0	164	99
1818	109,126	0,0	179,63	1,0	271	99
1819	397,569	0,1	373,165	0,1	153	99
1820	172,214	3,0	181,79	0,0	188	99
1821	140,166	2,1	156,62	0,1	227	99
1822	30,38	1,5	59,23	4,0	164	99
1823	46,48	4,4	65,21	10,1	311	99
1824	933,1274	0,1	848,353	0,0	190	99
1825	1,1	4,11	11,4	25,9	155	99
1827	227,237	0,1	142,75	0,0	192	99
1828	193,209	0,1	117,77	0,0	180	99
1829	366,464	0,2	275,143	0,0	294	99
1830	193,302	1,0	194,96	0,0	178	99
1831	114,192	1,0	116,55	0,0	231	99
1832	378,484	1,2	384,198	0,0	397	99
1833	379,484	3,1	382,198	2,0	397	99
1834	233,360	1,2	302,147	0,0	192	99
1835	339,547	3,1	406,205	2,0	192	99
1836	574,775	1,2	615,318	0,0	222	99
1837	680,964	3,1	719,376	2,0	222	99
1838	239,315	1,1	247,101	2,1	208	99
1839	22,33	2,6	18,11	5,0	171	99
1840	221,177	1,1	246,94	2,2	161	99
1841	840,1091	0,1	857,329	0,0	195	99
1842	25,44	1,2	13,9	0,0	157	99
1843	17,12	0,1	18,6	0,0	149	99
1844	339,395	4,9	510,221	0,0	197	99
1845	0,2	0,0	7,0	1,0	330	99
1846	251,377	0,0	344,163	1,0	199	99
1847	766,1049	3,2	898,475	1,1	206	99
1848	477,541	0,0	473,209	1,2	165	99
1849	9,14	1,0	17,5	0,0	160	99
1850	29,29	7,25	44,21	17,7	160	99
1851	847,1094	23,27	703,357	11,7	221	99
1852	91,169	0,0	99,44	1,0	178	99
1853	0,0	67,85	2,0	106,35	127	99
1854	257,407	1,0	360,133	0,0	205	99
1855	86,109	0,0	72,25	1,0	287	99
1856	41,42	0,2	16,10	0,0	201	99
1857	1,1	0,2	16,7	0,0	174	99
1858	4,6	3,1	0,1	2,1	117	99
1859	3,9	58,77	11,5	53,30	118	99
1860	296,345	0,0	485,205	0,1	207	99
1861	212,308	0,0	407,172	0,1	211	99
1863	284,531	6,3	489,174	10,1	358	99
1864	188,375	6,3	339,129	10,1	468	99
1865	28,27	0,2	29,13	1,1	123	99
1866	37,57	80,161	31,9	102,46	232	99
1867	26,35	43,62	34,13	32,18	208	99
1868	104,134	0,0	99,62	0,1	172	99
1869	241,354	3,2	70,51	0,0	235	99
1870	43,65	0,0	39,18	1,0	155	99
1871	80,111	0,3	103,39	0,0	159	99
1872	4,16	2,4	3,1	1,0	210	99
1873	1047,1424	0,0	943,413	1,0	202	99
1874	218,327	1,1	300,108	3,0	206	99
1875	36,38	10,15	20,19	7,4	155	99
1876	13,10	10,15	7,9	7,4	141	99
1877	10,14	67,116	18,4	81,49	148	99
1878	335,377	2,1	347,159	0,1	221	99
1879	745,1040	0,1	1023,395	0,0	132	99
1880	2793,3353	0,0	2667,1029	2,0	156	99
1881	5,3	120,162	2,1	121,77	191	99
1883	0,3	181,243	2,1	166,101	139	99
1884	84,100	2,1	91,31	1,1	140	99
1886	103,174	0,0	116,43	2,0	192	99
1887	44,53	1,0	32,15	1,1	145	99
1888	17,20	102,143	13,10	113,53	236	99
1889	18,19	92,151	12,8	99,31	236	99
1890	22,33	102,143	14,8	113,53	266	99
1891	245,354	0,0	272,159	0,1	207	99
1892	2,2	3,4	12,3	29,2	157	99
1894	770,883	0,2	528,306	0,1	301	99
1895	365,399	7,3	452,167	5,0	215	99
1896	80,104	2,0	79,35	0,0	220	99
1897	315,386	0,2	244,111	0,0	170	99
1899	167,316	6,4	150,83	9,6	164	99
1900	125,213	1,0	178,79	0,0	228	99
1902	42,61	0,1	55,25	0,0	168	99
1903	1146,1928	1,0	1058,497	0,0	121	99
1904	643,992	1,0	629,296	0,0	355	99
1905	1428,2356	1,0	1364,650	0,0	156	99
1906	64,73	1,3	97,30	0,2	194	99
1907	51,45	1,3	79,23	0,2	161	99
1908	68,66	1,0	64,19	0,0	204	99
1910	6,10	1,4	16,2	1,1	129	99
1911	0,0	23,18	2,0	11,7	129	99
1912	2,3	48,44	8,5	38,13	129	99
1913	0,0	246,282	0,2	188,83	231	99
1915	36,41	45,61	34,20	40,16	410	99
1916	33,32	45,61	29,7	40,16	155	99
1917	157,180	3,0	182,130	0,0	333	99
1918	203,234	0,2	217,90	5,0	162	99
1919	171,240	0,0	240,102	5,0	104	99
1921	2381,3862	1,0	2261,970	0,0	192	99
1922	0,4	119,166	0,2	75,54	272	99
1923	48,56	1,1	59,24	0,0	162	99
1925	0,1	420,590	0,0	348,184	145	99
1926	0,1	420,590	0,0	348,184	171	99
1927	1,8	0,2	6,4	0,0	245	99
1928	376,517	3,1	376,207	3,3	284	99
1929	316,477	3,1	364,184	3,3	177	99
1930	71,123	30,26	86,54	19,7	195	99
1933	906,927	0,1	957,324	0,0	236	99
1934	388,625	1,3	570,231	1,1	197	99
1935	1088,1715	0,0	1452,578	1,0	161	99
1936	1683,2170	0,0	1859,796	2,0	242	99
1937	51,42	1,0	50,24	0,0	156	99
1938	148,215	0,0	196,87	1,0	148	99
1939	200,237	0,1	194,120	0,0	194	99
1940	85,110	3,0	112,37	0,0	182	99
1941	6,8	1,0	4,0	0,0	161	99
1942	33,47	26,73	19,10	43,21	188	99
1943	36,58	26,73	18,19	43,21	185	99
1944	221,318	0,1	210,94	0,0	130	99
1945	323,421	0,0	338,115	1,0	167	99
1946	1192,1610	3,8	1276,459	1,3	184	99
1947	1687,2353	3,8	1867,747	1,3	179	99
1948	1592,2275	0,1	1838,787	0,0	160	99
1949	199,224	0,0	180,55	1,2	167	99
1952	702,836	0,1	594,266	0,0	129	99
1953	2,8	0,1	22,4	3,0	200	99
1954	110,141	0,0	115,51	1,0	153	99
1955	265,342	1,0	218,110	0,0	168	99
1956	986,1261	0,0	991,509	0,2	156	99
1957	26,34	7,25	39,14	8,9	114	99
1958	354,638	0,2	309,179	0,1	283	99
1959	1123,1899	0,4	1220,630	1,0	141	99
1960	323,473	1,0	297,141	0,0	141	99
1961	2544,3311	0,2	3177,1211	6,1	166	99
1962	105,105	0,0	79,42	3,0	157	99
1963	8,9	4,1	6,2	0,1	151	99
1965	400,601	1,6	321,172	0,1	161	99
1968	788,1014	1,0	662,340	0,0	175	99
1969	177,216	0,4	163,91	2,1	157	99
1971	278,321	1,0	298,145	3,3	200	99
1972	133,128	0,1	153,46	0,0	176	99
1973	309,445	0,0	212,126	1,0	132	99
1974	11,34	379,551	31,6	539,289	253	99
1975	1006,1408	2,0	1338,536	0,0	183	99
1976	443,646	2,2	599,246	2,0	183	99
1977	246,274	2,2	292,112	2,0	156	99
1978	796,1020	2,1	1020,401	1,1	156	99
1979	729,965	0,0	794,352	6,0	184	99
1980	39,52	1,0	53,11	1,0	137	99
1981	427,589	3,1	562,258	2,0	241	99
1982	236,344	0,4	326,147	0,0	241	99
1983	129,168	0,4	175,48	0,0	167	99
1984	316,410	0,2	401,154	0,0	167	99
1985	58,94	0,2	54,39	0,0	131	99
1986	126,217	0,1	90,38	0,0	224	99
1987	318,459	0,0	227,73	1,0	197	99
1988	438,650	0,1	480,242	0,0	163	99
1989	1,2	637,801	0,0	658,291	222	99
1990	184,187	2,0	106,49	0,0	157	99
1991	82,132	2,0	43,28	0,0	145	99
1992	2,1	178,195	2,0	99,69	149	99
1993	79,139	0,1	98,52	0,0	175	99
1994	26,47	0,1	24,12	0,0	183	99
1995	46,44	2,0	31,28	0,0	181	99
1996	31,18	1,0	24,18	0,2	181	99
1997	18,26	1,0	10,10	0,2	346	99
1998	32,50	1,4	17,19	1,0	346	99
1999	4,8	3,15	10,7	11,4	185	99
2000	17,30	4,1	30,23	1,0	1177	99
2001	15,28	4,1	21,20	1,0	1150	99
2002	2,14	4,1	8,8	1,0	181	99
2003	4,22	4,1	10,7	1,0	145	99
2004	1,2	2,0	0,1	0,0	207	99
2005	77,74	2,0	73,30	0,0	176	99
2006	114,218	0,2	136,67	0,0	183	99
2007	357,443	0,0	438,195	1,1	249	99
2008	36,57	44,32	51,17	26,14	286	99
2009	752,742	3,4	889,383	5,2	227	99
2010	283,381	0,0	307,139	0,2	150	99
2013	472,581	0,0	611,256	0,1	166	99
2014	1722,2718	0,0	1424,660	0,2	231	99
2015	119,216	0,1	132,64	0,0	147	99
2016	227,329	1,0	259,112	0,0	119	99
2018	19,27	126,197	24,10	132,83	233	99
2020	1255,1757	0,2	1763,824	0,0	147	99
2022	2006,2481	0,0	2960,905	1,0	266	99
2023	70,96	0,2	114,69	0,0	188	99
2024	1836,2374	3,1	3258,1058	1,0	1154	99
2025	1948,2546	3,1	3455,1121	1,0	1202	99
2026	94,133	0,1	73,35	0,0	212	99
2027	161,172	0,0	123,63	3,4	142	99
2028	20,18	92,121	22,4	145,44	209	99
2030	64,73	1,1	39,15	0,0	127	99
2031	383,533	0,1	247,126	0,0	124	99
2032	446,504	0,2	526,168	0,0	183	99
2033	761,1121	4,5	894,361	9,2	165	99
2034	27,38	31,49	47,26	37,8	628	99
2035	1071,1490	0,2	1384,641	1,0	158	99
2036	169,213	1,0	182,72	0,0	338	99
2037	267,441	0,0	334,147	2,0	153	99
2038	426,418	60,77	794,409	50,13	520	99
2039	228,340	2,0	241,100	0,1	152	99
2040	1087,1466	0,0	1482,637	2,0	166	99
2042	45,101	8,3	60,41	1,3	193	99
2043	64,91	0,1	64,27	0,0	172	99
2044	126,141	2,1	81,49	0,0	185	99
2045	90,118	8,8	132,58	6,5	159	99
2046	295,335	0,0	319,140	0,1	187	99
2047	2,1	70,126	1,1	70,39	125	99
2049	175,205	0,1	110,71	0,0	201	99
2050	353,406	5,10	336,124	4,0	214	99
2051	75,92	0,4	95,37	0,0	170	99
2052	835,1136	0,0	816,415	0,1	524	99
2053	30,38	247,454	14,8	259,141	189	99
2054	106,109	0,1	117,51	1,0	182	99
2055	2,3	139,132	3,1	135,50	135	99
2056	11,13	0,1	7,8	0,0	150	99
2057	62,96	0,0	31,25	0,2	145	99
2058	283,354	8,6	248,189	11,4	158	99
2059	23,38	2,1	23,8	0,1	162	99
2060	171,186	13,15	212,81	14,5	239	99
2061	1686,2352	1,0	1279,909	0,0	2145	99
2062	73,118	2,1	59,31	1,0	161	99
2063	33,49	2,1	28,14	1,0	165	99
2064	109,145	0,4	113,65	1,2	133	99
2066	133,176	0,1	89,59	0,0	187	99
2067	10,15	0,1	12,6	0,0	176	99
2070	291,467	2,0	372,162	0,0	154	99
2071	14,20	1,0	10,2	0,0	324	99
2072	59,89	1,2	72,25	0,0	166	99
2073	12,9	139,197	8,14	157,93	223	99
2074	47,38	0,0	42,17	0,1	214	99
2076	844,1205	1,0	1238,488	0,0	140	99
2077	1089,1806	1,0	2324,1117	0,0	224	99
2078	679,1133	1,0	1398,657	0,0	202	99
2079	437,557	0,6	508,260	4,3	234	99
2080	307,438	6,0	302,141	1,0	136	99
2081	13,18	0,18	7,7	1,2	176	99
2082	19,42	85,138	19,14	82,30	176	99
2083	97,170	5,6	118,60	1,6	130	99
2085	82,125	0,1	63,22	0,0	405	99
2087	296,397	0,1	236,117	0,0	188	99
2088	13,16	0,0	5,8	0,3	175	99
2089	444,618	0,0	586,233	2,0	219	99
2090	190,225	1,2	216,53	0,0	184	99
2091	108,158	0,1	130,51	0,0	124	99
2094	7,3	0,0	0,0	1,0	169	99
2095	164,134	3,4	101,57	1,0	183	99
2096	117,110	0,0	74,31	1,0	135	99
2097	30,29	0,0	19,8	1,0	150	99
2098	122,162	2,0	111,56	2,0	172	99
2099	150,190	12,15	116,62	2,1	194	99
2100	164,162	0,0	64,17	1,0	214	99
2101	170,259	0,2	135,76	0,0	257	99
2104	48,96	1,0	38,19	0,0	199	99
2105	93,147	0,1	106,53	0,0	197	99
2106	7,18	5,3	13,5	3,1	321	99
2107	1,2	5,3	6,1	3,1	142	99
2108	0,2	5,3	4,1	3,1	147	99
2110	25,45	4,4	20,4	9,4	159	99
2111	2,4	27,57	1,0	34,16	138	99
2113	119,142	0,2	80,30	0,0	165	99
2114	21,28	48,105	12,8	63,46	192	99
2115	189,215	1,0	129,53	2,0	240	99
2116	234,379	0,2	259,134	0,0	209	99
2117	1174,1643	0,3	1703,1030	0,0	751	99
2118	5,4	33,30	12,1	45,17	155	99
2119	43,41	1,0	49,26	3,0	137	99
2120	29,35	7,18	49,33	10,5	230	99
2121	76,91	19,20	60,55	16,3	493	99
2122	79,96	7,22	58,55	7,5	493	99
2123	84,102	19,20	72,59	16,3	564	99
2124	107,134	19,20	101,72	16,3	745	99
2125	105,135	7,22	108,74	7,5	745	99
2126	290,332	0,0	284,110	1,0	208	99
2128	46,61	0,0	48,22	0,1	154	99
2129	302,324	0,1	301,143	0,0	180	99
2131	1367,1907	0,0	1027,674	2,0	1420	99
2132	17922,25655	1,0	28799,13300	1,0	276	99
2133	426,518	1,0	295,112	0,0	940	99
2134	269,376	5,5	378,134	1,0	287	99
2135	101,112	5,5	127,43	1,0	200	99
2137	225,307	0,0	192,91	1,0	156	99
2138	4,2	0,2	5,0	4,2	141	99
2139	0,1	3,1	1,1	5,2	155	99
2141	123,194	1,1	129,59	0,2	180	99
2142	265,315	0,1	307,163	0,0	221	99
2143	1764,2204	0,1	2869,1252	1,0	161	99
2144	18,13	155,253	8,8	188,112	159	99
2145	34,57	0,1	55,17	0,0	160	99
2146	60,108	0,0	54,32	1,0	213	99
2147	295,526	0,1	282,166	0,0	260	99
2148	4,9	6,17	4,4	3,3	131	99
2149	1,0	67,98	0,0	81,33	195	99
2150	14,27	209,193	54,10	233,68	144	99
2152	39,75	226,261	72,21	305,109	182	99
2153	171,197	3,0	193,96	0,1	106	99
2155	94,114	1,0	88,42	2,0	242	99
2156	560,703	1,2	214,116	0,0	239	99
2157	24,18	3,0	16,7	1,1	195	99
2158	288,465	0,6	305,148	2,2	145	99
2160	82,97	2,3	35,14	5,3	176	99
2161	11425,18537	0,2	9339,4068	0,0	180	99
2162	486,622	0,0	431,255	1,0	257	99
2163	253,359	1,1	339,187	1,2	161	99
2164	998,1084	1,0	1264,588	0,0	199	99
2165	40,35	17,18	56,26	23,8	164	99
2166	51,46	14,18	60,23	11,5	164	99
2167	34,41	14,18	47,21	11,5	140	99
2168	27,45	21,34	50,27	27,9	140	99
2169	103,126	1,0	82,28	0,0	176	99
2170	220,247	1,0	181,77	0,0	164	99
2172	47,55	0,1	38,20	6,4	200	99
2173	82,110	0,1	78,39	6,4	252	99
2174	81,116	0,1	79,39	6,4	348	99
2175	89,114	0,1	84,40	6,4	355	99
2176	11,23	0,0	8,6	0,1	157	99
2177	430,542	0,1	575,262	0,0	150	99
2178	106,103	0,2	47,29	0,0	161	99
2179	1,1	16,24	1,0	20,6	249	99
2181	177,141	2,2	225,80	0,1	203	99
2182	100,173	0,2	88,74	0,1	172	99
2183	220,282	3,0	209,132	1,0	258	99
2184	102,104	0,3	89,42	1,1	212	99
2185	62,93	5,4	79,33	7,1	193	99
2186	577,674	1,0	685,221	0,0	146	99
2189	856,1230	0,4	920,423	0,1	257	99
2190	100,119	1,0	91,34	0,0	138	99
2191	79,85	0,1	83,30	1,0	210	99
2192	17,32	82,87	10,14	41,34	171	99
2193	14,15	82,87	8,5	41,34	148	99
2194	3,1	2,0	0,0	0,1	265	99
2195	3,0	2,0	0,0	0,1	175	99
2201	1250,1644	0,0	1853,796	1,0	249	99
2202	3,1	131,137	0,0	107,57	222	99
2203	47,88	0,3	70,17	0,0	358	99
2204	69,97	9,13	69,19	9,3	179	99
2205	142,158	76,107	144,53	44,33	179	99
2206	198,289	0,1	240,85	0,0	198	99
2207	91,120	0,1	134,42	0,0	186	99
2208	101,127	0,1	91,50	0,0	142	99
2209	57,81	0,1	43,37	0,0	159	99
2211	153,250	3,2	160,57	3,1	198	99
2212	20,13	0,1	38,9	2,0	175	99
2213	12,10	4,1	11,3	0,1	143	99
2214	117,214	0,2	102,62	0,0	210	99
2215	38,90	2,0	57,26	1,0	183	99
2216	3175,4610	0,0	3235,1441	2,0	2504	99
2219	8270,12015	1,1	9406,4133	0,1	371	99
2220	140,198	0,0	176,71	2,0	131	99
2222	1424,1686	2,1	1844,840	1,1	142	99
2223	44,54	2,5	28,23	0,0	138	99
2224	0,3	57,49	2,0	25,13	171	99
2225	0,3	0,4	1,0	1,0	171	99
2226	0,1	57,49	0,0	25,13	145	99
2227	0,2	0,3	0,0	1,0	145	99
2228	47112,57224	1,0	58986,26269	0,0	617	99
2229	49552,60502	1,0	62018,27651	0,0	622	99
2230	225,297	0,0	213,98	1,0	194	99
2232	189,289	0,1	186,86	1,0	463	99
2233	229,358	0,1	238,99	1,0	463	99
2235	228,338	0,3	201,119	1,2	187	99
2236	47,84	0,1	98,35	0,0	155	99
2237	204,296	4,0	283,110	2,0	243	99
2240	25,18	0,0	20,12	1,0	166	99
2242	1949,2579	5,4	3030,1136	1,2	135	99
2243	1343,2038	0,0	1631,821	1,0	171	99
2244	41,38	168,224	6,7	149,86	155	99
2245	29,18	2,0	24,8	0,0	137	99
2246	130,105	5,1	166,60	2,1	149	99
2247	66,90	4,9	39,31	1,1	180	99
2248	107,108	0,0	81,26	1,0	200	99
2249	23,28	2,1	5,6	1,1	176	99
2250	1,2	0,0	0,1	2,0	280	99
2252	194,260	1,0	181,88	0,0	229	99
2253	38,20	2,4	19,26	3,1	669	99
2254	129,163	0,0	133,56	0,1	225	99
2255	3,8	64,95	3,2	91,50	163	99
2256	45,64	0,1	50,29	0,0	162	99
2257	58,60	2,3	47,13	2,2	172	99
2258	847,1108	0,1	995,406	0,0	150	99
2259	17,15	162,221	11,2	217,94	199	99
2262	310,394	1,0	449,203	0,0	157	99
2263	195,272	0,0	244,109	1,0	158	99
2264	223,298	0,1	154,70	0,0	199	99
2265	202,309	0,1	241,93	0,0	179	99
2267	211,370	2,0	161,87	0,0	192	99
2268	405,547	1,0	315,125	0,0	153	99
2271	87,161	0,1	133,69	0,0	141	99
2272	405,659	6,5	486,253	2,3	223	99
2273	334,407	0,1	345,170	0,0	164	99
2274	447,596	1,0	366,186	0,0	768	99
2275	10,12	27,33	18,13	12,8	176	99
2276	100,141	4,4	132,57	0,0	255	99
2277	188,247	4,4	223,105	0,0	237	99
2278	93,132	4,4	120,48	0,0	231	99
2279	86,100	6,2	56,37	5,4	139	99
2280	1,0	205,242	0,0	221,95	139	99
2281	4,4	6,2	2,3	5,4	127	99
2283	30,48	1,0	8,3	0,0	211	99
2284	17,32	1,1	13,6	0,0	170	99
2285	222,253	2,4	338,156	1,0	129	99
2286	475,619	1,0	568,245	0,0	128	99
2287	67,93	0,2	69,33	2,3	173	99
2288	1475,2349	1,0	1047,514	0,0	224	99
2289	104,114	0,4	133,59	0,0	181	99
2290	198,348	1,0	353,163	0,0	183	99
2291	221,299	1,0	323,112	0,0	212	99
2292	530,605	1,0	684,261	0,0	197	99
2294	5,5	4,8	3,2	5,2	161	99
2295	2074,3750	0,0	3274,1426	2,0	229	99
2296	85,136	4,7	84,51	9,13	289	99
2297	536,672	2,0	688,260	0,0	207	99
2298	516,728	0,1	552,281	1,0	243	99
2299	17,20	1,3	18,9	2,0	246	99
2300	237,345	0,0	243,107	1,0	167	99
2301	2515,3547	1,1	2588,1112	1,0	183	99
2302	3435,4943	0,2	3464,1636	0,2	252	99
2303	1470,2226	0,2	1701,834	1,0	165	99
2304	203,337	0,1	183,90	1,0	177	99
2305	1703,2049	71,59	2345,837	40,12	117	99
2306	227,322	7,3	298,117	9,0	117	99
2307	88,142	0,1	116,37	0,0	105	99
2308	303,353	0,0	367,141	0,1	156	99
2311	32,62	0,1	43,12	0,0	235	99
2312	57,88	0,1	79,36	0,0	246	99
2313	18,11	6,8	16,6	9,7	144	99
2314	23,57	1,2	24,21	0,2	233	99
2316	860,1157	0,3	1001,502	0,1	208	99
2318	11,12	2,1	6,1	0,0	195	99
2319	13,20	28,32	17,4	26,12	195	99
2320	5,11	76,70	10,4	68,21	263	99
2321	251,287	0,0	205,89	2,0	183	99
2322	154,216	0,1	111,80	1,0	160	99
2323	661,650	0,0	423,187	2,0	170	99
2324	12,36	15,18	10,5	14,4	155	99
2325	6,15	15,18	8,6	14,4	206	99
2326	549,863	1,2	649,261	0,2	260	99
2327	145,169	4,1	215,104	0,2	178	99
2328	182,253	0,0	189,98	0,4	233	99
2329	72,102	0,3	106,50	5,3	171	99
2330	65,130	6,7	145,68	14,4	117	99
2331	572,814	1,0	620,283	0,2	104	99
2332	107,117	0,0	199,74	1,0	255	99
2333	55,51	2,1	94,41	0,0	158	99
2334	6183,8962	0,0	4471,2929	0,2	3157	99
2336	166,221	166,217	109,60	185,83	147	99
2337	2481,3235	1,1	2549,1092	2,1	175	99
2338	30,30	0,0	24,18	0,1	144	99
2339	2,0	210,299	7,2	248,129	189	99
2341	2,5	4,1	3,1	1,0	122	99
2342	25,27	4,1	24,11	1,0	197	99
2344	51,56	0,2	34,20	0,0	153	99
2345	83,111	0,0	56,31	2,0	176	99
2346	79,109	0,4	58,27	1,0	137	99
2347	94,162	8,2	68,51	4,0	224	99
2348	45,89	1,3	42,26	1,0	224	99
2349	136,187	2,1	121,36	0,0	137	99
2350	192,289	0,1	179,54	0,0	186	99
2351	2552,3784	3,13	4736,1970	7,0	219	99
2352	1035,1591	3,13	1900,919	7,0	192	99
2353	1403,2026	0,3	2264,1110	1,0	137	99
2354	1894,2859	0,0	3119,1598	0,1	201	99
2355	1503,2390	0,1	2868,1438	1,0	145	99
2356	515,859	0,1	1068,527	1,0	149	99
2359	4667,6036	1,0	5727,2225	1,0	140	99
2360	832,1298	2,3	943,485	1,3	173	99
2361	118,141	0,0	108,39	1,0	234	99
2362	171,175	0,0	161,72	1,0	234	99
2363	448,529	1,0	253,171	0,0	405	99
2364	804,988	1,0	354,321	0,0	855	99
2365	11,7	50,60	2,9	16,15	180	99
2366	16,9	50,60	2,4	16,15	137	99
2367	154,209	1,1	166,65	1,0	197	99
2368	582,813	0,0	863,388	0,1	234	99
2370	164,176	1,0	143,71	0,0	160	99
2371	82,79	1,0	72,32	0,0	316	99
2372	8641,12014	0,0	9957,5569	0,1	217	99
2373	46,52	0,0	49,29	0,1	222	99
2374	74,73	0,0	51,34	0,1	525	99
2375	148,163	0,0	77,48	0,1	1057	99
2376	175,190	0,0	89,48	0,1	1452	99
2377	19321,25779	7,2	22333,11486	2,1	249	99
2378	39,52	44,55	21,19	55,23	161	99
2379	11,21	44,55	8,6	55,23	127	99
2380	48,33	0,0	60,27	1,1	345	99
2382	602,753	0,0	384,196	1,0	162	99
2383	197,238	0,0	136,61	1,0	166	99
2385	33,43	0,2	36,9	0,0	352	99
2386	29,28	0,2	28,7	0,0	367	99
2388	0,0	47,65	1,0	43,24	168	99
2390	2102,2360	3,2	2545,841	1,0	126	99
2392	637,632	0,0	727,197	2,0	167	99
2393	254,270	0,0	288,77	2,0	158	99
2394	83,91	2,0	95,37	0,0	173	99
2395	87,112	2,3	87,50	0,1	162	99
2396	83,125	1,0	103,44	0,0	171	99
2397	46,68	0,0	57,29	0,1	186	99
2398	69,93	2,2	69,20	3,0	158	99
2399	163,167	0,1	143,74	0,0	231	99
2401	4344,5778	1,1	5770,2382	1,0	258	99
2402	2612,3586	1,1	3534,1456	1,0	252	99
2403	290,399	1,5	387,140	2,1	200	99
2404	236,230	0,0	155,85	0,1	155	99
2405	159,191	0,1	188,68	0,0	198	99
2407	33,46	0,1	38,17	0,0	427	99
2408	600,933	4,0	772,289	0,0	171	99
2410	713,820	1,0	1018,507	0,0	935	99
2411	739,838	1,0	1005,524	0,0	1024	99
2412	118,189	1,2	58,45	1,0	145	99
2413	244,281	3,2	111,82	0,0	201	99
2414	226,305	1,0	140,69	0,1	185	99
2417	5,40	1,2	28,4	3,0	175	99
2419	11,5	135,98	3,3	131,31	297	99
2421	267,351	0,4	237,97	1,0	284	99
2422	625,831	0,0	767,360	1,0	174	99
2424	88,143	0,2	76,50	0,0	294	99
2425	66,122	0,2	55,45	0,0	279	99
2426	565,897	0,1	753,327	0,0	202	99
2427	17,39	22,13	33,9	7,3	129	99
2428	41,106	22,13	55,28	7,3	166	99
2429	36,90	22,13	64,28	7,3	187	99
2431	87,141	0,2	120,79	0,0	212	99
2432	132,192	0,2	160,59	0,0	272	99
2433	355,574	0,1	442,241	0,0	173	99
2434	0,1	129,249	0,0	164,58	192	99
2435	122,185	0,3	167,72	0,0	192	99
2436	1235,1651	0,0	1425,561	0,2	174	99
2437	64,72	1,0	56,27	0,0	135	99
2438	254,303	1,0	198,120	0,0	170	99
2439	576,635	0,0	670,220	2,0	211	99
2440	71,101	0,0	74,41	0,1	172	99
2441	117,110	2,1	46,48	0,0	155	99
2443	375,572	0,0	254,89	3,0	187	99
2444	23,28	0,1	15,5	0,1	139	99
2445	125,180	0,0	89,61	0,1	213	99
2447	2,5	0,0	2,3	1,0	171	99
2449	608,875	1,1	829,332	2,1	144	99
2450	318,357	1,0	428,211	0,0	223	99
2452	664,828	0,1	561,278	0,0	180	99
2453	254,373	1,1	294,141	1,0	305	99
2454	300,409	0,1	294,200	0,0	241	99
2455	170,357	0,0	151,68	0,2	175	99
2456	0,0	0,1	1,0	0,0	334	99
2457	149,145	12,10	177,50	8,3	113	99
2459	20,35	3,7	29,11	0,1	186	99
2460	75,110	0,0	97,41	1,0	163	99
2461	51,67	0,0	62,24	1,0	167	99
2463	70,93	1,0	61,43	0,0	163	99
2465	146,203	4,2	134,94	5,0	269	99
2466	686,995	2,2	1459,521	2,0	416	99
2467	514,761	2,2	1111,375	2,0	337	99
2468	390,608	0,1	851,263	0,0	178	99
2469	425,702	0,3	875,285	0,0	186	99
2470	11,15	3,2	22,15	1,3	203	99
2472	130,165	0,0	149,75	1,0	261	99
2473	138,144	0,2	114,63	0,0	152	99
2474	2,0	143,133	0,0	145,83	240	99
2475	309,389	0,0	293,167	1,0	216	99
2476	0,1	124,157	0,1	134,55	252	99
2478	53,92	35,46	39,26	40,18	315	99
2479	178,172	0,0	133,67	0,1	152	99
2480	104,147	0,1	117,83	1,0	145	99
2482	762,1099	0,0	999,445	2,0	213	99
2483	1913,2225	0,0	2705,1027	2,0	192	99
2484	45,35	7,1	49,23	1,0	152	99
2485	4117,6123	0,0	5519,2518	2,3	236	99
2486	168,202	1,1	104,54	2,0	191	99
2487	95,163	2,2	87,43	1,0	191	99
2488	208,219	1,1	127,66	2,0	188	99
2489	126,179	2,2	113,55	1,0	188	99
2490	31,70	0,0	30,14	1,1	179	99
2492	267,444	0,0	387,174	1,0	185	99
2493	3307,4639	0,0	3022,1496	1,0	208	99
2494	14,20	0,0	19,7	2,2	225	99
2495	5,5	139,228	8,3	211,66	154	99
2496	185,292	0,2	187,111	0,1	207	99
2498	176,246	0,0	126,55	1,0	324	99
2499	345,454	1,0	500,191	0,0	161	99
2500	398,553	0,0	471,178	1,0	161	99
2501	178,251	1,0	210,117	0,0	808	99
2502	178,257	1,0	212,119	0,0	826	99
2504	13,10	1029,1362	4,6	987,327	224	99
2505	173,205	0,1	226,117	0,0	214	99
2506	318,455	12,9	353,138	2,0	180	99
2507	144,194	14,10	233,72	3,0	164	99
2508	189,232	3,5	162,67	0,1	162	99
2509	38,45	0,9	58,24	4,0	434	99
2510	7,14	10,21	7,3	15,6	145	99
2511	104,147	1,0	58,67	0,0	180	99
2512	372,530	0,1	414,198	0,0	220	99
2513	1,0	4,3	2,1	3,3	149	99
2514	734,1045	0,0	696,346	1,1	266	99
2515	486,633	1,0	495,215	0,0	146	99
2516	532,678	1,0	471,254	1,1	184	99
2517	411,444	3,7	383,168	5,2	344	99
2518	98,135	0,0	69,47	0,1	342	99
2519	180,252	0,0	128,99	0,1	202	99
2522	60,58	3,1	48,16	2,0	131	99
2523	143,245	4,2	240,142	1,1	178	99
2524	1162,1688	1,1	1267,537	0,1	242	99
2525	1433,1965	1,1	1730,679	0,1	239	99
2526	4,6	10,5	1,0	5,3	161	99
2527	1206,1594	0,1	1185,540	0,0	641	99
2528	1626,2175	0,1	1605,728	0,0	816	99
2529	1284,2091	0,6	1176,456	0,0	153	99
2530	181,204	0,5	194,111	1,2	155	99
2531	238,333	0,0	310,112	3,0	171	99
2532	134,175	1,1	95,52	1,0	142	99
2533	56,57	0,0	54,17	2,0	157	99
2534	237,322	1,0	248,127	0,0	146	99
2535	208,232	4,2	250,104	8,6	152	99
2536	79,80	0,1	48,35	0,0	190	99
2537	31,57	0,0	21,19	1,0	1401	99
2538	31,58	0,0	24,19	1,0	1418	99
2539	30,34	117,171	33,20	166,67	227	99
2540	5,10	117,171	19,14	166,67	161	99
2541	62,64	0,1	50,8	0,0	162	99
2542	1261,1588	2,0	1792,744	0,0	136	99
2544	44,72	5,12	39,27	4,3	193	99
2545	154,177	0,2	160,87	1,0	158	99
2546	112,115	0,2	114,64	1,0	151	99
2547	122,134	0,0	224,108	1,0	176	99
2548	3,7	0,0	6,12	3,1	249	99
2549	200,389	1,0	259,95	1,0	213	99
2550	144,247	1,0	141,70	0,0	216	99
2551	202,243	3,1	162,83	2,0	137	99
2552	51,52	2,0	36,12	3,2	154	99
2553	5,10	64,55	7,4	87,33	168	99
2554	6657,8511	3,1	9956,4956	2,0	395	99
2555	5463,6658	3,1	7984,4018	2,0	1034	99
2557	61,116	0,1	74,24	0,0	169	99
2558	415,499	13,27	524,210	21,9	103	99
2560	711,1015	2,4	662,332	0,0	201	99
2561	733,1032	0,0	754,318	1,0	201	99
2563	435,727	0,3	409,174	1,1	143	99
2565	101,162	0,2	106,47	0,0	169	99
2567	6,10	48,57	2,5	34,27	277	99
2568	312,411	0,0	338,129	0,1	168	99
2570	52,48	2,0	50,20	0,0	245	99
2571	29,30	0,1	47,21	2,0	159	99
2572	698,801	2,3	681,283	0,0	180	99
2573	576,687	2,0	736,275	0,0	348	99
2574	249,339	0,0	260,125	1,0	191	99
2575	124,160	0,0	117,49	1,0	573	99
2576	131,160	0,0	121,50	1,0	856	99
2578	3,15	99,90	3,0	92,37	111	99
2579	17,22	141,175	12,5	116,39	161	99
2580	6,6	0,0	17,6	1,0	158	99
2581	41,62	1,2	51,32	0,0	246	99
2582	57,73	1,2	68,35	0,0	275	99
2583	22,16	1,2	19,7	0,0	212	99
2584	195,208	76,79	293,172	78,20	530	99
2585	757,1151	2,1	657,403	1,1	154	99
2586	42,54	1,0	29,10	3,0	127	99
2587	155,231	0,1	176,98	0,0	154	99
2588	9,12	44,61	8,3	40,25	149	99
2589	225,252	2,0	256,99	0,0	230	99
2590	49,46	2,0	48,21	0,0	182	99
2591	97,119	2,5	59,22	8,0	154	99
2592	35,36	2,5	16,12	8,0	141	99
2593	83,136	1,1	83,55	6,2	145	99
2594	156,193	0,2	212,66	1,0	145	99
2595	1174,1789	0,1	806,561	0,0	1800	99
2596	143,206	1,0	172,116	2,0	159	99
2597	252,272	7,19	296,133	7,2	244	99
2598	79,125	1,3	154,87	5,1	231	99
2599	674,830	1,0	839,366	0,0	219	99
2600	47,86	186,303	60,37	220,90	261	99
2601	42,72	186,303	52,32	220,90	258	99
2602	53,72	1,0	40,45	0,0	185	99
2603	28,32	0,0	13,13	0,1	159	99
2604	2,0	9,5	0,0	5,3	138	99
2605	291,365	2,7	357,163	3,0	171	99
2607	206,272	5,6	309,163	7,0	196	99
2608	2,2	0,2	2,0	1,0	161	99
2609	159,219	1,0	123,45	0,0	186	99
2610	17,21	94,157	20,10	124,51	145	99
2612	203,279	2,2	210,101	2,2	142	99
2613	140,153	0,3	143,74	1,0	282	99
2614	4,0	6,16	0,0	12,4	236	99
2615	419,600	0,1	528,303	0,0	153	99
2616	617,816	0,1	848,455	1,0	160	99
2617	2,0	31,34	0,0	22,9	225	99
2618	44,56	0,1	26,28	0,0	231	99
2619	99,92	1,0	79,22	0,0	251	99
2620	59,46	1,0	50,13	0,0	233	99
2621	40,40	2,0	15,13	0,0	178	99
2622	40,51	0,1	43,21	0,0	170	99
2623	15,17	0,1	27,13	0,0	184	99
2624	20,30	0,1	21,10	0,0	168	99
2625	174,199	0,1	224,111	0,0	228	99
2626	180,282	1,1	221,114	7,7	163	99
2627	225,241	0,1	232,79	0,0	288	99
2628	216,310	1,1	208,86	0,0	232	99
2629	156,219	1,1	162,60	0,0	246	99
2630	185,259	0,0	227,72	0,1	141	99
2631	257,317	0,0	312,73	0,1	161	99
2632	7,13	33,44	2,1	26,14	214	99
2636	175,253	18,33	195,115	31,11	147	99
2637	286,526	0,2	336,160	0,0	224	99
2638	2,0	7,11	0,0	12,8	120	99
2639	20,45	98,152	32,17	138,69	240	99
2641	306,417	1,0	381,144	0,0	152	99
2642	216,265	0,1	247,107	0,0	151	99
2644	1,0	226,341	2,0	291,129	142	99
2645	64,83	3,7	85,45	4,0	140	99
2647	10,9	70,68	17,4	75,29	265	99
2648	145,183	0,0	162,100	3,0	216	99
2649	94,107	0,2	140,66	0,1	134	99
2650	336,423	0,0	601,249	0,1	162	99
2651	143,116	0,1	72,35	0,0	186	99
2652	29,31	1,2	36,18	3,0	235	99
2653	13,17	0,1	15,8	5,0	135	99
2654	11,16	10,10	12,6	6,1	178	99
2655	45,73	10,10	67,31	6,1	373	99
2656	25,35	1,0	41,22	2,2	170	99
2657	115,135	0,1	46,28	0,0	244	99
2658	122,145	2,4	76,42	1,0	238	99
2659	26,53	128,154	68,42	110,60	154	99
2660	183,232	1,0	222,98	0,0	358	99
2661	288,341	1,0	284,132	0,0	182	99
2663	6065,10508	0,0	2385,1296	0,2	363	99
2664	198,264	193,214	159,94	205,88	323	99
2665	190,239	193,214	132,78	205,88	344	99
2667	483,697	5,0	569,251	2,0	589	99
2668	573,889	5,0	686,316	2,0	305	99
2669	444,686	5,0	568,241	2,0	301	99
2670	351,519	5,0	454,182	2,0	248	99
2671	371,551	5,0	489,204	2,0	233	99
2672	414,578	0,1	477,219	1,0	157	99
2673	253,414	5,2	262,129	3,0	203	99
2674	376,601	0,1	448,210	0,0	184	99
2675	71,96	5,2	63,46	5,3	224	99
2676	1,0	2,2	0,1	0,1	183	99
2677	371,411	0,1	539,280	0,0	328	99
2678	155,234	0,2	143,67	0,1	159	99
2679	1812,2886	0,2	1982,956	0,0	150	99
2680	522,798	0,0	528,271	0,1	147	99
2681	5,9	0,1	12,9	2,1	288	99
2682	78,123	0,1	128,46	2,1	194	99
2683	144,231	0,1	221,88	2,1	213	99
2684	6,22	6,0	5,3	1,5	123	99
2685	881,1255	0,1	868,334	0,0	155	99
2686	119,141	1,0	80,25	2,0	157	99
2687	65,100	5,10	49,18	3,0	141	99
2688	250,318	0,4	284,131	0,0	222	99
2689	112,104	1,1	87,32	0,0	225	99
2690	36,39	7,0	15,2	1,0	133	99
2692	348,373	0,2	389,133	0,0	186	99
2693	186,266	0,0	177,75	0,1	146	99
2694	67,107	3,5	51,26	4,3	169	99
2695	1,1	0,0	0,4	1,0	169	99
2696	100,151	0,0	131,67	1,0	298	99
2697	83,128	0,0	93,50	1,0	162	99
2698	180,259	0,1	160,84	0,3	162	99
2699	252,361	2,0	245,111	0,0	148	99
2700	100,141	7,13	74,42	3,1	191	99
2701	33,41	0,1	13,10	0,0	161	99
2702	121,137	0,1	146,66	0,0	153	99
2703	361,599	0,0	399,204	1,0	136	99
2704	417,532	0,1	445,193	0,0	149	99
2706	685,1165	2,1	775,409	2,0	183	99
2707	44,61	11,9	32,23	3,5	319	99
2708	47,75	11,9	45,32	3,5	246	99
2709	22,36	11,9	20,12	3,5	198	99
2711	733,941	0,0	647,261	0,1	176	99
2712	34,68	8,6	71,25	1,6	215	99
2714	84,84	0,1	139,83	1,4	140	99
2716	101,160	1,0	74,43	0,0	198	99
2718	102,60	1,0	82,42	0,0	188	99
2719	0,2	50,72	0,1	66,24	116	99
2720	79,87	2,4	44,11	4,4	380	99
2721	72,95	0,0	65,26	0,2	152	99
2723	246,400	3,4	356,154	0,0	163	99
2724	1,1	161,249	2,1	193,86	265	99
2725	84,74	0,0	83,25	0,1	153	99
2726	27,25	0,0	17,7	0,1	198	99
2727	280,407	12,29	390,192	7,4	136	99
2728	86,156	0,1	66,52	0,0	156	99
2731	26,30	1,1	36,18	1,0	754	99
2732	8,13	1,1	11,4	1,0	137	99
2733	39,46	1,1	47,23	1,0	460	99
2734	6,2	33,42	0,1	31,16	159	99
2735	46,58	1,0	51,24	0,0	223	99
2736	34,52	1,0	50,24	0,0	215	99
2737	123,164	0,1	166,71	0,0	136	99
2738	303,350	0,1	354,116	0,0	214	99
2739	1249,1618	0,5	1143,590	1,0	2443	99
2741	312,410	1,0	313,172	0,1	169	99
2742	71,76	0,0	41,60	2,0	181	99
2743	54,50	6,13	64,46	8,7	197	99
2744	14,31	1,0	25,24	0,0	149	99
2745	38,30	78,107	15,15	72,35	242	99
2746	254,332	78,107	264,137	72,35	924	99
2747	68,102	7,10	93,35	12,5	192	99
2748	91,138	78,107	120,42	72,35	192	99
2749	84,122	4,9	98,39	1,3	192	99
2750	69,101	0,0	93,35	1,2	192	99
2751	327,438	2,0	347,197	0,0	159	99
2752	483,675	0,1	557,353	0,0	187	99
2753	196,251	0,0	162,93	0,1	207	99
2754	468,654	0,2	439,210	2,0	245	99
2756	921,1214	0,0	1046,500	0,1	205	99
2757	51,56	82,126	43,20	73,31	191	99
2758	34,24	82,126	18,5	73,31	266	99
2759	400,534	3,0	260,74	0,0	304	99
2761	65,72	30,52	66,39	39,16	212	99
2762	193,266	30,52	257,179	39,16	150	99
2765	173,249	0,0	217,97	2,0	170	99
2766	92,118	0,0	101,52	2,0	377	99
2768	30,34	18,24	53,11	27,6	227	99
2769	251,373	0,2	288,128	0,0	212	99
2770	84,96	7,1	107,33	0,1	165	99
2771	475,620	13,11	587,238	14,6	217	99
2772	418,655	0,0	454,203	1,0	297	99
2773	275,439	0,0	309,140	1,0	292	99
2775	558,852	19,31	400,246	8,6	157	99
2776	406,540	7,11	340,195	16,8	141	99
2777	1462,1808	2,2	1875,818	0,0	186	99
2778	1,10	14,11	2,0	19,11	167	99
2779	37,63	16,9	96,58	16,8	145	99
2780	18,35	16,9	59,32	16,8	172	99
2781	67,97	0,1	65,46	2,0	191	99
2782	10,16	0,1	37,33	0,0	186	99
2783	243,329	0,1	289,92	0,0	258	99
2784	54,69	1,0	61,23	0,0	139	99
2785	89,116	1,1	84,50	0,0	216	99
2786	48,69	1,1	51,30	0,0	210	99
2787	54,54	3,0	42,29	0,1	194	99
2788	69,101	0,0	69,29	1,0	192	99
2789	4,3	53,70	0,0	56,32	256	99
2791	142,195	1,0	87,51	0,0	181	99
2793	71,65	2,0	98,43	0,0	198	99
2794	227,318	1,0	162,92	0,0	252	99
2795	147,186	0,1	187,75	0,0	160	99
2796	73,99	1,2	74,35	0,0	135	99
2797	13,19	1,2	12,5	0,0	204	99
2799	237,370	1,0	315,131	0,0	188	99
2800	100,115	0,1	142,57	0,0	168	99
2801	34,27	109,109	16,10	156,55	145	99
2802	96,110	1,0	75,43	0,0	218	99
2803	182,227	1,0	252,96	0,0	123	99
2804	156,200	0,0	215,102	2,0	157	99
2805	351,418	1,0	319,129	1,0	214	99
2806	420,452	1,0	412,142	0,1	151	99
2807	202,270	0,1	218,87	0,0	175	99
2808	368,571	0,1	466,196	0,0	224	99
2809	344,371	0,0	364,160	3,0	182	99
2812	257,335	22,34	251,114	24,12	160	99
2813	29,28	32,46	17,4	27,17	173	99
2814	11,12	32,46	6,2	27,17	141	99
2815	4,4	33,23	9,4	18,12	174	99
2816	79,90	1,0	67,27	1,1	151	99
2817	563,741	1,0	558,197	0,0	160	99
2818	35,52	4,0	61,25	0,0	179	99
2819	51,50	0,2	57,21	1,0	166	99
2820	125,193	6,3	114,45	2,0	385	99
2821	156,231	6,3	114,56	2,0	374	99
2822	50,79	1,0	68,26	0,0	162	99
2825	20,24	494,692	22,2	797,332	259	99
2826	7,11	9,14	3,0	16,0	177	99
2827	406,590	0,1	545,256	0,0	230	99
2828	452,618	0,0	481,198	2,0	166	99
2831	174,251	0,0	142,73	0,2	173	99
2832	632,720	1,0	775,277	0,0	388	99
2833	4,12	1,0	3,3	0,0	180	99
2834	1912,2887	0,0	1023,603	1,0	175	99
2835	205,252	0,2	176,97	0,0	362	99
2836	8,12	42,55	12,6	39,16	169	99
2837	602,691	1,0	709,336	0,0	321	99
2838	611,938	0,0	679,368	4,0	159	99
2839	82,97	0,1	58,25	1,0	429	99
2840	338,398	0,1	351,128	0,0	153	99
2841	286,395	0,4	234,145	0,0	195	99
2844	0,2	0,0	3,0	1,0	147	99
2845	1641,2879	1,0	2553,979	0,0	165	99
2846	139,145	3,3	67,31	3,3	148	99
2847	161,181	0,0	139,38	1,1	137	99
2848	262,310	2,0	208,109	0,0	204	99
2849	328,493	0,1	377,181	0,0	163	99
2850	18,13	16,16	15,15	34,17	153	99
2851	3428,3786	0,1	3539,1391	1,0	549	99
2852	4263,4426	7,5	4239,1506	3,1	561	99
2853	22,33	3,8	17,9	3,2	152	99
2854	629,991	0,4	575,222	3,0	172	99
2855	4251,5473	7,20	9312,3463	26,12	230	99
2856	6,9	3,10	8,3	6,2	205	99
2858	664,847	0,2	893,490	0,0	180	99
2859	226,280	3,0	243,105	0,0	127	99
2860	6,9	1,0	5,4	1,0	131	99
2861	422,590	0,0	351,108	0,1	187	99
2862	338,313	0,3	405,183	0,2	377	99
2863	19,23	9,12	37,28	4,3	388	99
2864	192,252	468,604	203,140	627,315	237	99
2865	3119,3631	2,0	4022,2270	0,1	174	99
2866	319,370	0,0	223,119	0,1	258	99
2867	11981,17370	1,0	23006,8488	1,1	219	99
2868	503,740	2,0	740,357	0,0	486	99
2869	4,17	3,2	6,7	0,0	168	99
2870	8,24	3,2	13,3	0,0	165	99
2871	1,10	3,2	5,3	0,0	149	99
2872	69,102	0,0	107,65	3,2	147	99
2873	29,45	0,0	38,22	3,2	318	99
2874	10,25	482,672	25,12	490,203	411	99
2875	36,58	3,13	43,18	2,2	114	99
2876	279,345	3,13	283,131	2,2	388	99
2877	335,406	3,13	309,145	2,2	409	99
2878	61,63	1,0	39,25	0,0	181	99
2879	55,92	0,1	53,23	0,0	118	99
2880	445,539	2,4	528,253	1,1	156	99
2883	292,378	0,2	330,148	1,0	159	99
2884	1354,2065	1,0	1143,607	0,0	800	99
2885	405,600	2,0	414,171	0,0	192	99
2886	246,317	0,1	260,124	0,0	148	99
2887	0,2	0,0	7,0	2,1	149	99
2888	2,1	0,0	27,4	0,1	318	99
2889	170,299	0,1	193,121	1,1	166	99
2890	224,323	0,0	283,120	2,0	255	99
2891	77,107	0,0	101,34	1,0	107	99
2892	111,173	1,0	116,45	0,0	133	99
2894	12,2	36,62	11,5	24,14	649	99
2895	709,872	0,4	587,258	0,0	328	99
2896	1887,2779	4,0	1358,602	0,0	147	99
2897	47,94	0,0	58,36	1,0	259	99
2898	429,530	0,3	436,235	0,0	182	99
2899	0,4	33,28	0,0	38,12	356	99
2900	166,236	7,6	162,65	4,1	407	99
2901	0,1	6,6	3,3	8,0	172	99
2902	130,218	0,1	160,70	1,0	198	99
2903	420,621	139,243	461,197	224,106	171	99
2904	39,47	3,8	46,14	2,0	153	99
2905	29,33	3,8	29,15	2,0	174	99
2906	720,1382	0,0	2910,1072	1,0	557	99
2907	653,913	0,0	673,304	0,1	254	99
2908	409,446	2,0	421,136	0,0	193	99
2909	39,55	0,1	36,17	0,0	215	99
2910	55,78	2,0	38,7	0,0	248	99
2911	236,336	1,2	205,117	0,0	202	99
2912	172,189	1,9	54,25	0,0	195	99
2913	7,2	6,3	19,1	0,2	165	99
2914	1268,1812	0,0	1393,625	1,0	195	99
2915	1146,1847	2,1	1218,612	4,0	170	99
2916	66,77	1,0	78,40	1,0	275	99
2917	325,456	0,4	277,147	0,0	317	99
2918	29,56	1,0	33,23	0,0	438	99
2919	26,61	1,0	33,23	0,0	445	99
2920	17,37	1,0	17,18	0,0	373	99
2921	23,31	36,72	16,20	51,30	287	99
2922	185,229	0,1	230,101	2,0	153	99
2923	92,107	2,2	119,57	3,1	159	99
2924	22,42	1,0	31,22	0,0	159	99
2925	6798,8862	1,0	7676,3931	0,0	1031	99
2926	6537,8544	0,4	7377,3662	0,0	721	99
2927	6448,8452	1,0	7267,3616	0,0	721	99
2928	234,257	0,1	198,127	0,0	156	99
2929	35,35	0,0	30,10	1,0	181	99
2930	350,519	2,1	326,168	0,0	165	99
2931	472,618	1,0	335,175	0,0	164	99
2932	505,752	0,0	279,156	1,0	154	99
2933	12,10	371,555	3,0	343,120	187	99
2934	285,446	6,4	328,135	1,0	194	99
2935	262,384	0,0	207,90	2,0	160	99
2936	44,77	1,0	39,14	0,0	167	99
2937	468,623	2,0	462,178	0,0	243	99
2938	893,1242	2,0	818,363	0,0	261	99
2940	1493,1810	2,2	1661,559	0,0	152	99
2941	155,162	1,1	155,88	0,0	196	99
2942	30,12	4,2	12,5	1,0	261	99
2946	35,48	0,0	66,16	0,1	190	99
2948	689,1035	9,6	957,412	2,2	179	99
2949	338,391	0,1	302,147	0,0	183	99
2950	144,148	6,5	146,44	0,4	164	99
2951	144,157	2,12	106,61	2,2	226	99
2952	4,6	0,0	7,3	0,2	173	99
2953	23,42	0,0	31,6	0,2	291	99
2954	60,65	0,0	49,35	2,0	202	99
2955	80,128	4,2	78,32	2,0	244	99
2956	886,960	1,0	1210,419	0,0	286	99
2957	221,337	1,0	271,154	0,0	186	99
2958	247,291	0,0	342,155	1,0	162	99
2960	45,100	1,0	43,27	0,0	162	99
2961	56,82	2,0	61,38	0,0	162	99
2962	17,25	2,0	16,11	0,0	160	99
2963	30,73	25,32	38,20	45,20	160	99
2964	1,7	2,0	1,2	0,0	204	99
2965	9,46	25,32	20,8	45,20	204	99
2966	1282,1792	0,1	1365,598	0,0	165	99
2967	54,44	0,0	17,13	1,0	183	99
2968	117,142	1,1	195,69	0,0	336	99
2969	489,701	2,1	572,245	1,1	173	99
2970	69,73	0,0	36,25	1,0	145	99
2971	396,655	365,790	545,255	354,177	210	99
2972	118,214	0,2	143,90	0,0	208	99
2974	280,334	4,7	255,187	5,2	1534	99
2975	281,336	4,7	253,186	5,2	1515	99
2976	22,31	18,44	20,17	26,12	245	99
2977	0,0	110,142	0,2	70,41	116	99
2979	194,240	4,7	98,82	8,11	175	99
2980	33,70	4,3	43,23	0,0	210	99
2981	14,21	0,0	9,5	1,0	158	99
2982	442,646	1,0	447,211	0,0	235	99
2984	7,14	9,14	17,8	14,7	212	99
2985	114,130	0,1	138,86	0,0	178	99
2986	86,106	2,2	77,39	6,2	137	99
2987	243,384	12,32	331,150	13,1	162	99
2988	40,57	1,0	40,9	1,0	251	99
2989	1,2	17,20	5,0	10,5	322	99
2990	75,89	0,1	67,18	0,0	136	99
2991	175,238	1,0	202,83	0,0	254	99
2992	113,174	0,0	136,59	1,0	260	99
2993	0,2	30,42	0,1	29,21	154	99
2994	260,291	1,0	158,131	0,0	158	99
2995	323,355	1,0	333,141	0,0	167	99
2996	46,69	0,8	38,18	0,2	172	99
2997	34,53	0,0	33,23	1,0	202	99
2998	42,43	0,0	15,9	1,0	207	99
2999	59,85	0,0	68,38	1,0	166	99
3000	17,30	1,0	7,11	0,0	129	99
3001	118,195	1,0	111,35	0,0	175	99
3002	30,60	30,27	53,29	57,22	182	99
3003	24,37	30,27	31,11	57,22	143	99
3004	276,283	0,1	323,100	0,0	187	99
3005	106,132	9,3	81,36	4,3	174	99
3006	253,322	9,3	260,81	4,3	181	99
3007	186,211	0,1	195,89	0,0	135	99
3008	22,30	14,30	10,5	12,4	166	99
3009	2084,3067	0,1	2443,1202	0,1	148	99
3010	2008,3193	0,1	2342,1210	0,0	157	99
