ID	IJC_SAMPLE_1	SJC_SAMPLE_1	IJC_SAMPLE_2	SJC_SAMPLE_2	IncFormLen	SkipFormLen
3	4,0	92,168	0,0	76,45	180	99
4	1,5	4,1	3,2	0,1	158	99
5	0,0	5,13	1,0	1,1	120	99
6	1,0	8,12	1,0	4,0	109	99
7	0,0	9,16	1,0	14,17	150	99
8	55,48	5,6	95,43	9,7	134	99
9	5,2	148,304	8,6	181,77	309	99
12	174,266	0,0	195,80	0,2	233	99
13	14,10	2,0	2,5	0,0	408	99
14	5,4	4,9	3,2	5,1	192	99
15	4,6	10,11	3,1	8,2	315	99
16	4,6	2,0	3,1	0,0	280	99
17	2,0	10,11	0,0	8,2	134	99
18	18,34	0,0	35,6	2,0	105	99
19	4,4	38,57	10,11	46,19	684	99
20	154,233	18,24	177,82	32,11	120	99
21	22,31	18,24	28,14	32,11	186	99
22	7,7	139,209	5,2	154,70	165	99
23	61,84	0,1	37,46	1,0	686	99
24	2,6	0,2	9,6	1,1	103	99
25	50,47	1,0	27,21	0,0	102	99
26	4,3	38,58	1,2	34,5	243	99
28	119,119	1,0	70,20	0,0	371	99
29	444,559	1,5	451,186	1,0	111	99
30	13,15	21,32	3,5	24,13	129	99
31	7,9	155,217	2,6	174,72	309	99
32	12,9	93,133	19,4	83,46	138	99
33	6,6	44,65	1,5	40,25	258	99
34	7,2	76,138	4,6	65,63	345	99
35	0,0	9,11	1,0	7,5	111	99
36	107,108	4,3	70,73	12,4	324	99
37	2,1	207,226	1,0	223,85	138	99
38	27,31	6,8	28,6	0,1	218	99
39	105,178	6,5	111,66	2,0	111	99
41	22,31	148,164	35,19	182,96	266	99
42	5,7	130,202	10,6	140,62	127	99
43	31,49	82,127	26,22	97,42	309	99
44	4,2	120,184	2,1	158,85	107	99
45	33,31	1,1	16,32	0,0	934	99
47	178,238	1,0	174,114	0,0	1859	99
48	43,82	0,1	32,36	0,0	117	99
51	41,73	0,0	71,28	3,0	120	99
52	52,85	0,0	69,41	1,1	289	99
53	14,23	49,58	19,8	38,21	218	99
54	231,300	8,3	354,168	18,4	665	99
55	4,6	151,216	2,0	70,61	261	99
56	133,214	0,0	199,72	2,0	107	99
57	7,2	110,204	2,3	182,89	101	99
58	7,12	29,42	4,3	56,16	154	99
59	8,8	9,11	4,3	7,8	154	99
60	3,2	177,203	1,0	243,126	323	99
61	22,13	1,0	4,5	4,0	119	99
62	8,7	0,0	12,6	1,0	103	99
63	2,8	1,0	5,1	0,0	103	99
64	6,11	8,12	2,6	24,4	111	99
65	19,15	5,0	25,6	0,2	140	99
66	42,46	103,134	15,10	126,89	117	99
67	3,2	198,265	5,0	196,93	107	99
68	22,15	44,69	13,8	29,18	475	99
69	8,13	13,19	3,3	17,2	183	99
71	7,9	3,6	9,7	1,1	293	99
72	77,126	0,1	78,21	0,0	227	99
73	72,103	1,0	65,24	0,0	275	99
74	343,485	0,2	299,198	0,0	797	99
75	382,535	0,2	324,220	0,0	825	99
77	59,99	3,2	69,21	5,2	492	99
78	9,11	446,698	23,7	444,222	103	99
79	4,3	24,16	3,1	17,16	127	99
80	25,19	20,18	19,17	19,7	228	99
81	2,4	3,8	0,0	21,1	127	99
82	3,2	3,0	0,1	0,1	131	99
84	3,12	953,1514	4,0	1429,562	103	99
85	418,623	3,2	565,362	0,0	356	99
86	17,27	554,809	39,19	657,295	102	99
87	1,2	1,1	3,1	0,0	111	99
88	15,26	112,157	7,10	117,81	293	99
89	2,3	3,2	4,1	0,1	117	99
90	8,5	3,2	25,11	0,1	159	99
91	6,3	0,1	21,10	0,0	141	99
92	94,110	0,0	147,47	1,0	139	99
93	176,224	0,1	206,125	0,0	358	99
94	0,1	20,16	0,0	11,1	156	99
95	0,0	10,17	0,1	13,11	104	99
97	6,4	13,35	0,0	29,11	105	99
98	0,1	6,12	1,1	6,6	125	99
99	12,6	71,79	8,8	92,44	156	99
100	1,0	54,81	0,2	48,23	192	99
101	68,99	1,3	76,30	1,0	141	99
103	112,138	5,8	125,66	2,1	222	99
104	21,18	393,546	17,23	384,214	362	99
105	181,238	6,13	156,94	11,1	296	99
106	3,13	31,35	3,3	56,29	119	99
108	747,990	5,3	978,426	6,0	126	99
109	1,0	7,2	3,4	10,2	121	99
110	2,8	54,113	4,0	67,28	104	99
111	80,75	0,0	92,50	1,1	201	99
112	30,39	582,653	41,9	522,175	635	99
113	30,53	1,0	31,8	0,0	434	99
114	0,0	12,18	0,1	19,5	115	99
116	1,3	11,10	8,4	0,3	115	99
117	0,2	8,19	0,0	13,1	181	99
118	2,3	218,344	2,0	272,115	132	99
119	5,3	240,282	3,0	312,114	318	99
120	85,83	1,0	195,45	5,1	247	99
121	81,84	1,2	35,11	1,6	687	99
122	669,905	4,1	867,428	8,3	105	99
123	78,112	0,0	125,44	0,1	149	99
124	37,48	0,0	19,10	0,1	113	99
126	1,1	21,26	1,0	9,7	110	99
127	11,14	4,6	20,2	1,0	102	99
128	24,43	15,20	45,27	22,4	633	99
129	2,0	179,215	3,0	220,103	286	99
130	13,27	53,88	6,6	38,22	235	99
131	104,129	0,5	97,70	3,1	103	99
134	0,3	9,6	0,0	8,3	195	99
136	1,7	41,80	5,4	77,43	797	99
137	56,86	17,25	36,17	43,14	164	99
138	6,8	34,38	6,0	9,12	346	99
140	6,10	32,56	13,3	41,8	199	99
141	16,37	84,93	12,11	145,65	108	99
143	1,2	6,14	0,2	4,3	457	99
144	27,55	9,14	75,35	11,6	351	99
145	13,16	288,404	6,3	243,101	253	99
146	1,4	329,420	1,2	377,148	130	99
147	3,8	58,74	0,2	43,27	295	99
148	24,47	81,75	7,2	67,22	343	99
149	5,13	5,5	5,5	0,1	363	99
150	1,16	2,2	8,5	0,0	135	99
151	104,175	45,74	23,13	25,12	123	99
152	1,2	985,1336	12,2	1478,527	319	99
154	673,798	4,5	726,321	0,1	208	99
155	11,7	8,11	22,13	3,2	180	99
156	10,19	0,0	23,12	1,0	491	99
158	219,279	23,53	305,136	43,17	469	99
159	2,9	0,0	3,1	2,0	193	99
160	6,21	320,536	7,3	380,191	370	99
161	4,12	320,536	6,2	380,191	276	99
162	7,5	5,6	11,0	6,4	271	99
164	84,106	10,19	55,35	15,4	109	99
166	81,81	37,36	119,82	80,46	125	99
167	323,416	0,0	300,181	2,2	802	99
169	40,37	6,11	48,17	6,0	111	99
170	48,54	3,2	44,19	9,3	119	99
171	365,474	0,3	701,477	1,2	366	99
173	951,1260	0,0	1284,683	0,3	307	99
174	1,3	2,2	5,5	0,0	203	99
175	3,4	11,17	5,3	3,7	111	99
176	8,9	1,5	4,1	1,1	122	99
177	2,5	1,1	3,1	1,1	104	99
178	61,96	14,20	87,51	14,14	341	99
179	60,92	14,20	85,51	14,14	336	99
180	0,1	97,157	3,1	121,53	144	99
181	17,15	2,0	8,6	0,0	138	99
183	53,88	9,16	71,36	6,1	121	99
185	4702,4808	112,135	4404,2096	81,42	201	99
187	11,17	158,243	12,11	130,63	118	99
188	66,97	82,83	42,27	72,33	175	99
189	213,323	82,83	160,79	72,33	156	99
190	6,5	23,18	21,4	2,1	113	99
192	15,7	43,41	5,1	41,23	137	99
193	14,24	196,311	20,12	309,129	472	99
194	8,7	224,336	3,1	258,203	102	99
195	129,135	3,2	130,84	5,3	616	99
196	131,139	1467,2362	134,86	1664,849	616	99
197	39,58	9,10	52,18	7,4	156	99
198	69,127	9,10	73,35	7,4	210	99
199	46,77	16,8	38,24	17,7	153	99
200	14,23	1,0	18,12	0,0	248	99
201	28,46	17,36	22,14	42,11	120	99
202	207,318	16,11	182,106	15,3	249	99
203	196,308	16,11	202,103	15,3	228	99
204	36,46	2,5	60,35	0,0	116	99
205	5,14	8,22	6,4	4,4	114	99
206	10,11	1,5	10,7	0,0	437	99
208	90,100	43,49	100,43	57,30	214	99
209	134,194	179,283	62,22	312,155	132	99
210	0,4	0,0	1,0	2,0	167	99
212	2,1	19,40	1,0	13,12	104	99
213	10,9	32,56	17,6	42,17	129	99
214	8,10	62,62	5,3	53,11	127	99
215	30,49	104,153	3,3	134,37	144	99
216	29,46	198,251	2,4	183,78	144	99
217	158,191	16,17	195,91	28,5	112	99
218	6,3	133,187	3,2	204,90	103	99
219	4,3	1,1	3,1	0,0	103	99
220	0,0	2,0	1,0	0,2	103	99
221	110,177	0,1	184,94	0,0	331	99
222	56,75	1,0	63,23	0,0	101	99
223	1,1	7,3	5,4	3,0	246	99
224	45,35	0,1	32,12	0,0	225	99
225	25,36	67,119	80,35	67,20	107	99
226	123,174	9,7	126,80	9,6	306	99
227	282,422	1,1	383,173	0,1	129	99
228	189,276	0,1	238,101	0,0	129	99
229	1,12	17,18	7,5	8,7	114	99
233	3,2	10,16	0,4	6,6	332	99
234	14,26	5,8	10,8	4,0	104	99
235	9,13	121,188	41,25	110,37	110	99
236	0,0	1,0	2,0	0,2	261	99
237	1,2	23,17	6,1	92,30	113	99
238	20,15	75,134	17,15	97,54	695	99
239	3,1	40,49	2,3	51,18	274	99
241	29,45	0,1	46,24	0,0	124	99
242	17,15	102,157	4,8	87,50	239	99
243	17,30	160,237	10,5	142,76	594	99
244	13,24	160,237	16,5	142,76	670	99
245	0,5	4,11	8,0	1,0	175	99
246	159,189	0,3	171,109	1,1	281	99
247	0,1	549,916	0,0	716,308	103	99
248	7,6	139,198	3,2	134,93	126	99
249	9,18	0,0	15,5	1,1	154	99
250	0,0	0,1	1,0	0,0	105	99
251	10,13	37,54	22,18	29,19	271	99
252	3,4	5,2	3,1	2,0	276	99
253	2,1	0,1	2,1	0,0	104	99
257	6,2	76,70	1,1	73,19	298	99
259	51,93	53,50	37,14	77,38	324	99
260	17,30	144,144	8,8	206,66	123	99
261	3585,5009	1,0	2559,1228	1,0	3340	99
262	23,48	56,76	21,9	38,26	594	99
263	7,13	88,141	6,0	98,51	116	99
264	144,255	1,0	197,92	0,0	159	99
265	4,8	14,15	7,4	17,8	279	99
266	590,817	503,516	724,481	435,128	682	99
267	1,1	1,0	5,0	0,0	105	99
269	57,76	2,4	65,38	9,7	149	99
270	52,54	157,212	56,25	138,92	254	99
272	1,2	24,57	4,0	63,16	114	99
273	32,32	1,0	21,11	4,0	157	99
274	1,1	25,29	3,3	18,11	238	99
275	13,13	2,3	4,4	2,0	361	99
276	52,64	5,5	54,24	5,2	608	99
277	49,82	5,5	40,22	5,2	913	99
278	20,48	23,30	24,13	38,15	404	99
279	30,43	5,5	22,16	5,2	665	99
280	1,9	23,30	6,7	38,15	156	99
281	19,42	0,3	18,9	0,3	347	99
285	6,5	29,32	0,2	20,15	162	99
287	10,3	121,145	13,2	82,28	277	99
290	305,371	1,4	371,163	1,2	373	99
291	13,6	0,2	5,9	1,1	122	99
292	0,1	2,0	0,0	2,1	103	99
294	17,33	16,17	18,7	9,3	429	99
297	18,33	17,32	19,8	16,8	429	99
299	14,22	17,32	14,4	16,8	377	99
300	1,5	17,32	2,2	16,8	178	99
301	2,2	1,1	4,1	0,2	181	99
302	34,37	615,881	37,19	689,348	694	99
304	402,447	7,3	281,157	0,0	266	99
305	23,20	136,178	22,8	112,46	364	99
307	71,118	317,534	51,32	316,147	125	99
309	11,16	26,39	13,7	26,17	605	99
310	2,7	62,73	7,1	62,24	130	99
311	1,0	143,185	3,1	156,59	114	99
312	294,422	5,5	331,162	6,6	103	99
313	1,1	26,38	14,5	52,13	209	99
315	663,827	7,8	697,330	9,7	570	99
316	6,13	7,22	13,1	14,2	103	99
317	227,301	26,50	233,86	21,5	561	99
320	5,2	40,61	8,2	31,25	267	99
321	0,1	9,4	1,0	1,2	114	99
323	166,210	6,23	154,66	20,15	121	99
324	11,23	1363,1830	6,10	1525,615	294	99
325	26,42	58,56	28,21	60,26	859	99
326	18,29	119,167	26,19	151,62	130	99
327	240,313	2,7	233,123	3,0	661	99
328	43,49	3,7	154,71	11,12	590	99
330	7,17	29,40	16,6	77,23	104	99
331	191,287	11,22	281,100	35,18	152	99
332	184,200	8,2	138,102	4,0	684	99
333	14,17	64,106	13,7	46,24	145	99
334	148,166	194,243	265,149	273,94	282	99
335	3,1	0,0	2,0	2,0	219	99
336	234,307	19,26	194,137	3,2	131	99
338	52,54	0,2	45,10	0,0	271	99
339	109,125	1,3	129,41	2,4	521	99
340	22,14	3,5	9,4	4,2	410	99
341	5,1	60,95	29,20	44,12	110	99
343	0,0	2,2	2,0	6,2	118	99
344	16,16	18,56	5,4	36,18	107	99
345	2,4	39,39	5,2	34,17	157	99
346	1080,1411	0,0	1688,636	3,0	198	99
347	475,628	492,589	509,335	629,198	800	99
350	7,8	22,22	7,7	17,7	338	99
351	12,11	16,44	12,5	32,13	111	99
352	1,1	28,29	7,0	10,8	243	99
354	6,10	8,20	3,2	14,6	324	99
356	379,616	0,0	433,268	3,1	269	99
358	2,0	482,741	2,1	490,214	132	99
361	7,19	0,0	9,12	0,2	118	99
362	5,13	0,0	19,14	3,0	368	99
363	21,33	5,0	31,15	3,7	116	99
364	1,0	11,17	0,0	12,6	174	99
365	24,43	14,19	36,7	14,7	330	99
366	0,1	12,19	2,2	16,4	104	99
368	719,1017	2,15	666,320	1,0	144	99
369	2,10	39,60	2,1	29,29	170	99
370	731,858	1,0	723,452	0,0	887	99
371	211,317	5,0	281,162	2,6	144	99
372	12,6	95,126	18,11	66,30	354	99
373	5,5	587,857	1,2	492,277	207	99
375	23,45	0,0	35,5	5,3	114	99
377	98,145	5,34	151,84	8,8	177	99
379	37,60	175,252	33,18	179,98	282	99
381	217,274	4,10	243,124	14,3	142	99
382	46,96	71,149	101,44	34,14	103	99
383	35,52	41,58	17,14	32,18	297	99
384	2,0	3,9	0,0	2,2	279	99
385	103,107	212,351	67,62	333,116	421	99
386	0,0	7,6	1,0	11,1	111	99
387	235,293	34,38	108,69	109,51	105	99
388	138,180	6,5	29,13	22,6	130	99
389	41,60	1,0	39,30	0,0	344	99
391	132,222	0,1	110,51	3,6	108	99
393	18,24	107,128	10,16	143,80	477	99
394	18,11	124,146	9,4	141,114	322	99
395	1,4	603,658	0,0	809,345	103	99
396	45,60	20,82	121,37	57,19	120	99
398	167,312	224,329	242,87	244,109	102	99
400	6,20	64,83	3,9	52,26	250	99
401	20,34	92,122	39,18	56,37	128	99
402	111,138	1,0	154,70	0,1	194	99
403	1,6	282,282	5,2	375,90	471	99
404	26,25	3,0	30,11	0,0	101	99
405	1211,1450	0,0	981,524	0,1	108	99
406	271,311	0,4	347,173	0,0	381	99
407	103,139	4,9	50,40	4,1	126	99
408	5,4	71,117	10,6	97,72	117	99
410	1,5	57,72	5,4	65,34	428	99
411	207,265	28,22	255,166	17,8	191	99
412	63,82	375,603	58,36	374,228	533	99
413	502,823	1,1	433,279	0,0	261	99
414	125,190	19,31	169,119	22,9	158	99
416	26,8	0,0	13,9	0,1	138	99
417	15,11	732,1028	22,5	1212,502	103	99
418	10,4	403,551	14,11	322,205	267	99
419	1000,1272	1,1	1031,497	6,1	102	99
420	294,389	0,0	167,91	1,0	960	99
421	218,143	19,17	282,165	25,6	373	99
422	44,52	3,2	33,27	0,0	165	99
423	45,27	0,1	28,8	0,0	102	99
424	7,6	182,265	7,0	171,105	292	99
425	2,1	90,144	0,0	69,39	275	99
426	143,168	60,79	343,241	471,359	102	99
427	3,13	202,349	7,2	224,85	304	99
429	290,480	0,3	450,279	1,1	103	99
430	46,47	195,318	30,8	220,85	344	99
431	55,47	6897,8159	59,28	6178,2911	162	99
432	2371,3019	1,1	2404,997	2,0	135	99
433	66,117	0,2	30,15	0,0	231	99
434	139,196	139,222	131,55	153,50	102	99
435	0,2	605,954	0,1	797,449	147	99
436	382,387	1217,1282	369,115	1912,503	102	99
437	7,13	706,1152	9,5	924,381	122	99
438	95,140	1,1	109,65	2,0	202	99
439	66,113	1,1	70,66	2,0	357	99
440	65,104	94,131	66,60	105,59	254	99
442	13,13	27,21	27,6	21,8	153	99
444	1,2	6557,8286	4,3	10664,4944	103	99
446	17,18	2,0	11,11	4,1	278	99
448	63,115	3,6	81,43	3,0	436	99
449	1501,1946	0,3	1143,546	0,0	3075	99
450	0,12	10,19	5,0	8,5	122	99
455	10290,13278	0,0	11571,5714	0,1	607	99
457	2,14	1625,2238	21,2	1451,678	431	99
460	1,0	0,0	0,0	1,0	104	99
462	137,133	81,97	125,76	80,32	439	99
463	0,3	3,1	1,1	0,1	173	99
464	4,11	3,2	5,2	0,0	159	99
465	0,1	76,96	1,0	57,23	123	99
466	24,16	15,9	8,5	12,9	297	99
470	34,51	17,29	17,13	24,8	114	99
472	3607,4612	1,6	6214,2321	9,2	117	99
473	1644,2085	58,76	2575,1084	120,41	117	99
474	1632,2075	10,8	2563,1077	4,2	117	99
475	1872,2383	10,8	2998,1213	4,2	138	99
476	241,311	1,3	435,137	0,1	120	99
477	1633,2074	1,1	2565,1076	1,2	117	99
478	2150,2705	1,1	3427,1324	1,2	138	99
479	519,633	2,2	864,248	2,0	120	99
480	82,121	710,1109	64,20	904,363	112	99
481	65,72	75,99	60,17	188,97	112	99
482	12,12	91,161	5,5	103,57	351	99
483	53,63	50,67	27,21	116,67	120	99
484	324,377	3,2	285,151	0,0	139	99
485	3,10	137,204	7,2	253,102	111	99
486	15,3	27,49	24,13	27,22	396	99
488	3,5	146,199	7,0	141,69	103	99
490	7,13	27,32	14,14	7,9	532	99
491	3,5	7,10	11,8	2,2	104	99
495	182,301	9,7	206,126	2,1	113	99
496	341,546	12,12	369,150	1,0	126	99
497	6,6	10,18	4,2	10,2	146	99
498	135,266	0,1	168,80	0,0	482	99
499	14,16	37,47	31,17	38,20	129	99
500	3,6	118,179	43,30	44,28	103	99
501	41,38	14,34	25,21	25,19	285	99
502	6,5	18,23	11,6	11,9	169	99
504	195,164	2,0	220,79	21,5	103	99
506	1,0	7,13	0,0	5,4	103	99
508	77,126	0,2	105,40	0,0	552	99
509	33,38	54,84	16,15	28,17	395	99
511	5,1	61,87	3,0	84,39	218	99
512	196,209	9,14	211,94	8,3	103	99
515	49,49	196,297	24,22	195,96	306	99
516	1,3	177,237	0,0	186,109	103	99
517	418,423	0,0	331,120	2,3	123	99
518	443,493	23,28	546,210	2,0	129	99
519	712,891	6,6	827,364	9,1	341	99
520	76,84	7,4	49,40	0,0	179	99
525	0,3	26,30	23,9	4,4	117	99
526	38,61	1,0	30,14	2,0	203	99
527	73,128	33,31	87,50	41,11	159	99
528	35,41	10,19	21,4	7,2	119	99
529	10,18	10,19	24,6	7,2	144	99
530	2,7	27,30	12,5	9,3	124	99
531	2,2	117,144	5,3	127,61	102	99
533	85,162	64,108	58,54	95,31	296	99
534	0,2	1,0	1,2	1,0	116	99
535	12,22	21,18	4,4	43,32	122	99
536	85,42	4,12	70,52	6,2	736	99
537	86,65	4,12	90,61	6,2	741	99
538	11,31	10,8	22,9	2,0	104	99
539	0,5	32,60	1,1	74,17	102	99
540	8,9	24,28	9,7	9,5	111	99
541	1,2	66,102	1,1	72,34	310	99
544	13,28	0,0	9,10	2,0	229	99
546	4,2	36,29	4,3	37,13	313	99
547	5,15	80,106	0,0	74,43	114	99
549	2,2	50,76	1,1	22,8	103	99
550	41,90	90,94	18,13	89,41	117	99
551	41,52	0,0	43,25	3,1	200	99
552	10,11	39,45	6,3	13,7	124	99
553	83,99	4,1	119,49	2,2	221	99
554	2,3	63,89	4,0	67,29	270	99
556	1,0	2,9	1,0	2,1	110	99
557	13,11	29,59	27,8	29,23	236	99
558	164,185	0,0	228,40	1,0	144	99
559	1,1	313,473	0,0	358,99	103	99
560	118,144	3,5	186,62	4,1	130	99
562	2,2	0,2	4,0	0,1	110	99
563	4,2	2,5	4,0	0,0	126	99
564	2,2	2,5	0,1	0,0	115	99
565	7,17	537,691	5,0	494,190	263	99
566	14,16	3,22	10,7	17,4	559	99
567	32,41	14,15	15,7	17,5	118	99
568	13,11	14,15	2,1	17,5	127	99
569	9,6	28,36	1,1	14,7	108	99
570	2,0	28,58	0,0	27,13	120	99
571	8,28	67,121	31,11	89,31	117	99
572	26,42	3,5	26,15	0,1	741	99
573	20,34	0,1	11,5	0,0	122	99
574	123,162	6,5	105,43	0,1	190	99
575	15,3	0,0	12,2	0,1	212	99
576	45,78	1,3	32,22	1,1	112	99
578	0,4	10,3	1,0	1,1	259	99
579	46,69	13,24	65,39	10,1	103	99
581	1,1	16,33	0,2	10,6	252	99
582	21,25	1,0	13,6	0,0	269	99
583	0,0	27,28	1,0	27,15	282	99
584	11,15	273,265	5,3	251,110	116	99
586	7,7	465,846	9,6	766,436	254	99
587	2,3	99,94	1,0	83,51	103	99
588	2,4	1,1	1,4	2,0	103	99
589	2,8	46,57	1,1	62,20	102	99
590	34,36	7,10	60,19	0,2	115	99
593	36,78	69,86	34,41	55,21	146	99
594	11,17	0,0	12,4	2,0	103	99
596	50,85	0,1	60,40	0,0	115	99
597	689,1079	0,0	585,208	0,1	444	99
598	10,21	10,15	11,7	12,4	258	99
599	53,70	84,142	47,44	119,60	315	99
600	2,12	30,33	0,5	28,25	125	99
601	16,32	30,33	15,18	28,25	541	99
602	15,30	1,10	15,16	0,3	515	99
604	40,62	7,9	38,17	0,1	116	99
605	239,381	0,1	267,146	1,0	259	99
607	63,69	41,81	129,59	60,21	1002	99
608	131,183	0,1	140,48	0,0	323	99
609	5,12	60,90	10,9	108,64	307	99
611	62,83	72,112	30,38	89,62	342	99
612	54,73	72,112	32,35	89,62	382	99
613	2,0	10,10	4,2	2,5	139	99
614	41,85	130,190	79,70	88,59	524	99
616	175,324	1,2	209,144	0,0	653	99
617	70,103	14,8	81,34	5,1	114	99
618	0,0	6,6	1,0	5,3	105	99
619	21,41	11,13	11,12	6,2	103	99
620	8,15	8,6	8,3	2,2	103	99
621	9,3	11,14	3,0	5,8	120	99
622	30,33	1,1	22,16	1,0	201	99
623	32,44	1,1	24,24	1,0	180	99
624	28,30	0,1	22,16	0,0	201	99
625	1,2	156,203	7,10	125,84	105	99
626	258,328	27,39	183,175	23,12	2780	99
627	3,0	31,28	2,0	12,13	291	99
628	0,1	3,0	3,1	0,0	137	99
629	1,2	4,4	8,3	1,3	137	99
630	2,3	164,264	1,1	220,86	117	99
631	218,250	19,44	194,90	49,20	295	99
632	144,216	6,5	136,61	14,3	105	99
633	41,91	35,61	73,41	68,29	105	99
634	1,2	4,2	0,0	1,0	130	99
635	217,368	2,0	571,272	0,1	102	99
636	102,113	18,16	129,61	10,3	127	99
637	8,12	224,284	5,5	223,111	102	99
638	5,2	54,68	4,1	52,29	122	99
639	7,12	234,373	6,2	330,127	388	99
640	0,1	79,96	1,0	65,44	102	99
641	5,1	0,1	0,0	1,1	158	99
642	17,26	757,1195	10,8	840,457	459	99
643	1074,1797	7,16	1522,663	19,18	260	99
644	232,411	155,292	457,224	154,75	134	99
646	1,0	59,81	0,2	21,20	108	99
648	11,7	0,3	3,1	2,0	306	99
649	22,19	0,3	9,5	2,0	508	99
650	12,12	1,0	6,4	0,0	301	99
651	8,11	1,1	7,5	1,0	113	99
652	3,21	82,134	16,13	78,27	115	99
653	2,3	1,1	1,0	0,0	157	99
655	29,36	11,28	7,6	17,5	103	99
656	9,14	39,39	2,2	17,12	320	99
657	24,45	156,214	5,4	216,102	102	99
658	372,428	37,56	338,172	69,34	747	99
659	5,6	157,256	6,4	230,98	129	99
661	158,244	25,14	166,74	11,20	120	99
662	2,6	1,2	0,0	0,1	125	99
663	0,3	3,10	0,0	5,1	250	99
664	11,21	0,0	11,9	1,0	685	99
665	4,8	9,10	3,4	14,4	203	99
666	0,1	5,13	0,0	3,2	118	99
667	13,31	11,26	23,6	4,5	821	99
669	6,2	1080,1168	3,0	1077,423	174	99
671	2,0	30,56	2,2	28,17	328	99
672	140,201	37,72	118,51	51,31	102	99
673	83314,122403	0,0	127297,64966	1,0	106	99
674	33,64	56,122	12,1	26,15	188	99
675	434,692	1,1	500,306	0,2	293	99
677	6,7	37,40	2,4	19,15	102	99
678	61,110	1,1	47,34	1,0	123	99
680	11,7	50,41	3,10	39,22	377	99
681	21,11	0,2	0,4	2,2	102	99
682	5,7	6,0	0,0	4,4	102	99
683	27,79	17,3	61,29	5,6	412	99
684	50,46	8,5	49,38	2,0	126	99
685	2,3	0,0	1,5	2,0	263	99
686	1,0	156,227	0,1	187,69	124	99
687	32,29	599,709	31,19	901,293	525	99
688	2,7	56,83	0,0	76,44	304	99
689	48,54	3,13	40,24	13,2	336	99
690	18,25	10,21	7,3	16,8	153	99
691	70,94	1,2	65,35	2,0	410	99
692	23,41	0,0	26,14	0,1	173	99
693	46,71	0,1	47,25	1,0	185	99
694	71,81	16,21	31,25	15,8	120	99
695	1,0	155,198	1,0	147,54	275	99
696	11,14	7,5	22,14	8,6	157	99
697	9,8	141,214	0,4	121,71	451	99
698	17,17	354,525	45,17	826,434	291	99
699	2,2	0,1	2,1	0,0	103	99
700	2,5	561,821	3,3	681,313	102	99
701	0,0	191,272	0,1	230,114	103	99
702	87,92	3,1	96,45	6,0	210	99
703	10,15	33,52	24,14	19,7	130	99
704	7,5	33,52	14,9	19,7	135	99
705	3,1	6,11	4,2	14,7	104	99
708	3,1	27,29	4,0	23,10	119	99
709	70,50	11,2	78,25	6,0	231	99
710	3,6	90,90	1,1	104,68	102	99
711	38,55	48,89	49,21	73,20	506	99
712	5,4	1,0	10,7	0,0	103	99
713	301,371	10,9	367,163	0,1	144	99
715	0,3	918,1065	4,2	1030,389	364	99
716	3,3	574,669	1,0	648,256	104	99
717	27,30	1,10	28,6	3,0	307	99
718	398,481	0,1	422,266	0,0	2326	99
719	20,25	157,250	12,21	166,87	374	99
720	60,85	33,34	88,27	33,14	121	99
721	9,24	17,27	4,6	22,7	1345	99
722	1093,1585	8,13	1384,656	10,5	102	99
723	531,637	449,513	1138,455	201,115	113	99
724	139,238	2,5	162,77	0,0	437	99
726	1,8	0,3	2,1	5,0	108	99
727	16,19	9,15	56,26	0,0	122	99
729	48,47	1,1	19,10	1,0	372	99
730	18,18	2,6	10,7	3,1	104	99
731	113,158	2,4	122,55	6,3	146	99
732	2,4	0,0	0,1	2,0	129	99
733	13,9	15,26	9,1	8,2	103	99
735	3,5	62,77	1,1	213,90	103	99
738	6,12	5,16	22,7	0,1	104	99
741	117,151	7,2	177,86	3,2	120	99
743	7,3	47,56	5,0	47,22	326	99
745	3,11	13,31	6,5	23,6	128	99
746	0,0	0,2	1,1	2,5	105	99
747	92,116	85,149	84,38	98,45	200	99
748	13,17	30,19	7,2	19,7	206	99
749	13,10	0,2	21,3	0,0	125	99
750	6,4	149,218	2,4	171,142	332	99
751	0,0	4,2	1,0	0,4	113	99
752	1,2	4,3	1,2	2,1	196	99
753	3,8	400,718	3,0	540,239	166	99
754	32,41	8,6	24,12	4,0	359	99
755	16,25	89,100	21,10	70,25	126	99
756	109,126	8,6	85,30	4,0	332	99
757	45,56	14,21	41,17	1,1	116	99
758	30,14	5,7	25,6	6,3	116	99
760	20,40	3,1	39,21	0,3	103	99
761	20,21	21,51	24,8	10,3	110	99
762	41,48	200,396	37,41	275,154	283	99
763	0,2	160,212	1,0	160,69	103	99
764	145,132	15,26	176,56	15,7	399	99
765	100,122	0,1	104,35	0,0	267	99
767	15,14	3,2	13,4	6,0	241	99
769	7,3	61,86	5,6	43,37	679	99
770	42,53	1,1	45,15	3,2	157	99
771	159,194	39,71	245,87	98,49	290	99
772	8,19	55,82	5,0	68,32	143	99
773	15,6	2,2	9,3	3,3	401	99
774	4,10	64,87	15,10	67,21	286	99
775	11,14	0,0	23,6	2,3	219	99
776	3,9	192,271	3,3	180,85	294	99
777	9,32	168,229	15,4	161,70	253	99
778	168,214	29,54	125,61	52,24	114	99
779	206,161	251,225	116,76	278,83	594	99
780	51,33	502,551	31,25	639,205	620	99
782	90,78	51,58	69,16	71,39	168	99
783	136,178	2,0	194,88	1,2	302	99
784	68,64	36,35	51,7	24,6	462	99
785	79,126	34,50	53,21	36,16	117	99
786	173,288	105,137	236,102	121,58	120	99
787	5,4	46,82	9,2	53,31	118	99
788	13,14	220,349	10,4	215,119	260	99
790	2,3	5,1	0,0	1,0	101	99
791	9,21	62,96	21,4	51,26	139	99
792	3,19	5,3	1,1	3,4	168	99
793	1,3	27,35	8,6	6,8	104	99
794	23,13	758,996	13,3	713,402	330	99
795	29,15	758,996	15,5	713,402	416	99
796	7,4	1,2	5,2	3,0	185	99
797	87,149	4,0	98,46	5,1	202	99
798	11,18	168,251	23,14	252,104	673	99
799	74,67	2,1	91,30	3,2	105	99
800	7,9	183,268	5,6	229,120	104	99
801	271,365	0,0	351,179	2,0	335	99
802	107,155	8,13	147,72	4,2	107	99
803	10,4	4,3	1,3	1,0	144	99
804	14,14	1713,2303	8,0	1498,697	102	99
805	10,11	35,28	17,6	39,4	110	99
806	1,0	7,10	8,2	0,0	117	99
807	94,106	39,55	210,84	47,26	113	99
809	22,37	354,401	17,21	320,147	103	99
810	8,13	2,8	4,2	9,3	208	99
811	12,10	149,223	16,17	232,132	354	99
812	107,129	10,7	86,53	12,3	251	99
813	42,42	1,0	51,19	0,0	367	99
814	50,63	38,47	67,26	36,12	162	99
815	75,92	11,8	63,24	13,3	110	99
816	11,8	11,8	22,11	13,3	256	99
817	11,8	75,92	22,11	63,24	245	99
818	2,0	23,31	0,0	27,8	132	99
819	6,13	2,8	6,1	9,2	119	99
821	2,6	6,11	0,0	10,5	110	99
822	11,20	95,141	8,5	53,33	117	99
823	19,50	35,67	7,4	69,31	104	99
824	62,136	0,1	42,34	2,0	314	99
826	71,99	0,2	63,40	0,0	297	99
827	2,3	3,0	2,4	0,1	101	99
828	89,96	0,0	87,48	2,1	113	99
830	4,5	26,32	1,1	17,5	517	99
831	0,1	591,885	0,0	738,313	103	99
832	1,8	7,11	1,0	20,12	152	99
833	113,150	426,518	198,58	190,97	117	99
834	54,84	59,83	72,35	55,29	220	99
835	2,3	345,494	4,1	427,208	103	99
836	10,7	93,109	19,6	59,27	104	99
837	64,82	1,2	45,7	2,0	118	99
839	41,49	0,0	39,28	0,1	143	99
841	6,6	15,37	2,2	14,3	561	99
842	26,45	57,61	20,10	40,28	135	99
843	151,201	4,6	114,44	1,1	134	99
844	30,48	4,6	28,11	1,1	199	99
845	1,4	122,157	4,0	90,33	164	99
847	194,283	18,29	217,96	7,0	146	99
848	136,212	118,144	274,117	40,13	111	99
849	164,244	3,6	159,115	0,2	297	99
850	543,638	37,40	602,245	37,15	181	99
851	2,13	27,21	20,5	8,8	144	99
852	2,3	18,19	3,3	12,11	312	99
853	10,10	1,1	23,9	0,0	120	99
854	14,20	76,79	12,7	150,78	217	99
855	14,19	111,156	12,7	151,60	217	99
856	30,32	2,2	52,33	4,6	245	99
857	2327,3013	0,0	1533,985	1,0	2942	99
859	66,88	6,10	49,25	0,4	474	99
860	25,23	6,10	6,11	0,4	505	99
861	14,8	50,69	7,4	45,16	130	99
862	405,528	2,0	535,240	1,0	111	99
864	409,652	34,61	338,145	70,39	144	99
865	1171,1650	754,1257	1554,810	1094,594	156	99
866	2204,3587	0,0	2851,1584	0,1	114	99
867	2368,3638	1,0	3302,1730	3,0	117	99
868	35,43	26,48	27,15	11,2	125	99
869	182,269	30,45	178,88	18,12	247	99
870	85,87	1,7	81,30	0,0	191	99
871	35,49	0,0	23,17	0,1	305	99
872	59,89	93,85	56,34	95,31	789	99
873	24,40	93,85	33,18	95,31	583	99
874	31,53	4,9	34,20	11,6	583	99
875	40,23	6,1	28,9	7,3	251	99
876	35,52	11,21	51,19	8,8	419	99
878	46,66	3,1	67,9	4,3	138	99
879	20,21	3,2	18,11	0,1	123	99
880	3,3	1227,1701	8,2	1417,581	120	99
882	3,4	173,267	5,3	238,102	265	99
883	419,561	0,0	443,232	1,0	311	99
884	3,0	318,444	4,0	364,157	103	99
885	6,15	17,26	10,5	46,15	118	99
887	8,6	29,21	7,1	17,4	103	99
889	10,12	169,202	10,3	139,54	103	99
891	5,2	767,1019	23,8	637,300	337	99
892	2,2	767,1019	14,5	637,300	320	99
893	24,35	502,802	27,19	527,258	311	99
894	17,36	502,802	30,22	527,258	565	99
895	3,8	10,7	11,8	8,5	353	99
896	9,31	10,11	14,4	14,8	103	99
897	108,140	2,0	82,56	4,2	1034	99
898	12,36	156,217	16,10	243,110	393	99
900	52,65	12,16	66,19	15,8	108	99
901	1,8	623,826	5,3	536,322	103	99
902	25,33	576,765	18,11	437,195	135	99
904	25,20	68,122	36,25	88,53	231	99
905	1,0	32,55	3,2	67,30	242	99
907	113,115	560,754	49,27	479,255	566	99
909	2,0	9,13	0,1	6,5	434	99
910	2,12	47,81	3,4	29,26	300	99
911	10,21	241,387	18,4	315,127	274	99
912	3,10	95,126	6,4	110,34	383	99
913	37,51	91,116	116,30	53,22	105	99
914	10,3	3,0	12,2	0,0	163	99
916	3,4	91,113	6,1	111,45	138	99
917	290,349	2,0	358,167	1,0	211	99
918	2,1	14,15	1,1	16,7	130	99
919	12,22	1,1	20,16	3,0	450	99
920	1,1	2041,2944	2,1	2626,1240	139	99
921	24,32	1934,2848	85,39	2562,1292	117	99
922	24,28	0,2	20,9	1,0	240	99
923	112,158	46,36	71,31	114,31	122	99
924	13,12	11,19	11,14	3,2	103	99
925	392,547	3,0	633,364	0,1	1203	99
927	11,29	16,15	8,7	18,9	131	99
929	335,452	0,1	371,214	0,0	544	99
930	14,15	1,3	8,2	7,8	110	99
932	62,99	0,0	92,53	0,2	210	99
933	1,6	4,3	7,2	2,2	220	99
934	85,112	0,0	103,25	3,0	704	99
935	8,14	0,3	20,14	0,0	135	99
936	8,16	101,196	24,14	125,60	135	99
937	498,632	32,41	569,262	8,5	138	99
938	9,17	122,136	29,12	159,100	123	99
939	137,141	1,1	244,98	2,0	103	99
940	3,2	108,128	3,2	90,39	285	99
941	11,14	0,0	39,12	0,1	295	99
942	37,46	6,13	17,12	36,3	111	99
943	1,0	30,44	2,0	28,9	279	99
944	4,2	44,67	5,0	84,31	103	99
945	41,66	0,0	30,9	0,1	128	99
946	125,194	0,0	140,74	1,1	1458	99
947	415,575	7,2	532,239	2,0	122	99
948	96,114	2,4	122,55	0,0	122	99
951	81,166	1074,1614	221,123	1559,702	551	99
952	115,215	1074,1614	247,157	1559,702	656	99
953	42,67	4,13	54,45	25,10	204	99
954	1,1	2,6	5,0	3,1	132	99
955	19,52	1,0	24,11	0,1	681	99
956	11,16	161,224	15,13	201,98	160	99
957	23,7	296,323	23,12	389,136	311	99
958	52,93	83,82	47,24	107,42	270	99
959	34,62	21,28	43,14	5,2	159	99
960	1055,1440	79,111	705,477	86,65	842	99
961	0,0	9,14	0,1	7,2	121	99
965	6,1	13,29	1,2	19,5	141	99
966	0,0	72,86	0,1	46,22	105	99
967	43,75	1,3	84,32	0,0	104	99
968	0,1	30,27	0,0	21,8	108	99
969	0,0	9,19	3,3	11,5	124	99
970	1,2	1,0	4,3	1,0	453	99
971	2,1	131,140	0,0	198,73	103	99
973	60,86	2,0	69,57	1,0	949	99
974	576,805	6,5	320,165	0,0	132	99
975	2,7	0,0	7,0	0,2	181	99
976	98,157	3,1	115,51	3,0	109	99
978	15,17	27,33	11,1	41,16	166	99
979	2,3	4419,7208	2,2	6600,3537	103	99
980	13,10	399,548	18,6	499,191	508	99
981	6,6	399,548	9,3	499,191	269	99
982	0,0	26,16	1,0	29,11	117	99
983	0,3	195,336	7,4	162,90	108	99
984	6,4	35,38	0,2	23,13	261	99
985	41,53	0,1	30,22	0,2	545	99
988	1,0	1598,2202	0,0	1546,635	103	99
990	27,23	26,52	7,19	62,37	659	99
991	21,44	39,81	24,17	41,24	138	99
992	0,4	51,67	0,1	50,18	412	99
994	4,4	6,12	4,0	2,2	127	99
996	4,5	36,26	13,19	78,37	110	99
997	897,1220	23,50	1232,574	46,31	123	99
998	5,4	2313,2766	4,2	2264,1091	278	99
999	10,14	0,2	14,7	0,0	337	99
1000	7,41	287,471	6,9	270,137	309	99
1002	23,21	17,25	28,10	12,4	111	99
1003	168,212	2,8	315,99	12,3	140	99
1005	175,141	2,3	375,117	2,0	143	99
1006	69,148	20,40	103,42	8,3	117	99
1007	3,7	29,42	2,3	20,12	400	99
1008	63,85	6,15	77,50	4,2	104	99
1009	74,109	0,4	88,56	0,0	155	99
1010	0,0	23,41	1,0	41,8	119	99
1011	0,1	85,85	0,1	68,35	102	99
1012	10,5	21,15	14,3	31,8	102	99
1013	171,262	4,3	196,56	4,0	322	99
1014	2,6	2260,3627	2,0	3151,1451	384	99
1015	140,183	1,0	76,64	0,0	494	99
1016	109,117	11,4	59,45	0,1	216	99
1017	7,13	32,47	2,5	18,18	113	99
1018	13,9	0,2	5,3	1,0	224	99
1019	32,32	55,79	35,29	15,23	505	99
1020	6,9	0,0	32,6	1,0	200	99
1021	10,11	5,6	10,4	6,6	360	99
1024	10,11	11,10	5,6	8,5	653	99
1026	9,9	1,7	10,10	2,0	248	99
1027	37,57	0,1	62,40	0,0	103	99
1028	74,96	9,13	79,23	15,6	146	99
1029	7,8	65,100	10,0	72,37	237	99
1030	165,165	6,5	96,43	1,1	342	99
1031	45,61	6,2	52,30	0,1	104	99
1033	0,0	15,15	2,3	13,10	103	99
1035	8271,9346	8709,9854	22154,9096	7788,3195	110	99
1036	35,46	3,4	15,4	22,12	105	99
1037	53,62	18,20	35,23	13,6	252	99
1039	16,13	7,3	7,0	4,4	166	99
1040	12,7	207,265	13,7	216,71	252	99
1041	0,0	24,67	1,0	37,14	117	99
1042	4,6	2,1	11,0	0,0	126	99
1044	222,366	0,4	237,133	0,1	470	99
1045	4,0	46,49	7,5	42,16	270	99
1046	7,4	73,109	2,2	81,24	276	99
1048	0,0	77,99	5,3	76,33	103	99
1050	47,35	1,0	34,12	2,0	128	99
1051	8,5	18,18	3,1	24,16	158	99
1052	2,2	0,0	3,0	1,0	203	99
1053	32,53	58,82	22,9	90,28	180	99
1054	0,1	14,17	0,0	16,5	183	99
1055	5,8	1,0	1,1	1,0	202	99
1056	258,377	3,6	285,175	6,2	665	99
1057	9,9	4,11	12,17	25,9	272	99
1058	24,30	31,52	58,38	5,5	111	99
1059	5,2	13,23	10,1	5,6	111	99
1060	55,56	38,74	37,25	71,32	115	99
1062	86,120	29,35	85,44	19,10	149	99
1064	0,1	283,390	2,0	336,145	103	99
1065	10,6	206,298	8,8	239,128	274	99
1066	11,6	312,487	6,8	344,187	274	99
1067	15,10	107,118	2,4	118,44	373	99
1068	20,42	2,6	28,14	5,0	386	99
1069	30,43	13,14	40,11	1,2	170	99
1070	7,5	1,4	1,0	1,1	136	99
1072	4,9	61,72	5,6	67,21	254	99
1074	79,161	1,0	207,88	0,0	171	99
1075	2,0	225,252	4,3	201,111	337	99
1076	20,43	4,1	25,16	0,0	139	99
1077	6,10	2,1	5,2	3,0	290	99
1078	10,23	86,165	7,6	59,36	498	99
1079	6,14	86,165	5,4	59,36	307	99
1080	1,0	3,3	1,0	6,0	219	99
1081	7,5	93,105	11,3	60,22	392	99
1082	7,3	12,22	12,1	41,10	263	99
1083	9,8	93,105	16,3	60,22	272	99
1084	19,23	526,565	10,2	355,174	105	99
1085	7,9	1,1	7,1	4,1	103	99
1086	40,36	52,83	43,28	54,21	183	99
1087	4,2	11,22	4,1	14,4	127	99
1088	23,49	81,111	28,13	113,51	241	99
1089	41,41	0,0	16,10	16,7	126	99
1090	44,83	58,77	51,22	53,30	241	99
1091	188,268	0,0	366,161	0,1	408	99
1092	51,75	2,4	45,25	0,0	175	99
1093	1,0	15,29	0,0	16,7	117	99
1094	49,77	0,6	19,24	0,0	118	99
1095	189,331	319,553	255,102	261,129	217	99
1097	37,42	17,31	45,11	10,6	263	99
1098	47,60	11,6	30,23	13,1	114	99
1099	187,250	0,0	170,104	3,4	109	99
1100	12,6	0,0	14,9	0,2	109	99
1101	20,17	45,50	42,12	38,29	156	99
1102	6,8	2,9	1,3	2,2	149	99
1103	52,48	6,25	81,50	10,2	107	99
1104	15,17	14,21	20,12	6,4	107	99
1106	5,14	0,1	2,0	1,2	129	99
1107	27,23	92,151	11,9	99,31	374	99
1108	0,4	211,304	3,3	209,82	103	99
1109	25,40	175,243	11,16	195,109	273	99
1110	2,3	183,256	2,0	205,117	132	99
1111	9,10	1,3	6,2	8,1	117	99
1112	16,18	2,4	19,8	1,0	318	99
1113	9,11	2,4	22,7	1,0	300	99
1114	12,26	1,2	41,9	0,1	154	99
1115	1,3	6,13	20,1	6,1	152	99
1117	5,3	143,182	0,2	150,70	243	99
1118	7,10	191,292	12,7	182,80	103	99
1119	5,5	120,181	16,1	129,83	246	99
1120	5,10	0,0	4,3	2,0	102	99
1121	23,30	55,86	26,15	39,11	111	99
1122	16,15	60,90	6,0	55,26	282	99
1123	993,1565	1,0	963,464	0,0	482	99
1125	58,67	1,0	71,24	1,0	118	99
1126	85,109	90,159	79,43	128,35	102	99
1128	53,67	0,3	62,33	0,3	146	99
1129	12,15	242,351	21,16	360,162	472	99
1130	14,24	74,66	42,17	54,30	103	99
1131	92,103	417,474	86,22	842,309	116	99
1132	40,60	11,6	69,28	4,2	228	99
1133	73,85	11,37	114,41	44,14	245	99
1134	44,31	11,37	49,15	44,14	116	99
1135	1,1	3,0	1,1	1,0	110	99
1137	3,0	128,223	0,0	144,84	101	99
1139	96,136	7,2	70,47	9,4	127	99
1140	776,1017	3,1	682,418	3,3	378	99
1141	7,13	43,80	5,10	39,26	233	99
1142	9,2	0,4	4,0	0,0	655	99
1143	3,5	6,6	2,3	8,3	105	99
1144	0,0	27,36	2,0	40,3	165	99
1145	0,5	11,6	0,0	8,1	111	99
1146	3,0	5,12	3,0	8,5	111	99
1147	5,11	2052,2592	6,6	3244,1429	103	99
1148	58,60	1,0	35,9	0,0	277	99
1149	57,47	195,257	27,16	252,121	182	99
1150	10,9	0,3	4,0	7,3	106	99
1152	0,0	0,2	1,0	1,0	111	99
1153	54,74	25,55	74,36	52,21	175	99
1154	8,3	471,613	5,4	463,216	299	99
1155	22,34	3,6	30,10	3,1	331	99
1156	175,198	87,107	194,66	130,64	142	99
1157	280,312	13,17	305,110	10,7	181	99
1158	334,371	1,1	350,129	0,0	196	99
1159	192,221	13,17	241,108	10,7	138	99
1160	246,280	1,1	286,127	0,0	153	99
1161	67,76	1,1	55,26	0,0	114	99
1162	1,2	18,22	0,1	14,6	359	99
1163	16,24	3,9	15,15	0,0	116	99
1165	53,60	26,25	38,36	12,12	143	99
1166	17,21	72,72	28,30	97,81	328	99
1167	2,1	7,4	3,7	7,4	311	99
1169	1,0	912,1431	0,0	1024,456	126	99
1170	9,12	66,109	2,2	65,29	236	99
1173	40,24	4,1	20,8	0,1	247	99
1174	1,0	0,3	1,5	8,5	103	99
1175	3,0	39,49	1,5	24,31	103	99
1176	5,5	172,220	3,0	217,111	102	99
1177	3,1	439,693	4,2	473,251	159	99
1178	0,1	44,56	1,0	48,25	103	99
1179	3,12	21,41	6,1	26,11	126	99
1181	123,167	4756,5229	201,94	5787,2495	106	99
1183	1,10	2871,4063	2,2	3764,1952	103	99
1184	0,1	39,54	0,0	40,20	156	99
1185	27,14	1,1	38,12	3,4	175	99
1186	1,6	46,66	0,0	48,15	246	99
1187	34,39	26,59	64,31	14,3	111	99
1188	8,4	34,38	3,6	30,17	103	99
1189	228,263	2,0	235,218	0,0	2627	99
1190	141,144	219,302	314,131	56,16	111	99
1191	59,46	9,7	52,8	61,26	105	99
1192	5,8	3,6	10,8	1,5	126	99
1193	15,17	0,1	29,19	7,4	1095	99
1194	15,20	3,15	29,20	11,4	1131	99
1195	13,15	0,1	20,16	7,4	1068	99
1196	13,18	3,15	20,17	11,4	1104	99
1197	0,4	3,15	7,5	11,4	135	99
1199	1,3	76,102	2,4	73,38	103	99
1200	75,129	44,32	118,41	26,14	393	99
1202	1284,2019	0,0	1146,573	0,2	324	99
1203	4,1	0,1	0,2	0,0	150	99
1204	38,30	38,47	17,21	49,23	103	99
1207	1,1	2,5	0,0	1,2	180	99
1208	44,51	12,13	32,36	16,19	206	99
1209	57,69	92,121	46,14	145,44	288	99
1210	39,31	85,114	22,18	89,34	935	99
1211	14,27	0,0	15,16	2,1	245	99
1212	3,7	15,29	2,2	15,7	566	99
1213	0,1	0,4	5,2	0,1	107	99
1214	78,104	59,59	64,39	45,27	1250	99
1215	3,1	186,238	6,0	123,51	291	99
1216	4,3	258,427	2,4	252,128	103	99
1217	4,3	0,0	2,3	1,0	103	99
1218	11,30	308,399	6,8	290,117	342	99
1219	1,1	247,326	3,3	364,142	103	99
1220	567,554	60,77	1070,569	50,13	652	99
1222	2,0	86,94	0,0	63,38	102	99
1225	16,26	80,102	68,48	69,29	267	99
1226	0,2	316,465	0,0	278,130	278	99
1227	146,208	61,79	154,93	116,40	220	99
1229	11,19	3,7	6,9	2,3	174	99
1230	39,67	1,0	33,10	0,0	102	99
1231	59,107	1,10	89,37	0,0	220	99
1232	6,6	1,0	3,1	0,0	120	99
1233	0,3	2,1	4,4	20,11	103	99
1234	56,77	57,123	31,17	76,35	140	99
1236	14,12	80,71	11,4	93,36	302	99
1238	4,19	111,121	6,0	99,52	494	99
1239	0,12	8,6	18,3	5,4	317	99
1240	13,23	139,197	29,17	157,93	692	99
1241	21,17	139,197	16,18	157,93	474	99
1242	6,18	0,0	2,4	1,0	141	99
1243	0,2	66,60	0,1	93,38	168	99
1244	48,52	13,13	23,17	7,5	122	99
1245	10,11	0,0	0,1	2,0	381	99
1246	15,24	32,24	4,5	11,8	792	99
1247	5,13	32,24	6,4	11,8	510	99
1248	5,5	583,907	33,28	1149,572	345	99
1250	41,43	162,318	26,8	223,100	399	99
1252	84,131	2,0	68,17	2,0	163	99
1253	8,29	74,103	21,14	80,28	149	99
1254	210,244	1,2	220,96	0,0	1119	99
1256	8,5	0,2	1,2	1,1	143	99
1257	11,14	25,22	8,3	34,16	148	99
1258	2,0	18,11	1,0	8,5	131	99
1259	8,20	0,7	17,7	7,6	278	99
1260	7,13	66,49	8,13	46,11	163	99
1261	173,226	8,3	193,66	3,0	105	99
1262	166,219	469,573	199,73	617,198	102	99
1264	4,8	2,0	5,0	0,0	114	99
1265	9,9	5,3	2,0	1,1	121	99
1266	15,19	9,14	20,3	12,2	557	99
1267	0,1	9,14	1,0	17,4	108	99
1268	5,24	2,0	7,2	0,0	126	99
1269	15,24	342,562	13,13	340,171	288	99
1270	54,59	48,105	28,14	63,46	337	99
1271	329,442	59,81	438,226	54,29	123	99
1272	1,3	65,86	2,1	66,19	291	99
1273	8,11	0,0	14,4	2,0	170	99
1274	31,44	0,0	43,17	2,0	351	99
1276	29,44	3,5	50,19	0,0	351	99
1277	5,5	171,217	8,1	187,87	210	99
1278	48,35	0,1	44,24	0,0	383	99
1279	18,30	49,65	32,12	41,28	590	99
1283	0,2	64,127	0,0	91,42	103	99
1284	168,265	0,1	251,91	0,0	186	99
1285	2,4	4,14	9,1	6,3	137	99
1286	109,150	458,607	83,35	476,232	364	99
1288	31,32	209,193	75,15	233,68	250	99
1290	3,3	3,0	0,1	0,1	103	99
1291	15,24	325,488	40,17	359,184	104	99
1294	31,36	40,62	25,9	63,25	143	99
1296	9,5	12,8	0,1	4,0	522	99
1297	3,3	510,715	0,1	513,279	102	99
1301	4,4	128,200	7,1	159,84	192	99
1302	0,1	132,170	0,0	161,74	114	99
1304	3,3	0,1	0,0	1,0	143	99
1306	21,48	8,15	20,5	6,6	102	99
1307	0,9	4,14	0,0	7,1	173	99
1308	7,6	36,40	3,4	37,17	114	99
1309	39,27	2,1	50,20	2,0	111	99
1311	1,4	22,41	6,5	30,8	181	99
1313	18,31	82,87	12,10	41,34	459	99
1314	0,4	38,79	0,0	49,15	102	99
1316	2,0	434,569	1,2	499,262	102	99
1318	2,3	151,255	3,3	217,102	116	99
1319	20,40	64,81	15,18	62,31	116	99
1320	86,136	4,7	128,52	5,2	140	99
1321	10,12	116,153	2,5	79,59	466	99
1324	1,6	114,101	0,2	97,37	138	99
1325	0,2	87,131	5,0	73,46	108	99
1326	2,0	10,21	3,0	7,4	257	99
1327	11,28	2,10	29,5	0,3	123	99
1329	1,6	91,83	3,0	54,17	180	99
1330	1,17	684,1114	4,2	880,416	319	99
1331	15,10	15,29	7,9	42,11	324	99
1332	142,211	4,0	191,85	2,0	333	99
1335	114,141	254,331	82,64	384,122	1281	99
1336	13,29	0,3	8,9	0,0	117	99
1337	14,22	23,32	8,1	25,3	129	99
1340	40,23	2,4	27,29	3,1	945	99
1341	1,3	0,0	0,0	1,0	126	99
1342	10,16	187,279	10,12	229,90	280	99
1343	9,13	187,279	11,12	229,90	253	99
1344	3,7	3,6	2,0	2,0	334	99
1345	10,20	64,95	6,1	91,50	377	99
1346	10,19	64,95	6,1	91,50	142	99
1347	8,14	2,8	4,1	2,4	142	99
1348	104,205	35,73	123,65	74,30	120	99
1349	3,13	20,63	1,0	43,19	491	99
1352	20,16	162,221	23,21	217,94	452	99
1353	22,37	41,47	28,20	19,5	103	99
1354	27,38	71,94	36,10	128,72	124	99
1355	12,11	68,81	4,5	91,28	478	99
1356	1,3	12,17	0,0	11,5	279	99
1357	11,7	53,67	4,4	20,8	291	99
1361	37,30	56,63	41,17	54,28	161	99
1362	2,0	139,161	4,1	107,69	138	99
1363	12,19	81,113	16,11	102,38	255	99
1365	7,22	57,78	10,7	45,27	272	99
1366	162,208	0,5	121,56	0,1	177	99
1367	43,97	38,52	77,39	50,24	111	99
1368	14,15	4,6	17,9	0,0	122	99
1369	27,42	373,554	151,52	260,96	136	99
1370	2,1	391,452	3,1	400,168	126	99
1372	19,11	0,1	9,1	0,0	115	99
1374	224,247	2,4	291,134	1,0	232	99
1375	1,0	86,129	2,0	76,33	298	99
1376	3,7	38,65	4,0	33,21	624	99
1377	2,1	82,165	2,0	124,79	135	99
1378	0,2	128,143	1,0	118,57	165	99
1380	14,11	88,142	10,10	150,65	214	99
1381	83,111	0,0	61,28	3,1	102	99
1382	8,12	106,134	6,2	98,70	264	99
1383	6,20	69,113	21,9	85,58	730	99
1384	208,307	2,0	296,170	2,0	384	99
1385	40,41	63,106	37,23	60,24	215	99
1386	0,1	13,11	4,0	5,3	172	99
1388	29,29	1,2	22,17	0,0	110	99
1389	13,15	93,141	0,1	35,20	297	99
1390	122,197	123,179	198,101	229,102	118	99
1392	106,176	1,0	199,99	0,1	150	99
1393	3,6	0,0	5,3	2,1	111	99
1395	6,18	214,299	15,5	218,108	318	99
1396	2,0	0,1	2,2	0,0	144	99
1398	37,23	58,84	25,12	84,52	103	99
1399	0,2	8,4	0,1	5,2	109	99
1400	0,1	1,0	1,1	3,3	144	99
1401	286,350	166,217	211,136	185,83	535	99
1402	204,251	93,137	158,113	61,28	386	99
1403	24,28	0,3	23,11	0,0	174	99
1404	3,2	21,26	3,3	46,12	103	99
1405	0,0	186,246	0,2	151,78	126	99
1406	36,65	1086,1862	61,34	1660,763	101	99
1407	4,8	24,68	0,0	26,28	121	99
1410	64,69	31,45	9,5	27,12	263	99
1411	7,13	0,3	13,7	0,0	127	99
1412	5,6	9,5	3,6	2,1	142	99
1414	13,28	0,0	12,10	1,3	237	99
1415	21,21	8616,11983	12,6	9920,5546	104	99
1416	49,42	8616,11983	14,11	9920,5546	407	99
1417	123,132	8616,11983	40,25	9920,5546	939	99
1418	151,159	8616,11983	52,25	9920,5546	1334	99
1419	49,42	21,21	14,11	12,6	402	99
1420	123,132	21,21	40,25	12,6	934	99
1421	151,159	21,21	52,25	12,6	1329	99
1424	29,27	1,0	12,0	0,0	494	99
1425	70,89	8721,12291	76,43	10237,5063	103	99
1426	70,89	1,3	76,43	0,3	103	99
1427	33,44	6,13	17,15	4,2	133	99
1428	29,48	3481,5382	50,17	4644,1621	103	99
1429	421,548	0,0	282,153	1,0	330	99
1435	5,3	0,9	1,1	2,0	123	99
1436	0,0	3,8	2,1	2,1	126	99
1437	18,21	71,94	19,7	39,22	117	99
1438	37,40	0,1	42,20	1,0	103	99
1439	15,19	127,148	8,2	72,33	304	99
1441	3,1	3,0	2,1	0,1	112	99
1442	8,1	0,0	7,2	2,1	153	99
1443	11,10	52,98	14,1	71,42	119	99
1444	1741,2195	9,3	2248,929	12,3	105	99
1445	10,6	1098,1423	15,15	1396,582	427	99
1446	1,1	151,161	3,1	170,78	111	99
1447	27,28	66,61	38,13	99,38	129	99
1448	823,942	1,0	1099,573	0,0	1104	99
1449	267,339	5,2	233,98	4,4	136	99
1450	196,263	111,173	172,110	111,58	240	99
1451	22,8	135,98	4,3	131,31	378	99
1452	3,18	0,3	12,4	8,1	141	99
1453	157,231	3,16	117,60	1,2	279	99
1454	6,2	68,79	1,2	48,20	390	99
1455	82,126	0,2	53,48	0,0	629	99
1456	24,71	0,2	28,19	6,0	136	99
1457	20,53	0,2	37,19	6,0	157	99
1458	7,14	11,32	14,9	5,9	120	99
1460	2,8	268,342	16,10	254,123	105	99
1461	2,0	44,41	4,2	17,15	264	99
1462	39,58	15,15	52,24	4,1	113	99
1463	5,7	78,146	3,0	94,48	103	99
1464	7,13	1,5	18,4	1,0	207	99
1466	18,12	18,24	50,30	55,27	466	99
1467	7,4	165,284	6,3	210,95	361	99
1469	65,172	0,1	54,28	0,1	243	99
1470	40,65	1536,2386	35,16	2116,1026	103	99
1471	2,4	1,2	1,0	0,0	235	99
1472	20,44	1,2	14,8	0,0	320	99
1473	20,41	2,1	13,8	0,0	184	99
1474	9,19	1798,2507	29,7	2351,1136	258	99
1476	156,223	0,1	182,107	0,0	333	99
1478	26,18	45,92	26,14	47,30	589	99
1479	1,2	122,156	3,0	133,46	103	99
1480	67,83	0,0	79,26	7,4	121	99
1481	59,116	1244,1701	61,26	1337,603	285	99
1482	183,202	5,4	102,81	0,2	171	99
1483	0,0	9,20	3,0	15,13	108	99
1484	1,0	137,242	0,1	176,72	249	99
1485	101,98	9,11	114,34	7,1	112	99
1487	162,229	0,0	105,69	1,0	123	99
1488	10,6	45,80	21,7	27,15	135	99
1489	6,4	457,641	7,5	588,274	284	99
1490	7,1	426,658	0,2	540,286	437	99
1491	5,2	314,319	7,6	258,120	156	99
1492	1,4	15,23	3,3	5,0	139	99
1493	14,14	1,0	9,6	1,0	114	99
1494	130,167	27,28	112,56	25,12	114	99
1495	5,8	4,3	6,1	3,1	121	99
1496	54,66	110,137	44,30	122,47	1073	99
1497	0,6	45,45	1,1	78,18	123	99
1499	6,3	122,244	1,3	117,52	310	99
1500	81,114	296,410	65,48	405,155	746	99
1501	81,120	296,410	67,50	405,155	764	99
1502	4,8	4,2	7,2	5,0	117	99
1504	18,22	0,2	15,6	2,0	122	99
1505	1,3	26,56	0,2	31,8	255	99
1507	5,15	104,118	36,26	77,30	284	99
1508	7,3	35,34	1,1	52,24	103	99
1509	131,134	2,2	235,116	7,5	104	99
1511	1,1	4,3	4,4	3,3	296	99
1512	1,1	13,17	2,1	9,0	169	99
1513	5,9	29,60	8,6	32,8	124	99
1514	5,3	87,120	1,0	60,52	239	99
1515	4,4	4,8	15,7	2,1	146	99
1516	10,1	4,8	11,6	2,1	175	99
1517	6,0	0,3	0,2	4,3	128	99
1518	3,18	30,27	2,4	20,20	328	99
1519	0,2	49,85	0,4	65,37	238	99
1520	46,73	7,9	87,54	1,0	104	99
1521	22,22	82,88	11,10	70,30	283	99
1522	62,73	49,65	66,23	52,27	111	99
1524	5,3	9,10	2,0	7,4	261	99
1526	25,38	85,117	9,10	124,72	171	99
1527	109,200	4,2	192,103	1,1	463	99
1528	5,9	115,219	2,1	111,50	290	99
1529	3,8	137,257	4,3	131,71	329	99
1530	516,664	97,186	702,282	141,54	203	99
1531	597,911	16,34	763,267	29,12	102	99
1532	254,390	525,667	289,103	752,245	102	99
1533	1524,2011	0,1	1493,669	0,0	1268	99
1534	9,9	53,45	8,2	50,17	249	99
1535	15,31	79,158	9,6	107,39	228	99
1536	1,3	60,144	0,0	97,36	107	99
1537	0,0	4,0	0,2	3,4	111	99
1538	4,2	97,110	4,1	115,39	104	99
1539	1,5	1,5	1,0	1,2	209	99
1541	1,2	1,5	1,0	1,2	155	99
1542	67,84	110,132	110,61	78,21	114	99
1544	0,4	4,1	0,1	2,4	120	99
1545	2,2	1,0	0,0	4,7	110	99
1546	15,16	75,137	8,4	68,25	313	99
1547	14,14	75,137	12,11	68,25	302	99
1549	16,17	64,55	17,14	87,33	257	99
1550	15,11	6,2	8,0	3,1	183	99
1553	263,310	1457,2163	309,234	2281,1172	738	99
1554	1,1	50,62	0,1	63,17	162	99
1555	3,2	35,50	0,3	25,12	245	99
1556	76,92	0,1	46,20	0,0	404	99
1557	82,96	59,89	76,30	50,43	360	99
1558	1,2	29,44	6,1	34,19	267	99
1559	0,0	29,44	4,1	34,19	271	99
1562	10,17	101,118	10,6	71,45	117	99
1563	43,82	5,8	87,24	2,1	539	99
1564	2,4	29,34	5,0	44,19	258	99
1565	7,3	0,3	4,2	0,1	382	99
1566	15,21	99,90	6,5	92,37	208	99
1567	4,5	0,0	11,4	1,0	174	99
1568	59,78	48,49	67,33	56,23	164	99
1569	73,85	0,0	88,39	1,0	132	99
1570	84,114	0,0	99,49	1,0	197	99
1571	37,59	2,2	52,28	0,0	162	99
1572	1,8	73,93	9,9	57,41	347	99
1573	41,56	27,43	17,6	30,19	103	99
1574	8,12	1,0	3,0	3,0	217	99
1575	3,1	147,172	3,1	184,113	117	99
1576	3,2	86,159	3,2	126,66	159	99
1577	65,92	1,1	52,57	6,2	219	99
1578	362,406	7,19	533,229	7,2	385	99
1582	8,1	0,1	11,0	0,0	243	99
1584	11,21	6,7	14,9	6,4	102	99
1585	7,13	171,239	2,6	205,89	238	99
1586	6,24	3,0	9,4	1,0	105	99
1587	16,3	24,14	4,7	8,2	234	99
1588	17,6	11,7	6,7	13,7	265	99
1589	25,17	11,7	10,2	13,7	130	99
1590	10,10	80,145	9,6	140,80	102	99
1591	2,1	2,1	0,0	2,0	103	99
1592	1,4	1,0	0,0	3,3	103	99
1595	40,66	83,110	53,21	78,42	194	99
1596	203,232	83,110	158,94	78,42	487	99
1597	193,224	30,58	151,92	46,19	392	99
1598	3,2	132,207	3,2	124,59	144	99
1599	2,1	13,30	12,7	29,6	131	99
1600	73,114	8,9	61,36	15,6	123	99
1603	41,60	1,0	52,18	0,1	141	99
1604	1,0	29,25	0,0	28,8	171	99
1606	339,456	0,1	378,173	0,0	108	99
1607	6,6	3139,5464	4,0	4315,1823	103	99
1608	54,95	49,75	34,29	18,13	228	99
1609	110,183	36,49	170,71	7,4	168	99
1611	5,8	274,258	8,6	212,95	373	99
1612	1454,1794	1,3	664,273	0,1	171	99
1613	7,7	499,592	5,1	547,206	104	99
1616	98,147	2,3	172,55	2,1	102	99
1617	4,0	39,57	1,1	48,21	103	99
1618	3,3	50,45	0,2	24,9	255	99
1620	24,20	0,1	18,6	5,0	224	99
1621	54,92	10,10	66,40	6,1	459	99
1622	30,45	1,0	36,29	2,2	256	99
1623	6,3	64,70	3,1	50,17	412	99
1626	0,1	203,314	2,0	200,84	287	99
1627	174,220	193,214	172,83	205,88	858	99
1628	15,7	23,32	4,1	31,17	120	99
1629	58,75	847,1445	41,29	737,467	292	99
1630	24,20	118,217	27,13	129,79	381	99
1631	496,714	5,0	589,258	2,0	673	99
1632	56,84	3,7	96,34	0,0	120	99
1633	1,2	714,1028	0,0	777,320	103	99
1634	12,23	4,9	16,5	0,0	112	99
1635	12,8	1281,1821	14,4	1297,561	103	99
1636	9,9	88,131	6,4	99,39	360	99
1637	1,1	0,1	2,0	0,3	153	99
1638	20,39	0,1	15,6	0,3	451	99
1639	20,39	1,1	14,6	1,0	397	99
1640	95,152	0,2	102,33	0,1	248	99
1641	19,16	455,590	19,6	484,197	159	99
1642	13,18	25,51	8,1	34,14	460	99
1643	2,5	78,122	5,4	123,42	193	99
1644	174,184	18,12	181,77	9,1	655	99
1645	14,17	6,0	10,2	1,5	256	99
1647	0,2	0,1	1,0	0,0	104	99
1648	3,10	9,14	2,2	19,8	104	99
1649	4,3	13,11	4,2	11,7	131	99
1650	143,203	0,1	171,93	0,3	228	99
1651	60,94	7,13	45,27	3,1	295	99
1653	2,5	0,16	4,2	8,14	103	99
1654	16,19	5,5	6,0	10,0	115	99
1655	14,14	9,11	8,17	4,7	459	99
1656	1,6	9,11	7,3	4,7	143	99
1657	17,19	793,890	58,30	1259,343	485	99
1658	53,85	61,68	42,28	125,59	103	99
1659	3,11	67,61	0,6	72,15	257	99
1660	1,0	45,54	0,0	59,19	103	99
1661	207,328	3,7	230,139	27,18	101	99
1662	0,1	2,0	1,0	0,0	104	99
1663	434,608	3,12	683,260	14,5	200	99
1664	28,22	13,11	9,4	21,6	134	99
1665	0,2	58,95	1,0	38,27	108	99
1666	6,4	2,2	14,6	11,3	136	99
1667	13,7	20,29	7,4	19,16	192	99
1671	9,1	33,42	1,0	31,16	548	99
1672	28,34	17,30	10,19	17,8	271	99
1673	59,76	535,553	32,7	379,129	121	99
1674	65,71	78,107	54,38	72,35	362	99
1675	221,307	4,9	251,125	1,3	781	99
1676	27,34	152,197	19,13	117,50	1434	99
1677	134,148	1,0	143,59	0,0	123	99
1678	10,4	27,37	6,4	31,20	174	99
1679	27,32	178,184	7,3	199,60	126	99
1680	14,19	143,214	8,3	201,144	161	99
1681	8,31	7,9	12,11	0,0	114	99
1682	1,1	0,2	8,2	0,0	114	99
1683	1,0	51,76	2,0	65,30	120	99
1687	429,679	19,31	422,274	8,6	2238	99
1688	16,27	2,4	16,5	4,1	299	99
1689	51,74	0,1	80,63	2,0	332	99
1690	69,84	1,0	92,35	0,0	211	99
1691	206,217	5,1	149,69	0,1	197	99
1693	18,14	34,53	36,13	41,12	183	99
1694	115,162	1,2	119,64	0,0	241	99
1695	8,6	82,104	4,1	79,41	168	99
1697	70,112	14,11	84,53	0,2	105	99
1698	212,247	0,0	264,136	2,0	102	99
1699	77,91	67,90	62,29	93,53	134	99
1700	5,6	2,7	2,1	7,4	104	99
1701	1,1	9,15	3,0	9,4	104	99
1703	1,2	275,382	10,3	319,153	102	99
1704	3,1	55,75	0,0	26,29	105	99
1705	108,108	243,409	54,47	262,146	238	99
1706	15,18	33,23	33,11	18,12	208	99
1707	5,16	37,84	12,9	66,22	403	99
1709	8,6	248,405	3,4	276,157	287	99
1710	26,40	0,1	41,18	0,0	116	99
1711	49,43	9,2	42,14	1,1	102	99
1715	3,8	117,150	2,2	48,61	120	99
1716	16,15	428,436	37,16	387,155	123	99
1718	23,26	0,1	22,4	0,0	346	99
1719	20,29	0,1	21,1	1,0	353	99
1723	126,129	3,5	172,79	1,0	231	99
1724	1,2	46,79	0,0	45,40	153	99
1725	200,265	54,79	19,6	234,112	105	99
1727	0,1	84,69	1,0	50,29	171	99
1728	156,194	0,0	128,65	0,2	279	99
1732	1,2	17,16	1,4	7,5	318	99
1734	3,1	22,42	3,6	47,33	111	99
1735	250,367	2,8	410,177	3,2	111	99
1736	0,3	22,28	0,0	26,13	133	99
1737	485,686	0,4	450,157	3,0	253	99
1738	2,8	84,81	8,0	86,29	315	99
1741	10,9	74,109	6,1	42,45	172	99
1742	158,267	451,496	132,87	437,203	554	99
1743	31,34	21,23	37,18	17,5	111	99
1744	7,2	10,3	1,0	1,0	103	99
1745	7,4	7,7	2,0	8,5	101	99
1748	8,21	93,134	9,4	88,52	110	99
1749	4,3	30,56	2,6	25,23	123	99
1750	58,72	0,0	79,57	3,2	246	99
1751	11,12	53,69	4,5	73,49	270	99
1752	326,406	15,22	295,134	21,3	394	99
1753	706,1031	81,101	1123,542	27,11	178	99
1754	52,48	127,162	54,23	145,67	1152	99
1756	1655,2535	1,0	1378,750	0,0	908	99
1757	2,8	0,9	2,2	1,0	426	99
1758	9,9	2174,2685	22,4	3539,1361	102	99
1759	0,2	0,0	0,2	1,0	128	99
1760	0,1	0,0	26,3	0,1	454	99
1761	176,245	5,8	139,83	5,3	132	99
1762	60,81	21,26	41,37	10,11	209	99
1763	52,59	85,122	9,7	119,53	105	99
1764	66,59	12,21	40,19	15,10	632	99
1765	16,5	36,62	15,8	24,14	822	99
1766	29,32	75,107	22,34	75,37	161	99
1767	6,11	167,168	13,4	225,103	263	99
1769	73,96	7,12	56,45	9,1	187	99
1770	6,8	40,80	2,0	39,35	257	99
1771	51,60	107,187	50,17	102,41	111	99
1772	2371,2815	0,3	3621,1690	0,3	102	99
1773	29,35	7,3	36,23	2,1	263	99
1774	3,4	34,49	2,3	30,23	154	99
1775	0,1	1,1	3,0	4,1	309	99
1776	16,25	23,64	33,22	128,77	346	99
1777	14,7	1,2	58,20	2,1	436	99
1778	11,9	26,20	33,6	77,29	156	99
1779	11,18	461,661	26,4	473,272	401	99
1781	84,107	1,2	27,48	3,5	625	99
1782	0,2	4,9	0,0	3,3	277	99
1783	43,53	0,1	41,14	2,0	167	99
1786	32,32	25,25	16,10	41,18	126	99
1789	33,43	285,436	33,12	352,171	553	99
1791	1,3	6,5	3,3	2,0	116	99
1792	14,25	371,555	21,10	343,120	346	99
1793	19,27	371,555	20,7	343,120	329	99
1795	28,22	40,65	26,16	50,20	199	99
1797	8,6	12,12	3,1	3,0	197	99
1798	191,271	9,3	282,120	8,1	105	99
1804	18,38	0,0	20,3	0,2	460	99
1805	21,36	2,0	24,3	0,0	217	99
1806	11,26	6,8	6,3	18,15	127	99
1808	13,13	2,0	15,5	0,0	591	99
1809	26,65	25,32	40,15	45,20	591	99
1810	1,3	0,1	4,1	0,0	150	99
1811	1232,1786	365,790	1805,826	354,177	530	99
1812	582,416	1,0	348,105	0,1	120	99
1813	272,165	1,1	111,48	0,0	120	99
1814	272,158	0,1	126,47	4,0	120	99
1815	229,130	2,3	93,38	2,0	120	99
1816	263,166	2,3	104,45	2,0	141	99
1817	244,144	2,3	103,41	2,0	183	99
1818	38,36	4,0	11,7	0,0	120	99
1819	19,14	4,0	10,3	0,0	162	99
1820	6,6	24,23	9,0	8,4	141	99
1821	262,171	0,0	109,47	1,0	141	99
1822	243,143	0,0	97,41	1,0	183	99
1823	5,5	23,28	3,0	13,6	141	99
1824	0,1	1,5	3,1	1,0	118	99
1826	290,333	4,7	252,181	5,2	1628	99
1831	1,1	157,190	0,0	153,79	177	99
1833	25,35	149,132	46,27	131,44	110	99
1835	70,96	81,99	30,23	26,22	126	99
1836	1,0	5,14	4,1	6,0	261	99
1838	1,0	16,18	0,0	12,3	117	99
1840	1,0	180,223	0,0	244,106	105	99
1841	3,3	78,95	3,0	85,41	101	99
1843	14,25	40,66	11,6	140,47	110	99
1844	2,1	11,13	3,0	11,5	103	99
1845	32,30	12,15	16,10	10,4	103	99
1846	14,23	59,98	27,13	57,32	111	99
1847	2,11	59,98	3,0	57,32	123	99
1849	23,26	54,27	31,14	55,27	136	99
1850	101,131	2,2	73,35	2,6	110	99
