IncLevel1	IncLevel2	IncLevelDifference
1.0,0.959,1.0	0.98,0.964,1.0	0.005
1.0,1.0,1.0	0.994,0.997,1.0	0.003
0.0,0.0,0.006	0.0,0.006,0.0	0.0
0.729,0.741,0.729	0.892,0.53,0.834	-0.019
1.0,1.0,0.995	1.0,1.0,1.0	-0.002
0.0,0.036,0.0	0.0,0.0,0.0	0.012
0.03,0.008,0.0	0.043,0.046,0.026	-0.026
0.0,NA,0.253	1.0,0.311,1.0	-0.644
0.449,0.352,0.303	0.641,0.738,0.594	-0.29
0.381,0.606,1.0	0.26,0.17,0.526	0.344
0.0,0.12,0.12	0.093,0.0,0.036	0.037
0.0,0.213,0.0	0.168,0.0,0.0	0.015
0.926,1.0,0.97	0.969,1.0,1.0	-0.024
0.012,0.02,0.021	0.016,0.021,0.006	0.003
0.932,0.939,0.884	0.736,0.735,0.695	0.196
0.654,0.558,0.296	0.315,0.345,0.387	0.154
0.048,0.031,0.027	0.082,0.133,0.071	-0.06
0.932,0.902,1.0	1.0,1.0,1.0	-0.055
0.949,0.789,0.961	0.932,0.76,0.94	0.022
1.0,0.998,1.0	1.0,0.999,1.0	-0.0
0.008,0.007,0.057	0.035,0.007,0.018	0.004
1.0,0.972,0.989	0.98,1.0,1.0	-0.006
0.958,1.0,0.993	0.997,1.0,0.997	-0.014
0.198,0.077,0.201	0.041,0.078,0.069	0.096
0.019,0.049,0.016	0.016,0.013,0.009	0.015
0.057,0.061,0.062	0.155,0.111,0.163	-0.083
0.009,0.052,0.038	0.039,0.036,0.048	-0.008
0.017,0.013,0.015	0.021,0.0,0.005	0.006
0.065,0.074,0.05	0.031,0.105,0.066	-0.004
0.715,0.804,0.745	0.911,0.826,0.866	-0.113
0.092,0.046,0.072	0.092,0.054,0.072	-0.003
0.924,0.831,0.723	0.911,0.945,0.956	-0.111
0.975,0.962,0.926	0.922,0.983,0.947	0.004
0.992,0.995,1.0	1.0,1.0,1.0	-0.004
0.0,0.093,0.015	0.03,0.024,0.093	-0.013
0.012,0.024,0.031	0.022,0.021,0.03	-0.002
0.084,0.094,0.228	0.168,0.119,0.116	0.001
0.017,0.013,0.02	0.033,0.037,0.051	-0.024
1.0,0.687,0.837	0.377,0.515,1.0	0.211
1.0,1.0,1.0	1.0,1.0,0.971	0.01
1.0,1.0,1.0	1.0,0.952,0.979	0.023
0.978,0.987,1.0	0.978,1.0,0.974	0.004
0.23,0.117,0.149	0.185,0.111,0.223	-0.008
0.808,0.868,0.83	0.766,0.836,0.779	0.042
0.016,0.005,0.013	0.009,0.0,0.003	0.007
1.0,1.0,1.0	0.986,1.0,1.0	0.005
0.0,0.032,0.0	0.0,0.0,0.028	0.001
0.204,0.256,0.055	0.046,0.099,0.099	0.09
0.006,0.011,0.008	0.008,0.01,0.006	0.0
1.0,0.92,0.93	0.607,0.726,0.507	0.337
1.0,1.0,1.0	1.0,0.709,1.0	0.097
0.866,0.442,0.481	0.188,0.447,0.156	0.333
0.87,0.87,1.0	1.0,0.979,1.0	-0.08
0.331,0.219,0.266	0.052,0.055,0.067	0.214
0.0,0.0,0.031	0.0,0.0,0.0	0.01
0.061,0.136,0.116	0.275,0.179,0.129	-0.09
0.561,0.124,0.39	0.289,0.21,0.265	0.104
0.887,0.635,0.157	0.378,0.465,0.649	0.062
1.0,1.0,1.0	0.93,1.0,1.0	0.023
1.0,1.0,0.988	0.989,0.97,1.0	0.01
1.0,1.0,0.989	0.989,0.972,1.0	0.009
0.733,0.756,0.796	0.641,0.68,0.826	0.046
0.028,0.02,0.011	0.032,0.024,0.026	-0.008
0.045,0.049,0.069	0.234,0.263,0.037	-0.124
0.439,0.604,0.603	0.497,0.623,0.699	-0.058
0.252,0.158,0.115	0.101,0.115,0.0	0.103
1.0,1.0,1.0	1.0,1.0,0.992	0.003
NA,1.0,0.0	0.354,0.452,0.622	0.024
0.026,0.021,0.032	0.028,0.031,0.028	-0.003
0.902,0.959,0.976	1.0,1.0,1.0	-0.054
0.012,0.033,0.011	0.015,0.011,0.041	-0.004
0.074,0.086,0.055	0.097,0.105,0.082	-0.023
0.229,0.151,0.171	0.0,0.251,0.245	0.018
0.588,0.263,0.451	0.65,0.74,0.717	-0.268
1.0,0.661,1.0	1.0,1.0,1.0	-0.113
0.994,0.991,0.996	0.98,0.995,1.0	0.002
0.82,1.0,0.955	1.0,1.0,1.0	-0.075
0.0,0.019,0.0	0.0,0.0,0.0	0.006
0.292,0.155,0.103	0.0,0.0,0.0	0.183
0.0,0.0,0.0	0.138,0.055,0.064	-0.086
1.0,1.0,0.934	1.0,1.0,1.0	-0.022
0.188,0.203,0.252	0.182,0.067,0.237	0.052
0.004,0.01,0.008	0.006,0.011,0.008	-0.001
0.85,0.924,0.985	0.925,0.972,0.954	-0.031
1.0,1.0,1.0	0.973,1.0,0.972	0.018
0.955,1.0,0.943	0.992,1.0,0.992	-0.029
0.001,0.001,0.0	0.004,0.003,0.003	-0.003
0.9,0.839,0.9	1.0,0.897,0.977	-0.078
0.112,0.025,0.152	0.15,0.051,0.019	0.023
0.973,0.993,0.984	0.993,0.994,1.0	-0.012
0.395,0.359,0.251	0.14,0.133,0.0	0.244
0.058,0.041,0.075	0.057,0.066,0.021	0.01
1.0,1.0,1.0	0.971,0.985,0.973	0.024
0.012,0.008,0.007	0.013,0.012,0.013	-0.004
0.141,0.105,0.067	0.371,0.321,0.265	-0.215
0.0,0.0,0.008	0.006,0.034,0.007	-0.013
0.0,0.0,0.003	0.005,0.0,0.011	-0.004
0.002,0.004,0.003	0.001,0.0,0.0	0.003
0.938,0.761,0.893	1.0,0.899,0.979	-0.095
0.669,0.485,0.347	0.538,0.748,0.517	-0.101
0.997,0.998,0.99	0.993,0.985,0.988	0.006
1.0,1.0,1.0	0.897,0.897,0.955	0.084
0.065,0.096,0.115	0.097,0.231,0.249	-0.1
0.62,0.887,0.913	0.873,1.0,0.968	-0.14
0.063,0.063,0.048	0.03,0.035,0.019	0.03
1.0,1.0,1.0	1.0,0.948,0.921	0.044
0.008,0.0,0.0	0.0,0.014,0.0	-0.002
0.724,1.0,1.0	1.0,1.0,1.0	-0.092
0.183,0.011,0.087	0.047,0.116,0.035	0.028
0.971,0.984,0.963	0.964,0.991,0.947	0.005
0.0,0.0,0.057	0.0,0.041,0.0	0.005
0.378,0.477,0.327	0.048,0.549,0.503	0.027
1.0,0.988,1.0	1.0,1.0,1.0	-0.004
0.013,0.012,0.013	0.016,0.014,0.012	-0.001
0.41,0.561,0.646	0.222,0.251,0.136	0.336
0.023,0.024,0.04	0.0,0.053,0.059	-0.008
0.198,0.079,0.27	0.189,0.115,0.061	0.061
0.075,0.12,0.112	0.016,0.004,0.023	0.088
0.0,0.003,0.002	0.001,0.0,0.0	0.001
0.0,0.0,0.098	0.027,0.049,0.047	-0.008
0.588,0.182,0.426	0.69,0.784,0.527	-0.268
0.033,0.01,0.016	0.014,0.012,0.018	0.005
0.016,0.006,0.006	0.005,0.002,0.006	0.005
0.007,0.015,0.015	0.008,0.019,0.0	0.003
0.167,0.118,0.0	0.043,0.059,0.043	0.047
1.0,0.617,1.0	1.0,0.763,1.0	-0.049
1.0,0.633,0.589	0.301,0.463,0.0	0.486
0.006,0.002,0.014	0.005,0.009,0.013	-0.002
0.341,0.412,0.341	0.672,0.948,0.564	-0.363
0.527,0.592,0.736	0.756,0.575,0.678	-0.051
0.551,1.0,0.786	0.786,0.315,0.29	0.315
0.004,0.003,0.003	0.005,0.003,0.002	0.0
0.003,0.0,0.001	0.001,0.005,0.003	-0.002
0.807,0.44,0.65	0.364,1.0,0.795	-0.087
0.0,0.757,1.0	1.0,0.438,0.609	-0.097
0.621,0.932,0.865	0.783,0.731,0.636	0.089
1.0,NA,1.0	0.574,NA,0.0	0.713
0.719,0.42,0.573	0.486,0.561,0.434	0.077
1.0,0.959,0.93	1.0,1.0,1.0	-0.037
0.872,0.712,0.637	0.925,0.977,0.847	-0.176
0.971,1.0,0.876	0.801,0.93,0.888	0.076
0.978,1.0,0.985	0.988,1.0,0.986	-0.004
1.0,0.128,0.469	1.0,0.855,1.0	-0.419
0.134,0.0,0.0	0.0,0.0,0.134	0.0
0.0,0.279,0.139	0.427,0.421,0.537	-0.322
0.294,0.3,0.224	0.317,0.329,0.246	-0.025
0.385,0.32,0.264	0.331,0.341,0.243	0.018
1.0,0.917,1.0	0.979,0.982,0.91	0.015
1.0,1.0,0.923	1.0,1.0,1.0	-0.026
0.531,0.492,0.739	0.959,0.913,0.901	-0.337
0.0,0.0,0.0	0.0,0.025,0.0	-0.008
0.994,0.985,0.983	0.987,0.99,0.983	0.001
0.04,0.064,0.022	0.093,0.112,0.105	-0.061
0.108,0.242,0.058	0.206,0.171,0.193	-0.054
0.716,0.709,0.671	0.665,0.58,0.632	0.073
0.297,0.278,0.276	0.501,0.566,0.478	-0.231
0.137,0.101,0.112	0.078,0.129,0.12	0.008
0.006,0.011,0.01	0.007,0.015,0.012	-0.002
0.033,0.032,0.029	0.02,0.013,0.002	0.02
0.251,1.0,1.0	1.0,0.691,0.472	0.029
0.002,0.003,0.006	0.008,0.007,0.004	-0.003
0.91,0.813,0.802	0.913,0.713,0.761	0.046
0.943,0.912,0.883	0.958,0.879,0.877	0.008
0.72,0.886,0.843	0.844,0.943,0.815	-0.051
0.76,0.667,0.714	1.0,0.826,0.926	-0.204
0.594,0.637,0.467	0.395,0.254,0.467	0.194
0.855,0.88,0.958	0.932,0.857,0.852	0.017
0.854,0.876,0.961	0.941,0.881,0.861	0.003
1.0,0.897,0.969	1.0,0.991,1.0	-0.042
NA,1.0,0.312	0.784,1.0,1.0	-0.272
0.356,0.381,0.547	0.374,0.297,0.315	0.099
0.402,0.431,0.386	0.111,0.122,0.184	0.267
1.0,1.0,0.706	0.774,1.0,0.507	0.142
0.0,0.209,0.075	0.0,0.0,0.0	0.095
0.148,0.159,0.134	0.163,0.13,0.212	-0.021
0.408,0.068,0.107	0.0,0.149,0.0	0.145
0.109,0.114,0.166	0.025,0.028,0.041	0.098
0.13,0.08,0.141	0.016,0.019,0.038	0.093
0.947,0.951,0.902	0.953,0.937,0.929	-0.006
0.025,0.012,0.008	0.002,0.001,0.01	0.011
0.661,0.493,0.394	0.0,0.0,0.493	0.352
NA,0.0,NA	0.0,1.0,0.0	-0.333
1.0,1.0,0.988	0.98,0.967,1.0	0.014
0.144,0.0,0.0	0.0,0.0,0.0	0.048
0.495,0.476,0.425	0.613,0.582,0.686	-0.162
1.0,1.0,1.0	0.896,1.0,0.893	0.07
1.0,0.709,1.0	0.493,0.661,1.0	0.185
1.0,0.982,1.0	1.0,1.0,0.97	0.004
0.254,0.476,0.518	0.223,0.383,0.277	0.122
0.08,0.342,0.094	0.313,0.143,0.297	-0.079
0.759,0.703,0.795	0.829,0.848,0.906	-0.109
0.0,1.0,NA	1.0,NA,NA	-0.5
NA,1.0,0.244	1.0,1.0,NA	-0.378
0.068,0.071,0.083	0.192,0.205,0.167	-0.114
0.071,0.073,0.082	0.013,0.02,0.021	0.057
0.019,0.017,0.021	0.026,0.024,0.024	-0.006
0.0,0.0,0.0	0.01,0.0,0.0	-0.003
0.037,0.013,0.026	0.013,0.014,0.017	0.011
0.01,0.018,0.014	0.023,0.014,0.03	-0.008
0.007,0.01,0.008	0.011,0.013,0.015	-0.005
0.321,0.169,0.225	0.035,0.431,0.076	0.058
1.0,1.0,1.0	1.0,1.0,0.96	0.013
0.0,0.001,0.0	0.0,0.0,0.0	0.0
0.016,0.025,0.026	0.019,0.014,0.0	0.011
0.646,0.836,0.905	0.778,0.594,0.532	0.161
0.0,0.088,0.0	0.109,0.252,0.143	-0.139
0.259,0.246,0.296	0.338,0.465,0.433	-0.145
1.0,0.186,0.132	0.762,1.0,1.0	-0.481
0.708,1.0,0.853	1.0,0.813,0.939	-0.064
0.027,0.018,0.01	0.015,0.014,0.012	0.005
0.182,0.154,0.162	0.135,0.12,0.069	0.058
0.044,0.064,0.08	0.038,0.047,0.06	0.014
0.973,1.0,0.965	1.0,0.991,0.979	-0.011
0.069,0.051,0.073	0.093,0.064,0.035	0.0
0.102,0.036,0.086	0.037,0.059,0.033	0.032
0.972,0.995,0.991	1.0,0.995,0.988	-0.008
0.087,0.021,0.026	0.0,0.041,0.11	-0.006
0.125,0.17,0.15	0.233,0.177,0.202	-0.056
1.0,0.0,1.0	1.0,0.794,1.0	-0.265
0.954,0.948,0.921	0.848,0.909,0.9	0.055
0.12,0.085,0.117	0.122,0.098,0.114	-0.004
0.0,0.0,0.051	0.0,0.0,0.029	0.007
1.0,1.0,1.0	0.764,1.0,0.888	0.116
0.037,0.023,0.03	0.021,0.031,0.022	0.005
0.043,0.266,0.449	0.432,0.377,0.297	-0.116
0.906,1.0,1.0	1.0,0.914,1.0	-0.003
0.76,0.587,0.685	1.0,0.823,0.654	-0.148
0.659,0.487,0.687	1.0,0.736,0.46	-0.121
0.221,0.241,0.362	0.169,0.221,0.154	0.093
0.556,0.294,0.52	1.0,0.556,0.357	-0.181
0.165,0.023,0.208	0.096,0.046,0.071	0.061
0.84,0.918,0.945	0.865,1.0,1.0	-0.054
0.302,0.105,0.178	0.028,0.038,0.163	0.119
0.079,0.147,0.094	0.144,0.171,0.191	-0.062
NA,1.0,1.0	0.814,0.854,1.0	0.111
0.0,0.017,0.028	0.016,0.0,0.005	0.008
1.0,1.0,0.914	0.981,1.0,0.931	0.001
NA,NA,0.493	0.327,1.0,0.0	0.051
0.0,0.0,0.0	0.0,0.025,0.0	-0.008
0.049,0.032,0.082	0.005,0.054,0.037	0.022
0.019,0.022,0.063	0.0,0.051,0.03	0.008
0.035,0.014,0.059	0.0,0.048,0.022	0.013
0.005,0.006,0.005	0.012,0.011,0.008	-0.005
1.0,0.995,1.0	1.0,1.0,1.0	-0.002
1.0,0.983,0.962	0.966,0.925,0.927	0.042
0.0,0.004,0.006	0.001,0.01,0.008	-0.003
0.085,0.091,0.069	0.053,0.1,0.073	0.006
0.0,0.0,0.112	0.027,0.029,0.0	0.019
0.037,0.045,0.054	0.029,0.032,0.044	0.01
0.097,0.015,0.095	0.072,0.043,0.06	0.011
1.0,0.937,0.768	0.801,0.81,0.828	0.089
0.023,0.012,0.009	0.009,0.009,0.01	0.005
1.0,0.975,0.994	1.0,0.974,0.979	0.005
0.092,0.079,0.084	0.123,0.116,0.09	-0.025
1.0,1.0,1.0	1.0,0.669,1.0	0.11
0.937,0.976,0.985	0.965,0.983,0.974	-0.008
1.0,0.971,0.977	0.988,0.989,0.939	0.011
0.351,0.268,0.321	0.542,0.493,0.83	-0.308
0.6,0.703,0.523	0.934,0.556,0.575	-0.08
0.007,0.029,0.003	0.02,0.008,0.0	0.004
0.0,0.004,0.014	0.007,0.004,0.0	0.002
0.0,0.132,0.0	0.0,0.0,0.0	0.044
0.0,0.0,0.057	0.0,0.049,0.0	0.003
0.936,0.935,0.942	0.722,0.781,0.717	0.198
0.002,0.001,0.002	0.0,0.001,0.001	0.001
1.0,1.0,1.0	1.0,1.0,0.538	0.154
0.06,0.042,0.06	0.076,0.092,0.095	-0.034
0.042,0.097,0.091	0.122,0.117,0.066	-0.025
0.914,0.943,0.945	0.853,0.926,0.947	0.025
0.593,0.715,1.0	0.777,0.67,0.794	0.022
1.0,1.0,1.0	1.0,0.967,1.0	0.011
0.134,0.194,0.141	0.199,0.164,0.182	-0.025
0.855,0.877,0.88	0.77,0.758,0.838	0.082
0.82,0.795,0.761	0.909,0.932,0.77	-0.078
0.19,0.137,0.125	0.417,0.23,0.212	-0.136
0.227,0.205,0.17	0.325,0.249,0.235	-0.069
NA,0.0,1.0	0.217,0.192,0.425	0.222
0.742,0.861,0.706	0.916,0.887,0.901	-0.132
1.0,NA,1.0	1.0,1.0,0.758	0.081
1.0,1.0,1.0	1.0,0.973,1.0	0.009
0.85,0.881,0.783	0.801,0.831,0.875	0.002
0.368,0.334,0.456	0.393,0.419,0.315	0.01
0.036,0.0,0.055	0.414,0.389,0.457	-0.39
0.0,0.275,0.1	0.151,0.0,0.112	0.037
0.338,0.297,0.314	0.152,0.132,0.177	0.163
0.112,0.128,0.076	0.119,0.083,0.065	0.016
0.991,0.993,1.0	0.997,0.997,0.99	0.0
0.081,0.089,0.092	0.078,0.084,0.069	0.01
0.113,0.106,0.09	0.145,0.1,0.227	-0.054
0.168,0.175,0.316	0.384,0.252,0.357	-0.111
0.0,0.019,0.029	0.0,0.052,0.052	-0.019
1.0,1.0,0.985	1.0,1.0,1.0	-0.005
0.0,NA,0.333	NA,NA,0.333	-0.167
0.128,0.251,0.104	0.166,0.18,0.403	-0.089
0.941,0.974,0.96	1.0,0.937,1.0	-0.021
1.0,1.0,1.0	1.0,1.0,0.961	0.013
0.0,0.0,0.008	0.0,0.009,0.0	-0.0
1.0,1.0,1.0	0.861,0.889,1.0	0.083
0.641,1.0,1.0	0.924,1.0,1.0	-0.094
0.91,0.947,0.968	0.917,0.958,0.912	0.013
0.239,0.696,0.425	0.412,0.471,0.381	0.032
0.0,0.0,0.065	0.15,0.275,0.075	-0.145
1.0,0.203,1.0	1.0,1.0,1.0	-0.266
1.0,1.0,0.997	1.0,1.0,1.0	-0.001
0.995,0.992,0.98	0.993,0.998,1.0	-0.008
0.084,0.039,0.036	0.016,0.084,0.037	0.007
1.0,0.934,1.0	1.0,1.0,1.0	-0.022
0.982,0.941,0.921	0.978,0.977,0.979	-0.03
0.019,0.006,0.011	0.03,0.039,0.015	-0.016
0.001,0.0,0.001	0.001,0.001,0.001	-0.0
1.0,0.951,1.0	0.87,0.784,0.81	0.162
0.766,0.697,0.874	0.719,0.824,0.859	-0.022
1.0,1.0,1.0	0.353,1.0,0.853	0.265
0.046,0.077,0.064	0.042,0.044,0.048	0.018
0.958,0.859,0.938	0.898,0.899,0.92	0.013
0.317,0.251,0.294	0.67,0.656,0.685	-0.383
0.137,0.213,0.144	0.117,0.089,0.07	0.073
NA,0.0,0.0	0.038,0.066,0.039	-0.048
1.0,1.0,1.0	0.987,1.0,1.0	0.004
0.064,0.061,0.04	0.031,0.07,0.058	0.002
0.0,0.0,0.0	0.836,0.806,0.236	-0.626
0.889,0.871,0.89	0.488,0.577,0.545	0.347
0.982,0.946,0.935	0.57,0.562,0.546	0.395
1.0,0.994,1.0	0.978,0.973,0.995	0.016
1.0,1.0,1.0	1.0,1.0,0.919	0.027
0.018,0.008,0.011	0.013,0.007,0.02	-0.001
0.024,0.026,0.031	0.012,0.011,0.004	0.018
0.008,0.006,0.005	0.002,0.002,0.005	0.003
0.84,0.369,0.467	0.906,0.687,1.0	-0.306
0.379,0.321,0.383	0.354,0.373,0.322	0.011
0.0,0.0,0.0	0.072,0.023,0.09	-0.062
0.137,0.138,0.067	0.147,0.184,0.183	-0.057
0.931,0.987,1.0	0.965,0.969,0.939	0.015
0.004,0.003,0.004	0.003,0.002,0.005	0.0
1.0,1.0,1.0	1.0,1.0,0.91	0.03
0.975,0.9,0.954	0.955,1.0,1.0	-0.042
0.097,0.108,0.137	0.164,0.13,0.171	-0.041
0.068,0.047,0.051	0.069,0.062,0.066	-0.01
0.675,0.637,0.619	0.772,0.718,0.748	-0.102
0.007,0.004,0.003	0.005,0.007,0.012	-0.003
0.962,1.0,0.978	1.0,1.0,1.0	-0.02
0.966,0.908,0.842	0.809,0.657,0.666	0.195
1.0,0.649,1.0	0.927,0.893,0.735	0.031
0.021,0.01,0.004	0.006,0.0,0.008	0.007
0.01,0.01,0.002	0.01,0.014,0.012	-0.005
0.999,1.0,1.0	0.993,0.998,0.999	0.003
1.0,1.0,0.91	1.0,1.0,0.895	0.005
1.0,1.0,1.0	1.0,0.979,1.0	0.007
0.633,0.886,0.772	0.871,0.903,0.881	-0.121
0.906,0.947,0.913	0.981,0.976,0.962	-0.051
1.0,1.0,1.0	1.0,0.992,1.0	0.003
0.046,0.045,0.031	0.035,0.035,0.029	0.008
0.005,0.01,0.0	0.01,0.003,0.0	0.001
0.634,0.634,0.627	0.474,0.466,0.457	0.166
0.016,0.01,0.028	0.015,0.017,0.032	-0.003
1.0,0.997,1.0	0.99,0.997,0.997	0.004
0.979,1.0,1.0	1.0,1.0,1.0	-0.007
1.0,1.0,0.987	1.0,1.0,1.0	-0.004
0.043,0.031,0.025	0.026,0.032,0.027	0.005
0.96,1.0,1.0	1.0,1.0,1.0	-0.013
0.001,0.0,0.002	0.001,0.002,0.0	0.0
0.999,0.999,1.0	0.996,1.0,0.996	0.002
1.0,0.515,1.0	1.0,1.0,1.0	-0.162
0.637,0.677,0.515	0.503,0.548,0.407	0.124
0.22,0.214,0.235	0.154,0.146,0.129	0.08
0.008,0.009,0.005	0.006,0.01,0.004	0.001
0.971,1.0,1.0	0.952,1.0,0.975	0.015
0.951,1.0,1.0	0.944,1.0,0.97	0.012
0.316,0.276,0.235	0.402,0.381,0.395	-0.117
0.0,0.0,0.0	0.001,0.0,0.0	-0.0
0.562,0.613,0.476	0.575,0.635,0.641	-0.067
0.985,0.977,0.989	0.989,0.978,0.988	-0.001
0.0,0.0,0.0	0.001,0.0,0.0	-0.0
0.732,0.929,0.747	0.925,0.919,1.0	-0.145
0.816,0.828,0.45	1.0,0.842,1.0	-0.249
0.905,0.972,0.986	0.949,0.983,1.0	-0.023
0.245,0.449,0.428	0.29,0.155,0.164	0.171
1.0,1.0,1.0	0.908,1.0,1.0	0.031
NA,1.0,NA	0.26,0.0,0.19	0.85
0.001,0.002,0.0	0.001,0.0,0.0	0.001
0.05,0.0,0.08	0.032,0.042,0.13	-0.025
0.187,0.247,0.19	0.256,0.263,0.286	-0.06
0.616,0.455,0.848	0.597,0.838,0.667	-0.061
0.588,0.316,0.588	1.0,0.948,0.94	-0.465
0.0,0.096,0.021	0.0,0.01,0.041	0.022
0.682,0.327,0.352	0.367,0.182,0.3	0.171
1.0,1.0,1.0	0.862,1.0,1.0	0.046
1.0,1.0,1.0	0.902,1.0,1.0	0.033
0.831,0.679,0.678	0.455,0.527,0.42	0.262
0.998,0.999,0.999	0.993,0.998,1.0	0.002
0.983,0.98,0.985	0.978,0.97,0.985	0.005
0.999,0.995,0.997	0.998,0.995,0.998	0.0
0.999,0.995,0.997	0.998,0.995,0.998	0.0
1.0,0.995,1.0	0.992,0.973,1.0	0.01
1.0,1.0,0.998	1.0,1.0,1.0	-0.001
1.0,1.0,0.998	1.0,1.0,1.0	-0.001
1.0,1.0,1.0	1.0,0.992,1.0	0.003
0.095,0.054,0.15	0.011,0.027,0.012	0.083
0.187,0.786,0.424	0.098,0.365,0.0	0.311
0.036,0.027,0.017	0.006,0.011,0.024	0.013
0.356,0.342,0.444	0.091,0.081,0.195	0.258
0.979,0.984,0.962	0.958,0.966,0.951	0.017
0.06,0.0,0.0	0.0,0.0,0.046	0.005
0.006,0.042,0.016	0.029,0.079,0.015	-0.02
0.854,1.0,1.0	1.0,1.0,1.0	-0.049
0.0,0.0,0.0	0.0,0.001,0.0	-0.0
0.228,0.17,0.211	0.358,0.642,0.589	-0.327
0.533,0.326,0.547	0.871,0.629,0.772	-0.289
0.982,0.96,0.92	0.986,0.973,0.987	-0.028
0.959,0.983,0.983	1.0,1.0,1.0	-0.025
0.507,0.373,0.67	0.54,0.73,0.617	-0.112
0.346,0.497,0.39	0.563,0.696,0.814	-0.28
0.03,0.032,0.035	0.552,0.613,0.568	-0.545
0.234,0.241,0.276	0.153,0.26,0.15	0.063
0.04,0.054,0.066	0.115,0.057,0.046	-0.019
0.997,0.99,0.995	0.922,0.927,0.938	0.065
0.744,0.0,0.0	0.462,0.279,0.244	-0.08
0.03,0.023,0.0	0.0,0.027,0.016	0.003
0.96,0.982,0.955	0.918,1.0,1.0	-0.007
0.152,0.184,0.232	0.214,0.233,0.171	-0.017
1.0,1.0,0.991	0.986,0.988,1.0	0.006
0.029,0.011,0.043	0.004,0.012,0.0	0.022
0.964,0.985,0.963	0.94,0.927,0.97	0.025
NA,0.513,1.0	1.0,NA,1.0	-0.244
0.014,0.011,0.007	0.007,0.007,0.015	0.001
0.013,0.017,0.004	0.007,0.007,0.002	0.006
1.0,0.992,0.998	0.995,0.995,0.983	0.006
1.0,0.942,1.0	1.0,1.0,1.0	-0.019
0.963,0.921,1.0	1.0,1.0,1.0	-0.039
0.83,1.0,0.907	0.904,1.0,1.0	-0.056
1.0,NA,NA	0.207,NA,1.0	0.396
0.229,0.229,0.123	0.684,0.59,0.515	-0.403
0.871,0.939,0.791	1.0,0.945,0.889	-0.078
0.292,0.293,0.256	0.171,0.027,0.222	0.14
0.861,0.946,0.823	0.833,0.779,0.726	0.097
0.672,0.822,0.606	0.813,0.793,0.697	-0.068
0.058,0.054,0.09	0.461,0.72,0.461	-0.48
0.0,0.0,0.0	0.0,0.0,0.023	-0.008
0.524,0.362,0.414	0.264,0.234,0.285	0.172
0.0,1.0,0.545	1.0,0.473,1.0	-0.309
1.0,1.0,1.0	1.0,0.953,1.0	0.016
0.978,1.0,1.0	1.0,0.981,1.0	-0.001
0.962,1.0,1.0	1.0,0.779,1.0	0.061
0.342,0.325,0.295	0.058,0.086,0.051	0.256
0.247,0.286,0.275	0.865,0.661,0.715	-0.478
0.17,0.291,0.269	0.872,0.68,0.734	-0.519
0.0,0.592,0.326	0.853,0.914,0.819	-0.556
0.197,0.155,0.0	0.137,0.159,0.116	-0.02
0.186,0.127,0.088	0.239,0.185,0.184	-0.069
0.016,0.0,0.027	0.0,0.0,0.0	0.014
NA,NA,1.0	0.0,0.0,NA	1.0
0.787,1.0,1.0	1.0,1.0,1.0	-0.071
0.15,0.084,0.076	0.043,0.052,0.066	0.05
0.025,0.049,0.111	0.0,0.0,0.0	0.062
0.042,0.034,0.067	0.08,0.021,0.102	-0.02
0.38,0.354,0.322	0.195,0.139,0.194	0.176
1.0,1.0,1.0	1.0,0.86,1.0	0.047
0.079,0.016,0.017	0.215,0.107,0.289	-0.166
0.992,1.0,1.0	1.0,1.0,1.0	-0.003
0.937,0.925,0.89	0.889,0.933,0.895	0.012
1.0,0.977,1.0	0.984,0.995,0.991	0.002
0.004,0.028,0.009	0.007,0.0,0.01	0.008
NA,0.0,1.0	0.0,0.189,0.0	0.437
0.05,0.0,0.0	0.214,0.094,0.104	-0.121
0.0,0.0,0.0	0.0,0.001,0.001	-0.001
0.899,0.904,0.925	0.978,0.981,0.982	-0.071
0.0,0.0,0.0	0.0,0.055,0.0	-0.018
0.0,0.554,0.538	0.863,0.516,0.583	-0.29
0.0,0.377,0.238	0.871,1.0,1.0	-0.752
0.145,0.34,0.222	0.67,1.0,1.0	-0.654
0.021,0.011,0.016	0.014,0.023,0.01	0.0
0.039,0.098,0.089	0.109,0.246,0.344	-0.158
0.336,0.653,0.563	0.239,0.186,0.399	0.243
0.153,0.269,0.234	0.0,0.14,0.174	0.114
0.261,0.086,0.119	0.0,0.414,0.191	-0.046
0.0,0.032,0.0	0.005,0.0,0.016	0.004
0.126,0.02,0.01	0.172,0.286,0.289	-0.197
1.0,0.086,0.274	1.0,0.305,1.0	-0.315
0.956,0.937,0.925	0.97,0.947,0.919	-0.006
0.939,0.932,0.943	0.929,0.954,0.98	-0.016
0.82,1.0,0.666	0.872,1.0,1.0	-0.129
0.948,1.0,1.0	0.857,0.847,0.958	0.095
0.016,0.014,0.03	0.0,0.048,0.017	-0.002
0.806,0.799,0.761	0.898,0.9,0.889	-0.107
0.0,0.0,0.0	0.0,0.0,0.009	-0.003
0.071,0.047,0.0	0.0,0.0,0.0	0.039
1.0,1.0,1.0	0.219,0.318,1.0	0.488
0.024,0.019,0.022	0.025,0.024,0.012	0.001
0.067,0.115,0.084	0.072,0.042,0.035	0.039
0.011,0.012,0.006	0.011,0.012,0.008	-0.001
0.0,0.007,0.005	0.003,0.009,0.003	-0.001
0.052,0.127,0.084	0.089,0.038,0.0	0.045
0.773,0.763,0.765	0.939,0.884,1.0	-0.174
1.0,1.0,1.0	1.0,1.0,0.906	0.031
1.0,1.0,0.983	1.0,1.0,0.984	-0.0
0.29,0.372,0.288	0.465,0.412,0.39	-0.106
1.0,1.0,0.993	1.0,0.985,1.0	0.003
1.0,0.957,1.0	1.0,1.0,1.0	-0.014
1.0,1.0,0.973	1.0,1.0,1.0	-0.009
NA,1.0,0.326	0.326,0.592,0.492	0.193
0.157,0.199,0.168	0.247,0.203,0.195	-0.04
0.086,0.235,0.043	0.143,0.064,0.068	0.03
0.018,0.039,0.032	0.01,0.025,0.054	0.0
0.15,0.098,0.513	0.05,0.248,0.413	0.017
0.942,0.843,0.825	0.892,0.887,1.0	-0.056
0.992,0.982,0.979	1.0,1.0,0.961	-0.003
0.063,0.064,0.071	0.095,0.098,0.101	-0.032
0.976,1.0,0.992	0.988,1.0,1.0	-0.007
0.037,0.018,0.037	0.028,0.04,0.058	-0.011
0.232,0.167,0.265	0.322,0.197,0.25	-0.035
0.202,0.147,0.215	0.262,0.197,0.228	-0.041
0.283,0.345,0.0	0.136,0.612,0.396	-0.172
0.037,0.031,0.052	0.166,0.036,0.155	-0.079
1.0,0.892,1.0	0.914,1.0,1.0	-0.007
0.906,0.901,0.86	0.98,0.899,1.0	-0.071
0.601,0.841,0.915	0.864,0.862,0.676	-0.015
0.83,0.307,0.565	0.814,0.773,0.728	-0.204
0.5,0.392,0.412	0.143,0.26,0.205	0.232
0.856,0.875,0.685	0.963,0.801,1.0	-0.116
0.86,0.894,0.716	0.975,0.848,1.0	-0.118
0.885,1.0,0.842	1.0,1.0,1.0	-0.091
0.022,0.009,0.0	0.006,0.021,0.017	-0.004
0.22,0.254,0.231	0.129,0.162,0.145	0.09
0.0,0.006,0.005	0.053,0.03,0.024	-0.032
0.242,0.081,0.255	1.0,0.848,0.614	-0.628
0.705,0.137,0.389	0.582,1.0,1.0	-0.45
0.0,0.012,0.015	0.016,0.02,0.0	-0.003
0.692,0.724,0.672	0.681,0.693,0.746	-0.011
0.969,0.99,0.956	0.978,0.942,0.947	0.016
0.614,0.457,0.668	0.523,0.536,0.553	0.042
1.0,1.0,1.0	1.0,1.0,0.998	0.001
1.0,1.0,1.0	0.983,0.991,1.0	0.009
0.962,0.765,0.761	0.811,0.949,0.778	-0.017
0.011,0.049,0.041	0.045,0.03,0.026	0.0
0.0,0.0,0.0	0.0,0.0,0.042	-0.014
0.0,0.016,0.027	0.004,0.004,0.005	0.01
0.0,0.0,0.0	0.155,0.03,0.0	-0.062
1.0,0.851,0.782	0.715,0.349,0.834	0.245
0.003,0.002,0.001	0.001,0.002,0.002	0.0
0.595,1.0,1.0	1.0,0.802,1.0	-0.069
0.916,0.917,0.926	0.868,0.869,0.897	0.042
0.419,0.465,0.401	0.622,0.676,0.643	-0.219
0.028,0.0,0.043	0.034,0.0,0.0	0.012
0.056,0.0,0.0	0.021,0.0,0.03	0.002
0.557,0.423,0.479	0.77,0.746,0.582	-0.213
0.445,0.375,0.445	0.746,0.762,0.555	-0.266
0.298,1.0,0.68	0.426,0.718,0.68	0.051
1.0,0.846,1.0	0.91,0.646,0.846	0.148
0.153,0.065,0.124	0.184,0.249,0.41	-0.167
0.081,0.0,0.075	0.0,0.013,0.012	0.044
0.622,0.679,0.739	0.258,0.282,0.299	0.4
0.0,0.01,0.039	0.032,0.006,0.011	0.0
0.133,0.126,0.137	0.016,0.051,0.007	0.107
0.958,0.842,0.944	0.814,0.794,0.834	0.101
0.029,0.009,0.024	0.047,0.037,0.021	-0.014
1.0,1.0,1.0	1.0,0.998,1.0	0.001
0.981,1.0,1.0	1.0,1.0,1.0	-0.006
0.882,0.917,0.908	0.84,0.768,0.746	0.118
0.0,1.0,1.0	1.0,0.856,0.0	0.048
NA,1.0,0.0	1.0,1.0,0.169	-0.223
1.0,0.639,0.737	1.0,1.0,0.702	-0.109
1.0,0.587,0.925	0.27,0.321,0.571	0.45
0.18,0.097,0.199	0.199,0.143,0.125	0.003
0.0,0.0,0.0	0.0,0.001,0.0	-0.0
1.0,1.0,1.0	1.0,1.0,1.0	0.0
0.0,0.0,0.0	0.001,0.0,0.0	-0.0
NA,0.0,1.0	NA,NA,0.0	0.5
0.095,0.262,0.039	0.127,0.247,0.057	-0.012
0.657,0.721,0.71	0.651,0.589,0.715	0.044
1.0,1.0,1.0	1.0,1.0,1.0	0.0
1.0,0.944,1.0	1.0,1.0,1.0	-0.019
0.0,0.0,0.001	0.003,0.0,0.0	-0.001
0.127,0.265,0.138	0.137,0.061,0.078	0.085
1.0,1.0,1.0	1.0,1.0,0.955	0.015
0.017,0.065,0.051	0.019,0.015,0.046	0.018
0.662,0.688,0.774	0.179,0.14,0.0	0.602
0.0,1.0,1.0	0.0,0.0,0.567	0.478
0.763,0.617,0.592	0.866,0.664,0.639	-0.066
1.0,1.0,0.988	1.0,1.0,1.0	-0.004
0.822,0.804,0.834	0.832,0.91,0.837	-0.04
0.012,0.007,0.013	0.002,0.0,0.003	0.009
0.0,0.045,0.003	0.0,0.0,0.007	0.014
1.0,1.0,0.861	1.0,1.0,1.0	-0.046
0.375,0.227,0.355	0.486,0.595,0.232	-0.119
1.0,1.0,1.0	0.854,0.901,0.942	0.101
1.0,1.0,0.968	0.934,0.943,0.942	0.05
0.682,0.645,0.691	0.499,0.527,0.547	0.148
0.0,0.0,0.004	0.0,0.0,0.0	0.001
1.0,1.0,1.0	0.847,1.0,1.0	0.051
1.0,0.557,0.324	1.0,NA,NA	-0.373
0.039,0.01,0.016	0.019,0.02,0.026	0.0
0.008,0.01,0.012	0.006,0.007,0.006	0.004
0.006,0.007,0.005	0.016,0.026,0.005	-0.01
1.0,0.93,1.0	0.96,0.988,0.972	0.003
1.0,1.0,1.0	1.0,1.0,0.899	0.034
0.116,0.165,0.057	0.375,0.466,0.24	-0.248
0.145,0.087,0.076	0.124,0.276,0.235	-0.109
0.592,0.217,1.0	0.0,0.13,0.492	0.396
0.0,0.0,0.0	0.108,0.059,0.15	-0.106
1.0,0.75,0.809	0.745,1.0,1.0	-0.062
0.109,0.142,0.093	0.014,0.0,0.0	0.11
0.078,0.068,0.08	0.053,0.053,0.086	0.011
0.936,0.921,0.935	0.968,1.0,1.0	-0.059
0.002,0.001,0.0	0.001,0.003,0.0	-0.0
0.012,0.008,0.005	0.008,0.011,0.002	0.001
0.294,0.148,0.439	0.378,0.271,0.79	-0.186
0.027,0.045,0.027	0.03,0.039,0.044	-0.005
0.466,0.454,0.451	0.384,0.578,0.557	-0.049
0.025,0.047,0.056	0.059,0.038,0.083	-0.017
0.998,0.998,0.998	0.994,0.996,0.996	0.003
0.535,0.549,0.543	0.816,0.812,0.8	-0.267
0.743,0.964,0.822	0.856,0.771,0.913	-0.004
0.485,0.485,0.79	1.0,1.0,1.0	-0.413
0.516,0.572,0.458	0.978,0.989,0.933	-0.451
0.563,0.721,0.897	0.871,0.492,1.0	-0.061
1.0,0.992,0.97	0.961,0.97,0.985	0.015
0.095,0.163,0.089	0.034,0.223,0.106	-0.005
0.076,0.071,0.041	0.006,0.039,0.069	0.025
1.0,1.0,1.0	1.0,0.975,1.0	0.008
0.0,0.0,0.0	0.023,0.0,0.0	-0.008
0.693,0.172,0.436	1.0,0.537,0.659	-0.298
0.0,0.0,0.013	0.0,0.0,0.0	0.004
0.953,0.962,0.956	0.978,1.0,0.967	-0.025
0.209,0.081,0.0	0.0,0.165,0.109	0.005
0.063,0.131,0.12	0.122,0.187,0.134	-0.043
NA,0.0,0.0	0.265,0.0,0.243	-0.169
0.323,0.392,0.285	0.359,0.42,0.263	-0.014
0.189,0.294,0.209	0.014,0.1,0.189	0.13
0.856,0.914,0.93	1.0,1.0,1.0	-0.1
0.021,0.003,0.011	0.006,0.0,0.0	0.01
0.048,0.0,0.055	0.0,0.194,0.095	-0.062
0.0,0.0,0.168	0.0,NA,NA	0.056
1.0,1.0,1.0	0.963,1.0,1.0	0.012
0.003,0.016,0.0	0.0,0.0,0.0	0.006
0.219,0.193,0.154	0.495,0.437,0.546	-0.304
0.096,0.11,0.116	0.244,0.321,0.353	-0.199
0.674,0.629,0.651	0.764,0.703,0.721	-0.078
0.872,1.0,1.0	1.0,1.0,1.0	-0.043
0.887,1.0,1.0	1.0,1.0,1.0	-0.038
0.542,0.496,0.51	0.704,0.591,0.657	-0.135
0.369,0.548,0.591	0.778,0.724,0.83	-0.275
1.0,1.0,0.872	0.89,0.976,1.0	0.002
0.251,0.287,0.33	0.577,0.558,0.519	-0.262
0.067,0.088,0.093	0.087,0.08,0.072	0.003
0.451,0.411,0.461	0.617,0.684,0.643	-0.207
1.0,0.95,0.975	1.0,1.0,0.968	-0.014
0.02,0.021,0.046	0.023,0.034,0.043	-0.004
1.0,1.0,1.0	1.0,0.899,1.0	0.034
1.0,0.977,0.901	1.0,0.92,1.0	-0.014
0.38,0.513,0.479	0.43,0.611,0.399	-0.023
0.08,0.075,0.128	0.093,0.118,0.151	-0.026
0.199,1.0,1.0	0.331,0.142,0.18	0.515
1.0,1.0,1.0	0.974,1.0,1.0	0.009
0.044,0.033,0.028	0.069,0.076,0.096	-0.045
NA,1.0,1.0	0.1,0.356,0.065	0.826
0.021,0.025,0.031	0.035,0.017,0.035	-0.003
0.027,0.016,0.09	0.013,0.039,0.062	0.006
0.817,0.732,0.857	0.8,0.678,0.562	0.122
0.093,0.119,0.073	0.107,0.103,0.087	-0.004
0.014,0.014,0.013	0.021,0.016,0.014	-0.003
1.0,1.0,1.0	0.964,1.0,1.0	0.012
0.75,0.687,0.777	0.559,0.456,0.556	0.214
1.0,1.0,0.988	0.915,0.914,0.959	0.067
0.567,0.409,0.593	0.127,0.39,0.077	0.325
0.663,0.633,0.696	0.465,0.54,0.44	0.182
0.63,0.578,0.615	0.387,0.68,0.572	0.061
0.0,0.08,0.03	0.112,0.2,0.076	-0.093
0.01,0.014,0.009	0.018,0.013,0.004	-0.001
0.25,0.173,0.327	0.194,0.238,0.218	0.033
0.722,0.369,0.822	0.332,0.461,0.186	0.311
0.162,0.0,0.0	0.183,0.311,0.475	-0.269
0.003,0.005,0.0	0.002,0.001,0.001	0.001
0.003,0.004,0.001	0.002,0.002,0.003	0.0
0.825,0.892,0.837	0.929,0.92,0.812	-0.036
0.021,0.022,0.02	0.019,0.021,0.046	-0.008
0.942,0.934,0.915	0.973,0.931,0.937	-0.017
0.981,0.959,0.906	0.977,0.98,0.984	-0.032
0.133,0.099,0.065	0.0,0.248,0.06	-0.004
0.032,0.026,0.025	0.024,0.024,0.027	0.003
0.981,1.0,1.0	0.965,1.0,1.0	0.005
0.333,0.372,0.301	0.457,0.355,0.322	-0.043
0.572,0.196,0.0	0.652,0.662,0.572	-0.373
0.635,0.657,0.541	0.709,0.806,0.888	-0.19
0.056,0.026,0.038	0.02,0.034,0.034	0.011
0.634,1.0,0.669	0.536,0.874,0.874	0.006
0.038,0.07,0.088	0.057,0.027,0.052	0.02
0.923,0.859,0.912	0.866,0.78,0.762	0.095
1.0,0.971,0.987	1.0,0.984,1.0	-0.009
1.0,0.859,0.919	1.0,0.94,1.0	-0.054
1.0,1.0,1.0	1.0,0.946,1.0	0.018
1.0,1.0,1.0	1.0,0.901,1.0	0.033
0.158,0.206,0.196	0.185,0.171,0.267	-0.021
0.756,0.81,0.895	0.837,0.795,0.521	0.103
0.178,0.327,0.327	0.565,0.362,0.345	-0.147
0.063,0.099,0.052	0.197,0.124,0.319	-0.142
0.0,0.0,0.044	0.0,0.13,0.0	-0.029
0.548,0.524,0.157	0.194,0.266,0.386	0.128
0.0,0.237,0.06	0.149,0.036,0.0	0.037
0.135,0.115,0.298	0.301,0.214,0.226	-0.064
0.319,0.369,0.398	0.052,0.034,0.075	0.308
0.462,1.0,1.0	1.0,1.0,1.0	-0.179
0.814,0.968,0.919	0.955,0.929,0.873	-0.019
NA,1.0,NA	1.0,0.597,1.0	0.134
1.0,1.0,1.0	0.946,0.957,0.947	0.05
0.019,0.012,0.011	0.01,0.013,0.0	0.006
0.0,0.0,0.002	0.0,0.0,0.0	0.001
0.164,0.149,0.081	0.104,0.221,0.069	0.0
0.243,0.131,0.286	0.426,0.676,0.331	-0.258
0.0,0.0,0.0	0.0,0.001,0.003	-0.001
0.392,0.453,0.485	0.628,0.792,0.595	-0.228
0.0,0.009,0.003	0.003,0.01,0.0	-0.0
0.039,0.1,0.108	0.285,0.259,0.105	-0.134
1.0,1.0,1.0	0.689,1.0,1.0	0.104
0.932,0.982,0.939	0.967,1.0,0.964	-0.026
0.014,0.008,0.0	0.008,0.0,0.008	0.002
0.037,0.027,0.015	0.03,0.02,0.027	0.001
0.195,0.219,0.191	0.187,0.277,0.307	-0.055
0.977,0.933,0.938	0.954,0.916,0.922	0.019
0.788,0.585,0.677	0.745,0.585,0.592	0.043
0.006,0.011,0.018	0.004,0.018,0.044	-0.01
0.08,0.313,0.06	0.0,0.265,0.292	-0.035
0.778,0.739,0.836	0.979,1.0,0.989	-0.205
0.504,0.522,0.594	0.908,0.918,0.883	-0.363
1.0,1.0,1.0	1.0,1.0,0.988	0.004
1.0,1.0,1.0	0.963,0.94,0.962	0.045
0.879,0.9,0.829	0.808,0.858,0.88	0.021
0.26,0.381,0.423	0.495,0.415,0.417	-0.088
0.0,0.068,0.0	0.121,0.141,0.0	-0.065
0.672,0.937,0.71	1.0,1.0,1.0	-0.227
0.044,0.033,0.026	0.064,0.023,0.034	-0.006
0.336,1.0,1.0	0.78,1.0,1.0	-0.148
0.676,0.797,0.715	0.707,0.713,0.719	0.016
0.565,0.609,0.46	0.413,0.502,0.395	0.108
0.179,0.185,0.045	0.099,0.171,0.078	0.02
1.0,0.991,1.0	1.0,1.0,0.978	0.004
0.907,0.903,0.923	0.724,0.708,0.676	0.208
0.003,0.002,0.001	0.009,0.013,0.021	-0.012
1.0,1.0,1.0	1.0,1.0,1.0	0.0
0.142,0.235,0.233	0.382,0.517,0.39	-0.226
1.0,1.0,1.0	1.0,0.846,1.0	0.051
0.651,0.565,0.601	0.607,0.532,0.677	0.0
0.855,0.964,0.891	1.0,0.986,0.988	-0.088
0.944,1.0,1.0	1.0,1.0,1.0	-0.019
0.262,0.254,0.264	0.297,0.268,0.289	-0.025
0.116,0.152,0.141	0.172,0.151,0.165	-0.026
0.292,0.292,0.331	0.263,0.236,0.174	0.081
0.292,0.142,0.405	0.672,0.579,0.474	-0.295
0.175,0.656,0.16	0.56,0.346,0.203	-0.039
0.952,0.954,0.938	0.937,0.922,0.855	0.043
0.883,1.0,0.963	1.0,1.0,0.981	-0.045
1.0,1.0,1.0	0.996,0.995,0.995	0.005
0.0,0.0,0.0	0.008,0.0,0.0	-0.003
0.008,0.0,0.019	0.009,0.008,0.0	0.003
1.0,1.0,0.992	1.0,1.0,1.0	-0.003
0.008,0.009,0.002	0.002,0.006,0.002	0.003
0.202,0.21,0.351	0.029,0.065,0.228	0.147
0.231,0.215,0.258	0.196,0.168,0.351	-0.004
0.124,0.112,0.176	0.097,0.114,0.114	0.029
0.782,0.89,0.473	1.0,0.709,0.759	-0.108
0.005,0.005,0.002	0.009,0.009,0.007	-0.004
0.004,0.002,0.002	0.003,0.006,0.003	-0.001
0.01,0.02,0.017	0.004,0.01,0.014	0.006
0.003,0.028,0.002	0.009,0.007,0.024	-0.002
0.0,0.747,0.0	0.597,0.357,0.816	-0.341
0.661,0.532,0.661	0.258,0.044,0.163	0.463
0.775,0.499,0.638	0.444,0.633,0.573	0.087
0.029,0.025,0.014	0.013,0.008,0.002	0.015
0.858,0.874,0.79	0.765,0.88,0.836	0.014
0.0,0.003,0.0	0.003,0.003,0.0	-0.001
0.039,0.04,0.035	0.033,0.027,0.035	0.006
0.296,0.453,0.395	0.495,0.582,0.523	-0.152
0.03,0.0,0.008	0.022,0.011,0.005	0.0
1.0,1.0,1.0	0.875,1.0,1.0	0.042
0.008,0.016,0.019	0.016,0.009,0.006	0.004
0.0,1.0,NA	0.229,0.0,0.0	0.424
1.0,0.732,0.887	1.0,1.0,1.0	-0.127
1.0,1.0,1.0	1.0,0.988,1.0	0.004
0.0,0.014,0.004	0.007,0.022,0.071	-0.027
0.009,0.002,0.015	0.015,0.022,0.01	-0.007
0.0,0.026,0.017	0.015,0.036,0.016	-0.008
1.0,1.0,0.945	0.942,1.0,1.0	0.001
1.0,1.0,0.957	1.0,1.0,1.0	-0.014
0.309,0.399,0.284	0.711,0.731,0.722	-0.391
0.944,0.964,0.836	0.877,0.928,0.872	0.022
1.0,0.884,1.0	1.0,1.0,1.0	-0.039
0.0,0.0,0.031	0.0,0.017,0.01	0.001
0.07,0.036,0.056	0.0,0.032,0.0	0.043
1.0,0.373,0.373	0.528,0.628,0.082	0.169
0.0,0.0,0.0	0.0,0.0,0.001	-0.0
0.008,0.006,0.006	0.018,0.024,0.019	-0.014
0.92,0.779,0.961	0.9,0.804,0.964	-0.003
0.716,0.727,0.667	0.332,0.182,0.23	0.455
0.477,0.516,0.471	0.902,0.899,0.82	-0.386
0.193,0.258,0.187	0.224,0.215,0.264	-0.022
1.0,0.999,0.999	0.991,0.996,0.999	0.004
0.807,0.921,0.875	0.469,0.561,0.538	0.345
1.0,1.0,0.953	0.981,1.0,1.0	-0.009
0.321,0.311,0.724	0.216,0.58,0.567	-0.002
0.082,0.077,0.0	0.105,0.144,0.136	-0.075
0.925,0.91,0.912	0.968,0.992,0.959	-0.057
0.0,0.076,0.022	0.065,0.067,0.091	-0.042
0.0,0.029,0.029	0.046,0.058,0.034	-0.027
1.0,0.981,0.967	0.963,0.98,0.965	0.013
0.715,0.778,0.609	0.247,0.395,0.316	0.381
0.0,0.0,0.032	0.083,0.056,0.185	-0.097
0.0,0.0,0.0	0.0,0.008,0.022	-0.01
1.0,1.0,0.953	1.0,1.0,0.899	0.018
0.952,0.978,0.971	1.0,1.0,0.997	-0.032
0.962,0.944,0.921	1.0,1.0,1.0	-0.058
1.0,1.0,1.0	0.695,1.0,0.724	0.194
0.021,0.01,0.019	0.036,0.007,0.015	-0.003
0.013,0.012,0.016	0.028,0.008,0.01	-0.002
0.0,1.0,1.0	0.281,1.0,0.0	0.24
NA,0.29,0.45	0.0,0.0,0.0	0.37
1.0,0.871,0.874	0.97,1.0,1.0	-0.075
0.031,0.056,0.045	0.047,0.031,0.054	0.0
0.003,0.003,0.001	0.004,0.003,0.003	-0.001
0.102,0.091,0.095	0.057,0.048,0.059	0.041
0.379,0.576,0.6	0.548,0.407,0.558	0.014
1.0,0.934,1.0	1.0,1.0,1.0	-0.022
0.44,0.46,0.514	0.48,0.347,0.399	0.063
0.179,0.059,0.251	0.127,0.0,0.343	0.006
0.001,0.0,0.0	0.0,0.0,0.0	0.0
0.137,0.151,0.147	0.118,0.053,0.081	0.061
0.0,0.014,0.011	0.0,0.0,0.0	0.008
0.91,0.892,0.964	0.955,1.0,1.0	-0.063
0.0,0.0,0.0	0.0,0.068,0.105	-0.058
0.037,0.052,0.02	0.063,0.17,0.081	-0.068
0.76,0.757,0.778	0.798,0.794,1.0	-0.099
0.0,0.019,0.006	0.012,0.018,0.018	-0.008
0.754,0.66,0.581	0.363,0.435,0.346	0.284
0.326,1.0,0.659	1.0,0.441,1.0	-0.152
0.0,0.0,0.187	0.0,0.256,0.0	-0.023
0.0,0.0,0.0	0.001,0.0,0.001	-0.001
1.0,0.327,NA	NA,1.0,1.0	-0.337
0.005,0.006,0.003	0.004,0.0,0.004	0.002
0.007,0.0,0.001	0.002,0.0,0.001	0.002
0.0,0.027,0.0	0.104,0.0,0.021	-0.033
0.004,0.008,0.0	0.023,0.038,0.015	-0.021
0.0,0.013,0.0	0.0,0.018,0.006	-0.004
0.153,0.0,0.096	0.057,0.0,0.265	-0.024
0.0,0.001,0.0	0.0,0.0,0.001	0.0
0.086,0.088,0.072	0.081,0.042,0.079	0.015
0.535,0.516,0.574	0.47,0.545,0.512	0.033
0.019,0.009,0.022	0.02,0.009,0.009	0.004
NA,NA,0.641	1.0,1.0,1.0	-0.359
0.0,0.0,0.0	0.0,0.558,0.457	-0.338
0.031,0.132,0.131	0.242,0.279,0.341	-0.189
0.959,0.953,0.952	0.944,0.922,0.923	0.025
0.004,0.003,0.003	0.002,0.001,0.002	0.002
0.008,0.05,0.008	0.037,0.025,0.015	-0.004
0.451,0.41,0.355	0.452,0.625,0.782	-0.214
1.0,0.918,0.944	0.869,0.864,0.927	0.067
0.805,0.776,0.859	0.759,0.916,0.76	0.002
0.0,0.199,0.015	0.024,0.0,0.062	0.043
0.91,0.944,0.762	1.0,1.0,0.948	-0.111
0.934,0.903,0.962	1.0,0.966,1.0	-0.056
1.0,0.95,1.0	1.0,1.0,0.972	-0.007
0.0,0.024,0.014	0.0,0.0,0.022	0.005
0.662,1.0,0.746	0.403,0.371,0.341	0.431
0.809,0.909,0.762	0.957,0.941,0.903	-0.107
0.0,0.0,0.0	0.0,0.0,0.001	-0.0
1.0,1.0,0.963	1.0,1.0,0.953	0.003
0.882,0.722,0.711	0.902,0.785,0.889	-0.087
0.0,0.0,0.043	0.023,0.0,0.0	0.007
0.822,0.876,0.465	0.295,1.0,0.83	0.013
0.023,0.053,0.024	0.044,0.038,0.114	-0.032
NA,0.522,1.0	0.0,NA,NA	0.761
0.25,0.333,0.444	1.0,1.0,1.0	-0.658
0.856,0.885,0.839	0.701,0.77,0.835	0.091
0.0,0.027,0.004	0.015,0.037,0.04	-0.02
0.591,0.901,1.0	0.511,1.0,0.78	0.067
0.886,0.744,0.936	1.0,1.0,1.0	-0.145
0.496,0.49,0.488	0.731,0.744,0.743	-0.248
1.0,0.891,0.887	0.359,0.383,0.577	0.486
1.0,1.0,1.0	NA,0.49,NA	0.51
0.689,0.841,0.734	0.85,0.418,0.727	0.09
1.0,1.0,1.0	1.0,0.828,1.0	0.057
0.02,0.006,0.02	0.036,0.013,0.037	-0.013
0.0,0.0,0.0	0.032,0.043,0.0	-0.025
0.786,0.843,0.752	0.907,0.748,0.756	-0.01
0.954,0.913,0.982	1.0,1.0,1.0	-0.05
0.026,0.0,0.046	0.033,0.0,0.0	0.013
0.013,0.013,0.012	0.011,0.012,0.012	0.001
0.0,0.0,0.0	0.019,0.048,0.0	-0.022
1.0,1.0,1.0	0.978,0.908,0.973	0.047
0.069,0.028,0.047	0.0,0.055,0.017	0.024
1.0,0.876,0.866	1.0,0.797,0.876	0.023
0.316,0.388,0.347	0.191,0.185,0.144	0.177
0.0,0.022,0.0	0.044,0.0,0.0	-0.007
1.0,NA,0.542	NA,1.0,NA	-0.229
0.94,0.922,0.86	1.0,1.0,1.0	-0.093
0.359,0.563,0.373	0.489,0.495,0.481	-0.057
0.18,0.316,0.256	0.424,0.404,0.258	-0.111
0.215,0.322,0.33	0.903,0.918,0.95	-0.635
0.069,0.017,0.019	0.248,0.093,0.382	-0.206
0.119,0.273,0.048	0.147,0.11,0.071	0.037
0.0,0.096,0.0	0.0,0.0,0.433	-0.112
0.2,0.2,0.31	0.592,0.406,0.549	-0.279
0.026,0.006,0.014	0.016,0.024,0.025	-0.006
0.053,0.038,0.014	0.0,0.036,0.03	0.013
0.004,0.007,0.003	0.023,0.022,0.014	-0.015
0.938,0.797,0.666	0.732,0.895,0.893	-0.04
1.0,0.802,1.0	1.0,1.0,1.0	-0.066
0.404,0.458,0.484	0.826,0.928,0.953	-0.454
0.557,0.348,0.445	0.616,0.0,0.0	0.245
0.935,0.913,0.93	0.947,0.937,0.941	-0.016
0.038,0.0,0.046	0.066,0.042,0.012	-0.012
0.997,1.0,1.0	0.998,1.0,1.0	-0.0
0.003,0.005,0.004	0.003,0.001,0.012	-0.001
NA,0.247,0.26	0.0,0.052,0.305	0.135
0.003,0.013,0.01	0.017,0.006,0.005	-0.001
0.004,0.022,0.019	0.029,0.038,0.007	-0.01
0.0,0.0,0.065	0.0,0.192,0.0	-0.042
0.0,0.0,0.006	0.0,0.045,0.047	-0.029
0.373,0.169,0.276	0.179,0.178,0.388	0.024
0.074,0.023,0.066	0.086,0.097,0.153	-0.058
0.018,0.054,0.034	0.06,0.206,0.0	-0.053
0.796,0.0,1.0	1.0,NA,NA	-0.401
0.332,0.242,0.213	0.332,0.259,0.138	0.019
0.144,0.187,0.163	0.272,0.325,0.219	-0.107
0.079,0.094,0.071	0.097,0.112,0.169	-0.045
0.962,0.98,1.0	0.792,0.61,0.458	0.361
0.292,0.303,0.418	0.315,0.244,0.232	0.074
1.0,1.0,1.0	1.0,1.0,0.992	0.003
0.913,0.862,0.843	1.0,0.942,1.0	-0.108
0.075,0.151,0.0	0.0,0.0,0.0	0.075
0.97,0.927,0.972	1.0,0.971,1.0	-0.034
0.309,0.272,0.216	0.35,0.309,0.403	-0.088
0.384,0.257,0.468	0.379,0.259,0.284	0.062
0.456,0.602,0.744	0.565,0.739,0.501	-0.001
1.0,0.996,0.996	0.967,0.944,0.977	0.035
1.0,1.0,1.0	1.0,0.894,1.0	0.035
0.188,0.233,0.229	0.338,0.243,0.292	-0.074
0.2,0.0,0.555	0.2,0.333,0.6	-0.126
0.854,0.73,0.709	0.882,0.877,0.842	-0.103
0.275,0.552,0.348	0.578,0.826,0.673	-0.301
0.882,0.882,0.821	0.143,0.06,0.25	0.711
0.12,0.016,0.028	0.05,0.028,0.075	0.004
0.018,0.013,0.011	0.005,0.0,0.011	0.009
0.041,0.076,0.048	0.031,0.028,0.028	0.026
0.02,0.009,0.009	0.006,0.007,0.015	0.003
0.308,0.757,0.641	0.299,0.177,0.215	0.338
0.669,0.68,0.873	0.823,0.586,0.81	0.001
0.773,0.539,0.847	0.882,0.793,0.892	-0.136
1.0,0.995,1.0	1.0,1.0,1.0	-0.002
0.934,0.981,1.0	0.958,1.0,0.969	-0.004
0.05,0.258,0.269	0.255,0.256,0.33	-0.088
0.006,0.007,0.008	0.006,0.01,0.005	0.0
0.011,0.033,0.017	0.025,0.049,0.022	-0.012
0.003,0.005,0.005	0.014,0.005,0.006	-0.004
1.0,1.0,1.0	1.0,1.0,0.855	0.048
0.278,0.322,0.3	0.437,0.544,0.366	-0.149
0.029,0.052,0.033	0.035,0.003,0.012	0.021
0.984,0.968,0.886	0.939,0.984,0.885	0.01
0.276,0.283,0.274	0.261,0.197,0.254	0.04
0.981,0.959,0.882	0.909,0.974,0.969	-0.01
0.005,0.006,0.002	0.012,0.003,0.009	-0.004
0.883,1.0,1.0	1.0,1.0,1.0	-0.039
0.221,0.07,0.218	0.422,0.525,0.427	-0.288
0.0,0.0,0.0	0.089,0.0,0.0	-0.03
0.14,0.103,0.12	0.04,0.055,0.049	0.073
0.642,1.0,0.89	0.473,0.642,0.506	0.304
0.504,0.337,0.094	0.259,0.411,0.0	0.088
1.0,1.0,1.0	1.0,1.0,0.979	0.007
1.0,1.0,1.0	0.877,0.894,1.0	0.076
0.808,0.859,0.959	0.762,0.749,0.762	0.118
0.945,0.973,0.996	0.98,0.972,0.99	-0.009
0.066,0.097,0.091	0.116,0.184,0.135	-0.06
0.359,0.366,0.212	0.399,0.141,0.231	0.055
0.044,0.013,0.035	0.0,0.009,0.025	0.019
0.0,0.156,0.735	0.0,0.0,0.104	0.262
0.0,0.148,0.093	0.202,0.039,0.0	-0.0
0.004,0.003,0.003	0.003,0.003,0.003	0.0
1.0,1.0,1.0	1.0,0.996,1.0	0.001
1.0,1.0,1.0	1.0,0.996,1.0	0.001
1.0,1.0,1.0	NA,0.391,1.0	0.304
0.087,0.121,0.045	0.148,0.112,0.165	-0.057
1.0,0.589,1.0	0.705,0.656,0.0	0.409
0.493,0.709,1.0	1.0,0.83,1.0	-0.209
1.0,1.0,1.0	0.953,0.947,1.0	0.033
0.722,0.579,0.655	0.498,0.504,0.617	0.112
0.002,0.002,0.001	0.001,0.004,0.001	-0.0
1.0,0.779,0.862	0.585,0.646,0.896	0.171
0.676,0.685,0.734	0.694,0.678,0.648	0.025
0.96,0.915,0.936	0.928,0.89,0.966	0.009
1.0,1.0,0.982	1.0,0.996,1.0	-0.005
0.948,0.89,0.903	0.906,0.855,0.959	0.007
1.0,1.0,0.975	1.0,0.995,1.0	-0.007
1.0,1.0,0.943	1.0,0.989,1.0	-0.015
0.016,0.016,0.0	0.108,0.015,0.06	-0.05
0.827,0.749,0.84	0.976,1.0,1.0	-0.187
0.667,0.629,0.582	0.73,0.649,0.698	-0.066
0.0,0.0,0.0	0.104,0.0,0.0	-0.035
0.382,0.292,0.408	0.049,0.127,0.105	0.267
1.0,1.0,1.0	1.0,1.0,0.952	0.016
0.104,0.075,0.111	0.044,0.06,0.113	0.024
0.0,0.0,0.0	0.108,0.0,0.0	-0.036
1.0,1.0,1.0	1.0,0.723,1.0	0.092
0.74,0.917,1.0	0.786,1.0,1.0	-0.043
0.0,1.0,NA	0.394,0.0,0.178	0.309
0.007,0.01,0.01	0.005,0.015,0.018	-0.004
0.021,0.009,0.014	0.008,0.031,0.009	-0.001
1.0,0.993,0.985	1.0,1.0,1.0	-0.007
0.0,0.0,0.011	0.034,0.0,0.043	-0.022
0.145,0.07,0.043	0.108,0.086,0.066	-0.001
1.0,1.0,1.0	1.0,1.0,0.901	0.033
0.082,0.068,0.074	0.058,0.06,0.065	0.014
0.014,0.009,0.011	0.01,0.006,0.011	0.002
0.013,0.0,0.0	0.0,0.0,0.0	0.004
0.708,0.863,0.793	0.874,0.843,0.868	-0.074
0.06,0.014,0.033	0.0,0.0,0.0	0.036
0.335,0.304,0.361	0.899,0.849,0.786	-0.511
0.122,0.203,0.098	0.309,0.378,0.245	-0.17
0.872,0.861,0.68	1.0,1.0,1.0	-0.196
1.0,1.0,0.963	1.0,1.0,1.0	-0.012
0.263,0.247,0.232	0.712,0.753,0.749	-0.491
0.914,0.696,0.715	0.383,0.475,0.543	0.308
0.409,0.482,0.402	0.564,0.478,0.234	0.006
0.722,0.622,0.245	0.169,0.254,0.207	0.32
0.037,0.068,0.068	0.079,0.069,0.041	-0.005
0.762,0.615,0.286	0.134,0.247,0.343	0.313
0.046,0.067,0.082	0.062,0.066,0.075	-0.003
0.012,0.046,0.156	0.262,0.153,0.131	-0.111
1.0,1.0,1.0	0.925,1.0,1.0	0.025
0.202,0.197,0.233	0.278,0.284,0.209	-0.046
1.0,1.0,1.0	0.975,1.0,1.0	0.008
0.0,NA,0.0	0.0,0.271,0.0	-0.09
0.285,0.28,0.271	0.15,0.132,0.149	0.135
0.717,1.0,1.0	1.0,1.0,1.0	-0.094
0.551,0.543,0.525	0.44,0.561,0.454	0.055
0.779,1.0,1.0	1.0,1.0,1.0	-0.074
0.166,0.173,0.242	0.409,0.248,0.122	-0.066
0.086,0.076,0.069	0.11,0.078,0.11	-0.022
0.686,0.835,0.752	1.0,1.0,1.0	-0.242
0.1,0.0,0.0	0.008,0.051,0.092	-0.017
0.491,0.437,0.499	0.546,0.476,0.51	-0.035
0.046,0.075,0.027	0.041,0.04,0.036	0.01
0.012,0.008,0.003	0.002,0.003,0.004	0.005
0.0,0.009,0.007	0.009,0.015,0.0	-0.003
0.026,0.004,0.008	0.012,0.0,0.009	0.006
0.434,0.512,0.499	0.715,0.836,0.702	-0.269
0.018,0.0,0.0	0.0,0.0,0.0	0.006
0.148,0.09,0.105	0.342,0.208,0.235	-0.147
1.0,0.956,1.0	1.0,1.0,1.0	-0.015
0.001,0.001,0.002	0.0,0.0,0.001	0.001
0.302,0.175,0.494	0.168,0.222,0.211	0.123
0.909,0.865,0.8	0.492,0.769,0.499	0.271
0.887,0.956,0.506	1.0,1.0,1.0	-0.217
NA,0.0,NA	0.661,1.0,1.0	-0.887
0.253,0.293,0.197	0.149,0.188,0.259	0.049
1.0,0.968,1.0	1.0,1.0,1.0	-0.011
0.05,0.0,0.0	0.0,0.028,0.0	0.007
0.067,0.005,0.02	0.011,0.065,0.024	-0.003
1.0,1.0,1.0	0.962,0.967,0.944	0.042
0.009,0.003,0.012	0.012,0.016,0.024	-0.009
0.213,0.253,0.404	0.619,0.41,0.415	-0.191
0.009,0.028,0.038	0.022,0.037,0.029	-0.004
0.019,0.043,0.046	0.008,0.036,0.029	0.012
0.991,1.0,1.0	1.0,1.0,1.0	-0.003
1.0,1.0,0.896	0.675,1.0,0.94	0.094
0.822,0.516,0.738	0.366,0.757,0.523	0.143
1.0,0.409,1.0	1.0,1.0,1.0	-0.197
0.081,0.042,0.06	0.034,0.029,0.073	0.016
0.062,0.045,0.035	0.017,0.029,0.056	0.013
0.002,0.007,0.006	0.029,0.02,0.033	-0.022
0.008,0.002,0.0	0.011,0.011,0.015	-0.009
1.0,1.0,1.0	1.0,0.951,1.0	0.016
0.053,0.072,0.055	0.046,0.051,0.075	0.003
1.0,0.6,1.0	1.0,1.0,0.545	0.018
1.0,0.88,1.0	1.0,1.0,0.718	0.054
1.0,1.0,1.0	1.0,0.871,0.762	0.122
0.698,0.822,1.0	0.607,0.62,0.607	0.229
0.0,0.201,0.051	0.22,0.059,0.053	-0.027
NA,NA,1.0	1.0,0.429,NA	0.285
1.0,1.0,1.0	1.0,0.964,1.0	0.012
1.0,1.0,0.963	1.0,1.0,1.0	-0.012
0.0,0.105,0.0	0.0,0.099,0.0	0.002
0.732,0.312,0.827	0.616,0.779,0.502	-0.009
0.189,0.0,0.189	0.031,0.157,0.036	0.051
0.966,0.973,0.989	1.0,1.0,0.992	-0.021
0.339,0.324,0.264	0.272,0.309,0.324	0.007
1.0,0.761,1.0	0.901,0.645,0.755	0.153
1.0,0.0,0.753	1.0,1.0,NA	-0.416
0.444,0.269,0.186	0.478,0.424,0.673	-0.225
0.0,0.035,0.028	0.0,0.061,0.0	0.001
0.957,1.0,0.958	0.889,0.814,0.946	0.089
0.01,0.013,0.03	0.014,0.024,0.032	-0.006
0.061,0.079,0.052	0.04,0.046,0.04	0.022
0.768,0.773,0.763	0.788,0.762,0.783	-0.01
0.0,0.006,0.0	0.01,0.01,0.009	-0.008
1.0,1.0,0.458	0.916,1.0,1.0	-0.153
1.0,1.0,0.598	0.959,1.0,1.0	-0.12
0.891,0.748,1.0	0.933,0.911,1.0	-0.068
0.015,0.007,0.014	0.01,0.021,0.019	-0.005
1.0,1.0,1.0	0.935,1.0,0.775	0.097
0.091,0.112,0.129	0.127,0.164,0.132	-0.03
NA,NA,1.0	0.0,0.669,1.0	0.444
1.0,1.0,0.992	1.0,1.0,1.0	-0.003
0.166,0.323,0.0	0.374,0.0,0.285	-0.057
0.054,0.035,0.084	0.035,0.035,0.059	0.015
0.093,0.083,0.067	0.239,0.237,0.266	-0.166
NA,0.327,0.0	0.0,0.0,0.0	0.164
0.108,0.094,0.069	0.121,0.159,0.105	-0.038
0.0,0.001,0.0	0.0,0.0,0.0	0.0
0.122,0.245,0.27	0.225,0.268,0.205	-0.02
0.05,0.0,0.0	0.0,0.0,0.0	0.017
0.035,0.029,0.037	0.041,0.022,0.035	0.001
0.015,0.018,0.02	0.014,0.019,0.008	0.004
0.982,0.993,1.0	1.0,1.0,1.0	-0.008
0.006,0.007,0.005	0.004,0.007,0.004	0.001
0.0,0.0,0.0	0.0,0.002,0.0	-0.001
0.367,0.139,0.249	0.225,0.739,0.626	-0.278
0.85,0.774,0.781	0.502,0.783,0.606	0.171
0.08,0.082,0.08	0.049,0.024,0.042	0.042
0.185,0.121,0.108	0.063,0.182,0.065	0.035
0.937,0.953,0.735	0.829,0.84,0.8	0.052
0.258,0.275,0.212	0.132,0.203,0.194	0.072
0.089,0.087,0.071	0.086,0.136,0.14	-0.038
0.0,0.014,0.018	0.0,0.05,0.044	-0.021
0.0,0.0,0.004	0.0,0.0,0.0	0.001
0.0,0.0,0.003	0.012,0.006,0.007	-0.007
0.051,0.117,0.121	0.09,0.11,0.142	-0.018
0.985,0.977,0.963	1.0,1.0,0.882	0.014
0.0,0.014,0.008	0.019,0.009,0.007	-0.004
0.0,0.0,0.0	0.0,0.0,0.026	-0.009
0.029,0.019,0.01	0.01,0.009,0.027	0.004
0.0,0.012,0.0	0.013,0.0,0.015	-0.005
0.697,0.647,0.742	0.831,0.868,0.97	-0.194
0.009,0.0,0.003	0.0,0.005,0.006	0.0
0.0,0.01,0.014	0.019,0.015,0.014	-0.008
0.052,0.074,0.058	0.069,0.044,0.068	0.001
1.0,1.0,1.0	1.0,0.975,0.974	0.017
1.0,1.0,0.766	0.894,1.0,1.0	-0.043
0.0,0.032,0.15	0.047,0.0,0.181	-0.015
0.011,0.014,0.017	0.014,0.012,0.013	0.001
0.889,0.919,0.921	0.927,0.96,0.972	-0.043
0.454,0.39,0.636	0.231,0.24,0.454	0.185
1.0,0.906,1.0	NA,1.0,0.0	0.469
0.88,0.951,1.0	0.933,1.0,0.919	-0.007
0.621,0.549,0.63	0.494,0.454,0.362	0.163
1.0,0.388,0.679	0.404,0.458,0.0	0.402
0.011,0.013,0.011	0.007,0.009,0.014	0.002
0.01,0.014,0.01	0.008,0.009,0.017	0.0
0.225,0.538,0.15	0.212,0.593,1.0	-0.297
0.117,0.075,0.103	0.047,0.057,0.016	0.058
0.239,0.115,0.245	0.12,0.05,0.018	0.137
1.0,0.875,0.725	0.383,0.28,0.608	0.443
0.777,0.721,0.785	0.627,0.616,0.687	0.118
0.082,0.154,0.162	0.157,0.103,0.137	0.0
0.028,0.014,0.016	0.004,0.012,0.016	0.009
0.641,0.569,0.474	0.796,0.732,0.63	-0.158
0.363,0.307,0.451	0.176,0.307,0.264	0.125
0.005,0.018,0.009	0.019,0.011,0.023	-0.007
0.015,0.044,0.025	0.014,0.014,0.016	0.013
0.216,0.287,0.055	0.059,0.098,0.368	0.011
0.948,1.0,1.0	1.0,0.949,0.983	0.005
0.641,0.697,0.632	0.599,0.669,0.621	0.027
0.0,0.006,0.006	0.01,0.005,0.01	-0.004
0.614,0.535,0.602	0.93,0.804,0.679	-0.221
0.123,0.011,0.083	0.043,0.092,0.043	0.013
0.987,0.984,0.926	1.0,1.0,1.0	-0.034
0.606,0.635,0.593	0.562,0.62,0.631	0.007
0.591,0.283,0.652	1.0,1.0,1.0	-0.491
0.037,0.039,0.032	0.457,0.43,0.321	-0.367
0.005,0.0,0.0	0.0,0.0,0.0	0.002
1.0,0.99,0.995	0.981,0.983,0.992	0.01
0.0,0.019,0.0	0.016,0.009,0.0	-0.002
0.005,0.007,0.004	0.004,0.012,0.004	-0.001
1.0,1.0,1.0	1.0,0.99,1.0	0.003
0.0,0.0,0.0	0.007,0.0,0.009	-0.005
0.0,0.036,0.011	0.022,0.0,0.022	0.001
0.0,NA,1.0	NA,NA,0.565	-0.065
0.028,0.011,0.016	0.023,0.013,0.055	-0.012
1.0,1.0,1.0	0.927,0.983,1.0	0.03
0.015,0.002,0.011	0.01,0.0,0.01	0.003
0.023,0.009,0.007	0.004,0.018,0.015	0.001
1.0,1.0,1.0	0.989,1.0,1.0	0.004
1.0,1.0,1.0	0.969,0.966,1.0	0.022
0.241,0.266,0.268	0.422,0.374,0.234	-0.085
0.087,0.077,0.036	0.0,0.335,0.171	-0.102
0.798,0.896,0.857	0.982,1.0,1.0	-0.144
0.0,0.0,0.067	0.205,0.135,0.097	-0.123
0.747,0.202,0.332	0.542,0.448,0.399	-0.036
1.0,1.0,1.0	0.992,1.0,1.0	0.003
1.0,0.976,0.975	0.996,0.991,0.995	-0.01
0.618,0.453,0.662	0.481,0.217,0.425	0.203
0.017,0.007,0.022	0.021,0.004,0.009	0.004
0.169,0.159,0.187	0.094,0.093,0.111	0.072
0.0,0.0,NA	0.0,0.584,0.0	-0.195
0.843,0.434,0.729	0.434,0.561,0.0	0.337
0.321,0.326,0.275	0.187,0.177,0.149	0.136
0.339,0.384,0.465	0.546,0.402,0.409	-0.056
1.0,1.0,0.689	0.727,0.847,1.0	0.038
0.122,0.115,0.0	0.133,0.15,0.098	-0.048
0.005,0.0,0.0	0.0,0.0,0.0	0.002
0.005,0.006,0.011	0.004,0.007,0.006	0.002
0.0,0.098,0.0	0.0,0.0,0.0	0.033
NA,1.0,0.0	NA,NA,1.0	-0.5
0.016,0.016,0.015	0.017,0.014,0.013	0.001
0.0,0.0,0.0	0.0,0.058,0.0	-0.019
0.019,0.0,0.0	0.035,0.084,0.1	-0.067
0.331,0.352,0.4	0.122,0.278,0.034	0.216
1.0,0.89,0.811	0.776,0.867,0.852	0.069
NA,1.0,0.457	1.0,1.0,1.0	-0.271
0.318,0.143,0.492	0.787,0.721,0.623	-0.393
1.0,1.0,1.0	1.0,0.916,0.908	0.059
0.004,0.002,0.002	0.001,0.002,0.001	0.001
0.003,0.003,0.003	0.002,0.003,0.003	0.0
0.005,0.004,0.004	0.005,0.005,0.005	-0.001
0.003,0.003,0.003	0.003,0.003,0.004	-0.0
0.387,0.526,0.633	0.729,0.661,0.682	-0.175
0.533,0.619,0.701	0.838,0.756,0.793	-0.178
0.449,0.545,0.632	0.792,0.685,0.74	-0.197
1.0,0.901,0.893	1.0,1.0,1.0	-0.069
1.0,0.858,0.845	1.0,1.0,1.0	-0.099
0.215,0.501,0.43	0.711,0.084,0.406	-0.018
0.008,0.008,0.007	0.008,0.006,0.006	0.001
0.957,0.987,0.969	0.986,0.963,1.0	-0.012
0.646,0.436,0.721	0.729,0.801,0.66	-0.129
1.0,1.0,0.995	1.0,1.0,1.0	-0.002
0.0,0.0,0.0	0.0,0.003,0.002	-0.002
1.0,1.0,1.0	1.0,0.88,1.0	0.04
0.0,0.01,0.013	0.013,0.0,0.05	-0.013
0.0,0.11,0.387	0.365,0.742,0.896	-0.502
0.0,0.15,0.041	0.205,0.427,0.297	-0.246
0.146,0.259,0.088	0.314,0.103,0.258	-0.061
0.907,0.966,0.955	1.0,1.0,0.955	-0.042
0.66,0.739,0.674	0.71,0.519,0.479	0.122
0.821,0.79,0.834	0.61,0.519,0.461	0.285
0.066,0.09,0.04	0.054,0.106,0.075	-0.013
0.997,0.995,0.995	0.993,0.994,0.995	0.002
0.003,0.002,0.003	0.003,0.003,0.003	-0.0
1.0,1.0,NA	1.0,0.784,NA	0.108
0.054,0.0,0.042	0.052,0.02,0.02	0.001
0.275,0.181,0.318	0.205,0.24,0.217	0.037
0.948,1.0,1.0	1.0,1.0,1.0	-0.017
1.0,0.925,0.896	0.976,0.977,0.952	-0.028
0.653,0.647,0.563	0.651,0.672,0.724	-0.061
0.028,0.048,0.047	0.056,0.021,0.045	0.0
0.801,0.824,0.902	0.985,0.884,0.983	-0.108
0.003,0.005,0.006	0.004,0.012,0.013	-0.005
0.915,0.949,0.922	0.923,0.898,0.872	0.031
0.844,0.847,0.839	0.791,0.788,0.793	0.053
0.244,0.143,0.142	0.118,0.208,0.293	-0.03
0.033,0.022,0.016	0.062,0.081,0.048	-0.04
0.011,0.023,0.0	0.0,0.046,0.02	-0.011
0.683,0.73,0.82	0.962,0.925,0.892	-0.182
0.0,0.022,0.013	0.0,0.009,0.011	0.005
0.42,0.403,0.592	1.0,1.0,0.436	-0.34
0.231,0.204,0.201	0.231,0.188,0.196	0.007
0.004,0.0,0.0	0.003,0.01,0.0	-0.003
0.989,0.99,0.978	0.978,0.995,0.961	0.008
0.032,0.031,0.029	0.031,0.024,0.031	0.002
1.0,1.0,0.993	1.0,1.0,1.0	-0.002
0.402,1.0,0.809	0.547,0.751,0.349	0.188
0.004,0.004,0.004	0.007,0.005,0.003	-0.001
0.109,0.079,0.067	0.079,0.198,0.081	-0.034
0.035,0.039,0.006	0.025,0.047,0.047	-0.013
0.966,0.992,0.992	0.867,0.904,0.953	0.075
0.008,0.009,0.009	0.009,0.009,0.008	0.0
0.946,0.961,0.965	0.961,0.956,0.966	-0.004
0.053,0.0,0.065	0.0,0.0,0.073	0.015
1.0,1.0,1.0	0.984,0.971,0.982	0.021
0.879,0.9,0.862	0.923,0.977,0.934	-0.064
1.0,1.0,1.0	0.942,1.0,1.0	0.019
0.0,0.005,0.0	0.0,0.016,0.044	-0.018
0.058,0.023,0.066	0.187,0.078,0.063	-0.06
0.011,0.003,0.018	0.02,0.023,0.018	-0.01
0.001,0.001,0.001	0.0,0.002,0.001	0.0
0.0,0.006,0.0	0.007,0.016,0.0	-0.006
1.0,1.0,1.0	1.0,0.943,1.0	0.019
0.0,0.0,0.0	0.09,0.149,0.042	-0.094
0.0,0.005,0.0	0.0,0.006,0.007	-0.003
1.0,1.0,1.0	1.0,0.82,0.909	0.09
0.864,0.919,0.799	0.806,0.782,0.778	0.072
1.0,0.225,0.466	1.0,1.0,0.635	-0.315
0.014,0.023,0.025	0.017,0.025,0.016	0.001
0.0,0.085,0.033	0.0,0.033,0.0	0.028
0.0,0.016,0.0	0.013,0.022,0.0	-0.006
0.014,0.019,0.018	0.018,0.024,0.027	-0.006
0.014,0.018,0.018	0.018,0.024,0.027	-0.006
0.572,0.401,0.641	0.472,0.527,0.598	0.006
0.929,0.95,0.931	1.0,1.0,0.914	-0.035
0.0,0.028,0.0	0.051,0.041,0.039	-0.034
0.0,0.0,0.0	0.0,0.011,0.0	-0.004
0.007,0.006,0.026	0.131,0.092,0.127	-0.104
0.181,0.158,0.17	0.053,0.043,0.068	0.115
0.971,0.981,0.978	0.94,0.961,0.957	0.024
0.0,1.0,0.0	0.0,0.301,1.0	-0.1
0.803,0.185,0.28	0.754,0.323,0.505	-0.105
1.0,1.0,0.972	1.0,1.0,0.986	-0.005
0.04,0.11,0.062	0.143,0.14,0.147	-0.073
1.0,1.0,0.994	1.0,1.0,1.0	-0.002
0.037,0.015,0.013	0.006,0.0,0.006	0.018
0.603,0.0,0.0	0.533,1.0,1.0	-0.643
0.726,0.249,0.249	0.665,1.0,1.0	-0.48
1.0,1.0,1.0	0.77,1.0,0.251	0.326
0.026,0.008,0.107	0.079,0.151,0.112	-0.067
0.011,0.02,0.028	0.024,0.054,0.0	-0.006
0.952,0.967,0.977	0.992,1.0,0.992	-0.029
0.105,0.14,0.088	0.063,0.194,0.216	-0.047
0.498,0.425,0.405	0.56,0.486,0.621	-0.113
0.023,0.0,0.0	0.0,0.0,0.0	0.008
0.324,0.223,0.138	0.087,0.0,0.051	0.182
0.21,0.244,0.212	0.233,0.243,0.201	-0.004
0.974,0.957,0.967	0.995,0.994,0.994	-0.028
0.008,0.01,0.001	0.012,0.005,0.014	-0.004
0.868,0.745,0.782	0.818,0.793,0.784	0.0
0.979,0.987,0.993	0.988,0.982,0.976	0.004
0.276,0.282,0.295	0.227,0.268,0.306	0.017
0.023,0.016,0.011	0.02,0.0,0.048	-0.006
0.078,0.115,0.07	0.094,0.091,0.04	0.013
0.016,0.031,0.052	0.0,0.0,0.0	0.033
0.0,1.0,0.0	0.156,0.0,1.0	-0.052
0.04,0.013,0.047	0.042,0.032,0.045	-0.006
0.367,0.409,0.369	0.525,0.529,0.573	-0.161
0.345,0.568,0.438	0.137,0.305,0.18	0.243
0.932,0.977,1.0	1.0,1.0,0.939	-0.01
1.0,0.911,0.736	0.0,0.0,0.0	0.882
0.019,0.082,0.047	0.008,0.012,0.014	0.038
0.005,0.053,0.033	0.032,0.015,0.041	0.001
0.096,0.072,0.07	0.064,0.084,0.067	0.008
0.719,0.852,0.916	0.749,0.691,0.46	0.196
NA,NA,1.0	1.0,1.0,0.493	0.169
0.041,0.037,0.041	0.037,0.041,0.042	-0.0
0.0,0.0,0.02	0.0,0.0,0.0	0.007
0.895,1.0,1.0	1.0,1.0,1.0	-0.035
0.57,0.408,0.29	0.437,0.468,0.478	-0.038
0.036,0.075,0.048	0.016,0.03,0.027	0.029
0.044,0.07,0.018	0.016,0.017,0.027	0.024
1.0,0.394,0.0	NA,0.0,NA	0.465
0.109,0.0,0.0	0.0,0.0,0.0	0.036
0.167,0.047,0.047	0.038,0.052,0.024	0.049
0.77,1.0,0.966	0.96,1.0,0.883	-0.036
0.019,0.042,0.026	0.078,0.103,0.018	-0.037
0.775,1.0,1.0	1.0,0.707,1.0	0.023
0.046,0.046,0.067	0.064,0.069,0.034	-0.003
0.919,0.847,0.72	0.869,0.689,0.826	0.034
0.41,0.301,0.424	0.279,0.358,0.391	0.036
1.0,1.0,1.0	1.0,0.964,1.0	0.012
1.0,1.0,1.0	1.0,0.946,1.0	0.018
0.884,0.893,0.87	0.904,0.908,0.901	-0.022
0.002,0.0,0.015	0.006,0.0,0.012	-0.0
0.787,0.806,0.702	0.314,0.493,0.508	0.327
0.626,0.715,1.0	1.0,1.0,1.0	-0.22
0.0,0.0,0.095	0.072,0.0,0.0	0.008
0.0,0.0,0.0	0.011,0.0,0.016	-0.009
0.915,0.979,0.972	0.969,1.0,0.913	-0.005
0.989,0.996,1.0	0.982,1.0,0.995	0.003
0.874,0.922,0.952	0.944,0.962,0.941	-0.033
0.541,0.595,0.616	0.703,0.717,0.718	-0.129
0.018,0.008,0.025	0.017,0.0,0.016	0.006
1.0,NA,0.0	1.0,1.0,1.0	-0.5
0.227,0.209,0.469	0.261,0.306,0.37	-0.011
0.611,0.095,0.149	0.536,0.702,0.412	-0.265
0.415,0.106,0.191	0.266,0.302,0.387	-0.081
0.293,0.383,0.427	0.254,0.216,0.453	0.06
0.013,0.013,0.004	0.0,0.012,0.0	0.006
0.661,1.0,1.0	0.493,NA,0.327	0.477
0.438,0.493,0.394	0.0,0.14,0.0	0.395
0.0,0.0,0.0	0.0,0.0,0.043	-0.014
0.153,0.292,0.202	0.358,0.307,0.271	-0.096
0.286,0.374,0.305	0.436,0.269,0.367	-0.036
0.622,0.531,0.571	0.507,0.381,0.536	0.1
0.026,0.006,0.011	0.011,0.018,0.032	-0.006
0.0,0.0,0.0	0.0,0.0,0.07	-0.023
0.812,0.817,1.0	0.721,0.936,0.655	0.106
NA,1.0,0.633	1.0,1.0,1.0	-0.183
1.0,1.0,1.0	1.0,1.0,0.974	0.009
1.0,0.974,1.0	1.0,1.0,1.0	-0.009
1.0,0.865,1.0	0.928,1.0,1.0	-0.021
1.0,1.0,1.0	0.926,1.0,1.0	0.025
0.996,1.0,1.0	1.0,1.0,1.0	-0.001
0.001,0.0,0.0	0.0,0.0,0.0	0.0
0.17,0.205,0.148	0.349,0.216,0.247	-0.096
1.0,1.0,1.0	0.974,1.0,1.0	0.009
0.285,0.437,0.489	0.849,0.759,0.799	-0.399
0.007,0.02,0.022	0.009,0.022,0.021	-0.001
0.002,0.002,0.005	0.001,0.002,0.003	0.001
1.0,1.0,0.975	1.0,0.996,1.0	-0.007
0.0,0.0,0.0	0.022,0.019,0.02	-0.02
0.109,0.109,0.0	0.14,0.049,0.0	0.01
1.0,0.94,1.0	1.0,1.0,1.0	-0.02
1.0,0.716,0.904	0.87,0.642,0.727	0.127
0.924,1.0,1.0	1.0,1.0,0.847	0.026
0.006,0.016,0.019	0.117,0.009,0.03	-0.038
0.0,0.004,0.0	0.0,0.0,0.0	0.001
0.051,0.042,0.028	0.041,0.049,0.042	-0.004
0.111,0.055,0.0	0.068,0.071,0.0	0.009
0.033,0.008,0.032	0.012,0.05,0.021	-0.003
0.042,0.041,0.028	0.061,0.065,0.119	-0.045
0.986,0.992,1.0	1.0,0.982,0.949	0.016
0.876,0.918,0.917	0.973,0.985,0.991	-0.079
0.396,1.0,0.408	1.0,1.0,1.0	-0.399
0.008,0.014,0.012	0.01,0.008,0.008	0.003
0.012,0.013,0.025	0.04,0.019,0.024	-0.011
0.595,1.0,0.815	0.746,0.55,1.0	0.038
0.788,1.0,0.94	0.887,0.799,1.0	0.014
0.676,0.712,0.746	0.688,0.727,0.667	0.017
1.0,1.0,0.967	1.0,1.0,0.84	0.042
0.007,0.002,0.002	0.003,0.0,0.0	0.003
0.07,0.04,0.142	0.084,0.019,0.062	0.029
0.0,0.043,0.016	0.008,0.0,0.034	0.006
0.461,0.405,0.384	0.456,0.514,0.512	-0.077
0.731,0.758,0.608	0.609,0.7,0.493	0.098
0.0,1.0,1.0	NA,1.0,0.492	-0.079
0.289,0.319,0.131	0.424,0.2,0.162	-0.016
1.0,1.0,0.829	1.0,NA,NA	-0.057
0.101,0.068,0.064	0.24,0.109,0.037	-0.051
0.966,0.98,0.979	0.979,0.992,1.0	-0.015
0.725,0.744,0.797	0.633,0.803,0.706	0.041
NA,1.0,NA	0.327,0.0,0.0	0.891
0.404,0.541,0.438	0.11,0.24,0.11	0.308
0.131,0.279,0.878	0.513,0.475,0.265	0.012
1.0,1.0,1.0	0.987,1.0,1.0	0.004
0.406,0.672,0.559	0.202,0.413,0.432	0.197
0.34,0.659,0.686	0.317,0.553,0.712	0.034
0.01,0.017,0.013	0.01,0.009,0.009	0.004
0.171,0.332,0.375	0.232,0.227,0.247	0.057
0.023,0.0,0.026	0.036,0.03,0.0	-0.006
0.0,0.056,0.0	0.017,0.017,0.0	0.007
0.981,0.933,0.969	0.903,0.901,0.914	0.055
0.009,0.006,0.009	0.004,0.0,0.018	0.001
0.326,0.326,1.0	0.326,NA,0.244	0.266
0.891,0.952,0.972	0.912,0.914,0.897	0.031
0.581,0.503,0.748	0.157,0.288,0.265	0.374
0.0,0.0,0.0	0.059,0.0,0.0	-0.02
0.0,NA,0.0	0.348,0.445,1.0	-0.598
0.339,0.204,0.312	0.354,0.33,0.429	-0.086
0.134,0.047,0.174	0.037,0.093,0.052	0.058
0.756,0.336,0.448	0.337,0.249,0.258	0.232
0.045,0.023,0.045	0.049,0.01,0.066	-0.004
0.115,0.147,0.134	0.083,0.129,0.14	0.015
0.504,0.566,0.557	0.823,0.725,0.604	-0.175
NA,NA,1.0	0.0,NA,NA	1.0
0.004,0.014,0.007	0.008,0.007,0.005	0.002
0.981,1.0,1.0	1.0,0.962,1.0	0.006
0.112,0.106,0.032	0.038,0.103,0.0	0.036
0.086,0.121,0.099	0.031,0.098,0.047	0.043
0.014,0.01,0.018	0.003,0.0,0.011	0.009
0.813,0.746,0.735	0.847,0.932,0.905	-0.13
0.645,0.82,1.0	1.0,0.747,0.72	-0.001
0.063,0.0,0.0	0.0,0.023,0.0	0.013
1.0,1.0,1.0	0.873,0.891,0.724	0.171
0.727,0.513,0.466	0.567,0.676,0.751	-0.096
0.801,0.776,0.793	0.555,0.865,0.81	0.047
1.0,0.949,1.0	0.975,0.909,0.975	0.03
0.8,0.929,1.0	1.0,0.895,1.0	-0.055
1.0,0.99,0.935	0.981,0.972,1.0	-0.009
0.159,0.218,0.128	0.188,0.247,0.179	-0.036
0.961,1.0,0.96	1.0,1.0,0.972	-0.017
0.0,0.049,0.01	0.02,0.01,0.0	0.01
0.999,1.0,0.998	1.0,1.0,1.0	-0.001
0.959,0.769,0.9	1.0,1.0,1.0	-0.124
1.0,1.0,1.0	1.0,1.0,0.956	0.015
1.0,0.999,0.994	0.994,0.998,0.996	0.002
0.579,0.563,0.548	0.418,0.34,0.443	0.163
0.605,0.919,0.492	0.121,0.269,0.203	0.474
0.028,0.053,0.037	0.018,0.062,0.0	0.013
0.019,0.006,0.0	0.026,0.0,0.0	-0.0
0.0,0.042,0.093	0.027,0.022,0.043	0.014
0.029,0.0,0.01	0.0,0.0,0.016	0.008
0.048,0.066,0.088	0.126,0.113,0.139	-0.059
0.198,0.135,0.204	0.086,0.0,0.037	0.138
0.003,0.0,0.0	0.004,0.0,0.0	-0.0
0.021,0.003,0.031	0.009,0.012,0.003	0.01
1.0,1.0,0.985	1.0,0.967,0.978	0.013
0.915,0.911,0.927	0.963,0.923,1.0	-0.044
1.0,0.946,1.0	1.0,1.0,1.0	-0.018
0.0,0.0,0.0	0.019,0.0,0.0	-0.006
0.099,0.0,0.056	0.07,0.063,0.019	0.001
0.043,0.018,0.043	0.119,0.054,0.041	-0.037
1.0,1.0,1.0	1.0,0.805,1.0	0.065
1.0,0.706,0.769	0.633,0.803,1.0	0.013
0.911,0.934,0.913	0.961,0.966,0.964	-0.044
0.798,0.682,0.786	0.027,0.071,0.061	0.702
0.98,0.988,1.0	0.98,1.0,0.974	0.005
1.0,0.99,0.992	1.0,1.0,1.0	-0.006
0.0,0.03,0.01	0.012,0.01,0.0	0.006
1.0,1.0,1.0	0.982,1.0,1.0	0.006
1.0,0.915,1.0	0.97,1.0,1.0	-0.018
0.043,0.02,0.05	0.036,0.0,0.083	-0.002
0.004,0.009,0.012	0.005,0.009,0.0	0.004
1.0,1.0,1.0	0.983,1.0,1.0	0.006
0.04,0.0,0.0	0.105,0.179,0.162	-0.135
1.0,0.95,0.902	0.944,0.979,0.983	-0.018
0.0,0.0,0.213	0.0,0.0,0.289	-0.025
1.0,0.996,1.0	1.0,1.0,1.0	-0.001
0.021,0.035,0.053	0.042,0.087,0.032	-0.017
1.0,0.794,1.0	0.0,0.0,NA	0.931
0.01,0.007,0.039	0.0,0.0,0.027	0.01
0.041,0.031,0.041	0.029,0.025,0.03	0.01
0.562,0.529,0.599	0.561,0.688,0.54	-0.033
0.0,0.493,0.327	0.637,0.493,0.268	-0.193
0.233,0.248,0.129	0.124,0.094,0.071	0.107
0.0,0.033,0.0	0.117,0.0,0.062	-0.049
0.0,0.193,0.036	0.197,0.166,0.0	-0.045
1.0,1.0,0.842	0.903,0.946,1.0	-0.002
0.083,0.247,0.106	0.096,0.175,0.092	0.024
1.0,1.0,1.0	0.988,0.988,0.994	0.01
0.796,0.899,0.903	0.872,0.805,0.7	0.074
0.756,0.768,0.833	0.911,0.923,0.914	-0.13
0.037,0.026,0.035	0.021,0.055,0.038	-0.005
NA,1.0,0.589	1.0,1.0,1.0	-0.206
0.065,0.043,0.054	0.238,0.385,0.0	-0.154
0.003,0.004,0.005	0.003,0.005,0.005	-0.0
NA,0.626,0.0	NA,1.0,NA	-0.687
1.0,1.0,1.0	1.0,0.666,1.0	0.111
0.964,0.954,0.935	0.982,0.983,0.935	-0.016
0.83,0.932,0.597	0.343,0.736,0.58	0.233
0.279,0.338,0.417	0.103,0.169,0.08	0.227
0.36,0.519,0.364	0.437,0.381,0.407	0.006
0.027,0.027,0.033	0.037,0.027,0.026	-0.001
0.05,0.039,0.064	0.04,0.069,0.043	0.0
0.214,0.186,0.18	0.273,0.258,0.253	-0.068
0.74,0.749,0.813	0.893,0.792,0.816	-0.066
0.0,0.018,0.0	0.0,0.104,0.057	-0.048
0.207,0.27,0.281	0.282,0.286,0.302	-0.037
0.999,0.999,0.999	0.998,1.0,0.999	0.0
0.613,0.439,0.643	0.517,0.355,0.311	0.171
0.233,0.08,0.116	0.034,0.094,0.117	0.061
0.0,0.0,0.065	0.065,0.033,0.072	-0.035
0.0,0.158,0.0	0.0,0.0,NA	0.053
0.7,0.555,1.0	1.0,1.0,1.0	-0.248
1.0,1.0,0.483	1.0,0.948,0.831	-0.099
1.0,1.0,0.697	1.0,0.963,0.909	-0.058
1.0,1.0,0.754	1.0,1.0,1.0	-0.082
1.0,1.0,1.0	1.0,1.0,0.898	0.034
0.187,0.36,0.189	0.131,0.113,0.051	0.147
0.819,1.0,0.907	1.0,1.0,1.0	-0.091
0.013,0.004,0.007	0.007,0.005,0.012	0.0
0.638,0.665,0.708	0.485,0.492,0.683	0.117
0.186,0.02,0.017	0.067,0.073,0.123	-0.013
1.0,1.0,1.0	0.888,1.0,1.0	0.037
1.0,1.0,1.0	0.995,1.0,1.0	0.002
0.36,0.383,0.344	0.213,0.237,0.157	0.16
0.007,0.004,0.011	0.01,0.007,0.007	-0.001
0.618,0.677,0.487	1.0,0.929,0.767	-0.305
0.026,0.04,0.036	0.062,0.066,0.076	-0.034
0.022,0.029,0.036	0.024,0.039,0.06	-0.012
0.172,0.179,0.207	0.41,0.398,0.421	-0.224
1.0,1.0,1.0	0.776,0.972,0.874	0.126
0.423,0.394,0.414	0.365,0.387,0.436	0.014
1.0,0.983,0.984	0.958,0.987,1.0	0.007
1.0,1.0,0.972	1.0,1.0,1.0	-0.009
0.975,0.97,0.968	0.973,0.97,0.983	-0.004
1.0,0.903,0.763	0.903,0.732,1.0	0.01
1.0,1.0,1.0	0.844,1.0,0.873	0.094
0.334,0.439,0.34	0.057,0.036,0.084	0.312
0.891,1.0,0.855	0.969,1.0,1.0	-0.074
1.0,0.189,0.279	0.324,0.269,0.08	0.265
NA,1.0,NA	NA,0.0,NA	1.0
0.139,0.141,0.147	0.259,0.248,0.305	-0.128
1.0,0.678,0.706	0.514,0.909,0.424	0.179
0.029,0.01,0.007	0.0,0.0,0.013	0.011
1.0,1.0,0.977	1.0,1.0,1.0	-0.008
0.434,0.16,0.115	0.417,0.292,0.472	-0.157
0.315,0.358,0.304	0.341,0.316,0.218	0.034
1.0,0.961,1.0	1.0,1.0,1.0	-0.013
0.107,0.074,0.0	0.087,0.291,0.444	-0.214
0.0,0.0,0.0	0.182,0.0,0.0	-0.061
0.0,0.0,0.0	0.0,0.015,0.0	-0.005
0.0,0.007,0.0	0.008,0.003,0.0	-0.001
0.013,0.024,0.044	0.037,0.044,0.042	-0.014
0.295,0.174,0.242	0.093,0.09,0.059	0.156
0.0,0.0,0.13	0.075,0.294,0.0	-0.08
0.83,0.639,0.682	0.549,0.867,0.641	0.031
0.108,0.269,0.241	0.143,0.171,0.127	0.059
0.014,0.045,0.0	0.019,0.009,0.0	0.01
0.226,0.215,0.186	0.148,0.114,0.226	0.046
0.976,0.949,0.964	0.977,0.814,0.962	0.045
