IncLevel1	IncLevel2	IncLevelDifference
0.328,0.271	0.271,0.113	0.107
1.0,0.909	1.0,1.0	-0.045
0.044,0.059	0.062,0.022	0.01
0.909,0.922	0.963,0.928	-0.03
0.974,0.945	0.935,0.961	0.012
1.0,0.986	1.0,1.0	-0.007
1.0,1.0	1.0,0.949	0.026
1.0,1.0	0.989,1.0	0.006
1.0,0.999	1.0,1.0	-0.0
0.822,0.733	0.934,1.0	-0.19
1.0,0.959	1.0,1.0	-0.02
0.136,0.061	0.084,0.12	-0.004
0.007,0.002	0.028,0.019	-0.019
0.99,0.997	0.988,0.992	0.004
0.994,0.987	0.991,0.992	-0.001
0.209,0.134	0.102,0.057	0.092
0.852,0.955	0.838,0.625	0.172
0.952,0.961	0.94,1.0	-0.014
0.992,0.989	0.967,0.982	0.016
0.416,1.0	1.0,1.0	-0.292
0.872,0.861	0.788,0.793	0.076
0.544,0.054	0.604,1.0	-0.503
0.159,0.243	0.209,0.196	-0.002
0.126,0.037	0.269,0.311	-0.209
0.424,0.489	0.343,0.455	0.057
0.114,0.101	0.171,0.263	-0.11
0.137,0.101	0.261,0.277	-0.15
0.023,0.016	0.013,0.033	-0.003
0.528,0.381	0.31,0.353	0.123
0.913,0.966	0.934,0.934	0.005
0.136,0.105	0.141,0.094	0.003
0.965,0.972	0.989,1.0	-0.026
0.534,0.591	0.684,0.192	0.124
0.116,0.092	0.149,0.096	-0.018
0.941,0.952	0.774,0.926	0.096
0.154,0.102	0.185,0.0	0.036
0.383,0.165	0.178,0.224	0.073
0.084,0.0	0.0,0.0	0.042
0.175,0.361	0.23,0.071	0.118
0.903,0.95	0.875,0.867	0.055
0.8,0.842	0.68,0.636	0.163
0.176,0.064	0.068,0.036	0.068
0.503,0.485	0.61,0.341	0.018
0.833,0.913	1.0,1.0	-0.127
0.755,1.0	0.506,1.0	0.124
1.0,1.0	0.894,1.0	0.053
0.294,0.069	0.773,0.28	-0.345
0.761,0.623	0.578,0.473	0.166
1.0,1.0	0.999,0.995	0.003
0.778,0.455	0.385,0.6	0.124
0.229,0.429	0.226,0.286	0.073
0.966,0.967	0.981,0.962	-0.005
0.828,0.836	0.898,0.952	-0.093
0.851,0.908	0.908,0.881	-0.015
0.208,0.478	1.0,1.0	-0.657
0.478,0.234	0.0,0.478	0.117
0.879,0.911	0.936,1.0	-0.073
0.831,0.902	1.0,1.0	-0.133
0.402,0.582	0.546,0.548	-0.055
1.0,1.0	1.0,0.949	0.026
0.824,0.736	0.879,0.723	-0.021
0.959,0.966	0.842,0.901	0.091
0.175,0.139	0.309,0.217	-0.106
0.032,0.014	0.089,0.075	-0.059
0.76,0.725	0.766,0.764	-0.023
0.808,0.739	0.8,0.764	-0.008
0.874,0.791	0.773,0.779	0.056
0.014,0.0	0.034,0.047	-0.034
0.0,0.529	0.31,1.0	-0.391
0.069,0.044	0.06,0.058	-0.002
0.021,0.104	0.042,0.22	-0.069
0.998,1.0	1.0,1.0	-0.001
0.16,0.133	0.108,0.099	0.043
0.758,0.777	0.737,0.698	0.05
0.132,0.085	0.023,0.0	0.097
0.428,0.344	0.512,0.614	-0.177
1.0,0.983	0.99,0.972	0.011
0.0,0.006	0.004,0.009	-0.003
0.945,0.968	0.973,0.958	-0.009
0.959,0.943	0.982,0.971	-0.025
0.019,0.023	0.025,0.013	0.002
0.999,1.0	1.0,1.0	-0.0
0.937,0.752	0.796,1.0	-0.053
0.0,0.097	0.0,0.0	0.049
0.977,0.96	1.0,1.0	-0.032
0.463,0.108	0.0,0.0	0.286
1.0,1.0	1.0,0.526	0.237
0.801,0.663	0.579,0.786	0.049
1.0,0.97	1.0,1.0	-0.015
1.0,0.912	1.0,1.0	-0.044
0.966,1.0	1.0,0.964	0.001
0.067,0.072	0.07,0.0	0.035
0.011,0.013	0.0,0.016	0.004
0.987,0.99	0.988,0.99	-0.001
0.978,0.936	0.636,1.0	0.139
0.105,0.143	0.034,0.176	0.019
0.521,0.486	0.509,0.611	-0.056
0.461,0.528	0.383,0.5	0.053
0.429,0.293	0.235,0.36	0.064
0.952,1.0	0.947,0.904	0.05
0.011,0.024	0.016,0.01	0.005
0.91,0.903	0.871,0.758	0.092
0.1,0.075	0.072,0.059	0.022
0.536,0.583	0.488,0.543	0.044
0.01,0.025	0.003,0.005	0.014
0.139,0.0	0.0,NA	0.07
1.0,0.999	1.0,1.0	-0.0
0.041,0.0	0.0,0.229	-0.094
0.086,0.1	0.094,0.08	0.006
0.85,0.907	0.979,0.829	-0.025
0.011,0.013	0.014,0.019	-0.005
0.699,0.693	0.77,0.637	-0.008
0.998,0.998	0.998,0.999	-0.0
0.948,0.91	0.806,0.858	0.097
0.917,0.936	0.669,0.733	0.226
0.371,0.481	0.302,0.649	-0.05
0.728,0.877	0.862,1.0	-0.129
0.627,0.623	0.683,0.581	-0.007
0.115,0.119	0.073,0.049	0.056
1.0,1.0	0.902,1.0	0.049
0.04,0.009	0.045,0.03	-0.013
0.0,0.052	0.0,0.0	0.026
0.575,0.644	0.566,0.598	0.027
1.0,1.0	0.973,1.0	0.014
0.068,0.118	0.086,0.103	-0.002
0.848,0.913	0.771,0.826	0.082
0.945,0.92	0.932,0.957	-0.012
0.269,0.28	0.258,0.09	0.101
0.139,0.171	0.13,0.102	0.039
0.013,0.041	0.021,0.015	0.009
0.954,1.0	1.0,0.882	0.036
0.849,0.87	0.764,0.793	0.081
0.927,0.946	0.924,0.853	0.048
0.068,0.043	0.065,0.023	0.012
0.99,0.977	0.962,0.874	0.066
1.0,0.989	1.0,1.0	-0.006
0.955,0.955	0.967,0.971	-0.014
0.831,1.0	0.621,0.0	0.605
0.972,0.99	0.988,0.981	-0.003
0.798,0.812	0.782,0.818	0.005
1.0,0.995	1.0,1.0	-0.002
0.064,0.139	0.111,0.272	-0.09
1.0,0.274	0.739,1.0	-0.232
1.0,0.607	0.563,0.537	0.253
0.99,1.0	0.976,0.986	0.014
0.041,0.007	0.075,0.092	-0.059
0.437,0.455	0.309,0.421	0.081
0.088,0.061	0.056,0.08	0.006
0.957,0.931	0.92,0.897	0.035
0.633,0.704	0.857,0.589	-0.054
0.101,0.12	0.052,0.035	0.067
0.088,0.117	0.098,0.134	-0.013
0.585,0.588	0.674,0.775	-0.138
1.0,1.0	0.752,1.0	0.124
1.0,1.0	0.876,1.0	0.062
0.95,0.767	0.908,0.868	-0.029
0.005,0.002	0.009,0.009	-0.005
0.26,0.2	0.238,NA	-0.008
0.055,0.166	0.139,0.0	0.041
0.025,0.034	0.03,0.008	0.011
0.366,0.553	0.398,0.452	0.034
0.467,0.456	0.198,0.244	0.241
0.983,0.965	0.983,0.978	-0.006
0.104,0.114	0.2,0.224	-0.103
0.012,0.011	0.019,0.018	-0.007
0.922,0.93	1.0,0.826	0.013
0.781,0.593	0.829,1.0	-0.227
0.019,0.015	0.005,0.022	0.004
0.167,0.147	0.297,0.296	-0.139
0.582,0.507	0.493,0.396	0.1
0.026,0.04	0.053,0.058	-0.022
0.01,0.023	0.024,0.049	-0.02
0.139,0.156	0.049,0.0	0.123
0.095,0.151	0.111,0.13	0.003
0.185,0.27	0.23,0.226	-0.001
0.908,0.947	0.943,1.0	-0.044
0.696,0.678	0.833,0.689	-0.074
0.339,0.301	0.205,0.135	0.15
0.68,0.72	0.593,0.578	0.115
0.882,0.909	0.818,1.0	-0.014
0.637,0.722	0.7,0.539	0.06
0.746,0.819	0.724,0.481	0.18
0.765,0.84	1.0,0.429	0.088
0.016,0.0	0.011,0.047	-0.021
0.04,0.023	0.0,0.0	0.032
0.996,1.0	1.0,1.0	-0.002
0.979,0.979	0.972,0.978	0.004
0.699,0.644	0.618,0.647	0.039
0.007,0.006	0.009,0.005	-0.0
0.031,0.128	0.015,0.025	0.059
0.089,0.15	0.469,0.639	-0.435
0.882,0.964	0.86,0.938	0.024
1.0,0.0	1.0,1.0	-0.5
0.421,0.577	0.616,0.465	-0.041
1.0,0.903	0.728,0.835	0.17
1.0,0.979	0.856,0.914	0.105
0.811,0.921	0.963,1.0	-0.115
0.884,0.932	0.881,0.936	-0.001
0.155,0.112	0.181,0.255	-0.084
0.013,0.023	0.013,0.021	0.001
0.986,0.987	1.0,1.0	-0.014
0.223,0.227	0.174,0.225	0.025
0.0,0.0	0.0,1.0	-0.5
0.961,0.924	0.963,0.92	0.001
0.74,0.715	0.759,0.775	-0.039
0.571,0.544	0.654,0.59	-0.065
0.958,0.964	0.952,0.969	0.001
0.859,0.911	0.924,0.977	-0.066
0.716,0.784	0.838,0.958	-0.148
0.117,0.132	0.132,0.182	-0.033
0.035,0.036	0.073,0.0	-0.001
0.975,0.924	0.943,0.871	0.042
0.728,1.0	1.0,NA	-0.136
1.0,0.667	1.0,1.0	-0.166
0.0,0.327	0.493,1.0	-0.583
1.0,0.993	0.991,1.0	0.001
0.182,0.172	0.458,0.416	-0.26
0.584,0.686	0.755,0.846	-0.165
0.208,0.314	0.524,0.208	-0.105
0.967,0.949	0.939,0.9	0.038
0.553,0.593	0.61,0.583	-0.024
0.691,0.864	0.733,0.751	0.035
0.128,0.093	0.108,0.043	0.035
1.0,0.9	1.0,0.73	0.085
1.0,1.0	1.0,0.995	0.002
0.882,1.0	0.862,0.651	0.185
0.193,0.154	0.125,0.149	0.036
0.144,0.174	0.235,0.17	-0.044
0.052,0.024	0.041,0.106	-0.035
0.797,0.746	0.808,0.918	-0.091
0.657,0.846	0.596,0.561	0.173
0.155,0.231	0.233,0.264	-0.055
0.138,0.183	0.214,0.248	-0.07
0.029,0.018	0.023,0.012	0.006
0.986,0.983	0.982,1.0	-0.007
0.767,0.744	0.846,1.0	-0.167
0.467,0.0	1.0,1.0	-0.766
0.44,0.421	0.421,0.411	0.015
0.371,0.414	0.216,0.469	0.05
0.772,1.0	1.0,1.0	-0.114
0.851,1.0	1.0,1.0	-0.075
1.0,0.987	0.98,0.944	0.032
0.216,0.272	0.593,0.597	-0.351
0.505,0.442	0.478,0.604	-0.067
1.0,1.0	1.0,0.986	0.007
0.255,0.231	0.295,0.238	-0.023
0.017,0.034	0.017,0.019	0.007
0.019,0.025	0.027,0.0	0.008
0.0,0.013	0.042,0.077	-0.053
0.739,0.86	0.85,0.239	0.255
0.082,0.041	0.034,0.026	0.032
1.0,1.0	0.997,1.0	0.002
0.982,0.972	0.981,0.981	-0.004
0.013,0.033	0.046,0.032	-0.016
1.0,1.0	0.946,1.0	0.027
0.751,0.824	0.544,0.829	0.101
0.96,0.983	1.0,1.0	-0.028
0.963,0.985	1.0,1.0	-0.026
1.0,0.803	1.0,1.0	-0.099
0.88,0.839	0.943,1.0	-0.112
0.731,0.744	0.809,0.897	-0.115
1.0,0.909	1.0,1.0	-0.045
0.053,0.043	0.053,0.074	-0.015
0.339,0.232	0.203,0.424	-0.028
0.667,0.62	0.507,0.33	0.225
0.1,0.156	0.0,0.21	0.023
0.92,0.959	1.0,1.0	-0.06
0.881,0.733	0.893,0.871	-0.075
0.529,0.091	0.143,0.333	0.072
0.129,0.077	0.0,0.0	0.103
0.559,0.724	0.741,0.625	-0.042
0.955,0.974	0.929,0.965	0.017
0.966,0.97	0.983,0.954	-0.0
0.717,0.793	0.794,0.803	-0.043
1.0,0.714	0.538,0.5	0.338
0.005,0.002	0.003,0.004	0.0
0.001,0.002	0.004,0.005	-0.003
0.197,0.375	0.499,0.444	-0.185
0.475,0.563	0.72,0.523	-0.103
1.0,0.99	1.0,1.0	-0.005
1.0,0.969	0.982,1.0	-0.007
0.68,0.652	0.524,0.641	0.084
0.031,0.033	0.0,0.019	0.022
0.236,0.146	0.244,0.393	-0.128
0.0,0.0	0.001,0.0	-0.001
0.514,0.421	0.335,0.476	0.062
0.972,0.954	0.99,0.985	-0.025
0.525,0.5	0.609,0.583	-0.084
0.364,0.294	0.578,0.405	-0.163
0.0,0.001	0.002,0.0	-0.001
0.928,0.799	0.909,0.941	-0.061
0.036,0.045	0.041,0.022	0.009
0.991,0.997	0.996,1.0	-0.004
0.521,0.387	0.193,0.561	0.077
0.699,0.731	0.946,1.0	-0.258
0.689,0.785	0.97,1.0	-0.248
0.0,0.005	0.005,0.0	0.0
1.0,0.953	1.0,NA	-0.024
0.794,1.0	1.0,NA	-0.103
0.95,1.0	0.944,1.0	0.003
0.356,0.467	0.28,0.351	0.096
0.979,0.988	1.0,1.0	-0.016
0.01,0.01	0.009,0.008	0.001
0.042,0.0	0.0,0.0	0.021
0.244,0.66	0.0,0.368	0.268
0.091,0.115	0.183,0.231	-0.104
0.721,0.729	0.713,0.768	-0.015
1.0,0.99	1.0,0.97	0.01
1.0,0.993	1.0,1.0	-0.004
0.977,0.976	1.0,1.0	-0.024
0.067,0.065	0.071,0.099	-0.019
0.925,0.96	0.97,1.0	-0.042
0.814,0.823	0.737,0.844	0.028
0.845,0.828	0.737,0.681	0.127
0.906,0.878	0.821,0.955	0.004
0.939,0.933	0.919,0.927	0.013
0.055,0.073	0.085,0.087	-0.022
1.0,0.917	1.0,1.0	-0.041
0.021,0.019	0.0,0.013	0.014
0.006,0.003	0.006,0.0	0.002
0.007,0.014	0.014,0.023	-0.008
0.199,0.26	0.076,0.035	0.174
0.008,0.009	0.014,0.016	-0.006
0.0,0.478	0.0,0.0	0.239
0.06,0.019	0.055,0.0	0.012
0.524,0.508	0.538,0.544	-0.025
0.91,0.978	0.928,0.898	0.031
0.539,0.456	0.511,0.555	-0.035
0.972,0.978	0.973,1.0	-0.011
0.938,0.95	0.935,0.95	0.001
0.942,0.977	0.968,1.0	-0.024
0.284,0.47	0.36,0.356	0.019
0.399,0.153	0.321,0.394	-0.082
1.0,0.333	1.0,NA	-0.334
1.0,0.434	1.0,1.0	-0.283
0.98,1.0	0.973,0.979	0.014
0.238,0.196	0.22,0.229	-0.008
0.021,0.031	0.035,0.035	-0.009
0.556,0.48	0.68,0.713	-0.178
0.906,1.0	0.931,0.658	0.159
0.529,0.436	0.778,1.0	-0.406
0.949,1.0	1.0,1.0	-0.026
0.132,0.148	0.237,0.212	-0.084
0.244,0.122	0.327,0.548	-0.255
0.491,0.499	0.532,0.525	-0.033
0.702,0.738	0.669,0.396	0.188
0.105,0.125	0.052,0.076	0.051
0.136,0.067	0.079,0.135	-0.006
0.008,0.0	0.013,0.0	-0.002
0.025,0.061	0.102,0.0	-0.008
0.27,0.103	0.095,0.0	0.139
0.092,0.059	0.157,0.117	-0.062
0.082,0.113	0.174,0.072	-0.025
0.98,0.986	0.981,0.988	-0.001
0.383,0.367	0.521,0.0	0.114
0.0,0.0	0.065,0.0	-0.033
0.635,0.406	0.469,0.421	0.076
0.053,0.015	0.058,0.043	-0.017
0.137,0.157	0.019,0.063	0.106
0.733,0.8	0.952,0.862	-0.141
0.529,0.6	0.333,0.333	0.231
0.397,0.69	0.529,0.52	0.019
0.719,0.888	0.737,0.781	0.044
0.092,0.093	0.056,0.0	0.065
0.257,0.223	0.179,0.16	0.071
0.744,0.708	0.713,0.897	-0.079
0.314,0.407	0.0,0.478	0.121
0.0,0.593	0.0,0.0	0.296
0.9,0.94	0.947,0.934	-0.021
0.131,0.158	0.305,0.226	-0.121
0.091,0.195	0.108,0.15	0.014
0.149,0.1	0.219,0.23	-0.1
0.998,0.991	0.997,1.0	-0.004
0.972,0.986	0.932,0.919	0.053
0.818,0.906	0.876,1.0	-0.076
0.138,0.122	0.123,0.139	-0.001
0.348,0.258	0.34,0.336	-0.035
0.073,0.074	0.048,0.041	0.029
0.225,0.185	0.208,0.13	0.036
0.759,0.7	0.765,0.753	-0.029
0.301,0.0	0.0,0.463	-0.081
0.419,0.046	0.546,0.325	-0.203
1.0,1.0	1.0,0.798	0.101
1.0,0.796	0.833,1.0	-0.018
0.551,0.098	0.711,0.353	-0.208
1.0,1.0	1.0,0.816	0.092
1.0,0.83	0.888,1.0	-0.029
1.0,1.0	1.0,0.861	0.07
1.0,0.937	0.832,1.0	0.053
1.0,0.757	0.7,1.0	0.029
0.912,1.0	1.0,1.0	-0.044
0.988,0.986	0.985,0.992	-0.001
0.992,0.993	0.993,0.989	0.001
0.883,0.905	0.897,0.85	0.021
0.006,0.006	0.006,0.005	0.001
0.971,0.992	0.971,0.979	0.007
0.991,1.0	1.0,0.974	0.009
0.105,0.125	0.031,0.159	0.02
0.182,0.131	0.075,0.136	0.051
0.84,0.667	0.559,0.488	0.23
0.863,0.836	0.806,0.766	0.063
0.552,0.747	0.826,0.839	-0.183
0.011,0.007	0.004,0.006	0.004
0.05,0.084	0.0,0.051	0.042
0.037,0.102	0.035,0.058	0.023
0.267,0.244	0.289,0.347	-0.062
0.255,0.259	0.234,0.379	-0.049
1.0,0.991	1.0,1.0	-0.004
0.906,0.88	0.948,0.89	-0.026
0.467,0.429	1.0,0.2	-0.152
1.0,1.0	1.0,0.957	0.022
0.314,0.425	0.538,0.744	-0.272
0.387,0.504	0.474,0.721	-0.152
0.003,0.005	0.016,0.0	-0.004
0.855,0.944	0.969,0.86	-0.015
0.406,0.406	0.364,0.643	-0.098
0.515,0.506	0.569,0.606	-0.077
0.118,0.131	0.177,0.173	-0.05
0.407,0.57	0.444,0.431	0.051
0.296,0.0	NA,0.0	0.148
0.576,0.674	0.709,0.884	-0.171
0.035,0.026	0.0,0.021	0.02
0.911,0.969	1.0,1.0	-0.06
0.845,0.896	0.856,0.774	0.056
0.827,0.815	0.855,0.858	-0.036
0.957,0.909	0.843,1.0	0.012
0.0,0.011	0.0,0.0	0.005
0.624,0.682	0.57,0.664	0.036
0.801,1.0	0.547,1.0	0.127
0.015,0.033	0.094,0.032	-0.039
0.616,0.529	0.483,0.493	0.085
0.484,0.261	0.227,0.333	0.092
0.079,0.059	0.071,0.103	-0.018
0.993,0.981	0.986,0.946	0.021
0.971,0.962	0.963,0.974	-0.002
0.978,0.926	0.973,1.0	-0.034
0.016,0.026	0.024,0.017	0.0
0.017,0.011	0.018,0.014	-0.002
1.0,1.0	0.985,1.0	0.008
0.008,0.041	0.023,0.017	0.005
0.371,0.364	0.57,0.5	-0.167
0.093,0.069	0.057,0.031	0.037
0.997,0.997	0.994,1.0	0.0
0.855,0.859	0.823,0.841	0.025
0.975,1.0	0.94,0.947	0.044
0.126,0.094	0.161,0.165	-0.053
0.0,0.478	NA,0.0	0.239
0.692,0.75	1.0,1.0	-0.279
0.822,0.902	0.84,0.917	-0.017
0.559,0.481	0.369,0.445	0.113
0.876,0.854	0.862,0.759	0.054
0.805,0.847	0.809,0.868	-0.012
0.854,0.89	0.897,0.936	-0.045
0.598,0.629	0.732,0.731	-0.118
0.805,1.0	0.292,1.0	0.257
0.308,1.0	NA,0.0	0.654
0.939,0.959	0.974,1.0	-0.038
0.954,1.0	1.0,1.0	-0.023
0.98,1.0	1.0,1.0	-0.01
0.0,0.0	0.36,0.413	-0.386
0.75,0.739	0.467,0.467	0.277
0.006,0.007	0.014,0.014	-0.007
1.0,0.976	0.975,1.0	0.0
0.0,0.012	0.0,0.043	-0.015
1.0,1.0	0.951,1.0	0.024
0.078,0.104	0.096,0.156	-0.035
0.319,0.38	0.449,0.474	-0.112
0.503,0.45	0.247,0.389	0.159
0.842,0.905	0.923,0.844	-0.01
0.777,1.0	0.921,0.853	0.002
0.805,0.933	0.888,0.933	-0.042
0.659,0.639	0.722,0.767	-0.095
0.719,0.719	1.0,0.587	-0.075
0.818,0.765	0.706,0.759	0.059
0.901,0.768	1.0,1.0	-0.165
0.833,0.727	0.852,0.583	0.062
0.036,0.038	0.202,0.0	-0.064
0.38,0.621	0.804,0.45	-0.127
0.09,0.091	0.109,0.0	0.036
0.953,0.868	0.789,0.795	0.118
0.0,0.014	0.011,0.035	-0.016
0.792,0.792	0.696,1.0	-0.056
0.833,0.787	0.76,0.579	0.141
0.0,0.0	0.005,0.019	-0.012
0.979,1.0	1.0,0.938	0.021
1.0,1.0	0.986,1.0	0.007
0.853,1.0	1.0,0.66	0.096
0.0,0.09	0.136,0.0	-0.023
0.067,0.035	0.058,0.13	-0.043
0.209,1.0	NA,1.0	-0.395
0.0,0.0	0.06,0.063	-0.061
0.125,0.185	0.45,0.0	-0.07
0.228,0.123	0.03,0.094	0.113
0.69,0.632	0.707,0.692	-0.038
0.988,0.984	0.983,0.977	0.006
0.635,0.639	0.411,0.424	0.22
0.895,0.959	0.938,0.868	0.024
0.315,0.375	0.253,0.236	0.1
0.112,0.209	0.223,0.365	-0.133
0.694,0.733	0.788,0.689	-0.025
1.0,1.0	0.995,1.0	0.002
0.473,0.264	0.324,1.0	-0.294
0.93,0.945	0.913,0.958	0.002
0.437,0.436	0.384,0.452	0.018
0.01,0.072	0.025,0.091	-0.017
0.0,0.0	0.028,0.048	-0.038
0.692,0.721	0.75,0.714	-0.026
0.065,0.068	0.117,0.136	-0.06
0.449,0.222	0.792,0.449	-0.285
0.958,0.965	0.963,1.0	-0.02
0.864,0.93	0.91,0.865	0.01
0.956,0.971	0.894,1.0	0.016
0.997,0.998	0.998,0.998	-0.0
0.767,0.72	0.834,1.0	-0.173
0.925,0.859	0.957,0.935	-0.054
0.226,0.186	0.156,0.139	0.058
1.0,0.783	0.783,1.0	0.0
1.0,0.904	1.0,1.0	-0.048
0.535,0.486	0.521,0.472	0.014
0.05,0.071	0.147,0.092	-0.059
0.402,0.386	0.399,0.358	0.016
0.926,0.872	0.867,1.0	-0.034
0.998,0.998	1.0,1.0	-0.002
0.065,0.121	0.14,0.178	-0.066
1.0,1.0	1.0,1.0	0.0
0.955,1.0	1.0,1.0	-0.022
0.038,0.039	0.043,0.048	-0.007
1.0,1.0	0.952,1.0	0.024
1.0,1.0	0.998,1.0	0.001
0.872,0.943	1.0,0.907	-0.046
1.0,1.0	0.829,1.0	0.086
0.076,0.088	0.053,0.06	0.025
0.911,0.938	0.944,0.941	-0.018
1.0,0.998	0.997,1.0	0.001
0.664,0.63	0.677,0.265	0.176
0.653,0.557	0.611,0.485	0.057
0.627,0.478	0.433,0.647	0.012
0.454,0.393	0.327,0.66	-0.07
0.019,0.015	0.009,0.025	0.0
0.564,0.613	0.707,0.376	0.047
0.729,0.851	0.834,0.813	-0.033
0.962,0.789	0.697,0.948	0.053
0.402,0.322	0.173,0.117	0.217
0.91,0.939	0.841,0.943	0.033
0.949,0.925	0.937,0.858	0.04
0.933,1.0	0.952,1.0	-0.009
0.05,0.074	0.132,0.0	-0.004
0.989,0.976	0.991,1.0	-0.013
0.227,0.085	0.158,0.226	-0.036
0.023,0.03	0.0,0.0	0.026
0.382,0.515	0.458,0.341	0.049
0.144,0.224	0.321,0.201	-0.077
0.984,0.953	1.0,1.0	-0.032
0.973,0.895	0.969,1.0	-0.05
0.995,0.981	0.995,1.0	-0.01
0.922,0.898	0.895,0.867	0.029
0.015,0.023	0.018,0.013	0.003
0.025,0.027	0.023,0.017	0.006
0.413,0.424	0.273,0.314	0.125
0.263,0.337	0.231,0.307	0.031
0.294,0.336	0.201,0.254	0.087
0.577,0.507	0.492,0.429	0.082
0.706,0.605	0.597,0.508	0.103
0.595,0.559	0.541,0.482	0.065
0.305,0.346	0.451,0.462	-0.131
0.116,0.151	0.098,0.185	-0.008
0.122,0.121	0.202,0.159	-0.059
0.101,0.16	0.122,0.205	-0.033
0.011,0.013	0.034,0.031	-0.021
0.988,1.0	1.0,1.0	-0.006
0.007,0.015	0.022,0.028	-0.014
0.612,0.648	0.706,0.637	-0.041
0.189,0.106	0.094,0.0	0.1
0.022,0.031	0.016,0.018	0.009
0.716,0.936	1.0,0.618	0.017
0.0,0.094	0.172,0.0	-0.039
0.966,0.918	0.937,0.936	0.005
0.028,0.035	0.0,0.022	0.021
0.429,0.333	0.63,1.0	-0.434
0.174,0.32	0.407,0.061	0.013
0.242,0.45	0.414,0.036	0.121
0.158,0.261	0.284,0.405	-0.135
0.93,0.923	1.0,0.961	-0.054
0.0,0.054	0.022,0.0	0.016
0.686,0.493	0.378,0.357	0.222
0.464,0.411	0.496,0.532	-0.077
1.0,0.957	1.0,1.0	-0.022
0.009,0.028	0.011,0.057	-0.016
0.323,0.22	0.241,0.342	-0.02
0.004,0.003	0.005,0.006	-0.002
0.618,0.694	0.758,0.574	-0.01
0.197,0.181	0.128,0.085	0.082
0.085,0.02	0.022,0.0	0.042
0.864,0.899	0.841,0.937	-0.008
0.01,0.002	0.0,0.0	0.006
0.971,1.0	1.0,1.0	-0.014
0.017,0.066	0.014,0.064	0.003
0.003,0.016	0.012,0.016	-0.005
0.81,0.957	0.872,1.0	-0.052
0.92,0.943	0.937,0.925	0.0
1.0,0.996	1.0,1.0	-0.002
0.794,1.0	1.0,1.0	-0.103
0.586,0.619	0.667,0.652	-0.057
0.667,1.0	1.0,0.857	-0.095
1.0,0.996	0.982,1.0	0.007
0.508,0.752	0.655,0.603	0.001
0.393,0.453	0.511,0.523	-0.094
0.301,0.266	0.518,0.463	-0.207
0.792,0.0	0.792,NA	-0.396
0.939,0.967	1.0,1.0	-0.047
0.042,0.04	0.054,0.043	-0.007
0.307,0.249	0.306,0.492	-0.121
1.0,0.926	1.0,1.0	-0.037
0.635,0.611	0.207,NA	0.416
0.305,0.467	0.0,NA	0.386
0.093,0.121	0.078,0.446	-0.155
1.0,0.982	1.0,1.0	-0.009
0.994,1.0	0.995,1.0	-0.001
1.0,0.972	1.0,1.0	-0.014
0.363,0.0	NA,0.0	0.181
0.861,0.979	0.914,1.0	-0.037
1.0,0.973	1.0,1.0	-0.014
0.038,0.087	0.091,0.091	-0.028
0.765,0.786	0.835,0.845	-0.064
0.862,1.0	0.789,1.0	0.036
1.0,1.0	1.0,0.985	0.008
0.741,0.364	0.0,0.0	0.552
0.0,0.467	0.0,0.0	0.234
1.0,0.696	NA,0.0	0.848
0.0,1.0	0.0,0.0	0.5
0.28,0.306	0.0,0.0	0.293
0.003,0.011	0.011,0.004	-0.001
0.055,0.245	0.104,0.069	0.064
0.31,0.285	0.309,0.273	0.006
1.0,0.997	1.0,1.0	-0.002
0.275,0.138	0.108,0.214	0.046
0.379,0.128	0.25,0.333	-0.038
1.0,1.0	0.994,1.0	0.003
0.282,0.145	0.27,0.294	-0.069
0.435,0.183	0.45,0.267	-0.05
0.792,0.717	0.629,0.458	0.211
0.949,0.84	1.0,0.925	-0.068
0.987,0.978	0.982,0.987	-0.002
0.992,0.998	0.995,0.992	0.001
0.989,0.998	0.994,0.988	0.003
1.0,0.99	0.993,0.993	0.002
1.0,0.996	0.993,1.0	0.002
1.0,0.995	0.992,1.0	0.002
0.524,0.521	0.559,0.558	-0.036
0.136,0.172	0.32,0.136	-0.074
0.962,0.947	0.987,1.0	-0.039
0.362,0.287	0.49,0.627	-0.234
0.973,0.929	0.978,1.0	-0.038
0.988,1.0	1.0,1.0	-0.006
0.959,0.944	0.88,0.937	0.043
0.742,0.707	0.623,0.524	0.151
1.0,1.0	0.988,1.0	0.006
0.284,0.339	0.278,0.32	0.012
0.758,0.598	0.623,0.693	0.02
0.848,0.788	0.843,0.844	-0.025
0.979,1.0	1.0,0.957	0.011
0.783,0.753	0.722,0.689	0.062
0.782,0.765	0.641,0.835	0.036
0.817,0.829	0.811,0.829	0.003
1.0,1.0	0.912,0.708	0.19
0.028,0.027	0.009,0.0	0.023
0.937,0.876	0.984,0.913	-0.042
0.547,0.622	0.513,0.278	0.189
0.014,0.023	0.01,0.07	-0.022
0.138,0.121	0.069,0.49	-0.15
0.977,0.981	0.969,1.0	-0.005
0.228,1.0	0.228,1.0	0.0
0.128,0.0	0.0,0.0	0.064
0.14,0.083	0.0,0.14	0.042
0.283,0.327	0.111,0.26	0.119
0.033,0.02	0.039,0.028	-0.007
0.014,0.023	0.023,0.01	0.002
0.887,0.792	0.907,0.814	-0.021
1.0,0.513	NA,0.0	0.756
0.455,0.46	0.546,0.509	-0.07
0.721,0.877	0.69,1.0	-0.046
0.071,0.092	0.121,0.546	-0.252
0.0,0.038	0.0,0.0	0.019
0.692,0.429	0.2,0.2	0.36
0.984,0.939	0.953,0.901	0.034
0.038,0.022	0.041,0.045	-0.013
1.0,0.869	1.0,NA	-0.066
0.002,0.012	0.01,0.004	0.0
0.942,1.0	1.0,1.0	-0.029
0.668,0.447	0.197,0.386	0.266
0.684,0.739	0.867,1.0	-0.222
0.719,0.463	0.776,0.94	-0.267
0.267,0.081	0.294,0.244	-0.095
0.912,0.914	0.793,0.8	0.117
0.979,0.942	0.968,0.792	0.08
0.185,0.21	0.068,0.183	0.072
0.064,0.092	0.07,0.057	0.014
0.033,0.085	0.049,0.162	-0.047
0.173,0.055	0.039,0.095	0.047
0.391,0.461	0.348,0.357	0.074
0.938,0.937	0.919,0.893	0.031
0.1,0.0	0.0,0.0	0.05
0.019,0.017	0.005,0.032	-0.0
0.97,0.99	0.97,0.986	0.002
0.969,1.0	1.0,1.0	-0.016
0.991,1.0	0.985,0.983	0.012
0.0,0.0	0.46,0.0	-0.23
0.2,0.257	0.077,0.231	0.075
0.095,0.1	0.043,0.027	0.062
1.0,0.994	0.993,0.968	0.017
0.688,0.55	0.355,1.0	-0.058
0.36,0.408	0.344,0.248	0.088
0.498,0.679	0.589,0.429	0.08
0.852,0.736	0.842,0.84	-0.047
0.702,0.588	0.72,0.75	-0.09
0.741,1.0	1.0,NA	-0.129
1.0,1.0	0.875,1.0	0.062
0.777,0.796	0.923,0.862	-0.106
0.276,0.273	0.114,0.14	0.148
0.948,0.942	0.908,0.947	0.017
0.948,0.952	0.807,0.703	0.195
0.067,0.07	0.037,0.069	0.015
0.682,0.835	0.831,0.527	0.079
0.09,0.096	0.101,0.105	-0.01
0.888,0.962	0.932,0.909	0.004
0.925,1.0	1.0,1.0	-0.037
0.009,0.031	0.077,0.087	-0.062
0.895,0.79	0.586,0.611	0.244
0.883,1.0	0.586,1.0	0.149
0.773,0.689	0.886,1.0	-0.212
1.0,0.862	1.0,1.0	-0.069
0.061,0.091	0.186,0.089	-0.062
0.211,0.0	0.0,0.0	0.105
0.069,0.0	0.0,0.0	0.035
0.526,0.455	0.667,0.895	-0.29
0.939,0.915	0.941,0.917	-0.002
0.725,0.697	0.808,0.632	-0.009
0.907,0.938	0.958,0.927	-0.02
0.217,0.1	0.0,0.053	0.132
0.016,0.025	0.024,0.02	-0.001
0.808,1.0	1.0,0.0	0.404
0.478,0.402	0.0,0.433	0.224
0.817,0.774	0.674,0.708	0.104
1.0,0.914	0.66,1.0	0.127
0.019,0.021	0.02,0.0	0.01
0.661,0.581	0.409,0.414	0.21
0.835,0.832	0.709,0.603	0.177
0.986,1.0	1.0,1.0	-0.007
0.019,0.022	0.0,0.083	-0.021
0.0,0.0	0.042,0.0	-0.021
0.0,0.031	0.0,0.037	-0.003
0.998,1.0	1.0,1.0	-0.001
0.073,0.143	0.139,0.0	0.038
0.888,0.845	0.887,0.897	-0.025
0.341,0.258	0.224,0.31	0.032
0.993,0.998	0.993,0.994	0.002
0.163,0.091	0.108,0.086	0.03
0.687,0.689	0.818,0.848	-0.145
1.0,0.971	1.0,1.0	-0.014
0.009,0.02	0.0,0.0	0.014
0.247,0.335	0.409,0.548	-0.188
0.832,0.85	0.739,1.0	-0.028
0.999,0.999	0.998,1.0	0.0
0.0,0.015	0.018,0.014	-0.009
0.995,0.988	0.988,1.0	-0.002
0.737,0.732	0.508,0.561	0.2
0.05,0.039	0.03,0.059	0.0
0.288,0.195	0.337,0.28	-0.067
0.146,0.23	0.148,0.12	0.054
0.969,0.979	0.959,0.976	0.006
0.901,0.874	1.0,1.0	-0.113
0.72,0.821	0.93,0.926	-0.158
0.166,0.171	0.203,0.403	-0.135
0.352,0.313	0.511,0.65	-0.248
0.668,0.899	0.597,0.792	0.089
0.771,0.942	0.609,0.754	0.175
0.041,0.031	0.042,0.048	-0.009
0.104,0.143	0.111,0.107	0.014
0.866,0.966	1.0,1.0	-0.084
0.934,1.0	0.965,0.796	0.087
1.0,1.0	0.988,1.0	0.006
0.103,0.0	0.0,0.0	0.051
1.0,0.493	1.0,NA	-0.254
0.718,0.713	0.722,0.576	0.067
0.783,0.718	0.818,0.474	0.105
0.828,0.759	0.688,0.832	0.033
0.834,0.896	0.952,0.947	-0.085
0.715,0.525	0.788,0.614	-0.081
0.372,0.629	0.632,0.391	-0.011
0.089,0.049	0.125,0.0	0.007
0.566,0.455	0.709,0.663	-0.175
0.011,0.015	0.021,0.029	-0.012
0.552,0.351	0.365,0.365	0.087
0.253,0.142	0.138,0.202	0.027
0.698,0.692	0.67,0.608	0.056
0.0,0.042	0.0,0.0	0.021
0.909,1.0	1.0,1.0	-0.045
0.037,0.092	0.088,0.088	-0.023
1.0,1.0	0.986,0.98	0.017
1.0,0.975	0.98,1.0	-0.002
0.166,0.147	0.0,0.0	0.157
0.978,0.987	0.983,0.991	-0.005
0.009,0.01	0.006,0.015	-0.001
0.539,0.538	0.678,0.647	-0.124
0.155,0.0	0.0,0.0	0.077
0.02,0.02	0.02,0.034	-0.007
1.0,0.889	1.0,1.0	-0.055
0.208,0.175	0.282,0.0	0.051
0.431,0.248	0.468,0.432	-0.11
0.942,0.987	0.795,1.0	0.067
0.076,0.091	0.086,0.089	-0.004
0.433,0.476	0.479,0.464	-0.017
0.099,0.124	0.111,0.058	0.027
0.983,0.989	0.973,0.973	0.013
0.035,0.018	0.014,0.015	0.012
0.039,0.04	0.0,0.0	0.04
1.0,0.985	0.935,1.0	0.025
0.989,1.0	1.0,1.0	-0.006
0.016,0.034	0.027,0.028	-0.002
0.73,0.583	0.803,0.801	-0.146
0.008,0.023	0.0,0.051	-0.01
1.0,0.988	1.0,1.0	-0.006
0.017,0.019	0.008,0.074	-0.023
0.026,0.039	0.016,0.032	0.009
0.995,0.987	0.995,0.992	-0.003
0.98,0.988	0.959,1.0	0.004
0.99,0.998	0.995,0.994	-0.0
0.208,0.09	0.091,0.195	0.006
0.021,0.028	0.053,0.026	-0.015
1.0,1.0	0.939,1.0	0.03
0.011,0.01	0.014,0.017	-0.005
0.453,0.48	0.356,0.35	0.114
0.939,0.93	0.906,0.972	-0.005
0.795,1.0	0.872,1.0	-0.038
0.213,0.167	0.288,0.245	-0.076
0.091,0.044	0.077,0.0	0.029
0.497,0.423	0.432,0.439	0.024
0.026,0.048	0.087,0.065	-0.039
1.0,1.0	1.0,0.913	0.043
0.862,0.914	1.0,0.828	-0.026
0.858,0.838	0.729,0.879	0.044
0.026,0.012	0.027,0.01	0.001
0.564,0.36	0.304,0.212	0.204
0.848,0.806	0.789,0.936	-0.036
0.0,0.037	0.0,0.0	0.018
0.117,0.041	0.123,0.076	-0.021
0.469,0.464	0.437,0.339	0.079
0.971,0.982	0.938,0.871	0.072
0.878,1.0	1.0,1.0	-0.061
0.121,0.215	0.148,0.098	0.045
0.951,0.925	0.968,0.959	-0.026
0.933,0.987	0.986,0.964	-0.015
0.978,1.0	1.0,1.0	-0.011
1.0,0.961	1.0,1.0	-0.02
0.368,0.357	0.493,0.195	0.019
0.744,0.799	0.548,0.585	0.205
0.042,0.0	0.054,0.074	-0.043
0.062,0.025	0.112,0.025	-0.025
0.302,0.273	0.333,0.238	0.002
1.0,0.879	1.0,1.0	-0.06
0.844,1.0	1.0,1.0	-0.078
0.0,NA	0.303,NA	-0.303
0.059,0.042	0.052,0.027	0.011
0.471,0.739	0.745,0.455	0.005
0.493,1.0	1.0,1.0	-0.254
0.025,0.049	0.0,0.0	0.037
0.686,0.702	0.469,0.708	0.105
0.529,0.278	0.652,0.636	-0.24
0.224,0.391	0.467,0.333	-0.093
0.309,0.588	0.448,0.333	0.058
1.0,1.0	0.905,1.0	0.047
0.053,0.056	0.039,0.038	0.016
0.103,0.07	0.09,0.143	-0.03
0.504,0.545	0.692,0.6	-0.121
0.796,0.894	0.677,0.963	0.025
1.0,0.992	1.0,1.0	-0.004
0.922,0.906	0.884,0.868	0.038
0.35,0.25	0.301,0.118	0.09
0.115,0.036	0.042,0.098	0.005
0.855,0.96	0.969,1.0	-0.077
0.076,0.132	0.11,0.228	-0.065
0.179,0.101	0.151,0.13	-0.001
0.322,0.272	0.372,0.377	-0.077
0.008,0.011	0.042,0.094	-0.059
0.026,0.0	0.061,0.0	-0.018
0.891,0.833	0.824,0.907	-0.003
0.988,0.989	0.993,0.989	-0.003
0.961,0.931	0.973,1.0	-0.04
0.16,0.175	0.259,0.256	-0.09
0.716,0.679	0.476,0.463	0.228
0.806,0.851	0.831,0.792	0.017
1.0,0.983	0.989,1.0	-0.003
0.818,0.574	0.889,1.0	-0.249
0.778,0.8	0.778,1.0	-0.1
0.12,0.038	0.139,0.281	-0.131
0.063,0.007	0.087,0.059	-0.038
0.964,1.0	0.976,0.948	0.02
0.567,0.498	0.526,0.472	0.033
0.048,0.111	0.038,0.151	-0.015
0.979,0.983	0.955,0.973	0.017
0.088,0.105	0.054,0.024	0.058
0.916,0.95	0.828,0.939	0.05
0.755,0.776	0.553,0.655	0.161
0.966,0.972	0.967,0.981	-0.005
1.0,0.999	0.998,1.0	0.001
0.995,0.991	0.996,0.998	-0.004
0.986,0.989	0.993,0.993	-0.005
1.0,0.985	0.968,1.0	0.008
0.955,0.922	0.958,0.971	-0.026
0.929,0.952	0.966,0.958	-0.021
0.888,0.834	0.897,0.94	-0.057
0.904,0.939	0.954,0.948	-0.029
0.884,0.928	0.945,0.936	-0.034
0.885,0.88	0.9,0.879	-0.007
0.865,0.705	0.738,0.895	-0.032
0.979,0.972	0.922,0.949	0.04
0.95,0.937	0.883,0.93	0.037
0.018,0.009	0.02,0.0	0.003
0.969,0.927	0.935,0.92	0.02
0.737,1.0	1.0,0.483	0.127
1.0,0.967	1.0,1.0	-0.016
0.249,0.264	0.3,0.402	-0.094
0.034,0.105	0.159,0.0	-0.01
0.057,0.055	0.06,0.0	0.026
0.203,0.168	0.437,0.493	-0.279
1.0,1.0	0.89,0.81	0.15
0.493,0.716	0.327,0.244	0.319
0.799,0.847	0.686,0.659	0.15
1.0,0.783	0.763,1.0	0.01
1.0,0.877	0.923,1.0	-0.023
1.0,0.966	1.0,1.0	-0.017
0.055,0.061	0.05,0.158	-0.046
0.0,0.0	NA,1.0	-1.0
0.409,0.551	0.58,0.598	-0.109
0.969,0.949	0.964,0.976	-0.011
0.976,0.971	0.929,0.942	0.038
1.0,1.0	1.0,0.493	0.254
0.032,0.023	0.034,0.01	0.005
0.115,0.13	0.122,0.0	0.061
0.621,0.579	0.622,0.63	-0.026
0.985,0.903	0.827,0.741	0.16
0.032,0.084	0.105,0.093	-0.041
0.621,0.482	0.578,0.678	-0.077
0.176,0.122	0.139,0.209	-0.025
0.576,0.694	0.608,0.0	0.331
0.099,0.076	0.05,0.057	0.034
0.124,0.124	0.17,0.089	-0.006
0.0,0.0	0.019,0.0	-0.009
0.948,0.943	1.0,1.0	-0.054
0.096,0.079	0.407,0.828	-0.53
0.0,0.314	0.314,1.0	-0.5
0.376,0.395	0.4,0.241	0.065
0.021,0.034	0.034,0.043	-0.011
0.822,0.71	0.355,0.435	0.371
0.853,0.897	0.784,0.853	0.056
1.0,0.885	0.868,0.724	0.146
0.999,1.0	1.0,1.0	-0.0
0.128,0.061	0.063,0.082	0.022
0.199,0.32	0.273,0.327	-0.041
0.971,1.0	0.971,1.0	0.0
0.108,0.108	0.084,0.08	0.026
0.972,1.0	1.0,1.0	-0.014
0.021,0.029	0.05,0.0	0.0
0.313,0.332	0.277,0.184	0.092
1.0,0.974	0.969,1.0	0.003
0.998,1.0	0.995,1.0	0.001
1.0,0.953	1.0,1.0	-0.024
0.118,0.121	0.258,0.258	-0.139
0.536,0.534	0.702,0.708	-0.17
0.003,0.006	0.01,0.008	-0.005
0.326,0.283	0.4,0.407	-0.099
1.0,0.969	0.984,0.965	0.01
0.433,0.252	0.621,0.692	-0.314
0.72,0.888	1.0,0.651	-0.021
0.859,0.886	0.985,0.981	-0.11
0.78,0.922	0.938,0.932	-0.084
0.102,0.113	0.175,0.172	-0.066
0.845,0.438	0.438,0.163	0.341
0.7,0.651	0.0,0.483	0.434
0.525,0.381	0.904,0.463	-0.23
NA,0.2	1.0,NA	-0.8
0.767,0.889	0.881,0.815	-0.02
0.007,0.017	0.025,0.006	-0.003
1.0,0.857	0.8,1.0	0.028
1.0,0.857	0.8,1.0	0.028
0.391,0.44	0.091,0.556	0.092
0.384,0.553	0.761,0.672	-0.248
0.187,0.114	0.354,0.087	-0.07
0.253,0.067	0.097,0.0	0.112
0.109,0.14	0.146,0.087	0.008
0.34,0.419	0.42,0.364	-0.013
0.365,0.392	0.204,0.092	0.231
0.855,0.855	0.798,0.804	0.054
0.031,0.017	0.03,0.013	0.003
0.987,0.968	0.976,0.978	0.001
0.978,0.993	0.958,0.974	0.02
0.253,0.177	0.336,0.085	0.004
0.443,0.326	0.257,0.299	0.106
0.806,0.821	0.814,1.0	-0.094
0.198,0.452	0.0,0.0	0.325
0.787,0.885	1.0,0.692	-0.01
0.244,0.076	0.097,0.244	-0.01
0.757,0.512	0.587,0.549	0.067
0.026,0.022	0.017,0.037	-0.003
0.974,0.973	0.952,1.0	-0.002
0.983,0.984	0.966,1.0	0.001
0.696,0.78	0.649,0.546	0.14
1.0,1.0	0.0,1.0	0.5
0.984,1.0	1.0,1.0	-0.008
1.0,0.735	1.0,NA	-0.133
0.651,0.728	0.611,0.558	0.105
0.996,1.0	1.0,1.0	-0.002
0.878,0.833	0.943,1.0	-0.116
0.652,1.0	0.754,1.0	-0.051
0.852,1.0	0.88,1.0	-0.014
1.0,0.918	1.0,1.0	-0.041
0.016,0.013	0.019,0.015	-0.003
0.032,0.0	0.0,0.087	-0.027
NA,1.0	0.0,NA	1.0
0.981,1.0	1.0,1.0	-0.01
0.901,0.773	0.767,0.784	0.061
1.0,0.974	1.0,1.0	-0.013
0.584,0.654	0.407,0.427	0.202
0.908,0.875	0.895,0.866	0.011
1.0,1.0	0.95,1.0	0.025
0.051,0.154	0.588,0.276	-0.33
0.827,0.744	0.877,0.853	-0.08
0.051,0.066	0.228,0.0	-0.056
0.066,0.072	0.0,0.026	0.056
0.985,0.969	0.992,0.986	-0.012
0.043,0.035	0.045,0.037	-0.002
0.988,0.97	1.0,0.983	-0.013
0.0,0.0	0.0,0.003	-0.002
0.749,0.757	0.65,0.578	0.139
0.897,0.846	0.872,1.0	-0.065
0.0,0.034	0.05,0.015	-0.015
0.876,0.918	0.822,0.799	0.087
0.595,0.719	0.403,0.416	0.248
0.161,0.178	0.121,0.15	0.034
0.894,0.833	0.897,0.955	-0.062
0.074,0.143	0.093,0.152	-0.014
0.6,0.917	0.692,0.6	0.113
1.0,0.852	1.0,1.0	-0.074
0.989,1.0	1.0,1.0	-0.006
0.875,0.938	0.798,0.786	0.114
0.172,0.12	0.085,0.25	-0.022
0.776,0.74	0.838,0.844	-0.083
1.0,1.0	0.979,0.934	0.043
0.998,0.998	0.999,0.998	-0.0
0.99,0.978	0.987,0.972	0.004
0.997,0.993	0.996,0.99	0.002
0.997,0.993	0.992,0.994	0.002
0.378,0.512	0.512,0.543	-0.083
0.664,0.915	0.712,0.881	-0.007
0.122,0.66	0.244,0.0	0.269
0.985,1.0	1.0,1.0	-0.008
0.801,0.808	0.912,0.916	-0.11
0.014,0.006	0.011,0.008	0.001
0.579,0.407	1.0,NA	-0.507
0.606,0.656	0.656,0.611	-0.002
0.054,0.036	0.066,0.119	-0.048
0.683,0.617	0.69,0.471	0.07
0.009,0.005	0.007,0.007	-0.0
0.282,0.273	0.247,0.217	0.045
0.95,0.99	0.971,1.0	-0.016
0.781,0.784	0.653,0.8	0.056
0.985,1.0	0.957,0.971	0.028
0.396,0.368	0.381,0.436	-0.026
0.736,0.745	0.834,0.847	-0.1
0.444,0.509	0.571,0.5	-0.059
0.982,0.988	0.974,0.984	0.006
0.064,0.03	0.038,0.0	0.028
0.799,0.821	0.739,0.616	0.133
0.379,0.241	0.417,0.238	-0.018
0.99,0.989	1.0,0.956	0.012
0.033,0.008	0.014,0.036	-0.004
0.327,0.493	0.493,0.66	-0.166
0.02,0.016	0.0,0.0	0.018
0.52,0.593	0.59,0.753	-0.115
0.292,0.373	0.32,0.191	0.077
0.007,0.009	0.007,0.005	0.002
1.0,1.0	0.972,1.0	0.014
0.907,0.923	0.925,0.801	0.052
0.985,0.981	0.967,0.955	0.022
1.0,1.0	0.985,1.0	0.008
0.566,0.621	0.606,0.68	-0.05
0.35,0.32	0.623,0.485	-0.219
0.776,1.0	1.0,NA	-0.112
0.584,0.516	0.495,0.531	0.037
0.125,0.11	0.14,0.0	0.047
1.0,0.618	1.0,1.0	-0.191
0.281,0.311	0.238,0.143	0.106
0.729,0.668	0.813,0.792	-0.104
0.03,0.074	0.023,0.016	0.033
0.969,1.0	1.0,1.0	-0.016
1.0,1.0	0.977,1.0	0.012
1.0,1.0	0.8,NA	0.2
0.146,0.171	0.195,0.0	0.061
0.214,0.34	0.348,0.057	0.075
0.118,0.249	0.251,0.352	-0.118
1.0,1.0	0.986,1.0	0.007
0.977,1.0	1.0,1.0	-0.012
1.0,0.995	0.995,1.0	0.0
0.955,0.932	0.982,0.917	-0.006
0.369,0.38	0.45,1.0	-0.35
0.971,1.0	1.0,1.0	-0.014
0.11,0.142	0.073,0.178	0.001
0.0,0.013	0.02,0.0	-0.004
0.991,0.963	0.908,1.0	0.023
0.74,0.6	0.706,0.621	0.006
0.829,0.869	0.848,0.681	0.085
0.844,0.843	0.8,0.915	-0.014
0.884,0.814	0.9,0.958	-0.08
0.215,0.101	0.225,0.223	-0.066
0.455,0.0	0.0,0.0	0.228
0.424,0.35	0.315,0.368	0.045
1.0,0.988	1.0,1.0	-0.006
0.999,0.999	1.0,1.0	-0.001
0.053,0.062	0.017,0.038	0.03
0.024,0.022	0.023,0.026	-0.002
1.0,0.647	1.0,0.478	0.085
0.019,0.033	0.0,0.0	0.026
0.972,0.937	0.989,0.897	0.011
0.203,0.25	0.288,0.429	-0.132
0.416,0.531	0.735,0.655	-0.222
0.428,0.387	0.505,0.588	-0.139
0.979,1.0	1.0,1.0	-0.01
0.822,0.729	0.697,0.697	0.079
0.0,0.317	0.076,0.148	0.047
0.466,0.212	0.28,0.139	0.13
0.911,0.831	0.93,0.758	0.027
1.0,1.0	1.0,0.99	0.005
0.098,0.11	0.343,0.0	-0.068
0.778,0.862	0.79,0.702	0.074
1.0,0.999	1.0,1.0	-0.0
0.821,0.821	0.853,1.0	-0.106
0.017,0.043	0.186,0.22	-0.173
0.002,0.002	0.0,0.006	-0.001
0.336,0.391	0.351,0.337	0.02
0.957,0.953	0.869,0.879	0.081
1.0,1.0	1.0,0.75	0.125
0.117,0.124	0.129,0.127	-0.008
0.121,0.175	0.138,0.075	0.041
0.514,0.654	0.563,0.429	0.088
0.995,0.992	0.992,0.996	-0.0
0.971,0.95	1.0,0.852	0.034
0.212,0.103	0.198,0.365	-0.124
0.827,0.86	0.678,0.925	0.042
0.996,0.996	0.985,1.0	0.004
0.768,0.701	0.73,0.751	-0.006
0.099,0.065	0.08,0.054	0.015
0.042,0.016	0.139,0.147	-0.114
0.989,0.879	0.974,0.969	-0.038
0.023,0.039	0.07,0.029	-0.019
0.937,1.0	1.0,1.0	-0.031
0.901,0.788	0.857,0.838	-0.003
0.332,0.375	0.435,0.526	-0.127
0.217,0.274	0.306,0.421	-0.118
1.0,1.0	0.993,0.985	0.011
0.0,0.0	0.0,0.021	-0.011
0.998,0.982	1.0,1.0	-0.01
0.817,0.879	0.811,0.932	-0.024
0.086,0.055	0.087,0.097	-0.022
0.783,0.819	0.791,0.772	0.019
0.951,0.928	0.95,0.939	-0.005
0.105,0.081	0.099,0.0	0.043
0.198,0.188	0.191,0.274	-0.04
1.0,1.0	0.948,1.0	0.026
0.75,1.0	0.333,NA	0.542
0.523,0.708	0.74,0.787	-0.148
0.001,0.002	0.004,0.008	-0.005
0.547,0.53	0.617,0.446	0.007
0.778,0.67	0.679,0.849	-0.04
0.216,0.042	0.096,0.039	0.061
0.092,0.09	0.175,0.247	-0.12
0.0,0.0	0.037,0.0	-0.018
0.728,0.781	0.0,1.0	0.254
0.655,0.517	0.664,0.546	-0.019
0.895,0.903	0.579,0.595	0.312
0.593,0.593	0.493,0.493	0.1
0.98,1.0	1.0,1.0	-0.01
0.952,1.0	1.0,1.0	-0.024
0.079,0.199	0.184,0.184	-0.045
0.957,1.0	1.0,1.0	-0.022
0.033,0.027	0.038,0.014	0.004
0.998,0.995	0.995,0.981	0.008
0.015,0.026	0.013,0.028	-0.0
0.911,0.859	0.922,0.922	-0.037
0.098,0.046	0.084,0.035	0.013
0.586,0.458	0.51,0.451	0.041
0.146,0.133	0.139,0.128	0.006
0.958,0.964	0.932,0.968	0.011
0.989,0.962	0.944,0.904	0.052
0.294,0.254	0.375,0.396	-0.111
0.99,1.0	0.973,1.0	0.009
0.972,0.915	0.972,0.95	-0.017
0.915,0.922	1.0,0.893	-0.028
0.986,0.995	0.987,0.996	-0.001
0.984,0.911	0.897,1.0	-0.001
0.781,0.783	0.792,0.698	0.037
0.87,1.0	1.0,1.0	-0.065
0.17,0.273	0.498,0.637	-0.346
0.98,1.0	0.968,1.0	0.006
0.144,0.296	0.296,0.296	-0.076
0.954,0.967	1.0,0.94	-0.01
0.574,0.643	1.0,1.0	-0.391
0.009,0.024	0.012,0.0	0.011
0.994,1.0	0.991,1.0	0.001
1.0,1.0	1.0,0.98	0.01
0.706,0.803	0.77,0.707	0.016
0.119,0.173	0.576,0.217	-0.25
0.006,0.006	0.006,0.006	0.0
0.307,0.325	0.078,0.089	0.233
0.944,0.953	0.963,0.977	-0.022
1.0,0.985	0.992,1.0	-0.004
0.032,0.0	0.0,0.0	0.016
0.872,0.954	0.694,0.79	0.171
0.97,0.986	0.982,0.983	-0.004
0.928,0.988	0.986,0.941	-0.006
0.019,0.025	0.06,0.054	-0.035
0.275,0.27	0.239,0.215	0.046
0.43,0.453	0.326,0.34	0.108
0.677,0.873	0.681,0.801	0.034
0.744,0.625	0.852,0.781	-0.132
0.195,0.28	0.493,0.744	-0.381
0.718,0.856	0.885,0.789	-0.05
0.896,0.761	0.759,0.874	0.012
0.855,0.703	0.706,0.889	-0.019
0.972,0.977	0.96,1.0	-0.006
0.027,0.03	0.018,0.017	0.011
0.863,0.288	0.437,0.493	0.111
0.983,0.955	0.919,0.935	0.042
1.0,1.0	1.0,0.9	0.05
0.039,0.082	0.016,0.0	0.052
0.535,0.375	0.414,0.493	0.002
0.445,0.0	0.085,0.237	0.061
0.764,0.549	1.0,1.0	-0.343
0.795,0.826	1.0,1.0	-0.19
0.0,0.0	0.155,0.234	-0.195
0.99,0.991	1.0,1.0	-0.01
0.949,0.956	0.949,1.0	-0.022
0.017,0.016	0.017,0.028	-0.006
1.0,1.0	0.995,0.998	0.004
0.268,0.263	0.162,0.11	0.13
0.834,0.84	0.781,0.676	0.108
1.0,0.971	1.0,1.0	-0.014
0.0,NA	0.67,NA	-0.67
0.346,0.209	0.0,0.143	0.206
1.0,0.793	0.636,1.0	0.079
0.915,0.967	0.949,1.0	-0.033
0.0,0.156	0.125,0.0	0.015
0.196,0.431	0.532,0.109	-0.007
0.023,0.019	0.014,0.018	0.005
0.077,0.108	0.223,0.306	-0.172
1.0,1.0	0.955,1.0	0.022
0.493,0.643	0.773,1.0	-0.319
0.96,0.974	0.945,0.963	0.013
0.029,0.024	0.013,0.037	0.002
0.516,0.483	0.753,0.717	-0.235
0.771,0.875	0.919,0.787	-0.03
0.627,0.627	0.77,1.0	-0.258
1.0,1.0	1.0,0.485	0.258
1.0,1.0	1.0,0.899	0.05
0.985,0.978	1.0,1.0	-0.018
0.034,0.056	0.374,0.244	-0.264
0.033,0.048	0.0,0.0	0.041
0.327,0.218	0.203,0.517	-0.087
0.126,0.073	0.1,0.089	0.005
0.967,0.973	0.968,0.969	0.002
1.0,1.0	1.0,1.0	0.0
0.009,0.009	0.003,0.008	0.003
0.008,0.009	0.002,0.008	0.004
0.493,NA	0.0,1.0	-0.007
1.0,0.966	1.0,0.785	0.09
0.009,0.004	0.0,0.0	0.006
0.86,0.936	0.868,0.874	0.027
1.0,0.857	1.0,0.556	0.15
0.244,1.0	0.829,NA	-0.207
0.586,0.619	0.534,0.558	0.056
0.06,0.226	0.126,0.081	0.04
0.307,0.0	0.0,0.0	0.153
0.982,1.0	0.99,1.0	-0.004
0.45,0.321	0.308,0.401	0.031
0.597,0.309	0.538,0.514	-0.073
0.653,0.485	0.759,0.611	-0.116
0.781,0.731	0.696,0.808	0.004
0.0,0.168	0.585,0.287	-0.352
0.006,0.012	0.008,0.025	-0.007
1.0,1.0	1.0,0.964	0.018
0.493,0.421	0.641,0.618	-0.172
0.226,0.393	0.244,0.744	-0.184
0.034,0.0	0.0,0.0	0.017
0.289,0.342	0.296,0.35	-0.007
0.826,0.908	0.844,0.857	0.016
0.163,1.0	0.0,1.0	0.082
0.099,0.305	0.18,0.345	-0.06
0.846,0.879	0.863,0.89	-0.014
0.011,0.014	0.011,0.023	-0.005
0.827,0.704	0.813,0.739	-0.011
1.0,0.995	1.0,1.0	-0.002
0.641,0.658	0.612,0.828	-0.071
0.009,0.0	0.0,0.0	0.004
0.09,0.097	0.109,0.136	-0.029
0.036,0.044	0.064,0.0	0.008
0.154,0.177	0.152,0.108	0.035
0.907,0.931	0.865,0.825	0.074
0.025,0.019	0.046,0.037	-0.019
0.792,0.808	0.791,0.736	0.036
0.979,0.966	0.974,0.969	0.001
1.0,1.0	1.0,1.0	0.0
0.871,0.797	0.656,0.864	0.074
0.639,0.78	1.0,0.78	-0.18
0.71,0.696	0.654,0.692	0.03
0.058,0.062	0.067,0.093	-0.02
0.0,0.011	0.013,0.014	-0.008
0.18,0.202	0.186,0.197	-0.001
0.999,0.999	1.0,1.0	-0.001
1.0,0.984	1.0,1.0	-0.008
1.0,0.865	1.0,1.0	-0.068
0.442,0.486	0.378,0.329	0.11
1.0,0.985	1.0,1.0	-0.008
0.66,NA	0.327,NA	0.333
0.967,0.903	1.0,1.0	-0.065
0.717,0.61	0.699,0.795	-0.084
0.37,0.126	0.137,0.0	0.179
0.481,0.377	0.414,0.34	0.052
0.0,0.229	0.471,0.0	-0.121
0.024,0.022	0.019,0.009	0.009
0.593,0.327	1.0,0.493	-0.286
0.034,0.006	0.011,0.0	0.015
1.0,0.861	0.699,1.0	0.081
1.0,0.571	0.429,1.0	0.071
1.0,0.823	0.834,1.0	-0.006
0.932,0.955	0.825,0.81	0.126
0.992,0.996	0.976,0.984	0.014
0.911,0.956	0.905,0.937	0.012
1.0,0.917	1.0,1.0	-0.041
0.036,0.06	0.0,0.0	0.048
0.024,0.014	0.033,0.018	-0.007
1.0,NA	0.0,NA	1.0
0.0,0.004	0.005,0.012	-0.007
0.035,0.029	0.055,0.0	0.005
0.804,0.766	0.534,1.0	0.018
0.146,0.224	0.312,0.065	-0.004
0.966,0.973	0.897,1.0	0.021
0.961,0.958	0.929,0.934	0.028
0.895,0.916	1.0,1.0	-0.095
1.0,0.913	0.588,NA	0.369
0.704,0.548	0.811,1.0	-0.279
1.0,1.0	0.927,1.0	0.036
0.802,1.0	1.0,1.0	-0.099
0.735,0.643	0.761,0.802	-0.093
0.815,0.679	0.806,0.806	-0.059
0.298,0.493	0.222,0.15	0.209
0.274,0.287	0.407,0.303	-0.075
0.015,0.016	0.024,0.021	-0.007
0.993,0.982	0.991,1.0	-0.008
0.829,0.973	0.858,0.904	0.02
0.784,0.688	1.0,1.0	-0.264
0.043,0.043	0.031,0.051	0.002
0.73,1.0	1.0,1.0	-0.135
0.936,0.861	0.953,1.0	-0.078
0.8,0.692	0.913,1.0	-0.211
0.097,0.29	0.286,0.4	-0.149
0.004,0.011	0.008,0.01	-0.002
0.122,0.091	0.168,0.335	-0.145
0.093,0.154	0.192,0.034	0.01
0.544,0.635	0.759,0.627	-0.104
0.108,0.051	0.081,0.043	0.018
0.009,0.013	0.012,0.03	-0.01
0.977,1.0	0.963,1.0	0.007
0.653,0.623	0.677,0.602	-0.001
0.0,0.212	0.32,NA	-0.214
1.0,1.0	0.5,NA	0.5
0.141,0.132	0.466,0.454	-0.324
0.876,0.919	0.921,0.956	-0.041
0.966,0.969	0.954,0.964	0.009
1.0,0.986	1.0,1.0	-0.007
0.839,0.781	0.633,0.723	0.132
0.973,0.971	0.963,1.0	-0.01
0.04,0.043	0.045,0.0	0.019
0.467,0.342	0.375,0.44	-0.003
0.906,0.756	0.878,0.809	-0.013
0.938,0.899	0.974,0.919	-0.028
0.028,0.05	0.031,0.0	0.024
0.286,0.377	0.305,0.321	0.019
0.001,0.0	0.002,0.0	-0.001
0.964,0.99	0.942,1.0	0.006
0.98,0.895	0.751,0.793	0.165
0.918,0.955	0.971,0.949	-0.023
0.031,0.049	0.012,0.0	0.034
0.986,1.0	1.0,1.0	-0.007
0.915,0.833	0.908,0.94	-0.05
0.992,1.0	1.0,1.0	-0.004
0.953,0.979	0.974,0.94	0.009
0.759,0.448	0.747,0.702	-0.121
0.212,0.204	0.241,0.214	-0.019
1.0,1.0	0.999,1.0	0.0
0.959,0.977	0.975,0.959	0.001
1.0,1.0	0.986,0.969	0.022
0.782,0.752	0.657,0.723	0.077
0.0,0.056	0.0,0.0	0.028
0.626,0.622	0.867,0.867	-0.243
0.292,0.579	0.841,0.49	-0.23
0.938,0.887	0.862,0.896	0.033
0.954,1.0	1.0,1.0	-0.023
0.797,0.785	0.813,0.912	-0.072
0.611,0.71	0.405,1.0	-0.042
0.818,0.467	0.714,NA	-0.072
0.867,0.636	0.75,1.0	-0.123
0.848,1.0	0.821,1.0	0.013
0.177,0.137	0.302,0.377	-0.183
0.033,0.088	0.076,0.03	0.007
0.014,0.013	0.01,0.015	0.001
0.206,NA	0.163,NA	0.043
0.266,0.312	0.645,0.0	-0.033
0.099,0.117	0.154,0.198	-0.068
0.959,0.989	0.96,1.0	-0.006
0.944,1.0	1.0,1.0	-0.028
0.028,0.026	0.053,0.04	-0.019
0.035,0.022	0.018,0.018	0.011
0.582,0.643	0.579,0.56	0.043
0.84,1.0	1.0,1.0	-0.08
0.981,1.0	1.0,0.946	0.017
0.931,0.947	0.919,0.944	0.008
0.579,0.607	0.552,1.0	-0.183
0.811,0.71	0.811,1.0	-0.145
0.253,0.377	0.28,0.313	0.019
0.769,0.916	0.645,0.571	0.235
NA,1.0	NA,0.0	1.0
0.307,0.24	0.256,0.385	-0.047
0.157,0.103	0.094,0.273	-0.053
0.198,0.164	0.145,0.256	-0.02
0.076,0.059	0.0,0.037	0.049
0.298,0.262	0.216,0.338	0.003
0.067,0.021	0.024,0.105	-0.02
0.978,0.985	1.0,1.0	-0.018
0.14,0.102	0.173,0.134	-0.033
0.0,0.029	0.0,0.0	0.015
1.0,0.778	1.0,1.0	-0.111
0.802,0.841	0.79,0.823	0.015
0.832,0.973	0.738,0.908	0.08
0.582,0.613	0.559,0.618	0.009
0.495,0.384	0.36,0.389	0.065
0.961,0.994	0.984,0.964	0.004
0.562,0.651	0.577,0.736	-0.05
0.011,0.011	0.026,0.015	-0.009
0.523,0.597	0.29,0.227	0.302
0.0,0.011	0.0,0.0	0.005
0.231,0.2	1.0,1.0	-0.784
0.848,0.712	0.553,1.0	0.004
0.011,0.0	0.0,0.0	0.005
0.706,0.161	1.0,1.0	-0.567
0.521,0.676	0.49,0.852	-0.073
0.357,0.282	0.373,0.381	-0.057
0.003,0.003	0.003,0.003	0.0
0.885,1.0	1.0,1.0	-0.057
1.0,0.997	0.995,1.0	0.001
0.607,0.599	0.637,0.686	-0.058
0.246,0.177	0.304,0.169	-0.025
0.022,0.008	0.006,0.024	0.0
0.333,0.429	1.0,NA	-0.619
0.327,0.0	1.0,NA	-0.837
0.807,0.888	0.951,0.853	-0.054
0.705,0.581	0.776,0.763	-0.127
NA,0.16	0.0,NA	0.16
0.727,0.692	0.85,0.783	-0.107
0.371,0.391	0.415,0.51	-0.082
0.895,0.854	0.78,0.59	0.19
0.976,0.95	0.919,0.954	0.026
1.0,0.944	0.923,0.867	0.077
0.33,0.4	0.394,0.509	-0.087
0.003,0.007	0.004,0.013	-0.004
0.036,0.05	0.023,0.021	0.021
0.845,0.844	0.829,0.838	0.011
0.999,0.999	1.0,1.0	-0.001
0.968,1.0	1.0,1.0	-0.016
0.613,0.437	0.357,0.465	0.114
0.015,0.024	0.029,0.038	-0.014
0.647,0.655	0.512,0.808	-0.009
0.099,0.073	0.067,0.056	0.024
0.31,0.239	0.116,0.541	-0.054
0.483,0.766	1.0,NA	-0.375
0.961,0.98	1.0,1.0	-0.03
0.877,0.876	0.866,0.878	0.005
0.017,0.029	0.0,0.056	-0.005
0.205,0.426	0.282,0.602	-0.126
0.047,0.044	0.0,0.0	0.045
0.128,0.129	0.114,0.059	0.042
0.232,0.13	0.325,0.466	-0.215
0.189,0.137	0.181,0.13	0.008
0.888,0.838	1.0,0.911	-0.093
0.958,0.976	0.961,0.988	-0.007
0.018,0.006	0.0,0.0	0.012
0.974,0.981	0.964,1.0	-0.004
0.586,0.667	0.611,0.665	-0.011
1.0,1.0	1.0,0.892	0.054
1.0,1.0	1.0,0.842	0.079
0.061,0.036	0.181,0.0	-0.042
0.887,0.933	0.948,0.934	-0.031
0.157,0.205	0.426,0.668	-0.366
0.965,0.939	0.973,0.96	-0.014
0.076,0.173	1.0,1.0	-0.875
1.0,0.913	1.0,1.0	-0.043
0.033,0.038	0.051,0.026	-0.003
0.976,0.983	0.993,0.987	-0.01
0.016,0.026	0.031,0.032	-0.011
0.019,0.015	0.003,0.005	0.013
0.972,0.953	0.983,0.976	-0.017
0.388,0.294	0.805,1.0	-0.562
0.038,0.0	0.0,0.0	0.019
0.85,0.824	0.958,0.778	-0.031
0.263,0.17	0.195,0.327	-0.044
0.268,0.186	0.039,0.109	0.153
0.614,0.586	0.499,0.52	0.09
0.901,0.939	0.922,0.908	0.005
0.025,0.007	0.052,0.034	-0.027
0.5,1.0	NA,1.0	-0.25
0.914,0.956	0.875,0.866	0.065
1.0,0.997	1.0,0.991	0.003
0.005,0.002	0.0,0.024	-0.009
1.0,1.0	0.979,1.0	0.01
0.592,0.577	0.715,0.734	-0.14
0.815,0.888	0.664,0.832	0.103
0.775,0.777	0.615,0.5	0.219
0.594,0.452	0.551,0.397	0.049
0.459,0.297	0.498,0.378	-0.06
0.081,0.032	0.032,0.026	0.028
0.118,0.139	0.093,0.077	0.044
0.935,0.79	0.809,0.935	-0.01
1.0,1.0	0.922,1.0	0.039
0.014,0.0	0.0,0.0	0.007
1.0,0.897	1.0,1.0	-0.051
0.718,0.67	0.672,0.693	0.011
0.525,0.459	0.519,0.528	-0.032
0.277,0.273	0.316,0.306	-0.036
1.0,0.996	1.0,0.999	-0.002
0.411,0.487	0.536,0.564	-0.101
0.0,0.096	0.0,0.0	0.048
0.0,0.189	0.0,0.0	0.095
0.561,0.674	0.482,0.565	0.094
0.038,0.022	0.027,0.041	-0.004
0.981,1.0	1.0,1.0	-0.01
0.264,NA	0.418,NA	-0.154
0.803,0.784	0.844,0.844	-0.05
0.984,0.962	0.976,0.961	0.005
1.0,0.962	1.0,1.0	-0.019
0.027,0.068	0.017,0.048	0.015
1.0,0.898	0.958,1.0	-0.03
1.0,1.0	0.333,NA	0.667
0.343,0.345	0.233,0.241	0.107
0.124,0.134	0.086,0.094	0.039
0.423,0.386	0.357,0.413	0.019
1.0,0.992	1.0,1.0	-0.004
0.986,1.0	0.99,0.98	0.008
0.557,0.485	0.414,0.557	0.035
0.042,0.029	0.063,0.085	-0.039
0.619,0.587	0.584,0.517	0.052
0.956,0.943	0.947,0.938	0.007
0.226,0.21	0.247,0.373	-0.092
0.515,0.726	0.688,1.0	-0.223
0.401,0.549	0.477,0.379	0.047
0.307,0.358	0.163,0.301	0.101
0.241,0.0	1.0,0.488	-0.623
0.337,0.559	0.106,1.0	-0.105
0.973,0.969	0.981,0.989	-0.014
0.887,0.439	0.549,0.635	0.071
0.833,1.0	1.0,1.0	-0.084
0.814,0.805	0.737,0.88	0.001
1.0,0.939	1.0,1.0	-0.03
1.0,0.967	0.908,1.0	0.03
0.847,0.895	0.883,0.957	-0.049
0.055,0.082	0.111,0.182	-0.078
0.66,0.795	1.0,NA	-0.272
0.35,0.244	0.327,0.0	0.133
1.0,1.0	1.0,0.629	0.185
0.377,0.452	0.698,0.806	-0.338
0.163,0.0	0.244,NA	-0.162
0.694,0.493	0.097,0.368	0.361
0.379,0.362	0.425,0.469	-0.076
0.614,0.723	0.591,1.0	-0.127
1.0,0.987	1.0,1.0	-0.006
0.188,0.139	0.264,0.236	-0.086
0.37,0.662	0.873,0.831	-0.336
0.458,0.325	0.465,0.178	0.07
0.569,0.564	0.597,0.588	-0.026
0.294,0.371	0.261,0.312	0.046
0.621,0.164	0.797,1.0	-0.506
1.0,1.0	0.96,1.0	0.02
0.04,0.074	0.167,0.056	-0.055
0.988,1.0	0.981,1.0	0.004
0.057,0.083	0.104,0.064	-0.014
0.031,0.012	0.049,0.0	-0.003
0.995,0.986	0.985,0.985	0.005
1.0,0.891	1.0,1.0	-0.054
0.824,1.0	0.796,1.0	0.014
0.0,0.0	0.0,0.314	-0.157
0.097,0.133	0.122,0.244	-0.068
0.943,0.727	0.805,0.937	-0.036
0.883,0.942	1.0,0.764	0.03
0.032,0.002	0.011,0.028	-0.002
0.891,0.396	0.853,1.0	-0.283
0.041,0.024	0.021,0.041	0.002
0.213,0.207	0.167,0.257	-0.002
0.474,NA	1.0,1.0	-0.526
0.506,0.446	0.588,0.5	-0.068
0.457,0.532	0.767,0.524	-0.151
0.737,0.836	0.499,0.555	0.259
0.061,0.163	0.221,0.042	-0.02
0.0,0.014	0.011,0.0	0.002
0.493,0.363	0.368,0.368	0.06
0.981,0.992	0.983,1.0	-0.005
0.959,0.972	0.971,0.968	-0.004
0.702,0.863	0.876,0.239	0.225
1.0,0.992	1.0,0.98	0.006
0.064,0.027	0.009,0.092	-0.005
0.0,0.053	0.053,0.0	0.0
0.043,0.069	0.208,0.0	-0.048
0.754,0.849	0.777,0.749	0.038
0.5,NA	NA,1.0	-0.5
0.389,0.337	0.329,0.317	0.04
0.052,0.023	0.096,0.049	-0.035
0.419,0.494	0.192,0.133	0.294
0.956,0.803	0.854,0.926	-0.011
0.854,0.893	0.861,0.923	-0.019
0.372,0.204	0.194,0.278	0.052
0.975,0.987	0.985,0.943	0.017
0.963,1.0	1.0,1.0	-0.018
0.958,0.911	1.0,0.793	0.038
0.07,0.164	0.229,0.047	-0.021
0.099,0.123	0.119,0.208	-0.052
0.107,0.124	0.111,0.235	-0.057
0.628,0.559	0.6,0.846	-0.129
0.365,0.604	0.387,0.795	-0.106
0.192,0.601	0.216,0.55	0.013
0.252,0.505	0.22,0.095	0.221
1.0,0.993	1.0,1.0	-0.004
0.064,0.243	0.19,0.0	0.058
0.076,0.11	0.044,0.147	-0.003
0.97,0.94	0.977,0.952	-0.009
1.0,0.971	1.0,1.0	-0.014
1.0,0.986	1.0,1.0	-0.007
1.0,0.978	1.0,1.0	-0.011
0.016,0.014	0.013,0.005	0.006
0.005,0.0	0.026,0.01	-0.015
1.0,0.986	0.993,0.984	0.005
0.994,1.0	1.0,1.0	-0.003
0.03,0.015	0.027,0.012	0.003
0.925,1.0	1.0,0.917	0.004
0.802,0.565	1.0,1.0	-0.317
1.0,0.992	1.0,1.0	-0.004
0.135,0.173	0.213,0.22	-0.062
0.368,0.463	0.143,0.5	0.094
0.852,0.841	0.872,0.875	-0.027
0.016,0.011	0.006,0.019	0.001
0.874,0.873	0.865,0.813	0.034
0.748,0.767	0.766,0.904	-0.077
0.895,0.905	0.887,0.954	-0.02
0.048,0.121	0.119,0.103	-0.026
0.081,0.056	0.043,0.0	0.047
0.69,0.698	0.69,0.932	-0.117
0.267,0.272	0.246,0.135	0.079
0.987,0.996	0.995,0.992	-0.002
0.085,0.043	0.075,0.061	-0.004
0.918,0.872	0.945,1.0	-0.077
0.429,0.478	0.377,0.395	0.068
1.0,1.0	0.758,1.0	0.121
0.763,0.744	0.802,0.8	-0.047
0.619,0.52	0.517,0.485	0.069
0.988,1.0	1.0,1.0	-0.006
0.678,0.596	0.633,0.667	-0.013
0.2,0.217	0.172,0.593	-0.174
0.745,0.84	1.0,1.0	-0.208
0.83,0.819	0.843,0.819	-0.006
0.05,0.021	0.036,0.037	-0.001
1.0,1.0	0.99,0.994	0.008
0.021,0.0	0.0,0.071	-0.025
0.022,0.067	0.059,0.176	-0.073
0.92,0.667	0.92,0.559	0.054
0.001,0.001	0.001,0.001	0.0
0.999,1.0	1.0,1.0	-0.0
0.988,0.955	0.917,1.0	0.013
0.411,0.431	0.641,0.536	-0.168
0.871,0.849	0.783,0.735	0.101
1.0,0.988	1.0,1.0	-0.006
1.0,1.0	1.0,0.982	0.009
0.893,0.86	0.824,0.889	0.02
0.898,0.925	0.918,0.889	0.008
0.538,0.508	0.786,1.0	-0.37
0.933,0.848	0.939,0.957	-0.057
0.064,0.153	0.061,0.0	0.078
0.404,NA	0.0,NA	0.404
0.948,0.975	0.96,0.993	-0.015
0.091,0.044	0.099,0.076	-0.02
0.641,1.0	1.0,NA	-0.179
0.843,0.846	0.897,0.89	-0.049
0.0,0.189	0.196,0.0	-0.004
0.329,0.349	0.273,0.327	0.039
0.915,0.917	0.911,0.93	-0.005
0.593,0.593	0.386,0.177	0.311
0.231,0.057	0.0,0.664	-0.188
0.012,0.008	0.003,0.005	0.006
0.932,1.0	0.891,0.877	0.082
1.0,1.0	1.0,0.735	0.133
0.018,0.02	0.0,0.0	0.019
1.0,1.0	1.0,0.994	0.003
0.849,1.0	0.895,1.0	-0.023
0.086,0.114	0.049,0.063	0.044
0.991,0.972	0.947,0.983	0.017
0.998,0.997	0.999,0.993	0.002
0.972,0.988	0.968,0.95	0.021
0.94,0.883	0.87,0.871	0.041
0.163,0.333	0.292,0.294	-0.045
0.562,0.103	0.155,0.186	0.162
1.0,0.985	0.984,1.0	0.0
0.274,0.586	0.191,0.485	0.092
0.004,0.023	0.013,0.023	-0.004
1.0,1.0	1.0,1.0	0.0
1.0,1.0	1.0,0.999	0.0
0.994,0.995	0.994,0.985	0.005
0.063,0.0	0.0,0.086	-0.011
0.044,0.037	0.019,0.034	0.014
0.649,0.236	0.316,0.0	0.284
0.5,0.333	0.5,0.333	0.0
0.333,0.6	0.778,1.0	-0.422
0.811,0.833	0.925,0.972	-0.126
0.97,0.945	0.982,0.962	-0.014
0.917,0.684	0.677,0.759	0.083
0.0,0.02	0.021,0.08	-0.041
1.0,0.999	1.0,1.0	-0.0
0.0,0.0	0.469,0.469	-0.469
1.0,0.988	0.989,1.0	-0.0
0.304,0.505	0.382,0.493	-0.033
0.995,1.0	0.987,0.995	0.007
0.0,0.045	0.043,0.105	-0.051
0.924,1.0	1.0,0.939	-0.008
0.062,0.179	0.044,0.0	0.099
0.023,0.033	0.012,0.0	0.022
0.489,0.559	0.664,0.318	0.033
0.005,0.004	0.004,0.001	0.002
0.977,0.991	1.0,1.0	-0.016
1.0,0.981	1.0,1.0	-0.01
0.0,0.035	0.067,0.064	-0.048
0.246,0.218	0.237,0.064	0.081
0.016,0.01	0.014,0.0	0.006
0.98,0.976	0.972,0.986	-0.001
0.359,0.497	0.742,0.561	-0.223
0.614,0.694	0.758,0.661	-0.056
0.726,0.806	0.885,0.766	-0.059
0.656,0.591	0.541,0.517	0.094
0.764,0.824	0.866,0.85	-0.064
0.406,0.44	0.548,0.599	-0.15
0.588,0.704	0.276,0.826	0.095
0.826,1.0	NA,1.0	-0.087
0.481,NA	NA,0.0	0.481
0.197,0.197	0.211,0.324	-0.071
0.5,1.0	0.5,1.0	0.0
0.869,0.915	0.915,0.5	0.184
0.92,0.876	0.838,0.908	0.025
0.143,0.134	0.104,0.181	-0.004
0.861,0.881	0.849,0.878	0.008
0.945,0.891	0.984,0.933	-0.041
1.0,0.0	0.463,NA	0.037
1.0,1.0	1.0,0.995	0.002
0.011,0.009	0.014,0.007	-0.001
0.0,0.012	0.0,0.0	0.006
0.198,0.091	0.212,0.33	-0.127
0.017,0.008	0.055,0.038	-0.034
0.598,0.729	0.414,0.0	0.457
0.303,0.222	0.158,0.152	0.108
0.06,0.053	0.043,0.027	0.021
0.831,0.609	0.781,0.781	-0.061
1.0,1.0	1.0,0.572	0.214
0.728,0.65	0.712,0.767	-0.05
0.93,0.912	0.901,0.944	-0.001
0.981,1.0	1.0,1.0	-0.01
0.553,0.532	0.508,0.52	0.028
0.579,0.495	0.462,0.413	0.099
0.017,0.004	0.02,0.054	-0.026
0.898,0.89	0.824,0.91	0.027
0.013,0.009	0.017,0.021	-0.008
0.865,0.79	0.941,0.941	-0.113
0.06,0.032	0.066,0.058	-0.016
0.01,0.013	0.009,0.011	0.002
0.937,0.959	0.966,1.0	-0.035
0.244,0.472	0.299,0.556	-0.07
0.457,0.452	0.247,0.371	0.146
0.161,0.047	0.203,0.121	-0.058
0.75,0.724	0.742,0.741	-0.005
0.18,0.133	0.223,0.235	-0.072
0.716,1.0	0.708,0.829	0.09
0.552,0.528	0.72,0.284	0.038
0.018,0.052	0.022,0.016	0.016
0.735,0.747	0.63,0.625	0.114
0.128,0.246	0.307,0.307	-0.12
0.01,0.008	0.0,0.0	0.009
0.769,0.707	0.902,1.0	-0.213
0.653,0.589	0.535,0.597	0.055
0.215,0.261	0.327,0.294	-0.073
0.286,0.294	0.263,0.279	0.019
0.715,0.608	0.694,0.637	-0.004
0.482,0.458	0.335,0.37	0.117
0.636,0.525	0.462,0.851	-0.076
0.992,0.993	0.998,0.996	-0.005
1.0,0.993	1.0,1.0	-0.004
0.965,0.949	0.979,1.0	-0.033
0.029,0.184	0.083,0.153	-0.011
0.0,0.0	NA,0.493	-0.493
1.0,0.422	0.594,0.467	0.18
0.957,1.0	0.931,0.894	0.066
0.625,0.917	0.6,0.714	0.114
0.024,0.02	0.035,0.019	-0.005
0.031,0.021	0.038,0.022	-0.004
0.997,0.998	0.998,1.0	-0.001
0.03,0.018	0.025,0.034	-0.006
0.035,0.025	0.007,0.0	0.027
0.535,0.475	0.226,0.244	0.27
0.746,1.0	0.423,1.0	0.161
0.167,0.0	0.0,0.0	0.084
0.034,0.013	0.04,0.035	-0.014
0.995,0.994	0.982,0.965	0.021
0.272,0.421	0.061,0.226	0.203
0.636,1.0	1.0,1.0	-0.182
0.477,0.379	1.0,0.0	-0.072
0.972,0.807	0.861,0.915	0.001
0.958,0.922	0.983,0.937	-0.02
0.236,0.129	0.139,0.316	-0.045
0.931,1.0	0.905,1.0	0.013
0.027,0.0	0.042,0.0	-0.008
0.944,0.953	1.0,1.0	-0.052
0.876,0.874	0.882,0.879	-0.006
0.107,0.117	0.14,0.095	-0.006
1.0,0.991	0.986,1.0	0.003
0.106,0.124	0.068,0.078	0.042
0.947,0.944	0.943,0.951	-0.001
1.0,1.0	0.989,1.0	0.006
0.035,0.0	0.0,0.0	0.018
0.919,0.74	0.867,0.822	-0.015
0.149,0.083	0.079,0.177	-0.012
0.922,0.853	0.94,0.938	-0.051
0.99,1.0	0.983,1.0	0.003
0.066,0.087	0.014,0.027	0.056
0.938,0.973	1.0,1.0	-0.044
0.0,0.155	0.0,0.0	0.077
0.726,0.725	0.878,0.887	-0.157
0.737,0.688	0.675,0.792	-0.021
0.195,0.227	0.181,0.101	0.07
0.918,0.886	0.96,1.0	-0.078
0.571,0.544	0.574,0.553	-0.006
0.458,0.0	0.22,1.0	-0.381
0.276,0.159	0.395,0.278	-0.119
0.09,0.167	0.062,0.096	0.05
1.0,NA	NA,0.0	1.0
0.996,0.99	0.995,0.99	0.001
0.927,0.909	0.853,0.816	0.084
0.582,0.562	0.594,0.755	-0.102
0.564,0.306	0.759,0.447	-0.168
0.111,0.125	0.157,0.238	-0.08
1.0,0.954	0.971,0.817	0.083
0.257,0.261	0.459,0.437	-0.189
0.705,0.615	0.363,0.375	0.291
0.056,0.1	0.007,0.039	0.055
0.092,0.102	0.185,0.09	-0.041
0.489,0.687	0.492,0.575	0.055
0.096,0.044	0.0,0.0	0.07
0.071,0.096	0.046,0.081	0.02
0.299,0.244	0.33,0.321	-0.054
0.587,0.711	0.644,0.633	0.01
0.046,0.024	0.037,0.099	-0.033
0.094,0.082	0.108,0.104	-0.018
0.982,0.962	0.932,0.907	0.052
0.976,0.981	0.967,0.907	0.041
0.658,0.666	0.563,0.569	0.096
0.012,0.034	0.013,0.0	0.017
0.888,0.884	0.815,0.88	0.039
0.656,0.777	0.417,1.0	0.008
0.842,0.875	0.901,0.906	-0.045
0.061,0.021	0.084,0.079	-0.041
0.678,0.57	0.757,0.471	0.01
0.092,0.077	0.148,0.033	-0.006
0.852,0.856	1.0,1.0	-0.146
0.964,1.0	1.0,1.0	-0.018
0.97,1.0	1.0,1.0	-0.015
0.968,1.0	0.963,1.0	0.002
0.872,0.852	0.862,0.854	0.004
0.8,0.747	0.766,0.718	0.032
0.255,0.156	0.175,0.104	0.066
0.498,0.466	0.452,0.479	0.016
0.761,0.795	0.784,0.756	0.008
0.708,0.581	0.244,0.773	0.136
0.0,1.0	0.108,0.0	0.446
0.244,0.195	0.0,NA	0.22
0.322,0.609	0.834,0.894	-0.398
0.0,0.125	0.053,0.0	0.036
0.896,0.898	0.937,0.941	-0.042
0.31,0.73	0.231,NA	0.289
0.205,0.022	0.127,0.149	-0.025
0.49,1.0	1.0,1.0	-0.255
0.179,0.278	0.182,0.267	0.004
0.041,0.039	0.029,0.046	0.003
0.35,0.209	0.463,0.244	-0.074
0.262,0.27	0.175,0.211	0.073
0.981,1.0	1.0,1.0	-0.01
0.342,0.748	1.0,0.0	0.045
0.927,0.92	0.949,0.952	-0.027
0.009,0.062	0.047,0.024	-0.0
0.569,0.65	0.557,0.608	0.027
0.003,0.0	0.003,0.0	0.0
1.0,0.452	1.0,1.0	-0.274
0.344,0.298	0.528,0.493	-0.19
0.836,0.835	0.854,1.0	-0.092
1.0,1.0	1.0,0.987	0.006
0.98,1.0	0.978,1.0	0.001
0.891,0.92	0.92,0.862	0.014
0.62,0.813	0.671,0.787	-0.013
0.346,0.574	0.568,0.857	-0.252
0.6,0.714	0.686,0.92	-0.146
0.966,1.0	1.0,0.84	0.063
0.164,0.043	0.11,0.0	0.049
0.019,0.042	0.009,0.042	0.005
0.885,0.895	0.881,0.898	0.001
0.305,0.298	0.184,0.218	0.1
0.152,0.041	0.0,0.117	0.038
0.973,0.941	0.95,1.0	-0.018
0.041,0.038	0.04,0.042	-0.002
0.538,0.367	0.421,0.391	0.046
0.988,0.988	1.0,1.0	-0.012
0.544,0.594	0.492,0.5	0.073
0.946,0.918	0.916,0.918	0.015
0.996,0.996	1.0,1.0	-0.004
0.734,0.773	0.679,0.696	0.066
0.99,0.991	1.0,1.0	-0.01
0.573,0.637	0.533,0.539	0.069
0.315,0.318	0.29,0.268	0.037
0.958,0.971	0.958,0.956	0.007
0.514,0.209	0.241,0.0	0.241
0.082,0.091	0.072,0.125	-0.012
0.948,1.0	0.93,0.625	0.196
0.019,0.043	0.0,0.0	0.031
1.0,0.979	0.925,0.97	0.042
0.997,0.998	0.999,0.997	-0.0
0.999,0.999	1.0,1.0	-0.001
0.984,0.973	0.97,0.985	0.001
0.014,0.158	0.2,0.059	-0.043
0.666,0.682	0.384,0.595	0.185
0.389,0.356	0.368,0.378	-0.001
1.0,0.987	1.0,1.0	-0.006
0.987,1.0	0.986,1.0	0.001
0.073,0.053	0.0,0.089	0.019
0.0,0.0	0.0,0.282	-0.141
0.478,0.706	0.833,0.571	-0.11
0.021,0.018	0.027,0.029	-0.009
0.018,0.053	0.029,0.0	0.021
0.0,0.442	0.0,NA	0.221
0.769,0.784	0.867,1.0	-0.157
0.01,0.011	0.015,0.013	-0.003
0.987,1.0	1.0,1.0	-0.006
0.792,0.808	0.673,0.849	0.039
0.835,0.571	0.458,0.22	0.364
0.426,0.392	0.318,0.358	0.071
0.046,0.047	0.022,0.067	0.002
0.395,0.389	0.302,0.378	0.052
0.931,0.937	0.97,0.987	-0.044
0.91,0.84	0.744,0.886	0.06
0.013,0.008	0.0,0.0	0.01
0.982,1.0	1.0,0.959	0.011
0.941,1.0	1.0,0.929	0.006
0.927,1.0	1.0,1.0	-0.036
0.51,0.411	0.59,0.668	-0.168
0.544,0.427	0.374,0.374	0.112
0.307,0.307	1.0,0.469	-0.427
0.024,0.077	0.097,0.059	-0.027
0.849,0.913	0.923,1.0	-0.081
1.0,0.994	1.0,1.0	-0.003
0.974,0.969	1.0,1.0	-0.028
1.0,0.977	1.0,1.0	-0.012
0.655,0.832	0.655,0.686	0.073
0.233,0.274	0.191,0.213	0.051
0.245,0.206	0.135,0.0	0.158
1.0,1.0	0.707,1.0	0.147
0.022,0.02	0.014,0.044	-0.008
0.523,0.48	0.436,0.408	0.08
0.764,0.804	0.783,0.8	-0.008
0.406,0.445	0.265,0.252	0.167
0.167,0.055	0.0,0.153	0.035
0.612,0.231	NA,1.0	-0.579
0.859,0.387	0.637,0.453	0.078
0.179,0.059	0.156,0.4	-0.159
0.949,0.944	0.904,0.937	0.026
0.86,0.818	0.854,0.855	-0.016
1.0,0.928	1.0,1.0	-0.036
0.625,0.719	0.663,0.742	-0.031
0.318,0.438	0.515,0.529	-0.144
0.154,0.215	0.329,0.255	-0.108
0.942,0.862	0.743,0.325	0.368
0.673,0.66	0.672,0.701	-0.02
0.954,0.923	0.965,0.971	-0.029
0.964,0.973	0.954,1.0	-0.009
1.0,1.0	0.993,1.0	0.004
0.855,0.816	0.779,0.818	0.037
0.624,0.635	0.743,0.924	-0.204
0.0,0.103	0.0,0.223	-0.06
0.862,0.838	1.0,1.0	-0.15
0.269,0.312	0.606,0.567	-0.296
0.123,0.716	0.296,0.456	0.043
1.0,0.96	1.0,1.0	-0.02
0.917,0.815	1.0,1.0	-0.134
0.085,0.115	0.066,0.107	0.014
0.012,0.025	0.009,0.005	0.012
0.154,0.156	0.273,0.335	-0.149
1.0,0.993	1.0,1.0	-0.004
0.203,0.192	0.184,0.221	-0.005
0.695,0.645	0.69,0.628	0.011
0.0,0.029	0.153,0.286	-0.205
1.0,1.0	1.0,0.98	0.01
0.241,0.322	NA,0.488	-0.207
0.858,0.698	0.69,0.543	0.161
0.951,0.959	1.0,1.0	-0.045
0.421,0.163	0.0,NA	0.292
0.957,0.958	0.971,0.95	-0.003
0.607,0.649	0.767,0.836	-0.173
1.0,0.989	1.0,1.0	-0.006
0.991,0.985	0.966,1.0	0.005
0.005,0.01	0.01,0.013	-0.004
0.287,0.297	0.349,0.376	-0.071
0.043,0.057	0.101,0.037	-0.019
0.138,0.081	0.15,0.469	-0.2
0.064,0.048	0.031,0.039	0.021
0.0,0.018	0.035,0.057	-0.037
0.913,0.778	0.882,1.0	-0.096
0.45,0.702	0.429,0.667	0.028
0.016,0.002	0.011,0.006	0.001
0.959,0.926	0.978,0.93	-0.011
1.0,0.778	1.0,NA	-0.111
0.285,0.151	0.031,0.058	0.173
0.983,0.941	0.906,1.0	0.009
0.08,0.115	0.135,0.143	-0.042
0.921,0.71	0.895,0.795	-0.029
0.832,0.955	0.902,1.0	-0.058
0.762,0.939	0.749,1.0	-0.024
0.0,0.008	0.026,0.01	-0.014
0.761,0.74	0.735,0.745	0.01
1.0,0.716	0.936,1.0	-0.11
1.0,0.881	1.0,0.799	0.041
0.0,0.128	NA,0.0	0.064
1.0,0.8	1.0,1.0	-0.1
0.984,0.978	0.943,1.0	0.009
0.059,0.075	0.093,0.137	-0.048
0.789,1.0	0.318,NA	0.577
0.998,0.996	1.0,1.0	-0.003
0.913,0.819	0.984,0.953	-0.102
0.273,0.13	0.111,0.111	0.091
0.193,0.238	0.114,0.171	0.073
0.032,0.014	0.008,0.015	0.011
0.442,0.628	0.613,0.733	-0.138
0.814,0.708	0.704,0.87	-0.026
0.363,0.338	0.356,0.215	0.065
1.0,0.985	1.0,1.0	-0.008
0.581,0.454	0.744,0.66	-0.184
0.994,0.984	1.0,0.994	-0.008
0.248,0.309	0.288,0.333	-0.032
0.024,0.021	0.029,0.014	0.001
0.114,0.06	0.069,0.093	0.006
0.096,0.045	0.107,0.022	0.006
0.874,0.928	0.949,0.873	-0.01
1.0,0.982	1.0,1.0	-0.009
0.006,0.006	0.007,0.003	0.001
0.645,0.77	0.613,0.817	-0.007
0.336,0.307	0.27,0.379	-0.003
1.0,1.0	0.954,0.926	0.06
0.044,0.028	0.068,0.08	-0.038
1.0,0.965	1.0,1.0	-0.018
0.968,0.908	0.976,0.973	-0.036
0.988,0.98	1.0,0.989	-0.01
0.803,0.911	1.0,0.914	-0.1
0.241,0.21	0.261,0.194	-0.002
0.072,0.117	0.1,0.0	0.044
0.435,0.478	0.362,0.255	0.148
0.0,0.013	0.023,0.041	-0.026
0.092,0.083	0.054,0.055	0.033
0.136,0.092	0.244,0.128	-0.072
0.097,0.105	0.085,0.079	0.019
0.063,0.105	0.056,0.0	0.056
0.612,0.548	0.597,0.653	-0.045
0.152,0.141	0.111,0.121	0.03
0.143,0.0	0.144,0.091	-0.046
0.238,0.292	0.292,0.49	-0.126
0.011,0.01	0.013,0.014	-0.003
0.899,0.926	0.89,0.821	0.057
0.897,0.874	0.89,0.858	0.011
0.987,0.963	0.984,1.0	-0.017
0.327,0.357	0.463,0.493	-0.136
0.288,0.118	0.102,0.0	0.152
0.942,1.0	1.0,1.0	-0.029
0.167,0.1	0.089,0.062	0.058
0.965,1.0	1.0,1.0	-0.018
0.997,0.994	1.0,1.0	-0.004
0.019,0.018	0.02,0.014	0.001
0.399,0.283	0.368,0.35	-0.018
0.215,0.376	0.475,0.288	-0.086
0.94,0.951	0.981,0.898	0.006
0.982,0.992	1.0,1.0	-0.013
1.0,1.0	0.885,0.719	0.198
0.6,0.547	0.643,0.556	-0.026
0.2,0.167	0.122,0.156	0.044
0.017,0.091	0.141,0.141	-0.087
0.037,0.211	0.196,0.631	-0.289
0.214,0.0	0.0,0.0	0.107
0.04,0.259	0.0,0.0	0.149
0.131,0.346	0.073,0.263	0.07
0.933,0.979	0.983,0.97	-0.02
0.984,1.0	1.0,1.0	-0.008
0.989,0.99	0.981,1.0	-0.001
0.996,0.996	0.992,1.0	0.0
0.977,0.99	0.984,1.0	-0.008
0.926,0.905	0.915,0.874	0.021
1.0,1.0	0.998,1.0	0.001
0.965,0.962	0.977,0.954	-0.002
0.768,0.795	0.794,0.822	-0.026
0.745,0.708	0.882,0.765	-0.097
0.401,0.376	0.518,0.315	-0.028
0.085,0.026	0.228,0.0	-0.059
0.364,0.0	0.276,0.533	-0.223
0.844,0.781	0.783,0.666	0.088
0.035,0.082	0.077,0.163	-0.061
0.993,1.0	0.99,0.882	0.06
0.024,0.031	0.018,0.0	0.019
0.0,0.376	0.0,NA	0.188
0.957,1.0	1.0,1.0	-0.022
0.111,0.0	0.2,1.0	-0.544
0.144,0.124	0.301,0.444	-0.238
1.0,0.974	1.0,1.0	-0.013
0.384,0.416	0.075,0.338	0.194
0.972,0.966	1.0,1.0	-0.031
0.533,0.523	0.16,0.488	0.204
0.994,1.0	1.0,1.0	-0.003
0.04,0.017	0.029,0.0	0.014
