ID	IJC_SAMPLE_1	SJC_SAMPLE_1	IJC_SAMPLE_2	SJC_SAMPLE_2	IncFormLen	SkipFormLen
3	2,4	263,249	0,0	120,188	180	99
4	16,6	1,9	8,13	0,8	158	99
6	2,0	21,17	0,0	11,15	109	99
7	0,1	31,26	0,0	17,23	150	99
8	165,188	19,17	95,169	11,18	134	99
9	152,177	1,0	89,144	0,0	134	99
10	2,2	385,372	4,14	152,277	198	99
11	5,3	1036,1103	1,1	598,1071	106	99
14	389,351	5,4	157,381	0,2	198	99
15	47,23	6,1	5,5	1,0	198	99
16	5,8	3,9	3,13	9,12	192	99
17	6,6	14,15	4,6	7,21	198	99
19	3,2	14,15	4,1	7,21	134	99
20	53,54	0,0	24,57	0,1	105	99
21	12,11	95,92	3,8	48,116	198	99
23	311,335	49,24	184,285	45,71	120	99
24	62,63	49,24	40,69	45,71	186	99
25	13,7	262,279	15,17	159,233	165	99
26	123,102	0,3	54,95	1,1	198	99
27	19,12	0,4	11,16	1,1	103	99
28	65,77	0,0	35,89	2,0	102	99
29	1,3	91,67	0,0	39,59	198	99
30	0,1	4,6	0,0	4,5	114	99
31	224,229	0,1	65,105	1,0	198	99
32	985,941	3,6	514,980	0,0	111	99
33	26,16	32,55	5,12	23,66	129	99
34	2,14	297,381	6,5	195,297	198	99
35	24,25	168,260	26,24	98,204	138	99
36	1,4	121,110	6,3	30,78	198	99
37	1,3	173,226	3,7	88,185	198	99
38	5,1	26,20	0,2	10,17	111	99
39	185,194	15,19	45,170	13,17	198	99
40	9,3	494,491	1,5	226,498	138	99
41	71,84	2,0	30,51	0,6	198	99
42	239,194	14,8	147,195	0,8	111	99
43	43,45	0,2	41,56	0,0	105	99
44	32,34	391,425	20,45	216,399	198	99
45	19,14	352,302	12,26	134,265	127	99
46	68,70	216,204	32,67	98,169	198	99
47	5,4	307,299	3,13	235,358	107	99
48	0,5	1,0	5,6	0,1	198	99
50	187,208	0,2	106,192	0,0	198	99
51	117,125	0,1	70,156	0,0	117	99
55	149,169	1,0	100,210	0,0	198	99
56	149,188	1,0	113,210	0,0	198	99
57	23,39	1,0	31,43	0,0	198	99
58	102,171	0,5	83,156	2,1	198	99
59	31,25	109,97	24,56	66,111	198	99
60	327,270	10,7	191,356	25,22	198	99
61	15,10	303,324	1,0	163,229	198	99
62	323,357	0,2	215,327	0,1	107	99
63	9,3	296,315	5,6	175,326	101	99
64	32,19	80,60	12,18	51,109	154	99
65	23,10	15,19	12,9	10,20	154	99
66	1,0	384,354	1,1	231,457	198	99
67	36,26	2,3	7,9	3,9	119	99
68	28,44	4,4	13,23	0,1	103	99
69	26,47	26,22	11,15	21,41	111	99
70	53,49	0,3	20,30	0,0	140	99
71	105,140	229,285	21,28	169,279	117	99
72	3,7	382,512	3,4	177,406	107	99
73	24,26	75,131	9,17	31,72	198	99
74	14,23	40,37	1,12	15,15	183	99
75	907,856	1,0	513,865	0,0	111	99
77	27,16	19,11	9,13	4,2	198	99
78	20,40	5,3	10,40	1,3	198	99
79	58,75	5,3	29,61	1,3	198	99
81	1077,1045	1,0	598,1121	0,0	198	99
82	3,2	0,1	2,2	0,0	103	99
83	63,60	5,10	28,45	15,15	198	99
84	27,23	983,1048	25,40	525,968	103	99
85	8,4	39,58	1,12	22,24	127	99
86	50,61	45,56	24,30	26,45	198	99
87	2,3	16,22	0,2	9,10	127	99
88	5,2	0,0	4,2	3,11	131	99
90	374,373	0,1	144,301	0,0	198	99
91	13,12	2259,2389	12,13	1661,2832	103	99
92	556,632	6,4	419,773	0,0	198	99
93	40,47	1262,1375	25,62	800,1337	102	99
95	33,25	254,277	14,15	135,229	198	99
96	1,0	7,8	1,3	3,0	117	99
97	12,5	7,8	22,19	3,0	159	99
99	278,210	0,2	177,344	0,1	139	99
100	246,242	7,0	161,269	2,6	198	99
102	0,1	31,25	1,0	34,33	104	99
103	1,8	0,2	0,3	6,3	198	99
104	7,14	56,66	0,0	41,40	105	99
105	2,5	24,9	1,3	19,35	125	99
106	183,170	1,0	111,240	0,0	198	99
107	16,22	150,138	13,26	127,263	156	99
108	5,1	103,101	2,0	58,121	192	99
109	172,131	3,4	39,86	0,2	141	99
111	240,216	6,8	195,265	1,2	198	99
112	29,28	838,848	27,33	514,833	198	99
113	244,348	13,7	167,239	6,11	198	99
114	12,11	61,58	0,7	46,82	119	99
116	1842,1916	10,13	1063,1754	0,5	126	99
117	4,2	7,7	0,7	6,26	121	99
118	3,6	128,140	7,13	79,160	104	99
119	236,318	0,0	165,219	0,5	198	99
120	23,7	1367,1215	7,4	466,965	198	99
121	49,36	2,3	10,10	0,0	198	99
122	3,5	40,21	0,2	8,19	115	99
124	4,10	29,21	9,7	10,11	115	99
125	5,1	21,35	0,1	16,28	181	99
126	6,2	543,573	2,4	277,490	132	99
127	6,6	517,539	0,8	299,520	198	99
128	215,137	9,6	208,266	3,7	198	99
129	5,3	1029,738	15,14	785,1367	103	99
130	101,81	2,5	25,37	3,5	198	99
131	305,271	1,0	137,231	0,0	124	99
132	107,90	30,48	54,90	10,11	124	99
133	1614,1801	3,6	894,1655	6,10	105	99
134	192,171	0,0	125,290	0,2	149	99
135	62,67	0,1	38,60	0,0	113	99
136	9,9	62,30	7,3	24,22	110	99
137	22,34	9,11	16,30	0,3	102	99
138	22,36	40,22	28,47	27,55	198	99
140	5,5	440,390	3,0	267,412	198	99
141	22,19	115,126	3,6	45,90	198	99
142	234,201	7,1	107,184	2,9	103	99
144	0,0	22,15	1,0	6,17	138	99
145	0,0	14,17	1,2	7,26	195	99
147	3,1	129,106	0,4	74,142	198	99
148	166,132	45,32	26,68	51,99	164	99
149	5,4	49,61	0,10	23,40	198	99
151	25,14	87,78	16,22	39,71	198	99
152	50,53	176,224	14,21	199,301	108	99
153	1,2	708,406	0,0	145,354	101	99
154	2,1	13,23	2,1	9,17	198	99
155	48,66	47,40	51,61	21,33	198	99
156	12,12	628,630	5,6	240,474	198	99
157	3,9	729,766	6,3	444,770	130	99
158	0,2	93,132	0,3	53,104	198	99
159	48,32	189,116	6,3	70,127	198	99
160	1,3	10,5	1,7	10,13	198	99
161	26,7	3,1	23,8	1,0	135	99
162	247,240	70,97	29,68	38,88	123	99
163	2,4	2141,2194	4,3	1510,2601	198	99
165	1717,1639	3,9	761,1589	2,0	198	99
166	24,17	12,9	35,50	8,21	180	99
167	4,8	0,2	0,4	0,0	127	99
169	293,272	91,85	232,343	35,64	198	99
171	5,6	0,0	1,9	1,2	193	99
172	5,5	622,738	0,5	334,637	198	99
173	5,5	622,738	1,3	334,637	198	99
174	7,10	7,9	3,13	5,6	198	99
175	9,1	2,0	0,1	0,0	141	99
176	168,161	9,37	81,131	11,34	109	99
177	32,19	1,0	12,18	0,0	116	99
178	170,193	91,73	124,238	96,120	125	99
179	281,287	0,1	130,273	0,3	198	99
181	86,90	15,27	50,100	2,5	111	99
182	127,117	9,13	46,98	9,6	119	99
183	578,477	5,1	569,1082	2,2	198	99
185	6,0	0,2	3,15	0,1	198	99
186	16,12	21,27	3,4	11,9	111	99
187	10,12	0,2	4,4	5,0	122	99
188	6,14	6,10	1,10	1,3	104	99
189	44,78	45,37	35,54	8,29	198	99
190	50,83	45,37	36,57	8,29	198	99
191	1,1	261,269	0,5	115,222	144	99
192	17,8	0,1	12,28	0,0	138	99
194	86,105	40,27	91,133	5,8	121	99
196	9786,7754	287,181	4547,8687	102,214	198	99
198	20,12	319,417	9,47	136,270	118	99
199	127,120	119,125	55,119	93,176	175	99
200	426,525	119,125	182,342	93,176	156	99
201	17,23	22,38	13,30	2,1	113	99
203	8,9	94,94	3,7	31,96	137	99
204	41,17	422,498	9,29	336,506	198	99
205	20,29	560,577	8,18	353,658	102	99
206	112,164	3,3	66,119	3,12	198	99
207	114,167	3274,4010	67,128	1722,3774	198	99
208	109,74	24,15	81,77	6,13	156	99
209	132,135	24,15	99,132	6,13	198	99
210	83,106	39,17	55,100	19,23	153	99
211	26,33	2,1	31,41	0,0	198	99
212	78,88	28,47	37,57	45,80	120	99
213	339,366	31,37	137,270	10,17	198	99
214	356,397	31,37	166,332	10,17	198	99
215	89,118	0,2	80,120	2,1	116	99
216	15,25	14,17	1,11	0,8	114	99
217	12,19	1,1	7,8	1,3	198	99
219	157,209	87,117	93,193	71,146	198	99
220	352,345	449,459	61,128	296,729	132	99
221	6,4	3,0	2,1	2,2	167	99
223	1,2	50,42	0,1	17,58	104	99
224	22,29	65,74	12,27	36,62	129	99
225	19,25	85,99	6,2	49,83	127	99
226	57,64	189,194	17,25	179,231	144	99
227	59,57	269,311	14,29	266,391	144	99
228	385,350	35,17	203,295	25,18	112	99
229	26,9	387,312	5,11	188,423	103	99
230	12,2	1,1	5,5	3,0	103	99
231	0,2	5,0	2,0	0,3	103	99
232	153,108	0,0	75,106	0,3	101	99
233	11,7	10,3	2,10	6,2	198	99
234	56,61	0,1	36,62	0,1	198	99
235	98,84	266,231	96,163	76,144	107	99
236	110,144	15,9	84,179	15,37	198	99
237	720,772	2,1	404,634	2,1	129	99
238	466,489	1,0	270,490	0,0	129	99
239	17,13	19,33	12,29	20,33	114	99
240	12,8	0,0	8,9	0,3	103	99
244	2,5	33,30	1,2	9,20	198	99
245	28,50	21,21	11,35	5,23	104	99
246	2,4	0,0	0,2	0,1	104	99
247	41,24	284,301	33,77	128,235	110	99
248	0,1	0,3	0,0	0,1	198	99
249	7,4	69,49	6,14	102,226	113	99
250	13,19	180,269	12,17	123,210	198	99
251	2,6	116,109	2,2	30,102	198	99
253	30,12	230,265	4,11	93,211	198	99
254	11,5	276,343	2,4	154,270	198	99
255	4,3	276,343	2,3	154,270	198	99
256	9,7	8,5	3,8	0,4	175	99
257	282,314	0,0	175,285	0,4	198	99
258	0,0	1242,1275	1,0	702,1351	103	99
259	11,19	330,313	5,18	172,319	126	99
260	35,28	4,0	29,22	5,0	154	99
261	0,1	0,4	2,0	1,6	105	99
262	12,30	103,74	36,65	39,67	198	99
263	1,0	8,5	2,2	0,3	198	99
264	0,1	0,0	0,3	2,0	104	99
268	2,4	195,125	3,0	72,91	198	99
270	114,113	122,117	33,62	97,159	198	99
271	617,604	0,0	284,548	0,3	198	99
272	41,24	337,289	29,33	184,346	123	99
273	10,15	0,2	9,4	1,6	198	99
274	12,17	158,136	8,5	51,126	198	99
275	16,31	204,262	5,11	112,232	116	99
276	392,452	1,2	191,424	0,1	159	99
277	3,2	35,24	0,6	8,18	198	99
278	318,318	1078,886	242,395	417,791	198	99
279	5,1	3,0	5,3	0,0	105	99
281	146,118	11,10	78,174	8,16	149	99
282	65,64	370,427	36,65	170,330	198	99
283	336,287	0,0	146,244	0,1	198	99
284	415,436	0,2	191,412	0,0	198	99
286	2,0	77,105	1,2	50,119	114	99
287	59,80	2,0	33,48	3,2	157	99
288	1,1	27,50	1,4	29,62	198	99
289	13,14	4,5	9,18	1,4	198	99
290	71,76	1,1	31,75	3,0	198	99
291	75,84	5,16	45,93	1,2	198	99
292	23,24	5,16	12,24	1,2	198	99
293	44,41	64,70	14,23	36,75	198	99
294	18,16	5,16	12,20	1,2	198	99
295	23,17	64,70	10,5	36,75	156	99
296	33,40	7,2	13,29	3,2	198	99
297	123,108	0,0	51,111	2,0	198	99
301	14,20	65,72	2,3	26,65	162	99
302	0,0	1,4	1,0	6,2	103	99
304	13,13	239,166	6,12	49,190	198	99
305	600,617	0,0	405,736	0,1	135	99
307	329,311	6,3	222,315	12,9	198	99
308	12,13	0,2	8,3	0,1	122	99
309	2,2	1,2	0,0	0,9	103	99
310	1,1	75,50	1,0	28,41	147	99
311	18,15	37,53	6,10	13,25	198	99
312	16,5	1,0	1,3	0,0	151	99
314	20,15	48,45	6,11	26,34	198	99
316	18,15	48,45	6,10	26,34	198	99
317	8,9	48,45	3,7	26,34	178	99
318	0,11	5,4	1,1	4,0	181	99
319	20,11	1387,1582	8,18	813,1378	198	99
321	722,711	7,3	219,513	2,3	198	99
322	12,7	282,354	9,15	122,199	198	99
324	172,238	683,864	69,136	349,565	125	99
326	5,9	57,57	2,5	32,68	198	99
327	4,14	121,141	5,8	93,130	130	99
328	7,23	0,0	4,19	1,0	198	99
329	0,3	309,304	1,1	148,323	114	99
330	585,769	15,15	372,740	3,15	103	99
331	11,7	66,49	10,32	48,58	198	99
333	347,312	14,20	151,276	8,12	198	99
334	176,155	1,0	98,258	0,0	198	99
335	48,35	24,32	15,30	18,36	103	99
336	390,418	44,43	193,381	11,34	198	99
339	5,9	90,85	4,2	46,96	198	99
342	353,348	21,22	174,349	20,57	121	99
343	3,1	2967,3161	3,2	1378,2774	198	99
344	30,41	115,131	21,37	56,88	198	99
345	8,3	2,0	4,3	0,1	122	99
346	48,77	289,305	30,89	152,327	130	99
347	314,410	5,10	200,362	7,4	198	99
348	38,36	12,7	39,68	11,58	198	99
350	6,4	96,94	16,14	65,122	104	99
351	433,572	26,37	265,486	26,73	152	99
352	114,92	28,5	52,71	0,6	198	99
353	39,37	147,162	40,38	50,94	145	99
354	221,261	407,525	192,379	232,405	198	99
355	10,5	4,10	0,1	1,0	198	99
356	592,646	53,36	272,494	18,11	131	99
358	12,4	0,0	10,14	1,0	198	99
359	180,167	0,0	107,186	1,0	198	99
360	182,161	6,5	100,190	5,10	198	99
361	15,14	6,5	3,9	5,10	198	99
362	21,16	4,11	5,13	13,17	198	99
363	11,6	159,115	44,39	55,65	110	99
365	0,0	2,2	1,0	4,12	118	99
366	20,36	69,100	2,13	26,67	107	99
367	11,6	63,49	1,14	66,87	157	99
368	2872,2875	0,2	1756,2645	1,1	198	99
369	183,200	1235,1118	136,241	674,1161	198	99
372	2,8	45,26	1,7	10,34	198	99
373	24,42	72,73	16,31	32,64	111	99
374	1,0	35,56	0,3	8,30	198	99
375	0,3	0,3	1,6	0,2	198	99
376	3,7	53,26	2,4	23,19	198	99
378	705,962	9,5	403,853	0,10	198	99
381	6,3	1173,1133	3,8	547,982	132	99
384	12,13	3,3	10,18	2,8	118	99
385	19,15	4,4	12,28	0,8	198	99
386	56,87	5,10	42,93	2,8	116	99
387	0,0	18,22	1,0	17,20	174	99
388	41,37	15,16	17,31	13,24	198	99
389	2,0	32,34	3,4	14,37	104	99
390	16,21	0,2	9,20	0,2	198	99
392	1552,1635	5,17	774,1622	2,5	144	99
393	9,10	57,67	4,11	38,94	170	99
394	381,354	0,1	199,330	0,0	198	99
395	535,545	5,2	412,634	5,9	144	99
396	6,3	233,231	24,35	63,153	198	99
397	16,11	1336,1255	1,0	664,1204	198	99
399	51,53	0,1	36,74	4,10	114	99
401	291,270	18,31	208,366	21,31	177	99
403	70,114	371,408	16,41	237,436	198	99
405	435,505	21,22	239,437	23,19	142	99
406	125,163	162,228	134,208	32,48	103	99
407	28,41	61,69	2,16	29,79	198	99
408	2,1	22,8	0,0	13,6	198	99
409	90,103	437,608	22,63	330,573	198	99
410	0,2	16,11	9,21	5,9	111	99
411	474,430	53,51	143,223	188,265	105	99
412	253,249	12,16	49,60	23,38	130	99
413	62,57	0,0	35,45	0,2	198	99
415	348,350	0,3	118,253	5,5	108	99
417	1,6	277,277	11,8	225,271	198	99
418	13,14	284,285	1,15	233,347	198	99
419	1,0	1497,1315	1,3	840,1512	103	99
420	128,143	102,106	113,186	41,76	120	99
421	13,8	1,0	10,16	0,0	117	99
423	2,12	12,17	2,0	15,10	183	99
424	387,477	471,555	208,417	259,466	102	99
426	11,15	107,135	11,16	59,87	198	99
427	63,44	232,199	31,69	99,123	128	99
428	284,282	0,2	146,279	6,1	194	99
429	11,8	686,507	4,7	349,579	198	99
430	48,51	2,0	39,38	0,0	101	99
432	461,448	2,1	265,449	0,3	198	99
433	245,243	11,14	68,139	4,1	126	99
434	8,4	165,179	5,9	108,236	117	99
436	1,3	101,122	1,4	63,77	198	99
437	489,465	36,52	397,715	10,35	191	99
438	24,44	884,1102	28,44	402,849	198	99
439	1026,1296	1,2	453,947	0,0	198	99
440	293,300	32,33	266,386	24,39	158	99
442	54,26	4,5	14,36	1,0	138	99
443	39,23	1772,1828	13,35	1190,1915	103	99
444	11,5	897,812	6,27	402,834	198	99
445	2178,1897	3,1	1194,2097	3,16	102	99
446	217,207	1,2	64,147	0,0	198	99
447	282,268	48,33	269,369	19,27	198	99
448	37,31	3,0	19,34	0,0	198	99
449	111,89	6,8	40,95	0,1	165	99
450	78,69	3,0	28,89	1,1	102	99
451	10,10	429,427	7,13	244,398	198	99
452	0,3	200,188	1,1	86,120	198	99
453	41,46	1,1	21,29	0,0	198	99
454	359,319	227,170	480,777	667,1074	102	99
455	10,3	442,517	4,1	205,459	198	99
457	809,782	2,7	555,1007	2,3	103	99
458	51,49	413,414	8,28	242,434	198	99
459	600,707	0,0	359,680	0,1	198	99
460	70,83	15279,12100	100,158	7409,12376	162	99
461	5051,4840	0,3	2401,4612	4,6	135	99
462	267,119	5,0	24,56	1,0	198	99
463	321,310	333,328	103,226	160,305	102	99
464	0,0	1339,1379	6,2	999,1767	147	99
465	924,826	2917,2593	295,448	1536,2664	102	99
466	14,37	1645,1860	4,25	814,1700	122	99
467	170,234	2,2	145,239	5,0	198	99
468	92,142	2,2	101,172	5,0	198	99
469	100,184	161,220	104,220	134,232	198	99
471	27,30	41,31	17,43	28,36	153	99
473	127,151	0,0	56,158	1,0	198	99
474	0,0	15887,12081	6,13	11226,21646	103	99
476	23,15	9,3	16,20	0,2	198	99
478	136,148	2,6	83,163	5,1	198	99
479	130,153	0,0	69,102	0,1	198	99
480	18,20	24,32	0,7	10,16	122	99
483	14,5	0,0	12,20	0,1	198	99
487	4,3	3261,3523	3,8	1397,3052	198	99
489	17,8	1,0	7,15	0,0	108	99
490	0,0	117,97	2,2	50,106	104	99
492	91,71	166,220	39,75	52,133	198	99
493	3,3	0,2	1,1	0,2	173	99
494	16,6	4,5	12,20	2,0	159	99
495	2,4	151,158	0,13	75,110	123	99
496	21,20	20,8	11,23	13,20	198	99
497	38,38	2,0	19,53	0,3	198	99
498	47,35	2,0	29,58	0,3	169	99
499	57,44	1,0	30,42	0,0	198	99
501	88,89	31,33	15,51	32,54	114	99
502	0,0	9,9	1,0	1,9	198	99
503	8687,10694	4,16	5329,10157	3,3	117	99
504	3762,4683	168,186	2176,4243	100,187	117	99
505	3751,4671	4,13	2163,4226	7,22	117	99
506	4329,5426	4,13	2588,4937	7,22	138	99
507	583,759	5,4	426,714	1,3	120	99
508	3747,4669	3,8	2164,4225	4,4	117	99
509	5196,6210	3,8	3135,5996	4,4	138	99
510	1450,1543	1,2	973,1773	2,2	120	99
511	235,296	1764,2237	41,102	874,1684	112	99
512	155,185	174,238	32,90	186,347	112	99
513	5,10	203,262	4,4	122,214	198	99
514	101,149	137,142	18,68	110,256	120	99
515	645,604	2,4	271,571	4,13	139	99
516	12,10	270,296	6,22	251,489	111	99
517	1,5	64,68	1,3	38,74	198	99
519	12,4	1,0	4,6	0,0	103	99
521	10,27	34,55	9,18	15,37	198	99
522	9,25	14,27	9,19	2,13	104	99
523	4,0	0,0	2,0	0,1	198	99
524	6,1	0,0	0,3	0,1	123	99
527	471,454	4,11	264,463	3,3	113	99
528	726,774	25,16	352,697	0,2	126	99
529	14,8	17,21	4,11	12,15	146	99
530	264,471	2,0	175,271	0,3	198	99
531	59,81	2,0	20,50	0,0	198	99
532	25,41	115,106	19,56	31,52	129	99
533	9,9	254,231	67,122	54,102	103	99
534	52,30	68,70	22,32	32,42	198	99
535	18,7	45,26	7,18	20,32	169	99
537	392,277	0,4	252,360	9,21	103	99
539	0,0	4,9	1,2	4,13	103	99
541	161,172	2,0	66,159	0,0	198	99
542	29,18	98,112	1,5	18,67	198	99
543	24,20	0,1	17,54	0,0	198	99
545	3,3	177,140	8,0	98,151	198	99
546	384,416	27,38	202,436	10,36	103	99
548	0,6	1,1	8,0	0,0	162	99
550	34,52	374,430	16,46	172,459	198	99
551	5,8	473,391	2,0	214,439	103	99
552	932,772	0,0	370,592	0,6	123	99
553	1007,974	44,62	662,999	1,4	129	99
554	1554,1497	20,18	791,1326	4,15	198	99
555	114,141	9,3	57,134	4,2	179	99
558	3,0	0,4	0,1	0,1	110	99
560	8,7	54,44	32,41	7,10	117	99
561	84,93	2,2	17,56	1,0	198	99
562	134,252	53,69	93,158	57,64	159	99
563	62,72	18,21	26,49	6,11	119	99
564	29,29	18,21	34,43	6,11	144	99
565	19,8	52,51	26,29	18,35	124	99
566	6,7	296,259	5,5	162,314	102	99
568	123,131	154,144	46,91	118,196	198	99
569	0,2	1,1	1,1	0,0	116	99
570	294,368	0,0	163,336	1,0	198	99
571	28,34	42,36	3,12	42,97	122	99
572	43,21	11,10	3,11	11,11	198	99
573	31,29	11,10	22,49	11,11	198	99
574	21,23	33,15	19,47	0,1	104	99
575	3,5	84,125	1,0	58,77	102	99
576	18,3	46,60	3,9	18,24	111	99
577	3,0	160,195	1,3	74,164	198	99
580	49,44	0,2	26,46	0,0	198	99
582	4,5	0,4	9,13	0,0	198	99
583	24,21	160,174	2,2	83,178	114	99
585	3,3	131,120	2,4	13,40	103	99
586	115,122	158,167	18,44	123,204	117	99
587	96,64	2,0	47,88	3,4	198	99
588	16,17	49,50	15,23	16,26	124	99
589	224,195	10,16	133,261	6,16	198	99
590	5,5	158,161	0,4	62,148	198	99
592	0,4	9,5	0,2	3,13	110	99
593	12,12	86,102	20,37	55,118	198	99
594	434,296	0,1	161,269	0,0	144	99
596	294,259	7,5	191,384	0,6	130	99
597	2,0	21,21	2,0	20,8	111	99
598	0,6	0,1	2,2	0,1	110	99
599	1,6	7,3	2,2	0,0	126	99
600	1,1	7,3	0,1	0,0	115	99
601	7,15	1227,1305	0,9	471,1007	198	99
602	5,12	41,43	5,3	20,11	198	99
603	56,71	25,26	23,27	23,13	118	99
604	9,16	25,26	4,4	23,13	127	99
605	8,7	55,62	0,0	19,23	108	99
606	1,2	67,104	2,4	37,131	120	99
607	19,33	228,205	35,84	66,160	117	99
608	29,38	12,5	9,23	0,0	198	99
609	50,37	2,1	20,39	0,1	122	99
610	275,283	8,9	124,184	4,2	190	99
611	11,13	0,2	13,26	0,0	198	99
612	120,116	8,2	37,102	3,1	112	99
613	0,1	0,0	0,1	1,0	106	99
614	3365,3593	4,0	1855,3720	0,0	198	99
615	0,2	14,7	1,0	5,10	198	99
616	130,154	40,36	87,141	15,17	103	99
617	0,0	172,185	0,1	109,202	103	99
619	45,44	6,3	14,41	4,1	198	99
620	4,1	54,51	0,5	22,66	198	99
621	29,19	554,480	12,18	236,460	116	99
623	15,16	1238,1272	14,19	852,1738	198	99
624	2,3	131,163	3,1	116,194	103	99
625	67,73	0,0	43,68	1,0	102	99
626	3,5	0,2	1,2	0,0	103	99
627	8,8	103,93	8,1	55,89	102	99
628	81,87	16,16	46,88	3,6	115	99
629	19,13	1,0	5,21	0,1	166	99
631	83,119	121,154	50,142	54,98	146	99
632	35,23	0,0	17,21	2,4	103	99
633	598,549	2,1	309,530	0,0	198	99
635	107,115	0,6	59,116	0,0	115	99
636	15,13	6,9	5,18	10,15	198	99
637	88,83	233,236	78,127	138,205	198	99
638	11,21	63,62	11,16	52,87	125	99
639	14,7	63,62	6,45	52,87	198	99
640	11,8	7,21	4,47	8,5	198	99
641	2,0	6,1	0,3	2,5	107	99
642	71,72	15,10	43,83	1,5	116	99
643	676,658	5,0	289,498	0,1	198	99
645	10,11	80,75	10,26	68,152	198	99
646	249,240	1,2	92,212	0,1	198	99
647	4,10	160,158	10,7	127,212	198	99
649	79,57	160,159	24,33	106,177	198	99
650	57,42	160,159	18,28	106,177	198	99
651	10,9	24,16	8,9	6,5	139	99
652	17,32	319,361	18,47	96,201	198	99
654	334,379	1,4	130,280	0,0	198	99
655	118,158	25,22	77,138	6,1	114	99
657	44,63	31,22	23,46	17,14	103	99
658	12,11	28,13	9,25	1,6	103	99
659	21,20	27,13	5,14	11,34	120	99
660	82,62	3,3	41,82	0,1	198	99
661	88,55	3,3	47,102	0,1	180	99
662	8,6	349,337	6,4	211,344	105	99
663	32,23	55,64	19,16	54,77	198	99
664	0,5	50,39	3,1	23,25	198	99
665	5,1	7,7	4,15	7,4	137	99
666	0,3	489,458	3,8	233,431	117	99
667	438,352	71,90	212,322	31,68	198	99
668	328,315	4,16	163,264	16,16	105	99
669	128,118	104,66	123,207	94,132	105	99
670	4,0	2,4	0,2	2,4	130	99
672	221,230	42,40	158,298	12,21	127	99
673	28,26	423,433	10,23	300,419	102	99
674	13,15	100,111	5,14	74,106	122	99
675	7,6	516,509	5,7	344,453	198	99
676	3,3	200,145	1,1	57,160	102	99
677	5,7	0,4	2,6	4,11	158	99
678	2,0	1503,1783	2,1	961,1584	198	99
679	22,23	1,0	7,22	0,0	198	99
680	1737,2308	21,24	1135,2112	25,52	198	99
681	607,776	421,599	422,878	170,274	134	99
683	0,0	100,101	2,2	48,67	108	99
685	7,14	6,2	9,6	3,3	198	99
686	19,24	6,2	11,20	3,3	198	99
687	16,26	4,8	3,20	1,3	198	99
688	14,34	0,4	15,45	1,6	113	99
689	15,12	199,178	31,52	81,205	115	99
692	36,30	22,11	5,23	13,52	103	99
693	4,8	56,44	1,5	20,60	198	99
694	76,82	369,348	10,20	214,416	102	99
695	589,559	85,82	280,456	77,131	198	99
696	20,10	331,364	9,13	252,424	129	99
698	310,314	26,43	122,312	34,70	120	99
699	4,5	3,2	0,5	4,0	125	99
700	2,1	15,13	0,1	2,12	198	99
701	8,4	0,1	4,18	0,0	198	99
702	16,24	14,15	8,15	2,12	198	99
703	0,2	8,7	0,0	4,13	118	99
704	20,18	16,18	7,14	5,7	198	99
705	1,0	1396,1416	0,3	775,1419	103	99
706	16358,15312	0,2	7758,14638	0,0	169	99
707	6,6	2296,2062	6,8	1114,1981	174	99
709	3,3	95,81	0,1	41,114	198	99
710	311,321	90,90	118,237	49,106	102	99
712	73,75	125,159	7,43	22,77	188	99
713	645,907	5,1	356,716	2,4	198	99
714	82,81	35,32	52,124	20,34	106	99
715	0,3	1462,1489	0,5	625,1298	153	99
716	8,10	86,83	4,8	53,58	102	99
717	159,164	0,2	76,133	0,1	123	99
718	0,1	1058,1135	0,0	722,1375	103	99
719	3,2	119,95	3,3	42,102	198	99
720	7,12	0,3	0,2	7,19	102	99
721	5,2	0,0	0,1	8,14	102	99
722	56,53	13,12	32,56	6,9	198	99
723	137,93	0,0	37,57	0,5	180	99
724	69,86	6,11	76,126	5,17	126	99
725	5,12	1,0	3,12	0,1	198	99
726	5,1	442,422	1,0	184,352	124	99
727	26,37	1264,1352	14,49	870,1273	198	99
728	4,0	185,162	2,2	96,155	198	99
729	36,50	18,17	40,80	4,30	198	99
730	31,51	29,22	9,15	13,37	153	99
731	61,71	7,11	43,84	5,1	198	99
732	47,51	1,0	30,49	0,0	173	99
733	108,139	6,1	46,128	0,1	185	99
734	131,161	40,28	81,123	40,53	120	99
735	1,2	352,368	0,0	140,303	198	99
736	6,5	681,654	6,7	362,573	103	99
737	7,5	0,2	5,7	0,0	103	99
738	26,26	5,3	34,45	9,15	157	99
739	4,9	310,349	4,9	176,275	198	99
740	37,42	884,810	23,70	852,1630	198	99
741	1,2	199,161	0,2	102,170	103	99
742	5,3	1,0	0,2	2,0	103	99
743	12,5	1328,1346	4,6	828,1482	102	99
744	0,0	450,343	1,0	303,511	103	99
745	118,138	0,4	85,132	1,0	198	99
746	479,463	0,1	276,500	0,0	198	99
747	27,25	4,0	19,53	0,0	198	99
748	14,29	57,61	29,58	13,32	130	99
749	18,19	57,61	15,40	13,32	135	99
750	6,4	2,14	2,8	16,26	104	99
753	5,2	92,84	4,12	16,69	119	99
754	93,129	25,19	59,90	5,16	198	99
755	14,9	204,226	7,4	154,252	102	99
756	49,32	139,143	15,30	72,151	198	99
757	16,11	0,0	7,24	1,3	103	99
758	640,634	21,22	406,638	1,2	144	99
760	4,4	2143,2066	2,6	1096,1851	198	99
761	2,2	1444,1296	16,6	768,1221	104	99
762	32,12	9,9	19,6	1,6	198	99
763	46,65	1,1	32,61	0,0	198	99
764	12,14	312,453	10,8	150,278	198	99
765	194,182	46,48	95,133	30,90	121	99
766	4,0	37,47	2,1	34,32	198	99
767	2707,2567	12,14	1477,2896	20,21	102	99
768	1361,1231	982,922	1177,1930	236,416	113	99
769	219,253	10,5	87,148	0,6	198	99
771	11,10	1,2	6,11	3,3	108	99
772	34,47	28,40	49,51	0,0	122	99
774	43,46	2,0	5,20	0,0	194	99
775	30,41	10,3	14,30	2,1	104	99
776	273,301	13,23	136,314	5,24	146	99
778	11,22	42,29	14,22	14,22	103	99
779	1,1	2,0	5,0	0,4	103	99
780	3,1	160,170	5,14	194,341	103	99
783	31,27	23,14	27,24	1,3	104	99
784	0,0	24,18	1,0	11,18	138	99
786	248,324	8,6	209,333	1,1	120	99
788	4,7	119,98	0,11	55,102	198	99
790	24,32	37,23	5,19	23,47	128	99
792	173,210	236,234	65,154	102,169	198	99
793	22,31	61,40	6,13	45,55	198	99
794	25,28	0,1	19,29	0,0	125	99
795	2,9	353,374	0,2	244,463	198	99
797	6,3	2,3	1,9	0,1	196	99
798	18,5	1005,1165	2,3	564,1002	166	99
799	28,40	8,23	21,65	2,9	198	99
800	26,36	228,218	30,77	100,129	126	99
801	243,238	8,23	102,140	2,9	198	99
802	89,105	50,43	54,81	8,12	116	99
803	41,44	22,19	30,38	8,25	116	99
805	63,79	4,7	41,76	3,14	103	99
806	34,34	37,62	10,29	12,33	110	99
807	65,42	477,507	35,85	293,563	198	99
808	1,3	368,336	0,0	152,327	103	99
809	223,233	65,57	140,240	15,33	198	99
810	181,218	4,1	130,232	0,0	198	99
812	51,52	0,0	20,33	1,0	198	99
813	39,29	5,6	12,30	4,5	198	99
816	112,79	8,0	38,100	0,0	157	99
817	251,300	130,101	189,294	76,138	198	99
818	26,23	113,169	7,14	53,140	143	99
819	23,15	6,4	6,18	5,6	198	99
820	1,2	193,150	2,19	78,118	198	99
821	25,30	0,2	9,32	2,3	198	99
822	5,4	387,446	7,4	197,402	198	99
823	25,25	348,421	30,24	172,392	198	99
824	323,375	90,103	120,286	39,109	114	99
825	139,162	541,545	71,90	244,412	198	99
826	27,25	1301,1087	16,23	661,1268	198	99
827	77,71	1,0	43,108	0,0	117	99
828	149,122	99,91	59,94	93,144	168	99
829	212,212	0,0	131,264	6,3	198	99
830	87,82	60,76	35,29	21,55	198	99
831	226,207	71,79	65,110	44,105	117	99
832	473,514	238,264	254,483	115,268	120	99
833	8,10	156,111	11,17	75,113	118	99
834	11,12	462,476	6,8	183,351	198	99
835	106,106	1,1	36,62	0,0	141	99
837	4,3	2,0	0,1	0,0	101	99
838	37,51	127,123	17,35	37,84	139	99
839	27,18	12,5	7,9	5,8	168	99
840	3,4	67,55	9,22	11,24	104	99
841	11,20	1749,1871	19,15	913,1829	198	99
842	11,18	1749,1871	19,11	913,1829	198	99
843	15,10	1,2	8,16	0,4	185	99
844	218,172	5,5	126,204	20,1	198	99
845	9,22	452,422	6,18	246,424	198	99
846	140,148	8,15	101,145	3,5	105	99
847	243,245	25,22	139,275	4,14	107	99
848	10,7	1,7	0,3	10,0	144	99
849	27,21	0,0	9,17	0,1	102	99
850	58,47	50,61	24,51	38,46	110	99
851	3,2	15,16	3,20	15,6	117	99
852	216,217	107,99	227,420	53,95	113	99
854	53,56	733,701	26,55	364,643	103	99
855	4,9	5,1	5,7	4,26	198	99
856	7,13	310,372	5,22	267,492	198	99
857	180,229	22,22	96,192	12,9	198	99
858	180,225	1,2	95,196	1,0	198	99
859	37,30	1,2	12,19	1,0	198	99
860	97,126	99,111	57,97	60,72	162	99
861	111,106	11,17	41,94	13,26	110	99
862	21,18	11,17	16,33	13,26	198	99
863	21,22	110,106	19,40	41,94	198	99
864	3,1	55,63	0,1	15,46	132	99
865	16,4	9,3	11,8	6,13	119	99
866	5,3	12,22	2,1	19,40	110	99
867	18,24	192,139	4,32	60,147	117	99
868	74,81	126,139	4,15	100,159	104	99
869	18,9	1,0	10,15	0,0	137	99
871	132,129	1,2	67,77	2,1	198	99
872	0,1	0,0	8,13	2,0	101	99
873	169,172	1,0	137,195	1,4	113	99
874	43,75	0,1	32,52	0,0	174	99
875	3,5	70,43	3,1	14,42	198	99
876	0,1	1378,1337	0,0	688,1325	103	99
877	10,4	43,37	2,1	24,27	152	99
878	338,290	992,946	254,504	251,445	117	99
879	99,149	109,139	72,150	39,98	198	99
880	5,7	848,929	5,25	461,911	103	99
881	11,23	193,159	43,43	56,142	104	99
882	150,151	4,2	48,106	4,5	118	99
884	63,82	0,3	49,62	0,0	143	99
885	0,0	132,138	3,1	74,129	174	99
886	10,13	28,24	1,11	10,26	198	99
887	42,46	99,96	36,37	63,77	135	99
888	324,313	17,10	150,250	2,4	134	99
889	65,84	17,10	37,48	2,4	198	99
890	4,4	263,233	6,4	119,206	164	99
891	4,1	9,3	0,1	4,8	105	99
892	53,73	0,0	48,65	2,0	198	99
893	494,433	37,23	251,532	6,8	146	99
894	344,296	217,200	327,461	38,36	111	99
895	373,338	4,10	213,332	1,11	198	99
896	1369,1242	44,62	616,1017	45,70	181	99
897	17,21	43,33	23,30	1,14	144	99
898	8,1	39,35	3,7	16,14	198	99
899	16,27	2,6	12,27	0,0	120	99
900	34,19	247,208	20,36	165,218	198	99
901	32,19	273,297	21,37	159,400	198	99
902	37,32	5,4	44,107	6,9	198	99
904	90,143	11,14	56,99	8,4	198	99
905	18,31	11,14	8,15	8,4	198	99
906	18,31	81,124	8,12	52,87	130	99
907	1094,999	6,3	699,976	1,2	111	99
909	928,997	77,90	339,697	104,183	144	99
910	2410,3532	2017,2266	1603,2853	1131,2103	156	99
911	5572,7111	0,3	3417,6022	0,2	114	99
912	5996,7409	2,0	3977,6737	5,0	117	99
913	74,59	51,56	50,83	14,22	125	99
914	347,464	67,77	175,324	25,49	198	99
915	130,173	7,9	57,166	0,2	191	99
916	59,59	2,0	34,76	0,0	198	99
917	63,62	209,179	33,67	123,196	198	99
918	16,26	209,179	16,10	123,196	198	99
919	33,38	23,19	18,13	10,31	198	99
920	36,41	15,14	16,38	9,14	198	99
921	24,42	36,31	16,22	5,30	198	99
923	92,79	0,0	28,52	1,0	198	99
924	119,72	6,3	49,89	1,11	138	99
925	42,35	2,1	29,41	0,1	123	99
926	4,4	2796,2972	4,10	1425,2536	120	99
927	0,0	7,4	0,3	1,3	116	99
928	0,2	0,1	0,0	0,3	104	99
930	5,2	377,418	0,3	239,442	198	99
931	1,7	704,685	5,10	322,666	103	99
932	34,26	52,59	26,30	29,44	118	99
934	14,10	250,246	6,1	144,204	103	99
935	14,11	46,42	4,1	15,60	103	99
937	20,11	361,282	9,14	159,346	103	99
938	3,0	0,0	4,9	3,0	116	99
939	3,0	1680,1406	4,16	773,1398	198	99
940	0,0	1680,1406	5,10	773,1398	198	99
941	45,45	1100,1359	27,54	563,984	198	99
942	36,38	1100,1359	17,36	563,984	198	99
943	7,19	11,11	5,18	11,22	198	99
944	18,29	10,5	3,10	12,23	103	99
945	22,28	9,9	10,34	4,17	198	99
946	23,31	338,352	28,23	204,381	198	99
948	157,138	24,19	79,100	16,23	108	99
949	18,10	1424,1444	7,15	671,1237	103	99
950	36,47	1172,1222	35,32	591,988	135	99
951	0,1	2,0	0,1	1,0	198	99
953	32,27	163,230	60,73	129,231	198	99
954	3,2	94,110	5,2	64,109	198	99
956	39,33	1,0	13,24	0,0	198	99
957	38,38	1213,1293	7,24	499,1004	198	99
958	1,1	0,1	0,1	0,1	117	99
959	87,73	2,0	36,59	0,0	198	99
961	5,13	136,99	2,11	49,113	198	99
962	24,19	582,634	22,31	336,606	198	99
963	17,18	189,198	3,9	73,197	198	99
964	53,51	0,1	41,54	0,0	198	99
965	80,82	0,3	36,65	0,0	198	99
966	107,95	246,176	103,157	54,76	105	99
967	17,15	0,1	12,10	1,1	163	99
969	0,2	166,210	2,4	117,188	138	99
970	614,546	0,0	335,513	0,1	198	99
971	7,1	30,23	5,8	22,26	130	99
973	1,0	4419,4211	2,9	2609,5493	139	99
974	94,79	4451,4326	95,194	3058,5317	117	99
975	54,43	0,5	11,39	0,4	198	99
976	347,296	100,90	77,124	91,175	122	99
977	28,45	18,22	15,37	2,0	103	99
978	575,612	2,4	399,605	3,0	198	99
980	28,28	30,66	8,26	15,29	131	99
982	19,17	1,10	7,26	9,18	110	99
984	5,11	6,9	2,3	6,7	198	99
985	20,27	0,0	37,55	0,2	135	99
986	20,28	229,314	40,63	142,332	135	99
987	1068,961	58,53	610,1010	4,20	138	99
988	21,15	249,272	25,38	218,351	123	99
989	313,346	0,0	252,409	0,1	103	99
990	7,15	209,209	6,16	140,204	198	99
991	32,16	2,0	43,42	0,0	198	99
992	113,94	26,30	11,27	29,51	111	99
993	0,3	75,75	1,6	31,79	198	99
994	2,4	125,128	0,0	93,154	103	99
995	85,124	1,0	54,59	4,1	128	99
996	40,77	2,2	36,62	0,0	198	99
997	917,842	13,12	511,1064	2,0	122	99
998	227,195	0,1	109,264	0,2	122	99
1001	143,177	2625,3225	106,187	1581,3097	198	99
1002	135,160	2625,3225	86,145	1581,3097	198	99
1003	140,147	28,45	67,146	33,59	198	99
1004	1,9	18,7	0,1	0,2	132	99
1005	20,16	0,0	7,28	1,0	198	99
1006	20,33	357,392	21,37	284,317	160	99
1007	16,17	660,651	18,27	389,547	198	99
1008	148,144	152,161	64,106	121,256	198	99
1009	94,101	32,29	44,78	14,21	159	99
1010	400,431	148,192	223,291	146,268	198	99
1011	6,1	20,18	0,4	12,10	121	99
1012	4424,4866	0,4	3027,4578	0,0	114	99
1015	18,9	43,26	1,9	24,35	141	99
1016	0,1	165,130	0,0	34,102	105	99
1017	93,103	5,13	79,193	1,9	104	99
1018	2,0	39,49	0,2	21,39	108	99
1019	7,5	39,40	8,9	34,46	124	99
1020	6,8	1,2	3,12	1,1	198	99
1021	7,2	316,376	1,6	185,290	103	99
1023	29,29	10,3	19,26	1,5	198	99
1024	1286,1029	9,10	228,656	0,0	132	99
1025	13,10	1,0	17,13	2,2	181	99
1026	273,270	3,2	123,227	4,10	109	99
1029	19,33	61,85	6,8	45,62	166	99
1030	3,2	10895,9673	1,6	7159,14080	103	99
1031	1,0	0,1	0,2	0,2	103	99
1032	4,9	961,972	5,7	478,976	198	99
1033	1,13	961,972	6,6	478,976	198	99
1034	1,4	42,48	2,0	38,39	117	99
1035	1,1	435,435	5,18	189,316	108	99
1036	3,1	42,88	2,1	27,59	198	99
1037	21,23	1,0	10,37	0,0	198	99
1040	0,0	3478,3349	1,0	1711,3354	103	99
1042	1,11	74,97	3,14	83,129	198	99
1043	64,79	81,101	18,51	53,123	138	99
1044	0,2	107,103	1,0	42,92	198	99
1046	3,4	5,10	0,0	10,10	127	99
1048	13,22	60,49	34,57	93,135	110	99
1049	2099,2125	30,61	1441,2389	43,77	123	99
1050	1,8	4925,4178	1,14	2192,4481	198	99
1051	12,13	0,1	2,11	0,0	198	99
1052	19,23	702,618	8,11	278,627	198	99
1054	42,51	50,29	20,44	10,26	111	99
1055	512,538	8,16	292,417	21,25	140	99
1058	570,711	2,1	357,497	1,0	143	99
1059	183,235	52,46	105,162	10,13	117	99
1060	5,7	61,81	4,9	14,63	198	99
1061	134,124	28,23	78,155	1,2	104	99
1062	168,143	3,10	144,222	0,0	155	99
1063	0,1	0,0	0,0	0,1	104	99
1064	3,5	37,65	2,1	35,94	119	99
1065	0,1	161,156	0,2	87,170	102	99
1066	19,15	31,21	12,37	37,39	102	99
1067	313,400	12,2	146,313	2,5	198	99
1068	1,6	5275,6177	3,0	3110,5128	198	99
1069	89,75	1,0	45,79	1,0	198	99
1070	181,195	19,21	130,175	7,9	198	99
1071	4,4	77,71	1,7	64,59	113	99
1072	4,7	0,1	5,15	0,2	198	99
1073	11,20	108,107	24,49	54,101	198	99
1074	12,27	0,0	16,45	0,2	198	99
1075	5,11	16,17	7,8	7,15	198	99
1078	0,2	16,19	4,1	12,28	198	99
1080	7,20	7,5	10,15	1,4	198	99
1081	188,194	34,17	73,164	20,39	146	99
1082	10,12	185,192	3,12	115,160	198	99
1083	227,226	2,13	61,155	5,6	198	99
1084	68,85	9,8	37,96	0,1	104	99
1086	0,5	41,45	0,2	17,23	103	99
1088	21110,14911	21918,15129	22462,37731	7921,14269	110	99
1089	121,70	2,2	8,22	17,47	105	99
1090	5,8	0,0	0,0	2,3	105	99
1091	68,104	25,34	37,83	16,19	198	99
1092	24,22	8,11	15,8	0,13	166	99
1093	11,10	383,435	2,10	200,356	198	99
1094	0,0	87,103	3,4	66,89	117	99
1095	21,7	0,0	15,27	2,1	126	99
1097	329,293	3,0	166,309	0,1	198	99
1098	1,0	107,93	0,2	42,97	198	99
1099	4,3	163,140	0,10	103,157	198	99
1101	4,0	126,176	0,6	103,160	103	99
1102	662,740	0,0	405,767	0,3	102	99
1103	79,77	1,1	27,80	0,1	128	99
1104	12,18	29,55	2,3	30,71	158	99
1105	6,1	0,3	1,0	0,0	105	99
1107	102,96	122,139	6,39	77,117	180	99
1108	2,0	50,33	0,0	12,29	183	99
1109	11,14	0,2	1,1	0,1	198	99
1110	253,213	0,0	143,188	1,0	104	99
1111	240,218	19,13	158,266	11,8	198	99
1112	10,7	22,18	19,43	21,18	198	99
1113	70,61	89,90	78,154	14,15	111	99
1114	8,4	48,40	7,22	2,10	111	99
1115	65,103	88,94	46,66	83,140	115	99
1116	4,1	90,109	1,1	25,62	106	99
1117	146,171	59,80	85,176	22,41	149	99
1119	9,9	775,727	8,8	375,604	103	99
1120	7,8	379,451	1,6	214,424	198	99
1121	9,8	753,843	2,4	350,726	198	99
1122	3,3	204,229	3,6	113,211	198	99
1123	22,39	7,5	16,41	0,9	198	99
1124	38,84	30,26	35,94	8,15	170	99
1125	5,4	5,11	2,1	1,3	136	99
1126	18,9	0,0	12,42	0,4	198	99
1128	3,7	138,142	2,12	55,112	198	99
1130	254,302	0,0	179,300	0,1	171	99
1131	0,0	499,439	0,5	213,381	198	99
1132	52,79	3,0	12,52	0,0	139	99
1133	3,2	9,6	2,13	9,1	198	99
1134	9,7	196,220	6,12	69,164	198	99
1135	15,12	196,220	14,8	69,164	198	99
1136	3,3	6,5	1,0	2,4	198	99
1137	3,11	194,166	5,7	68,141	198	99
1138	7,8	28,35	2,6	34,46	198	99
1139	9,16	194,166	6,11	68,141	198	99
1140	22,36	1216,1363	9,13	431,705	105	99
1141	21,22	732,761	6,10	245,362	103	99
1142	21,22	5,5	6,9	1,5	103	99
1143	79,84	117,149	50,83	54,95	183	99
1144	4,0	23,26	6,5	20,24	127	99
1145	46,62	192,199	44,65	91,187	198	99
1146	64,53	3,2	24,45	17,25	126	99
1147	72,88	101,88	52,77	43,120	198	99
1148	124,151	1,6	37,105	0,0	175	99
1149	0,1	29,19	1,0	21,50	117	99
1150	82,110	6,11	32,81	0,0	118	99
1151	440,535	658,968	176,425	346,745	198	99
1153	42,48	40,32	29,35	16,24	198	99
1154	129,121	10,30	34,46	8,29	114	99
1155	414,470	5,5	210,356	1,9	109	99
1156	27,33	0,2	23,30	4,11	109	99
1157	47,61	125,123	36,73	67,98	156	99
1158	15,14	8,6	5,16	3,5	149	99
1159	78,120	14,15	79,151	8,15	107	99
1160	20,30	29,20	17,22	3,21	107	99
1162	20,14	3,4	5,9	3,18	129	99
1163	6,20	207,229	4,3	94,164	198	99
1164	16,5	483,441	1,8	210,455	103	99
1165	47,31	364,382	16,36	297,402	198	99
1166	5,1	420,385	5,5	274,459	132	99
1167	15,32	1,4	7,11	13,14	117	99
1168	19,38	0,0	17,31	0,1	198	99
1169	7,16	0,0	28,36	0,1	198	99
1170	44,77	4,2	32,38	1,5	154	99
1171	15,14	16,25	7,25	8,16	152	99
1172	1,2	8,9	0,5	24,25	198	99
1174	8,1	289,339	1,2	163,308	198	99
1175	20,15	512,604	15,20	189,382	103	99
1176	27,10	4,1	5,20	2,1	102	99
1177	57,72	133,139	30,81	53,81	111	99
1178	22,18	168,163	14,14	65,124	198	99
1180	144,136	1,0	58,134	0,2	118	99
1181	162,159	263,183	90,116	107,210	102	99
1183	107,92	3,4	65,120	4,2	146	99
1184	0,3	609,582	7,9	421,692	198	99
1185	36,30	182,163	27,57	53,100	103	99
1186	271,291	989,1165	61,136	800,1347	116	99
1187	135,113	19,21	60,108	2,3	198	99
1188	205,184	51,48	87,186	66,72	198	99
1189	99,104	51,48	34,94	66,72	116	99
1190	4,3	7,4	3,1	3,4	110	99
1192	0,1	276,298	0,0	173,384	101	99
1194	147,144	0,1	59,158	1,0	127	99
1195	193,205	16,14	75,225	8,28	127	99
1196	948,876	12,9	539,916	15,8	198	99
1197	23,28	95,135	2,14	55,91	198	99
1198	12,3	35,11	2,7	9,24	105	99
1200	2,2	10,12	0,0	7,15	111	99
1201	7,6	22,10	2,4	10,18	111	99
1202	24,13	4813,4055	16,21	3549,6160	103	99
1203	1053,1146	2,1	557,920	0,0	198	99
1204	103,111	420,462	52,47	255,470	182	99
1205	14,25	1,1	2,5	7,10	106	99
1208	140,159	50,62	101,133	60,101	175	99
1209	4,1	1057,1010	4,2	468,908	198	99
1210	34,19	6,5	5,26	3,3	198	99
1211	442,368	241,204	234,330	146,261	142	99
1212	638,575	37,28	352,537	17,33	181	99
1213	750,662	4,1	412,645	0,0	196	99
1214	439,411	37,28	264,469	17,33	138	99
1215	551,500	4,1	324,577	0,0	153	99
1216	149,117	4,1	77,141	0,0	114	99
1217	0,0	40,43	0,2	14,51	198	99
1218	25,43	11,5	18,30	0,1	116	99
1219	4,1	260,316	0,0	199,366	103	99
1221	117,114	41,45	67,120	26,22	143	99
1222	33,33	121,168	22,40	121,227	198	99
1223	4,1	9,7	3,10	9,7	198	99
1225	0,4	2084,2117	0,0	1006,2166	126	99
1226	16,11	136,156	6,10	70,138	198	99
1229	127,87	2,0	82,124	3,0	198	99
1230	41,39	0,0	24,46	0,2	198	99
1231	1,2	6,2	2,0	1,1	103	99
1232	11,10	372,394	5,11	196,382	102	99
1233	9,9	1107,1214	7,9	556,1046	159	99
1234	226,282	0,0	113,227	0,1	198	99
1235	3,0	111,102	0,1	60,76	103	99
1236	11,16	67,76	12,15	26,46	126	99
1238	302,262	10300,9335	186,350	5998,10167	106	99
1240	4,6	6798,6874	5,7	4088,7690	103	99
1242	41,53	0,5	23,45	5,1	175	99
1243	6,4	86,97	2,2	23,76	198	99
1244	67,60	89,83	71,96	6,7	111	99
1245	6,17	75,72	10,21	30,72	103	99
1246	173,142	3,3	45,82	1,0	198	99
1247	236,225	476,390	336,504	83,106	111	99
1248	143,143	31,16	62,119	45,74	105	99
1249	38,30	9,16	10,34	9,10	126	99
1250	40,27	0,5	10,36	7,4	198	99
1251	37,30	11,29	11,37	11,13	198	99
1252	13,16	0,5	10,14	7,4	198	99
1253	10,19	11,29	11,15	11,13	198	99
1254	0,8	11,29	8,5	11,13	135	99
1255	17,25	2,0	21,33	0,1	198	99
1256	99,112	74,75	60,87	51,96	198	99
1258	1986,2373	1,0	675,1223	2,3	198	99
1259	4,3	3,3	7,0	0,1	150	99
1260	75,65	82,69	20,49	71,97	103	99
1263	0,4	13,5	1,1	2,3	180	99
1264	37,56	0,1	31,52	0,0	198	99
1265	76,83	40,28	78,121	27,33	198	99
1266	63,74	268,243	20,58	122,279	198	99
1267	2,1	178,211	1,6	84,126	198	99
1268	25,46	0,2	14,27	0,2	198	99
1269	2,0	29,62	2,1	15,45	198	99
1270	1,4	4,7	1,17	2,8	107	99
1271	66,102	98,94	50,99	68,103	198	99
1272	6,0	338,271	2,1	180,287	198	99
1273	7,8	0,3	2,2	0,0	103	99
1274	16,16	619,667	2,11	308,497	198	99
1276	340,289	99,125	363,586	63,78	198	99
1278	0,0	207,182	1,0	88,174	102	99
1280	221,225	0,3	171,279	0,0	104	99
1281	14,32	108,138	34,82	67,144	198	99
1282	3,0	630,752	0,6	256,551	198	99
1283	294,372	125,170	141,272	92,203	198	99
1285	27,20	9,9	14,10	3,5	174	99
1286	51,61	3,0	26,39	0,0	102	99
1287	145,145	14,5	55,127	1,6	198	99
1288	7,5	2,3	3,13	0,0	120	99
1289	8,2	6,4	6,8	9,19	103	99
1290	86,93	161,196	30,72	81,171	140	99
1291	0,1	84,89	0,0	38,110	103	99
1292	30,4	182,183	12,10	96,224	198	99
1293	31,47	1,0	15,26	0,0	105	99
1294	88,96	1,0	48,101	0,0	198	99
1295	3,6	199,222	1,5	84,147	198	99
1296	5,11	7,9	9,14	9,6	198	99
1297	4,10	307,343	9,22	165,256	198	99
1298	10,19	307,343	14,24	165,256	198	99
1300	5,3	135,143	0,0	67,99	168	99
1301	86,80	18,19	43,72	7,22	122	99
1302	3,7	3,0	4,0	1,0	198	99
1303	2,4	51,48	2,2	7,27	198	99
1304	5,4	51,48	3,2	7,27	198	99
1305	28,18	1416,1627	35,57	1314,2421	198	99
1307	11,12	454,436	10,9	277,449	198	99
1309	187,223	3,0	51,113	0,2	163	99
1310	41,34	150,154	30,43	72,101	149	99
1311	32,23	2,1	21,21	1,3	149	99
1312	312,343	2,1	177,253	1,3	198	99
1313	290,332	3,0	162,241	0,0	198	99
1314	0,2	39,22	0,0	15,17	123	99
1315	8,8	1,0	4,8	2,0	143	99
1316	20,17	59,68	9,11	27,60	148	99
1317	2,4	0,5	1,1	0,0	148	99
1318	230,224	0,5	105,210	0,0	198	99
1319	230,229	0,2	105,212	0,0	198	99
1320	66,81	1,0	40,54	0,0	198	99
1321	6,3	23,13	2,2	16,13	131	99
1322	17,25	7,6	5,17	7,4	198	99
1323	19,19	93,85	14,16	50,99	163	99
1324	408,336	8,5	201,327	1,12	105	99
1325	456,391	1116,1068	189,313	581,888	102	99
1327	7,13	2,0	12,2	0,2	114	99
1328	10,12	9,4	6,8	0,4	121	99
1329	7,7	15,17	3,3	10,14	198	99
1330	137,114	0,0	52,137	1,0	198	99
1331	0,1	19,6	0,0	8,19	108	99
1332	20,8	2,1	18,14	0,0	126	99
1333	25,17	762,841	13,22	323,647	198	99
1334	43,45	178,176	14,23	104,167	198	99
1335	757,602	130,91	508,916	65,180	123	99
1336	4,4	146,137	2,8	43,105	198	99
1337	12,21	10,3	17,32	2,2	170	99
1338	21,46	10,3	25,53	2,2	198	99
1340	27,35	3,9	45,65	1,6	198	99
1341	10,7	480,433	6,4	250,366	198	99
1342	27,16	1,2	11,21	0,1	198	99
1343	10,6	111,154	10,14	71,96	198	99
1348	454,418	6,2	242,416	0,0	186	99
1349	7,11	25,11	2,9	6,20	137	99
1350	145,114	984,976	29,92	496,1006	198	99
1352	40,40	551,443	64,147	238,405	198	99
1354	2,2	3,1	2,4	0,2	103	99
1355	25,46	839,861	39,55	357,809	104	99
1356	0,0	586,589	1,0	294,585	117	99
1358	61,55	96,108	32,44	48,114	143	99
1359	0,0	23,11	0,1	11,12	117	99
1361	2,0	17,8	0,2	3,9	198	99
1362	1125,1092	0,1	553,1070	0,0	198	99
1363	15,19	0,1	9,13	0,0	198	99
1364	5,12	1113,1075	2,9	544,1057	102	99
1368	12,9	312,250	12,10	216,309	192	99
1371	1,3	3,2	2,3	0,0	143	99
1373	46,61	22,10	22,42	12,39	102	99
1374	0,2	12,11	0,1	10,9	173	99
1375	15,8	74,66	9,3	46,58	114	99
1376	113,54	17,3	67,87	3,8	111	99
1378	8,10	48,67	2,11	36,64	181	99
1379	4,1	0,2	1,5	0,0	162	99
1380	33,32	127,163	27,27	60,138	198	99
1381	1,0	107,121	1,6	55,94	102	99
1383	5,7	862,982	2,3	529,889	102	99
1385	3,1	382,385	3,10	211,428	116	99
1386	27,40	158,136	20,22	79,135	116	99
1387	250,202	5,5	145,249	3,7	140	99
1388	9,8	295,240	4,7	161,212	198	99
1391	0,2	191,195	1,0	109,219	138	99
1392	1,1	211,204	1,2	89,167	108	99
1393	1,1	49,58	0,0	24,31	198	99
1394	22,23	16,21	12,58	4,5	123	99
1396	5,6	147,155	0,3	60,107	180	99
1397	7,4	1563,1717	6,10	738,1642	198	99
1398	8,7	55,75	14,11	37,68	198	99
1399	21,25	1,0	11,13	0,0	198	99
1400	7,3	1,0	0,1	0,0	103	99
1401	2,1	16,17	0,3	10,25	198	99
1402	44,33	700,747	13,35	391,587	198	99
1404	18,14	40,34	10,5	12,41	129	99
1405	8,4	0,0	2,5	2,3	105	99
1407	144,142	1,0	80,101	0,0	198	99
1408	9,6	8,0	3,11	0,10	198	99
1409	3,0	6,1	0,0	6,1	126	99
1410	14,11	426,360	15,19	310,493	198	99
1411	17,12	426,360	21,20	310,493	198	99
1412	3,1	3,15	5,5	0,9	198	99
1413	20,16	140,159	7,9	130,213	198	99
1414	20,30	140,159	3,15	130,213	142	99
1415	17,19	13,3	3,6	3,12	142	99
1416	223,233	99,101	159,312	104,157	120	99
1417	6,5	74,77	0,5	25,53	198	99
1420	19,26	380,392	11,29	209,366	198	99
1421	8,7	3,0	4,7	0,0	147	99
1422	92,101	60,98	28,55	12,39	103	99
1423	63,77	164,203	52,60	152,273	124	99
1424	9,3	198,205	12,5	105,162	198	99
1425	5,7	46,21	0,3	24,39	198	99
1426	2,4	99,82	0,6	43,90	198	99
1430	68,93	115,152	43,91	89,95	161	99
1431	5,5	298,316	2,3	189,286	138	99
1432	18,40	267,218	12,28	77,169	198	99
1434	3,28	118,126	7,7	43,100	198	99
1435	379,345	3,2	158,291	0,0	177	99
1436	162,141	85,87	85,208	68,111	111	99
1437	25,23	21,24	24,34	0,1	122	99
1438	64,75	810,936	145,313	246,528	136	99
1439	11,7	832,862	6,5	502,781	126	99
1441	15,45	4,0	6,10	0,0	115	99
1442	85,74	1,0	34,44	0,0	198	99
1444	450,421	9,0	277,574	0,6	198	99
1445	2,3	197,217	0,2	91,149	198	99
1446	2,0	79,70	0,0	33,68	198	99
1448	3,2	266,239	0,0	124,204	135	99
1449	2,2	233,274	4,0	115,239	165	99
1451	44,29	231,236	18,31	144,221	198	99
1452	173,173	0,0	70,103	3,6	102	99
1453	17,10	241,208	7,11	152,309	198	99
1454	5,5	161,228	3,4	135,298	198	99
1455	55,72	121,138	26,66	73,120	198	99
1456	1,1	14,15	1,6	11,13	172	99
1458	52,37	12,6	19,32	0,2	110	99
1459	17,11	197,200	0,1	37,153	198	99
1460	324,351	306,322	243,489	229,410	118	99
1462	210,282	0,2	226,352	0,0	150	99
1463	9,7	0,0	6,5	1,9	111	99
1465	5,5	445,569	2,3	218,438	198	99
1466	4,3	0,4	2,3	1,1	144	99
1468	62,56	118,131	35,56	121,183	103	99
1469	0,0	5,6	0,4	6,6	109	99
1470	2,1	2,4	2,1	0,6	144	99
1471	441,398	266,408	210,358	215,286	198	99
1472	277,229	183,165	139,296	62,121	198	99
1473	25,34	0,2	17,42	0,1	174	99
1474	10,7	38,42	5,6	34,52	103	99
1475	1,0	418,430	0,0	174,357	126	99
1476	81,92	2482,3090	41,79	1770,2831	101	99
1477	9,16	98,121	1,5	41,67	121	99
1478	2,1	3,0	2,0	0,0	103	99
1479	0,1	4,11	1,1	1,5	101	99
1480	56,95	62,113	7,15	35,101	198	99
1481	21,3	1,0	14,14	0,0	198	99
1482	15,29	5,3	15,31	0,2	127	99
1483	13,9	9,10	26,45	5,1	142	99
1485	31,26	4,4	16,19	0,1	198	99
1486	25,37	19426,17709	7,16	9265,18677	104	99
1487	33,21	19426,17709	12,13	9265,18677	198	99
1488	35,21	19426,17709	13,13	9265,18677	198	99
1489	36,22	19426,17709	12,13	9265,18677	198	99
1490	33,21	25,37	14,13	7,16	198	99
1491	35,21	25,37	15,13	7,16	198	99
1492	36,22	25,37	14,13	7,16	198	99
1495	32,18	2,0	1,6	1,0	198	99
1496	154,147	20274,19360	81,199	10656,20481	103	99
1497	153,147	1,1	81,199	0,6	103	99
1498	64,49	24,32	24,53	8,15	133	99
1504	5,7	11,6	3,12	2,4	123	99
1505	0,1	8,7	2,2	1,7	126	99
1506	59,54	103,141	28,34	50,106	117	99
1507	87,67	2,3	32,104	0,2	103	99
1508	16,7	222,270	8,6	71,139	198	99
1510	13,10	4,4	9,15	2,1	112	99
1511	7,10	2,2	6,12	0,0	153	99
1512	32,15	171,153	15,27	70,128	119	99
1513	3883,3544	5,6	2706,4663	4,27	105	99
1514	0,2	2234,2120	1,6	1507,2732	198	99
1515	11,11	391,291	3,10	207,381	111	99
1516	75,68	182,127	29,56	104,181	129	99
1517	332,357	0,0	325,514	1,1	198	99
1518	509,500	8,8	246,409	6,9	136	99
1519	365,443	265,317	196,350	148,261	198	99
1520	24,23	256,269	2,10	122,198	198	99
1521	35,22	1,1	5,26	0,0	141	99
1522	211,254	15,18	109,226	5,8	198	99
1523	0,0	130,127	0,2	56,94	198	99
1524	66,67	4,1	37,93	1,16	136	99
1525	62,52	4,1	43,92	1,16	157	99
1526	20,14	24,29	13,22	7,23	120	99
1528	18,17	571,608	17,20	265,529	105	99
1529	11,3	71,76	0,3	31,52	198	99
1530	77,101	12,30	54,82	4,13	113	99
1531	8,18	174,215	4,11	147,195	103	99
1532	14,13	5,5	13,14	1,0	198	99
1534	18,12	74,31	11,50	62,105	198	99
1535	17,4	420,363	4,15	261,435	198	99
1536	0,0	2,0	1,3	0,0	125	99
1537	79,49	3807,4148	42,103	2333,4313	103	99
1538	5,11	1,3	0,0	1,5	198	99
1539	42,46	1,3	8,30	1,5	198	99
1540	77,68	5,11	12,38	0,0	184	99
1541	35,43	3942,4439	28,47	2513,4644	198	99
1544	10,17	109,136	12,10	60,126	198	99
1545	5,7	260,290	0,7	165,247	103	99
1546	111,119	0,3	60,139	6,9	121	99
1547	128,132	2727,2698	53,120	1336,2646	198	99
1548	299,365	5,8	194,337	5,4	171	99
1549	1,5	35,25	0,3	37,44	108	99
1550	85,91	0,0	67,140	0,2	198	99
1551	1,1	344,379	1,0	201,339	198	99
1552	240,156	19,17	121,189	4,2	112	99
1554	369,388	5,11	118,204	8,4	123	99
1555	0,0	255,274	2,4	96,252	122	99
1556	9,19	93,119	12,48	22,61	135	99
1557	12,17	908,1159	6,17	693,1148	198	99
1558	0,1	1068,1088	0,0	584,917	198	99
1559	11,11	809,603	5,11	334,563	156	99
1560	5,5	59,46	9,10	16,21	139	99
1561	9,7	0,0	6,2	0,1	104	99
1562	1,0	264,294	5,0	168,244	104	99
1563	245,247	35,64	133,283	26,62	114	99
1564	7,16	3,5	9,18	4,1	121	99
1565	17,19	270,216	2,5	141,236	198	99
1566	9,1	123,97	2,4	59,135	123	99
1568	6,4	260,361	3,5	150,282	198	99
1569	38,56	755,794	15,34	353,749	198	99
1570	35,46	755,794	17,29	353,749	198	99
1571	7,14	4,16	4,8	1,10	117	99
1572	1,0	0,0	2,0	0,1	165	99
1573	39,30	6,3	24,63	0,0	122	99
1574	7,0	88,69	0,1	28,59	198	99
1576	3,10	195,195	22,43	93,147	198	99
1577	15,10	65,37	0,5	40,97	103	99
1578	271,230	7,0	230,410	14,21	104	99
1580	3,1	6,7	4,8	0,5	198	99
1581	5,4	30,38	6,7	6,23	169	99
1582	18,9	89,79	13,10	27,55	124	99
1583	4,3	168,186	2,2	80,156	198	99
1584	9,5	6,11	8,20	7,4	146	99
1585	6,4	6,11	13,32	7,4	175	99
1586	4,1	7,2	6,13	1,1	128	99
1587	11,11	44,59	2,8	25,42	198	99
1588	0,3	117,121	4,0	73,101	198	99
1589	115,103	3,14	89,210	0,0	104	99
1590	16,36	164,151	15,24	58,141	198	99
1591	119,145	108,110	76,153	36,95	111	99
1593	12,13	30,12	0,4	14,22	198	99
1594	0,2	28,58	0,0	12,25	129	99
1595	29,43	231,246	14,37	163,239	171	99
1596	273,289	2,9	140,296	1,5	198	99
1597	3,3	323,296	2,1	124,238	198	99
1598	17,7	332,356	1,5	145,300	198	99
1599	1246,1266	189,248	828,1169	149,224	198	99
1600	1434,1345	48,54	765,1534	25,44	102	99
1601	737,672	1211,1119	248,471	722,1245	102	99
1602	3,5	133,105	4,2	56,133	198	99
1603	24,45	191,210	7,27	100,203	198	99
1604	2,8	256,229	0,1	112,259	107	99
1605	2,0	8,6	1,5	6,5	111	99
1606	1,5	183,173	1,5	79,162	104	99
1607	1,5	3,2	1,2	0,1	104	99
1608	152,135	2,1	90,198	0,0	198	99
1609	5,6	5,1	4,2	0,0	198	99
1610	5,5	2,2	0,1	1,4	153	99
1611	3,3	5,1	5,5	0,0	155	99
1612	141,187	227,230	150,232	75,151	114	99
1614	1,3	4,5	0,2	0,3	120	99
1615	90,69	0,0	46,83	0,1	198	99
1616	5,6	1,0	0,3	1,3	110	99
1617	7,7	223,223	0,0	62,169	198	99
1618	3,1	223,223	1,3	62,169	198	99
1620	35,30	150,103	14,25	74,129	198	99
1621	15,8	5,2	9,22	1,6	183	99
1623	2,1	0,0	6,0	0,1	127	99
1624	3,1	2,1	1,8	0,0	103	99
1625	318,305	3677,3517	211,356	2712,4772	198	99
1626	0,4	120,101	0,1	63,92	162	99
1627	5,2	122,49	3,6	15,31	198	99
1628	108,123	5,3	35,75	0,0	198	99
1629	77,99	149,148	28,54	74,117	198	99
1630	9,13	112,72	4,5	20,65	198	99
1631	5,10	112,72	4,3	20,65	198	99
1634	34,26	224,176	16,25	91,205	117	99
1635	48,57	3,7	47,72	6,6	198	99
1636	3,7	71,79	5,11	23,58	198	99
1637	9,7	1,9	1,7	2,1	198	99
1638	40,30	113,192	21,25	67,112	198	99
1639	6,7	0,0	21,12	1,0	174	99
1640	83,104	79,80	82,139	51,142	164	99
1643	114,133	8,7	67,119	4,7	162	99
1644	11,5	151,137	1,2	53,162	198	99
1645	93,104	66,74	25,52	35,42	103	99
1646	2,1	326,392	0,2	214,305	117	99
1647	4,5	221,255	3,4	124,219	159	99
1648	152,150	2,2	80,105	3,7	198	99
1649	370,354	31,28	257,456	7,16	198	99
1653	28,19	1,0	9,14	0,2	198	99
1655	37,27	18,35	21,34	10,11	102	99
1656	7,13	409,400	3,7	183,374	198	99
1657	44,24	7,0	6,6	0,4	105	99
1658	5,0	2,0	0,3	0,2	198	99
1659	18,7	26,46	6,6	10,30	198	99
1660	15,7	9,11	7,7	8,13	198	99
1661	27,50	9,11	13,33	8,13	130	99
1662	9,20	235,263	14,11	216,264	102	99
1663	1,7	0,2	2,0	0,0	103	99
1664	4,4	6,4	0,0	2,13	103	99
1665	0,0	43,35	0,2	17,36	138	99
1667	93,98	160,198	57,126	110,171	194	99
1668	124,95	160,198	54,68	110,171	198	99
1669	170,120	77,82	59,89	40,109	198	99
1670	4,4	353,313	13,9	158,286	144	99
1671	3,2	59,60	4,13	20,39	131	99
1672	137,176	10,12	49,108	9,23	123	99
1673	9,18	1,2	2,18	0,0	123	99
1676	94,72	1,2	57,74	0,0	141	99
1677	2,0	39,52	0,0	19,40	171	99
1678	956,1037	0,0	492,888	1,0	198	99
1679	11,25	2,0	17,22	0,0	198	99
1681	6,5	7111,7146	1,12	4147,7120	103	99
1682	129,125	98,71	67,98	28,55	198	99
1683	253,267	53,56	175,291	9,10	168	99
1685	4,7	545,442	4,7	260,458	198	99
1686	2912,3446	10,1	477,1448	0,0	171	99
1687	7,19	1085,1117	13,9	585,979	104	99
1688	373,373	0,0	183,253	0,2	156	99
1691	300,256	5,7	187,247	9,13	102	99
1692	1,2	105,105	1,8	76,92	103	99
1693	5,10	126,88	7,4	35,53	198	99
1695	32,37	0,0	11,36	0,3	198	99
1696	78,57	17,21	29,85	2,30	198	99
1697	75,87	0,0	24,75	3,2	198	99
1698	3,2	134,127	0,1	53,119	198	99
1701	0,2	490,460	0,0	202,395	198	99
1702	94,67	502,354	57,106	207,431	198	99
1703	14,20	83,58	4,13	54,97	120	99
1704	60,97	1782,2029	22,50	696,1630	198	99
1705	7,7	291,340	4,6	134,269	198	99
1706	577,611	1,4	296,585	4,1	198	99
1707	124,128	18,6	77,134	1,4	120	99
1708	25,37	17,16	12,11	0,5	112	99
1709	25,19	2791,2736	18,21	1323,2573	103	99
1710	9,12	187,227	4,4	77,147	198	99
1711	4,7	2,0	2,8	0,0	153	99
1712	15,26	2,0	9,25	0,0	198	99
1713	18,37	4,7	11,35	2,6	198	99
1714	232,206	0,2	107,175	0,2	198	99
1715	30,24	980,1041	8,18	628,981	159	99
1716	1,7	48,48	2,3	31,45	198	99
1717	12,10	203,219	4,3	103,230	193	99
1718	92,98	31,18	49,88	5,16	198	99
1719	30,33	1,0	16,26	3,3	198	99
1721	8,9	22,22	4,11	26,30	104	99
1722	2,3	31,24	2,10	24,25	131	99
1723	319,307	0,1	206,430	1,1	198	99
1724	103,127	8,8	76,118	5,6	198	99
1726	1,0	0,0	0,0	0,1	103	99
1727	6,2	9,9	4,6	21,31	103	99
1728	24,18	2,6	6,3	7,17	115	99
1729	17,15	35,10	10,12	0,14	198	99
1730	14,13	35,10	3,9	0,14	143	99
1731	27,24	1865,1624	20,26	1136,1738	198	99
1732	98,89	114,156	70,158	134,230	103	99
1733	7,9	128,147	4,4	65,142	198	99
1734	2,1	115,89	0,1	42,93	103	99
1735	380,431	23,24	302,501	33,42	101	99
1736	1,2	1,0	0,2	2,0	104	99
1737	1066,1162	28,25	607,1246	14,31	198	99
1738	42,45	39,30	7,16	36,43	134	99
1739	0,5	129,155	0,1	36,105	108	99
1740	14,10	10,11	33,25	7,18	136	99
1741	32,33	45,56	14,28	22,40	192	99
1745	2,2	62,86	5,15	48,72	198	99
1746	63,73	36,47	14,41	17,31	198	99
1747	125,145	1411,1096	37,50	358,672	121	99
1748	60,57	175,199	42,55	111,168	198	99
1749	289,228	19,17	138,226	9,9	198	99
1750	5,4	295,180	3,9	137,224	198	99
1751	230,259	4,5	160,299	0,0	123	99
1752	9,19	66,71	6,7	25,88	174	99
1753	37,47	318,354	8,17	157,327	126	99
1754	14,49	368,365	6,20	245,528	161	99
1755	36,27	8,12	7,21	0,2	114	99
1756	12,3	0,0	2,7	1,0	114	99
1757	0,0	95,131	2,0	45,136	120	99
1760	2,1	1,0	3,6	0,0	120	99
1761	926,997	39,23	358,773	11,25	198	99
1762	24,42	12,17	10,23	6,9	198	99
1763	97,88	9,2	80,155	0,3	198	99
1764	199,166	3,4	77,195	4,4	198	99
1765	411,459	0,9	137,344	0,1	197	99
1767	44,29	111,91	55,94	52,73	183	99
1768	272,274	1,0	97,197	0,2	198	99
1769	16,31	194,201	8,18	53,134	168	99
1770	7,2	129,129	0,5	80,99	104	99
1771	2049,1930	2,0	921,2025	0,0	102	99
1772	190,183	18,11	103,198	1,2	105	99
1773	38,44	1,0	25,48	0,3	103	99
1774	501,510	0,3	290,520	1,1	102	99
1775	169,148	148,141	47,108	111,177	134	99
1776	17,9	11,14	2,0	13,13	104	99
1777	0,1	23,22	0,5	12,14	104	99
1779	5,13	589,613	7,8	393,657	102	99
1780	6,1	104,112	4,3	71,114	105	99
1781	136,157	574,611	47,74	241,529	198	99
1782	27,20	72,84	31,56	14,55	198	99
1783	2,8	101,116	0,10	63,99	198	99
1784	0,0	742,739	0,2	367,650	103	99
1785	1,0	531,597	4,3	292,609	198	99
1787	84,84	3,16	45,61	0,3	102	99
1790	0,0	319,294	0,1	169,221	111	99
1791	7,6	233,213	2,6	141,183	120	99
1792	19,24	965,936	39,59	338,575	123	99
1794	19,40	2,4	18,26	0,0	198	99
1798	292,239	4,4	145,265	1,3	198	99
1799	2,4	136,127	0,0	57,86	153	99
1800	494,451	132,151	20,31	324,523	105	99
1801	297,296	0,0	113,280	2,0	198	99
1802	266,302	7,0	153,240	0,0	107	99
1803	1,1	171,140	1,2	70,98	171	99
1804	288,275	1,0	145,240	0,0	198	99
1807	104,82	0,0	40,53	1,6	198	99
1808	46,64	0,0	15,40	0,1	198	99
1809	3,0	28,23	0,0	4,20	198	99
1810	0,0	35,25	3,0	36,70	198	99
1811	85,86	0,2	66,178	0,0	198	99
1812	4,5	87,84	5,11	29,63	111	99
1813	579,580	9,8	544,888	3,1	111	99
1814	2,1	61,50	1,0	19,68	133	99
1815	74,53	0,0	32,56	0,2	198	99
1816	894,1342	3,1	518,819	0,0	198	99
1817	5,7	159,182	1,6	69,163	198	99
1818	2,1	0,0	0,0	0,3	105	99
1820	6,17	169,148	2,4	55,95	172	99
1821	73,84	1042,1055	40,84	493,875	198	99
1822	56,61	31,50	45,52	18,42	111	99
1823	3,5	15,4	0,6	1,10	103	99
1824	5,8	27,25	1,7	9,25	101	99
1827	23,28	204,223	4,12	92,178	110	99
1828	6,11	58,70	7,18	33,77	123	99
1829	115,134	0,2	72,158	3,0	198	99
1830	9,18	106,126	16,41	70,155	198	99
1831	375,386	39,49	151,270	32,35	198	99
1832	1614,1802	175,178	1121,2025	23,52	178	99
1833	5,7	305,285	4,11	160,281	198	99
1835	713,741	0,2	279,568	0,0	198	99
1836	1,7	126,109	0,2	80,121	198	99
1837	1,6	2,14	0,2	0,0	198	99
1838	23,12	5486,4799	17,49	3605,5604	102	99
1839	1,0	2,2	0,1	0,2	128	99
1840	326,369	21,18	154,346	3,5	132	99
1841	116,132	22,35	35,117	12,35	198	99
1842	105,93	187,173	13,15	157,227	105	99
1843	20,35	32,45	13,25	23,38	198	99
1844	5,3	81,82	3,2	45,74	198	99
1845	46,47	142,192	67,73	54,136	161	99
1846	10,9	313,351	12,13	229,385	198	99
1848	145,153	21,10	57,132	2,14	187	99
1849	15,17	163,133	8,13	59,98	198	99
1850	120,80	248,219	35,89	102,144	111	99
1851	5653,4760	15,12	3799,6884	3,8	102	99
1852	37,25	8,10	17,44	5,8	198	99
1853	5,5	86,84	0,16	43,59	154	99
1854	0,0	6,6	2,1	7,10	198	99
1855	12,17	72,92	32,32	130,275	198	99
1856	14,8	0,8	11,18	0,0	198	99
1857	19,23	0,8	16,44	0,0	198	99
1858	28,54	80,78	33,69	85,154	156	99
1859	18,13	1029,1037	13,28	527,1097	198	99
1860	1,0	51,33	2,1	23,39	127	99
1861	49,34	2,6	14,35	5,16	198	99
1862	0,2	17,15	0,4	10,14	198	99
1863	98,98	0,1	55,59	0,1	167	99
1867	355,385	2,0	199,378	0,0	198	99
1869	63,58	47,39	45,50	46,101	126	99
1871	27,23	0,0	16,25	0,1	141	99
1872	16,34	706,785	11,23	362,684	198	99
1874	10,5	4,3	1,22	3,2	116	99
1875	7,8	728,793	3,11	287,614	198	99
1876	5,8	728,793	6,10	287,614	198	99
1877	902,857	0,1	404,886	1,0	117	99
1878	45,34	84,90	33,89	32,69	198	99
1879	60,71	0,1	22,32	0,0	111	99
1880	41,11	10,15	1,5	3,11	197	99
1881	20,28	0,0	11,20	0,2	198	99
1882	465,467	4,7	316,618	8,8	105	99
1883	0,1	62,58	3,3	39,38	105	99
1888	18,32	1,5	12,17	2,1	198	99
1889	34,57	1,4	22,29	0,0	198	99
1890	41,52	22,19	11,6	26,29	127	99
1892	68,70	53,91	46,44	52,87	198	99
1893	8,3	6,4	4,13	0,2	150	99
1894	1216,1603	969,1145	656,1483	334,731	198	99
1895	791,865	0,1	296,580	0,4	120	99
1896	339,334	6,4	140,266	1,2	120	99
1897	345,348	1,6	168,295	1,6	120	99
1898	280,282	4,4	118,220	1,0	120	99
1899	346,335	4,4	132,271	1,0	141	99
1900	300,291	4,4	120,238	1,0	183	99
1901	66,56	0,3	15,51	1,0	120	99
1902	20,13	0,3	3,18	1,0	162	99
1903	8,10	48,45	1,8	12,34	141	99
1904	300,291	1,0	120,237	0,1	162	99
1905	555,526	1,0	207,457	0,1	183	99
1906	289,270	1,0	94,236	0,0	120	99
1907	924,776	0,0	301,561	0,2	162	99
1908	0,3	2,6	0,3	0,1	118	99
1910	24,25	4,9	12,28	2,3	198	99
1913	0,0	0,1	0,1	0,0	127	99
1914	0,0	0,1	0,3	0,0	121	99
1915	3,2	385,311	2,1	157,272	177	99
1917	43,56	285,307	77,127	169,236	110	99
1919	196,163	157,129	53,131	46,108	126	99
1920	4,1	13,11	2,2	8,12	198	99
1922	1,0	40,38	0,0	21,36	117	99
1924	0,0	392,447	1,1	274,458	105	99
1925	1,4	156,157	4,9	97,185	101	99
1926	122,144	1,0	107,155	0,0	198	99
1928	28,50	111,89	17,22	166,271	110	99
1929	2,5	15,30	1,8	11,28	103	99
1930	67,50	19,17	18,28	10,16	103	99
1931	42,43	184,105	17,38	64,114	111	99
1932	9,8	184,105	4,10	64,114	123	99
1933	0,0	33,35	1,0	14,28	111	99
1934	33,41	95,98	44,63	67,90	136	99
1935	209,194	11,5	101,178	13,17	110	99
