IJC_SAMPLE_1	SJC_SAMPLE_1	IJC_SAMPLE_2	SJC_SAMPLE_2	IncFormLen	SkipFormLen
46,40	26,65	29,11	40,20	182	99
37,28	0,2	39,10	1,0	198	99
9,14	112,154	6,3	141,59	128	99
454,458	48,46	548,191	43,10	108	99
518,739	17,43	586,299	44,12	105	99
169,239	0,6	139,68	0,0	105	99
70,90	0,0	67,29	1,1	102	99
168,218	1,0	136,64	0,0	109	99
1024,1309	4,1	805,348	1,0	103	99
57,44	12,14	28,14	4,0	132	99
198,232	1,0	189,94	0,0	198	99
61,107	0,2	50,28	0,0	150	99
21,22	176,262	17,12	234,78	110	99
5,1	221,424	5,4	274,117	198	99
326,453	1,1	367,189	1,1	104	99
608,884	6,12	874,374	7,2	106	99
8,12	82,72	14,2	51,26	102	99
70,69	12,9	29,12	19,10	107	99
253,340	8,10	261,120	10,0	117	99
144,257	6,4	198,97	3,1	102	99
7,6	11,1	0,2	6,0	111	99
7,9	3,0	1,1	0,0	198	99
2618,3659	398,556	3984,1808	899,431	105	99
10,6	25,26	2,2	11,4	108	99
12,24	49,70	8,8	67,30	111	99
20,12	135,143	41,25	97,46	120	99
28,39	23,25	30,39	51,23	198	99
31,43	101,167	33,41	76,52	198	99
26,29	101,167	54,25	76,52	111	99
1,0	0,2	2,0	1,1	102	99
6,9	127,186	0,4	151,65	198	99
38,34	45,60	29,11	31,15	106	99
196,281	0,0	226,123	1,0	198	99
120,214	7,8	105,71	14,4	102	99
4,13	70,79	36,6	155,47	136	99
138,200	2,5	139,71	1,2	102	99
26,35	26,25	33,2	24,9	119	99
62,92	267,366	88,37	326,159	186	99
126,229	21,14	124,43	15,3	130	99
0,4	13,11	8,0	18,9	109	99
8,10	24,38	9,4	30,10	114	99
8,1	32,45	2,0	34,18	116	99
11,16	18,23	15,5	22,13	117	99
90,168	7,7	77,70	16,7	198	99
30,48	7,7	13,20	16,7	198	99
19,12	60,120	3,3	65,50	140	99
31,51	36,48	54,15	27,19	102	99
14,26	1,3	8,7	0,0	198	99
9,21	1,0	12,7	4,0	193	99
26,14	2,0	22,13	6,0	177	99
6,2	22,25	20,3	18,6	102	99
0,0	62,51	1,0	40,22	147	99
34,54	24,32	39,16	23,16	102	99
1169,1519	0,0	1778,636	3,2	104	99
1,19	3,9	9,4	5,1	198	99
25,55	29,43	25,10	45,14	198	99
0,0	3,0	0,1	1,0	105	99
89,190	5,6	103,80	1,2	114	99
192,288	42,53	245,119	19,14	102	99
29,68	0,5	27,13	7,1	160	99
3,8	5,7	2,3	3,1	108	99
0,2	0,4	1,1	2,1	108	99
17,31	6,3	17,5	1,0	102	99
10,19	1,1	15,4	2,0	161	99
24,46	8,19	47,26	21,12	184	99
99,163	0,0	116,54	1,1	198	99
79,80	22,27	115,50	32,18	120	99
180,266	9,4	284,121	25,8	198	99
7,14	59,73	20,5	60,15	102	99
9,2	149,177	7,5	124,49	115	99
323,414	76,143	285,144	84,46	102	99
316,421	97,139	301,136	120,40	102	99
159,248	28,55	147,93	36,26	114	99
29,49	1,1	29,17	0,0	114	99
1,0	64,146	1,4	86,62	198	99
5,3	2,2	5,3	5,0	132	99
18,23	251,416	27,15	260,160	108	99
6,12	50,82	9,11	107,37	117	99
1492,1769	0,0	1885,642	1,0	103	99
184,252	578,1009	156,74	666,310	182	99
145,196	25,31	91,58	22,10	180	99
9,10	59,116	4,0	83,30	113	99
9,18	1,0	6,10	0,0	114	99
91,94	95,157	121,70	86,45	106	99
271,352	5,4	261,108	1,2	198	99
4,2	228,389	3,1	283,135	132	99
551,746	16,22	682,272	20,10	111	99
193,190	1,7	167,67	2,1	122	99
50,124	3099,4536	89,34	4747,2133	108	99
97,105	1,0	79,44	0,0	198	99
17,12	1,5	9,5	2,0	114	99
0,1	12,15	1,0	11,6	115	99
111,155	0,4	94,66	2,1	198	99
4,3	6,22	3,0	3,5	102	99
20,21	0,1	24,6	0,2	134	99
26,20	10,12	19,7	11,1	108	99
61,64	2,1	59,33	0,0	134	99
95,127	1,4	107,33	0,0	198	99
108,178	3,1	141,88	0,1	172	99
6,3	31,42	9,0	42,25	120	99
1,5	343,404	5,3	520,205	135	99
58412,75447	711,616	77733,35634	904,308	120	99
73,66	3,3	70,23	4,0	156	99
11,10	32,31	6,4	27,10	198	99
59,52	32,31	54,30	27,10	198	99
46,67	22,33	63,35	39,22	198	99
56,53	25,61	44,39	53,34	198	99
25,29	4,1	25,14	0,1	116	99
31,32	621,792	46,10	755,316	198	99
231,354	9,24	220,111	26,14	198	99
50,60	632,644	73,16	717,281	118	99
49,105	36,69	84,22	41,21	104	99
11,9	212,230	12,3	236,149	198	99
5,2	3,3	1,0	0,2	102	99
1074,1566	0,1	1230,631	4,0	127	99
1,0	15,40	0,1	23,9	111	99
32,48	166,249	30,24	177,112	198	99
50,70	3,7	51,17	1,5	102	99
4,7	170,230	7,1	157,50	147	99
302,507	89,137	352,196	101,65	159	99
4222,6328	3,7	7379,2366	4,1	168	99
175,235	20,17	123,48	20,5	121	99
18,23	2,2	8,3	3,2	108	99
8,11	10,16	18,3	23,2	107	99
11,22	1,0	16,7	0,0	198	99
11,9	0,5	7,5	6,0	111	99
196,231	65,73	221,105	76,41	198	99
10,21	93,117	18,3	123,61	129	99
30,36	0,0	37,6	2,0	108	99
2,1	60,81	2,1	64,22	198	99
0,6	77,100	0,0	42,34	159	99
74,92	0,1	59,18	0,0	108	99
43,66	23,32	15,19	12,10	114	99
56,75	0,0	39,35	0,1	112	99
9,21	118,185	11,8	130,59	111	99
71,125	9,10	63,29	4,3	160	99
248,334	13,22	338,177	20,8	138	99
19,44	65,82	25,5	55,40	116	99
47,61	190,306	33,19	214,134	102	99
4,12	78,113	2,2	85,43	198	99
50,80	0,0	31,38	2,4	106	99
445,728	39,52	375,241	57,33	198	99
112,145	15,8	118,34	13,4	102	99
8,14	105,222	23,3	175,87	140	99
99,138	3,4	114,66	8,7	102	99
71,139	0,1	59,45	2,0	111	99
117,247	3,5	114,96	2,4	198	99
12,13	5,1	11,1	5,2	121	99
836,1158	15,15	1070,402	10,6	102	99
262,396	54,82	265,139	59,25	114	99
225,291	0,1	262,113	0,0	106	99
14,19	34,88	5,8	31,16	159	99
337,506	0,0	468,228	2,0	102	99
34,58	0,0	82,17	1,0	102	99
9,4	1,6	6,4	2,0	105	99
1,3	8,2	5,5	7,2	128	99
237,241	4,1	220,109	4,2	105	99
9,3	91,131	4,6	108,52	126	99
27,82	86,86	22,25	82,44	109	99
7,23	113,181	16,7	135,77	132	99
479,561	38,28	525,235	39,20	111	99
61,92	26,40	66,27	26,16	113	99
5,17	89,117	8,3	131,44	118	99
59,109	353,441	69,44	364,166	198	99
81,118	25,57	109,62	25,9	152	99
37,47	1,0	20,15	2,0	106	99
62,65	1,0	40,27	2,0	112	99
26,23	1,5	22,13	2,1	105	99
5,2	331,441	3,2	455,184	198	99
10,10	7,12	12,0	21,1	113	99
5,13	46,62	2,0	34,14	102	99
15,26	454,625	10,1	472,189	102	99
11,14	8,7	5,7	16,8	120	99
51,69	57,90	54,15	103,36	102	99
237,303	11,10	249,83	15,1	110	99
100,139	674,1057	229,104	665,347	102	99
11,21	949,1320	25,12	1034,528	123	99
56,66	5,4	59,36	2,3	111	99
5,0	58,61	1,0	26,9	107	99
2,0	0,0	1,0	1,1	107	99
16,19	16,12	23,11	17,3	102	99
12,13	342,472	21,6	392,183	198	99
22,23	69,87	50,17	133,46	102	99
152,191	120,171	203,66	219,84	102	99
36,93	3,0	37,17	0,0	102	99
15,17	324,430	8,9	339,153	102	99
6,11	385,512	8,8	384,170	130	99
3,5	23,30	5,1	26,9	102	99
25,38	107,151	21,10	100,54	153	99
54,95	107,151	36,26	100,54	174	99
31,60	2,3	15,16	0,0	120	99
59,80	15,31	48,21	15,7	102	99
13,9	3,1	12,10	0,0	198	99
58,65	90,140	28,13	78,62	108	99
90,121	40,44	84,44	26,28	102	99
45,35	0,4	41,18	0,0	198	99
11,21	5,3	4,4	3,3	127	99
19,41	5,3	17,7	3,3	160	99
15,25	7,5	14,5	1,2	132	99
3,2	38,64	6,2	19,10	102	99
73,87	4,0	64,33	0,0	144	99
543,781	0,0	752,289	1,0	106	99
9699,13602	163,277	11803,5514	320,124	105	99
767,1028	163,277	937,435	320,124	198	99
129,151	9056,12722	147,57	11011,5135	198	99
1,15	88,74	1,1	57,33	153	99
8,2	16,21	2,6	12,3	112	99
83,110	6,6	54,32	5,1	132	99
2,1	2,2	5,7	0,0	144	99
79,106	45,77	75,26	56,24	102	99
11,16	0,4	11,9	0,1	117	99
27,90	0,4	55,27	0,1	139	99
23,78	7,4	50,18	6,0	121	99
258,452	17,19	267,172	9,4	198	99
20,25	76,151	13,16	85,42	139	99
8,21	408,493	27,22	1175,525	198	99
179,215	0,1	215,87	0,0	198	99
62,68	103,103	68,26	118,43	198	99
0,0	2,3	1,1	1,0	110	99
126,194	10,17	212,91	18,8	102	99
20,48	7,12	37,13	8,7	115	99
147,237	114,169	204,77	112,46	102	99
311,380	18,14	323,148	21,8	111	99
197,288	14,18	163,92	14,5	136	99
89,113	14,18	70,47	14,5	148	99
22,36	130,211	11,9	104,54	111	99
5,2	68,76	1,0	52,32	105	99
89,148	3,5	79,38	3,2	198	99
6,9	4,1	1,0	0,0	111	99
0,0	12,15	3,0	13,10	171	99
4,14	4,3	0,4	0,0	198	99
0,1	5,5	0,3	2,0	102	99
344,442	0,1	434,178	0,0	198	99
5,12	29,44	11,5	51,6	111	99
99,120	29,44	154,54	51,6	130	99
95,108	1,0	143,49	0,0	118	99
9,7	11,9	10,3	6,8	108	99
239,270	18,18	690,252	41,22	102	99
199,303	168,200	555,222	384,158	102	99
73,116	27,18	74,28	25,6	115	99
7,19	94,112	5,2	96,32	110	99
22,39	8,3	20,6	4,3	110	99
1337,1716	1,0	1446,558	0,1	198	99
15,22	1,0	21,7	1,2	159	99
26,39	86,185	8,13	165,71	113	99
65,82	0,0	52,38	2,0	198	99
8,23	37,83	24,10	45,23	102	99
0,1	49,62	1,1	42,22	104	99
81,95	20,22	92,61	15,7	118	99
35,46	7,9	49,21	12,10	112	99
77,114	212,197	123,59	174,67	198	99
50,85	212,197	93,50	174,67	198	99
3,6	120,132	2,3	171,124	198	99
146,176	8,6	112,41	4,0	108	99
23,15	2,4	27,4	1,0	102	99
3,0	1,2	2,2	0,0	113	99
32,51	0,1	29,9	0,0	118	99
612,832	518,672	845,396	757,332	162	99
0,4	10,6	5,1	9,5	112	99
0,4	1,0	6,1	5,0	117	99
10,6	1,0	10,5	5,0	104	99
139,124	5,2	89,51	6,2	105	99
48,46	71,125	55,42	51,33	102	99
19,35	14,19	13,15	11,6	162	99
852,1277	0,0	1234,604	0,5	198	99
44,38	49,79	24,11	55,22	198	99
25,40	500,608	23,14	632,267	198	99
1,5	137,133	8,0	80,50	123	99
2,1	104,104	2,4	98,38	118	99
20,40	3,4	16,2	5,6	105	99
4,8	36,77	5,1	39,25	198	99
925,1332	33,33	1184,626	19,11	120	99
24,24	364,551	21,12	506,244	144	99
85,91	0,0	51,42	1,0	108	99
136,187	0,0	115,44	4,0	106	99
30,52	11,7	39,21	26,4	102	99
107,153	0,2	82,51	0,0	172	99
116,172	0,2	90,58	0,0	176	99
10,24	1,5	8,7	0,0	103	99
177,317	17,29	168,99	5,0	176	99
576,815	186,235	1159,482	162,51	119	99
35,39	0,2	30,18	0,0	129	99
25,53	674,1035	55,32	763,372	108	99
39,27	41,73	28,18	40,27	109	99
59,93	27,33	49,22	11,21	172	99
9,14	23,50	6,3	21,7	124	99
68,104	1,3	51,36	1,0	120	99
69,99	3,13	53,38	4,2	198	99
7,3	3,13	3,2	4,2	198	99
1,1	21,15	1,0	11,2	118	99
1877,1788	1,0	1040,404	0,0	198	99
12,14	8,8	12,9	14,5	104	99
259,302	5,5	331,125	26,3	141	99
540,677	11,20	501,311	8,14	102	99
1134,1535	233,200	1399,764	225,96	198	99
121,145	0,0	129,50	1,0	102	99
21,17	3,3	19,10	7,3	198	99
22,16	2192,3547	25,11	2413,1289	198	99
6,9	2192,3547	14,7	2413,1289	124	99
8,6	8,6	11,4	6,3	124	99
59,62	39,46	55,28	35,17	104	99
24,51	0,0	38,14	3,0	136	99
163,287	0,1	204,118	0,0	198	99
254,446	1,6	324,166	1,0	198	99
349,539	117,140	289,170	99,44	198	99
14,22	262,382	11,3	265,105	144	99
5,3	20,22	9,4	6,5	102	99
11,25	43,37	3,3	21,5	109	99
204,289	3,8	178,104	2,4	110	99
132,171	66,93	164,93	70,30	175	99
92,73	36,73	100,24	40,15	198	99
3,4	1546,2225	5,1	2121,1017	198	99
80,70	4,9	64,40	4,1	174	99
26,24	356,500	24,6	464,176	110	99
427,633	4,1	408,198	0,1	114	99
19,35	24,38	16,8	12,5	116	99
45,61	8,9	34,20	4,1	159	99
50,64	8,9	30,17	4,1	142	99
3,1	197,272	1,0	312,121	113	99
38,89	1,0	54,31	0,0	198	99
68,110	68,98	48,20	80,30	135	99
161,188	0,1	133,49	1,0	145	99
16,10	417,524	6,4	504,185	198	99
0,0	20,26	3,0	20,5	112	99
2,7	8,8	2,3	13,6	102	99
114,159	449,599	140,102	430,193	198	99
377,503	106,131	501,248	139,53	135	99
136,171	1,1	154,71	0,1	108	99
280,305	0,1	315,157	0,0	144	99
13,14	102,154	8,6	86,48	137	99
55,114	3,4	88,30	4,0	105	99
58,105	19,11	75,38	2,4	192	99
483,478	114,105	723,177	182,69	102	99
117,102	3,8	151,67	10,1	198	99
159,225	3,21	148,69	9,5	102	99
50,45	456,532	45,22	553,179	112	99
13,26	1,1	8,4	1,0	198	99
9,11	229,347	3,4	200,111	198	99
10,1	396,444	5,0	624,161	102	99
4,7	268,336	15,7	368,157	198	99
53,61	123,171	16,4	168,75	102	99
6,25	557,800	15,9	563,250	198	99
1,2	9,7	0,0	6,2	108	99
9,4	137,166	7,0	121,58	120	99
219,378	174,229	269,117	162,80	135	99
2,4	1,4	3,0	0,0	108	99
162,235	9,9	239,77	14,9	110	99
61,86	88,100	35,15	34,10	102	99
69,113	2,0	60,31	3,0	108	99
101,146	8,6	65,32	2,0	108	99
96,110	1,5	129,31	1,1	104	99
63,75	0,1	39,32	0,1	123	99
6,8	153,230	16,4	357,150	119	99
50,87	82,105	87,47	200,94	108	99
16,9	14,22	14,7	17,6	122	99
0,3	0,3	8,0	5,0	198	99
5,4	2,3	6,3	0,0	129	99
502,567	1,1	506,238	1,4	173	99
118,106	314,439	98,47	263,129	102	99
22,21	356,504	19,8	438,192	111	99
17,24	2,1	12,8	0,0	103	99
152,177	144,179	163,69	75,31	103	99
22,28	11,1	13,9	2,3	103	99
10,24	5,19	12,6	0,0	198	99
283,287	741,796	255,112	645,193	198	99
3,2	13,22	3,5	6,5	102	99
823,1160	574,829	1643,703	936,454	142	99
31,50	14,19	18,8	12,15	108	99
2,5	39,46	4,3	52,34	120	99
21,15	108,159	7,6	72,54	102	99
3,1	90,133	3,1	76,42	141	99
7,7	48,74	4,1	42,16	102	99
9,10	50,46	0,1	41,13	111	99
9,18	191,296	67,16	160,82	114	99
13,5	50,44	26,1	63,16	107	99
3129,3759	51,62	3680,1587	56,24	102	99
12,10	19,17	20,0	7,2	114	99
3,0	17,33	0,0	25,10	102	99
111,140	1,1	73,38	0,0	105	99
28,32	35,43	21,9	32,14	102	99
4,5	98,171	3,6	143,109	117	99
8,13	43,48	4,3	61,34	133	99
57,62	7,8	71,38	5,4	198	99
14,15	1,4	12,4	0,3	198	99
25,28	3,5	26,13	6,4	160	99
33,44	10,5	59,37	8,8	116	99
8,5	47,58	2,0	29,11	111	99
45,62	123,204	43,16	110,65	102	99
40,35	11,13	29,11	10,4	102	99
1,1	21,45	2,1	24,14	198	99
0,4	1,6	0,3	7,3	108	99
1,4	11,5	0,0	1,6	102	99
280,301	11,13	377,151	7,7	141	99
21,26	83,113	33,15	107,50	102	99
10,18	38,55	2,5	26,15	102	99
0,0	8,19	1,0	9,4	117	99
209,217	544,945	227,153	496,279	198	99
653,741	0,10	587,254	0,0	117	99
70,113	3,2	59,35	4,2	105	99
43,50	5,4	65,37	2,0	154	99
53,66	242,339	82,46	331,213	157	99
56,73	89,123	89,47	96,66	160	99
15,20	242,339	19,9	331,213	102	99
18,27	89,123	26,10	96,66	105	99
245,346	89,123	338,214	96,66	102	99
3,0	4,4	2,1	10,1	115	99
5,3	16,20	5,2	10,8	137	99
14,6	0,0	7,7	0,1	150	99
17,12	0,1	16,13	0,0	178	99
6,7	16,20	13,2	10,8	121	99
15,10	0,0	15,7	0,1	134	99
18,16	0,1	24,13	0,0	162	99
25,23	0,0	12,13	0,1	112	99
28,29	0,1	21,19	0,0	140	99
3,6	0,1	9,7	0,0	127	99
48,52	0,1	38,19	3,0	118	99
6259,7723	54,79	9254,2726	93,22	118	99
6525,8103	30,41	9560,2859	43,18	128	99
320,459	30,41	399,155	43,18	109	99
32,42	4402,6415	25,14	5341,2196	102	99
502,788	11,7	518,288	13,5	139	99
145,178	2,1	120,53	2,2	103	99
4,9	28,68	6,3	37,18	121	99
7,8	41,48	13,6	68,29	109	99
55,69	0,0	33,26	2,0	158	99
28,31	8,18	25,7	9,6	104	99
86,126	8,18	60,41	9,6	163	99
83,119	25,24	53,39	18,5	158	99
17,23	938,1305	23,6	1102,505	198	99
5,5	38,60	2,1	83,30	116	99
15,26	98,164	19,7	125,64	138	99
306,442	794,1187	371,187	652,337	108	99
29,80	100,138	34,40	115,62	140	99
139,194	0,1	90,85	0,0	129	99
447,544	35,62	546,194	32,18	114	99
3,7	2,3	3,1	2,3	198	99
142,149	1,0	130,46	0,1	129	99
25,22	35,34	19,11	20,7	102	99
33,33	9,27	27,12	11,7	102	99
15,8	630,894	11,0	659,277	198	99
66,100	0,2	87,68	5,5	198	99
30,35	23,37	15,28	35,24	110	99
464,496	428,485	713,356	478,214	102	99
117,175	851,1038	258,113	991,456	114	99
59,72	62,63	43,17	58,25	112	99
3,0	1,2	0,0	0,4	118	99
27,24	10,11	31,11	14,2	130	99
0,5	0,1	0,1	0,0	105	99
3,3	113,164	4,2	147,65	118	99
46,59	2,2	50,25	4,0	145	99
101,171	18,23	152,60	12,14	113	99
124,194	21,36	206,91	21,15	109	99
84,141	13,9	67,62	5,0	126	99
0,2	47,82	0,0	50,22	168	99
89,144	49,55	98,54	47,19	121	99
4,5	86,135	2,2	95,44	102	99
18,19	2,8	9,8	0,1	102	99
107,99	96,84	30,24	63,25	102	99
17,23	15,26	26,10	16,10	198	99
13,13	97,88	26,8	103,40	198	99
408,535	2,6	321,127	4,4	114	99
430,583	10,19	266,120	5,5	105	99
283,272	3,9	252,126	4,0	198	99
302,344	0,0	311,124	1,0	198	99
47,60	892,1241	54,16	957,484	198	99
13,10	477,455	7,5	793,271	198	99
283,490	0,1	339,198	0,0	103	99
0,5	158,174	3,2	126,80	105	99
14,17	4,8	49,34	21,18	198	99
2,8	66,94	5,1	78,41	118	99
1183,1268	5,3	1356,549	2,1	105	99
105,138	8,19	155,74	20,12	108	99
148,181	3,0	320,107	12,3	182	99
38,51	172,236	68,40	210,100	198	99
2,1	0,1	2,1	0,1	108	99
18,17	11,5	22,8	6,0	198	99
69,89	7,4	70,34	10,1	198	99
201,252	72,149	166,99	111,64	198	99
146,231	14,32	139,63	10,16	105	99
46,54	12,13	18,10	12,1	105	99
72,97	12,13	46,21	12,1	108	99
65,77	39,34	41,19	13,8	102	99
0,0	7,3	1,0	1,1	121	99
3,8	2,1	1,0	0,1	111	99
126,146	2,2	119,60	6,0	198	99
2,0	6,5	0,3	5,2	141	99
11,25	1,4	10,11	3,5	198	99
10,11	424,623	10,5	461,171	198	99
116,184	1,5	103,72	1,0	162	99
1,2	93,116	0,1	72,35	105	99
94,122	0,0	75,40	1,0	198	99
136,210	750,893	182,106	888,327	198	99
87,98	118,142	115,61	154,60	110	99
53,86	74,114	52,33	94,51	102	99
123,243	22,25	133,78	9,10	102	99
27,14	1,1	24,10	2,1	119	99
124,168	10,13	164,92	14,3	134	99
439,614	258,327	663,319	216,98	102	99
19,17	10,2	21,10	1,2	174	99
26,43	12,15	37,10	9,2	110	99
43,22	9,4	41,13	7,1	112	99
39,26	1,4	33,16	4,8	198	99
3,2	87,69	0,1	72,19	112	99
1,9	3,5	6,2	1,3	121	99
15,27	98,201	3,1	91,37	113	99
34,42	6,4	38,21	14,5	102	99
1,0	1,2	0,0	2,0	105	99
4,3	105,195	2,2	110,69	110	99
1,7	2,1	1,2	1,0	130	99
50,52	6,9	35,15	8,6	198	99
7,1	194,236	1,3	165,91	171	99
3,5	66,91	0,3	69,23	198	99
63,91	2,2	32,22	2,2	111	99
2,7	2,0	5,3	4,1	102	99
2,1	24,13	3,0	28,15	111	99
3,1	32,45	8,5	37,37	115	99
7,5	2,0	0,1	0,0	150	99
2,2	115,134	3,2	73,35	123	99
8,10	25,27	1,0	15,17	145	99
10,13	43,52	15,5	60,46	198	99
136,205	55,102	137,110	52,45	102	99
2188,2533	47,37	2505,774	40,15	102	99
45,82	51,42	56,41	78,51	110	99
21,31	4,7	24,15	4,1	105	99
69,73	107,115	49,23	126,69	102	99
5,17	39,37	4,6	19,5	172	99
366,442	72,125	278,121	81,39	129	99
457,595	2,0	400,155	2,0	105	99
5,2	13,6	3,2	0,0	138	99
310,341	25,20	317,146	7,7	102	99
44,54	68,78	47,25	90,29	102	99
8,9	93,124	4,3	114,40	110	99
3,1	149,134	3,3	152,74	132	99
160,228	33,49	116,48	23,17	198	99
7,6	41,60	18,7	71,36	198	99
7,7	13,14	6,8	11,7	104	99
88,136	9,9	100,51	6,2	102	99
461,686	44,56	431,193	54,28	110	99
64,69	1,1	55,33	3,1	125	99
3726,4316	8,9	4835,1914	3,2	109	99
15,37	27,14	12,6	6,0	105	99
118,210	15,24	133,70	4,6	111	99
39,38	97,153	22,9	65,40	102	99
19,25	0,3	20,6	0,0	137	99
12,19	0,1	11,3	0,0	137	99
62,68	36,47	54,22	37,17	123	99
22,15	137,185	16,8	129,60	112	99
59,62	50,79	30,22	77,28	115	99
57,79	9,7	63,31	2,0	111	99
3066,3701	3,6	4017,1773	11,0	102	99
16,24	121,138	29,15	162,76	114	99
5681,8296	0,1	8050,3608	0,0	198	99
60,113	1464,2370	96,50	1832,877	119	99
26,26	6,1	16,14	0,1	102	99
5,7	0,0	2,3	1,0	102	99
14,27	145,276	10,5	99,72	105	99
166,332	11,20	119,65	6,4	105	99
632,1076	0,2	660,330	0,0	132	99
38,49	7,25	19,6	9,7	110	99
14,13	5,7	21,1	8,2	105	99
11,8	5,7	5,3	8,2	108	99
9,5	12,10	4,3	20,1	102	99
41,63	0,0	55,19	1,0	114	99
12,4	137,206	5,5	106,73	147	99
13,57	27,25	24,4	6,3	164	99
66,92	15,17	91,43	32,11	107	99
14,8	2,2	11,2	4,6	109	99
36,54	5,13	52,30	9,2	109	99
5,29	48,61	25,4	62,29	102	99
99,143	0,0	82,53	5,0	198	99
188,296	0,0	211,118	0,1	198	99
398,671	27,22	493,263	17,10	182	99
290,461	14,24	351,138	14,18	144	99
44,39	0,0	32,12	1,1	110	99
18,24	122,198	23,2	162,62	132	99
406,648	5,8	509,195	4,2	134	99
10,7	74,75	17,12	41,29	102	99
3,1	32,36	0,0	48,12	159	99
26,26	22,31	23,17	33,29	105	99
5,10	19,30	8,4	22,10	131	99
100,80	0,2	107,28	3,0	105	99
47,56	1,5	52,38	5,0	107	99
278,416	1,5	330,225	5,0	129	99
254,398	23,38	301,216	23,29	121	99
34,58	940,1341	50,19	1022,600	198	99
21,45	578,903	23,13	579,355	198	99
44,54	1,1	18,14	3,0	118	99
280,322	238,253	331,140	310,158	198	99
110,131	238,253	101,86	310,158	113	99
146,219	238,253	146,103	310,158	198	99
131,209	83,106	133,86	73,64	198	99
265,312	83,106	318,123	73,64	198	99
220,239	47,96	276,95	60,46	198	99
116,125	194,251	152,67	225,91	102	99
64,61	235,284	70,40	317,131	130	99
18,22	121,119	23,8	143,46	105	99
941,1417	0,0	1207,431	1,0	103	99
20,32	77,106	38,18	116,46	185	99
19,25	593,852	41,24	506,296	198	99
205,287	0,0	141,82	1,0	198	99
8,8	284,369	2,7	251,140	198	99
138,195	83,113	175,65	76,33	102	99
3,6	31,47	6,0	23,9	119	99
31,36	430,500	18,5	399,152	198	99
18,22	3,2	9,7	0,4	102	99
3,1	2,9	3,2	8,10	119	99
474,426	24,24	2013,1103	96,57	136	99
6,6	135,149	1,1	117,63	102	99
10,12	9,16	13,3	9,1	198	99
14,21	19,30	25,5	25,29	198	99
13,25	19,30	23,3	25,29	114	99
10,13	21,22	6,13	37,9	194	99
0,1	5,17	1,0	10,1	105	99
68,106	14,6	107,52	3,2	138	99
2,3	83,83	1,0	137,37	102	99
8,5	5,6	11,4	10,12	102	99
220,348	189,259	467,251	171,99	198	99
75,145	0,2	39,25	0,0	198	99
7,7	117,152	13,5	144,50	198	99
52,68	52,100	40,30	62,35	198	99
20,14	1844,1925	24,7	2832,751	153	99
125,131	42,50	110,39	23,21	110	99
37,76	135,204	37,21	167,81	198	99
1,3	75,66	2,0	67,37	102	99
73,122	2,14	92,44	17,3	106	99
5,1	274,348	3,1	208,124	198	99
3,16	71,128	1,3	76,37	162	99
6,14	739,850	6,7	969,367	126	99
9,13	0,0	19,8	0,1	102	99
27,41	1,6	27,8	4,1	116	99
181,209	12,10	177,80	15,4	114	99
401,828	0,1	551,305	0,0	198	99
10,11	0,0	9,8	1,0	103	99
10,18	7,4	31,17	8,7	198	99
10,16	2,0	17,17	4,1	198	99
262,420	0,2	297,152	0,0	103	99
46,58	11,9	40,15	16,5	163	99
38,46	34,50	53,15	28,18	113	99
15,16	17,28	11,5	12,6	115	99
0,1	2,4	0,0	4,0	104	99
0,0	3,13	0,1	9,2	174	99
198,236	4,5	178,63	3,0	143	99
14,12	163,232	11,2	290,67	102	99
12,14	42,39	19,10	22,10	117	99
24,42	0,1	45,14	0,0	198	99
12,8	3,0	5,0	2,0	128	99
12,12	4,4	5,0	9,1	142	99
3,4	4,4	2,0	9,1	113	99
8,8	58,74	1,11	38,16	123	99
2,0	2,5	0,0	7,0	117	99
202,280	0,2	173,137	0,0	165	99
68,105	0,2	68,42	0,0	198	99
0,0	11,14	1,0	0,2	174	99
74,67	0,0	83,21	1,0	107	99
52,78	3,1	35,21	1,1	112	99
85,89	3,1	60,33	0,0	198	99
12,11	57,72	2,1	69,10	198	99
26,39	0,1	23,4	0,0	198	99
147,219	48,51	141,87	36,15	102	99
9,9	4,1	9,5	5,1	119	99
174,205	0,0	156,98	0,1	106	99
2,0	1,0	3,1	2,0	159	99
3,2	0,3	3,1	0,1	173	99
2,2	0,3	2,0	0,1	113	99
1,5	3,1	4,1	0,1	173	99
2,3	0,0	1,0	2,3	102	99
6,8	9,22	3,1	1,1	102	99
3,10	444,596	12,1	449,228	177	99
2,14	21,40	6,3	36,17	122	99
51,52	93,144	42,21	132,67	102	99
607,755	0,1	630,310	0,0	123	99
14,7	20,26	5,4	14,20	109	99
5,6	11,27	4,1	8,1	198	99
358,392	0,1	284,130	2,0	112	99
4,11	33,54	15,4	32,12	102	99
11,14	45,51	15,4	44,11	102	99
42,58	14,16	29,11	11,7	117	99
80,96	3,7	129,94	3,2	198	99
541,744	13,11	1147,303	10,3	141	99
1105,1446	1,1	2249,615	1,2	162	99
577,718	1,1	1120,317	1,2	120	99
474,646	1,3	996,252	1,1	141	99
1038,1348	2,2	2098,564	2,0	162	99
565,710	2,2	1111,315	2,0	120	99
755,961	642,743	1510,418	1070,267	120	99
12,23	55,109	15,3	22,10	105	99
73,115	1,4	182,93	12,3	103	99
7,18	19,44	12,13	25,6	103	99
43,91	0,5	85,34	0,0	102	99
242,319	15,16	184,102	11,9	102	99
212,243	53,76	224,74	119,42	129	99
143,216	0,0	159,67	1,0	106	99
36,67	109,137	48,20	114,52	102	99
93,98	24,50	94,58	38,14	124	99
131,196	0,0	214,88	2,0	198	99
75,98	8,18	79,54	13,10	124	99
107,165	0,2	189,64	3,1	198	99
621,812	179,243	779,304	283,134	105	99
69,91	2,0	67,42	0,0	198	99
39,56	13,17	38,23	16,6	104	99
815,1159	181,232	849,397	178,82	102	99
16,20	2,0	38,14	0,2	163	99
3,5	96,149	6,0	82,51	141	99
134,166	9,16	145,80	6,6	127	99
2,0	62,56	0,0	70,21	117	99
24,50	27,27	55,17	12,30	145	99
3,9	290,326	10,9	302,130	103	99
3,4	17,21	5,3	12,7	103	99
219,235	9,3	244,101	4,1	105	99
3,2	1,0	4,3	0,0	168	99
3,2	1,0	4,4	0,0	171	99
1,0	1,0	0,1	0,0	102	99
7,1	3,9	2,0	5,1	168	99
13,5	16,21	3,6	14,11	182	99
9,13	16,21	6,7	14,11	113	99
13,10	284,352	11,4	304,162	126	99
3,6	240,394	4,1	290,146	102	99
121,130	14,27	143,62	18,12	139	99
0,3	0,2	0,0	0,2	141	99
77,115	73,141	77,46	60,53	102	99
23,21	6,4	20,3	7,0	111	99
7,2	21,30	4,5	19,7	103	99
0,4	82,108	1,0	88,48	129	99
4,6	4,7	3,3	2,3	132	99
86,110	4,7	90,51	2,3	102	99
9,12	225,288	17,9	294,148	145	99
13,22	0,3	5,0	1,0	112	99
5,12	403,505	3,2	374,179	198	99
40,53	19,62	30,10	40,12	105	99
44,58	4,11	51,17	2,2	198	99
18,24	14,24	46,25	7,4	102	99
7,2	11,16	10,6	17,5	102	99
136,192	9,11	134,75	18,11	136	99
89,127	4,3	109,63	1,7	198	99
15,21	30,64	22,7	39,24	130	99
27,28	214,296	22,9	315,105	111	99
18,31	98,156	23,18	140,60	198	99
18,10	143,194	14,6	147,57	102	99
62,62	64,82	60,22	85,36	102	99
140,202	6,12	183,78	9,10	113	99
0,1	21,33	2,1	8,9	137	99
8,6	190,227	17,7	303,178	111	99
243,320	7,5	270,111	13,1	102	99
60,77	2,0	47,31	0,0	198	99
130,198	2,1	146,91	2,1	109	99
314,366	2,0	338,135	0,0	108	99
11,32	50,40	13,9	23,17	198	99
36,75	429,680	31,10	726,303	102	99
210,287	2,1	321,155	3,6	111	99
18,8	2,4	9,6	1,0	135	99
57,59	90,83	39,13	72,26	105	99
217,327	0,0	236,111	0,1	119	99
44,57	42,37	61,26	38,25	102	99
133,123	28,40	106,57	26,10	105	99
152,182	52,78	151,90	37,26	139	99
208,266	67,59	672,265	67,28	119	99
94,137	254,359	142,60	829,348	102	99
148,192	6,10	218,99	29,5	103	99
66,81	9,4	57,20	9,7	142	99
6,16	112,170	8,6	131,96	110	99
27,28	8,6	10,11	4,6	111	99
56,107	612,824	50,44	479,207	128	99
173,251	13,10	188,72	31,4	138	99
13,27	376,664	40,23	555,270	102	99
12,10	4,2	6,8	2,5	105	99
18,17	0,0	8,3	0,1	105	99
26,30	4,8	10,2	1,1	102	99
32,37	0,4	36,20	0,0	198	99
7,18	81,134	11,4	65,40	108	99
2,0	22,45	2,0	31,26	111	99
29,22	17,15	38,22	5,2	198	99
89,97	9,8	83,34	7,2	112	99
133,163	63,78	118,59	69,29	102	99
325,403	24,26	518,254	34,13	113	99
4,10	25,27	3,2	27,12	198	99
39,53	688,1024	38,13	817,325	198	99
6,20	0,0	6,2	0,1	106	99
6,16	25,21	2,6	14,6	108	99
86,114	20,34	72,32	28,9	111	99
1,1	2,0	4,0	0,0	198	99
12,16	0,2	1,5	4,0	102	99
6,4	121,142	1,0	104,65	138	99
70,110	43,72	53,32	67,47	105	99
156,246	47,59	178,70	72,47	102	99
90,66	2,0	65,20	0,0	114	99
2,4	49,62	0,2	59,13	198	99
88,88	0,1	64,31	0,0	103	99
0,1	23,23	0,1	7,10	120	99
0,5	77,98	0,3	70,31	145	99
106,111	2,0	72,67	0,0	150	99
569,680	1,0	434,104	1,0	105	99
5,7	52,44	3,0	24,17	102	99
1,0	47,40	0,0	12,6	102	99
187,273	28,36	182,65	13,8	116	99
50,65	107,138	52,37	111,70	123	99
717,797	0,5	1021,494	7,2	103	99
15,5	46,51	17,4	58,13	117	99
580,899	319,424	833,347	193,75	102	99
83,110	0,1	187,74	0,0	198	99
2,2	104,138	2,0	94,63	113	99
43,86	90,145	62,50	82,49	111	99
7,17	0,4	19,6	7,0	105	99
1077,1297	0,1	875,380	1,0	111	99
7,5	36,53	1,2	54,56	198	99
209,272	4,3	170,57	1,0	117	99
294,374	114,144	289,145	214,108	102	99
24,26	525,575	19,14	541,222	108	99
421,575	0,0	565,229	2,0	103	99
18,21	33,61	14,8	32,18	102	99
46,79	104,145	60,22	142,48	198	99
636,875	16,8	833,372	14,3	198	99
1100,1625	1,1	1666,883	0,0	160	99
73,112	4,12	86,53	5,0	104	99
65,77	9,10	73,43	3,3	122	99
25,27	71,105	20,17	78,31	110	99
13,23	16,40	22,17	9,6	142	99
25,40	3,2	35,21	1,3	156	99
28,57	3,2	22,10	1,3	113	99
17,14	135,225	19,7	179,92	198	99
18,16	45,58	17,7	48,32	198	99
41,45	2,1	53,13	2,0	116	99
43,68	2,0	52,31	2,4	133	99
136,223	0,0	145,66	3,0	116	99
2,1	0,1	3,0	0,0	102	99
183,329	40,72	169,60	46,17	194	99
23,26	0,0	5,5	1,0	166	99
610,792	0,0	767,272	1,0	150	99
1,0	39,54	1,0	31,9	112	99
22,30	14,8	15,6	2,3	110	99
44,68	11,13	24,20	7,2	110	99
86,124	6,11	88,55	7,2	107	99
16,27	17,26	23,13	17,8	112	99
31,45	16,19	30,12	10,14	154	99
3,9	40,65	4,0	42,30	198	99
328,296	105,168	263,203	89,44	198	99
9,19	623,696	7,12	475,269	198	99
0,0	0,8	2,0	1,0	129	99
30,33	15,22	39,14	30,22	172	99
17,19	54,85	27,12	95,40	108	99
228,346	63,139	194,95	92,54	108	99
90,114	1,0	82,29	0,0	158	99
0,2	15,31	2,0	13,14	120	99
13,15	3,0	8,8	0,0	136	99
14,13	83,96	10,4	77,43	120	99
232,297	1,0	284,145	4,1	198	99
82,122	1,2	94,36	2,0	109	99
3,5	16,20	1,0	64,16	115	99
1066,1294	28,13	1018,360	18,9	111	99
23,26	1072,1236	22,7	998,365	198	99
55,73	33,59	50,28	38,24	103	99
0,0	20,8	2,0	22,6	125	99
71,104	2204,2478	75,65	2626,838	198	99
11,28	0,1	12,7	0,0	198	99
7,7	9,21	5,2	10,8	108	99
24,28	24,76	51,19	32,20	104	99
65,117	2,1	77,41	6,0	108	99
10,21	105,143	22,8	125,70	110	99
174,250	95,164	221,90	158,62	156	99
13,25	132,159	17,10	225,87	109	99
405,583	4,5	460,182	11,5	109	99
5,10	332,465	13,3	484,183	119	99
3,2	45,66	5,0	45,22	102	99
75,108	0,2	93,39	0,0	101	99
9,14	111,232	7,5	181,83	198	99
86,135	43,63	78,36	25,8	138	99
3,4	108,112	0,3	103,42	159	99
99,134	1,1	100,26	0,0	115	99
14,4	67,116	7,4	91,39	198	99
5,13	163,218	3,2	197,83	117	99
220,359	5,4	346,197	1,2	104	99
265,415	0,4	148,97	0,0	101	99
1225,1397	9,7	1469,522	12,5	102	99
10,8	38,98	8,3	68,27	102	99
11,21	425,600	8,9	330,157	111	99
6,4	286,511	3,2	340,161	102	99
198,309	186,326	144,94	307,161	102	99
349,588	30,50	442,234	37,11	102	99
10,10	0,0	15,4	4,0	102	99
10,13	73,55	19,4	34,18	111	99
0,3	73,55	8,0	34,18	108	99
205,259	262,343	274,133	301,150	102	99
3,5	46,52	1,1	50,20	110	99
146,165	0,0	122,50	1,4	107	99
15,18	2,1	17,5	1,2	103	99
81,126	10,23	86,54	14,8	102	99
18,14	543,862	22,6	485,274	114	99
54,63	49,105	27,13	58,37	105	99
35,62	8,9	41,24	11,1	129	99
0,2	51,78	2,0	61,18	102	99
24,18	236,353	26,7	237,109	117	99
28,44	41,53	36,13	57,30	102	99
192,246	4,5	183,73	12,9	103	99
54,80	0,0	68,29	1,0	198	99
6,17	35,52	14,3	44,17	114	99
537,757	40,68	599,288	23,11	102	99
131,239	2,1	179,157	0,2	198	99
37,56	1,2	57,14	1,0	162	99
7,7	3,10	4,2	12,4	102	99
61,70	13,23	46,26	31,19	102	99
138,210	1,0	113,70	4,0	188	99
2,3	16,29	1,1	26,12	124	99
3,8	67,91	7,1	44,41	127	99
17,34	67,91	32,12	44,41	102	99
20,26	1,2	23,5	0,0	102	99
8,15	0,1	12,3	0,0	108	99
12,14	0,0	17,1	2,0	110	99
5,12	144,221	17,2	144,89	126	99
20,24	23,6	37,13	6,6	198	99
5,4	3,0	1,5	0,0	102	99
2,13	72,141	6,0	50,38	198	99
25,40	1,1	28,19	1,2	110	99
36,28	6,10	19,8	6,4	102	99
9,21	5,19	24,10	16,3	198	99
19,33	17,13	24,7	6,4	198	99
106,132	1415,2024	100,35	2021,795	117	99
23,15	86,121	14,12	93,47	143	99
0,0	6,6	2,0	5,0	129	99
23,32	25,23	19,6	8,4	132	99
47,101	19,17	38,38	13,1	104	99
128,195	0,1	130,59	0,0	103	99
295,336	16,19	289,143	14,8	198	99
8,7	20,26	17,4	16,10	106	99
5,1	29,40	3,1	25,17	114	99
79,117	2,6	84,46	3,0	118	99
7,10	100,75	4,8	72,39	102	99
31,32	78,127	42,13	105,38	198	99
390,447	381,552	374,199	391,158	198	99
2,7	163,250	16,11	191,73	198	99
5,0	50,32	2,0	47,22	102	99
532,527	72,95	604,255	94,26	102	99
247,298	2,2	291,135	3,1	106	99
200,218	6,10	259,99	1,0	141	99
180,220	857,1047	371,131	909,337	102	99
38,31	18,16	25,13	25,15	102	99
382,582	76,98	458,193	99,45	102	99
180,239	0,3	259,109	0,0	134	99
22,40	6,16	42,36	7,0	198	99
11,21	2,2	29,20	0,1	198	99
7,5	36,40	11,5	36,18	115	99
6,2	98,184	16,8	111,56	115	99
97,145	0,1	119,29	10,1	108	99
133,159	51,94	82,46	71,30	166	99
3,5	41,56	6,3	34,12	124	99
118,198	1,6	109,62	1,3	111	99
12,21	112,167	8,5	88,54	102	99
225,309	11,9	176,79	6,2	177	99
107,170	33,46	93,36	20,12	125	99
2295,3113	50,98	3274,1402	98,25	102	99
2367,3225	2,3	3346,1429	4,0	105	99
2483,3372	20,26	3502,1480	27,5	108	99
2809,3840	29,38	3962,1636	31,14	111	99
122,210	2,3	170,52	4,0	102	99
238,357	20,26	326,103	27,5	105	99
564,825	29,38	786,259	31,14	108	99
118,150	20,26	160,51	27,5	102	99
444,618	29,38	620,207	31,14	105	99
346,494	29,38	487,161	31,14	102	99
92,168	19,16	109,52	7,5	141	99
95,133	28,35	89,43	15,2	198	99
233,374	9,11	274,159	7,6	116	99
318,372	22,19	271,153	25,8	111	99
3,2	175,192	2,0	135,82	156	99
366,390	15,30	407,153	41,11	105	99
1,1	1,0	7,1	0,1	106	99
30,90	0,2	30,27	0,0	102	99
22,47	61,110	55,19	79,41	102	99
8,10	76,93	4,1	56,19	105	99
13,10	123,177	6,1	130,42	102	99
10,14	38,38	13,10	28,10	102	99
17,45	1,1	38,15	2,2	116	99
9,15	6,11	7,2	13,3	102	99
54,67	5,6	24,18	1,3	154	99
16,43	4,5	14,11	1,0	154	99
57,113	4,5	46,21	1,0	198	99
55,92	1,1	40,12	2,0	198	99
14,11	58,61	7,3	35,16	198	99
0,0	2,6	0,1	0,0	153	99
22,43	14,25	15,7	13,4	133	99
273,294	13,12	260,141	3,5	106	99
1142,1499	23,35	1581,716	55,37	116	99
18,16	0,0	16,5	0,1	102	99
31,34	1,1	17,5	3,0	102	99
15,17	374,432	17,5	362,143	198	99
58,74	2,0	101,32	0,0	120	99
1,8	24,48	3,1	13,9	102	99
416,599	258,358	642,288	368,143	114	99
100,94	5,8	105,38	6,10	117	99
14,13	76,108	6,6	51,44	124	99
18,28	27,44	11,17	13,8	102	99
8,11	45,63	15,5	36,23	102	99
5,11	2,5	3,1	3,5	102	99
15,15	57,91	21,8	175,47	198	99
27,39	158,230	23,9	147,96	114	99
5,0	162,238	2,0	233,119	138	99
9,28	1,1	12,8	0,0	108	99
1,3	9,7	2,2	1,0	108	99
87,154	105,199	72,29	189,85	119	99
6,6	62,102	2,3	70,30	198	99
35,42	22,21	15,10	13,17	103	99
43,69	4,9	36,16	8,2	102	99
70,88	4,9	33,31	6,12	105	99
4,6	104,99	4,5	128,54	114	99
23,46	68,93	35,11	101,32	102	99
157,215	0,1	245,132	1,0	172	99
26,31	183,233	31,11	271,126	112	99
0,3	45,81	0,0	49,17	117	99
92,163	208,325	37,22	146,76	102	99
132,161	1,2	169,87	3,0	148	99
77,68	0,2	70,28	0,0	102	99
5,7	5,27	0,3	21,7	114	99
46,70	28,58	60,30	37,9	105	99
9,17	1233,2072	13,4	1102,497	135	99
156,160	273,368	148,82	366,130	102	99
152,189	0,5	117,43	2,1	102	99
17,11	30,19	10,13	17,5	121	99
19,21	3,4	23,6	9,3	106	99
140,197	18,18	157,86	4,1	122	99
92,122	9,9	79,51	8,2	126	99
14,18	45,53	18,7	37,20	198	99
4,1	4,2	2,2	2,5	127	99
9,8	10,6	5,2	3,3	106	99
16,6	5,7	16,2	3,2	115	99
4,2	1,2	0,1	0,0	198	99
46,55	3,8	36,27	3,3	120	99
3,5	248,329	1,2	255,164	141	99
15,21	0,2	6,4	0,0	198	99
15,21	0,2	6,4	0,0	198	99
6,16	10,8	10,6	13,3	198	99
50,69	43,62	46,26	23,12	102	99
13,6	43,62	11,1	23,12	115	99
10,4	47,67	8,0	43,25	112	99
2,3	1,6	1,0	3,0	116	99
8,6	29,34	0,1	44,17	116	99
99,198	105,194	139,67	162,82	144	99
37,27	20,30	17,7	55,27	163	99
372,512	83,103	467,199	115,42	102	99
7,7	221,329	5,3	173,156	132	99
256,373	5,7	278,156	6,3	118	99
540,711	9,7	633,260	13,5	162	99
17,33	80,116	25,3	68,28	102	99
50,61	93,116	47,15	97,35	111	99
64,73	10,9	53,14	6,0	198	99
0,1	4,1	1,0	1,2	120	99
37,39	12,8	42,27	9,7	103	99
3,9	48,82	9,3	35,16	102	99
53,42	23,32	41,25	37,16	122	99
18,34	377,595	19,15	443,214	198	99
94,106	0,2	48,39	0,0	198	99
173,181	0,2	91,56	0,0	198	99
135,141	28,31	100,45	38,24	126	99
5,8	0,0	0,1	0,1	139	99
0,8	0,3	1,0	0,0	107	99
97,132	28,33	76,15	47,12	122	99
334,545	2,0	438,238	0,0	106	99
45,49	2,3	48,14	2,0	172	99
39,32	4,0	45,10	5,0	172	99
75,89	4,0	109,21	5,0	198	99
48,66	5,2	82,17	8,1	198	99
60,70	2183,2778	90,40	2943,1269	198	99
0,0	43,82	1,4	57,36	120	99
55,159	3,0	82,36	2,0	118	99
78,119	19,36	65,47	13,8	105	99
190,193	4,3	159,80	2,1	114	99
149,205	99,117	95,43	141,60	102	99
274,324	20,36	266,120	20,15	111	99
9,15	40,53	17,4	22,6	104	99
181,252	1,0	201,76	0,0	198	99
92,87	39,30	83,29	21,4	102	99
4,5	34,39	4,0	29,14	112	99
8,9	102,110	8,1	96,39	112	99
336,481	1,6	445,221	2,1	198	99
20,42	802,1148	27,15	982,507	102	99
212,285	4,10	167,90	4,1	103	99
2,1	285,499	1,1	445,240	198	99
735,1069	229,316	525,210	274,138	102	99
79,98	3,12	80,33	4,0	198	99
12,5	0,0	10,0	1,0	109	99
15,6	85,87	8,3	92,43	198	99
3,5	0,0	4,0	1,0	103	99
117,193	17,19	124,56	26,9	103	99
35,68	17,19	29,17	26,9	174	99
32,64	114,189	29,17	124,56	170	99
55,88	1,13	69,39	6,4	117	99
13,30	101,87	24,16	84,50	198	99
24,33	0,3	24,6	6,1	198	99
91,102	8,4	104,52	16,7	123	99
7,13	77,76	7,8	68,23	119	99
387,465	125,173	438,250	81,44	102	99
136,218	3,0	185,81	3,2	198	99
334,326	2,0	360,134	0,0	198	99
2577,3961	6,5	6109,2647	7,2	141	99
442,765	3,13	999,503	4,10	138	99
1386,2561	3,13	2969,1575	4,10	147	99
961,1808	15,11	1986,1080	12,8	108	99
80,94	53,97	56,34	75,30	102	99
51,54	12,6	72,21	7,2	160	99
2,3	5,1	1,0	10,4	102	99
178,192	2,0	123,84	0,0	198	99
159,228	26,41	250,174	30,16	123	99
19,16	952,1646	17,8	1218,644	198	99
3,6	0,0	4,0	1,0	131	99
3,4	0,0	7,1	1,0	172	99
4,6	0,0	8,1	1,0	176	99
1,1	1,3	3,1	0,0	140	99
2,3	1,3	4,1	0,0	144	99
65,72	16,26	87,34	13,11	198	99
9,8	115,164	25,8	109,34	117	99
2,0	3,4	1,0	14,9	151	99
53,62	20,28	20,14	9,12	111	99
101,152	0,0	123,49	1,0	109	99
23,14	1101,1532	12,8	1054,614	198	99
611,810	1397,2076	603,255	1685,930	102	99
81,158	0,1	169,75	2,1	119	99
83,137	22,39	122,58	44,14	105	99
233,288	4,0	285,110	5,3	119	99
181,204	116,172	182,100	170,69	173	99
656,927	214,326	874,459	150,81	102	99
248,338	0,0	319,161	3,0	198	99
12,30	7,15	16,2	0,2	198	99
472,648	16,8	490,281	6,6	103	99
6,8	171,218	12,0	150,77	126	99
112,144	5,28	74,35	5,15	114	99
4,14	9,14	20,7	11,8	198	99
315,453	0,2	391,108	0,2	168	99
2,1	97,147	2,4	99,57	132	99
3,6	1,6	4,2	4,1	102	99
2724,3696	1,0	2305,1119	0,0	102	99
0,2	31,46	0,0	15,17	172	99
92,112	61,92	85,34	53,11	102	99
8,19	0,26	15,5	7,13	120	99
10,7	284,475	2,1	333,130	198	99
172,197	2,0	131,43	0,0	111	99
58,114	10,6	78,42	3,6	128	99
197,233	6,3	256,109	2,4	107	99
279,352	213,197	286,160	239,82	105	99
4,6	10,15	9,4	21,5	105	99
119,186	132,157	157,68	156,59	108	99
4,3	36,27	3,0	60,6	105	99
7,6	1,3	6,2	1,0	102	99
13,22	75,51	24,5	98,34	103	99
679,818	124,176	790,436	131,59	198	99
14,38	242,420	7,3	335,161	117	99
46,46	2,0	34,16	3,0	107	99
16,19	58,62	9,3	65,21	136	99
17,16	27,43	5,6	39,21	110	99
15,41	119,139	32,22	96,43	102	99
4,7	1,0	1,1	0,0	129	99
50,52	0,0	14,6	1,0	105	99
265,347	3,1	366,165	1,0	105	99
160,249	1,8	181,89	6,6	165	99
0,6	2,9	0,3	6,1	121	99
4,4	28,36	4,2	18,11	114	99
4,1	25,53	0,0	21,9	198	99
126,163	14,7	135,68	5,1	106	99
77,94	18,52	86,30	31,21	121	99
59,61	10,8	36,24	4,6	102	99
78,108	13,20	60,47	9,6	114	99
117,165	26,35	61,66	25,4	105	99
24,23	127,188	24,20	101,69	103	99
0,0	0,5	1,0	10,3	198	99
26,12	23,32	17,6	26,16	102	99
222,319	0,2	209,88	0,0	119	99
2363,2867	2,1	2170,858	0,0	108	99
12,24	203,297	6,5	191,148	123	99
40,65	912,1289	54,25	972,434	198	99
10,18	0,7	7,1	1,3	108	99
0,6	65,89	1,1	54,24	102	99
104,139	3,8	131,60	17,4	102	99
15,43	41,58	19,16	35,12	198	99
107,122	88,115	203,62	67,34	102	99
274,313	179,222	443,253	247,106	198	99
7,18	3,8	20,8	3,3	129	99
3,9	13,14	5,4	26,16	171	99
7,9	16,24	10,1	14,11	102	99
111,147	8,17	92,43	0,5	198	99
970,1133	0,0	1277,515	0,2	168	99
2,2	23,12	9,0	16,5	114	99
24,49	10,10	32,15	8,9	105	99
3355,5178	0,3	4721,2353	1,0	113	99
51,80	6,16	19,12	1,3	102	99
6,8	107,122	15,11	62,31	158	99
2,2	386,476	5,1	307,159	180	99
304,502	450,674	400,146	594,239	118	99
185,345	17,16	202,107	32,12	104	99
23,36	0,0	11,9	0,2	198	99
24,35	127,126	26,12	150,39	198	99
18,53	127,126	18,10	150,39	198	99
15,49	11,15	18,14	17,7	198	99
1059,1331	7,10	1325,484	9,4	136	99
77,109	5,2	74,39	5,2	198	99
47,56	2,0	36,25	0,0	198	99
96,117	0,0	102,63	0,1	198	99
4,4	0,11	3,1	11,1	172	99
55,72	7,10	60,32	12,6	145	99
567,697	1,2	582,262	0,0	198	99
101,122	24,56	101,41	51,19	102	99
40,55	252,391	31,13	173,86	198	99
6,2	71,94	9,6	74,26	115	99
112,92	4,10	125,51	0,1	107	99
3,8	97,108	2,3	97,34	165	99
21,38	0,0	30,5	1,0	107	99
391,454	27,53	411,229	46,22	198	99
757,985	716,843	895,596	687,277	198	99
414,616	716,843	558,398	687,277	198	99
664,932	3,0	842,567	4,3	198	99
0,0	106,130	0,1	129,58	115	99
521,694	8,8	577,266	1,0	117	99
133,237	35,34	124,85	31,8	103	99
6,8	59,89	21,9	104,43	198	99
67,95	14,18	105,63	23,17	106	99
120,157	8,9	168,94	9,4	105	99
0,2	22,14	2,0	24,2	113	99
16,22	65,96	24,12	65,29	102	99
39,134	31,60	68,48	30,13	102	99
137,237	0,0	129,78	1,0	198	99
3,5	1169,1455	15,7	967,478	198	99
18,28	16,31	21,12	4,9	123	99
81,132	36,56	60,56	17,8	116	99
7,6	40,71	1,2	60,31	116	99
38,43	224,293	58,30	233,111	102	99
0,0	31,49	1,0	26,9	144	99
3,7	3,4	1,0	0,0	102	99
6,14	2,3	1,6	3,1	111	99
82,103	42,106	73,40	50,30	102	99
24,29	7,2	31,10	5,3	180	99
4,3	1,6	3,2	5,2	102	99
79,77	0,0	51,11	1,0	130	99
28,43	0,0	28,3	1,0	141	99
1,10	52,44	8,1	31,9	110	99
32,36	0,0	24,20	0,1	106	99
7,13	148,188	7,2	158,55	198	99
487,631	1,2	476,256	1,3	105	99
5,16	406,529	8,10	367,231	123	99
172,190	25,25	84,42	4,2	105	99
3,14	135,199	11,4	168,74	114	99
79,89	0,0	68,40	0,1	198	99
116,134	69,120	115,39	107,48	117	99
60,111	435,576	72,29	372,178	118	99
333,422	21,18	305,159	17,7	102	99
118,130	2,4	103,53	6,4	102	99
30,25	40,36	34,11	34,12	151	99
169,242	7,15	183,90	5,5	114	99
111,84	3,4	127,42	5,4	130	99
641,866	5,4	959,418	4,1	104	99
100,132	2,12	62,29	1,0	119	99
119,178	21,37	164,59	40,15	144	99
15,11	28,22	19,13	21,6	113	99
101,113	0,1	91,37	0,0	198	99
0,5	23,14	5,3	13,6	118	99
46,95	5,3	51,27	3,1	102	99
3,3	2,1	10,1	1,0	110	99
1,5	94,144	2,1	108,49	123	99
186,166	3,0	183,69	3,0	102	99
91,157	2,0	123,78	0,1	111	99
101,209	27,49	117,55	37,27	120	99
13,15	28,50	16,4	31,19	102	99
13,33	1306,2012	13,9	1558,807	198	99
4,18	17,38	9,2	40,12	112	99
240,262	5,9	407,149	11,4	120	99
165,295	0,3	244,95	0,0	105	99
0,0	37,40	1,0	15,1	198	99
36,57	2,2	23,9	1,2	105	99
238,336	4,2	367,168	0,1	171	99
139,177	7,4	156,67	7,3	134	99
33,26	871,1020	28,13	592,286	102	99
79,120	214,290	79,34	254,98	117	99
324,513	198,332	237,184	266,205	180	99
41,68	12,11	56,30	19,6	108	99
39,42	15,20	110,56	17,12	102	99
0,0	0,2	4,0	0,0	135	99
2,9	5,24	2,4	3,1	102	99
53,81	12,11	63,25	4,5	106	99
68,78	8,21	52,34	8,5	105	99
27,55	13,18	45,24	4,3	118	99
57,86	4,1	64,36	0,0	131	99
24,46	603,998	33,14	905,400	186	99
7,7	3,14	16,2	6,3	102	99
134,171	2,9	132,71	4,3	105	99
30,68	0,0	45,28	1,1	198	99
2,18	140,185	4,0	99,56	122	99
38,47	60,79	64,31	41,34	102	99
1,1	21,12	6,2	19,6	106	99
6,6	1,4	10,5	0,0	122	99
26,17	1,4	23,9	0,0	115	99
2,0	8,16	0,1	8,3	108	99
297,323	0,2	277,138	0,0	198	99
309,350	11,13	312,131	8,1	119	99
57,91	1597,2472	93,57	2326,1081	198	99
1847,2966	1,1	2819,1442	4,1	198	99
3,12	22,23	11,2	31,18	114	99
340,367	90,66	130,64	44,31	102	99
29,46	0,1	11,7	0,0	106	99
3,1	1,1	0,0	4,0	122	99
4,11	14,32	2,2	12,10	119	99
15,35	0,5	18,12	2,0	198	99
55,91	0,2	52,17	0,0	198	99
6,4	7,22	2,3	11,3	107	99
16,15	6,15	9,3	21,9	116	99
2,6	188,226	6,3	210,117	144	99
22,26	115,145	39,28	89,60	115	99
126,181	0,0	169,75	1,0	157	99
10,19	14,12	15,10	4,0	102	99
901,1187	13,22	979,490	21,10	172	99
5,9	122,207	16,5	117,77	189	99
377,342	278,362	499,169	183,67	102	99
162,215	21,41	126,67	24,19	105	99
5,3	4,1	10,1	7,0	118	99
4,3	0,0	0,1	0,1	105	99
45,75	0,0	43,21	0,1	111	99
42,72	1,0	43,20	0,0	105	99
57,73	0,2	49,45	4,0	111	99
1,6	30,54	11,2	34,6	102	99
0,2	17,58	0,1	26,19	111	99
4,12	7,26	3,6	13,7	111	99
15,19	169,198	11,8	203,69	103	99
3755,4673	121,138	5688,2278	180,68	102	99
6,13	576,843	7,4	744,313	198	99
5,15	576,843	7,4	744,313	198	99
3,2	1,0	0,1	0,0	102	99
25,48	0,2	23,18	1,3	122	99
4,2	125,221	9,0	190,79	198	99
89,116	10,8	80,40	5,5	105	99
13,17	0,1	6,7	0,4	198	99
1,4	1,0	1,0	0,0	105	99
107,114	57,53	58,43	39,26	136	99
21,35	46,55	8,3	37,22	198	99
1,0	5,2	2,0	5,1	112	99
154,252	2,0	179,84	5,2	106	99
6,11	15,23	15,4	12,5	111	99
10,15	15,23	12,6	12,5	117	99
10,14	6,10	7,6	10,4	105	99
237,253	69,74	277,98	59,23	116	99
4,5	13,26	5,1	6,2	123	99
8,4	123,189	5,3	170,92	122	99
111,167	0,0	171,81	2,1	198	99
45,44	46,72	60,27	57,16	102	99
4,6	8,14	2,5	9,2	102	99
42,88	73,133	115,38	172,62	126	99
338,527	43,54	371,177	56,25	102	99
0,1	5,1	4,1	0,0	102	99
482,683	55,93	449,291	64,27	114	99
12,15	518,721	9,10	465,363	129	99
50,73	16,25	77,36	17,9	140	99
1,0	9,16	0,0	21,5	114	99
902,1285	0,7	993,436	0,0	107	99
16,38	4,18	33,19	12,8	103	99
2,0	131,152	1,0	90,37	126	99
4,8	49,50	2,6	47,34	105	99
3,8	37,86	3,0	44,14	198	99
33,59	172,219	42,9	124,74	117	99
48,92	12,6	66,29	5,5	105	99
24,27	1,0	25,9	0,0	198	99
0,0	2,1	1,0	1,3	102	99
24,26	1141,1344	51,21	1213,413	102	99
336,617	68,139	374,180	88,54	110	99
287,393	12,12	244,104	7,2	114	99
2545,3286	0,2	3113,1330	0,0	102	99
47,43	7,8	59,24	7,1	156	99
21,10	2,1	20,8	3,1	196	99
148,190	0,0	120,73	3,0	198	99
164,262	71,114	179,98	96,48	102	99
31,35	269,443	14,14	305,123	105	99
0,11	200,372	6,2	284,111	198	99
253,304	815,987	200,80	583,238	124	99
2437,2516	1,1	2072,665	0,0	109	99
65,87	0,1	51,18	0,0	104	99
10,21	3,2	20,9	2,0	108	99
167,313	227,318	180,74	376,171	102	99
621,1021	0,9	626,374	1,0	198	99
4,0	1,0	2,0	2,0	102	99
67,91	6,7	28,15	0,1	132	99
86,81	18,22	33,44	8,6	198	99
7,6	26,44	2,0	15,6	110	99
45,62	60,105	34,16	81,27	105	99
2,0	0,0	16,10	1,0	121	99
4,4	0,3	2,0	0,1	111	99
145,138	0,1	160,51	0,0	111	99
21,24	286,434	9,3	318,161	198	99
0,2	1,5	1,2	1,3	102	99
1,5	138,220	4,0	217,117	114	99
5,12	0,2	6,2	0,0	128	99
0,0	7,16	4,0	5,9	198	99
5,12	2,4	10,2	5,0	198	99
12,28	2,4	11,11	5,0	128	99
1017,1289	68,56	1214,528	243,123	105	99
1033,1333	9,4	1240,533	18,9	108	99
84,100	9,4	269,128	18,9	102	99
97,66	0,2	31,13	1,0	198	99
5,4	47,58	0,0	34,20	111	99
25,25	612,878	44,14	917,386	198	99
210,259	1,0	175,95	0,0	104	99
1,1	219,303	0,1	246,112	115	99
4,7	94,151	8,0	134,60	129	99
12,37	5,8	23,9	1,0	121	99
8,9	40,36	4,1	18,17	109	99
81,94	5,2	67,20	2,0	174	99
669,963	27,36	873,401	75,28	105	99
13,46	5,5	13,6	0,0	104	99
1,19	0,2	1,1	1,0	104	99
6,25	7,15	0,4	3,1	104	99
27,23	1,0	26,3	6,2	117	99
42,51	2,0	39,20	2,0	189	99
46,40	16,19	45,18	10,4	114	99
3,9	0,1	6,1	0,0	104	99
37,48	17,16	32,12	7,5	119	99
9,13	22,15	4,2	32,20	102	99
7,15	36,41	21,10	32,14	114	99
10,18	599,795	9,9	619,265	132	99
837,848	0,5	1029,415	0,1	198	99
1324,1918	1,0	1537,904	0,0	198	99
37,76	2,1	66,22	5,1	148	99
31,39	1,5	62,30	4,0	198	99
41,52	501,630	19,22	459,197	198	99
14,21	0,3	53,25	6,1	128	99
10,11	0,3	29,25	6,1	198	99
4,11	8,15	19,20	38,12	198	99
6,14	431,662	10,4	417,209	198	99
8,16	109,173	12,24	50,43	102	99
29,61	176,287	26,5	97,82	102	99
110,137	64,69	121,61	49,30	115	99
7,19	125,183	7,4	123,68	152	99
8,12	483,596	15,13	651,180	198	99
18,38	0,0	30,19	2,0	104	99
483,751	276,444	527,267	354,185	104	99
1,6	12,8	2,0	7,2	105	99
5,3	1,0	4,0	0,0	198	99
27,19	100,139	65,29	112,43	102	99
477,618	23,65	500,216	36,10	104	99
409,691	22,24	505,300	20,9	105	99
75,112	0,4	77,36	2,0	105	99
69,123	12,27	89,39	21,14	103	99
89,136	2,3	94,28	1,0	123	99
6,14	175,220	7,0	226,97	102	99
26,43	15,41	34,23	26,13	198	99
165,253	18,41	176,69	10,10	183	99
508,726	35,35	422,239	14,11	198	99
11,15	94,127	14,0	149,54	198	99
68,112	194,164	149,42	259,94	103	99
3,1	659,806	0,0	551,229	198	99
123,160	0,2	117,53	4,0	109	99
79,99	4,7	66,26	3,3	146	99
53,66	1,3	56,31	0,2	111	99
3,11	136,219	4,6	119,64	102	99
172,312	33,41	227,112	17,7	119	99
185,219	0,1	157,89	0,0	108	99
161,304	7,4	204,101	1,5	105	99
13,17	6,13	31,15	6,3	168	99
43,49	96,172	43,18	114,65	115	99
1033,1417	0,0	1326,593	3,0	101	99
1543,2353	64,55	1813,942	70,38	102	99
69,58	0,0	174,109	0,2	124	99
75,68	0,0	197,80	2,0	123	99
103,179	48,55	145,56	64,29	102	99
1,8	14,36	5,0	11,18	144	99
198,244	99,138	318,163	54,27	102	99
18,45	18,34	16,6	8,4	103	99
70,62	5,7	103,55	12,6	103	99
73,69	1,0	70,20	0,0	125	99
348,453	50,90	386,215	70,21	120	99
34,24	3,4	28,14	1,0	189	99
12,11	2,4	13,0	2,0	198	99
17,22	2,4	13,1	2,0	198	99
12,30	2,0	9,8	3,0	151	99
43,28	48,83	53,29	73,27	198	99
11,19	191,200	9,2	254,77	120	99
10,20	448,667	16,7	645,301	198	99
0,0	5,1	2,0	3,1	127	99
0,1	9,3	3,1	7,2	109	99
2,9	0,1	2,4	3,0	102	99
4,7	2,0	5,0	0,0	114	99
29,48	200,351	45,18	195,93	102	99
237,358	8,7	201,81	5,1	136	99
10,12	208,296	5,12	295,164	117	99
62,95	1255,2210	66,19	1164,589	198	99
32,70	16,36	52,25	42,14	132	99
58,61	2,0	64,25	1,3	102	99
154,209	13,12	155,81	9,7	102	99
14,25	11,13	33,12	14,0	171	99
24,29	0,4	24,9	1,0	162	99
24,44	65,65	22,10	61,16	134	99
23,36	0,1	35,12	3,0	123	99
33,51	3,4	43,13	9,9	134	99
10,16	3,4	11,1	9,9	110	99
1,3	1,2	1,0	0,2	112	99
20,20	33,35	17,14	38,12	198	99
19,21	74,91	25,15	68,25	198	99
42,42	74,91	50,15	68,25	198	99
9,5	51,87	4,1	69,40	102	99
21,25	46,65	12,13	48,30	114	99
8,12	186,283	20,8	180,57	127	99
120,120	0,1	200,45	3,0	114	99
22,21	146,204	37,18	149,113	102	99
0,6	152,190	1,0	207,97	102	99
20,20	0,2	22,12	1,0	198	99
147,177	13,28	153,97	18,12	140	99
126,203	11,4	126,97	15,6	166	99
393,519	182,210	318,203	145,81	150	99
336,393	238,324	277,160	271,124	198	99
416,495	4,2	406,219	3,3	198	99
95,139	41,42	89,55	26,14	198	99
14,11	291,391	4,4	341,148	198	99
67,68	67,55	24,19	61,41	102	99
0,1	74,124	1,0	64,39	116	99
6,1	0,4	4,2	0,0	198	99
20,32	2,10	14,6	2,0	160	99
3,0	70,116	2,1	118,38	102	99
9,3	2,6	6,1	2,0	103	99
16,15	19,13	16,10	13,1	103	99
109,100	154,199	94,49	219,71	118	99
15,15	2231,2913	13,8	3156,1757	145	99
61,75	3,0	92,18	0,0	198	99
414,510	2,1	496,193	0,0	104	99
66,119	1,0	63,27	0,0	111	99
248,422	147,233	250,152	119,65	116	99
28,60	193,218	73,21	238,94	102	99
9,3	218,294	8,6	211,104	119	99
3,1	1,2	0,0	3,0	132	99
240,270	0,0	227,108	1,0	103	99
162,202	27,21	108,54	20,9	105	99
107,151	33,78	89,66	37,14	117	99
29,43	3,14	29,19	9,6	128	99
38,47	32,59	57,25	39,23	121	99
78,74	10,11	56,16	12,10	112	99
103,116	1,7	134,67	1,3	105	99
5,7	0,1	2,3	0,1	103	99
63,79	0,6	35,39	10,6	103	99
84,131	130,190	84,49	150,46	102	99
7,4	329,506	4,3	299,171	135	99
35,44	687,865	21,8	571,318	102	99
4,6	74,113	7,3	82,49	106	99
713,990	123,167	1015,431	131,79	106	99
1096,1401	0,2	1792,791	0,0	120	99
77,67	1,0	56,22	1,0	198	99
15,32	0,0	18,12	0,1	131	99
55,53	29,59	40,18	47,31	114	99
11,16	361,388	7,8	248,131	198	99
27,44	17,20	33,31	5,7	108	99
0,1	0,0	1,1	1,0	103	99
2,16	134,156	6,7	142,90	102	99
1,5	2,7	0,3	9,3	126	99
0,8	0,2	1,0	0,0	106	99
1,0	1,0	0,2	0,0	104	99
161,180	0,2	166,65	2,0	123	99
233,240	17,35	230,97	17,11	110	99
2,5	110,181	2,3	157,42	108	99
19,37	27,41	4,14	48,9	120	99
3,2	30,45	2,0	26,6	126	99
27,45	234,340	21,11	255,151	104	99
10,19	51,103	42,20	59,16	103	99
25,36	140,143	40,17	176,62	146	99
124,120	12,10	127,56	10,2	164	99
372,317	14,6	413,121	14,5	105	99
4,1	169,228	1,0	127,85	126	99
114,168	3,1	165,66	1,1	198	99
185,282	90,122	192,78	87,37	126	99
204,207	2,0	194,91	3,5	198	99
58,58	0,0	73,22	3,2	121	99
1,2	27,32	0,1	32,20	128	99
527,717	29,28	815,501	18,20	191	99
58,56	118,207	73,73	124,28	126	99
341,417	7,21	282,161	13,4	102	99
12,4	14,19	1,4	4,1	109	99
19,20	1,1	33,10	0,0	104	99
1,0	18,18	0,0	13,16	112	99
7,12	132,185	13,6	173,81	122	99
365,470	2,5	415,202	2,4	179	99
6,5	155,210	6,3	197,94	126	99
11,6	212,249	8,4	306,151	198	99
253,339	4,12	203,118	0,4	111	99
13,9	23,23	3,7	8,1	104	99
2,0	45,55	2,1	113,39	198	99
95,110	12,13	144,49	10,7	198	99
6,5	22,26	6,1	15,2	102	99
5,8	19,24	1,3	35,10	135	99
103,199	82,117	75,62	85,56	119	99
418,485	27,23	540,219	35,13	147	99
9,2	181,213	11,4	211,72	198	99
4,8	0,1	1,2	1,0	198	99
189,253	11,6	223,108	14,12	146	99
530,693	1,3	694,397	1,2	114	99
0,1	216,305	0,4	186,109	198	99
420,731	314,481	561,263	192,97	102	99
49,71	9,7	63,33	10,9	104	99
42,51	2,9	27,11	6,4	165	99
51,62	24,35	35,12	20,9	188	99
11,20	24,35	14,5	20,9	122	99
5,4	77,80	5,1	33,25	198	99
84,155	613,806	71,18	486,214	120	99
135,180	6,23	172,118	19,5	198	99
10,18	2,1	8,3	0,0	114	99
266,389	80,170	249,147	128,70	108	99
99,174	80,170	137,68	128,70	111	99
77,143	244,358	123,54	235,133	102	99
2214,3100	1,9	2852,1403	1,2	101	99
247,265	218,248	313,117	245,80	110	99
0,0	0,2	1,0	0,0	111	99
0,1	9,10	1,1	0,6	133	99
0,3	9,10	0,1	0,6	121	99
81,103	50,27	62,31	39,13	198	99
17,15	198,301	19,11	242,128	198	99
2,9	70,137	7,1	74,47	160	99
0,1	42,52	1,0	45,20	120	99
774,1296	189,278	1714,817	305,117	121	99
407,459	1,9	435,218	6,4	198	99
74,80	0,2	48,19	0,0	121	99
19,33	236,275	10,11	320,132	183	99
21,24	3,4	12,5	0,0	101	99
128,116	205,221	99,28	247,86	102	99
27,42	120,128	23,12	152,66	181	99
142,137	142,211	98,55	179,88	106	99
198,263	0,1	186,82	0,0	129	99
493,639	9,1	634,318	7,2	198	99
4,2	6,1	7,5	6,4	105	99
4,5	130,133	6,4	108,39	114	99
85,113	49,65	51,36	50,31	112	99
1060,1656	16,58	1155,595	61,24	168	99
24,27	58,77	2,6	28,5	111	99
3,15	2,3	6,7	1,0	112	99
95,109	2,0	97,41	0,0	156	99
3,0	5,16	0,0	3,1	102	99
86,115	79,82	85,32	86,41	119	99
18,39	51,86	6,12	49,23	102	99
1,0	2,2	2,1	4,1	104	99
12,17	17,12	6,4	6,1	104	99
787,1047	9,28	1049,382	29,8	105	99
7,10	3,12	9,6	3,2	114	99
29,15	1,0	12,9	0,0	198	99
49,93	11,20	62,22	18,2	115	99
16,19	0,1	10,4	0,1	115	99
22,27	0,2	10,8	0,0	115	99
129,162	0,3	75,40	0,0	198	99
91,96	27,11	74,38	7,2	110	99
587,665	1,0	828,332	0,0	101	99
17,23	175,295	37,17	182,79	102	99
4,5	3,2	2,0	0,0	102	99
6,3	16,16	8,0	13,5	102	99
22,13	0,0	36,6	2,2	146	99
38,51	24,33	32,32	33,4	198	99
2,0	6,9	2,0	0,0	102	99
7,3	0,5	1,4	14,6	102	99
79,87	75,114	63,32	68,28	131	99
4,11	5,2	12,1	14,0	114	99
77,130	0,2	130,70	0,0	116	99
26,45	133,249	71,22	119,54	120	99
3,8	1,0	1,2	3,0	102	99
3,4	3,2	9,6	8,4	101	99
19,40	47,69	15,3	13,11	114	99
35,73	38,55	79,21	48,17	108	99
28,46	64,71	34,13	103,24	102	99
3,9	0,16	7,4	0,0	151	99
41,39	305,299	82,17	359,96	198	99
26,66	332,393	48,24	453,160	198	99
1,1	100,102	0,0	83,27	120	99
404,567	3,8	432,213	2,3	106	99
29,10	1,3	21,6	0,0	109	99
9,17	1,0	3,1	0,0	127	99
1,11	3,1	4,1	1,1	127	99
0,0	9,20	0,1	8,5	108	99
0,4	22,34	4,1	29,5	102	99
15,40	7,11	26,26	7,1	120	99
43,59	0,0	30,13	1,0	105	99
12,39	1,1	13,6	0,1	183	99
8,4	238,297	5,5	219,109	198	99
23,13	3,10	19,2	2,1	170	99
17,29	351,519	25,16	323,155	198	99
14,18	44,62	11,6	38,24	102	99
1,0	1,0	3,1	5,0	110	99
25,49	23,30	56,24	40,12	198	99
38,56	25,25	59,14	21,8	198	99
34,57	15,10	21,13	7,7	159	99
10,12	35,68	9,2	37,32	112	99
4,1	74,88	1,0	121,70	123	99
38,55	26,42	29,11	19,11	198	99
173,277	0,1	107,61	0,0	141	99
1600,1901	39,59	1940,716	74,32	102	99
24,24	11,6	13,4	10,4	105	99
181,256	0,1	316,104	0,1	143	99
13,16	231,332	3,11	178,120	113	99
1,4	17,21	1,1	26,9	147	99
0,2	28,34	3,0	23,7	111	99
66,97	6,19	36,48	9,11	129	99
1,0	0,0	1,0	1,0	162	99
3,1	0,0	0,2	1,0	198	99
5,3	0,0	0,2	1,0	189	99
112,178	204,306	119,56	243,120	119	99
8,9	234,236	15,4	203,77	103	99
5,7	216,276	15,1	259,111	122	99
7,27	17,13	6,5	15,11	162	99
0,3	0,2	0,0	3,0	120	99
0,0	1,0	2,0	0,0	113	99
157,158	13,27	169,66	15,5	110	99
128,178	14,21	108,62	13,3	110	99
387,544	0,0	532,249	1,0	132	99
31,52	125,189	41,28	190,75	102	99
482,552	8,7	614,222	12,12	102	99
50,73	1,4	22,22	1,3	129	99
5,8	45,36	1,1	21,21	119	99
25,40	167,235	35,24	208,88	119	99
49,61	167,235	86,53	208,88	198	99
43,46	15,20	75,38	15,6	198	99
25,37	28,21	19,15	28,7	102	99
14,31	28,21	10,9	28,7	108	99
9,17	20,23	3,5	12,11	105	99
194,229	0,1	243,79	0,0	108	99
19,25	2,0	25,8	0,0	106	99
15,8	14,19	4,2	14,11	132	99
4,9	42,55	5,7	76,42	123	99
0,1	1,2	0,0	0,1	110	99
137,191	3,10	149,50	2,4	164	99
78,88	0,2	64,23	1,0	164	99
150,200	0,2	143,69	1,0	198	99
77,124	0,1	91,52	1,0	198	99
8,7	258,310	6,1	430,204	129	99
4,0	220,287	1,1	233,98	168	99
248,349	0,6	308,98	1,1	102	99
354,471	0,1	505,170	0,0	198	99
20,15	394,498	22,5	564,171	198	99
59,69	1,0	41,36	1,2	198	99
2,12	3,5	9,5	0,0	122	99
153,227	5,1	80,47	0,0	126	99
19,37	61,99	20,20	46,33	198	99
6,22	13,16	9,11	15,7	198	99
622,756	112,114	662,368	84,48	111	99
10,4	154,209	5,3	188,67	198	99
389,514	47,60	390,207	41,50	116	99
135,195	24,49	149,113	40,15	135	99
476,649	24,49	498,270	40,15	152	99
17,22	157,166	30,16	248,118	105	99
1,2	17,27	4,0	21,7	198	99
55,73	18,22	45,24	7,1	123	99
84,96	257,263	43,18	215,77	108	99
280,423	3,1	276,176	5,5	105	99
9,12	136,175	17,5	135,87	117	99
188,226	11,32	200,86	15,1	105	99
468,614	320,351	376,199	308,146	198	99
370,417	100,126	346,129	76,29	111	99
34,60	32,52	32,10	25,14	105	99
100,216	1,0	76,42	0,2	118	99
155,210	42,70	215,70	78,23	166	99
7,8	18,19	8,6	16,6	102	99
18,12	3,3	4,2	1,0	113	99
1605,1996	326,408	2134,932	417,191	102	99
9,14	139,194	14,9	211,97	198	99
533,703	2,0	615,258	5,1	103	99
0,0	44,67	0,1	41,20	117	99
79,116	2,0	111,76	2,1	198	99
3,3	33,28	0,3	13,13	198	99
16,34	5,11	56,44	13,14	198	99
2,3	4471,4553	0,1	1927,861	126	99
102,105	8,4	77,23	12,1	102	99
8,17	10,16	8,7	14,10	120	99
1399,1591	195,246	1378,370	362,126	102	99
214,317	0,0	241,105	2,0	108	99
164,251	0,2	190,65	0,0	198	99
357,423	0,0	427,169	0,1	198	99
361,372	38,47	410,110	73,13	108	99
100,171	13,10	101,57	8,5	136	99
11,11	2,9	21,5	7,0	108	99
32,48	2,6	54,33	4,1	110	99
2,4	46,21	4,0	20,12	126	99
343,567	13,13	537,225	17,1	102	99
5,4	79,92	5,4	86,33	110	99
2,1	3,0	4,0	0,0	111	99
86,186	10,30	111,58	14,8	104	99
3,3	7,14	2,0	17,6	116	99
43,61	117,120	72,50	173,95	105	99
809,1209	62,93	963,442	51,35	114	99
33,47	21,29	29,7	29,22	102	99
9,5	11,28	6,3	6,3	150	99
0,7	337,447	7,1	331,158	198	99
84,82	4,1	76,45	3,4	111	99
2,1	0,2	1,0	0,0	143	99
2,4	0,2	5,3	2,1	107	99
0,4	85,105	2,0	82,37	198	99
767,1041	0,0	782,309	0,1	116	99
30,36	0,3	39,13	9,0	162	99
14,20	102,157	19,7	119,50	102	99
122,264	1,8	139,85	9,3	105	99
2268,3202	5,6	4227,1601	6,8	126	99
92,136	2,1	231,89	0,4	103	99
479,624	62,76	599,228	65,29	105	99
18,30	30,39	24,5	38,11	198	99
4,3	24,31	2,1	9,4	108	99
128,204	1,2	205,108	2,0	198	99
0,5	0,5	1,2	4,3	105	99
5,7	122,172	2,7	126,68	198	99
13237,18724	4,7	15451,7714	5,2	102	99
13878,19636	1,3	16266,8034	1,5	106	99
645,919	1,3	820,322	1,5	103	99
4,1	25,39	0,1	19,10	117	99
15,19	383,428	9,4	249,130	115	99
1,3	2,4	0,0	0,2	107	99
5,8	2,4	10,4	0,2	198	99
6,8	0,3	10,4	0,0	198	99
174,270	44,42	140,61	24,5	110	99
315,358	7,16	281,118	11,4	158	99
23,19	3,6	10,4	2,2	126	99
2,2	60,69	0,4	100,39	198	99
3,0	3,1	2,1	6,0	198	99
1923,2639	0,1	2311,794	1,0	103	99
0,2	9,3	1,2	2,1	112	99
608,570	1,5	658,177	3,0	108	99
12,29	18,26	6,7	19,4	102	99
658,676	5,1	697,323	2,1	108	99
4,3	38,54	2,1	35,12	106	99
90,105	2,1	60,31	3,1	154	99
1,4	20,15	0,1	23,12	165	99
1,2	86,78	4,1	163,57	122	99
41,66	9,22	42,11	19,9	182	99
14,15	1641,2141	11,2	2100,832	198	99
305,414	2,2	312,177	2,0	135	99
172,151	0,1	157,73	0,0	198	99
3,1	21,32	0,1	20,14	131	99
28,42	109,132	55,16	167,99	114	99
2,2	166,236	1,0	69,44	120	99
585,909	14,22	828,382	24,5	108	99
33,62	31,30	38,18	43,11	155	99
615,794	0,0	722,345	1,0	198	99
38,44	7,19	51,15	17,6	114	99
132,103	21,22	120,40	23,11	101	99
296,467	106,150	334,181	152,82	198	99
82,189	29,21	138,53	11,5	198	99
47,65	73,90	59,50	65,45	102	99
3,11	0,2	4,8	3,1	104	99
84,112	0,1	78,53	0,0	105	99
66,95	249,378	108,62	283,129	102	99
2,2	2,0	7,1	1,0	198	99
31,52	4,3	34,13	3,5	119	99
58,60	4,13	32,31	5,3	115	99
19,23	103,163	5,8	38,33	102	99
422,595	52,66	347,170	42,20	141	99
124,145	2,14	145,64	3,3	142	99
807,1184	0,0	768,301	0,2	103	99
43,71	2717,3836	55,25	3510,1717	198	99
0,3	107,183	0,0	141,54	135	99
2,8	21,54	5,2	26,6	134	99
10,3	184,169	30,6	358,154	118	99
19,39	28,16	21,2	19,6	102	99
294,328	1,0	277,182	0,0	198	99
33,57	133,183	41,20	162,125	115	99
32,54	480,735	34,14	658,341	118	99
14,13	3,5	11,11	4,3	111	99
19,27	2,1	13,5	0,3	111	99
2,14	3,4	13,7	1,1	120	99
57,91	3,4	77,40	1,1	141	99
125,174	90,109	128,55	128,41	111	99
132,207	133,183	120,59	214,76	102	99
10,4	249,273	10,6	332,94	129	99
40,53	2,5	97,36	13,2	113	99
11,10	566,727	2,3	438,179	116	99
47,70	5,12	36,30	4,1	117	99
32,15	183,234	46,25	391,162	198	99
55,62	1859,2524	44,19	2008,892	198	99
105,139	5,6	134,64	8,1	198	99
19,24	21,19	18,17	22,8	145	99
130,167	73,117	73,65	99,74	171	99
11,6	71,94	10,4	62,33	103	99
293,459	50,91	599,282	73,51	178	99
4,7	22,29	2,3	11,11	129	99
18,13	6,3	12,6	0,1	102	99
43,65	16,50	33,5	14,6	125	99
23,49	729,1027	18,11	805,347	102	99
65,53	13,14	45,22	7,9	104	99
1,7	7,22	1,3	14,10	112	99
7,5	253,362	3,0	312,125	147	99
50,84	6,13	50,43	2,0	198	99
39,55	33,34	25,18	29,13	105	99
7,16	55,50	12,7	37,20	102	99
194,297	218,359	222,105	306,153	198	99
197,210	73,119	111,53	63,24	102	99
227,297	244,331	123,62	288,121	105	99
45,46	21,25	41,25	24,9	121	99
2200,2475	5,11	2098,1038	12,5	143	99
322,419	0,1	304,136	5,0	189	99
201,235	1,0	198,85	1,0	189	99
150,230	5,9	147,54	1,0	114	99
1,5	21,35	7,1	29,6	110	99
0,0	0,6	1,2	0,1	102	99
4,5	1,13	7,2	0,1	113	99
47,50	4,1	68,29	0,2	117	99
236,317	2,0	366,153	0,0	198	99
8,27	10,1	9,9	8,1	198	99
18,25	429,633	20,12	608,228	198	99
28,26	429,633	28,13	608,228	198	99
1277,1418	6,4	1194,543	8,0	104	99
39,34	1370,1597	36,14	1454,523	102	99
4,10	221,394	6,0	312,104	102	99
12,21	17,18	15,5	18,13	102	99
4,1	5,6	7,0	3,4	198	99
11,11	363,443	18,12	317,146	198	99
411,505	3,1	332,155	1,2	198	99
11,17	26,24	3,5	30,18	102	99
8,18	3,2	8,3	1,0	102	99
8,12	6,8	1,1	6,2	130	99
74,96	1,14	67,32	1,2	115	99
222,251	5,8	199,92	9,3	198	99
14,7	25,40	12,15	107,35	107	99
2,0	32,46	1,0	22,12	120	99
54,61	3,1	42,26	2,1	198	99
111,123	13,16	68,31	6,8	104	99
70,41	265,252	49,21	235,133	127	99
517,677	0,2	463,204	0,0	198	99
23,32	107,188	19,11	133,72	120	99
256,355	24,23	234,112	21,4	104	99
355,431	1,0	549,315	0,0	198	99
1,2	61,113	1,0	40,34	138	99
155,179	27,64	270,133	42,27	102	99
15,13	79,105	6,7	77,37	102	99
134,177	8,19	117,56	11,2	102	99
135,154	0,0	168,61	2,0	104	99
4,20	118,90	7,4	135,58	198	99
9,55	3,2	38,12	1,0	105	99
0,1	4,8	1,0	12,14	108	99
699,1157	253,418	970,467	152,60	102	99
54,93	2,0	66,22	0,0	103	99
58,79	13,13	68,31	10,6	191	99
19,29	66,104	23,10	63,42	102	99
2,5	0,1	1,4	0,0	103	99
42,30	0,2	50,30	4,0	128	99
193,235	86,120	207,66	124,35	156	99
5,2	4,8	1,2	1,0	117	99
21,19	76,75	47,15	94,32	107	99
17,29	90,83	27,11	131,47	198	99
0,2	0,2	2,0	0,0	129	99
249,312	9,4	317,155	10,1	103	99
240,309	18,36	244,123	54,19	103	99
158,194	105,140	214,104	159,36	102	99
23,7	11,16	12,7	9,8	102	99
3,14	81,113	9,6	45,30	112	99
120,203	0,5	131,61	15,9	120	99
1,4	9,16	0,4	16,5	102	99
36,20	9,11	12,9	2,5	124	99
10,21	133,140	5,3	128,53	198	99
6,11	65,81	14,3	60,26	125	99
34,33	11,11	33,11	11,9	128	99
78,99	1,0	114,51	0,2	111	99
3,2	44,46	6,1	48,19	117	99
13,11	116,126	25,2	119,45	102	99
23,33	45,91	34,17	81,35	118	99
22,69	10,25	62,27	26,11	102	99
3,4	58,83	2,1	31,12	150	99
39,36	247,374	57,17	324,124	114	99
92,124	3,5	55,20	1,1	112	99
98,145	1,1	101,60	10,2	198	99
124,254	95,132	165,78	120,58	102	99
0,7	113,187	0,1	118,54	152	99
54,76	11,13	84,48	10,6	115	99
11,17	10,3	4,1	13,1	104	99
338,428	50,66	355,163	65,18	102	99
4,5	84,121	6,3	143,49	111	99
56,79	39,50	69,23	34,14	102	99
42,41	220,381	38,8	237,139	137	99
30,55	1,5	20,15	0,0	120	99
148,182	29,23	143,47	18,5	152	99
101,107	29,23	79,29	18,5	175	99
26,23	73,98	12,8	76,26	122	99
327,503	296,454	322,205	281,170	128	99
4,0	72,77	0,0	78,54	128	99
90,84	19,21	69,49	14,12	102	99
32,34	12,24	17,19	25,5	102	99
4,1	1,0	2,0	7,4	102	99
30,57	25,36	23,13	6,1	118	99
0,4	11,23	0,0	7,6	198	99
2,0	19,14	0,0	10,8	156	99
185,239	25,21	181,111	21,5	102	99
1,4	5,4	2,0	17,2	110	99
2,2	36,51	8,5	29,12	113	99
81,129	155,239	77,38	146,63	150	99
16,28	205,275	16,12	250,132	198	99
10,12	29,30	10,4	13,11	102	99
197,282	435,636	210,100	614,318	113	99
350,435	0,1	413,186	0,0	114	99
3,12	4,6	0,1	0,1	111	99
213,340	5,17	250,108	5,4	135	99
5,10	49,88	6,1	68,36	198	99
23,43	16,20	24,14	14,9	115	99
7,1	177,248	1,0	209,93	198	99
11,9	2,8	1,5	2,0	105	99
22,45	0,2	46,39	0,0	198	99
142,157	277,337	271,116	198,110	102	99
181,238	15,26	161,84	34,1	177	99
287,392	0,0	543,231	0,1	198	99
135,143	0,0	67,40	0,1	117	99
263,366	11,40	221,115	22,17	104	99
33,60	15,11	70,23	18,4	107	99
18,39	17,18	25,18	14,3	198	99
52,71	17,18	69,32	14,3	198	99
52,53	1,0	74,26	2,2	198	99
9,3	37,53	3,1	49,6	114	99
5,16	96,122	6,4	97,52	198	99
112,108	10,11	90,47	12,4	143	99
207,282	326,333	85,76	310,138	198	99
1,3	39,59	1,2	62,21	115	99
420,603	8,21	479,239	12,1	150	99
12,28	181,330	8,11	200,116	198	99
33,36	12,31	16,15	25,11	198	99
161,248	2,2	164,96	0,0	198	99
199,304	81,100	201,117	87,50	198	99
202,338	12,31	208,121	25,11	103	99
334,554	2,2	358,204	0,0	156	99
373,614	81,100	395,225	87,50	171	99
144,247	2,2	175,94	0,0	152	99
183,307	81,100	212,115	87,50	167	99
42,62	81,100	37,21	87,50	114	99
269,313	7,8	343,105	12,7	116	99
1069,1524	0,0	1189,483	1,0	103	99
2,4	14,20	6,0	9,4	125	99
28,34	208,263	28,18	289,116	128	99
8,10	3,0	20,5	1,2	119	99
0,2	58,63	4,0	55,21	114	99
154,284	0,4	178,94	0,1	198	99
2861,3837	3,5	2567,1106	7,2	133	99
2189,2934	0,1	1855,889	0,0	161	99
688,1021	8,22	701,330	16,4	102	99
1,4	8,13	1,1	24,8	198	99
199,317	128,143	186,108	167,74	105	99
64,99	99,161	102,29	99,49	102	99
103,112	0,1	106,39	0,0	105	99
180,220	0,1	182,54	0,0	198	99
1,1	14,23	2,1	26,10	126	99
1,0	4,10	3,1	3,3	126	99
24,35	6,7	38,17	7,5	198	99
257,416	2,0	267,127	0,0	198	99
18,14	530,827	7,6	565,238	132	99
1,2	24,43	0,0	41,26	137	99
1,4	4,1	0,0	1,0	125	99
30,43	4,7	21,12	0,0	198	99
8,21	715,1032	3,7	614,258	198	99
113,212	35,37	134,66	38,15	111	99
22,16	2,10	5,2	2,4	117	99
0,0	890,1138	1,0	1301,510	141	99
80,127	135,175	82,38	169,81	102	99
17,22	160,206	15,9	210,107	198	99
199,351	144,283	130,112	197,82	198	99
344,450	11,21	380,140	13,3	129	99
107,115	4,14	38,34	10,5	119	99
1,5	251,367	1,0	293,125	198	99
124,151	0,0	128,64	0,1	198	99
91,97	0,0	46,39	0,1	198	99
146,139	153,169	213,92	103,34	102	99
2,7	4,4	7,3	13,4	166	99
3,2	1,6	1,1	0,1	112	99
15,10	49,62	3,4	42,22	198	99
50,90	4,5	45,28	0,1	156	99
282,323	0,1	288,123	1,0	129	99
130,156	0,4	118,52	2,0	103	99
27,60	1,1	20,13	0,1	105	99
67,75	21,18	54,28	37,17	102	99
61,86	148,177	52,15	169,65	111	99
6,6	15,19	7,0	12,9	127	99
8,5	1,0	9,3	0,0	123	99
75,107	0,0	73,33	1,0	113	99
3,7	110,247	6,5	209,83	114	99
55,78	64,91	51,33	75,38	113	99
349,544	0,0	272,231	2,0	155	99
221,234	50,44	171,86	60,14	117	99
113,148	135,189	70,25	203,65	102	99
465,616	1,0	530,302	0,0	198	99
4,3	15,40	7,3	13,15	110	99
3,4	9,14	0,1	1,0	110	99
19,11	13,11	20,6	6,5	179	99
9,4	25,30	9,9	38,11	198	99
420,526	14,19	615,273	23,10	198	99
278,394	28,63	170,96	19,11	132	99
33,27	0,1	31,17	0,0	107	99
41,69	23,11	105,68	28,11	198	99
17,23	23,11	32,28	28,11	198	99
22,21	38,63	35,33	104,67	126	99
20,23	1,4	6,5	4,3	103	99
58,103	26,44	83,34	29,10	134	99
169,247	5,16	194,89	10,2	102	99
233,317	0,5	280,107	4,2	180	99
432,397	1,0	408,150	0,0	198	99
47,95	10,17	57,26	4,5	116	99
18,27	13,21	8,20	8,2	114	99
1,1	4,6	0,1	6,2	172	99
30,43	7,6	29,14	1,0	111	99
21,21	31,33	62,25	48,18	121	99
2,5	11,5	1,1	9,3	118	99
85,141	0,1	75,34	0,0	123	99
103,142	1,5	99,40	0,0	198	99
6,6	0,1	11,6	0,0	135	99
14,32	123,129	17,16	114,64	198	99
8,13	178,292	8,1	243,133	198	99
68,94	256,427	152,57	305,102	121	99
141,244	0,1	104,79	0,0	114	99
176,253	1,1	139,68	0,0	198	99
32,51	148,178	31,17	162,63	102	99
87,137	53,84	137,61	60,31	102	99
444,527	0,0	500,226	1,0	103	99
0,1	15,31	2,2	13,4	165	99
48,53	1,0	40,19	1,0	198	99
405,470	1,0	404,171	1,0	198	99
391,447	2,0	387,165	0,1	198	99
5,3	6,10	3,1	2,1	104	99
17,20	8,11	13,6	11,4	104	99
49,50	2,1	21,10	0,0	128	99
2,2	1,8	2,0	4,1	102	99
1,0	0,0	3,0	1,0	163	99
1070,1537	16,30	1209,615	19,15	198	99
183,220	68,119	145,107	49,23	102	99
101,133	0,1	68,47	0,0	101	99
214,274	1,4	234,97	1,0	141	99
7,2	174,244	5,1	202,89	123	99
94,98	155,209	84,57	185,91	102	99
5,5	83,90	3,2	83,37	104	99
0,4	25,32	18,3	18,7	112	99
9,7	78,88	10,1	57,29	136	99
1,1	55,85	0,2	16,32	102	99
22,48	1,6	18,18	0,0	198	99
22,45	10,11	18,20	8,3	198	99
0,5	261,341	4,2	290,126	198	99
252,335	11,22	253,102	14,5	102	99
6,10	0,1	15,0	0,0	198	99
6,12	45,55	4,1	45,23	108	99
43,101	0,4	77,42	1,0	144	99
8,18	66,86	17,15	47,27	198	99
285,359	0,0	352,215	0,1	198	99
19,36	5,7	32,14	8,2	128	99
22,56	5,3	45,22	0,1	145	99
8,27	5,3	21,10	0,1	116	99
726,1064	196,348	901,443	314,145	105	99
29,22	2,7	17,9	0,0	102	99
10,17	2,1	8,11	0,1	174	99
0,4	7,11	0,0	2,3	135	99
24,24	0,2	17,2	0,0	198	99
196,212	8,3	157,73	0,1	105	99
26,24	227,377	15,16	199,95	104	99
4,5	4,0	7,1	5,0	106	99
1501,1951	2,9	1406,748	1,2	108	99
83,51	5,8	81,65	0,2	116	99
8,6	18,17	3,3	9,6	198	99
9,17	23,26	14,10	47,22	198	99
16,13	258,352	13,3	216,107	198	99
32,40	6,13	20,15	7,3	198	99
124,141	20,30	91,54	13,9	198	99
44,55	86,123	49,18	99,58	102	99
449,774	1,6	361,171	3,0	198	99
1,6	1,0	4,3	2,0	102	99
11,9	9,12	11,2	2,1	102	99
406,606	1,7	402,245	3,1	102	99
36,37	41,70	28,15	37,29	115	99
25,33	437,698	3,9	429,218	198	99
7,5	50,75	8,4	55,28	126	99
9,16	175,244	20,2	169,65	104	99
73,91	5,6	103,35	8,3	125	99
63,90	0,1	56,12	0,0	104	99
7,10	457,624	0,1	583,240	198	99
31,60	11,13	36,27	5,6	133	99
60,107	164,240	80,49	163,80	113	99
11,23	0,0	13,2	1,0	115	99
86,117	0,0	142,68	5,2	198	99
18,9	142,145	12,8	81,33	198	99
89,139	1,4	106,33	6,0	103	99
288,402	4,15	431,213	5,2	198	99
474,635	2,5	588,257	1,1	198	99
21,44	6,9	16,21	7,1	102	99
38,80	159,222	107,29	252,94	110	99
3,16	78,106	1,0	92,50	102	99
134,155	81,107	79,32	70,24	198	99
6,6	301,460	11,6	263,109	117	99
17,21	152,203	16,11	147,94	135	99
16,14	75,99	11,4	57,18	135	99
20,23	139,169	10,9	104,67	129	99
16,15	58,126	4,0	40,30	116	99
51,71	29,56	46,41	41,16	114	99
113,155	816,938	91,45	684,341	102	99
9,1	46,48	5,2	37,13	110	99
15,18	29,36	15,9	38,10	120	99
41,28	1124,1411	28,14	1365,623	198	99
361,472	32,46	514,196	57,37	105	99
379,513	24,44	531,210	57,21	143	99
200,308	1,4	205,107	1,0	198	99
20,17	28,37	19,9	27,5	102	99
9,17	34,44	3,0	19,17	198	99
162,210	1,0	170,76	1,0	150	99
13,19	58,102	10,7	70,45	198	99
2,1	49,54	0,0	20,15	102	99
137,204	0,0	237,123	1,0	183	99
205,239	4,0	221,154	0,0	198	99
1786,2190	0,5	1992,975	0,0	198	99
17,19	432,667	26,7	525,252	198	99
24,32	39,68	22,15	50,22	115	99
23,9	2,0	9,3	0,0	128	99
15,26	46,57	12,8	37,21	102	99
110,121	6,4	84,47	3,6	131	99
184,226	0,1	189,124	1,2	120	99
16,12	4,0	8,4	1,1	116	99
46,44	22,42	46,16	26,15	113	99
4,15	35,57	5,4	31,19	143	99
1,5	49,71	3,2	60,18	121	99
12,7	21,19	7,3	19,1	116	99
1,4	27,25	1,0	39,14	126	99
9,5	27,25	10,4	39,14	104	99
202,284	4,2	167,101	4,2	198	99
101,156	3,2	98,45	2,0	108	99
2841,2356	2,6	1779,510	4,0	198	99
3682,3086	1,0	2133,638	0,0	198	99
4162,3424	0,0	2434,709	1,0	198	99
215,162	1,1	148,28	0,0	120	99
1177,1026	1,0	623,188	0,0	129	99
1692,1395	0,0	948,263	1,0	138	99
516,369	0,0	325,75	1,0	108	99
738,576	65,53	517,136	27,14	120	99
1179,1020	2,0	620,188	0,0	129	99
2466,2046	0,0	1371,429	1,1	162	99
1290,1027	0,0	753,241	1,1	132	99
1729,1422	37,41	963,269	22,10	138	99
1178,1022	203,210	625,188	104,37	129	99
1693,1391	1,0	950,263	0,0	138	99
718,579	1,0	429,112	0,0	108	99
26,53	10,10	37,23	7,2	198	99
8,8	21,13	8,5	3,12	123	99
9,5	94,99	7,1	48,18	108	99
1166,1555	0,0	1589,626	1,0	102	99
4,1	1,4	0,6	1,8	130	99
0,0	190,224	4,0	126,90	123	99
44,105	7,27	65,24	22,13	105	99
4,11	88,129	12,8	97,46	102	99
163,174	3,0	128,56	4,5	103	99
6,8	126,160	5,1	137,67	183	99
2,2	12,6	2,0	7,1	164	99
3,0	12,17	3,3	9,0	198	99
17,13	73,95	16,23	57,26	102	99
88,125	0,2	88,49	0,0	114	99
16,14	17,16	1,5	15,10	111	99
253,212	1,0	284,92	0,0	108	99
44,45	1,1	29,20	3,0	104	99
16,23	17,21	16,5	18,7	104	99
213,311	1,0	265,63	1,0	106	99
7,3	148,202	1,1	141,51	119	99
26,16	1,0	31,8	0,0	165	99
