IJC_SAMPLE_1	SJC_SAMPLE_1	IJC_SAMPLE_2	SJC_SAMPLE_2	IncFormLen	SkipFormLen
3527,3050	5,10	1616,1065	6,2	238	149
359,315	0,1	222,138	2,0	346	149
207,123	1,0	86,39	1,0	190	149
169,158	0,1	65,49	2,0	238	149
817,707	2,0	500,272	2,1	229	149
781,710	2,0	444,304	0,1	230	149
120,117	0,1	45,32	0,0	281	149
3,4	66,57	0,0	25,17	170	149
1667,1596	0,2	564,383	0,0	213	149
230,233	148,138	60,34	102,64	207	149
116,89	2,0	72,45	0,0	243	149
1372,1013	6,3	684,317	7,1	269	149
918,787	0,1	411,254	0,0	228	149
29,8	8,2	9,10	8,3	279	149
2552,2434	0,0	1049,816	2,0	3005	149
586,510	5,2	266,178	2,1	262	149
217,158	0,0	85,30	1,0	183	149
390,339	0,1	152,117	1,2	297	149
259,202	0,0	190,97	1,1	288	149
0,0	4,6	2,0	1,0	279	149
312,288	5,2	162,94	2,1	219	149
553,452	1,6	222,150	0,0	252	149
124,88	8,1	35,21	0,2	202	149
119,100	8,1	33,33	0,2	205	149
40,17	6,3	1,2	2,0	211	149
29,13	6,0	5,1	1,0	191	149
8,6	1,0	4,3	0,1	413	149
6,8	1,0	2,4	0,1	197	149
437,371	1,0	235,130	0,0	190	149
504,474	4,0	260,199	1,0	294	149
898,810	4,2	511,295	0,3	204	149
828,714	5,2	513,281	0,0	195	149
336,317	0,0	220,132	4,1	196	149
364,332	0,1	237,136	0,0	217	149
205,244	2,0	115,80	1,1	238	149
7569,6018	3,0	3330,2114	1,0	192	149
2,2	115,87	3,2	47,36	178	149
15,9	115,87	15,8	47,36	182	149
581,550	9,4	217,143	0,1	217	149
301,342	9,4	113,94	0,1	223	149
4574,2861	2,0	2466,1174	0,0	783	149
1639,1353	1,0	1063,632	0,0	219	149
680,528	0,1	356,175	0,0	220	149
200,120	0,0	92,38	0,1	224	149
345,266	0,0	79,53	2,0	266	149
1572,1655	2,0	832,478	0,0	237	149
420,422	1,0	300,179	0,0	225	149
1209,931	5,1	676,292	1,0	167	149
8813,9598	38,44	3496,2825	13,11	216	149
20,12	684,415	8,0	241,113	295	149
349,310	0,0	221,116	3,0	260	149
11,14	1,0	14,3	0,0	196	149
16,16	3244,3002	7,2	1299,835	214	149
772,549	2,1	381,208	0,0	247	149
288,217	2,1	142,95	0,0	286	149
1519,1292	1,0	1006,613	0,0	281	149
448,278	2,0	285,166	0,0	235	149
953,860	1,0	588,396	0,0	181	149
248,244	60,64	100,78	45,35	492	149
64,56	235,186	34,33	82,66	207	149
65,64	235,186	32,25	82,66	210	149
1989,1789	1,0	1249,743	0,0	308	149
1640,1108	0,1	1003,486	0,0	224	149
117,90	2,0	59,31	0,0	300	149
560,469	1,0	291,202	3,0	245	149
344,243	0,2	152,78	0,0	222	149
24,16	4,12	2,4	5,2	299	149
21,10	0,1	4,2	1,0	299	149
112,75	2,1	52,37	4,0	219	149
3810,4305	0,1	2975,2023	0,0	258	149
24,29	0,2	17,9	0,0	283	149
50,51	0,2	38,15	0,0	262	149
63,76	2,6	41,24	0,1	262	149
16,11	2,6	2,2	0,1	219	149
51,48	49,67	28,14	31,23	219	149
1116,971	4,0	519,384	0,0	220	149
416,507	1,0	181,149	0,0	242	149
558,507	0,0	328,199	1,0	227	149
222,163	0,0	104,93	4,0	248	149
56,26	17,7	27,13	6,8	197	149
724,367	4,1	247,146	2,0	384	149
303,208	0,2	108,76	0,0	347	149
9,12	0,1	7,5	0,1	211	149
492,342	1,0	311,146	0,0	294	149
151,167	1,0	82,59	0,0	194	149
49,52	1,0	28,26	0,0	194	149
121,143	1,0	85,51	0,0	401	149
41,63	1,0	16,16	0,0	189	149
140,175	0,0	68,48	1,1	189	149
356,295	9,3	203,108	22,9	205	149
4721,4257	0,0	2883,1678	2,0	178	149
414,427	0,1	181,115	0,0	209	149
423,395	1,0	316,197	0,0	224	149
261,260	4,0	169,96	1,1	239	149
45,36	9,17	32,22	5,8	196	149
81,43	22,14	37,26	6,4	196	149
20,22	22,14	11,13	6,4	194	149
16,19	53,19	18,9	19,9	194	149
436,370	3,2	243,132	0,0	359	149
442,387	0,1	222,153	0,0	368	149
617,533	3,2	316,194	0,0	368	149
27716,28183	0,3	10655,7142	0,0	3718	149
0,1	57,23	0,0	11,11	291	149
149,127	0,5	103,75	4,1	329	149
45,22	1,1	6,6	1,1	256	149
409,297	0,1	197,117	0,0	218	149
58,45	0,0	15,6	0,2	273	149
2322,1488	113,106	1516,1013	45,21	245	149
10,6	5,6	10,2	1,3	238	149
326,292	0,1	85,79	0,0	337	149
193,155	0,1	35,35	0,0	256	149
134,107	26,28	74,57	13,6	210	149
433,402	0,5	191,137	0,0	500	149
18,34	3,0	17,12	0,0	248	149
289,202	1,0	106,54	0,2	193	149
1,4	18,26	0,3	5,2	226	149
169,148	1,0	128,76	0,0	261	149
390,340	2,1	237,133	0,0	234	149
22059,20164	0,3	15591,9341	1,1	431	149
25,26	1,0	4,1	0,0	183	149
270,212	0,0	130,79	1,0	204	149
9201,7416	0,1	5126,3028	0,0	1042	149
15,12	81,47	10,4	32,21	230	149
17,12	1,0	11,4	0,0	230	149
121,69	1,0	64,30	0,0	230	149
55,29	13,10	34,12	3,3	230	149
678,542	2,5	322,174	5,4	191	149
645,597	3,5	168,175	2,1	196	149
95,89	0,1	77,41	0,0	285	149
9,2	13,10	6,2	2,5	212	149
212,196	0,1	109,67	0,0	203	149
35,17	0,3	16,6	0,0	205	149
26,20	1,4	29,8	1,0	214	149
22,11	2,0	17,5	0,0	214	149
439,458	2,0	269,208	0,0	912	149
521,505	2,0	306,236	0,0	940	149
426,410	2,0	252,191	0,0	614	149
404,323	0,2	197,122	0,0	229	149
22,41	0,0	11,11	1,0	220	149
2451,2285	1,0	1190,750	0,0	361	149
397,359	68,41	240,109	17,22	190	149
139,119	0,0	63,44	0,1	317	149
188,133	2,3	75,41	2,0	232	149
162,112	2,0	67,37	0,0	222	149
5,10	0,1	2,4	0,0	342	149
115,87	9,4	67,33	0,1	263	149
293,198	1,0	143,43	0,0	278	149
441,384	11,14	223,156	2,0	367	149
115,104	1,0	60,29	3,0	234	149
0,1	4456,4233	2,0	2260,1254	194	149
424,357	0,0	247,98	0,1	208	149
64,61	0,0	40,13	1,0	218	149
247,218	3,0	88,56	0,0	204	149
5,1	31,20	2,4	23,8	220	149
0,2	26,13	1,2	15,11	220	149
44,36	31,20	24,18	23,8	192	149
12,10	26,13	10,5	15,11	192	149
176,185	0,3	100,43	0,0	190	149
222,238	0,2	98,70	0,0	252	149
441,436	0,0	156,129	1,0	226	149
534,546	1,0	191,184	1,0	272	149
521,547	7,0	227,230	4,0	268	149
351,386	29,29	128,113	12,16	195	149
675,801	0,1	328,224	0,0	224	149
67,70	0,1	11,3	0,0	295	149
91,50	0,3	23,27	4,0	255	149
356,325	0,1	257,162	0,0	178	149
145,155	4,3	74,45	1,0	240	149
614,463	10,1	425,269	3,1	208	149
2618,2349	0,1	1607,948	0,0	309	149
1344,1244	0,1	839,545	0,0	312	149
1,0	329,278	0,0	143,88	268	149
6648,6906	0,0	3681,2324	0,1	272	149
478,348	0,2	225,159	0,0	344	149
5533,5544	0,3	2698,2238	3,0	206	149
8,13	3922,4049	7,16	1871,1561	222	149
19,18	281,258	2,5	146,112	243	149
230,128	4,0	114,58	1,0	216	149
3523,3703	0,1	2749,1737	0,0	233	149
504,545	1,0	241,146	0,0	247	149
43,36	0,0	19,19	1,0	232	149
482,362	1,2	120,69	0,0	249	149
94,91	3,0	81,34	6,0	208	149
0,2	0,1	0,0	4,0	290	149
225,179	144,74	198,89	41,31	356	149
2109,1951	0,4	1371,735	0,0	221	149
97,82	0,1	50,21	0,0	409	149
205,151	0,1	95,72	0,0	320	149
199,177	0,0	123,85	0,1	211	149
194,234	18,14	163,83	8,6	263	149
3,0	97,87	2,1	66,26	198	149
5,0	372,297	1,2	207,142	198	149
575,450	0,0	326,159	0,3	280	149
20,51	48,46	9,7	25,30	173	149
107,92	0,0	70,28	0,1	223	149
190,166	0,1	80,48	0,0	257	149
147,95	5,12	68,55	4,6	210	149
119,83	1,0	54,17	0,0	233	149
66,102	88,60	41,33	39,42	185	149
270,231	1,0	121,74	1,0	188	149
166,168	1,0	95,45	0,0	191	149
140,121	2,0	79,49	0,0	232	149
1334,1173	29,10	521,334	7,4	244	149
641,614	2,0	244,180	1,0	190	149
506,531	0,1	293,189	0,0	229	149
159,160	0,1	96,60	0,1	178	149
16,21	94,84	4,5	34,40	231	149
1498,1422	2,0	802,506	0,0	768	149
1861,1828	2,0	1042,662	0,0	810	149
96,100	10,18	86,32	8,1	237	149
2284,1609	5,2	1505,718	4,2	247	149
1420,964	1,0	922,452	0,0	229	149
568,481	0,0	341,222	0,2	211	149
1149,846	1,0	517,297	0,0	221	149
1091,876	0,4	520,284	0,0	229	149
5,12	54,72	6,6	37,23	229	149
306,147	2,0	184,76	0,1	179	149
227,237	2,0	101,68	0,0	220	149
1310,889	0,0	564,306	0,1	201	149
61,44	6,2	10,14	2,0	268	149
950,789	0,0	426,244	0,1	229	149
36,23	2,1	7,4	0,0	289	149
102,124	0,3	70,40	0,0	184	149
1088,1216	0,3	727,467	0,0	229	149
1538,1265	0,0	968,483	2,0	209	149
408,280	0,2	84,46	0,0	272	149
1180,1184	11,9	286,302	0,0	242	149
634,642	11,9	156,170	0,0	235	149
2924,2548	2,0	1474,773	2,0	384	149
4160,3568	2,0	2093,1148	2,0	358	149
253,214	0,1	108,82	0,0	184	149
209,219	2,1	133,75	0,0	223	149
174,132	396,311	35,19	195,90	155	149
3116,2677	2,0	1850,1029	0,0	236	149
252,149	10,0	213,104	3,3	211	149
431,419	2,0	251,181	0,0	237	149
315,304	0,1	152,88	0,0	194	149
565,466	5,8	231,157	1,2	226	149
66,74	5,2	26,27	0,2	238	149
221,262	5,2	125,75	0,2	247	149
299,273	0,1	190,88	0,0	219	149
896,856	0,1	500,289	0,0	216	149
336,219	2,0	128,81	0,0	244	149
331,199	1,0	139,64	0,0	202	149
240,211	0,7	72,65	0,0	208	149
2173,2031	2,0	1225,897	0,0	288	149
756,769	2,0	448,370	0,0	282	149
183,144	1,0	82,67	0,0	254	149
198,202	0,1	126,75	0,3	382	149
292,273	0,2	157,120	0,0	203	149
383,339	1,0	191,137	0,0	236	149
5,1	2,2	1,0	2,0	209	149
52,33	1,1	45,20	0,0	315	149
167,158	1,0	66,38	0,0	268	149
105,145	0,0	74,31	0,1	259	149
49,77	0,0	40,18	0,1	245	149
9,6	545,444	5,2	391,322	276	149
60,40	1,0	14,18	0,0	202	149
3753,3166	0,0	2212,1158	0,2	203	149
22,16	0,1	8,0	0,0	241	149
103,85	3,0	61,25	0,0	267	149
180,171	1,0	110,69	0,0	207	149
0,0	37,36	1,0	37,27	209	149
78,66	1,2	39,22	1,0	191	149
162,182	2,2	90,50	0,1	327	149
833,671	2,4	396,234	3,1	211	149
333,163	1,0	595,313	0,2	229	149
869,584	0,1	797,380	0,0	266	149
183,197	3,1	94,71	0,2	275	149
169,103	0,1	111,57	1,0	194	149
706,557	2,0	405,268	0,0	230	149
367,318	1,0	133,104	0,0	213	149
397,356	0,0	201,135	0,1	191	149
557,365	5,2	297,140	3,0	199	149
115,106	0,0	39,30	1,0	206	149
643,527	90,52	352,222	30,14	190	149
281,261	3,0	105,57	0,0	206	149
600,552	2,0	373,199	1,0	178	149
393,340	1,0	210,110	0,0	238	149
204,206	0,1	151,68	1,0	191	149
56,57	0,0	46,19	2,0	533	149
131,120	2,0	88,50	0,0	218	149
695,599	0,0	333,198	2,0	270	149
1149,980	3,0	640,327	0,0	168	149
26749,24778	1,0	14293,9441	0,0	272	149
460,363	1048,777	276,142	502,215	574	149
15,10	0,0	5,3	0,1	260	149
7,4	1,0	2,0	0,0	260	149
8,7	1,0	7,8	0,0	253	149
18,13	2,0	10,10	0,0	253	149
59,71	1,5	13,26	0,0	378	149
168,159	0,0	86,63	1,0	245	149
0,1	101,189	0,0	2,2	221	149
152,252	2,0	5,2	0,0	191	149
33,20	2,2	8,3	0,0	213	149
181,188	1,0	99,69	0,0	196	149
641,502	2,4	262,154	0,0	172	149
58,66	0,0	34,15	0,1	194	149
16,20	3,0	9,4	0,0	215	149
9,18	46,24	8,5	24,22	215	149
108,97	0,0	124,78	0,1	220	149
17,9	0,0	12,11	0,1	179	149
223,211	0,4	138,64	0,0	232	149
70,79	0,4	48,20	0,0	229	149
215,148	4,0	130,45	0,0	226	149
866,708	1,1	1135,698	0,0	230	149
291,302	0,1	252,116	0,0	205	149
319,279	0,1	202,89	0,0	225	149
49,25	154,130	33,11	94,48	151	149
1039,900	24,11	621,408	10,9	209	149
19,9	140,93	3,2	55,28	267	149
23,18	140,93	4,2	55,28	279	149
705,572	3,1	254,184	0,2	187	149
358,277	2,0	111,83	0,0	193	149
10134,10360	1,0	5033,3466	0,0	374	149
1,0	31,22	0,0	5,1	236	149
51,48	1,0	29,11	0,1	241	149
1,1	1519,1421	3,0	1127,583	248	149
320,309	0,0	189,131	2,0	571	149
1505,1106	4,5	676,402	2,0	167	149
2302,1758	0,0	1056,605	1,1	216	149
388,297	3,0	126,98	5,0	180	149
2633,2032	0,1	1590,1001	0,0	275	149
2109,2228	5,8	444,382	0,0	480	149
507,407	1,0	271,161	0,0	197	149
252,168	83,81	181,99	34,25	247	149
171,139	30,16	111,54	11,6	250	149
195,192	0,0	99,57	0,1	266	149
648,680	6,0	304,195	0,0	206	149
86,68	1,0	35,42	0,0	290	149
142,156	4,1	95,82	1,0	200	149
395,349	0,1	239,142	0,0	167	149
522,414	1,1	368,185	0,0	224	149
2342,1958	0,0	1612,1016	1,0	208	149
563,536	4,0	270,212	0,1	652	149
53,38	4,0	45,12	0,0	225	149
413,359	2,2	213,105	0,0	284	149
1987,2034	0,2	1470,801	1,0	209	149
2029,1687	0,2	1372,727	0,0	168	149
17,21	87,92	4,4	42,36	304	149
20,22	87,92	4,3	42,36	290	149
1299,1357	0,2	835,612	0,0	248	149
1234,1076	1,0	664,474	1,0	190	149
483,314	0,0	291,149	2,0	192	149
521,504	0,9	313,181	2,0	233	149
41,39	0,0	11,12	1,0	326	149
717,523	6,1	537,444	2,3	283	149
811,591	4,1	342,180	0,0	331	149
3267,2401	0,0	1926,1228	0,3	275	149
22,14	2,0	17,10	0,0	173	149
2234,2242	0,1	950,667	0,0	252	149
16,28	655,529	11,2	443,228	239	149
1777,1522	13,9	1038,626	6,4	224	149
1838,1828	0,0	1115,705	2,0	212	149
663,520	0,6	392,259	1,4	183	149
318,353	0,1	207,115	0,0	240	149
71,80	4,1	45,40	0,6	225	149
810,705	0,0	473,232	2,0	251	149
282,261	0,1	123,60	0,0	248	149
1325,1334	1,0	761,459	0,0	197	149
26,30	108,105	14,15	51,27	241	149
349,356	108,105	117,81	51,27	222	149
100,127	108,105	87,50	51,27	165	149
5060,4110	0,1	1911,1265	0,0	245	149
579,592	3,0	395,231	0,0	244	149
1845,1310	0,0	978,594	2,0	383	149
2816,2278	0,0	1485,920	2,0	374	149
304,278	1,0	170,104	0,0	362	149
17477,14078	2,0	10359,6908	0,0	260	149
16147,12983	0,0	9455,6260	2,0	254	149
862,778	4,2	415,218	0,1	259	149
153,126	6,12	71,56	1,4	170	149
41,17	6,12	22,17	1,4	208	149
33,29	0,2	15,11	0,0	188	149
375,333	0,0	192,143	1,0	232	149
881,925	0,0	531,267	1,0	246	149
340,326	180,140	160,115	75,40	336	149
323,332	180,140	198,126	75,40	315	149
85,72	180,140	34,28	75,40	186	149
394,408	5,1	165,120	0,1	172	149
1041,907	1,0	568,355	0,0	297	149
98,95	0,1	46,31	4,0	207	149
345,353	0,1	197,134	4,0	218	149
532,469	0,1	241,146	0,0	222	149
1233,1001	0,0	654,357	1,0	258	149
1068,889	3,0	446,286	3,1	233	149
167,144	0,1	83,36	0,0	577	149
259,212	0,1	124,69	0,0	652	149
56,38	17,9	14,8	11,10	191	149
125,110	1,0	82,41	0,0	191	149
145,145	275,378	131,58	301,115	201	149
436,346	275,378	300,147	301,115	214	149
237,107	29,22	109,58	1,3	214	149
2,0	394,410	0,0	136,114	290	149
420,346	0,2	204,195	0,0	245	149
294,307	10,6	151,78	5,0	185	149
804,736	0,3	550,373	0,0	218	149
134,120	0,1	72,51	0,0	258	149
13,25	13,12	10,3	15,13	218	149
9,2	644,520	2,0	303,174	218	149
54,45	5,4	31,27	0,0	210	149
2233,2184	0,0	1384,834	0,1	263	149
185,150	2,0	121,53	0,0	278	149
1105,1029	0,1	852,502	0,0	1923	149
210,134	1,0	89,50	0,0	176	149
601,417	15,12	353,186	9,0	264	149
1054,830	20,9	741,357	14,5	406	149
3568,3344	2,2	1492,1100	2,1	197	149
1018,999	0,0	457,360	4,0	197	149
2,0	20,14	1,2	5,8	197	149
20,30	2,0	9,4	0,0	266	149
118,83	1,1	37,30	0,0	259	149
725,578	1,0	361,199	0,0	190	149
888,709	0,1	438,254	0,0	281	149
7725,7679	1,0	5423,3457	0,0	340	149
1172,987	1,0	639,341	0,0	258	149
141,119	0,0	101,60	0,3	191	149
293,233	0,2	173,106	0,0	312	149
497,338	0,0	333,159	1,0	265	149
297,198	2,0	148,75	0,0	202	149
18,23	285,367	6,3	132,114	327	149
15,17	285,367	6,4	132,114	403	149
0,1	285,367	0,0	132,114	229	149
421,398	0,2	207,168	2,0	231	149
404,429	0,2	209,139	0,1	217	149
42,60	0,2	20,12	1,0	260	149
2,0	4,2	0,2	4,4	178	149
17,2	27,19	6,4	20,11	389	149
1542,1162	15,5	901,522	8,4	189	149
1458,1336	1,0	837,559	2,0	183	149
804,595	5,0	375,247	0,0	243	149
357,286	13,3	158,94	3,2	208	149
260,187	0,0	94,79	1,0	212	149
209,190	0,1	133,59	2,0	230	149
376,270	0,1	174,108	0,0	243	149
44,40	444,404	14,6	217,149	210	149
544,508	1,0	284,192	0,0	184	149
292,246	294,259	135,61	129,101	232	149
122,97	294,259	45,23	129,101	271	149
606,442	6,0	309,156	4,0	247	149
76,90	110,90	42,31	60,53	223	149
210,210	0,1	157,99	0,0	207	149
229,233	0,1	63,27	0,0	250	149
215,240	0,1	51,32	0,0	247	149
11,6	70,64	24,13	22,14	198	149
11,7	41,25	25,10	3,1	198	149
1049,795	1,1	523,324	1,0	211	149
2682,2613	0,2	1540,925	0,0	238	149
1955,1530	5,10	1135,796	1,2	234	149
975,693	1,0	565,289	0,0	221	149
84,94	702,709	52,34	452,279	209	149
1421,1641	0,2	1109,597	2,0	293	149
498,499	6,3	176,122	0,0	252	149
112,75	0,0	17,22	0,1	202	149
33,13	28,14	9,2	28,9	213	149
71,70	5,7	23,13	0,0	277	149
7,4	60,43	3,7	28,28	184	149
77,61	104,76	39,29	80,58	228	149
15595,13436	0,0	8404,5040	0,1	764	149
50,39	0,2	25,19	0,0	287	149
10,5	21,16	3,6	9,9	196	149
105,133	0,0	42,18	0,1	227	149
1270,1279	1,0	555,385	0,0	217	149
831,662	0,1	340,239	0,0	216	149
818,736	0,0	518,271	1,2	263	149
373,304	0,0	52,36	1,0	231	149
5884,4926	0,0	2145,1251	1,0	2815	149
5790,4856	0,0	2129,1226	1,0	2955	149
5826,4901	0,0	2148,1240	1,0	3305	149
1421,1056	21,19	815,427	3,2	167	149
202,250	1,0	127,81	2,0	204	149
6428,4185	1,0	3126,1585	0,0	198	149
67,83	648,601	37,40	237,183	216	149
644,673	1122,806	453,284	402,190	406	149
44,56	111,82	24,29	32,27	206	149
6516,5402	1,0	5290,2953	0,0	272	149
2703,2259	1,0	2212,1195	0,0	308	149
246,314	0,7	130,58	0,0	229	149
10,1	2,0	0,5	0,0	220	149
610,588	1,1	424,231	0,0	264	149
249,266	78,80	175,100	28,20	264	149
168,120	78,80	108,49	28,20	198	149
529,438	0,2	357,180	0,0	198	149
447,417	53,60	231,120	48,32	339	149
577,462	0,0	228,151	0,1	232	149
458,387	0,2	177,152	0,0	217	149
181,160	0,2	83,45	0,0	256	149
78,67	21,22	45,23	5,5	266	149
249,223	21,22	100,67	5,5	224	149
1791,1596	2,0	732,505	0,0	306	149
2754,2281	1,0	1395,828	1,0	219	149
62,57	3,0	58,31	0,1	187	149
819,606	0,0	399,201	2,0	221	149
160,165	1,0	89,62	1,0	218	149
176,159	0,0	87,64	3,0	188	149
52,41	0,0	27,16	1,0	188	149
66,60	0,0	40,25	1,0	206	149
215,210	23,29	118,86	18,13	206	149
224,213	1,0	154,75	0,0	231	149
2151,1785	2,0	1191,799	0,0	225	149
1710,1415	0,2	932,599	0,0	198	149
0,1	5,1	0,2	7,0	173	149
170,173	4,1	102,72	0,0	285	149
64,42	1,0	35,34	1,0	204	149
48,45	2,7	24,11	0,3	288	149
37,56	2,7	25,11	0,3	593	149
106,78	2,7	54,42	0,3	254	149
62,44	2,7	33,29	0,3	311	149
86,88	2,7	50,38	0,3	559	149
10,4	7,4	3,2	2,0	299	149
184,138	0,0	75,47	2,0	253	149
0,1	55,62	0,0	24,18	288	149
168,97	0,1	80,35	0,0	209	149
734,605	0,0	493,262	1,0	781	149
0,1	892,825	0,0	356,241	191	149
551,385	0,1	299,149	0,0	250	149
395,325	0,2	206,138	0,1	222	149
413,341	0,1	196,122	0,0	227	149
533,444	1,0	273,139	0,0	220	149
1,0	0,1	3,2	1,0	286	149
134,115	0,4	98,61	0,0	300	149
121,112	6,10	65,69	1,5	238	149
2132,2643	2,1	1282,992	0,1	267	149
683,611	0,0	367,323	2,0	211	149
437,358	0,1	243,180	0,3	211	149
209,196	0,0	110,88	2,0	208	149
93,61	0,1	41,30	0,3	208	149
7,10	42,22	4,9	17,15	400	149
986,1035	0,0	497,359	1,0	275	149
363,330	0,0	180,123	1,0	235	149
85,50	1,0	64,34	0,0	361	149
16,20	39,8	15,6	19,1	228	149
466,388	1,0	216,136	0,0	229	149
386,323	1,0	151,106	0,0	238	149
1289,1296	0,0	689,386	2,0	1081	149
962,812	4,3	332,285	2,0	227	149
1336,867	1,0	559,283	0,0	279	149
4912,4392	0,0	2757,1458	1,0	203	149
4881,4417	2,0	2849,1478	1,2	210	149
1243,998	0,0	443,333	1,0	204	149
4973,4181	0,1	2712,1604	0,0	193	149
94,66	0,0	21,16	1,0	254	149
17,10	0,1	9,1	4,0	219	149
57,61	0,0	50,33	0,1	314	149
1592,1613	3,0	731,344	0,0	271	149
20,18	2,4	6,3	0,2	231	149
22,11	2,4	1,2	0,2	238	149
23,22	0,2	9,11	0,0	180	149
175,149	0,2	79,62	0,0	210	149
211,197	4,0	124,74	0,1	174	149
445,497	0,0	217,150	2,0	274	149
534,543	0,0	265,143	1,0	312	149
150,148	0,1	48,25	0,0	234	149
744,817	3,3	331,259	0,1	439	149
363,329	0,1	152,113	0,0	246	149
475,415	0,1	142,96	0,0	253	149
552,621	0,0	325,231	1,0	237	149
534,512	2,0	281,160	2,0	216	149
103,77	898,645	73,46	548,318	326	149
2769,1961	1,0	1657,1007	0,0	253	149
3095,2120	4,1	2195,1275	0,0	322	149
3005,2119	4,1	1913,1129	0,0	319	149
645,442	2,2	532,326	0,0	482	149
2620,1633	8,2	1690,1121	4,0	1227	149
140,156	0,0	73,35	1,0	209	149
636,643	0,3	235,142	0,0	356	149
174,223	0,1	96,69	0,0	271	149
121,149	0,0	71,49	0,1	201	149
197,188	2,0	106,82	0,0	339	149
85,57	174,178	30,19	111,53	231	149
80,47	101,92	21,17	88,55	231	149
238,206	2,1	95,72	0,0	319	149
338,300	2,0	207,87	0,0	332	149
175,218	2,0	89,53	0,0	280	149
0,1	1,0	2,0	0,0	207	149
717,846	1,5	439,293	2,0	275	149
784,691	0,3	439,282	0,1	206	149
4,2	56,42	2,1	42,32	245	149
741,553	0,0	417,220	1,0	257	149
11,11	0,0	9,5	1,0	207	149
314,252	0,1	144,103	0,0	225	149
4318,4008	0,2	1910,1338	0,0	195	149
3175,2909	0,2	1233,861	0,0	198	149
31,25	0,1	11,7	0,0	212	149
19,11	0,0	18,7	2,0	212	149
12,23	26,30	8,6	14,8	259	149
22,12	102,83	11,11	55,31	259	149
32,22	102,83	18,15	55,31	452	149
42,36	102,83	19,11	55,31	190	149
19,25	14,7	9,4	7,6	190	149
378,230	1,0	147,96	0,0	235	149
329,334	8,9	229,135	5,0	177	149
335,286	1,1	178,93	0,0	190	149
1025,749	0,1	576,246	0,0	257	149
32,36	7,5	2,12	1,3	268	149
3943,4015	0,2	1979,1267	0,0	345	149
1604,1469	0,0	890,505	0,2	1316	149
470,342	3,0	246,143	4,0	159	149
202,154	20,7	124,88	4,3	213	149
331,237	1,2	292,139	0,0	187	149
824,688	0,2	486,282	0,0	254	149
3418,2679	72,46	1890,1107	32,15	2280	149
159,149	0,1	55,37	0,0	255	149
0,0	194,199	1,0	124,79	305	149
500,462	0,0	334,163	2,0	206	149
378,295	222,212	295,131	143,86	960	149
621,502	0,2	453,245	0,0	263	149
304,307	2,9	186,124	2,1	290	149
332,299	68,77	162,148	37,45	220	149
112,87	38,5	75,28	3,0	340	149
202,161	38,5	96,42	3,0	446	149
210,162	0,2	66,57	0,0	178	149
1233,907	0,0	728,430	1,0	280	149
194,187	0,0	121,69	2,0	215	149
286,242	0,0	154,87	2,0	226	149
323,267	0,0	170,108	2,0	228	149
427,404	0,0	250,133	2,0	257	149
576,517	0,0	297,186	2,0	383	149
1138,1046	0,0	619,388	1,0	1357	149
173,184	0,1	90,58	0,0	265	149
895,822	4,0	472,337	0,0	190	149
95,120	0,0	116,62	3,0	201	149
487,416	0,0	551,297	0,1	226	149
562,617	1,0	185,146	0,0	196	149
89,47	4,0	5,4	0,0	228	149
413,309	1,1	241,106	0,0	212	149
287,188	3,4	89,75	1,0	234	149
22,30	3,0	11,7	0,0	228	149
12,7	1,0	10,5	0,0	491	149
1,7	2,1	3,5	0,0	274	149
4,4	0,0	0,0	2,1	227	149
157,102	0,3	86,41	0,0	247	149
1,6	0,0	4,5	1,0	198	149
4,8	10,5	12,4	2,5	198	149
274,209	10,5	136,66	2,5	218	149
22247,12925	1,2	13061,9347	0,0	173	149
1,0	15203,10041	0,0	8405,7172	204	149
213,183	0,1	162,82	1,2	204	149
245,213	0,0	154,118	2,0	206	149
258,246	0,0	160,97	0,1	200	149
857,680	0,0	616,252	1,0	251	149
578,550	0,0	406,234	2,0	193	149
541,623	0,0	304,232	0,3	221	149
910,916	5,5	458,271	3,4	190	149
444,351	0,2	260,106	0,0	176	149
58,72	0,0	49,26	2,0	258	149
184,192	0,0	104,66	2,0	252	149
57,39	108,131	61,37	71,47	223	149
827,674	1,0	511,316	1,0	344	149
681,644	0,0	381,252	0,1	361	149
191,222	1,1	116,65	0,0	218	149
105,90	0,0	57,21	1,0	275	149
361,489	1235,1019	275,221	676,338	475	149
155,124	50,36	94,75	75,37	273	149
329,303	222,188	202,108	97,52	273	149
266,265	222,188	190,105	97,52	284	149
137,111	3,2	29,24	0,0	207	149
321,252	0,1	119,91	1,0	249	149
563,585	0,1	174,127	0,0	212	149
964,919	0,8	514,346	0,0	239	149
119,125	0,0	111,83	0,1	275	149
191,152	1,0	129,58	0,0	203	149
6197,5618	1,0	1555,1244	0,0	233	149
5,0	16,17	6,1	8,5	308	149
1,3	25,20	4,2	29,23	308	149
24,40	195,152	28,12	119,63	191	149
135,204	2,0	77,80	0,0	296	149
84,89	1,0	90,49	0,1	241	149
576,403	4,1	716,361	1,0	212	149
372,281	6,4	433,215	9,3	239	149
63,66	2,0	12,12	0,0	239	149
18,21	2,0	9,4	0,0	383	149
1367,1019	25,12	716,403	11,4	223	149
370,361	4,0	66,59	0,0	248	149
111,90	2,1	11,16	0,0	237	149
289,243	2,1	46,41	0,0	223	149
606,383	3,0	240,168	0,0	212	149
334,371	0,1	106,83	0,0	203	149
51,51	24,15	30,22	7,6	271	149
2,0	226,195	0,0	52,29	260	149
340,221	0,1	191,134	0,0	362	149
1,0	0,1	0,0	3,1	199	149
412,465	5,0	220,184	0,1	203	149
370,388	5,0	196,129	0,1	234	149
56,48	0,1	33,6	0,0	299	149
1520,1426	0,1	926,494	0,0	281	149
211,124	1,0	105,58	0,0	243	149
162,108	1,0	88,41	0,0	356	149
921,718	0,2	562,291	0,0	264	149
2530,2385	1,1	1225,759	1,0	297	149
2539,2282	1,0	1577,866	0,0	236	149
395,372	2,0	222,162	1,0	219	149
388,309	0,1	232,159	0,0	195	149
17,23	0,0	8,22	1,0	254	149
7,7	0,0	5,13	1,0	235	149
181,161	7,1	74,88	6,0	171	149
313,324	0,0	151,142	2,0	192	149
74,63	0,1	45,8	0,0	187	149
32,29	11,17	11,2	10,12	299	149
1,4	0,0	2,1	0,1	204	149
741,734	0,0	322,251	0,1	233	149
1792,1388	2,0	716,475	0,0	344	149
115,108	0,0	55,58	0,1	260	149
374,351	0,2	348,239	1,0	681	149
334,313	0,2	291,194	1,0	906	149
10,12	60,48	8,1	63,49	223	149
268,257	1,0	99,73	0,0	260	149
1271,1358	0,0	652,428	1,0	197	149
2377,1982	0,1	1317,712	0,0	205	149
291,276	2,0	144,102	0,0	283	149
2878,2528	1,0	2104,1048	1,1	274	149
527,331	8,9	219,82	0,0	224	149
1127,1238	0,2	732,369	0,0	198	149
112,87	0,0	74,42	2,0	232	149
284,273	0,1	174,120	0,0	221	149
355,285	3,0	176,101	0,0	260	149
68,61	6,0	29,25	0,1	203	149
334,272	6,0	115,98	0,1	326	149
134,144	2,0	41,36	0,0	212	149
26,5	1075,1072	11,2	717,461	210	149
1940,1836	3,0	1080,718	0,0	566	149
212,198	1,1	115,76	0,0	200	149
2147,1957	0,2	826,523	0,0	253	149
386,417	54,52	177,95	19,16	273	149
178,115	0,2	129,95	0,0	266	149
122,106	1,0	84,35	3,4	237	149
356,281	0,1	120,91	0,0	1022	149
216,214	0,4	91,61	0,0	269	149
169,126	1,0	81,53	0,0	220	149
198,170	0,5	147,67	0,0	225	149
477,495	0,0	394,149	1,0	198	149
332,395	1,3	167,141	2,0	273	149
326,206	3,0	152,67	0,0	185	149
30,28	369,408	7,5	256,156	285	149
909,893	2,1	551,335	0,1	235	149
154,150	2,5	146,91	1,0	637	149
386,293	0,1	176,115	0,2	237	149
408,365	2,5	183,108	2,1	333	149
478,449	0,2	229,109	0,0	225	149
595,547	1,0	265,148	0,0	237	149
85,92	0,2	56,50	0,0	271	149
44,65	0,2	30,26	0,0	265	149
43,86	4,13	31,32	0,0	215	149
617,488	0,1	298,179	0,0	202	149
518,384	2,5	427,258	3,3	293	149
240,173	2,5	184,85	3,3	516	149
2609,2460	1,1	1277,824	1,2	2482	149
118,111	1,0	63,43	0,0	263	149
7841,8142	35,26	4417,3176	16,12	207	149
10450,9584	0,2	6508,4118	0,0	209	149
1992,1358	6,9	1120,660	10,3	196	149
354,273	0,0	264,159	2,1	218	149
301,299	4,0	271,144	1,2	197	149
11,2	97,59	6,2	60,24	210	149
3,2	5,0	5,1	0,0	210	149
329,287	2,3	134,96	0,0	215	149
0,4	2,5	0,2	1,0	247	149
262,195	0,6	214,99	7,1	169	149
48,31	5,4	32,9	1,1	169	149
126,91	5,4	94,61	1,1	202	149
359,257	22,8	273,155	5,1	202	149
3515,3847	1,0	2232,1471	0,0	227	149
207,146	1,0	56,52	0,0	308	149
471,513	4,0	256,186	0,0	244	149
1181,1201	2,0	648,378	0,0	234	149
36,13	4,0	23,9	2,2	225	149
49,28	0,5	8,5	0,0	225	149
16,1	0,1	13,1	0,1	225	149
736,588	1,0	364,233	0,0	179	149
434,484	1,1	160,146	2,4	208	149
86,119	2,0	20,18	0,0	225	149
300,243	0,0	149,107	0,1	230	149
1384,1543	1,0	902,652	0,0	188	149
564,402	0,1	209,154	0,0	225	149
519,444	4,4	207,166	2,0	247	149
1,0	5,3	0,0	4,2	191	149
205,176	4,0	115,80	0,1	334	149
246,165	0,0	88,47	0,1	211	149
435,401	0,3	330,196	1,0	290	149
278,269	1,0	194,135	2,0	220	149
40,42	0,0	16,6	1,0	199	149
111,101	0,0	62,62	0,1	228	149
383,360	0,0	197,169	0,1	200	149
64,52	2,4	40,20	0,0	209	149
46,19	3,3	3,3	0,0	299	149
289,207	93,60	75,51	27,14	215	149
43,59	93,60	33,10	27,14	188	149
220,166	1,0	53,35	0,0	242	149
2545,2195	2,1	1477,849	0,0	190	149
0,2	1,0	5,0	0,0	275	149
140,123	15,5	77,67	4,2	202	149
353,347	0,0	237,152	1,0	235	149
385,416	6,0	333,234	0,0	201	149
338,378	0,1	291,211	0,0	193	149
1501,1283	0,2	786,490	2,0	160	149
72,65	4,5	54,43	0,0	609	149
665,671	4,5	298,262	0,0	175	149
319,294	0,1	180,107	0,0	227	149
106,153	4,1	71,60	2,0	217	149
34,39	2,5	5,8	0,0	232	149
51,43	56,52	64,31	87,60	191	149
224,179	0,0	139,78	3,0	217	149
14,5	0,2	4,1	0,0	171	149
8,5	0,2	6,5	0,0	257	149
232,175	1,0	157,80	0,0	263	149
114,94	3,4	86,50	0,2	263	149
67,37	1,0	32,23	0,0	218	149
72,41	3,4	35,11	0,2	208	149
751,733	2,2	458,236	2,0	204	149
225,247	2,2	160,83	2,0	227	149
475,571	2,0	184,141	0,0	335	149
632,536	0,3	628,517	0,0	303	149
130,74	41,20	34,30	16,6	222	149
315,341	1,0	146,133	0,0	187	149
11277,9275	4,0	6943,4334	1,0	371	149
6358,5465	4,1	3738,2198	0,0	249	149
3,0	2816,2803	1,1	1655,1060	251	149
702,782	6,15	387,261	1,3	241	149
260,207	3,0	121,78	2,0	204	149
6378,5746	1,0	3435,2009	0,0	2642	149
427,360	2,0	168,100	0,0	216	149
479,374	3,1	165,113	0,0	208	149
245,229	0,0	150,87	2,0	175	149
488,496	11,2	203,169	2,0	230	149
50,54	1,1	36,21	0,0	199	149
521,399	0,1	228,193	0,0	208	149
632,480	57,39	294,219	24,14	228	149
643,440	0,2	304,160	0,0	285	149
8,4	252,245	5,0	156,104	208	149
2,0	274,252	0,0	177,107	248	149
2356,1608	0,0	1711,876	1,2	269	149
564,605	1,0	455,258	0,0	218	149
1396,1276	1,0	1029,656	0,0	222	149
448,401	1,3	180,96	0,0	257	149
1103,963	1,2	570,407	0,0	209	149
14,9	77,66	8,0	63,49	221	149
210,187	0,3	68,57	1,0	237	149
47,62	804,755	37,18	289,140	288	149
126,160	1,0	50,42	0,0	272	149
69,64	2,1	40,20	5,0	256	149
244,173	5,3	15,22	0,0	196	149
5,9	135,132	7,2	83,43	223	149
858,761	3,0	382,278	0,0	197	149
592,625	1,0	322,226	0,0	627	149
2222,2098	1,0	1114,646	0,0	197	149
464,361	0,0	263,141	4,0	318	149
958,985	0,0	733,409	1,0	299	149
2334,2447	0,0	1757,1041	1,0	251	149
4,13	1,3	3,4	5,0	227	149
36,42	79,90	31,14	54,49	227	149
3,4	79,90	8,2	54,49	195	149
6,13	38,40	6,6	34,14	195	149
52,93	126,146	68,57	95,68	219	149
133,149	1,0	92,49	0,0	218	149
1752,1689	0,0	807,438	0,2	239	149
137,149	35,13	93,68	11,2	203	149
3,17	35,13	8,3	11,2	167	149
2169,2126	5,2	853,656	4,0	907	149
2181,2148	5,2	833,677	4,0	902	149
256,256	7,2	232,135	0,1	217	149
4579,4380	0,2	2603,1785	0,0	223	149
1668,1549	0,1	787,415	0,0	1834	149
3857,3814	0,1	2166,1334	0,0	559	149
21,13	15,11	23,19	9,5	200	149
10,2	175,176	8,8	83,73	329	149
369,327	6,1	207,191	0,0	245	149
432,302	1,0	231,92	0,0	200	149
107,93	0,1	72,48	0,0	254	149
36,43	3,0	8,14	2,0	211	149
97,110	1,0	67,35	0,0	205	149
739,654	1,0	398,250	0,0	230	149
60,40	15,1	19,6	3,1	249	149
886,740	0,1	331,206	0,0	327	149
147,140	3,9	62,33	5,0	227	149
2110,2054	0,2	1044,572	0,0	2869	149
2101,2002	0,2	1041,562	0,0	2885	149
222,185	0,3	106,38	0,0	203	149
612,664	1,0	363,200	0,0	365	149
228,207	0,1	47,35	1,0	216	149
48,26	0,1	18,13	0,0	253	149
240,125	1,0	89,52	0,0	208	149
1389,1794	0,1	882,480	0,0	186	149
19466,16387	0,0	10882,6650	0,1	453	149
37,73	0,1	29,9	0,0	224	149
55,58	0,2	26,13	0,0	213	149
128,94	3,0	61,34	1,2	262	149
59,95	0,0	36,24	6,0	212	149
363,201	5,6	162,88	0,5	201	149
414,323	2,0	191,124	0,0	221	149
1312,1338	6,6	531,319	0,0	288	149
2859,2879	6,6	1017,704	0,0	307	149
109,71	0,0	43,19	0,1	250	149
32,38	1,0	4,2	0,0	240	149
8,21	1,0	2,0	0,0	315	149
36,28	0,4	21,12	0,0	225	149
2,3	22,40	1,0	16,7	185	149
6,3	6,0	2,1	4,2	188	149
734,619	0,0	337,198	1,0	232	149
117,153	0,2	47,27	0,0	692	149
36,17	128,101	14,5	48,46	198	149
1316,1033	4,15	503,404	0,1	188	149
3598,3312	0,1	1423,1124	0,0	658	149
56,48	1,0	31,24	0,0	224	149
844,807	0,0	515,352	0,2	241	149
1048,907	2,0	641,371	1,0	200	149
352,273	2,0	187,126	0,0	319	149
62,54	0,3	23,11	0,0	232	149
119,93	3,0	63,37	0,1	237	149
177,160	3,0	52,47	0,1	252	149
2,0	3,2	2,3	1,0	159	149
1524,1515	8,0	752,528	0,0	209	149
480,437	8,0	214,165	0,0	211	149
5948,5308	8,8	2385,1516	4,0	191	149
134,109	0,2	49,22	0,0	248	149
124,103	2,5	97,67	1,0	376	149
258,226	1,0	109,84	0,0	202	149
405,403	1,0	241,148	0,0	221	149
8,3	0,0	6,3	3,0	273	149
757,586	2,0	339,191	0,0	397	149
12,10	0,2	4,4	0,1	200	149
949,643	6,9	536,300	6,0	206	149
290,195	0,1	128,100	0,0	173	149
120,118	2213,1966	86,92	969,737	260	149
251,207	1,0	209,126	0,0	281	149
1829,1692	1,0	1137,710	0,0	225	149
2221,2007	9,6	1258,927	2,2	279	149
17,15	36,40	8,2	12,9	204	149
12,6	36,40	7,9	12,9	209	149
101,71	0,3	16,12	0,0	209	149
49,39	164,147	7,7	89,65	185	149
99,110	4,0	49,30	0,0	225	149
258,227	1,0	160,96	0,0	229	149
754,701	1,0	340,242	0,0	215	149
947,892	1,1	571,334	0,0	234	149
234,237	2,1	128,86	0,0	196	149
25,54	0,3	18,15	0,0	179	149
371,525	0,1	286,159	0,0	258	149
1957,1884	1,0	895,568	0,0	1085	149
96,80	2,1	55,39	0,0	374	149
22,32	0,0	13,5	0,2	233	149
200,196	1,1	187,91	0,1	187	149
250,251	0,0	117,90	0,1	204	149
546,375	2,4	313,170	0,0	242	149
1358,1203	1,2	599,454	0,0	250	149
1950,1817	1,2	857,636	0,0	253	149
3334,3705	0,1	2467,1484	3,0	344	149
277,228	2,1	99,68	0,0	235	149
7305,5668	0,0	4595,2137	1,0	207	149
1727,1458	2,0	995,648	0,0	248	149
367,273	2,1	231,118	0,0	230	149
576,468	0,1	244,138	1,4	228	149
588,556	1,2	335,221	0,0	228	149
181,132	3,0	81,45	0,0	272	149
88,65	4,4	34,25	8,0	272	149
59,54	4,4	30,15	8,0	243	149
150,122	1,1	77,35	0,1	243	149
1864,1566	2,2	1163,832	0,2	245	149
859,738	0,1	431,233	0,0	326	149
225,190	2,0	74,45	0,0	264	149
284,227	2,0	80,50	0,0	260	149
3,0	5,2	3,2	1,0	186	149
1456,1023	1,0	1366,725	0,0	290	149
430,325	1,0	289,121	0,0	226	149
16,27	1,0	1,2	0,0	196	149
1235,1025	25,22	741,449	8,3	200	149
791,572	3,8	365,214	2,0	223	149
939,682	16,8	480,267	3,2	158	149
95,99	8,10	47,45	1,2	281	149
5,4	8,10	3,2	1,2	244	149
310,263	5,6	182,118	3,8	295	149
110,114	5,6	89,54	3,8	258	149
235,190	2,0	72,51	0,0	176	149
6,0	0,0	0,0	0,2	286	149
1450,1385	2,1	551,358	0,0	215	149
370,305	0,1	158,86	0,0	282	149
120,131	0,0	33,17	0,4	269	149
1294,1138	0,2	791,391	0,0	337	149
115,130	1,4	47,26	1,1	357	149
169,154	1,4	76,30	1,1	377	149
139,122	1,4	68,30	1,1	402	149
32,26	4,4	9,11	0,1	300	149
3,1	2,0	3,1	0,0	190	149
7,5	42,33	3,2	17,10	190	149
316,272	0,1	130,92	0,0	205	149
582,431	23,25	295,151	11,2	216	149
678,610	3,0	401,272	0,0	197	149
42,66	105,120	16,17	83,53	276	149
25,3	0,1	3,1	0,0	187	149
17,9	48,38	5,4	25,13	193	149
14,5	0,1	1,1	0,0	193	149
443,400	0,0	223,115	0,1	197	149
14408,14184	0,1	5138,3946	0,0	290	149
1929,1798	1,0	710,409	0,0	200	149
34,14	0,0	13,4	1,0	187	149
707,588	0,0	392,291	1,0	285	149
829,655	1,0	468,300	0,0	306	149
735,597	12,7	423,296	3,3	259	149
3612,3261	3,7	2173,1238	0,2	310	149
478,370	2,0	235,120	0,0	173	149
196,202	8,2	104,78	6,5	292	149
72,56	2,5	31,17	0,1	245	149
548,576	1,0	326,241	0,0	255	149
223,187	0,1	168,83	0,0	301	149
220,176	4,0	129,71	0,0	273	149
543,507	7,6	358,199	1,1	226	149
766,562	1,0	436,313	0,0	190	149
1091,942	2,0	159,180	0,0	221	149
11,6	0,0	0,3	0,1	224	149
7660,6484	0,1	4237,2225	0,0	323	149
13243,13931	6,4	7352,4419	3,0	448	149
9,4	568,431	4,3	326,240	195	149
710,611	0,2	564,336	0,0	206	149
112,99	1,0	75,32	0,0	184	149
1912,2183	1,2	1228,782	0,0	363	149
219,184	0,0	117,70	1,0	436	149
24,17	16,12	14,8	1,0	292	149
16,9	16,12	3,4	1,0	216	149
41,30	1,0	21,8	0,0	244	149
480,407	1,0	265,163	0,0	218	149
60,60	1,0	56,21	0,5	225	149
84,88	2,1	27,21	1,0	253	149
2637,2023	1,0	1352,807	0,0	194	149
123,112	2,2	44,48	1,0	193	149
38,48	14,11	17,9	8,9	193	149
103,84	14,11	53,21	8,9	266	149
188,142	1,1	83,59	2,0	266	149
872,914	0,0	507,359	2,0	275	149
2618,2418	0,1	1297,777	0,0	2922	149
56,52	1,0	19,21	0,0	287	149
57,69	5,1	20,15	0,0	218	149
159,161	0,1	53,33	0,0	203	149
3438,2947	1,0	1537,900	2,2	298	149
1088,771	0,1	1315,647	0,0	227	149
5,15	2,0	6,8	1,1	196	149
227,188	13,3	137,77	8,7	176	149
20810,24091	1,2	9204,6919	0,0	472	149
1801,1440	1,0	928,649	0,0	220	149
2275,1957	0,0	1177,852	12,1	230	149
1353,1233	2,1	709,506	0,0	193	149
116,109	0,0	57,33	0,2	247	149
30,15	138,83	8,8	69,29	191	149
412,337	0,0	222,120	2,0	238	149
77,69	10,9	34,25	0,0	214	149
272,198	10,9	146,90	0,0	203	149
424,385	0,0	210,120	0,2	237	149
244,207	0,1	115,54	0,0	210	149
1937,1966	4,0	1216,761	0,1	239	149
916,930	1,0	354,262	0,0	280	149
139,140	0,2	112,62	0,0	228	149
10,12	1338,1355	0,2	671,495	248	149
9,7	48,58	0,0	24,9	248	149
115,112	0,2	75,42	0,0	653	149
5357,4928	1,0	3391,2158	0,0	1198	149
2371,2223	2,0	1434,869	2,0	198	149
3524,2369	0,1	2024,1170	0,0	272	149
503,521	3,1	291,180	3,0	189	149
163,220	0,2	131,102	2,0	195	149
9,8	89,85	15,6	39,33	235	149
276,288	0,2	171,134	0,0	226	149
385,337	1,0	231,120	0,0	183	149
63,61	0,1	23,23	0,0	183	149
291,206	0,1	142,90	0,0	243	149
606,470	0,0	347,188	1,3	243	149
155,131	980,952	90,44	628,438	206	149
545,446	7,6	209,159	1,1	220	149
21,38	32,40	8,10	30,18	287	149
840,797	3,4	524,254	0,1	226	149
43,61	0,2	30,21	0,0	258	149
14,16	27,25	22,13	21,12	206	149
32,28	20,32	23,17	45,14	258	149
445,338	1,0	190,144	0,0	240	149
38232,35712	103,100	18514,9763	56,28	621	149
46206,45435	103,100	22681,12272	56,28	617	149
1008,760	2,1	787,329	0,0	233	149
311,274	113,80	185,91	37,36	195	149
1034,746	0,0	534,228	0,1	188	149
1565,1389	0,1	518,365	1,0	241	149
309,256	0,2	105,81	0,0	427	149
1792,1498	0,4	998,603	2,0	244	149
66,75	0,4	43,19	0,0	169	149
7,9	0,4	6,4	0,0	277	149
2161,1952	3,0	854,468	0,0	218	149
3198,3044	0,1	1166,707	0,0	234	149
5,6	2,6	5,2	2,0	249	149
77,56	3,0	46,31	0,0	279	149
329,275	1,0	158,118	0,0	221	149
275,288	1,0	181,83	0,0	247	149
13417,13178	0,0	7415,4905	5,0	227	149
19442,17637	1,0	10947,7197	0,0	272	149
53,54	3,6	36,11	3,0	241	149
247,226	1,0	113,54	0,0	305	149
472,486	2,1	244,160	2,2	242	149
89,58	1,0	47,37	0,0	231	149
252,253	0,0	78,50	1,0	211	149
2592,2427	2,0	2007,1363	1,0	224	149
413,293	0,4	201,150	0,0	230	149
721,643	0,2	483,295	0,0	228	149
595,571	0,0	213,78	2,0	174	149
1688,1381	2,2	1300,859	0,0	187	149
2082,1710	63,45	1530,1134	19,9	236	149
879,690	0,0	641,458	2,0	236	149
567,655	20,43	422,299	13,7	213	149
50,49	4,1	22,26	2,2	270	149
17,18	8,5	8,11	3,3	186	149
202,223	0,1	126,70	4,0	250	149
490,403	11,7	237,165	1,2	195	149
263,245	11,11	158,118	2,0	188	149
440,354	0,0	234,135	0,2	167	149
471,446	2,1	270,139	0,0	192	149
440,344	2,0	123,85	0,0	260	149
933,925	0,0	701,443	1,0	230	149
19,20	37,57	10,9	0,1	221	149
20,25	115,139	14,11	50,35	221	149
14,16	13,20	10,10	4,1	221	149
14108,14700	3,2	6176,4538	1,4	269	149
817,628	24,4	453,250	2,1	171	149
979,823	2,0	466,303	0,0	264	149
861,743	0,1	263,224	0,0	211	149
790,758	6,0	382,249	1,4	197	149
142,103	0,2	45,36	0,0	196	149
738,684	0,1	456,292	0,0	249	149
107,90	2,0	37,26	0,0	269	149
226,300	1,0	91,70	0,1	270	149
2658,2202	7,0	1785,939	2,2	243	149
2261,2019	0,0	651,373	0,2	158	149
53,33	179,168	33,25	116,96	256	149
40,48	179,168	28,23	116,96	213	149
10,15	179,168	8,6	116,96	239	149
31,34	179,168	11,20	116,96	655	149
2,1	0,1	0,1	0,0	199	149
27,17	179,168	27,17	116,96	199	149
850,866	1,0	431,332	0,0	218	149
222,185	0,1	108,59	0,0	280	149
140,99	2,2	75,33	0,0	168	149
1111,933	5,1	469,372	0,1	229	149
1138,1127	1,0	480,346	0,0	526	149
203,187	11,10	79,71	0,0	226	149
1008,1057	0,2	413,302	0,0	200	149
17,12	2,1	10,5	2,2	366	149
22,8	0,0	8,3	1,0	251	149
73,61	1,0	56,39	0,0	259	149
175,162	3,1	110,57	0,2	223	149
258,201	1,0	140,95	0,0	253	149
174,145	4,3	51,37	0,0	259	149
339,346	4,3	127,101	0,0	276	149
0,0	41,38	1,1	24,19	188	149
0,0	41,38	1,1	24,19	191	149
21,26	92,98	6,3	49,18	195	149
114,85	92,98	39,43	49,18	175	149
164,172	16,10	94,41	5,5	294	149
345,344	16,10	168,74	5,5	268	149
146,165	16,10	86,30	5,5	173	149
183,163	0,0	158,64	0,1	279	149
440,445	3,1	150,139	0,0	201	149
20,21	0,1	9,1	0,0	201	149
130,129	0,4	84,43	1,0	211	149
21,26	2,5	14,5	0,2	153	149
36,35	1,0	14,11	2,0	234	149
675,554	2,0	278,146	0,0	359	149
214,183	2,2	96,82	0,0	308	149
35,26	1,0	13,5	0,0	373	149
6,8	0,0	4,1	0,2	237	149
3825,3342	0,0	4271,2181	1,0	278	149
3971,3600	0,1	2280,1240	0,0	326	149
29,35	851,753	9,1	450,300	294	149
858,750	3,3	448,304	5,0	290	149
95,52	78,59	48,41	71,40	278	149
3341,3087	6,0	1487,944	0,0	227	149
697,647	1,2	204,102	0,0	486	149
504,471	0,0	342,213	0,1	237	149
248,251	0,1	131,126	0,0	268	149
2481,2060	2,1	964,555	0,1	276	149
1171,923	2,1	466,263	0,1	264	149
150,172	2,0	81,39	0,0	265	149
337,341	3,3	153,124	6,3	260	149
233,215	0,1	158,79	0,0	233	149
195,153	3,5	104,52	2,1	235	149
158,161	0,2	104,59	0,0	250	149
260,279	1,0	90,67	0,0	261	149
2298,2217	0,1	1417,1004	0,0	225	149
191,224	0,0	109,76	0,1	266	149
816,849	10,3	411,273	0,2	200	149
8902,7621	1,0	4644,2709	0,0	272	149
130,146	448,391	118,69	168,96	231	149
26,15	0,1	13,5	2,0	320	149
45,32	6,8	15,10	0,4	320	149
28,21	6,8	6,5	0,4	234	149
519,483	0,0	319,156	1,0	182	149
384,306	2,0	154,101	0,0	336	149
32,25	2,0	0,2	0,0	183	149
257,235	1,0	130,81	0,0	206	149
409,373	2,2	155,97	0,0	256	149
42,44	0,1	23,15	0,0	276	149
19,23	250,210	14,5	112,90	170	149
6753,6584	71,53	3348,2105	18,14	416	149
4532,4353	8,11	2210,1396	3,9	416	149
6920,6707	3,2	3903,2470	0,0	419	149
4763,4521	8,11	2783,1772	3,9	419	149
795,732	0,1	438,229	0,0	195	149
898,777	0,0	459,290	3,0	244	149
16,6	0,0	0,2	0,1	255	149
28,33	1,0	8,12	0,0	301	149
498,601	24,8	249,170	26,16	178	149
13,7	5,4	6,7	1,2	235	149
9,4	5,4	5,4	1,2	236	149
6,6	8,8	4,2	2,0	201	149
5,5	4,0	4,3	2,1	201	149
7,0	106,109	5,3	67,37	223	149
296,285	3,5	214,108	3,0	239	149
242,193	14,12	146,85	7,7	177	149
297,266	3,0	130,92	0,0	285	149
55,90	10,2	12,13	0,0	206	149
45,70	10,2	24,22	0,0	202	149
895,733	103,86	368,235	95,62	214	149
86,85	8,1	40,46	0,0	187	149
8,11	8,1	5,2	0,0	255	149
1993,1560	2,0	1452,761	0,0	221	149
395,385	1,0	69,74	0,0	190	149
222,224	15,3	104,62	0,1	213	149
429,328	0,2	355,212	0,0	354	149
633,457	2,6	461,291	1,1	354	149
10,14	2,6	14,12	1,1	299	149
22,24	216,141	31,29	123,96	299	149
262,196	2,0	282,124	2,0	193	149
92,118	0,3	65,60	0,0	219	149
513,430	1,0	185,141	0,0	218	149
89,91	6,1	54,40	2,0	212	149
178,106	2,0	59,39	0,0	268	149
244,172	2,0	116,89	0,0	250	149
186,201	2,0	93,68	0,0	258	149
145,112	2,6	79,55	3,1	200	149
23,17	252,256	27,16	167,94	623	149
140,114	3,0	71,39	0,0	177	149
121,152	3,5	107,48	0,1	267	149
1098,956	7,8	596,320	1,0	254	149
661,629	0,0	300,248	0,1	206	149
1390,1243	0,0	802,460	2,0	237	149
774,782	0,2	356,303	0,0	276	149
67,38	2,4	9,21	0,2	215	149
13,8	72,56	9,6	35,15	257	149
2493,2555	2,1	1601,1000	0,2	234	149
18,25	17,37	9,12	6,18	612	149
544,608	2,1	266,148	0,0	234	149
28,43	0,1	10,16	0,0	243	149
78,73	0,1	19,28	0,0	264	149
554,400	4,0	303,148	0,0	196	149
1082,928	0,0	760,500	2,0	217	149
85,87	0,1	82,25	0,0	218	149
81,74	9,12	135,72	9,21	191	149
100,95	0,1	64,19	0,0	240	149
430,507	1,0	140,204	0,0	221	149
28,10	5,0	0,1	0,0	202	149
361480,345460	0,0	250772,179388	1,0	284	149
155608,146462	0,0	105454,77785	1,0	277	149
583,480	0,2	354,199	0,0	188	149
2,3	153,122	7,0	84,48	236	149
806,900	2,0	525,423	2,0	275	149
68,56	0,2	46,15	0,0	252	149
3440,3292	28,43	2029,1485	18,12	182	149
491,492	1,0	203,103	1,0	198	149
101,91	0,2	54,30	3,8	212	149
258,203	2,2	135,91	0,0	237	149
7,4	0,3	3,2	2,1	210	149
10,7	3,0	15,9	0,0	232	149
478,422	4,5	214,161	5,0	747	149
618,436	0,1	254,114	0,0	184	149
567,455	4,0	297,175	1,0	252	149
16,20	1,5	12,15	3,1	236	149
83,95	0,2	39,26	3,0	233	149
88,86	59,69	105,53	46,13	215	149
89,89	0,4	100,67	1,0	254	149
44,40	0,4	39,28	1,0	227	149
12,4	2,0	0,4	0,0	251	149
177,161	0,0	175,83	0,1	217	149
8,5	1,0	1,1	0,0	194	149
10,10	49,41	12,2	23,11	224	149
17,7	31,28	2,6	14,5	228	149
21,6	0,0	2,9	1,0	206	149
3,1	0,3	0,0	0,3	203	149
6,16	0,2	1,0	0,1	208	149
7,12	24,18	4,7	5,1	194	149
3,3	10,1	1,2	6,1	194	149
55,54	36,15	39,17	4,4	508	149
65,63	59,56	45,26	43,23	508	149
32,33	36,15	8,1	4,4	271	149
43,42	59,56	13,10	43,23	271	149
14,23	0,1	5,6	0,0	271	149
25,34	4,2	11,15	5,0	271	149
13,9	59,56	5,3	43,23	197	149
6,8	4,2	2,3	5,0	197	149
82,42	1,0	12,13	0,0	259	149
39,28	0,0	9,6	1,0	297	149
25,31	2,0	12,7	0,0	249	149
322,252	0,0	201,88	0,1	204	149
3081,2002	1,1	1495,695	0,0	208	149
661,497	1,0	353,144	0,0	277	149
89,113	1,0	54,38	0,0	222	149
28,22	103,100	14,18	86,49	248	149
830,692	3,0	432,206	0,2	207	149
1233,1106	0,1	682,388	0,0	338	149
766,711	27,15	424,253	8,13	227	149
4,3	1,1	1,9	0,0	235	149
393,299	1,0	209,123	0,0	237	149
950,1016	0,0	403,321	0,1	472	149
308,294	30,39	151,106	20,7	230	149
295,272	4,0	155,123	5,1	205	149
62,44	0,0	37,20	2,0	240	149
34,26	0,0	25,12	2,0	245	149
80,68	1,0	44,38	0,0	273	149
161,164	3,1	91,58	0,0	204	149
3,2	0,0	0,0	2,0	194	149
0,0	630,647	2,0	421,204	245	149
1831,1243	1,0	818,493	0,0	221	149
51,37	1,0	12,10	0,0	220	149
136,159	0,1	95,32	0,0	334	149
179,119	0,1	90,68	0,0	299	149
512,439	1,0	417,251	0,0	236	149
3,3	126,103	0,0	51,32	182	149
443,473	0,0	296,204	1,1	213	149
303,223	3,2	232,125	1,0	316	149
484,465	13,7	341,162	21,5	442	149
568,532	1,4	402,226	0,0	2293	149
310,275	0,0	227,83	0,1	292	149
194,116	2,0	89,64	0,0	248	149
247,237	1,0	161,94	0,0	291	149
702,706	0,4	373,208	0,0	203	149
84,69	3,7	45,19	1,0	255	149
98,96	3,7	48,20	1,0	542	149
98,102	3,7	49,20	1,0	545	149
14,7	16,3	4,6	10,3	172	149
36,22	16,3	9,7	10,3	175	149
4895,4252	0,0	3112,2033	2,0	236	149
178,193	1,2	120,54	0,1	222	149
138,149	1,0	54,29	1,0	212	149
233,247	1,0	92,53	1,0	238	149
98,115	0,0	35,24	0,1	238	149
54,48	0,0	19,5	0,1	217	149
184,190	0,0	81,36	1,0	217	149
71,42	1,1	30,21	0,0	212	149
94,69	1,0	19,17	0,0	415	149
54,51	1,0	12,7	0,0	266	149
912,852	0,2	559,328	1,0	259	149
311,277	2,5	202,127	0,0	202	149
10,7	623,591	5,0	392,240	329	149
325,291	1,0	199,143	0,0	290	149
273,249	14,6	87,74	0,0	304	149
154,133	14,6	48,36	0,0	262	149
472,437	2,0	275,167	0,0	227	149
322,352	1,0	170,102	0,0	206	149
414,375	0,1	217,100	0,1	808	149
304,214	2,0	276,156	0,0	211	149
557,335	1,0	217,153	0,0	189	149
690,582	3,0	258,135	0,0	206	149
901,871	0,2	481,330	4,0	246	149
852,751	2,2	245,163	0,2	205	149
254,234	0,0	147,69	0,1	202	149
1511,1115	2,2	502,321	0,0	267	149
37,37	2,3	19,12	8,1	201	149
15,25	136,107	3,3	38,18	204	149
60,49	0,0	41,9	0,1	207	149
52,43	4,4	11,10	0,0	306	149
41,24	4,4	10,7	0,0	211	149
122,129	1,0	61,46	0,0	235	149
2,0	1920,1221	0,1	620,350	347	149
2683,1827	7,10	904,482	5,0	212	149
572,529	1,0	257,195	0,0	244	149
344,272	2,0	205,91	0,0	340	149
4,2	1,0	4,0	0,0	196	149
4,0	2,2	0,0	2,3	216	149
872,780	0,0	345,194	2,0	202	149
82,59	0,0	45,22	0,1	201	149
6258,6768	0,2	3324,2679	0,0	188	149
257,180	2,1	150,90	0,0	205	149
693,455	19,2	264,164	1,2	224	149
30,29	4,5	7,7	0,0	201	149
232,194	4,2	78,51	0,0	217	149
119,138	0,0	95,40	0,1	263	149
186,186	18,20	113,71	25,10	230	149
13525,11221	3,0	7920,4855	0,0	215	149
997,871	3,0	670,432	0,2	229	149
271,338	0,2	176,122	0,0	195	149
103,92	0,2	45,18	0,0	324	149
209,226	0,1	136,84	0,0	218	149
211,172	3,0	141,79	2,0	192	149
233,215	0,0	134,80	0,1	263	149
2264,1479	1,0	1433,793	0,0	335	149
1736,1613	0,0	1162,724	2,0	253	149
1663,1156	5,0	609,350	1,0	297	149
600,526	3,0	244,158	0,0	276	149
723,863	0,0	501,298	0,2	203	149
139,111	1,3	59,35	0,0	195	149
46,56	24,26	20,13	10,7	240	149
6772,6186	1,0	4154,2764	0,0	245	149
13,27	1,0	3,4	0,0	224	149
589,674	0,0	355,227	1,0	253	149
1283,1262	2,0	554,358	0,0	190	149
20,7	56,49	11,2	36,8	236	149
80,109	83,105	37,25	50,20	199	149
100,92	0,1	37,24	0,2	182	149
218,142	2,0	130,51	0,1	233	149
12948,13125	11,13	7215,5535	1,1	276	149
36,31	0,1	7,3	0,0	383	149
106,84	1,2	51,49	0,0	286	149
149,119	0,0	98,55	0,1	215	149
258,205	2,0	144,92	1,0	214	149
69,53	0,8	50,50	0,2	215	149
33,72	2,0	7,2	0,0	198	149
1,0	162,107	0,0	94,51	198	149
321,319	0,3	142,76	0,2	219	149
12,12	45,34	4,4	40,15	180	149
1,0	228,244	0,2	88,73	240	149
118,116	0,1	44,43	0,0	195	149
490,480	0,1	298,199	0,0	220	149
34,35	127,110	9,7	45,23	374	149
67,61	127,110	16,14	45,23	359	149
203,130	7,4	58,35	4,0	246	149
58,40	193,186	40,20	86,48	185	149
2,0	34,18	3,0	11,7	227	149
1463,1195	0,1	752,416	0,0	217	149
142,109	6,0	43,28	0,0	216	149
349,337	1,0	185,123	0,0	471	149
266,246	1,1	110,106	2,0	238	149
595,510	1,0	352,159	0,0	253	149
202,169	2,0	93,55	0,0	297	149
3,3	1,0	1,1	0,0	231	149
254,248	1,0	117,67	0,0	249	149
1,0	1659,1511	0,0	877,510	209	149
3818,3430	1,0	2058,1127	0,0	326	149
467,450	0,2	392,119	0,0	215	149
92,82	24,13	54,20	5,3	625	149
88,76	24,13	54,20	5,3	605	149
39,42	24,13	31,15	5,3	386	149
132,117	3,1	40,28	0,0	263	149
5,3	80,68	9,0	22,16	222	149
1,0	7,5	0,0	7,2	222	149
15892,16296	0,0	13454,8115	2,0	321	149
3772,3443	0,3	3063,1585	0,0	215	149
69,39	1,2	65,35	0,1	217	149
236,176	37,52	174,88	25,11	324	149
726,760	1,0	417,247	0,0	218	149
429,399	1,0	230,113	0,0	197	149
96,51	8,3	24,7	2,0	174	149
6,14	8,3	11,6	2,0	201	149
122,90	8,3	82,27	2,0	162	149
34,19	8,3	38,8	2,0	189	149
4202,3822	0,0	2549,1494	1,0	209	149
258,251	0,3	143,69	0,0	266	149
498,338	4,1	203,134	0,1	234	149
77,100	3,0	48,33	0,0	193	149
143,122	3,2	63,38	2,2	212	149
343,321	0,2	190,132	0,0	209	149
108,117	0,0	67,42	0,2	220	149
1786,1409	1,0	1125,712	0,0	245	149
237,281	2,3	141,74	0,0	228	149
305,331	1,2	172,104	0,0	312	149
209,118	0,0	61,38	2,0	169	149
420,166	0,3	352,159	1,0	222	149
19,12	784,640	8,4	370,251	315	149
0,1	478,598	1,1	290,203	178	149
94,44	83,50	88,26	16,12	189	149
109,110	0,3	43,22	0,0	212	149
140,86	2,6	108,42	0,0	214	149
187,152	2,6	136,62	0,0	241	149
371,274	2,0	196,66	0,0	189	149
93,61	3,1	22,4	0,0	205	149
5845,6111	0,1	2532,1755	0,0	243	149
240,233	2,0	114,77	0,0	262	149
68,29	4,2	29,12	1,2	187	149
2050,1588	0,4	1339,727	2,0	242	149
3711,3082	0,0	2385,1390	1,0	356	149
3385,2922	1,0	1435,856	0,0	227	149
324,199	1,0	191,132	0,0	255	149
739,508	1,0	537,223	0,1	230	149
1787,1439	2,0	668,536	0,0	177	149
1563,1253	2,3	1018,635	8,3	200	149
693,512	0,0	350,201	0,1	312	149
391,350	0,0	251,137	2,0	213	149
141,103	1,4	73,22	1,1	193	149
103,94	1,4	57,25	1,1	196	149
249,244	0,0	118,71	0,1	199	149
3004,2808	0,1	1089,692	0,0	236	149
3337,3516	8,3	1817,1162	0,0	263	149
262,281	208,192	149,108	133,81	165	149
666,712	0,5	325,256	0,2	247	149
8,21	475,248	16,10	221,121	192	149
381,254	9,9	259,164	6,1	232	149
1771,1402	1,2	674,468	0,0	209	149
219,206	0,2	111,76	0,0	203	149
287,215	17,7	173,113	10,7	397	149
106,89	3,7	36,18	8,2	187	149
520,587	0,0	381,180	2,1	255	149
538,471	2,0	281,187	0,0	272	149
6526,6205	5891,5053	2861,1850	1781,1327	265	149
1,2	6,2	0,1	8,0	197	149
303,284	10,4	187,105	1,0	255	149
85,55	1,0	33,12	0,0	213	149
423,428	0,1	270,161	0,0	190	149
99,96	0,1	49,35	0,0	247	149
115,122	5,7	66,34	2,2	273	149
1982,1706	0,2	843,593	0,0	263	149
1351,1324	2,0	547,394	0,0	230	149
2189,1529	3,4	932,622	13,4	327	149
1592,1112	3,4	599,306	13,4	324	149
8,1	1173,761	2,1	571,260	216	149
293,319	0,0	205,139	7,1	279	149
84,58	48,38	31,10	11,7	311	149
84,56	48,38	31,9	11,7	324	149
264,184	0,5	140,69	0,0	215	149
367,321	1,0	349,156	0,0	166	149
4424,3699	1,0	4073,2376	0,0	208	149
1559,1641	5,0	1250,1042	0,0	223	149
376,337	96,44	173,100	36,27	207	149
603,517	1,0	245,178	0,0	435	149
1472,1341	0,0	785,498	0,8	191	149
1162,896	118,62	650,368	74,33	154	149
204,185	1,0	79,67	0,1	347	149
21,20	1090,1125	7,6	530,354	327	149
480,399	4,3	113,78	1,1	228	149
8,4	1613,1644	2,1	781,676	290	149
692,438	1,0	529,362	0,0	236	149
323,321	0,1	142,109	0,0	238	149
165,164	0,0	100,50	0,1	328	149
1,0	728,641	0,0	586,332	173	149
96,97	1,0	24,21	0,0	244	149
59,65	1,0	16,15	0,0	232	149
95,41	0,0	33,28	0,1	220	149
793,841	36,31	405,272	3,6	176	149
1341,1321	1,0	831,506	0,2	296	149
2879,2623	5,5	1509,1152	1,0	272	149
1301,1209	5,5	689,583	1,0	503	149
1304,1208	5,5	697,585	1,0	589	149
169,176	8,10	109,44	4,3	238	149
164,141	5,8	59,54	5,0	351	149
773,551	1,0	579,321	0,0	212	149
18,28	355,312	9,2	228,136	359	149
28,19	355,312	3,1	228,136	226	149
32,27	4,0	15,8	0,0	275	149
12,15	20,13	5,10	12,7	195	149
17,25	8,9	13,9	10,0	190	149
1573,1359	7,1	937,538	1,1	236	149
201,158	1,3	97,38	0,0	226	149
509,356	0,1	184,130	0,0	213	149
2032,1656	0,0	1586,1046	0,2	215	149
5554,4894	2,0	2415,1443	0,0	228	149
940,771	0,0	549,360	1,0	214	149
6,6	15,11	3,2	14,12	264	149
83,86	0,2	38,16	0,0	208	149
704,711	0,1	263,169	0,0	262	149
544,487	0,0	289,199	1,0	249	149
59,53	2,0	38,6	0,0	255	149
351,316	0,0	304,152	1,0	230	149
135,107	0,0	107,69	1,0	222	149
15656,11678	0,3	5611,3527	0,0	617	149
6,2	867,902	0,0	351,247	318	149
1108,983	3,1	512,350	0,0	212	149
1512,1311	0,0	693,431	0,3	209	149
745,543	2,0	422,196	3,0	205	149
643,537	1,0	399,140	0,0	212	149
773,630	2,0	406,196	3,0	240	149
165,218	0,0	75,61	0,1	234	149
2182,2001	0,0	1452,899	0,1	276	149
204,146	0,0	119,77	2,0	278	149
236,217	10,10	131,93	12,6	228	149
167,147	0,0	96,52	0,1	335	149
117,104	0,0	54,41	1,0	404	149
20,15	0,0	13,8	1,0	183	149
61,48	0,0	52,17	0,1	183	149
6,3	2,0	5,1	0,0	183	149
4,12	0,1	13,6	0,0	186	149
2,0	2,0	4,1	0,0	258	149
74,58	4,3	51,21	4,4	258	149
130,138	4,6	88,46	0,0	236	149
120,109	27,28	57,34	9,3	236	149
158,166	0,0	57,28	0,1	212	149
921,1039	1,0	228,85	0,0	581	149
3,6	89,95	4,2	30,27	182	149
178,133	0,2	81,60	0,0	209	149
576,534	0,0	371,199	2,0	263	149
371,285	4,0	189,101	0,0	208	149
728,511	2,0	333,143	4,0	185	149
384,339	16,22	190,133	7,7	278	149
270,269	0,0	132,102	0,2	215	149
242,242	0,1	46,55	0,0	210	149
49,45	1,5	41,23	2,0	224	149
496,439	2,0	228,182	0,0	180	149
1053,1006	30,14	637,396	6,2	281	149
623,676	312,255	393,187	157,116	289	149
1569,1521	2,1	892,491	3,0	215	149
4831,4932	1,1	2631,1713	0,0	197	149
127,103	0,0	77,31	1,0	181	149
1714,1433	0,0	685,468	2,0	232	149
2076,1863	0,2	876,580	0,0	308	149
371,337	3,0	159,111	0,0	206	149
1371,1270	13,4	601,394	7,1	220	149
39,29	111,137	9,5	39,33	189	149
112,125	1,0	38,41	0,0	280	149
92,84	0,1	48,30	0,0	226	149
6,0	3458,2991	0,0	1957,1127	393	149
5,11	32,50	2,2	10,11	396	149
5,11	32,50	2,3	10,11	393	149
155,123	3,3	49,39	0,0	220	149
33,18	0,0	14,7	1,0	205	149
131,101	4,0	65,48	1,0	204	149
723,616	0,6	399,236	0,0	227	149
110,84	0,0	93,37	4,0	238	149
2297,1894	0,4	1495,914	0,0	269	149
501,487	10,13	191,117	5,2	252	149
3759,3196	1,0	1351,1011	0,0	171	149
43,65	160,168	65,39	72,51	251	149
21,29	2,0	26,14	0,0	251	149
255,261	2,0	129,92	0,0	212	149
130,140	6,5	100,65	2,0	212	149
6,0	4,3	0,0	2,0	204	149
2582,2050	1,0	1352,819	0,0	498	149
481,460	6,5	271,204	3,7	238	149
687,819	1,0	436,282	0,0	281	149
7,9	133,158	0,3	76,61	199	149
22,34	5,14	14,13	2,1	256	149
46,52	5,14	17,10	2,1	261	149
0,5	32,9	0,1	16,23	203	149
49,55	78,54	27,25	25,11	368	149
36,42	78,54	24,14	25,11	347	149
1,5	78,54	1,4	25,11	359	149
705,716	1,4	363,312	4,0	301	149
73,111	254,279	43,51	133,106	184	149
460,399	7,6	143,67	0,1	1127	149
131,54	2,0	86,60	0,0	194	149
16,22	0,0	18,12	2,1	222	149
268,197	2,2	111,51	1,0	315	149
66,58	1,1	45,12	0,0	268	149
406,394	1,4	237,159	0,0	219	149
291,325	0,6	154,102	0,0	253	149
31,16	0,1	29,9	0,0	240	149
2421,2994	0,2	1332,729	3,0	207	149
452,395	5,1	239,149	1,0	212	149
61,55	0,1	38,20	0,0	251	149
120,155	6,15	71,39	4,2	203	149
47,65	6,15	29,16	4,2	234	149
2,0	207,155	1,0	77,51	209	149
492,407	1,0	209,167	0,0	237	149
48,32	6,7	45,48	4,3	183	149
445,417	6,7	246,161	4,3	212	149
566,562	0,2	364,239	0,0	212	149
533,570	1,1	336,235	1,1	202	149
79,95	0,0	72,36	2,0	360	149
77,93	1,0	42,23	0,0	187	149
325,292	1,0	103,68	0,0	232	149
5,2	2420,2200	0,0	859,617	213	149
79,82	2420,2200	35,27	859,617	305	149
99,100	2420,2200	45,39	859,617	302	149
401,382	0,1	162,82	0,0	574	149
9,11	0,2	2,3	0,0	205	149
59,47	49,38	35,27	9,14	395	149
632,506	1,0	327,204	0,0	314	149
534,535	1,0	325,197	0,0	215	149
135,81	5,3	47,24	5,1	229	149
218,221	1,2	199,123	0,0	242	149
61,79	0,2	57,48	1,1	227	149
2000,1926	0,1	941,582	0,0	210	149
1440,1160	5,0	833,459	0,0	168	149
1390,1182	4,0	795,454	1,0	197	149
76,82	0,1	29,18	0,0	228	149
175,174	0,0	53,37	0,1	235	149
2,3	37,38	0,0	12,7	196	149
135,99	1,0	38,37	0,0	286	149
37,14	1,0	9,10	0,0	175	149
266,160	0,0	125,78	0,2	176	149
1153,803	121,96	682,296	51,39	335	149
1127,710	121,96	638,279	51,39	637	149
1805,1639	1,6	830,514	4,4	2153	149
371,383	0,1	215,128	0,0	280	149
173,134	1,0	83,42	0,0	304	149
1692,1829	15,16	791,583	4,0	219	149
325,294	0,0	162,122	1,0	210	149
493,455	30,9	315,162	15,5	210	149
97,52	1,2	82,49	0,0	197	149
300,264	2,4	110,90	0,1	252	149
486,352	4,2	162,134	0,1	247	149
316,303	1,0	190,103	0,0	260	149
62,37	387,413	11,9	113,84	245	149
73,82	0,0	49,24	0,2	246	149
476,464	0,0	382,297	1,0	215	149
585,507	0,1	185,131	0,0	169	149
1093,749	1,0	644,442	0,0	185	149
1297,801	1,0	847,475	2,0	179	149
46,45	2,0	27,23	0,0	246	149
793,706	44,57	621,361	53,21	229	149
437,408	2,6	428,241	2,1	229	149
355,335	1188,1034	318,161	634,311	229	149
1,0	532,612	0,0	310,216	248	149
63,61	10,1	32,23	3,0	246	149
1247,1284	0,2	701,383	0,0	228	149
314,319	5,0	137,106	0,0	305	149
554,452	3,5	237,157	0,0	206	149
28,16	0,0	12,5	0,1	704	149
26,21	0,0	15,7	3,1	704	149
41,43	2,0	23,6	0,0	773	149
360,328	0,0	179,98	3,1	875	149
371,336	2,0	180,97	3,1	875	149
362,328	0,5	179,97	3,2	875	149
455,371	2,0	190,126	0,0	254	149
1066,1062	2,0	781,507	0,0	252	149
1397,1347	10,2	937,549	12,15	247	149
1057,1045	4,0	667,441	0,0	202	149
217,155	12,6	103,75	6,0	168	149
1,0	1222,1039	0,0	541,359	243	149
2052,2224	0,1	662,501	0,0	264	149
11,4	24,22	2,8	6,4	670	149
4661,3679	1,0	2115,1230	0,0	268	149
120,161	0,0	82,58	2,0	256	149
3,7	155,182	1,2	90,60	201	149
258,319	0,0	119,86	3,0	295	149
85,90	2,1	34,32	0,0	199	149
113,89	0,0	50,48	0,1	196	149
6140,5965	1,0	4159,2429	0,0	263	149
217,190	4,9	84,61	5,0	212	149
306,273	2,1	128,104	0,0	212	149
364,319	2,0	149,77	0,0	250	149
353,269	1,0	161,73	0,0	266	149
2,0	42,31	0,0	11,13	287	149
4,0	31,19	0,0	9,1	287	149
57,59	26,14	7,9	11,4	194	149
484,365	2,1	328,203	0,0	190	149
655,463	0,2	468,274	0,0	189	149
188,113	292,327	44,17	96,96	256	149
282,326	4,9	91,97	1,5	209	149
1918,1833	3,3	1066,633	2,1	373	149
752,777	1,0	342,243	0,0	187	149
0,0	0,1	2,0	0,0	323	149
629,483	1,0	186,163	0,0	2979	149
22,23	9,10	4,7	8,2	210	149
992,836	0,0	499,270	0,1	274	149
127,91	2,1	68,65	1,0	232	149
51,34	1,0	21,16	0,0	220	149
55,62	2,0	24,10	0,0	214	149
61,53	0,0	21,9	0,1	424	149
1638,1038	2,0	765,363	1,2	237	149
1077,775	2,2	421,262	0,0	246	149
166,150	7,0	65,39	0,0	417	149
275,266	1,0	130,51	1,0	244	149
160,139	4,4	25,18	3,1	227	149
352,304	4,4	81,61	3,1	233	149
529,620	2,0	265,146	0,0	279	149
233,220	2,0	141,100	0,0	292	149
515,382	0,1	218,176	0,0	298	149
253,270	0,1	181,114	0,0	282	149
8074,6602	2,0	6562,4467	0,0	259	149
1239,1067	0,1	873,514	0,0	287	149
1298,1139	0,0	738,497	2,0	233	149
984,1000	865,774	593,361	462,240	295	149
1570,1205	0,1	927,537	0,0	205	149
1463,1525	0,2	899,585	0,0	200	149
562,554	0,1	515,305	0,0	395	149
584,531	4,1	541,299	4,1	404	149
46,29	3,1	14,6	1,2	195	149
285,352	0,1	104,88	1,0	213	149
327,268	1,0	182,113	1,1	209	149
360,284	0,0	201,113	0,2	235	149
100,85	7,3	65,44	0,0	223	149
197,181	2,1	110,42	0,1	195	149
450,404	1,0	296,180	0,0	215	149
216,221	0,1	159,87	0,0	230	149
684,525	12,0	471,214	0,0	234	149
521,402	146,95	233,118	150,72	212	149
157,113	4,0	68,33	4,0	212	149
200,130	4,0	191,102	4,0	209	149
429,335	2,5	212,120	1,0	209	149
43,37	2,1	36,16	2,0	203	149
158,168	2,4	96,53	2,1	291	149
46,38	0,0	20,7	0,1	206	149
93,70	9,7	45,31	1,1	231	149
2917,2778	2,0	1682,1164	1,0	197	149
3805,3142	0,0	2253,1258	5,0	194	149
134,161	128,101	104,55	115,76	230	149
69,69	1981,2213	34,27	1362,883	313	149
643,651	0,1	292,292	0,0	321	149
207,227	4,2	167,100	0,3	191	149
163,169	3,0	111,100	4,0	267	149
2250,1885	1,0	1342,775	0,0	203	149
820,696	4,0	327,224	5,3	267	149
117,65	4,2	54,25	2,2	244	149
84,62	0,1	46,20	0,0	661	149
229,214	2,0	153,72	0,1	351	149
2451,2017	5,1	2080,1335	0,0	164	149
3323,2849	1,1	2829,1882	2,7	212	149
926,1084	6,4	515,332	2,4	211	149
95,70	0,0	31,24	2,0	227	149
129,105	2,0	93,54	0,0	320	149
278,267	0,0	229,144	6,4	188	149
80,96	0,0	83,47	6,4	212	149
110,92	0,1	107,73	0,0	202	149
393,323	0,1	341,213	0,0	206	149
934,751	0,0	526,291	1,0	276	149
1,2	81,76	0,0	88,43	231	149
25,25	1,0	52,20	0,0	175	149
362,297	0,2	213,127	1,2	299	149
267,245	0,1	163,89	0,0	225	149
783,685	2,1	364,253	0,0	214	149
1241,1359	0,2	600,439	0,0	270	149
237,214	2,1	93,67	0,0	339	149
126,143	1,0	53,39	0,0	215	149
257,310	0,0	168,102	1,0	396	149
120,143	3,0	64,58	0,0	311	149
16,10	1,0	2,11	0,0	211	149
574,586	10,11	244,150	3,5	416	149
1044,946	0,2	474,294	0,0	289	149
223,206	0,4	101,61	0,0	183	149
15,21	4,4	15,14	1,0	263	149
50,32	0,0	24,17	0,2	256	149
26,40	0,1	7,12	0,0	209	149
208,222	2,3	105,100	0,0	215	149
702,463	7,2	369,168	2,0	241	149
299,209	4,2	161,94	0,0	241	149
5855,5822	10,1	4272,2669	3,1	261	149
1673,1318	1,0	869,564	0,0	197	149
1468,1401	0,1	813,482	0,0	213	149
147,95	11,5	46,49	0,2	230	149
40,31	0,0	14,3	1,1	349	149
10245,10079	0,0	4657,3157	0,1	223	149
32,30	195,176	11,9	159,77	183	149
136,119	0,0	58,26	0,1	238	149
66,58	0,0	39,16	0,1	231	149
2382,2235	0,1	1148,684	0,0	246	149
15,22	105,63	13,5	35,18	188	149
108,98	0,4	73,36	0,0	181	149
5069,4745	91,46	2646,1697	8,4	209	149
6724,5691	13,7	3296,2108	7,1	242	149
14058,14512	0,0	8508,5057	0,1	1868	149
366,301	4,0	164,114	0,0	209	149
348,313	0,1	183,98	0,0	282	149
26,18	1,0	8,11	0,2	268	149
16933,14101	1,2	12650,8443	0,0	314	149
37,35	2,5	12,12	0,0	331	149
55,60	2,5	26,23	0,0	311	149
54,53	1,1	9,13	0,0	190	149
94,102	1,1	31,26	0,0	243	149
150,164	2,0	96,48	0,0	267	149
164,133	0,2	72,40	1,0	305	149
103,105	0,0	42,32	1,0	236	149
44,35	0,0	24,23	4,0	310	149
80,82	0,0	45,37	4,0	301	149
66,47	0,0	30,24	1,0	205	149
77,49	2,2	24,12	3,0	234	149
63,58	2,0	14,9	0,0	247	149
16,28	8,0	13,13	2,0	256	149
56,57	8,0	38,38	2,0	348	149
360,302	3,0	196,163	0,0	186	149
0,1	30,23	0,0	7,18	171	149
397,430	2,4	212,164	0,0	290	149
222,228	2,4	117,85	0,0	380	149
685,659	0,3	322,242	0,0	205	149
6,3	52,48	0,0	31,18	274	149
23,34	14,9	19,4	1,7	209	149
270,228	2,0	96,96	2,0	194	149
438,376	0,4	234,157	0,0	259	149
165,134	1,0	59,50	0,0	275	149
3365,2523	8,10	1467,899	9,2	1779	149
32,22	1,0	22,12	0,0	193	149
5,0	1044,934	0,0	554,312	196	149
914,706	0,1	391,280	0,0	222	149
87,60	1,1	20,23	0,3	461	149
128,65	1,0	63,54	0,0	247	149
141,130	0,0	65,51	0,1	273	149
506,411	5,2	244,133	1,1	157	149
5677,4640	0,5	2380,1453	0,0	1846	149
5679,4652	0,5	2402,1463	0,0	1849	149
5737,4688	0,5	2419,1480	0,0	1886	149
66,50	0,0	28,17	0,1	254	149
334,262	0,1	185,116	0,0	217	149
44,20	0,1	51,32	0,0	205	149
46,43	0,4	67,42	1,1	235	149
1693,1484	2,1	1034,601	0,0	309	149
10,6	196,177	3,2	105,62	217	149
11345,9902	2,0	6161,3897	0,0	3083	149
2,0	25,2	2,0	1,0	206	149
300,278	1,0	175,104	0,1	210	149
467,304	1,1	307,134	0,0	229	149
209,237	0,4	112,56	0,0	207	149
17444,16416	0,1	8248,5226	0,0	2215	149
6820,6386	1,0	3533,2261	0,0	426	149
82,60	11,2	77,49	9,3	262	149
238,218	0,1	189,142	0,0	275	149
498,521	2,11	304,239	2,4	360	149
521,340	1,1	301,125	0,0	286	149
142,133	0,1	92,57	0,4	245	149
157,120	0,0	112,52	2,0	230	149
57,42	0,1	23,22	0,0	172	149
256,226	0,0	134,78	1,0	214	149
28,23	70,66	8,19	18,12	205	149
248,240	0,7	133,112	2,0	323	149
188,134	0,0	101,45	1,0	227	149
26,19	6,1	10,7	1,1	207	149
1,13	0,0	1,2	6,0	235	149
1726,1557	0,0	1199,778	1,1	203	149
465,413	1,0	215,100	0,0	203	149
10694,8083	0,1	7283,3521	0,0	251	149
1374,995	0,1	593,359	0,0	477	149
326,258	1,0	237,145	0,0	212	149
43,55	2,0	14,13	0,0	196	149
103,93	2,0	50,41	0,0	223	149
67,54	17,3	49,58	6,0	199	149
55,36	1,1	28,17	0,0	216	149
25097,21671	6,8	18423,12145	0,2	215	149
123,104	0,0	86,45	1,0	266	149
40,28	2,0	31,12	0,0	191	149
2547,2364	1,0	1590,847	0,0	254	149
447,390	7,7	213,105	4,1	266	149
14,11	10,12	14,8	9,7	200	149
225,244	0,1	106,109	0,0	171	149
866,759	0,2	531,396	0,0	194	149
118,129	4,0	47,45	0,0	388	149
1627,1544	0,1	732,584	0,0	1751	149
801,568	0,0	451,228	1,1	243	149
1,6	30,21	3,4	13,13	222	149
2,8	30,21	3,3	13,13	196	149
160,188	0,0	116,62	1,0	237	149
244,201	0,1	116,54	0,0	266	149
370,471	1,0	237,197	0,0	172	149
25,18	50,50	21,7	28,18	230	149
180,149	8,19	62,64	3,3	219	149
478,449	0,2	204,124	0,0	211	149
282,331	1,1	148,112	0,0	218	149
109,113	0,1	58,41	0,0	283	149
57,54	0,0	25,14	0,2	206	149
529,366	1,0	331,168	0,0	290	149
148,104	2,0	52,24	0,0	222	149
456,495	27,12	207,140	12,9	211	149
520,502	2,0	282,180	0,0	307	149
121,120	382,338	63,45	213,90	250	149
3,0	13,0	0,1	1,0	213	149
47,65	2,0	22,10	0,0	207	149
56,86	2,0	28,15	0,0	201	149
163,139	1,0	82,40	1,0	314	149
276,240	1,0	115,62	1,0	263	149
342,361	0,6	208,132	0,0	328	149
1864,1850	1,0	1255,720	0,0	232	149
487,326	19,15	255,145	5,3	220	149
93,107	0,0	46,28	2,0	202	149
265,223	0,0	151,63	2,0	231	149
407,306	0,0	119,57	1,0	245	149
3930,3812	25,30	2027,1515	14,15	176	149
2967,2363	0,1	1833,1183	3,1	226	149
100,91	1,0	44,20	0,0	259	149
89,91	0,1	19,17	0,0	215	149
419,368	1,2	201,138	4,0	212	149
126,87	5,1	59,26	1,1	255	149
158,131	1,0	42,39	0,0	186	149
19,13	0,1	4,2	0,0	213	149
123,136	0,0	57,46	3,0	225	149
1845,1465	0,0	1323,667	0,2	234	149
4023,3451	0,0	2889,1544	1,0	195	149
6,4	1382,1535	3,4	933,694	215	149
301,254	6,0	134,84	0,0	308	149
52,64	2,1	20,18	0,1	195	149
247,251	1,1	116,80	1,2	381	149
172,147	17,12	117,85	9,1	212	149
2223,1997	2,0	1238,721	0,0	214	149
755,764	0,1	421,214	0,0	203	149
377,295	5,0	163,122	1,0	238	149
263,229	1,3	132,83	1,1	277	149
19,13	1,1	19,13	0,0	303	149
97,62	2,2	56,19	1,0	214	149
59,53	7,5	63,29	12,1	361	149
1697,1488	0,2	603,436	0,0	240	149
1,1	21,16	3,5	22,17	205	149
43,34	0,0	46,39	1,0	304	149
250,213	2,0	129,96	0,0	213	149
307,271	0,1	155,90	0,0	242	149
290,272	0,1	110,80	0,0	230	149
223,228	0,0	188,102	2,1	272	149
1311,1446	2,0	650,441	0,0	244	149
779,746	0,5	386,258	0,0	447	149
783,746	2,4	387,258	6,0	447	149
375,360	0,5	235,143	0,0	242	149
577,536	2,4	357,206	6,0	242	149
1107,1069	0,5	576,401	0,0	272	149
1402,1339	2,4	712,476	6,0	272	149
461,378	7,1	177,110	1,1	258	149
48,32	9,6	22,7	0,0	221	149
400,212	0,2	239,127	0,2	211	149
165,138	1,0	89,47	0,0	405	149
1547,1409	0,1	752,443	0,0	245	149
45,62	0,3	16,11	0,0	207	149
32,21	0,1	8,6	0,0	199	149
1081,981	1,3	649,393	0,0	200	149
572,480	15,12	471,290	6,1	247	149
567,404	1,0	444,272	0,0	242	149
274,235	3,1	97,76	2,0	206	149
256,226	0,0	239,105	1,0	215	149
103,104	2,0	45,31	0,0	248	149
1420,1158	3,5	909,553	6,1	256	149
827,701	2,2	422,291	0,1	215	149
49,50	36,31	30,34	33,21	210	149
310,260	2,0	131,109	0,0	172	149
1863,1315	51,40	642,446	3,9	271	149
216,197	6,0	108,50	0,0	228	149
4,0	120,92	1,0	77,34	177	149
417,440	2,1	255,140	0,0	255	149
124,117	1,0	108,31	0,0	337	149
50,46	0,2	18,16	0,0	251	149
2,1	0,2	12,5	0,0	224	149
8,14	3,1	0,2	0,1	167	149
7,8	119,126	11,10	65,40	168	149
784,504	0,1	608,265	0,0	242	149
488,610	0,3	388,216	4,1	408	149
324,401	0,3	242,143	4,1	518	149
70,32	7,5	20,16	0,2	173	149
74,85	165,202	29,12	70,68	282	149
804,626	0,0	429,204	1,0	239	149
393,234	2,0	198,83	0,0	239	149
92,66	2,0	34,17	0,0	178	149
505,452	1,0	264,138	0,0	178	149
190,187	0,0	105,76	1,0	240	149
48,43	77,74	27,21	17,21	258	149
373,210	1,1	116,107	0,1	222	149
191,172	1,0	78,69	0,0	256	149
15,9	0,0	12,16	2,0	170	149
2944,3019	1,0	2213,1127	0,0	328	149
436,454	8,3	117,55	0,0	285	149
166,122	0,3	97,43	0,0	209	149
7,12	2,5	1,1	0,0	260	149
1831,1746	0,0	711,454	0,1	210	149
395,398	2,3	229,169	3,0	256	149
29,61	19,16	24,25	7,8	205	149
11,17	19,16	5,5	7,8	191	149
120,108	0,0	96,50	3,0	297	149
31,16	245,245	19,6	121,80	198	149
583,503	1,1	350,207	2,0	271	149
1635,1361	0,2	884,527	0,0	182	149
7,1	227,242	0,1	172,102	241	149
2,4	408,366	0,2	189,165	189	149
175,131	0,3	74,57	1,1	190	149
213,202	2,0	96,55	0,0	242	149
62,75	0,0	24,25	2,0	195	149
23,7	147,166	19,6	64,46	286	149
13,5	142,165	11,4	63,34	286	149
31,24	147,166	16,6	64,46	316	149
514,411	0,0	291,194	0,2	257	149
1,7	9,7	8,0	17,4	207	149
1340,1168	0,2	706,358	0,1	351	149
867,545	14,7	464,227	13,0	265	149
36,41	3,0	35,32	0,0	274	149
3041,2704	2,0	1989,1343	0,0	205	149
142,102	1,0	68,50	0,0	270	149
251,261	0,0	148,92	1,0	225	149
535,541	0,0	242,162	1,0	222	149
489,402	2,2	271,121	0,0	220	149
441,264	0,0	81,35	2,0	190	149
395,337	0,2	127,100	0,0	232	149
112,166	0,0	49,58	2,2	239	149
614,586	2,0	296,244	0,0	241	149
311,381	8,7	144,95	8,8	214	149
1181,1039	2,0	757,444	0,0	182	149
230,163	0,0	118,64	1,0	257	149
283,258	0,0	120,108	1,0	278	149
88,67	0,1	48,19	0,0	218	149
2412,2848	2,0	970,746	0,0	171	149
3137,3689	1,0	1311,1028	0,0	231	149
124,93	3,2	58,38	0,2	244	149
86,69	3,2	45,21	0,2	211	149
6696,5242	1,0	2806,1633	0,0	287	149
249,218	0,0	128,81	2,0	280	149
61,56	0,2	17,17	0,0	299	149
13,7	8,6	8,3	2,1	179	149
5,1	27,19	1,0	12,6	179	149
4,5	65,50	9,7	45,13	179	149
167,193	4,0	74,62	0,0	360	149
1246,1305	0,0	960,624	1,0	364	149
52,35	90,77	31,20	51,16	460	149
44,47	90,77	13,13	51,16	205	149
254,243	0,0	107,83	2,0	194	149
202,156	0,0	101,66	1,0	256	149
165,172	2,0	67,74	0,0	231	149
383,329	1,5	197,111	2,0	212	149
681,540	1,0	428,264	0,0	154	149
1290,1024	0,0	448,277	1,0	158	149
1076,1075	0,1	448,350	0,0	400	149
1306,1307	0,1	709,495	0,0	423	149
1294,1275	0,1	667,464	0,0	416	149
539,523	0,0	212,168	0,2	345	149
5,2	259,232	0,0	86,75	322	149
76,70	1,1	50,20	1,1	212	149
0,1	897,795	0,0	328,236	221	149
7,9	0,1	0,8	0,0	295	149
577,433	1,0	81,59	0,0	269	149
497,426	13,9	273,194	10,3	334	149
631,632	13,9	389,245	10,3	227	149
114,139	58,53	79,53	19,18	245	149
61,57	0,2	14,13	0,0	249	149
0,1	0,6	1,0	0,0	210	149
1537,1082	0,2	890,401	0,0	286	149
749,760	1,2	459,255	0,0	247	149
410,371	0,1	154,139	0,0	244	149
139,147	0,2	79,59	1,0	232	149
4492,3997	1,0	2603,1493	0,0	1401	149
5293,4718	1,0	3006,1796	0,0	956	149
55,63	67,79	19,10	20,18	238	149
78,73	67,79	18,16	20,18	235	149
447,408	0,1	278,120	1,0	180	149
622,478	1,1	257,135	0,0	217	149
2615,2370	0,0	1376,821	1,0	209	149
1834,1690	4,7	854,480	5,2	234	149
2647,2466	4,7	1386,807	5,2	229	149
2980,2700	0,0	1649,922	2,0	197	149
329,269	0,0	160,72	0,2	217	149
255,216	0,2	198,113	0,0	198	149
10,8	13,5	12,3	0,0	250	149
24,23	6,1	10,9	2,0	221	149
0,1	6,1	4,1	2,0	481	149
1708,1660	1,0	1070,608	0,4	206	149
74,69	20,26	23,20	3,7	164	149
792,740	0,1	218,208	0,1	333	149
2433,2581	1,6	1255,847	0,1	191	149
187,165	1,0	100,82	0,0	208	149
6477,6009	1,3	3437,2072	2,2	216	149
119,125	1,0	94,42	3,0	262	149
165,126	1,0	81,40	3,0	240	149
158,152	2,0	58,53	0,0	207	149
6,10	0,2	15,3	0,3	201	149
100,94	1,0	57,24	0,1	205	149
446,423	3,0	244,152	0,0	215	149
767,754	2,4	441,225	1,1	211	149
1147,1247	0,0	754,451	1,0	218	149
1597,1304	1,0	699,427	2,0	225	149
255,271	1,4	173,101	0,0	207	149
537,410	0,1	343,195	0,3	250	149
197,160	2,0	102,38	0,0	219	149
33,28	986,893	18,9	647,428	303	149
546,477	6,1	339,190	3,2	233	149
1507,1343	1,1	997,516	1,0	206	149
1208,1245	7,1	703,483	0,0	234	149
105,94	7,6	51,24	0,0	187	149
829,732	2,2	443,329	0,0	291	149
376,359	1,3	205,170	0,0	291	149
192,205	1,3	147,75	0,0	217	149
636,571	0,2	379,232	0,0	217	149
136,122	0,1	96,59	0,0	181	149
145,151	0,0	111,50	0,1	263	149
233,211	0,2	75,35	0,0	274	149
865,796	0,3	469,307	0,0	213	149
129,113	0,0	80,28	2,0	236	149
4,5	336,323	2,1	132,96	199	149
164,131	0,2	127,74	0,0	225	149
383,432	2,0	175,121	0,0	224	149
106,100	0,0	69,40	1,0	257	149
27,33	5,0	10,13	1,1	231	149
52,54	0,7	20,16	0,0	396	149
27,10	20,18	10,11	14,6	235	149
44,37	2,4	28,21	0,2	1227	149
22,33	2,4	25,13	0,2	1200	149
9,24	2,4	14,6	0,2	231	149
28,31	2,4	20,7	0,2	195	149
283,239	1,0	151,102	0,0	277	149
200,224	1,2	110,81	0,0	233	149
931,683	0,1	468,253	0,0	299	149
72,56	74,50	45,18	48,29	336	149
1461,921	13,7	921,458	0,3	277	149
272,257	2,0	179,84	0,3	235	149
4,3	1,0	1,1	0,0	281	149
68,55	3,0	31,16	0,0	223	149
743,528	0,0	412,233	2,0	216	149
814,788	0,0	588,305	0,1	198	149
3094,3138	1,0	1255,689	2,0	281	149
253,270	0,1	175,93	0,0	197	149
154,121	0,5	62,42	0,0	218	149
11,8	284,267	2,3	151,111	283	149
1,0	284,267	0,0	151,111	203	149
2323,2350	2,5	1594,1067	2,3	197	149
336,375	1,0	218,110	0,0	208	149
221,171	1,0	105,74	0,0	280	149
169,106	0,2	108,72	0,0	238	149
2999,2461	1,0	2413,1157	0,1	1204	149
3196,2649	1,0	2557,1237	0,1	1252	149
278,238	0,0	114,68	0,4	192	149
24,18	253,161	7,5	121,54	259	149
688,688	3,1	271,181	0,0	174	149
1369,1217	0,2	509,335	0,0	224	149
821,693	0,1	465,234	0,0	233	149
1286,1168	8,10	746,433	0,1	215	149
50,36	44,41	28,29	24,16	678	149
1963,1838	0,2	1375,795	0,0	208	149
479,462	0,1	341,209	0,0	222	149
227,227	0,0	129,89	0,1	388	149
584,568	1,0	268,164	0,0	212	149
123,92	0,0	57,31	0,1	428	149
5063,4534	1,3	3367,1767	0,0	191	149
732,457	106,112	695,363	61,30	570	149
488,495	5,1	221,137	2,1	202	149
2093,1771	3,2	1340,813	3,1	216	149
3552,2847	4,0	2225,1219	0,0	299	149
71,107	4,4	54,41	2,4	243	149
209,144	2,0	80,56	0,0	235	149
1731,1517	1,0	1101,574	0,0	264	149
167,175	9,12	114,70	13,6	209	149
446,417	0,2	326,198	0,0	219	149
51,34	1,0	19,9	0,0	236	149
283,268	0,1	79,86	0,0	251	149
637,549	10,15	348,185	0,0	264	149
139,98	0,1	55,47	2,0	220	149
102,72	0,0	58,37	2,0	276	149
326,280	2,0	193,112	0,0	266	149
76,75	813,1017	14,16	456,312	239	149
164,135	0,1	114,62	0,0	232	149
1,2	314,181	4,0	112,65	185	149
23,17	6,0	7,7	0,0	200	149
98,140	1,1	47,26	0,1	195	149
571,528	37,18	367,282	31,10	208	149
52,53	5,1	31,9	1,0	212	149
298,246	33,21	161,90	8,5	289	149
1221,996	0,1	758,494	0,0	341	149
609,520	2,0	428,223	0,2	252	149
116,141	5,2	55,46	1,0	211	149
15,25	5,2	13,3	1,0	215	149
237,200	1,7	138,88	2,3	183	149
444,337	3,0	181,139	0,0	205	149
291,251	1,1	133,79	0,0	237	149
17,14	5,1	17,7	0,0	226	149
189,116	1,0	113,49	0,0	222	149
40,15	0,1	2,5	0,0	374	149
139,113	4,3	47,33	0,0	216	149
7,11	232,218	11,10	116,93	273	149
777,643	0,0	466,240	1,0	250	149
232,193	4,0	148,42	0,0	173	149
7527,6231	0,0	5437,2728	2,0	394	149
5477,4534	0,0	4008,1915	2,0	389	149
975,885	0,0	449,313	1,0	281	149
73,62	1,0	30,13	0,1	264	149
2944,2799	0,0	2672,1829	2,0	308	149
767,664	11,8	467,320	6,2	284	149
592,539	2,1	273,185	0,0	186	149
4,2	3,17	0,0	2,0	226	149
43,35	129,140	9,10	45,40	226	149
205,222	8,7	126,82	5,9	180	149
447,306	2,0	182,140	0,0	235	149
136,128	0,1	38,24	0,0	455	149
0,2	1,2	0,1	2,0	235	149
537,517	4,0	297,183	0,0	238	149
658,575	2,0	358,166	0,0	252	149
11,18	0,0	9,8	0,3	225	149
1043,787	1,0	559,295	0,0	269	149
356,256	2,2	163,62	1,0	234	149
216,139	2,0	100,28	0,0	234	149
480,437	2,0	247,161	0,0	212	149
450,416	2,0	245,141	0,0	212	149
0,9	7,0	5,0	0,0	219	149
222,170	1,3	102,61	2,0	233	149
197,151	0,2	104,45	0,0	185	149
35,22	0,2	16,9	0,0	200	149
249,222	1,3	126,64	2,0	222	149
319,263	3,0	125,77	0,0	257	149
272,234	34,18	102,82	15,5	244	149
227,243	1,0	124,61	0,0	215	149
279,260	0,1	121,68	0,0	307	149
263,244	0,4	118,65	0,0	307	149
211,169	0,4	146,64	0,0	247	149
14,16	4,4	9,4	3,0	371	149
4,4	4,4	3,1	3,0	192	149
5,3	4,4	0,1	3,0	197	149
41,54	18,4	20,1	12,5	209	149
1,2	66,76	2,2	22,19	188	149
2,0	15,13	0,0	7,2	188	149
171,147	0,3	51,32	0,0	215	149
132,127	0,0	41,27	1,0	194	149
28,29	143,122	8,8	72,54	242	149
214,169	2,0	101,79	0,0	255	149
287,243	0,1	142,43	0,0	290	149
705,682	0,5	377,214	0,0	259	149
142,120	1,0	93,37	0,0	196	149
1894,1841	1,2	1464,1043	0,0	801	149
56,65	0,2	69,28	0,0	245	149
13,3	66,42	6,1	45,18	205	149
84,53	2,2	58,24	0,0	187	149
25,24	33,18	30,36	27,7	280	149
70,87	35,32	79,46	20,3	543	149
64,94	26,23	74,44	6,3	543	149
77,94	35,32	83,46	20,3	614	149
107,120	35,32	112,59	20,3	795	149
111,120	26,23	121,60	6,3	795	149
327,300	1,0	241,119	0,0	1137	149
230,194	1,0	126,57	0,0	352	149
221,185	1,0	112,57	0,0	349	149
522,407	1,0	227,153	0,0	258	149
506,407	0,1	292,199	0,0	230	149
33575,29654	0,0	25475,15288	4,0	326	149
28175,25172	0,0	22167,13086	0,1	306	149
549,438	9,13	299,185	5,1	337	149
191,133	9,13	112,51	5,1	250	149
363,344	0,1	202,124	0,0	212	149
317,283	1,0	162,104	0,0	193	149
0,3	1,2	4,0	3,2	191	149
13,7	0,0	8,4	2,0	303	149
0,2	13,4	1,1	8,4	205	149
218,240	3,3	98,67	0,2	230	149
2850,2395	2,3	2291,1367	2,0	211	149
26,7	459,378	8,12	216,178	209	149
50,41	1,0	15,19	0,0	210	149
113,72	3,1	24,25	0,0	210	149
37,46	1,0	3,10	0,0	201	149
333,352	1,0	140,85	0,0	319	149
17,11	22,30	11,3	11,2	181	149
171,185	1,0	117,76	0,0	221	149
0,0	141,158	1,1	82,47	245	149
27,26	447,272	38,19	188,95	194	149
305,210	0,1	148,82	0,0	446	149
719,455	0,1	294,158	0,0	295	149
76,83	388,348	50,22	253,155	232	149
378,288	0,1	241,128	0,1	156	149
223,195	2,0	106,64	0,0	292	149
34,32	1,0	16,8	4,0	210	149
75,51	0,0	30,12	3,0	261	149
981,871	0,1	306,159	0,0	289	149
27,12	1,0	4,8	0,0	467	149
25,29	2,0	12,12	0,1	245	149
707,656	8,8	351,186	5,0	195	149
1576,1453	1,0	734,489	0,0	177	149
792,722	0,2	478,235	0,0	432	149
105,112	13,3	36,20	4,7	226	149
514,462	2,1	372,234	5,0	211	149
695,540	1,0	468,260	0,0	249	149
138,212	0,1	79,74	2,0	302	149
61,32	42,24	53,36	6,8	214	149
73,51	25,22	44,16	13,8	214	149
77,61	25,22	25,14	13,8	190	149
89,65	67,53	64,37	40,8	190	149
47,59	1,0	19,18	0,0	245	149
31,24	1,0	9,4	0,0	185	149
0,1	25,45	0,4	20,11	211	149
40,52	13,5	40,24	1,5	250	149
99,109	13,5	56,48	1,5	302	149
105,116	13,5	67,46	1,5	398	149
103,121	13,5	70,47	1,5	405	149
11,12	1,0	6,3	3,0	207	149
171,153	0,2	57,34	0,0	211	149
275,179	2,2	205,87	0,1	253	149
206,215	1,2	96,85	3,1	222	149
421,332	0,0	217,137	0,1	308	149
113,91	1,0	108,67	0,0	179	149
178,116	2,6	88,49	0,3	262	149
127,130	3,9	72,58	1,0	243	149
112,104	0,2	67,54	0,0	304	149
147,141	0,2	75,65	0,0	307	149
120,116	1,0	110,72	0,0	220	149
1531,1552	5,3	741,505	2,1	307	149
119,91	7,1	91,40	6,2	260	149
37,48	119,133	26,18	68,53	221	149
22,17	119,133	11,8	68,53	198	149
3,1	0,0	0,0	0,1	315	149
522,428	0,2	358,164	0,0	213	149
2811,1634	0,0	1558,843	4,0	206	149
111,81	0,2	40,22	0,0	408	149
3396,2561	0,0	1382,828	1,0	202	149
56,88	21,30	27,21	14,3	229	149
184,214	114,128	83,70	58,31	229	149
885,720	0,0	570,318	2,0	255	149
590,651	2,0	452,285	0,0	254	149
178,178	1,1	116,57	0,0	192	149
55,91	1,1	38,25	0,0	209	149
359,255	0,0	189,79	1,0	206	149
422,419	0,0	292,207	1,0	221	149
269,267	6,3	149,74	2,1	248	149
29,26	0,1	27,12	0,0	225	149
12,11	7,2	8,7	1,1	193	149
192,237	0,2	97,71	0,0	260	149
71,90	0,1	29,26	0,0	233	149
438,545	1,0	154,94	0,0	331	149
256,157	0,2	182,80	0,0	195	149
14134,14205	0,2	7769,4870	0,1	421	149
3865,3127	1,2	2509,1379	1,1	192	149
306,240	1,0	119,56	0,0	212	149
325,266	0,1	211,140	0,0	218	149
88,74	6,6	21,21	4,0	188	149
3,4	80,68	0,0	33,23	221	149
2,3	2,3	0,0	2,0	221	149
0,1	80,68	2,0	33,23	195	149
3,0	3,4	2,0	0,0	195	149
12583,12358	0,1	6480,4110	0,0	332	149
245,174	1,0	138,70	0,0	251	149
388,357	1,0	227,110	0,0	244	149
642,470	0,1	380,184	0,0	218	149
224,268	0,0	105,59	1,0	221	149
351,298	0,3	162,80	0,0	234	149
400,379	0,2	144,121	0,0	513	149
419,429	6,5	212,135	2,5	237	149
174,176	0,0	93,41	0,2	221	149
131,117	2,2	77,56	0,0	205	149
436,301	0,1	239,130	3,1	293	149
0,12	1,2	3,2	0,0	180	149
13,24	1,2	7,4	0,0	195	149
4149,3297	8,3	2804,1466	4,2	185	149
4207,4016	1,1	2335,1454	0,0	221	149
70,105	2,0	74,40	0,0	350	149
63,54	316,302	4,9	187,123	205	149
52,50	2,1	37,15	0,0	187	149
191,145	4,3	120,66	0,0	199	149
90,108	14,16	16,32	4,2	230	149
745,545	2,0	440,214	0,0	201	149
174,143	2,0	111,62	0,0	513	149
501,548	0,1	327,218	0,0	204	149
23,26	1,2	6,8	0,1	226	149
215,221	0,0	42,17	3,1	249	149
264,254	1,0	110,36	0,0	267	149
269,282	4,0	187,112	0,0	279	149
54,20	8,5	30,14	0,2	719	149
250,240	0,0	133,56	0,1	275	149
10,4	144,129	5,0	139,62	213	149
112,87	0,3	38,19	4,4	222	149
1545,1497	0,1	834,556	0,0	200	149
17,16	369,375	9,8	237,165	249	149
410,382	0,1	160,93	0,0	249	149
357,397	0,2	198,119	2,0	229	149
680,682	0,1	211,164	0,0	254	149
822,699	2,0	173,157	0,0	203	149
235,219	0,1	116,72	3,0	235	149
184,203	0,1	146,86	1,1	191	149
634,664	9,15	422,286	11,2	273	149
606,570	0,0	294,232	0,2	214	149
767,663	0,1	313,200	0,0	818	149
27,24	33,66	16,11	13,16	226	149
140,144	3,5	86,58	0,0	305	149
250,287	3,5	176,133	0,0	287	149
127,133	3,5	81,50	0,0	281	149
113,94	8,7	44,32	3,7	189	149
1,1	466,308	0,1	207,133	189	149
4,3	8,7	9,2	3,7	177	149
43,50	4,0	12,7	0,0	261	149
59,66	1,0	20,19	0,0	394	149
16,22	0,0	1,2	0,1	225	149
27,34	4,2	2,5	0,0	220	149
229,173	0,0	59,62	1,0	225	149
164,124	2,0	58,61	0,0	230	149
85,88	1,0	32,33	0,0	182	149
795,604	0,0	448,207	0,1	197	149
468,331	6,5	313,175	0,0	179	149
157,133	5,5	52,51	3,3	223	149
113,124	2,5	95,67	0,0	231	149
108,118	2,0	90,44	0,0	231	149
449,376	0,1	246,126	0,0	262	149
1054,809	1,1	636,332	1,0	247	149
14,8	6,8	5,3	3,3	211	149
238,231	3,0	130,70	0,0	235	149
99,121	16,8	43,28	9,13	339	149
1122,852	3,1	725,373	3,0	257	149
963,839	0,2	523,324	1,0	293	149
13,12	3,4	8,3	4,0	296	149
518,439	4,0	201,149	0,0	217	149
4975,4310	2,2	2256,1406	0,0	233	149
5982,5519	0,3	2688,1802	0,2	302	149
3126,2887	3,2	1403,1023	0,0	215	149
3869,2640	144,91	2298,1036	37,18	167	149
283,274	7,3	153,95	3,2	167	149
37,47	2,0	15,8	0,0	160	149
9743,8501	0,3	5966,3625	0,0	288	149
262,234	0,2	104,81	0,0	155	149
221,224	2,0	109,70	0,0	215	149
225,279	1,0	150,94	0,0	305	149
544,594	0,0	292,208	3,0	215	149
376,381	3,1	206,161	1,0	318	149
44,79	0,1	41,21	11,0	285	149
79,119	0,1	68,38	11,0	296	149
54,22	12,9	8,7	11,15	194	149
76,65	2,1	28,20	0,3	283	149
159,161	0,0	88,55	1,0	227	149
1686,1532	4,6	905,642	1,0	258	149
8,6	1,3	3,2	1,0	245	149
20,19	36,41	18,8	20,18	245	149
3,14	127,107	9,4	54,38	313	149
308,328	1,0	182,131	0,0	236	149
246,295	2,2	167,116	2,1	210	149
1600,910	3,0	269,215	0,0	220	149
39,37	31,23	14,10	8,4	205	149
24,21	31,23	7,9	8,4	256	149
889,782	0,2	403,231	0,0	272	149
956,951	0,1	486,286	0,4	310	149
319,207	4,8	180,122	3,2	228	149
285,296	0,0	186,114	0,4	283	149
151,137	9,4	151,54	8,7	221	149
239,205	27,13	178,103	8,5	167	149
1308,1237	8,2	593,418	0,3	154	149
1308,1051	1,0	1029,655	0,0	279	149
115,63	0,0	66,37	1,0	208	149
9279,9093	0,0	4656,2889	0,1	3207	149
275,297	302,301	112,94	192,120	197	149
291,211	0,1	80,59	0,0	268	149
2742,2654	0,0	1446,1064	0,1	197	149
38,28	0,0	26,15	0,2	194	149
10,2	829,785	7,1	447,314	239	149
0,4	2,3	0,0	2,0	172	149
24,39	2,3	8,14	2,0	247	149
92,68	0,2	34,19	0,0	203	149
189,126	1,0	50,41	2,0	226	149
147,122	0,8	53,49	0,0	187	149
163,129	2,0	64,58	0,0	218	149
176,174	14,10	90,75	2,1	274	149
85,89	1,4	39,41	0,0	274	149
205,258	0,1	75,51	0,0	187	149
329,353	0,3	117,82	0,0	236	149
4945,4315	13,10	4047,2299	8,0	269	149
1699,1563	13,10	1393,897	8,0	242	149
2972,2690	5,4	2508,1578	5,1	187	149
3804,3502	0,1	3242,2046	0,0	195	149
874,752	0,1	805,537	0,0	199	149
27,24	1,0	18,10	0,0	223	149
55,38	1,0	32,25	0,0	506	149
1579,1558	6,3	879,642	4,3	223	149
210,156	0,0	91,45	1,0	284	149
493,463	2,0	228,93	0,0	234	149
1083,1075	0,1	502,329	0,0	905	149
20,18	109,106	21,12	27,27	230	149
23,17	109,106	5,6	27,27	187	149
260,241	0,4	162,67	2,0	247	149
231,221	1,0	144,46	0,0	221	149
1072,923	2,0	722,478	2,0	284	149
5525,5202	0,1	3114,1753	0,0	239	149
14317,13297	0,0	6667,6130	0,4	267	149
27,33	0,0	17,11	0,4	272	149
73,45	0,0	29,20	0,4	575	149
227,119	0,0	60,32	0,4	1107	149
271,140	0,0	63,33	0,4	1502	149
43699,39220	18,9	22151,17274	4,4	299	149
191,178	2,0	87,57	0,0	247	149
69,62	100,100	29,31	49,36	211	149
36,36	100,100	9,6	49,36	177	149
1586,1272	0,2	926,517	0,0	172	149
101,111	1,0	46,26	0,0	278	149
107,104	1,0	29,20	0,0	221	149
15507,14784	0,0	7707,4407	1,0	252	149
99,37	0,0	60,30	0,2	395	149
60,51	0,4	23,9	0,0	402	149
44,24	0,4	20,6	0,0	417	149
596,685	2,0	422,304	1,1	211	149
1782,1590	0,0	998,683	1,0	415	149
4550,3478	0,1	2261,1194	1,0	176	149
158,173	4,7	65,38	0,3	212	149
62,70	0,0	29,17	0,1	330	149
102,95	0,5	51,23	0,1	208	149
2,0	148,107	0,0	106,35	182	149
7655,6560	2,0	5055,2777	0,0	308	149
4024,3655	2,0	2729,1515	0,0	302	149
495,461	11,6	306,157	1,0	250	149
378,297	0,1	235,127	0,1	205	149
568,435	3,0	238,196	0,0	254	149
42,34	0,2	36,23	2,0	477	149
1024,781	0,0	868,489	1,0	985	149
1036,805	0,0	891,496	1,0	1074	149
331,237	3,2	106,61	1,0	195	149
510,429	0,3	234,116	3,3	251	149
386,342	2,0	135,89	1,1	235	149
5,0	2,0	0,0	2,2	180	149
1297,872	2,0	683,318	0,0	220	149
29,40	9,3	31,3	2,0	225	149
15,7	231,173	8,4	112,55	347	149
127,89	0,3	75,37	0,0	215	149
393,402	2,5	191,115	0,0	334	149
1143,1098	0,1	590,418	0,0	224	149
99,78	0,1	49,26	0,0	236	149
210,143	0,1	75,65	0,0	344	149
178,123	0,1	60,55	0,0	329	149
928,857	0,2	660,359	0,0	230	149
1455,1408	2,1	881,504	6,0	252	149
33,17	14,22	23,12	9,6	179	149
88,115	14,22	50,34	9,6	216	149
73,72	14,22	52,31	9,6	237	149
4,5	2,0	6,3	0,0	211	149
2,5	2,0	13,11	2,0	211	149
128,113	1,0	29,20	0,0	301	149
153,140	0,2	123,89	0,2	262	149
206,217	0,1	116,57	0,0	322	149
749,745	0,0	440,293	1,0	223	149
1920,1862	1,0	1123,690	1,0	665	149
0,2	339,411	0,0	178,90	242	149
269,217	1,1	183,78	0,0	242	149
2376,2012	0,0	1319,703	0,2	224	149
441,402	1,0	227,151	3,0	220	149
125,95	0,0	71,44	0,1	222	149
239,186	3,2	93,66	0,0	205	149
2607,1976	1,0	1618,827	0,0	483	149
121,101	0,1	57,24	0,0	178	149
80,65	0,0	22,13	0,1	189	149
175,223	0,0	120,73	0,1	263	149
2270,2318	0,0	1325,852	0,1	224	149
3397,2661	0,0	978,609	1,0	181	149
1138,1079	2,0	763,458	0,2	194	149
469,437	12,3	286,159	3,0	355	149
473,488	0,1	280,235	0,0	291	149
90,163	2,0	33,37	0,0	208	149
314,454	2,0	152,109	0,1	225	149
230,224	25,18	191,89	7,10	163	149
389,390	5,2	274,129	0,0	235	149
19,15	1,3	15,7	0,0	175	149
365,294	0,0	197,93	0,1	201	149
98,45	4,11	46,25	2,4	236	149
169,139	0,0	92,62	2,1	213	149
77,61	0,0	47,30	2,1	217	149
113,105	1,0	97,39	0,0	213	149
200,223	5,8	126,98	5,1	319	149
39,41	1,1	12,8	0,0	200	149
240,209	2,0	116,53	0,0	215	149
1186,1057	0,2	1081,588	4,0	466	149
912,761	0,2	856,395	4,0	387	149
721,731	0,1	722,336	0,0	228	149
819,929	1,3	781,362	3,0	236	149
24,36	1,1	21,19	1,3	253	149
200,174	0,2	122,87	0,0	202	149
1859,1788	1,0	933,531	0,0	226	149
606,575	2,0	328,162	0,0	236	149
401,334	1,0	294,178	0,0	393	149
260,250	2,0	102,70	0,0	207	149
543,452	1,0	260,209	0,0	266	149
353,298	2,0	188,124	0,0	194	149
9,36	0,3	14,4	0,0	209	149
92,116	77,67	45,47	31,21	365	149
273,252	0,0	139,101	1,1	202	149
198,175	0,4	153,100	0,0	195	149
331,302	0,1	214,116	1,0	281	149
0,2	113,139	0,0	29,26	170	149
1105,1107	1,0	842,482	0,1	263	149
92,57	3,1	53,35	1,0	202	149
9663,8570	6,0	5482,3395	0,5	286	149
7410,6537	2,0	4231,2547	0,0	225	149
315,258	7,1	127,78	0,0	241	149
234,209	8,3	87,55	0,0	241	149
362,313	7,1	184,85	0,0	238	149
284,233	8,3	131,60	0,0	238	149
1303,1306	4,0	620,371	0,0	269	149
81,77	0,0	58,18	0,1	229	149
521,507	0,0	306,177	0,1	235	149
3038,2866	0,0	1833,1135	2,0	3184	149
37,16	0,1	26,15	0,2	275	149
5,9	338,333	12,2	216,97	204	149
18,13	1,0	18,6	0,0	220	149
10,10	1,0	9,5	0,0	206	149
358,329	0,3	184,134	0,2	257	149
230,225	0,0	116,76	1,0	242	149
802,727	2,1	443,263	0,0	181	149
13,5	1851,1537	1,3	678,401	274	149
26,16	1,0	6,3	0,0	215	149
202,201	2,0	91,58	0,0	221	149
273,235	2,1	157,122	0,1	264	149
129,146	1,0	36,21	0,0	234	149
547,539	30,12	273,172	3,0	230	149
252,225	30,14	169,97	2,2	214	149
476,422	24,11	201,140	6,2	212	149
48,56	9,6	40,25	5,0	484	149
13,18	33,25	9,7	12,10	195	149
769,668	1,1	362,254	0,0	270	149
3,0	5,3	1,0	0,4	199	149
1188,1177	0,1	561,351	0,0	185	149
275,227	0,0	96,69	0,1	278	149
1153,1169	2,0	623,348	0,0	316	149
1102,992	0,1	620,361	0,0	248	149
1229,921	0,0	1145,673	0,1	212	149
7359,6125	1,0	3929,2764	0,0	238	149
613,412	8,5	255,169	0,0	218	149
831,809	2,0	491,285	1,2	234	149
615,491	3,6	310,169	15,3	394	149
150,143	3,1	61,38	0,1	392	149
293,335	3,1	125,116	0,1	252	149
299,161	0,0	141,69	0,1	284	149
3,1	3,4	2,0	0,2	396	149
71,91	0,1	35,24	0,2	181	149
362,309	2,2	231,158	0,0	228	149
415,368	4,1	192,108	0,0	217	149
352,333	1,0	204,118	0,1	226	149
2362,2316	10,7	1116,702	0,4	292	149
2862,2677	10,7	1575,890	0,4	289	149
12,5	6,8	1,1	12,3	211	149
55,83	2,0	30,29	0,0	173	149
1860,1492	0,2	969,566	0,0	691	149
2590,2185	0,2	1362,746	0,0	866	149
2203,2233	0,3	750,541	0,0	203	149
251,198	1,0	141,64	0,0	285	149
142,137	1,0	83,44	0,0	435	149
325,236	5,3	188,99	6,1	205	149
238,242	5,2	114,69	2,0	192	149
508,477	0,0	337,259	1,0	189	149
974,980	1,0	483,260	1,0	173	149
244,261	2,0	181,129	0,0	224	149
443,297	8,4	226,110	12,7	202	149
161,103	0,2	70,45	0,0	240	149
265,200	2,0	116,82	0,0	242	149
110,66	2,0	53,32	0,0	237	149
43,64	2,0	14,26	0,0	1451	149
49,67	2,0	14,26	0,0	1468	149
58,35	282,263	25,21	133,113	277	149
18,11	282,263	8,9	133,113	211	149
64,101	0,2	29,11	0,0	212	149
162,159	2,0	117,80	0,0	247	149
93,79	20,17	50,33	10,4	243	149
744,545	0,0	447,228	1,0	204	149
3587,3384	0,0	2106,1393	1,0	264	149
302,248	9,7	161,103	2,3	208	149
126,135	9,7	93,64	2,3	201	149
5,7	0,0	7,6	2,0	203	149
10,8	0,0	7,9	1,1	299	149
439,355	2,3	214,107	2,0	187	149
108,64	6,6	41,17	5,1	204	149
22,14	138,70	6,5	61,51	218	149
12348,9475	1,3	8876,5367	0,0	445	149
8738,6444	1,3	6288,3752	0,0	1084	149
130,135	2,3	44,20	0,0	219	149
184,194	1,0	90,66	0,0	223	149
224,179	1,0	127,58	4,0	195	149
1031,762	46,37	516,286	26,11	153	149
1443,1154	1,2	536,372	0,0	251	149
1277,1289	0,1	731,407	0,0	251	149
620,585	1,3	224,126	0,0	217	149
1060,1064	0,0	358,270	2,2	193	149
507,556	1,0	383,178	0,0	242	149
173,204	1,2	94,66	0,1	219	149
32,21	0,0	14,10	2,0	194	149
4,4	91,66	15,5	38,20	327	149
185,188	2,0	119,76	0,0	231	149
656,630	1,0	313,163	0,0	218	149
58,69	1,1	37,31	0,0	295	149
61,46	0,2	42,24	0,0	209	149
1415,1019	3,4	763,378	4,3	230	149
950,823	0,0	583,352	0,1	398	149
352,456	2,0	255,151	0,0	241	149
149,184	2,0	110,54	0,0	623	149
156,183	2,0	110,53	0,0	906	149
59,67	5,0	37,24	1,0	211	149
18,14	104,106	9,1	67,42	161	149
42,23	273,241	7,7	69,70	211	149
94,89	0,3	60,44	2,0	296	149
146,125	0,3	84,43	2,0	325	149
66,43	0,3	40,18	2,0	262	149
274,211	167,88	279,159	95,27	580	149
1630,1698	3,0	1057,620	0,1	204	149
145,118	1,0	49,18	0,0	234	149
61,45	1,0	24,10	0,0	285	149
104,93	0,0	32,20	1,0	177	149
106,92	1,0	42,37	0,0	221	149
309,273	1,1	193,116	0,0	204	149
20,24	142,134	11,8	53,48	199	149
9,24	0,0	17,6	1,0	170	149
162,178	9,13	64,39	12,6	204	149
65,40	9,13	14,8	12,6	191	149
188,169	2,0	87,62	2,10	195	149
504,497	0,1	282,148	0,0	262	149
405,271	1,3	170,88	0,0	195	149
1542,1853	0,1	765,564	0,0	1850	149
275,267	2,1	153,139	1,2	209	149
134,110	1,0	80,59	0,0	230	149
331,308	48,30	218,137	14,2	294	149
171,115	1,5	114,99	6,3	281	149
1114,940	1,0	617,367	0,0	216	149
894,521	1,1	694,274	0,0	305	149
84,79	386,443	55,36	284,141	311	149
72,67	386,443	45,31	284,141	308	149
107,76	1,0	45,54	0,0	235	149
44,30	0,0	21,18	0,1	209	149
4302,3103	1,0	2770,1149	0,0	191	149
5,5	12,7	1,0	0,6	188	149
441,427	11,6	286,166	2,0	221	149
360,339	10,12	260,193	10,1	246	149
0,3	5,7	1,0	4,1	211	149
25,23	160,188	13,11	83,56	195	149
370,365	1,0	229,116	0,0	308	149
890,708	0,0	491,231	1,0	174	149
428,390	4,3	213,139	0,5	192	149
173,176	0,4	132,73	0,0	332	149
2,0	28,23	1,0	5,4	286	149
1202,993	3,4	759,577	0,0	210	149
3,0	75,59	0,1	42,13	275	149
114,142	0,0	63,38	2,0	257	149
147,113	0,1	41,43	0,0	281	149
89,55	0,1	22,11	0,0	301	149
63,59	0,0	14,16	0,1	157	149
1663,1630	2,0	859,609	0,0	527	149
275,222	0,1	167,130	0,0	278	149
397,383	6,2	244,168	10,11	213	149
368,263	0,1	171,101	0,0	338	149
280,345	3,3	187,85	0,0	282	149
191,216	3,3	123,57	0,0	296	149
441,318	2,0	171,97	0,1	191	149
7,14	50,44	4,1	18,16	264	149
1816,1401	0,2	971,514	1,0	483	149
329,302	69,39	212,118	43,9	197	149
462,565	0,1	250,191	0,0	274	149
37,38	313,259	26,23	186,118	290	149
1188,1023	1,0	648,410	0,0	245	149
372,315	1,0	187,114	0,0	236	149
978,839	3,0	476,277	0,0	182	149
893,597	0,0	554,305	0,1	230	149
431,347	1,0	112,52	0,0	278	149
296,207	2,0	95,54	0,0	203	149
1,0	507,507	1,0	337,175	192	149
140,119	9,17	102,72	6,4	190	149
738,770	0,1	336,205	0,0	184	149
1987,1411	0,1	795,419	0,0	232	149
1635,1638	1,0	176,279	0,0	301	149
15,7	139,116	11,2	62,39	315	149
295,170	0,2	174,87	1,0	184	149
595,435	0,0	543,275	2,0	193	149
164,109	1,0	65,24	0,0	230	149
320,168	2,0	96,42	0,0	236	149
57,39	1,4	25,28	0,4	285	149
32,33	2,3	10,11	0,0	185	149
94,94	1,0	57,36	1,0	229	149
8724,6599	1,0	4124,2044	0,0	302	149
19,10	15,13	14,5	1,3	228	149
49,34	15,13	35,21	1,3	423	149
33,34	0,0	16,19	5,2	220	149
120,94	0,0	59,26	2,0	191	149
97,92	2,0	37,11	0,0	294	149
137,157	9,9	85,40	6,0	288	149
556,419	1,0	292,156	0,0	249	149
236,178	2,0	107,54	0,0	201	149
533,387	2,0	263,144	0,0	410	149
112,66	312,240	83,59	155,86	204	149
161,169	1,0	72,44	0,1	362	149
8866,11945	0,0	1173,1538	0,3	413	149
330,245	354,238	148,102	130,97	373	149
274,200	354,238	106,60	130,97	394	149
762,570	0,0	358,195	1,0	199	149
785,760	2,0	488,305	2,0	639	149
987,962	2,0	550,381	2,0	355	149
772,750	2,0	471,297	2,0	351	149
616,571	2,0	367,222	2,0	298	149
655,591	2,0	372,250	2,0	283	149
757,712	2,1	487,291	3,0	207	149
132,163	0,1	121,59	0,0	220	149
511,473	2,5	272,154	1,0	253	149
130,123	14,6	48,52	1,7	274	149
472,338	1,1	245,140	0,0	206	149
655,492	0,2	483,316	0,0	378	149
329,302	0,4	147,115	0,0	209	149
3515,3251	1,3	1760,1116	0,0	200	149
5791,4419	1,0	2123,1184	0,0	241	149
873,588	2,0	562,300	0,0	198	149
888,957	0,0	540,353	0,2	197	149
11,5	6,2	2,2	1,0	338	149
132,122	6,2	57,43	1,0	244	149
259,233	6,2	118,93	1,0	263	149
14,23	1,3	6,5	4,5	173	149
1624,1632	4,1	653,407	0,0	205	149
22,25	0,0	15,12	1,0	262	149
153,191	15,28	47,23	4,0	191	149
525,423	3,4	276,162	2,0	272	149
130,117	0,3	70,38	0,0	275	149
51,56	4,1	5,4	0,0	183	149
326,274	0,1	157,63	0,0	219	149
23,19	2,0	7,5	0,0	234	149
49,36	2,0	23,15	0,0	207	149
31,30	2,0	11,7	0,0	207	149
689,434	0,1	362,164	0,0	236	149
134,131	0,2	54,42	0,0	212	149
110,79	3,0	63,39	0,0	212	149
303,294	0,2	144,100	1,3	212	149
463,413	5,2	239,159	0,0	198	149
167,180	9,22	101,49	3,3	241	149
71,43	0,1	20,13	0,0	211	149
184,190	1,0	116,69	0,0	241	149
118,97	0,0	83,41	2,0	204	149
664,627	2,0	328,243	0,0	220	149
725,740	1,0	397,261	1,0	186	149
1069,839	2,1	540,298	0,0	199	149
2123,2311	0,0	1024,709	0,2	237	149
2020,1637	1,1	997,535	1,0	233	149
39,60	28,31	33,24	6,5	369	149
86,78	28,31	42,36	6,5	296	149
26,35	28,31	21,17	6,5	248	149
1379,1255	0,0	699,367	0,1	226	149
592,601	0,1	269,149	0,0	179	149
102,85	15,12	57,40	5,7	265	149
37,23	1,0	28,6	0,0	219	149
4,1	217,220	0,0	72,92	160	149
158,82	0,4	143,88	7,3	190	149
429,349	1,0	249,112	0,0	255	149
232,175	0,1	60,47	0,0	248	149
256,284	2,0	115,73	0,0	252	149
244,103	1,1	119,56	0,0	262	149
44,48	2,0	23,12	0,0	229	149
188,145	0,1	113,51	1,0	220	149
1,0	111,73	3,0	62,45	166	149
139,87	2,0	22,18	2,3	430	149
538,404	1,2	246,217	1,0	320	149
137,101	0,0	54,21	0,2	202	149
538,463	1,5	321,206	0,0	213	149
0,0	323,405	2,1	208,135	315	149
777,801	2,0	454,293	0,0	263	149
91,80	0,0	51,30	0,1	203	149
40,31	2,1	18,15	2,2	248	149
637,588	38,41	362,257	18,8	186	149
151,195	0,1	78,47	0,0	206	149
876,598	1,0	532,264	0,0	233	149
64,32	0,2	16,15	1,0	804	149
1,3	0,2	3,0	1,0	187	149
72,49	0,2	23,17	1,0	510	149
1,5	69,80	4,3	49,22	209	149
71,60	4,0	29,27	0,0	273	149
57,57	4,0	28,26	0,0	265	149
67,87	1,0	49,22	0,0	223	149
398,229	0,1	214,101	0,0	186	149
714,415	0,1	342,138	0,0	264	149
1928,1582	5,6	969,601	0,0	2493	149
169,117	0,1	53,29	0,0	254	149
102,111	0,1	88,79	0,0	231	149
82,53	31,25	53,52	15,9	247	149
26,34	2,1	31,11	0,0	199	149
36,34	138,151	14,4	102,62	292	149
438,327	138,151	253,157	102,62	974	149
139,109	19,12	64,43	9,6	242	149
175,140	138,151	86,56	102,62	242	149
179,137	22,21	79,49	8,4	242	149
138,108	0,2	66,43	0,2	242	149
353,303	0,0	162,108	0,1	257	149
212,214	0,0	138,90	1,0	206	149
156,181	1,0	95,48	0,0	1550	149
369,368	1,0	211,95	0,0	215	149
727,766	3,1	447,240	0,0	295	149
1743,1414	0,0	1021,608	0,1	255	149
52,57	203,203	28,14	115,46	241	149
20,19	203,203	5,3	115,46	316	149
560,635	1,2	181,79	0,0	354	149
380,308	2,0	178,107	0,0	197	149
0,0	244,223	0,1	139,56	221	149
30,27	57,74	18,17	22,16	262	149
353,326	57,74	240,230	22,16	200	149
356,353	1,1	230,137	2,0	220	149
101,127	1,1	91,67	2,0	427	149
38,39	46,35	20,18	24,7	277	149
714,658	2,0	358,199	0,0	255	149
532,445	1,4	256,150	1,1	262	149
96,49	3,2	56,27	1,2	215	149
262,160	0,0	156,116	1,0	240	149
970,818	31,23	564,268	14,10	267	149
1174,1107	36,41	465,315	17,10	207	149
824,757	22,26	499,268	10,7	191	149
3068,2459	3,2	1802,1098	1,0	236	149
15,8	53,37	7,0	8,19	217	149
106,73	34,12	126,72	39,13	195	149
54,46	34,12	53,41	39,13	222	149
129,136	6,1	77,50	3,2	241	149
312,231	2,0	267,148	0,0	386	149
2,23	0,1	36,37	0,0	236	149
117,73	2,0	30,27	1,0	189	149
284,319	0,0	180,115	0,1	216	149
34497,39085	0,0	20401,14348	1,0	227	149
28557,31954	0,0	16490,11143	1,0	219	149
1233,1138	1,0	589,408	0,0	271	149
1060,834	0,0	677,307	1,0	219	149
4,4	165,112	0,0	71,47	306	149
237,233	4,0	135,70	4,0	231	149
650,545	3,0	140,119	0,0	259	149
270,179	2,0	110,86	0,0	241	149
819,681	2,0	501,303	0,0	241	149
148,102	1,4	38,40	0,0	185	149
22,19	1,4	3,1	0,0	254	149
137,87	1,0	65,55	0,0	945	149
451,432	0,3	295,157	2,0	238	149
184,143	0,1	127,64	0,0	218	149
59,26	282,178	21,12	136,84	195	149
1267,1022	0,2	207,201	0,0	177	149
42,41	0,1	12,10	0,0	177	149
130,91	0,1	64,35	0,0	268	149
782,651	1,0	432,273	0,0	254	149
302,262	1,0	154,97	0,0	251	149
687,529	0,1	331,209	0,0	227	149
522,385	0,1	238,172	2,0	173	149
295,245	0,0	181,121	1,0	207	149
880,728	1,0	553,262	0,0	265	149
890,625	0,0	390,220	0,2	201	149
543,571	1,0	282,208	0,0	274	149
248,297	4,0	135,104	0,0	218	149
587,489	6,0	299,212	3,0	232	149
420,477	1,0	262,138	0,0	258	149
169,128	0,2	76,31	0,0	256	149
432,388	45,40	235,123	35,14	210	149
41,26	41,46	8,2	37,19	223	149
9,4	41,46	9,1	37,19	191	149
5,5	103,46	9,3	19,19	224	149
158,141	0,0	72,27	1,0	201	149
818,906	0,1	397,256	0,0	266	149
68,51	0,3	53,26	3,0	216	149
242,176	10,9	78,53	1,0	435	149
293,233	10,9	81,57	1,0	424	149
15,30	734,811	13,3	641,377	309	149
0,14	16,32	4,0	14,2	227	149
854,698	4,1	570,315	1,0	280	149
592,462	0,0	359,256	0,1	202	149
1551,1414	1,0	1002,475	0,0	290	149
274,228	0,0	135,73	3,0	325	149
329,293	2,0	132,98	0,3	223	149
1270,1153	2,0	738,446	0,0	263	149
493,456	0,2	319,146	0,0	529	149
848,959	0,0	506,362	2,0	855	149
324,413	0,0	227,111	3,0	338	149
282,264	0,3	109,100	0,0	412	149
27,21	99,77	11,8	54,18	219	149
125,132	0,0	49,22	2,0	228	149
101,65	1,1	40,18	1,0	479	149
38,21	1,1	9,6	1,0	305	149
671,474	0,3	302,142	0,0	203	149
508,464	0,1	211,168	0,0	245	149
772,753	1,0	605,335	0,0	200	149
870,1131	1,1	700,384	0,0	215	149
2146,2686	0,1	1472,992	0,0	197	149
572,783	0,0	420,275	0,2	215	149
164,180	3,4	92,43	3,2	198	149
263,229	0,0	103,55	4,0	187	149
100,94	3,1	35,16	0,0	194	149
640,684	0,1	329,266	0,0	213	149
27,17	27,29	25,15	34,14	203	149
248,219	0,1	109,76	0,0	330	149
2944,3094	0,0	1894,1098	0,1	599	149
4960,4748	11,5	2846,1602	1,2	611	149
42,45	14,9	33,12	8,2	202	149
978,1291	3,4	599,300	2,0	222	149
5090,4528	2,1	5540,3468	0,0	196	149
3313,2964	21,9	3395,1992	2,0	249	149
8573,7100	41,49	7187,4383	18,18	280	149
14,15	32,12	10,3	3,4	255	149
1610,1300	1,0	764,481	0,0	296	149
53,48	0,0	24,16	2,0	278	149
2102,1330	1,0	1214,787	0,0	212	149
452,444	0,0	222,119	0,2	258	149
1397,1284	0,3	1014,680	1,0	230	149
486,378	2,0	219,149	0,0	177	149
620,511	2,0	363,175	0,0	191	149
760,771	0,0	354,150	0,1	237	149
661,414	0,0	328,198	0,1	427	149
583,347	8,2	322,168	3,2	427	149
138,129	1,0	39,21	0,0	212	149
13,14	15,12	29,27	5,4	438	149
165,151	1180,963	91,79	838,548	287	149
6032,4670	0,0	4678,2948	0,2	224	149
535,416	4,2	180,147	0,0	308	149
22908,20610	0,0	18782,10086	0,1	269	149
649,496	0,1	278,221	0,0	353	149
1185,893	0,1	625,393	0,0	413	149
1092,1192	0,0	428,301	1,0	1150	149
3,5	0,2	5,6	0,0	218	149
11,30	0,2	11,2	0,0	215	149
3,2	0,2	4,0	0,0	199	149
129,125	1,1	96,80	4,1	197	149
34,32	1,1	30,13	4,1	368	149
26,17	1020,960	17,17	512,368	461	149
73,63	15,11	58,21	1,3	164	149
407,379	15,11	222,137	1,3	438	149
510,437	15,11	241,152	1,3	459	149
84,76	1,2	38,37	0,0	231	149
119,113	0,1	64,33	0,0	168	149
624,578	0,1	312,214	0,0	165	149
881,632	8,2	463,285	2,1	206	149
122,107	1,0	57,27	0,0	234	149
212,110	0,1	62,18	0,0	228	149
97,98	1,0	42,22	0,0	215	149
729,576	0,2	358,232	0,0	209	149
0,1	139,120	0,0	59,30	186	149
287,299	0,0	252,135	1,0	224	149
857,618	0,2	351,234	0,0	198	149
98,132	1,0	48,40	0,0	266	149
301,353	5,1	212,148	0,1	216	149
1374,1028	1,0	690,366	0,0	206	149
21,4	85,102	3,3	49,22	699	149
1262,960	5,10	478,290	1,1	378	149
3614,3912	1,0	1199,863	0,0	197	149
249,212	2,0	100,66	0,0	223	149
697,657	2,3	436,272	3,0	232	149
0,4	78,45	0,0	44,13	406	149
327,278	15,9	135,75	3,2	457	149
2,3	5,8	0,3	6,1	222	149
285,269	0,1	116,81	0,0	248	149
823,766	311,304	434,253	167,135	221	149
67,48	5,10	53,23	1,0	203	149
16,22	5,10	25,14	1,0	224	149
426,397	4,5	220,133	3,3	252	149
254,233	3,8	45,27	2,0	245	149
6,7	8,2	7,2	4,2	215	149
6,6	0,1	7,3	0,1	215	149
545,549	2,0	272,167	0,0	249	149
147,172	0,1	59,31	0,0	220	149
1580,1336	1,0	783,447	0,0	311	149
522,569	5,4	238,201	6,0	367	149
2109,1974	0,0	1064,792	1,0	288	149
1083,1029	0,0	533,403	1,0	590	149
39,45	0,0	27,21	1,0	488	149
42,48	0,0	30,21	1,0	495	149
14,29	0,0	10,9	1,0	423	149
28,32	120,100	40,28	63,42	337	149
281,228	0,1	182,118	0,0	272	149
1310,1099	0,0	668,390	1,0	278	149
386,402	1,0	212,138	0,0	159	149
505,316	2,0	138,129	0,0	355	149
189,177	0,0	52,32	0,1	270	149
418,269	4,2	204,144	3,0	203	149
150,107	2,2	73,51	0,1	209	149
25,27	4,0	9,19	0,0	209	149
9969,9306	4,0	5082,4040	0,0	1081	149
9717,9097	0,7	4976,3811	0,1	771	149
9511,8936	4,0	4856,3745	0,0	771	149
396,387	0,1	216,185	0,0	206	149
997,824	2,0	331,220	0,0	214	149
7,6	515,548	3,0	207,131	237	149
650,503	6,7	253,193	4,0	244	149
284,211	0,0	154,93	2,0	254	149
84,60	2,0	34,27	0,0	217	149
122,131	5,0	76,48	0,0	269	149
7487,6971	0,0	4650,2622	1,0	579	149
157,212	3,1	140,99	1,0	246	149
41,18	6,4	8,4	0,2	311	149
828,687	0,0	428,189	4,0	236	149
7,4	1,0	4,9	0,0	190	149
350,322	1,0	178,106	0,0	284	149
59,58	0,1	61,25	0,0	240	149
54,73	0,0	51,27	0,1	239	149
1503,1435	15,5	953,525	6,3	229	149
650,509	0,1	263,184	0,0	233	149
227,205	14,3	123,70	4,7	214	149
262,209	15,15	144,72	6,3	276	149
8,5	0,0	4,1	0,1	223	149
45,45	0,0	22,11	0,1	341	149
137,106	5,3	65,39	0,2	287	149
197,150	5,3	97,60	0,2	294	149
576,410	0,4	372,219	0,0	212	149
72,90	57,57	43,28	49,29	210	149
56,47	57,57	21,13	49,29	254	149
2499,2185	0,1	1238,700	0,0	215	149
180,175	1,0	176,78	0,0	386	149
913,869	0,1	512,353	0,2	223	149
113,101	3,0	61,31	0,0	195	149
20,29	2,0	21,9	0,0	227	149
27,43	2,0	23,11	0,0	210	149
5,6	1,0	0,3	0,0	208	149
521,741	1187,1358	277,265	372,276	260	149
229,294	0,2	154,111	0,0	258	149
464,301	10,7	210,170	2,2	1584	149
464,305	10,7	210,170	2,2	1565	149
12,7	77,94	2,3	32,21	295	149
485,468	2,0	280,176	0,0	264	149
1,0	216,193	0,2	112,72	166	149
350,303	9,11	129,112	16,17	225	149
76,79	7,3	46,27	0,0	260	149
21,23	1,0	19,6	2,0	208	149
7,14	33,32	7,5	23,7	262	149
148,140	0,2	114,75	0,0	228	149
175,146	0,2	108,51	3,2	187	149
495,403	14,44	279,171	11,7	212	149
59,67	1,1	29,12	0,0	301	149
10,3	25,31	2,0	11,4	372	149
128,101	0,3	50,18	0,0	186	149
2,2	76,61	1,1	55,37	204	149
471,423	6,0	252,169	0,0	208	149
538,440	0,0	306,160	1,0	217	149
79,86	6,10	28,29	3,2	222	149
55,62	0,0	15,10	0,3	257	149
54,50	33,21	40,25	42,24	232	149
50,32	33,21	39,16	42,24	193	149
441,306	0,2	292,109	0,0	237	149
287,284	0,0	119,83	2,0	272	149
117,111	10,5	77,46	7,5	224	149
429,435	10,5	236,112	7,5	231	149
21,43	50,48	11,7	13,12	216	149
4846,4212	0,2	2326,1628	1,2	198	149
