IncLevel1	IncLevel2	IncLevelDifference
0.998,0.995	0.994,0.997	0.001
1.0,0.993	0.98,1.0	0.006
0.994,1.0	0.985,1.0	0.005
1.0,0.99	0.953,1.0	0.019
0.996,1.0	0.994,0.994	0.004
0.996,1.0	1.0,0.995	0.0
1.0,0.984	1.0,1.0	-0.008
0.038,0.058	0.0,0.0	0.048
1.0,0.998	1.0,1.0	-0.001
0.528,0.549	0.297,0.277	0.251
0.973,1.0	1.0,1.0	-0.014
0.992,0.995	0.982,0.994	0.006
1.0,0.998	1.0,1.0	-0.001
0.659,0.681	0.375,0.64	0.162
1.0,1.0	0.963,1.0	0.018
0.985,0.993	0.987,0.99	0.001
1.0,1.0	0.986,1.0	0.007
1.0,0.994	0.987,0.967	0.02
1.0,1.0	0.99,0.98	0.015
0.0,0.0	0.516,NA	-0.516
0.977,0.99	0.982,0.985	0.0
0.997,0.978	1.0,1.0	-0.012
0.92,0.985	1.0,0.886	0.009
0.915,0.986	1.0,0.923	-0.011
0.825,0.8	0.261,1.0	0.182
0.79,1.0	0.796,1.0	-0.003
0.743,1.0	1.0,0.52	0.111
0.819,1.0	1.0,0.752	0.033
0.997,1.0	1.0,1.0	-0.002
0.985,1.0	0.992,1.0	-0.004
0.994,0.997	1.0,0.986	0.003
0.992,0.996	1.0,1.0	-0.006
1.0,1.0	0.977,0.99	0.016
1.0,0.996	1.0,1.0	-0.002
0.985,1.0	0.986,0.98	0.009
0.999,1.0	1.0,1.0	-0.0
0.014,0.019	0.051,0.044	-0.031
0.096,0.078	0.207,0.154	-0.093
0.978,0.99	1.0,0.99	-0.011
0.957,0.983	1.0,0.984	-0.022
0.998,1.0	1.0,1.0	-0.001
0.999,1.0	1.0,1.0	-0.0
1.0,0.997	1.0,1.0	-0.002
1.0,1.0	1.0,0.962	0.019
1.0,1.0	0.957,1.0	0.022
0.998,1.0	1.0,1.0	-0.001
0.996,1.0	1.0,1.0	-0.002
0.995,0.999	0.998,1.0	-0.002
0.994,0.993	0.995,0.994	-0.001
0.015,0.014	0.016,0.0	0.006
1.0,1.0	0.977,1.0	0.012
0.893,1.0	1.0,1.0	-0.053
0.003,0.004	0.004,0.002	0.001
0.996,0.997	1.0,1.0	-0.004
0.987,0.991	1.0,1.0	-0.011
0.999,1.0	1.0,1.0	-0.0
0.993,1.0	1.0,1.0	-0.004
0.999,1.0	1.0,1.0	-0.0
0.556,0.536	0.402,0.403	0.144
0.164,0.178	0.23,0.265	-0.077
0.164,0.196	0.217,0.212	-0.035
0.999,1.0	1.0,1.0	-0.0
1.0,0.999	1.0,1.0	-0.0
0.967,1.0	1.0,1.0	-0.016
0.997,1.0	0.983,1.0	0.007
1.0,0.988	1.0,1.0	-0.006
0.749,0.399	0.166,0.499	0.242
1.0,0.833	0.666,1.0	0.084
0.974,0.981	0.898,1.0	0.028
1.0,1.0	1.0,1.0	0.0
1.0,0.884	1.0,1.0	-0.058
1.0,0.935	1.0,1.0	-0.032
0.947,0.878	1.0,0.932	-0.053
0.845,0.555	1.0,0.576	-0.088
0.415,0.328	0.381,0.293	0.035
0.995,1.0	1.0,1.0	-0.002
0.996,1.0	1.0,1.0	-0.002
1.0,1.0	0.995,1.0	0.002
1.0,1.0	0.94,1.0	0.03
0.714,0.737	0.773,0.551	0.064
0.986,0.993	0.98,1.0	-0.0
1.0,0.978	1.0,1.0	-0.011
1.0,0.894	1.0,0.779	0.058
0.996,1.0	1.0,1.0	-0.002
0.991,1.0	1.0,1.0	-0.004
0.974,1.0	1.0,1.0	-0.013
0.978,1.0	1.0,1.0	-0.011
0.97,1.0	1.0,1.0	-0.015
1.0,1.0	0.982,0.974	0.022
0.966,0.986	0.87,0.897	0.093
1.0,1.0	0.999,1.0	0.0
1.0,0.997	1.0,1.0	-0.002
0.996,1.0	1.0,1.0	-0.002
0.976,1.0	0.991,0.984	0.0
0.792,0.617	0.83,0.676	-0.048
0.737,0.7	0.824,0.832	-0.11
0.411,0.547	0.585,0.714	-0.17
0.188,0.434	0.421,0.434	-0.116
0.984,0.987	1.0,1.0	-0.014
1.0,0.994	1.0,1.0	-0.003
0.988,0.991	1.0,1.0	-0.01
1.0,0.997	1.0,1.0	-0.002
0.0,0.022	0.0,0.0	0.011
1.0,0.92	0.921,0.971	0.014
0.963,0.928	0.777,0.777	0.168
1.0,0.995	1.0,1.0	-0.002
1.0,1.0	1.0,0.621	0.19
0.926,0.895	0.953,0.967	-0.049
0.556,0.385	0.862,0.294	-0.107
1.0,0.992	1.0,1.0	-0.004
1.0,0.989	1.0,1.0	-0.006
0.785,0.731	0.802,0.871	-0.079
1.0,0.96	1.0,1.0	-0.02
0.783,1.0	1.0,1.0	-0.109
0.996,1.0	1.0,0.954	0.021
0.035,0.092	0.0,0.497	-0.185
0.99,1.0	1.0,1.0	-0.005
0.992,0.995	1.0,1.0	-0.006
1.0,1.0	1.0,1.0	0.0
0.953,1.0	1.0,1.0	-0.024
1.0,1.0	0.99,1.0	0.005
1.0,0.999	1.0,1.0	-0.0
0.107,0.142	0.168,0.11	-0.015
0.917,1.0	1.0,1.0	-0.041
0.987,1.0	1.0,1.0	-0.006
0.733,0.653	0.88,0.722	-0.108
0.996,0.988	0.98,0.971	0.016
0.994,0.989	0.985,0.993	0.003
1.0,0.979	1.0,1.0	-0.01
0.327,0.123	0.678,0.219	-0.224
1.0,0.993	1.0,1.0	-0.004
1.0,0.805	1.0,1.0	-0.097
0.948,0.777	0.953,1.0	-0.114
0.885,1.0	1.0,1.0	-0.057
0.973,1.0	1.0,1.0	-0.014
0.976,1.0	1.0,1.0	-0.012
0.981,1.0	1.0,1.0	-0.01
1.0,0.991	1.0,1.0	-0.004
1.0,1.0	0.882,1.0	0.059
0.999,1.0	1.0,1.0	-0.0
0.821,0.873	0.917,0.795	-0.009
1.0,1.0	1.0,0.954	0.023
0.984,0.966	0.96,1.0	-0.005
0.982,1.0	1.0,1.0	-0.009
1.0,0.813	1.0,1.0	-0.094
0.879,0.925	1.0,0.949	-0.072
0.994,1.0	1.0,1.0	-0.003
0.942,0.918	0.978,1.0	-0.059
0.987,1.0	0.927,1.0	0.03
0.0,0.0	0.001,0.0	-0.001
1.0,1.0	1.0,0.986	0.007
1.0,1.0	0.965,1.0	0.018
0.984,1.0	1.0,1.0	-0.008
0.098,0.033	0.056,0.253	-0.089
0.0,0.094	0.043,0.11	-0.029
0.524,0.583	0.447,0.636	0.012
0.264,0.374	0.341,0.261	0.018
1.0,0.98	1.0,1.0	-0.01
1.0,0.986	1.0,1.0	-0.007
1.0,1.0	0.99,1.0	0.005
0.997,1.0	0.991,1.0	0.003
0.976,1.0	0.969,1.0	0.004
0.902,0.91	0.891,0.844	0.039
1.0,0.998	1.0,1.0	-0.001
1.0,0.972	1.0,1.0	-0.014
1.0,0.907	0.771,1.0	0.068
1.0,0.996	1.0,1.0	-0.002
0.957,0.97	0.979,1.0	-0.026
0.978,0.997	0.99,0.995	-0.005
1.0,0.999	1.0,1.0	-0.0
1.0,0.998	1.0,1.0	-0.001
0.002,0.0	0.0,0.0	0.001
1.0,1.0	1.0,0.999	0.0
1.0,0.987	1.0,1.0	-0.006
1.0,0.999	0.998,1.0	0.001
0.001,0.002	0.003,0.007	-0.004
0.04,0.041	0.008,0.027	0.023
0.975,1.0	0.987,1.0	-0.006
1.0,1.0	1.0,1.0	0.0
0.997,1.0	1.0,1.0	-0.002
1.0,1.0	0.924,1.0	0.038
0.997,0.991	1.0,1.0	-0.006
0.957,1.0	0.906,1.0	0.025
NA,0.507	0.0,NA	0.507
0.395,0.503	0.669,0.546	-0.159
1.0,0.997	1.0,1.0	-0.002
1.0,0.968	1.0,1.0	-0.016
1.0,0.986	1.0,1.0	-0.007
1.0,1.0	1.0,0.984	0.008
0.859,0.904	0.92,0.887	-0.022
0.023,0.0	0.022,0.028	-0.014
0.01,0.0	0.004,0.01	-0.002
1.0,1.0	1.0,0.966	0.017
0.264,0.488	0.237,0.167	0.174
1.0,1.0	1.0,0.949	0.026
1.0,0.99	1.0,1.0	-0.005
0.954,0.849	0.923,0.867	0.006
0.987,1.0	1.0,1.0	-0.006
0.377,0.578	0.458,0.388	0.054
0.995,1.0	0.99,1.0	0.003
0.992,1.0	1.0,1.0	-0.004
0.978,1.0	1.0,1.0	-0.011
0.966,0.986	0.978,0.981	-0.004
0.996,1.0	0.995,1.0	0.0
1.0,0.997	1.0,1.0	-0.002
1.0,0.993	1.0,0.98	0.006
0.099,0.139	0.071,0.075	0.046
0.993,1.0	1.0,1.0	-0.004
0.994,1.0	1.0,1.0	-0.003
0.858,0.777	0.871,0.953	-0.094
0.996,0.998	0.996,0.995	0.001
0.999,1.0	1.0,1.0	-0.0
1.0,1.0	1.0,0.987	0.006
0.999,1.0	1.0,1.0	-0.0
1.0,0.993	1.0,1.0	-0.004
0.057,0.098	0.095,0.145	-0.042
0.992,1.0	1.0,0.984	0.004
0.987,1.0	1.0,1.0	-0.006
1.0,1.0	1.0,0.996	0.002
0.85,0.924	0.735,1.0	0.02
1.0,1.0	1.0,0.994	0.003
0.903,0.922	1.0,1.0	-0.087
1.0,0.971	1.0,1.0	-0.014
1.0,0.996	1.0,1.0	-0.002
1.0,1.0	0.997,1.0	0.002
1.0,0.987	1.0,1.0	-0.006
0.985,0.988	1.0,1.0	-0.014
0.973,0.978	1.0,1.0	-0.024
0.998,1.0	0.997,1.0	0.001
0.999,1.0	0.998,1.0	0.001
1.0,0.994	1.0,1.0	-0.003
0.986,0.993	1.0,1.0	-0.01
0.297,0.29	0.147,0.169	0.135
0.999,1.0	1.0,1.0	-0.0
0.947,1.0	0.98,0.961	0.003
0.993,1.0	1.0,1.0	-0.004
1.0,0.996	1.0,1.0	-0.002
0.987,0.975	0.993,0.981	-0.006
0.892,0.959	1.0,0.894	-0.022
0.964,0.988	1.0,0.958	-0.003
1.0,0.995	1.0,1.0	-0.002
1.0,0.998	1.0,1.0	-0.001
0.99,1.0	1.0,1.0	-0.005
0.996,1.0	1.0,1.0	-0.002
1.0,0.956	1.0,1.0	-0.022
0.998,1.0	1.0,1.0	-0.001
0.995,1.0	1.0,1.0	-0.002
0.991,1.0	1.0,1.0	-0.004
1.0,0.987	1.0,0.907	0.04
1.0,0.99	1.0,1.0	-0.005
0.996,1.0	1.0,1.0	-0.002
0.641,0.263	0.263,NA	0.189
0.961,0.94	1.0,1.0	-0.05
0.989,1.0	1.0,1.0	-0.006
1.0,1.0	1.0,0.947	0.026
1.0,1.0	1.0,0.916	0.042
0.009,0.007	0.007,0.003	0.003
0.978,1.0	1.0,1.0	-0.011
1.0,1.0	1.0,0.998	0.001
1.0,0.908	1.0,NA	-0.046
0.95,1.0	1.0,1.0	-0.025
0.992,1.0	1.0,1.0	-0.004
0.0,0.0	0.019,0.0	-0.009
0.984,0.963	0.968,1.0	-0.01
0.974,0.976	1.0,0.958	-0.004
0.997,0.992	0.989,0.994	0.003
0.995,1.0	1.0,0.99	0.003
1.0,0.997	1.0,1.0	-0.002
0.971,0.991	1.0,0.951	0.005
1.0,0.988	0.988,1.0	0.0
0.996,1.0	1.0,1.0	-0.002
0.996,1.0	1.0,1.0	-0.002
1.0,1.0	1.0,0.991	0.004
0.988,0.993	0.987,1.0	-0.003
1.0,1.0	0.966,1.0	0.017
0.849,0.888	0.902,0.926	-0.045
0.985,1.0	1.0,1.0	-0.008
0.996,1.0	0.997,1.0	-0.0
0.996,1.0	1.0,1.0	-0.002
1.0,0.994	0.992,1.0	0.001
1.0,1.0	0.865,1.0	0.068
0.978,1.0	1.0,1.0	-0.011
1.0,1.0	0.989,1.0	0.006
0.997,1.0	1.0,1.0	-0.002
1.0,1.0	1.0,1.0	0.0
0.102,0.108	0.125,0.146	-0.031
1.0,1.0	1.0,0.632	0.184
0.8,1.0	1.0,NA	-0.1
0.825,1.0	1.0,1.0	-0.088
0.841,1.0	1.0,1.0	-0.08
0.959,0.848	1.0,1.0	-0.097
1.0,1.0	0.981,1.0	0.01
0.0,0.004	0.0,0.0	0.002
0.983,1.0	1.0,1.0	-0.008
0.92,0.875	1.0,1.0	-0.103
0.993,1.0	1.0,1.0	-0.004
0.996,0.991	1.0,1.0	-0.006
1.0,1.0	1.0,0.92	0.04
0.787,1.0	1.0,1.0	-0.107
0.119,0.342	0.188,0.136	0.069
1.0,1.0	1.0,0.981	0.01
1.0,1.0	1.0,0.902	0.049
1.0,0.971	1.0,1.0	-0.014
1.0,0.928	1.0,1.0	-0.036
0.973,1.0	1.0,1.0	-0.014
0.998,0.998	1.0,1.0	-0.002
1.0,0.995	1.0,1.0	-0.002
1.0,0.995	1.0,1.0	-0.002
0.239,0.159	0.257,0.184	-0.021
0.969,0.983	0.978,0.97	0.002
0.07,0.051	0.03,0.038	0.026
0.081,0.094	0.037,0.037	0.05
0.995,0.998	1.0,0.987	0.003
0.993,1.0	1.0,1.0	-0.004
1.0,1.0	1.0,1.0	0.0
0.02,0.0	0.0,0.0	0.01
0.969,1.0	1.0,0.872	0.048
0.0,0.0	0.002,0.0	-0.001
1.0,1.0	0.961,1.0	0.02
0.997,0.995	0.997,1.0	-0.002
1.0,1.0	0.999,0.998	0.002
0.991,1.0	0.954,1.0	0.019
1.0,0.999	1.0,1.0	-0.0
0.992,0.989	1.0,1.0	-0.01
0.997,1.0	1.0,1.0	-0.002
0.647,0.556	0.763,0.705	-0.132
0.773,0.838	0.857,0.843	-0.044
1.0,1.0	1.0,0.97	0.015
0.987,1.0	1.0,1.0	-0.006
0.978,1.0	1.0,1.0	-0.011
0.964,0.991	0.986,1.0	-0.015
1.0,0.997	1.0,1.0	-0.002
0.997,0.996	1.0,1.0	-0.004
1.0,1.0	0.999,1.0	0.0
0.97,1.0	1.0,0.98	-0.005
0.898,1.0	1.0,1.0	-0.051
0.991,0.989	1.0,1.0	-0.01
1.0,0.999	0.999,1.0	0.0
1.0,0.999	1.0,1.0	-0.0
0.087,0.101	0.045,0.052	0.045
0.106,0.109	0.047,0.041	0.064
1.0,0.998	1.0,1.0	-0.001
0.999,1.0	0.998,1.0	0.001
1.0,1.0	0.991,1.0	0.004
1.0,0.973	0.99,1.0	-0.009
1.0,1.0	0.834,1.0	0.083
0.984,0.996	0.993,0.987	0.0
0.989,0.996	1.0,1.0	-0.008
1.0,1.0	1.0,0.996	0.002
0.905,1.0	1.0,1.0	-0.047
1.0,0.999	1.0,1.0	-0.0
0.015,0.032	0.015,0.005	0.013
0.989,0.991	0.991,0.99	-0.0
1.0,1.0	0.997,1.0	0.002
1.0,0.986	0.997,0.981	0.004
1.0,0.995	1.0,1.0	-0.002
0.922,0.981	1.0,0.815	0.044
1.0,1.0	0.993,1.0	0.004
1.0,0.994	1.0,1.0	-0.003
0.999,1.0	1.0,1.0	-0.0
0.13,0.15	0.145,0.256	-0.06
0.684,0.695	0.606,0.668	0.052
0.455,0.522	0.606,0.626	-0.127
1.0,1.0	1.0,1.0	0.0
0.992,1.0	1.0,1.0	-0.004
1.0,1.0	0.995,1.0	0.002
1.0,1.0	0.997,1.0	0.002
0.992,1.0	1.0,1.0	-0.004
1.0,1.0	1.0,1.0	0.0
1.0,1.0	1.0,1.0	0.0
0.992,0.996	1.0,0.992	-0.002
0.957,0.902	0.984,0.925	-0.025
0.83,0.504	0.94,0.753	-0.179
1.0,0.92	1.0,1.0	-0.04
1.0,1.0	0.992,1.0	0.004
1.0,1.0	0.997,1.0	0.002
0.456,0.508	0.486,0.56	-0.041
0.459,0.529	0.555,0.598	-0.083
0.274,0.292	0.266,0.359	-0.029
0.986,0.997	1.0,0.99	-0.003
0.998,1.0	1.0,1.0	-0.001
1.0,0.986	0.892,1.0	0.047
1.0,0.996	0.971,1.0	0.012
1.0,0.997	1.0,1.0	-0.002
1.0,1.0	0.997,1.0	0.002
0.996,1.0	0.99,0.995	0.006
1.0,0.974	1.0,1.0	-0.013
1.0,0.98	1.0,1.0	-0.01
0.72,0.767	0.498,0.384	0.303
0.99,1.0	1.0,1.0	-0.005
0.281,0.221	0.244,0.272	-0.007
0.525,0.389	0.41,0.471	0.017
0.851,0.772	0.987,0.931	-0.148
0.003,0.0	0.0,0.0	0.002
1.0,0.991	1.0,1.0	-0.004
0.959,0.976	0.961,1.0	-0.013
1.0,0.994	1.0,1.0	-0.003
1.0,0.986	1.0,1.0	-0.007
0.406,0.587	0.313,0.136	0.272
0.009,0.003	0.004,0.0	0.004
0.885,0.889	1.0,1.0	-0.113
1.0,1.0	1.0,0.998	0.001
0.98,1.0	1.0,1.0	-0.01
1.0,0.988	1.0,1.0	-0.006
0.994,1.0	1.0,1.0	-0.003
0.958,0.951	0.957,1.0	-0.024
0.951,0.971	0.951,0.963	0.004
0.999,0.999	0.998,0.999	0.001
1.0,1.0	0.989,1.0	0.006
0.07,0.0	0.131,0.159	-0.11
0.849,1.0	1.0,1.0	-0.076
0.985,0.979	1.0,1.0	-0.018
0.998,1.0	1.0,1.0	-0.001
1.0,0.997	1.0,1.0	-0.002
1.0,1.0	1.0,1.0	0.0
0.999,1.0	1.0,1.0	-0.0
1.0,1.0	1.0,0.94	0.03
1.0,0.982	1.0,1.0	-0.009
1.0,1.0	0.995,1.0	0.002
0.991,1.0	1.0,1.0	-0.004
0.028,0.028	0.02,0.012	0.012
0.019,0.017	0.017,0.013	0.003
0.0,0.002	0.0,0.0	0.001
1.0,0.992	0.985,1.0	0.004
1.0,0.993	1.0,0.99	0.001
1.0,0.945	0.92,1.0	0.012
0.295,0.0	0.0,0.295	0.0
0.194,0.039	0.103,0.122	0.004
0.988,0.995	0.989,0.99	0.002
0.999,1.0	0.997,1.0	0.001
0.99,1.0	1.0,1.0	-0.005
0.952,0.986	0.974,0.971	-0.003
1.0,1.0	0.985,1.0	0.008
1.0,0.992	0.977,1.0	0.008
1.0,0.994	1.0,1.0	-0.003
0.066,0.066	0.044,0.028	0.03
0.998,1.0	1.0,1.0	-0.001
0.389,0.379	0.402,0.279	0.043
0.186,0.171	0.161,0.111	0.042
0.984,1.0	0.979,1.0	0.002
0.316,0.401	0.319,0.281	0.058
1.0,0.993	1.0,1.0	-0.004
1.0,0.993	1.0,1.0	-0.004
1.0,0.993	1.0,1.0	-0.004
0.106,0.066	0.451,0.411	-0.345
0.168,0.174	0.862,0.883	-0.702
0.999,0.998	0.997,1.0	0.0
1.0,0.999	1.0,1.0	-0.0
0.996,0.99	0.999,0.996	-0.005
0.998,1.0	1.0,1.0	-0.001
0.079,0.086	0.076,0.08	0.004
1.0,0.998	0.996,1.0	0.001
0.98,0.99	1.0,1.0	-0.015
1.0,1.0	1.0,0.942	0.029
0.452,0.394	0.184,0.135	0.264
0.884,0.843	1.0,1.0	-0.137
0.086,0.07	0.08,0.168	-0.046
0.326,0.344	0.242,0.246	0.091
1.0,1.0	1.0,0.999	0.0
1.0,0.91	1.0,1.0	-0.045
0.266,0.192	0.202,0.336	-0.04
1.0,1.0	1.0,0.922	0.039
0.999,1.0	1.0,1.0	-0.0
1.0,0.998	1.0,1.0	-0.001
1.0,1.0	0.997,0.987	0.008
1.0,1.0	0.971,1.0	0.014
1.0,1.0	0.991,1.0	0.004
1.0,1.0	0.991,1.0	0.004
1.0,1.0	0.99,1.0	0.005
0.984,0.98	0.996,0.995	-0.014
0.993,1.0	0.979,1.0	0.007
1.0,1.0	1.0,1.0	0.0
0.067,0.087	0.097,0.131	-0.037
0.174,0.235	0.293,0.354	-0.119
0.223,0.331	0.352,0.437	-0.117
1.0,1.0	1.0,1.0	0.0
0.999,1.0	1.0,1.0	-0.0
1.0,0.967	1.0,1.0	-0.016
0.772,1.0	NA,1.0	-0.114
0.997,0.997	1.0,1.0	-0.003
0.643,0.652	0.779,0.738	-0.111
0.618,0.53	0.744,0.648	-0.122
1.0,0.994	1.0,1.0	-0.003
0.788,0.753	0.679,0.622	0.12
1.0,1.0	1.0,0.99	0.005
1.0,0.993	1.0,1.0	-0.004
1.0,0.979	1.0,1.0	-0.01
0.675,0.63	0.834,0.72	-0.124
0.887,0.871	0.93,0.899	-0.036
0.998,1.0	1.0,1.0	-0.001
0.999,1.0	0.999,1.0	0.0
0.943,1.0	1.0,0.961	-0.009
1.0,1.0	0.993,1.0	0.004
0.991,1.0	0.984,1.0	0.004
1.0,1.0	0.958,1.0	0.021
1.0,1.0	0.955,1.0	0.022
1.0,1.0	0.967,1.0	0.016
0.871,0.84	0.826,0.827	0.029
0.993,1.0	1.0,1.0	-0.004
0.999,1.0	1.0,1.0	-0.0
1.0,0.998	1.0,1.0	-0.001
0.0,0.463	0.0,1.0	-0.268
0.957,0.989	1.0,1.0	-0.027
0.979,1.0	0.962,1.0	0.009
0.925,0.769	1.0,0.655	0.019
0.823,0.668	1.0,0.48	0.006
0.969,0.867	1.0,0.891	-0.028
0.937,0.751	1.0,0.822	-0.067
0.92,0.77	1.0,0.771	-0.04
0.416,0.333	0.428,1.0	-0.339
1.0,1.0	0.957,1.0	0.022
0.0,0.008	0.0,0.0	0.004
1.0,0.986	1.0,1.0	-0.007
1.0,1.0	0.989,1.0	0.006
0.0,0.001	0.0,0.0	0.001
1.0,0.996	1.0,1.0	-0.002
1.0,0.991	1.0,0.989	0.001
1.0,0.996	1.0,1.0	-0.002
0.997,1.0	1.0,1.0	-0.002
1.0,0.0	0.61,1.0	-0.305
1.0,0.935	1.0,1.0	-0.032
0.927,0.875	0.976,0.896	-0.035
0.998,0.999	1.0,0.998	-0.001
1.0,1.0	0.992,1.0	0.004
1.0,0.996	1.0,0.977	0.01
1.0,1.0	0.975,1.0	0.012
1.0,0.978	1.0,0.878	0.05
0.058,0.145	0.081,0.183	-0.031
1.0,1.0	0.996,1.0	0.002
1.0,1.0	0.991,1.0	0.004
0.972,1.0	1.0,1.0	-0.014
0.211,0.62	0.34,0.797	-0.153
0.997,1.0	1.0,1.0	-0.002
0.996,1.0	1.0,1.0	-0.002
1.0,1.0	0.979,1.0	0.01
0.994,0.994	0.991,1.0	-0.002
0.999,1.0	1.0,1.0	-0.0
1.0,1.0	1.0,1.0	0.0
0.999,1.0	1.0,0.998	0.001
1.0,1.0	0.997,1.0	0.002
1.0,1.0	1.0,1.0	0.0
1.0,1.0	0.925,1.0	0.037
1.0,0.872	0.605,1.0	0.133
1.0,1.0	1.0,0.94	0.03
0.997,1.0	1.0,1.0	-0.002
0.866,0.744	1.0,0.492	0.059
0.873,0.633	1.0,0.385	0.06
1.0,0.901	1.0,1.0	-0.049
1.0,0.981	1.0,1.0	-0.01
0.978,1.0	1.0,0.984	-0.003
1.0,1.0	0.983,1.0	0.008
1.0,1.0	0.992,1.0	0.004
1.0,0.99	1.0,1.0	-0.005
0.988,0.989	1.0,0.989	-0.006
1.0,0.995	1.0,1.0	-0.002
1.0,0.996	1.0,1.0	-0.002
1.0,1.0	0.995,1.0	0.002
0.995,1.0	0.99,1.0	0.003
0.05,0.052	0.057,0.062	-0.008
0.999,1.0	1.0,1.0	-0.0
0.997,0.999	1.0,1.0	-0.002
0.997,0.999	1.0,1.0	-0.002
0.99,0.986	1.0,1.0	-0.012
0.975,0.99	0.981,1.0	-0.008
1.0,1.0	0.981,1.0	0.01
1.0,0.989	1.0,1.0	-0.006
1.0,0.992	1.0,1.0	-0.004
1.0,1.0	1.0,0.973	0.014
0.977,1.0	1.0,1.0	-0.012
0.24,0.171	0.148,0.188	0.038
0.338,0.248	0.133,0.166	0.144
0.982,0.99	1.0,1.0	-0.014
0.987,1.0	1.0,1.0	-0.006
0.979,1.0	1.0,1.0	-0.01
0.0,1.0	1.0,NA	-0.5
0.997,0.989	0.992,1.0	-0.003
1.0,0.994	1.0,0.995	-0.001
0.042,0.028	0.028,0.019	0.012
1.0,1.0	0.996,1.0	0.002
1.0,1.0	0.866,1.0	0.067
1.0,0.994	1.0,1.0	-0.003
1.0,0.999	1.0,1.0	-0.0
1.0,0.999	1.0,1.0	-0.0
1.0,0.946	1.0,1.0	-0.027
1.0,1.0	0.863,1.0	0.069
0.21,0.306	0.247,0.301	-0.016
0.11,0.077	0.103,0.17	-0.043
0.094,0.08	0.097,0.138	-0.031
0.244,0.254	0.213,0.218	0.034
0.516,0.737	0.502,0.343	0.204
0.996,1.0	1.0,1.0	-0.002
0.972,0.969	0.975,1.0	-0.017
0.996,0.996	1.0,1.0	-0.004
1.0,0.998	1.0,1.0	-0.001
0.718,0.8	0.527,0.69	0.15
1.0,0.999	1.0,1.0	-0.0
1.0,1.0	1.0,0.966	0.017
0.993,1.0	0.983,1.0	0.005
0.876,0.939	0.956,0.954	-0.047
0.996,0.99	1.0,1.0	-0.007
1.0,0.995	1.0,1.0	-0.002
0.756,0.792	0.794,0.828	-0.037
1.0,0.989	1.0,1.0	-0.006
0.0,0.0	0.004,0.0	-0.002
1.0,1.0	0.992,1.0	0.004
0.209,0.178	0.243,0.191	-0.023
1.0,0.993	1.0,1.0	-0.004
0.987,0.946	0.98,0.985	-0.016
0.768,0.725	0.748,0.69	0.027
0.564,0.884	0.916,1.0	-0.234
0.64,0.915	0.914,1.0	-0.179
1.0,0.985	1.0,1.0	-0.008
1.0,1.0	0.997,1.0	0.002
1.0,1.0	0.977,1.0	0.012
1.0,1.0	0.981,1.0	0.01
1.0,1.0	0.982,1.0	0.009
1.0,1.0	0.986,1.0	0.007
1.0,1.0	0.983,1.0	0.008
1.0,1.0	0.986,1.0	0.007
1.0,0.99	1.0,1.0	-0.005
0.994,1.0	1.0,1.0	-0.003
1.0,1.0	0.966,1.0	0.017
1.0,1.0	1.0,0.995	0.002
0.998,1.0	1.0,1.0	-0.001
0.936,1.0	1.0,1.0	-0.032
0.997,0.995	1.0,1.0	-0.004
0.984,0.968	0.983,1.0	-0.016
0.827,1.0	1.0,1.0	-0.087
0.785,1.0	1.0,1.0	-0.107
0.214,0.792	1.0,1.0	-0.497
1.0,1.0	0.0,0.0	1.0
1.0,0.954	1.0,1.0	-0.023
1.0,1.0	0.751,1.0	0.125
0.231,0.546	0.819,0.376	-0.209
0.949,0.966	0.979,0.9	0.018
1.0,1.0	1.0,1.0	0.0
0.0,0.0	0.0,0.0	0.0
1.0,0.993	0.992,0.968	0.016
1.0,1.0	0.982,1.0	0.009
1.0,1.0	1.0,0.986	0.007
1.0,1.0	0.997,1.0	0.002
1.0,1.0	0.994,1.0	0.003
1.0,1.0	1.0,0.981	0.01
0.993,0.993	0.992,0.982	0.006
1.0,0.993	1.0,1.0	-0.004
1.0,1.0	0.934,1.0	0.033
1.0,1.0	0.969,1.0	0.016
0.261,0.166	0.365,0.345	-0.141
0.997,1.0	0.996,1.0	0.0
1.0,1.0	1.0,0.99	0.005
0.992,0.993	1.0,1.0	-0.008
1.0,1.0	0.969,1.0	0.016
0.084,0.131	0.113,0.17	-0.034
0.629,0.653	0.406,0.525	0.175
0.447,0.468	0.532,0.531	-0.074
0.386,0.425	0.507,0.514	-0.105
0.97,0.976	1.0,1.0	-0.027
1.0,0.993	0.986,1.0	0.003
1.0,0.998	1.0,1.0	-0.001
1.0,0.986	1.0,1.0	-0.007
1.0,1.0	1.0,0.978	0.011
0.993,1.0	1.0,1.0	-0.004
1.0,1.0	1.0,1.0	0.0
0.131,0.0	0.266,0.088	-0.111
0.019,0.068	0.063,0.04	-0.008
0.088,0.17	0.155,0.129	-0.013
0.971,1.0	1.0,1.0	-0.014
0.981,1.0	1.0,0.968	0.006
0.99,0.996	0.998,1.0	-0.006
0.975,0.978	0.968,0.978	0.003
0.952,1.0	1.0,1.0	-0.024
0.778,1.0	1.0,1.0	-0.111
0.973,0.983	0.978,0.985	-0.004
0.982,1.0	1.0,1.0	-0.009
0.972,0.983	1.0,1.0	-0.022
0.99,0.994	1.0,1.0	-0.008
0.993,1.0	1.0,1.0	-0.004
1.0,0.996	1.0,1.0	-0.002
0.539,0.651	0.702,0.668	-0.09
0.005,0.0	0.0,0.0	0.003
1.0,0.989	1.0,1.0	-0.006
1.0,0.0	0.0,0.0	0.5
0.984,1.0	1.0,0.993	-0.004
0.979,1.0	1.0,0.988	-0.004
1.0,0.96	1.0,1.0	-0.02
1.0,0.999	1.0,1.0	-0.0
0.992,1.0	1.0,1.0	-0.004
0.985,1.0	1.0,1.0	-0.008
1.0,0.995	1.0,1.0	-0.002
0.999,0.999	0.998,1.0	0.0
0.999,1.0	1.0,1.0	-0.0
0.993,1.0	0.993,1.0	0.0
1.0,0.996	1.0,1.0	-0.002
1.0,1.0	0.824,1.0	0.088
1.0,1.0	0.76,1.0	0.12
0.958,0.993	0.915,1.0	0.018
1.0,1.0	0.983,1.0	0.008
1.0,0.98	1.0,1.0	-0.01
0.592,0.459	0.354,0.077	0.31
1.0,1.0	1.0,0.422	0.289
1.0,1.0	1.0,0.994	0.003
0.997,1.0	1.0,1.0	-0.002
1.0,1.0	1.0,0.971	0.014
1.0,0.975	0.987,1.0	-0.006
1.0,0.963	0.98,1.0	-0.008
0.1,0.143	0.078,0.013	0.076
0.994,1.0	1.0,1.0	-0.003
1.0,1.0	0.998,1.0	0.001
1.0,0.999	1.0,1.0	-0.0
0.987,1.0	1.0,1.0	-0.006
0.999,1.0	0.999,0.998	0.001
0.978,0.961	1.0,1.0	-0.03
1.0,0.998	1.0,1.0	-0.001
1.0,1.0	0.96,1.0	0.02
1.0,0.995	1.0,1.0	-0.002
0.985,1.0	1.0,1.0	-0.008
0.893,1.0	1.0,0.948	-0.027
0.962,1.0	1.0,0.978	-0.008
0.979,1.0	1.0,1.0	-0.01
0.017,0.003	0.011,0.003	0.003
0.994,1.0	1.0,1.0	-0.003
0.994,0.993	1.0,1.0	-0.006
1.0,0.998	1.0,1.0	-0.001
0.796,0.814	0.836,0.764	0.005
1.0,0.97	1.0,1.0	-0.015
0.987,1.0	0.946,0.846	0.098
1.0,0.976	1.0,1.0	-0.012
1.0,0.967	1.0,1.0	-0.016
0.991,1.0	1.0,1.0	-0.004
1.0,0.957	1.0,1.0	-0.022
1.0,1.0	0.997,1.0	0.002
0.995,0.986	0.979,1.0	0.001
0.989,1.0	1.0,1.0	-0.006
0.041,0.035	0.014,0.016	0.023
0.997,0.998	1.0,0.995	0.0
0.947,0.875	0.972,1.0	-0.075
1.0,0.995	1.0,0.973	0.011
0.989,0.97	0.976,0.98	0.002
1.0,0.993	1.0,1.0	-0.004
0.997,1.0	1.0,1.0	-0.002
1.0,0.962	1.0,1.0	-0.019
1.0,0.948	1.0,1.0	-0.026
0.882,0.821	1.0,1.0	-0.149
1.0,0.997	1.0,1.0	-0.002
0.992,0.975	0.986,0.978	0.002
0.972,0.909	0.947,0.891	0.021
0.994,0.993	0.987,0.961	0.02
0.985,1.0	1.0,1.0	-0.008
0.994,0.996	0.995,0.995	0.0
1.0,1.0	1.0,1.0	0.0
0.996,0.991	0.988,0.994	0.003
1.0,1.0	0.989,0.991	0.01
0.983,1.0	0.995,0.982	0.003
0.074,0.023	0.066,0.056	-0.012
0.299,1.0	1.0,1.0	-0.351
0.991,0.985	1.0,1.0	-0.012
0.0,0.326	0.0,1.0	-0.337
1.0,0.966	0.964,0.989	0.007
0.894,0.872	0.966,0.888	-0.044
0.949,0.944	0.986,0.978	-0.036
0.923,0.96	0.976,0.991	-0.042
1.0,1.0	1.0,1.0	0.0
0.99,1.0	1.0,1.0	-0.005
0.986,1.0	1.0,1.0	-0.007
0.997,1.0	1.0,1.0	-0.002
0.856,1.0	0.884,0.749	0.111
1.0,0.788	1.0,1.0	-0.106
1.0,0.398	1.0,0.398	0.0
0.998,1.0	1.0,1.0	-0.001
0.997,0.997	0.983,0.963	0.024
0.966,1.0	1.0,1.0	-0.017
1.0,1.0	1.0,0.986	0.007
0.999,1.0	1.0,1.0	-0.0
1.0,0.996	1.0,1.0	-0.002
0.987,0.985	0.984,1.0	-0.006
0.135,0.0	0.0,0.0	0.068
0.958,1.0	1.0,0.973	-0.007
1.0,1.0	1.0,0.971	0.014
1.0,0.986	0.994,1.0	-0.004
0.995,1.0	0.985,1.0	0.005
1.0,1.0	0.923,1.0	0.038
1.0,1.0	1.0,0.976	0.012
1.0,1.0	1.0,0.992	0.004
0.958,0.903	1.0,1.0	-0.07
0.884,0.759	1.0,1.0	-0.178
0.683,0.705	0.658,0.716	0.007
0.268,0.438	0.492,0.361	-0.074
0.993,1.0	1.0,1.0	-0.004
0.999,0.999	1.0,1.0	-0.001
0.0,1.0	1.0,NA	-0.5
0.873,0.948	0.934,0.961	-0.037
1.0,1.0	0.993,1.0	0.004
0.979,1.0	1.0,1.0	-0.01
1.0,0.997	1.0,1.0	-0.002
1.0,0.998	0.997,1.0	0.001
0.815,0.761	1.0,1.0	-0.212
0.993,0.991	1.0,1.0	-0.008
1.0,0.995	1.0,1.0	-0.002
0.948,0.991	0.961,1.0	-0.011
0.916,0.834	1.0,1.0	-0.125
0.415,0.392	0.365,0.287	0.078
1.0,1.0	0.97,1.0	0.015
1.0,0.685	1.0,1.0	-0.157
1.0,0.592	1.0,1.0	-0.204
0.992,1.0	1.0,1.0	-0.004
0.956,0.93	1.0,0.934	-0.024
0.979,1.0	1.0,1.0	-0.01
0.945,0.88	1.0,0.798	0.013
0.996,0.996	0.994,1.0	-0.001
0.987,0.988	0.981,1.0	-0.003
0.991,1.0	1.0,1.0	-0.004
1.0,0.989	1.0,1.0	-0.006
0.68,0.713	0.588,0.77	0.017
0.996,1.0	1.0,1.0	-0.002
0.999,1.0	1.0,1.0	-0.0
0.999,1.0	1.0,1.0	-0.0
0.001,0.0	0.0,0.001	0.0
0.986,0.97	0.996,0.982	-0.011
0.984,1.0	0.978,1.0	0.003
0.997,1.0	1.0,1.0	-0.002
0.993,1.0	1.0,1.0	-0.004
0.991,0.996	1.0,1.0	-0.006
1.0,1.0	0.985,1.0	0.008
0.966,0.994	0.985,1.0	-0.012
0.974,0.976	1.0,1.0	-0.025
1.0,0.997	1.0,1.0	-0.002
0.879,0.889	0.889,0.911	-0.016
1.0,0.991	1.0,1.0	-0.004
0.022,0.012	0.022,0.0	0.006
0.004,0.0	0.0,0.0	0.002
1.0,1.0	0.999,0.996	0.002
0.997,1.0	1.0,1.0	-0.002
0.999,1.0	1.0,1.0	-0.0
0.996,0.987	1.0,1.0	-0.008
0.999,0.997	1.0,1.0	-0.002
0.109,0.084	0.079,0.0	0.057
1.0,0.975	0.977,1.0	-0.001
0.029,0.041	0.062,0.062	-0.027
0.986,1.0	1.0,1.0	-0.007
0.953,0.974	0.823,1.0	0.052
0.974,0.978	1.0,1.0	-0.024
0.024,0.044	0.053,0.03	-0.007
0.995,1.0	1.0,1.0	-0.002
0.993,1.0	1.0,1.0	-0.004
0.999,1.0	1.0,1.0	-0.0
1.0,1.0	0.969,1.0	0.016
1.0,1.0	0.997,1.0	0.002
1.0,1.0	0.999,1.0	0.0
0.724,0.74	0.283,1.0	0.091
0.23,0.234	0.274,0.158	0.016
0.028,0.033	0.102,0.03	-0.036
0.108,0.199	0.119,0.247	-0.029
0.219,0.302	0.328,0.363	-0.085
0.989,1.0	1.0,1.0	-0.006
1.0,1.0	1.0,0.993	0.004
0.742,0.894	0.861,0.961	-0.093
0.071,0.538	0.394,0.572	-0.178
0.986,0.994	0.972,1.0	0.004
0.986,0.994	0.972,1.0	0.004
0.962,0.989	1.0,0.989	-0.019
1.0,0.999	1.0,1.0	-0.0
1.0,0.992	1.0,1.0	-0.004
1.0,0.999	1.0,1.0	-0.0
0.511,0.468	0.656,0.739	-0.208
0.025,0.005	0.042,0.047	-0.029
0.974,0.995	1.0,1.0	-0.016
0.997,1.0	1.0,1.0	-0.002
1.0,0.982	1.0,1.0	-0.009
0.894,1.0	0.739,1.0	0.078
0.986,1.0	1.0,1.0	-0.007
0.998,1.0	1.0,1.0	-0.001
0.705,0.96	0.791,0.782	0.046
1.0,0.997	1.0,1.0	-0.002
0.97,0.911	0.891,1.0	-0.005
1.0,0.982	1.0,1.0	-0.009
1.0,0.981	1.0,1.0	-0.01
1.0,0.978	1.0,1.0	-0.011
0.996,1.0	1.0,1.0	-0.002
1.0,0.993	0.97,1.0	0.011
1.0,0.939	1.0,1.0	-0.03
0.994,1.0	1.0,1.0	-0.003
1.0,0.999	1.0,1.0	-0.0
1.0,1.0	1.0,1.0	0.0
1.0,0.98	1.0,1.0	-0.01
1.0,0.953	1.0,1.0	-0.024
0.96,1.0	0.972,0.906	0.041
1.0,1.0	0.808,1.0	0.096
0.982,0.961	1.0,0.929	0.007
0.993,1.0	1.0,1.0	-0.004
0.991,0.991	1.0,1.0	-0.009
0.996,0.996	1.0,1.0	-0.004
1.0,1.0	1.0,0.919	0.04
0.952,1.0	1.0,1.0	-0.024
0.791,1.0	1.0,NA	-0.105
1.0,0.823	1.0,1.0	-0.089
0.068,0.057	0.048,0.0	0.038
0.442,1.0	0.284,0.284	0.437
1.0,1.0	0.995,1.0	0.002
1.0,0.943	1.0,1.0	-0.028
0.175,0.112	0.18,0.076	0.015
0.996,0.982	1.0,0.997	-0.009
1.0,0.999	1.0,1.0	-0.0
0.974,1.0	1.0,1.0	-0.013
1.0,1.0	1.0,0.991	0.004
0.997,1.0	0.998,1.0	-0.001
0.988,1.0	1.0,1.0	-0.006
1.0,0.92	1.0,1.0	-0.04
0.961,1.0	1.0,0.959	0.001
0.972,1.0	1.0,0.965	0.004
0.385,0.0	0.652,1.0	-0.634
0.993,1.0	1.0,1.0	-0.004
0.977,1.0	1.0,1.0	-0.012
0.998,0.998	0.998,1.0	-0.001
1.0,0.97	1.0,1.0	-0.015
0.961,0.891	0.975,1.0	-0.062
0.995,1.0	1.0,1.0	-0.002
0.996,1.0	1.0,1.0	-0.002
1.0,1.0	0.522,1.0	0.239
0.993,1.0	1.0,1.0	-0.004
1.0,0.788	1.0,0.749	0.019
0.991,0.981	0.985,1.0	-0.006
1.0,0.994	1.0,1.0	-0.003
0.03,0.033	0.048,0.067	-0.026
0.993,1.0	1.0,1.0	-0.004
0.999,1.0	1.0,1.0	-0.0
0.992,0.994	0.997,0.996	-0.003
0.256,0.215	0.327,0.14	0.002
0.192,0.097	0.294,0.416	-0.21
1.0,0.944	1.0,1.0	-0.028
0.194,0.176	0.06,0.08	0.115
0.942,1.0	1.0,1.0	-0.029
0.994,1.0	1.0,1.0	-0.003
0.998,1.0	1.0,1.0	-0.001
0.998,0.998	1.0,1.0	-0.002
0.989,0.994	1.0,1.0	-0.008
1.0,0.937	1.0,1.0	-0.031
1.0,0.997	1.0,1.0	-0.002
0.996,1.0	1.0,1.0	-0.002
0.95,0.97	1.0,1.0	-0.04
1.0,1.0	1.0,0.615	0.193
0.994,0.994	1.0,0.986	0.001
1.0,1.0	1.0,0.985	0.008
0.994,0.983	1.0,1.0	-0.012
0.999,0.997	1.0,1.0	-0.002
0.999,0.998	1.0,1.0	-0.002
1.0,0.999	0.997,1.0	0.001
0.989,0.993	1.0,1.0	-0.009
1.0,1.0	1.0,1.0	0.0
0.998,1.0	1.0,1.0	-0.001
0.992,0.994	1.0,1.0	-0.007
1.0,0.997	0.994,0.958	0.022
0.997,0.995	1.0,1.0	-0.004
0.971,1.0	1.0,1.0	-0.014
0.923,0.899	0.7,1.0	0.061
0.9,0.892	0.697,1.0	0.047
0.989,0.987	1.0,0.955	0.01
0.998,0.998	1.0,0.996	0.0
1.0,0.997	1.0,1.0	-0.002
0.984,1.0	1.0,1.0	-0.008
0.988,1.0	1.0,1.0	-0.006
0.325,0.0	0.706,1.0	-0.691
0.999,1.0	1.0,1.0	-0.0
0.996,1.0	1.0,1.0	-0.002
0.924,1.0	1.0,1.0	-0.038
0.974,0.972	0.986,0.991	-0.015
0.994,0.979	0.992,1.0	-0.01
0.982,0.988	0.993,0.992	-0.007
0.863,0.84	0.961,0.923	-0.091
0.276,0.196	0.647,0.379	-0.277
0.969,0.957	0.968,0.882	0.038
0.927,0.916	0.945,0.796	0.051
0.99,1.0	1.0,1.0	-0.005
1.0,NA	NA,0.0	1.0
0.998,0.999	1.0,1.0	-0.002
1.0,0.994	1.0,1.0	-0.003
1.0,1.0	1.0,0.702	0.149
1.0,0.996	1.0,1.0	-0.002
0.98,0.931	0.951,0.916	0.022
0.985,0.938	0.968,0.922	0.016
0.981,0.919	0.962,0.917	0.01
0.799,0.764	1.0,0.845	-0.141
0.541,1.0	1.0,1.0	-0.23
0.116,0.106	0.122,0.136	-0.018
1.0,0.995	1.0,1.0	-0.002
0.946,0.922	0.949,0.981	-0.031
0.994,1.0	1.0,1.0	-0.003
0.178,0.229	0.094,0.148	0.083
1.0,0.705	1.0,1.0	-0.147
0.215,0.155	0.134,0.192	0.022
1.0,0.794	1.0,1.0	-0.103
1.0,1.0	1.0,0.989	0.006
1.0,1.0	1.0,1.0	0.0
0.999,1.0	1.0,1.0	-0.0
1.0,1.0	0.912,1.0	0.044
1.0,1.0	0.995,1.0	0.002
0.998,1.0	1.0,1.0	-0.001
0.972,0.98	0.988,0.983	-0.01
0.998,0.996	1.0,0.997	-0.001
0.995,1.0	1.0,1.0	-0.002
0.926,0.981	0.898,0.888	0.06
0.956,0.872	1.0,0.912	-0.042
0.997,1.0	1.0,1.0	-0.002
1.0,0.989	1.0,1.0	-0.006
0.968,1.0	1.0,1.0	-0.016
0.981,0.982	0.996,0.992	-0.012
0.998,1.0	1.0,1.0	-0.001
0.997,1.0	1.0,1.0	-0.002
1.0,1.0	NA,0.666	0.334
1.0,1.0	1.0,1.0	0.0
0.999,0.999	0.999,1.0	-0.001
0.012,0.007	0.009,0.009	0.001
1.0,0.995	1.0,1.0	-0.002
0.989,1.0	1.0,1.0	-0.006
0.999,0.998	1.0,1.0	-0.002
1.0,1.0	0.976,1.0	0.012
0.434,0.42	0.877,1.0	-0.512
0.408,0.341	0.674,1.0	-0.462
0.962,1.0	1.0,1.0	-0.019
0.997,1.0	1.0,1.0	-0.002
0.975,1.0	1.0,0.736	0.12
0.961,0.981	0.941,1.0	0.001
1.0,1.0	1.0,1.0	0.0
0.979,0.977	0.971,1.0	-0.008
0.677,0.771	0.621,0.436	0.196
0.805,0.811	0.788,0.567	0.131
0.991,0.988	0.959,1.0	0.01
1.0,1.0	0.993,1.0	0.004
1.0,0.992	1.0,1.0	-0.004
0.967,1.0	1.0,1.0	-0.016
0.886,0.979	1.0,1.0	-0.068
1.0,0.992	1.0,1.0	-0.004
0.999,1.0	0.997,0.996	0.003
1.0,0.998	1.0,1.0	-0.001
0.655,1.0	0.82,0.859	-0.012
0.937,0.981	0.935,0.903	0.04
1.0,1.0	1.0,1.0	0.0
0.999,1.0	1.0,1.0	-0.0
1.0,1.0	0.985,0.998	0.008
0.998,0.999	1.0,1.0	-0.002
1.0,1.0	1.0,0.909	0.045
0.145,0.124	0.083,0.177	0.005
1.0,1.0	0.986,1.0	0.007
0.843,0.842	1.0,1.0	-0.157
0.952,0.942	1.0,1.0	-0.053
1.0,1.0	1.0,0.974	0.013
1.0,0.993	1.0,1.0	-0.004
0.997,1.0	1.0,0.998	-0.001
0.998,1.0	1.0,1.0	-0.001
1.0,0.979	1.0,1.0	-0.01
0.004,0.005	0.0,0.002	0.004
0.101,0.068	0.0,0.0	0.085
1.0,0.927	1.0,1.0	-0.036
0.999,1.0	1.0,1.0	-0.0
0.999,1.0	0.998,1.0	0.001
1.0,0.999	1.0,1.0	-0.0
0.992,0.998	0.987,1.0	0.001
1.0,0.988	0.98,1.0	0.004
0.06,0.056	0.196,0.103	-0.091
1.0,0.99	1.0,1.0	-0.005
0.997,1.0	1.0,1.0	-0.002
1.0,0.98	1.0,1.0	-0.01
1.0,0.992	1.0,1.0	-0.004
1.0,1.0	0.995,0.975	0.015
0.103,0.091	0.094,0.068	0.016
0.981,0.981	0.993,0.991	-0.011
0.254,0.33	0.122,0.224	0.119
0.995,0.992	1.0,0.994	-0.003
1.0,0.946	1.0,1.0	-0.027
0.273,0.316	0.431,0.439	-0.141
0.48,0.336	0.228,0.412	0.088
0.996,1.0	1.0,1.0	-0.002
0.989,0.988	0.988,0.988	0.0
0.991,0.991	0.99,0.991	0.001
0.997,0.998	1.0,1.0	-0.002
0.678,0.724	0.793,0.659	-0.025
1.0,1.0	1.0,0.994	0.003
1.0,0.999	0.997,1.0	0.001
1.0,0.978	1.0,1.0	-0.011
1.0,0.996	0.997,1.0	-0.0
1.0,0.943	1.0,1.0	-0.028
1.0,0.548	1.0,1.0	-0.226
0.998,1.0	1.0,1.0	-0.001
1.0,0.999	1.0,1.0	-0.0
0.599,0.374	0.599,1.0	-0.313
0.932,1.0	1.0,1.0	-0.034
0.996,1.0	1.0,1.0	-0.002
0.994,1.0	1.0,1.0	-0.003
1.0,1.0	0.999,1.0	0.0
1.0,1.0	1.0,1.0	0.0
0.916,0.848	0.881,1.0	-0.058
0.992,1.0	1.0,1.0	-0.004
0.993,0.997	0.987,0.98	0.011
0.983,1.0	1.0,1.0	-0.008
1.0,1.0	0.982,1.0	0.009
0.999,1.0	0.999,1.0	0.0
1.0,0.979	1.0,1.0	-0.01
1.0,0.995	1.0,1.0	-0.002
1.0,1.0	0.989,1.0	0.006
0.999,0.998	1.0,1.0	-0.002
0.954,0.96	0.981,0.988	-0.027
1.0,1.0	0.995,1.0	0.002
0.952,0.914	0.958,0.968	-0.03
0.873,0.964	0.859,0.878	0.05
0.63,0.743	0.681,0.746	-0.027
1.0,0.993	0.949,1.0	0.022
0.971,0.978	0.995,0.984	-0.015
0.95,0.946	0.984,1.0	-0.044
1.0,1.0	1.0,0.984	0.008
0.995,0.997	1.0,1.0	-0.004
0.992,1.0	1.0,1.0	-0.004
1.0,1.0	0.998,1.0	0.001
0.257,0.191	1.0,0.859	-0.706
0.105,0.108	0.159,0.175	-0.06
0.421,0.35	0.628,0.871	-0.364
1.0,1.0	1.0,0.998	0.001
0.967,0.993	0.995,0.995	-0.015
0.996,1.0	1.0,1.0	-0.002
1.0,0.998	1.0,1.0	-0.001
0.99,1.0	0.997,0.979	0.007
1.0,0.975	1.0,1.0	-0.012
1.0,0.998	1.0,1.0	-0.001
0.967,1.0	1.0,1.0	-0.016
0.992,1.0	1.0,0.975	0.008
0.996,1.0	0.998,0.997	0.0
1.0,1.0	1.0,0.994	0.003
0.147,0.103	0.142,0.132	-0.012
0.135,0.167	0.144,0.144	0.007
0.034,0.053	0.041,0.038	0.004
0.038,0.044	0.021,0.045	0.008
1.0,0.428	NA,1.0	-0.286
0.101,0.07	0.148,0.117	-0.047
0.998,1.0	1.0,1.0	-0.001
1.0,0.99	1.0,1.0	-0.005
0.984,0.978	1.0,1.0	-0.019
0.993,0.998	1.0,0.996	-0.002
0.997,1.0	1.0,1.0	-0.002
0.924,0.925	1.0,1.0	-0.075
1.0,0.997	1.0,1.0	-0.002
0.776,0.83	0.671,0.504	0.215
1.0,1.0	0.826,1.0	0.087
0.977,1.0	1.0,1.0	-0.012
0.975,0.991	1.0,0.95	0.008
0.993,1.0	1.0,1.0	-0.004
0.962,0.965	1.0,1.0	-0.036
0.979,0.984	1.0,1.0	-0.018
0.0,0.0	0.032,0.04	-0.036
0.0,0.0	0.031,0.039	-0.035
0.149,0.169	0.086,0.113	0.059
0.513,0.425	0.404,0.67	-0.068
0.839,0.897	0.905,0.806	0.012
0.923,0.95	0.949,0.892	0.016
0.887,0.934	0.937,0.838	0.023
1.0,1.0	1.0,0.972	0.014
0.991,0.997	1.0,1.0	-0.006
1.0,0.94	1.0,1.0	-0.03
1.0,0.958	0.983,1.0	-0.013
0.911,0.835	1.0,0.709	0.018
0.958,1.0	0.817,1.0	0.071
0.993,1.0	1.0,1.0	-0.004
0.981,0.978	1.0,1.0	-0.02
0.933,1.0	1.0,1.0	-0.033
1.0,1.0	1.0,0.239	0.381
1.0,1.0	1.0,1.0	0.0
1.0,0.999	1.0,1.0	-0.0
0.017,0.023	0.01,0.002	0.014
0.993,0.992	0.979,1.0	0.003
0.395,0.321	0.266,0.355	0.047
0.997,1.0	1.0,1.0	-0.002
0.995,0.99	1.0,1.0	-0.008
1.0,1.0	1.0,0.993	0.004
1.0,0.993	1.0,1.0	-0.004
0.999,0.999	1.0,0.997	0.001
0.997,0.998	1.0,0.993	0.001
0.977,1.0	1.0,1.0	-0.012
0.985,0.985	0.936,0.959	0.037
1.0,0.993	1.0,1.0	-0.004
0.976,0.951	0.971,0.971	-0.007
1.0,0.98	1.0,1.0	-0.01
0.993,1.0	1.0,1.0	-0.004
1.0,0.999	1.0,1.0	-0.0
1.0,1.0	1.0,0.977	0.012
0.984,0.995	1.0,0.99	-0.005
1.0,1.0	1.0,1.0	0.0
0.158,0.194	0.312,0.317	-0.139
1.0,0.875	0.752,1.0	0.061
0.777,0.651	1.0,0.538	-0.055
0.748,0.626	1.0,0.443	-0.034
1.0,1.0	0.996,1.0	0.002
0.988,1.0	1.0,1.0	-0.006
0.929,1.0	NA,1.0	-0.035
0.995,1.0	1.0,1.0	-0.002
0.992,0.991	1.0,1.0	-0.008
1.0,0.96	1.0,1.0	-0.02
0.062,0.088	0.099,0.046	0.002
0.971,0.978	0.985,0.982	-0.009
0.995,0.993	0.996,0.982	0.005
0.999,0.999	1.0,1.0	-0.001
0.995,0.993	0.997,0.986	0.002
1.0,0.998	1.0,1.0	-0.001
1.0,1.0	0.989,1.0	0.006
1.0,1.0	NA,0.539	0.461
0.933,1.0	1.0,1.0	-0.033
0.946,0.984	0.889,0.899	0.071
0.622,0.526	0.792,0.689	-0.166
0.532,0.387	0.759,0.558	-0.199
0.357,0.357	0.597,1.0	-0.442
0.481,1.0	0.597,0.69	0.097
0.042,0.0	0.047,0.051	-0.028
0.984,0.973	0.978,1.0	-0.011
0.936,0.931	0.946,0.911	0.005
0.981,1.0	1.0,1.0	-0.01
0.799,0.97	1.0,1.0	-0.115
0.768,0.963	1.0,1.0	-0.135
0.858,0.856	0.73,0.725	0.129
0.895,0.985	1.0,1.0	-0.06
0.369,0.865	1.0,1.0	-0.383
0.999,1.0	1.0,1.0	-0.0
0.997,1.0	1.0,1.0	-0.002
0.912,0.981	1.0,0.977	-0.042
1.0,0.986	1.0,1.0	-0.007
0.993,0.97	0.995,0.992	-0.012
0.714,0.538	0.875,0.857	-0.24
0.048,0.078	0.112,0.131	-0.058
0.99,1.0	0.991,1.0	-0.001
1.0,0.964	1.0,1.0	-0.018
0.997,1.0	1.0,1.0	-0.002
0.912,0.985	0.95,1.0	-0.026
0.98,1.0	1.0,1.0	-0.01
0.986,1.0	1.0,1.0	-0.007
0.982,1.0	1.0,1.0	-0.009
0.982,0.933	0.951,0.976	-0.006
0.021,0.016	0.037,0.039	-0.019
0.975,1.0	1.0,1.0	-0.012
0.957,0.944	1.0,0.964	-0.032
0.989,0.986	0.997,1.0	-0.011
1.0,1.0	1.0,0.994	0.003
1.0,1.0	0.996,1.0	0.002
1.0,0.995	1.0,1.0	-0.002
0.959,0.868	1.0,0.879	-0.026
0.095,0.076	0.13,0.188	-0.074
0.999,0.999	1.0,0.997	0.001
0.205,0.141	0.268,0.14	-0.031
0.994,0.997	1.0,1.0	-0.004
1.0,0.963	1.0,1.0	-0.018
1.0,0.976	1.0,1.0	-0.012
0.991,1.0	1.0,1.0	-0.004
1.0,1.0	0.996,1.0	0.002
1.0,0.983	1.0,1.0	-0.008
0.875,0.828	0.921,0.728	0.027
1.0,0.983	1.0,1.0	-0.008
0.997,1.0	1.0,1.0	-0.002
0.805,1.0	NA,1.0	-0.097
1.0,1.0	1.0,1.0	0.0
1.0,1.0	1.0,1.0	0.0
1.0,0.995	1.0,1.0	-0.002
0.008,0.015	0.05,0.0	-0.014
0.995,1.0	0.993,1.0	0.001
1.0,0.943	1.0,1.0	-0.028
0.99,0.984	0.989,0.99	-0.003
0.997,1.0	0.993,1.0	0.002
1.0,0.97	0.927,0.725	0.159
0.988,0.985	1.0,1.0	-0.014
1.0,0.486	0.516,0.587	0.192
0.682,1.0	1.0,1.0	-0.159
0.96,0.944	0.895,1.0	0.004
1.0,0.997	1.0,1.0	-0.002
0.988,1.0	0.994,1.0	-0.003
0.91,0.716	0.716,0.904	0.003
1.0,0.968	0.893,1.0	0.037
0.508,0.463	0.613,0.739	-0.19
1.0,0.929	0.983,1.0	-0.027
1.0,0.868	0.962,1.0	-0.047
0.781,1.0	NA,1.0	-0.109
1.0,1.0	1.0,0.983	0.008
0.86,1.0	1.0,1.0	-0.07
0.12,0.14	0.258,0.108	-0.053
0.264,0.14	0.085,0.44	-0.06
1.0,1.0	0.591,1.0	0.205
1.0,0.197	NA,0.0	0.599
1.0,0.851	1.0,0.0	0.425
0.183,0.339	0.381,0.843	-0.351
0.187,0.697	0.113,0.606	0.082
0.309,0.514	0.741,0.555	-0.237
0.244,0.248	0.235,0.249	0.004
0.328,0.547	0.524,0.121	0.115
0.286,0.292	0.143,0.193	0.121
1.0,0.927	1.0,1.0	-0.036
0.775,0.903	0.547,1.0	0.065
0.143,0.108	0.081,0.09	0.04
0.532,0.752	0.232,1.0	0.026
0.979,1.0	1.0,1.0	-0.01
1.0,1.0	0.819,1.0	0.091
0.882,1.0	1.0,1.0	-0.059
1.0,1.0	1.0,0.985	0.008
1.0,0.999	1.0,1.0	-0.0
0.997,1.0	1.0,1.0	-0.002
0.984,1.0	1.0,1.0	-0.008
0.14,0.117	0.089,0.181	-0.007
0.995,1.0	1.0,0.987	0.004
1.0,0.998	1.0,1.0	-0.001
0.949,0.969	0.972,0.927	0.009
0.717,0.655	1.0,1.0	-0.314
0.996,1.0	1.0,1.0	-0.002
1.0,1.0	1.0,0.99	0.005
0.869,0.83	0.83,0.907	-0.019
0.982,1.0	0.958,0.989	0.017
1.0,1.0	0.92,1.0	0.04
1.0,1.0	0.884,1.0	0.058
0.978,1.0	1.0,1.0	-0.011
0.975,0.992	1.0,1.0	-0.016
1.0,1.0	0.0,NA	1.0
0.0,0.0	0.003,0.0	-0.002
0.999,1.0	1.0,1.0	-0.0
0.972,1.0	1.0,1.0	-0.014
1.0,0.986	1.0,1.0	-0.007
1.0,0.983	1.0,1.0	-0.008
0.997,1.0	1.0,1.0	-0.002
0.019,0.023	0.0,0.0	0.021
1.0,1.0	0.995,0.993	0.006
0.979,0.981	0.991,1.0	-0.016
0.926,0.957	0.846,0.916	0.06
0.974,0.896	1.0,1.0	-0.065
1.0,1.0	1.0,0.977	0.012
0.983,1.0	1.0,1.0	-0.008
0.992,1.0	1.0,1.0	-0.004
1.0,0.992	1.0,1.0	-0.004
0.942,0.852	0.963,1.0	-0.085
0.9,0.79	0.93,1.0	-0.12
0.899,0.799	0.931,1.0	-0.117
0.431,0.669	0.257,0.634	0.105
0.657,0.862	0.434,0.665	0.21
1.0,1.0	0.999,1.0	0.0
0.992,0.985	1.0,0.973	0.002
0.99,1.0	0.974,1.0	0.008
0.993,1.0	0.983,1.0	0.005
1.0,1.0	1.0,0.938	0.031
1.0,1.0	1.0,0.774	0.113
1.0,1.0	0.982,1.0	0.009
0.98,0.967	1.0,1.0	-0.026
0.971,1.0	1.0,1.0	-0.014
0.968,1.0	1.0,1.0	-0.016
1.0,0.996	0.997,1.0	-0.0
0.991,0.976	1.0,1.0	-0.016
0.007,0.005	0.006,0.0	0.003
0.994,1.0	1.0,1.0	-0.003
0.905,0.953	1.0,1.0	-0.071
0.862,0.927	1.0,1.0	-0.105
0.994,1.0	1.0,1.0	-0.003
0.996,1.0	1.0,1.0	-0.002
1.0,0.986	1.0,0.949	0.019
0.991,1.0	1.0,1.0	-0.004
0.998,1.0	1.0,1.0	-0.001
0.994,1.0	1.0,1.0	-0.003
1.0,0.996	0.986,1.0	0.005
0.997,0.996	1.0,0.983	0.005
1.0,1.0	1.0,0.981	0.01
0.998,0.997	1.0,1.0	-0.002
0.932,0.901	0.638,0.899	0.148
0.075,0.146	0.055,0.109	0.028
1.0,1.0	1.0,0.866	0.067
0.864,0.84	1.0,1.0	-0.148
0.879,0.809	1.0,1.0	-0.156
0.987,1.0	1.0,1.0	-0.006
0.0,0.0	0.0,0.001	-0.001
0.996,0.992	0.992,1.0	-0.002
0.997,1.0	1.0,1.0	-0.002
0.987,1.0	1.0,1.0	-0.006
0.753,1.0	1.0,NA	-0.123
0.58,0.0	0.0,0.0	0.29
1.0,1.0	0.992,1.0	0.004
1.0,1.0	1.0,0.942	0.029
1.0,1.0	1.0,1.0	0.0
0.989,0.992	1.0,1.0	-0.01
0.96,0.993	0.994,0.982	-0.012
0.848,0.811	1.0,1.0	-0.17
0.976,0.985	1.0,1.0	-0.02
1.0,1.0	1.0,0.958	0.021
0.87,0.858	0.745,0.821	0.081
1.0,1.0	1.0,1.0	0.0
0.995,1.0	1.0,0.993	0.001
1.0,0.992	1.0,1.0	-0.004
1.0,0.955	1.0,1.0	-0.022
1.0,0.994	1.0,1.0	-0.003
0.982,1.0	0.982,1.0	0.0
1.0,1.0	1.0,0.978	0.011
0.999,1.0	1.0,1.0	-0.0
1.0,1.0	0.997,1.0	0.002
0.994,1.0	0.997,1.0	-0.001
0.991,1.0	1.0,1.0	-0.004
1.0,1.0	1.0,0.991	0.004
0.991,0.966	1.0,1.0	-0.022
0.543,0.572	0.554,0.536	0.012
1.0,1.0	1.0,1.0	0.0
0.896,1.0	1.0,1.0	-0.052
1.0,1.0	0.995,1.0	0.002
0.998,1.0	1.0,1.0	-0.001
0.184,0.083	0.162,0.136	-0.016
0.419,0.437	0.357,0.483	0.008
1.0,0.987	1.0,0.908	0.04
0.986,1.0	1.0,0.97	0.008
0.998,0.998	1.0,1.0	-0.002
1.0,0.923	1.0,1.0	-0.038
0.982,0.956	1.0,1.0	-0.031
1.0,1.0	1.0,0.974	0.013
0.989,1.0	0.99,1.0	-0.001
1.0,0.821	1.0,0.945	-0.062
0.925,1.0	1.0,1.0	-0.037
0.005,0.0	0.0,0.0	0.003
1.0,0.986	1.0,0.963	0.011
0.181,0.226	0.076,0.181	0.075
0.003,0.0	0.0,0.017	-0.007
1.0,0.989	1.0,1.0	-0.006
1.0,0.997	1.0,1.0	-0.002
0.096,0.113	0.074,0.108	0.014
0.18,0.187	0.129,0.202	0.018
0.946,0.952	0.898,1.0	-0.0
0.195,0.148	0.273,0.251	-0.091
0.037,0.0	0.152,0.0	-0.057
1.0,0.999	1.0,1.0	-0.0
0.942,1.0	1.0,1.0	-0.029
0.991,1.0	1.0,1.0	-0.004
0.994,0.994	0.972,1.0	0.008
0.997,1.0	1.0,1.0	-0.002
0.981,1.0	1.0,1.0	-0.01
0.659,1.0	1.0,1.0	-0.17
0.993,1.0	1.0,1.0	-0.004
0.0,0.0	0.0,0.0	0.0
0.999,1.0	1.0,1.0	-0.0
1.0,0.994	1.0,1.0	-0.003
0.477,0.601	0.72,0.614	-0.128
0.475,0.59	0.727,0.621	-0.141
0.385,0.555	0.705,0.659	-0.212
0.961,0.985	1.0,1.0	-0.027
0.04,0.029	0.215,0.0	-0.073
0.087,0.0	0.0,0.0	0.043
1.0,1.0	1.0,1.0	0.0
1.0,0.999	1.0,1.0	-0.0
0.979,0.931	1.0,0.96	-0.025
0.746,0.609	0.762,0.786	-0.097
0.998,1.0	1.0,1.0	-0.001
0.997,1.0	1.0,1.0	-0.002
0.911,0.936	0.911,1.0	-0.032
0.357,0.776	0.803,1.0	-0.335
0.933,0.965	0.974,1.0	-0.038
0.77,0.833	0.937,1.0	-0.167
1.0,1.0	0.999,1.0	0.0
1.0,0.979	1.0,1.0	-0.01
0.988,0.995	1.0,0.988	-0.002
0.952,1.0	1.0,1.0	-0.024
0.971,0.977	0.957,0.93	0.03
1.0,0.991	1.0,1.0	-0.004
1.0,1.0	1.0,0.934	0.033
0.999,1.0	1.0,1.0	-0.0
0.987,0.984	1.0,1.0	-0.014
0.993,0.988	1.0,1.0	-0.01
1.0,1.0	0.964,1.0	0.018
1.0,0.974	0.996,1.0	-0.011
0.011,0.009	0.01,0.007	0.001
0.0,0.001	0.003,0.004	-0.003
0.472,0.41	0.813,0.631	-0.281
1.0,0.963	1.0,1.0	-0.018
0.98,0.909	1.0,1.0	-0.055
0.983,0.94	1.0,1.0	-0.038
0.993,1.0	1.0,1.0	-0.004
0.958,0.978	1.0,1.0	-0.032
1.0,1.0	1.0,1.0	0.0
0.986,1.0	1.0,1.0	-0.007
0.931,0.92	0.959,0.827	0.032
1.0,0.996	0.998,1.0	-0.001
1.0,1.0	0.999,1.0	0.0
1.0,1.0	1.0,1.0	0.0
0.995,1.0	1.0,1.0	-0.002
0.998,1.0	1.0,0.993	0.003
0.999,1.0	1.0,1.0	-0.0
0.998,0.997	0.99,0.994	0.006
1.0,1.0	1.0,0.99	0.005
1.0,1.0	0.989,1.0	0.006
0.991,0.952	0.983,0.944	0.008
0.987,0.947	0.977,0.95	0.003
1.0,1.0	1.0,0.982	0.009
1.0,0.999	1.0,1.0	-0.0
0.996,0.998	1.0,1.0	-0.003
0.532,0.569	0.503,0.546	0.026
1.0,0.988	1.0,0.987	0.0
0.013,0.062	0.053,0.06	-0.019
0.965,0.948	0.965,0.991	-0.022
0.999,0.998	1.0,1.0	-0.002
1.0,0.987	1.0,1.0	-0.006
0.864,0.92	0.867,0.858	0.029
0.966,0.91	0.782,0.878	0.108
1.0,1.0	0.991,0.991	0.009
0.993,1.0	1.0,1.0	-0.004
0.384,0.408	0.475,0.439	-0.061
0.112,0.431	0.0,1.0	-0.228
0.947,0.976	0.991,1.0	-0.034
0.983,1.0	1.0,1.0	-0.008
1.0,0.997	1.0,1.0	-0.002
1.0,0.983	1.0,1.0	-0.008
0.926,0.905	0.947,0.903	-0.01
1.0,0.998	1.0,1.0	-0.001
0.998,1.0	1.0,1.0	-0.001
0.997,0.994	0.97,0.986	0.018
0.996,0.992	0.955,0.972	0.03
0.005,0.001	0.002,0.003	0.001
1.0,1.0	0.94,0.987	0.036
0.456,0.422	0.575,0.406	-0.051
0.446,0.404	0.564,0.372	-0.043
1.0,0.962	1.0,1.0	-0.019
0.997,1.0	1.0,1.0	-0.002
1.0,1.0	1.0,1.0	0.0
0.995,1.0	1.0,1.0	-0.002
0.738,0.846	0.776,0.727	0.04
0.995,1.0	1.0,1.0	-0.002
1.0,1.0	1.0,0.98	0.01
0.905,0.933	0.895,0.915	0.014
0.989,1.0	1.0,0.966	0.011
0.009,0.008	0.006,0.008	0.002
0.987,0.989	0.987,0.981	0.004
0.003,0.001	0.001,0.001	0.001
0.998,1.0	1.0,1.0	-0.001
1.0,0.995	1.0,1.0	-0.002
1.0,1.0	1.0,0.958	0.021
0.001,0.0	0.0,0.0	0.001
0.983,1.0	1.0,1.0	-0.008
0.974,1.0	1.0,1.0	-0.013
1.0,1.0	1.0,0.95	0.025
0.949,0.958	0.991,0.975	-0.029
0.999,1.0	1.0,0.992	0.004
0.997,0.997	0.999,1.0	-0.003
0.987,0.986	0.995,1.0	-0.011
0.985,0.984	0.994,1.0	-0.013
0.93,0.917	0.945,0.902	0.0
0.933,0.882	0.834,1.0	-0.01
0.998,1.0	1.0,1.0	-0.001
0.021,0.036	0.016,0.006	0.017
0.049,0.039	0.009,0.005	0.037
0.813,1.0	1.0,1.0	-0.094
0.314,0.469	0.241,0.522	0.01
0.625,0.685	0.505,1.0	-0.097
0.993,0.999	0.998,0.997	-0.002
0.993,0.972	1.0,1.0	-0.018
1.0,0.996	1.0,1.0	-0.002
1.0,1.0	1.0,0.997	0.002
0.999,1.0	1.0,1.0	-0.0
1.0,1.0	0.997,1.0	0.002
0.184,0.235	0.108,0.086	0.112
1.0,0.969	1.0,1.0	-0.016
1.0,0.998	1.0,1.0	-0.001
1.0,1.0	0.994,1.0	0.003
0.945,1.0	1.0,1.0	-0.028
1.0,1.0	0.995,1.0	0.002
1.0,1.0	0.986,1.0	0.007
1.0,0.999	1.0,1.0	-0.0
0.003,0.001	0.0,0.0	0.002
0.996,0.999	1.0,1.0	-0.002
1.0,1.0	1.0,0.99	0.005
0.996,1.0	0.99,1.0	0.003
0.998,1.0	1.0,1.0	-0.001
0.996,1.0	0.988,1.0	0.004
1.0,1.0	1.0,0.975	0.012
1.0,1.0	1.0,0.998	0.001
1.0,1.0	0.97,1.0	0.015
0.939,0.934	0.877,0.91	0.043
1.0,1.0	1.0,0.959	0.02
1.0,1.0	0.952,1.0	0.024
1.0,1.0	0.914,1.0	0.043
1.0,1.0	1.0,0.933	0.033
0.71,1.0	1.0,1.0	-0.145
1.0,0.906	1.0,1.0	-0.047
0.366,NA	1.0,1.0	-0.634
0.914,0.918	0.88,0.752	0.1
0.954,0.936	1.0,1.0	-0.055
0.737,0.711	0.8,0.877	-0.115
1.0,1.0	1.0,0.952	0.024
0.996,1.0	1.0,1.0	-0.002
0.027,0.049	0.098,0.057	-0.04
1.0,0.979	1.0,1.0	-0.01
1.0,1.0	0.991,1.0	0.004
0.985,1.0	1.0,1.0	-0.008
0.997,1.0	0.985,1.0	0.006
0.928,0.892	0.936,0.911	-0.013
1.0,1.0	1.0,0.972	0.014
1.0,0.994	1.0,1.0	-0.003
0.97,0.857	0.932,1.0	-0.052
0.995,1.0	1.0,1.0	-0.002
0.949,0.974	0.983,0.991	-0.025
0.507,0.577	0.563,0.454	0.034
0.998,0.999	0.995,1.0	0.001
1.0,1.0	1.0,1.0	0.0
1.0,1.0	0.984,1.0	0.008
1.0,1.0	0.995,1.0	0.002
1.0,0.998	1.0,1.0	-0.001
0.989,1.0	1.0,1.0	-0.006
0.986,0.995	0.983,0.996	0.001
0.217,0.143	0.154,0.107	0.049
0.983,1.0	1.0,1.0	-0.008
1.0,0.982	1.0,1.0	-0.009
0.001,0.0	0.0,0.0	0.001
0.056,0.076	0.07,0.064	-0.001
0.056,0.077	0.07,0.094	-0.015
0.972,0.965	1.0,1.0	-0.032
1.0,1.0	0.911,1.0	0.044
0.96,1.0	0.979,1.0	-0.01
1.0,0.985	1.0,1.0	-0.008
1.0,1.0	0.936,1.0	0.032
1.0,0.996	1.0,1.0	-0.002
0.967,0.957	0.958,0.972	-0.003
1.0,1.0	1.0,1.0	0.0
0.138,0.187	0.349,0.312	-0.168
0.862,1.0	1.0,1.0	-0.069
0.989,1.0	1.0,1.0	-0.006
0.938,0.952	0.972,1.0	-0.041
0.523,0.0	0.0,NA	0.262
0.999,1.0	1.0,1.0	-0.0
0.98,0.983	0.983,0.948	0.016
0.997,1.0	1.0,1.0	-0.002
0.038,0.041	0.0,0.036	0.022
0.719,0.586	0.803,0.883	-0.191
0.84,0.68	0.829,0.851	-0.08
0.0,0.29	0.0,0.031	0.13
0.203,0.292	0.304,0.479	-0.144
0.165,0.25	0.292,0.353	-0.115
0.005,0.037	0.016,0.131	-0.053
0.997,0.989	0.978,1.0	0.004
0.189,0.244	0.207,0.28	-0.027
0.897,0.898	1.0,0.899	-0.052
0.981,1.0	1.0,1.0	-0.01
1.0,1.0	0.858,0.89	0.126
0.984,0.979	0.981,1.0	-0.009
0.973,0.97	1.0,1.0	-0.028
0.996,0.985	1.0,1.0	-0.01
1.0,0.97	1.0,1.0	-0.015
1.0,0.909	1.0,1.0	-0.045
1.0,0.999	0.997,1.0	0.001
0.985,0.996	0.994,1.0	-0.007
1.0,0.97	1.0,1.0	-0.015
0.936,0.884	0.929,0.935	-0.022
0.833,0.734	0.822,0.836	-0.045
0.007,0.0	0.009,0.0	-0.001
0.997,1.0	1.0,1.0	-0.002
0.867,0.788	0.902,0.929	-0.088
0.981,0.977	0.977,0.974	0.003
1.0,0.995	1.0,1.0	-0.002
0.997,0.998	0.996,0.994	0.003
1.0,1.0	0.937,1.0	0.031
0.984,1.0	1.0,1.0	-0.008
0.995,1.0	1.0,1.0	-0.002
0.001,0.001	0.0,0.0	0.001
0.016,0.018	0.02,0.021	-0.003
0.02,0.022	0.025,0.03	-0.007
1.0,0.99	1.0,1.0	-0.005
1.0,0.8	1.0,1.0	-0.1
0.312,0.318	0.595,0.421	-0.193
0.997,1.0	1.0,1.0	-0.002
0.997,1.0	1.0,1.0	-0.002
0.946,0.946	0.859,0.94	0.046
0.993,0.986	1.0,1.0	-0.01
1.0,0.963	0.974,0.969	0.01
1.0,0.999	1.0,1.0	-0.0
0.996,1.0	1.0,1.0	-0.002
0.996,1.0	0.998,1.0	-0.001
1.0,0.982	1.0,1.0	-0.009
1.0,1.0	1.0,0.959	0.02
0.039,0.057	0.0,0.0	0.048
0.986,1.0	1.0,1.0	-0.007
0.969,1.0	1.0,1.0	-0.016
1.0,1.0	1.0,0.971	0.014
0.809,0.788	0.856,0.771	-0.015
0.685,0.634	0.745,0.626	-0.026
0.992,0.95	0.935,0.899	0.054
1.0,0.995	1.0,1.0	-0.002
0.988,1.0	1.0,1.0	-0.006
0.987,0.987	0.993,1.0	-0.009
1.0,1.0	0.991,1.0	0.004
0.921,0.973	0.937,0.958	-0.0
0.987,0.952	1.0,1.0	-0.03
0.989,0.975	1.0,0.982	-0.009
0.987,0.991	1.0,0.988	-0.005
0.995,1.0	1.0,1.0	-0.002
0.089,0.052	0.056,0.061	0.012
1.0,1.0	1.0,0.879	0.06
1.0,1.0	0.996,1.0	0.002
1.0,0.998	1.0,1.0	-0.001
0.999,1.0	1.0,1.0	-0.0
0.999,1.0	0.997,1.0	0.001
0.933,1.0	1.0,1.0	-0.033
0.921,0.89	0.884,0.918	0.004
0.993,0.978	0.993,0.994	-0.008
0.163,0.174	0.246,0.252	-0.081
0.001,0.0	0.0,0.0	0.001
0.792,0.974	0.866,1.0	-0.05
1.0,0.998	1.0,1.0	-0.001
0.968,1.0	1.0,1.0	-0.016
0.993,0.985	1.0,1.0	-0.011
1.0,1.0	1.0,0.514	0.243
1.0,1.0	0.514,0.597	0.445
0.798,1.0	1.0,1.0	-0.101
1.0,1.0	0.91,0.943	0.074
0.969,1.0	0.911,0.943	0.057
1.0,0.918	0.91,0.892	0.058
0.993,1.0	1.0,1.0	-0.004
0.997,1.0	1.0,1.0	-0.002
0.988,0.998	0.979,0.957	0.025
0.995,1.0	1.0,1.0	-0.002
0.941,0.958	0.938,1.0	-0.019
0.001,0.0	0.0,0.0	0.001
1.0,0.999	1.0,1.0	-0.0
0.092,0.039	0.069,0.308	-0.123
1.0,1.0	1.0,1.0	0.0
1.0,1.0	0.96,1.0	0.02
0.014,0.028	0.008,0.024	0.005
1.0,1.0	0.952,1.0	0.024
0.97,0.985	1.0,1.0	-0.022
1.0,1.0	1.0,0.973	0.014
1.0,1.0	1.0,1.0	0.0
0.974,0.937	0.922,1.0	-0.006
0.991,0.995	1.0,1.0	-0.007
0.991,1.0	1.0,1.0	-0.004
0.995,1.0	1.0,1.0	-0.002
0.024,0.0	0.0,0.0	0.012
0.063,0.0	0.0,0.0	0.032
0.627,0.764	0.328,0.633	0.215
0.995,0.997	1.0,1.0	-0.004
1.0,0.995	1.0,1.0	-0.002
0.273,0.167	0.211,0.093	0.068
0.98,0.963	0.985,0.933	0.012
0.996,0.996	0.995,0.996	0.0
0.998,1.0	1.0,1.0	-0.001
NA,0.0	1.0,NA	-1.0
0.969,1.0	1.0,1.0	-0.016
0.634,0.62	0.262,0.713	0.14
1.0,1.0	1.0,0.993	0.004
0.976,0.983	0.978,1.0	-0.009
0.972,1.0	1.0,1.0	-0.014
0.95,1.0	1.0,1.0	-0.025
1.0,1.0	1.0,0.76	0.12
0.998,1.0	0.998,0.991	0.005
0.997,0.996	1.0,1.0	-0.004
0.894,1.0	1.0,1.0	-0.053
0.994,1.0	0.988,1.0	0.003
0.963,0.958	0.845,0.922	0.077
0.983,0.98	0.945,0.975	0.022
0.993,1.0	1.0,1.0	-0.004
0.983,1.0	1.0,1.0	-0.008
1.0,0.995	1.0,1.0	-0.002
1.0,0.993	1.0,1.0	-0.004
1.0,1.0	1.0,1.0	0.0
1.0,0.998	1.0,1.0	-0.001
1.0,1.0	0.996,1.0	0.002
0.365,0.395	0.393,0.432	-0.032
1.0,0.999	1.0,1.0	-0.0
1.0,0.998	1.0,1.0	-0.001
1.0,0.995	1.0,1.0	-0.002
0.982,0.995	0.98,0.991	0.003
0.921,0.957	0.915,0.696	0.134
1.0,0.996	0.986,1.0	0.005
0.996,1.0	0.992,0.988	0.008
1.0,1.0	1.0,0.973	0.014
0.905,0.95	1.0,1.0	-0.073
0.987,0.993	1.0,0.97	0.005
0.997,1.0	1.0,1.0	-0.002
1.0,0.993	1.0,1.0	-0.004
0.973,1.0	1.0,1.0	-0.014
0.715,0.748	0.522,0.535	0.203
0.965,1.0	0.923,1.0	0.021
0.973,1.0	0.971,1.0	0.001
0.994,0.979	0.993,1.0	-0.01
0.94,0.964	0.93,1.0	-0.013
0.976,0.956	0.961,0.964	0.004
1.0,1.0	1.0,0.835	0.083
0.87,0.866	0.967,0.952	-0.092
0.999,1.0	0.999,1.0	0.0
1.0,1.0	0.997,1.0	0.002
0.404,0.508	0.369,0.319	0.112
0.016,0.015	0.012,0.014	0.002
1.0,0.997	1.0,1.0	-0.002
0.976,0.989	1.0,0.963	0.001
0.968,1.0	0.939,1.0	0.014
0.999,1.0	1.0,1.0	-0.0
0.991,1.0	0.973,0.977	0.021
0.947,0.952	0.943,0.884	0.036
1.0,0.933	1.0,1.0	-0.033
0.98,1.0	1.0,0.968	0.006
0.998,0.999	1.0,1.0	-0.002
1.0,1.0	0.999,0.995	0.003
0.991,0.995	0.995,0.983	0.004
1.0,1.0	0.911,1.0	0.044
0.968,1.0	1.0,1.0	-0.016
1.0,1.0	0.968,0.966	0.033
1.0,1.0	0.907,0.892	0.101
1.0,0.985	1.0,1.0	-0.008
1.0,0.996	1.0,1.0	-0.002
1.0,1.0	0.996,1.0	0.002
0.008,0.017	0.0,0.0	0.013
0.955,1.0	1.0,1.0	-0.022
1.0,0.987	0.991,0.969	0.014
1.0,0.994	1.0,1.0	-0.003
0.996,0.998	1.0,1.0	-0.003
1.0,0.997	1.0,1.0	-0.002
0.981,0.989	1.0,1.0	-0.015
0.989,1.0	1.0,1.0	-0.006
1.0,1.0	0.984,1.0	0.008
0.95,1.0	1.0,1.0	-0.025
0.919,1.0	1.0,1.0	-0.04
0.954,0.95	0.967,0.915	0.011
1.0,0.996	1.0,1.0	-0.002
1.0,0.977	1.0,1.0	-0.012
0.68,0.748	0.895,1.0	-0.234
1.0,1.0	1.0,0.832	0.084
1.0,0.966	1.0,1.0	-0.017
0.986,0.981	1.0,1.0	-0.016
0.984,0.993	0.991,1.0	-0.007
0.979,0.985	1.0,1.0	-0.018
0.997,1.0	0.999,0.999	-0.001
0.999,1.0	1.0,1.0	-0.0
1.0,0.999	1.0,1.0	-0.0
0.896,0.925	1.0,0.941	-0.06
1.0,1.0	0.857,0.562	0.29
1.0,1.0	1.0,1.0	0.0
0.118,0.122	0.053,0.087	0.05
1.0,1.0	1.0,0.942	0.029
1.0,1.0	1.0,0.912	0.044
1.0,0.999	1.0,1.0	-0.0
0.102,0.217	0.227,0.18	-0.044
1.0,0.953	1.0,1.0	-0.024
0.975,0.987	0.996,0.997	-0.015
0.997,0.998	0.997,0.999	-0.0
1.0,1.0	1.0,0.998	0.001
0.985,1.0	1.0,1.0	-0.008
1.0,0.994	1.0,1.0	-0.003
0.935,1.0	1.0,0.754	0.091
1.0,1.0	1.0,1.0	0.0
0.893,0.759	1.0,1.0	-0.174
0.929,0.852	1.0,1.0	-0.109
0.977,0.977	1.0,1.0	-0.023
0.983,0.984	1.0,1.0	-0.016
0.977,1.0	1.0,1.0	-0.012
1.0,0.97	0.972,1.0	-0.001
1.0,1.0	0.964,1.0	0.018
1.0,1.0	0.743,1.0	0.129
1.0,1.0	0.848,1.0	0.076
1.0,1.0	0.956,1.0	0.022
0.961,0.94	0.836,1.0	0.032
0.95,1.0	1.0,1.0	-0.025
0.538,1.0	0.791,1.0	-0.126
0.75,1.0	0.891,1.0	-0.071
0.99,1.0	1.0,1.0	-0.005
0.0,0.037	0.0,0.0	0.018
0.99,0.982	1.0,1.0	-0.014
0.978,0.957	1.0,1.0	-0.032
1.0,0.994	1.0,1.0	-0.003
0.059,0.033	0.0,0.0	0.046
0.539,0.729	0.931,0.289	0.024
0.99,1.0	0.974,1.0	0.008
1.0,0.982	1.0,1.0	-0.009
0.989,1.0	1.0,1.0	-0.006
0.972,0.955	0.932,0.974	0.01
0.961,1.0	1.0,1.0	-0.02
0.004,0.0	0.0,0.0	0.002
1.0,0.998	1.0,1.0	-0.001
0.966,0.951	1.0,0.712	0.102
0.987,1.0	1.0,1.0	-0.006
1.0,1.0	1.0,0.965	0.018
0.99,0.995	0.996,0.992	-0.002
1.0,0.987	1.0,1.0	-0.006
1.0,0.987	1.0,1.0	-0.006
1.0,0.987	1.0,1.0	-0.006
1.0,1.0	1.0,0.909	0.045
1.0,0.994	1.0,1.0	-0.003
1.0,0.936	1.0,1.0	-0.032
1.0,0.872	0.977,0.964	-0.034
0.998,0.999	1.0,1.0	-0.002
0.034,0.023	0.019,0.022	0.008
0.996,1.0	1.0,1.0	-0.002
0.055,0.0	0.591,NA	-0.564
0.995,1.0	1.0,0.987	0.004
0.997,0.995	1.0,1.0	-0.004
1.0,0.977	1.0,1.0	-0.012
1.0,0.999	1.0,1.0	-0.0
1.0,1.0	1.0,1.0	0.0
0.809,0.945	0.83,0.903	0.01
1.0,0.992	1.0,1.0	-0.004
0.99,0.951	0.984,0.961	-0.002
0.996,0.994	1.0,1.0	-0.005
1.0,0.988	1.0,0.897	0.045
1.0,1.0	0.973,1.0	0.014
1.0,0.973	1.0,1.0	-0.014
1.0,1.0	0.989,1.0	0.006
0.225,0.202	0.244,0.535	-0.176
1.0,0.941	0.968,1.0	-0.014
1.0,1.0	0.985,1.0	0.008
0.757,0.932	0.878,0.834	-0.011
1.0,1.0	0.096,1.0	0.452
1.0,1.0	0.999,0.998	0.002
0.997,1.0	1.0,1.0	-0.002
1.0,1.0	1.0,1.0	0.0
1.0,0.997	1.0,1.0	-0.002
0.996,1.0	1.0,1.0	-0.002
0.942,1.0	1.0,1.0	-0.029
0.972,1.0	1.0,1.0	-0.014
0.747,0.931	0.859,1.0	-0.091
0.974,0.961	1.0,1.0	-0.032
1.0,0.999	1.0,1.0	-0.0
1.0,1.0	0.98,1.0	0.01
0.94,1.0	1.0,1.0	-0.03
0.999,1.0	1.0,1.0	-0.0
0.973,0.969	0.968,0.983	-0.005
0.511,0.406	0.537,0.46	-0.04
1.0,0.995	1.0,1.0	-0.002
1.0,0.997	1.0,1.0	-0.002
0.919,1.0	1.0,1.0	-0.04
1.0,0.992	1.0,1.0	-0.004
1.0,1.0	0.996,0.993	0.006
0.022,0.161	0.134,0.171	-0.061
0.048,0.225	0.149,0.149	-0.012
1.0,1.0	0.986,1.0	0.007
1.0,0.991	1.0,1.0	-0.004
0.997,1.0	1.0,1.0	-0.002
0.245,0.189	0.327,0.201	-0.047
0.939,0.842	0.934,0.936	-0.045
1.0,0.994	1.0,1.0	-0.003
0.995,0.996	1.0,1.0	-0.004
1.0,0.983	1.0,1.0	-0.008
1.0,1.0	1.0,0.835	0.083
0.996,1.0	1.0,1.0	-0.002
0.98,1.0	1.0,1.0	-0.01
0.923,0.967	0.924,0.917	0.024
0.992,1.0	1.0,1.0	-0.004
0.159,0.175	0.15,0.23	-0.023
0.139,NA	0.0,1.0	-0.361
0.944,1.0	1.0,1.0	-0.028
0.954,1.0	1.0,1.0	-0.023
0.987,1.0	0.975,1.0	0.006
0.994,1.0	0.985,1.0	0.005
1.0,0.965	1.0,1.0	-0.018
0.999,1.0	1.0,1.0	-0.0
0.946,0.936	0.972,0.97	-0.03
1.0,1.0	0.944,1.0	0.028
1.0,1.0	0.98,1.0	0.01
1.0,1.0	0.986,1.0	0.007
0.993,0.991	0.992,0.988	0.002
1.0,0.999	0.998,0.999	0.001
0.983,1.0	1.0,1.0	-0.008
1.0,0.984	1.0,1.0	-0.008
0.997,0.992	0.972,1.0	0.008
0.936,0.981	0.972,0.938	0.004
0.992,1.0	1.0,1.0	-0.004
1.0,0.901	1.0,1.0	-0.049
1.0,1.0	0.926,1.0	0.037
1.0,1.0	1.0,0.995	0.002
1.0,1.0	1.0,1.0	0.0
0.003,0.002	0.002,0.004	-0.001
0.96,1.0	1.0,1.0	-0.02
0.952,0.98	1.0,0.932	0.0
0.99,0.99	0.978,0.94	0.031
0.877,0.896	0.901,0.984	-0.056
0.999,1.0	1.0,1.0	-0.0
1.0,0.998	1.0,1.0	-0.001
0.979,1.0	0.99,1.0	-0.005
0.993,0.976	0.986,0.978	0.002
0.903,0.865	1.0,1.0	-0.116
0.971,0.956	0.975,1.0	-0.024
0.777,0.814	0.684,0.923	-0.008
1.0,0.998	1.0,1.0	-0.001
0.033,0.043	0.09,0.176	-0.095
1.0,1.0	0.958,1.0	0.021
0.989,1.0	1.0,1.0	-0.006
1.0,0.994	1.0,1.0	-0.003
1.0,0.994	1.0,1.0	-0.003
1.0,1.0	0.981,0.982	0.018
0.998,1.0	1.0,1.0	-0.001
1.0,0.98	1.0,1.0	-0.01
0.992,0.984	0.956,1.0	0.01
1.0,0.978	1.0,1.0	-0.011
0.994,0.988	0.973,1.0	0.005
1.0,0.992	1.0,1.0	-0.004
0.997,0.995	0.985,1.0	0.004
0.974,0.995	0.99,0.985	-0.003
0.782,0.782	1.0,1.0	-0.218
1.0,0.987	1.0,0.978	0.005
0.984,1.0	1.0,1.0	-0.008
1.0,0.999	1.0,1.0	-0.0
1.0,0.937	1.0,1.0	-0.031
1.0,0.94	1.0,1.0	-0.03
0.999,0.996	1.0,1.0	-0.002
0.958,0.96	0.979,0.994	-0.027
0.997,1.0	1.0,1.0	-0.002
0.985,0.994	0.972,1.0	0.004
1.0,1.0	0.994,1.0	0.003
0.969,1.0	1.0,1.0	-0.016
0.996,0.993	0.989,0.997	0.001
0.997,0.996	1.0,0.995	-0.001
0.491,0.534	0.392,0.535	0.049
0.993,1.0	1.0,1.0	-0.004
0.953,0.948	0.992,0.965	-0.028
0.959,1.0	1.0,1.0	-0.02
0.027,0.0	0.011,0.0	0.008
0.992,0.996	1.0,1.0	-0.006
0.982,1.0	1.0,1.0	-0.009
1.0,0.932	1.0,1.0	-0.034
1.0,0.25	1.0,1.0	-0.375
0.704,0.926	NA,0.641	0.174
0.05,0.053	0.131,0.181	-0.104
1.0,0.997	1.0,1.0	-0.002
1.0,0.987	0.973,0.987	0.014
1.0,0.975	0.946,0.976	0.027
0.896,0.846	1.0,0.873	-0.066
0.192,0.182	0.18,0.085	0.054
1.0,1.0	0.996,1.0	0.002
0.992,1.0	1.0,1.0	-0.004
0.975,1.0	1.0,1.0	-0.012
0.998,1.0	1.0,1.0	-0.001
1.0,1.0	0.985,1.0	0.008
0.265,0.251	0.478,0.366	-0.164
0.996,0.993	1.0,0.986	0.001
0.991,1.0	1.0,1.0	-0.004
1.0,1.0	0.84,1.0	0.08
0.999,1.0	1.0,1.0	-0.0
0.966,0.988	1.0,1.0	-0.023
1.0,0.967	1.0,1.0	-0.016
0.667,0.579	1.0,1.0	-0.377
1.0,1.0	1.0,0.997	0.002
0.991,0.987	0.978,1.0	0.0
0.526,0.735	0.714,0.694	-0.073
0.311,0.453	0.358,0.328	0.039
1.0,1.0	0.941,1.0	0.03
0.087,0.047	0.106,0.053	-0.012
0.997,0.996	0.99,1.0	0.001
1.0,0.998	1.0,1.0	-0.001
0.019,0.003	0.0,0.006	0.008
0.004,0.009	0.0,0.009	0.002
1.0,0.972	0.983,0.978	0.006
0.985,1.0	1.0,1.0	-0.008
1.0,1.0	0.902,1.0	0.049
0.075,0.021	0.134,0.064	-0.051
0.046,0.016	0.083,0.058	-0.04
0.09,0.064	0.105,0.058	-0.005
1.0,1.0	1.0,0.983	0.008
0.074,0.419	0.253,0.0	0.12
1.0,0.996	1.0,0.993	0.002
0.972,0.978	0.953,1.0	-0.001
0.867,1.0	1.0,1.0	-0.067
0.999,1.0	1.0,1.0	-0.0
0.987,1.0	1.0,1.0	-0.006
1.0,1.0	0.99,1.0	0.005
1.0,1.0	0.994,1.0	0.003
0.994,0.993	1.0,1.0	-0.006
1.0,1.0	0.969,1.0	0.016
1.0,0.991	1.0,1.0	-0.004
1.0,1.0	0.939,0.948	0.056
0.995,1.0	1.0,1.0	-0.002
0.964,0.974	0.926,0.892	0.06
0.998,1.0	1.0,1.0	-0.001
1.0,1.0	0.986,1.0	0.007
1.0,1.0	0.985,1.0	0.008
1.0,0.979	1.0,1.0	-0.01
0.999,1.0	1.0,1.0	-0.0
1.0,1.0	1.0,1.0	0.0
0.962,0.966	1.0,0.921	0.003
0.953,0.961	1.0,0.881	0.016
1.0,1.0	1.0,1.0	0.0
1.0,1.0	0.971,1.0	0.014
1.0,0.933	1.0,1.0	-0.033
0.575,0.493	0.769,0.714	-0.208
0.134,0.042	0.065,0.0	0.056
0.049,0.077	0.143,0.309	-0.163
0.945,1.0	1.0,1.0	-0.028
1.0,1.0	0.997,1.0	0.002
0.158,0.128	0.165,0.288	-0.083
0.262,0.307	0.156,0.371	0.021
1.0,1.0	0.976,1.0	0.012
1.0,1.0	0.983,1.0	0.008
0.982,1.0	1.0,1.0	-0.009
0.996,0.979	0.986,1.0	-0.005
0.998,1.0	1.0,1.0	-0.001
1.0,1.0	0.998,1.0	0.001
1.0,0.998	1.0,1.0	-0.001
1.0,0.998	1.0,1.0	-0.001
1.0,0.998	1.0,1.0	-0.001
1.0,1.0	1.0,0.973	0.014
0.009,0.004	0.0,0.0	0.006
0.982,0.98	0.972,0.934	0.028
0.0,0.001	0.0,0.0	0.001
1.0,0.82	NA,1.0	-0.09
0.997,1.0	1.0,1.0	-0.002
0.945,0.955	0.924,0.966	0.005
0.97,0.979	0.962,0.982	0.002
0.544,0.615	0.717,0.642	-0.1
1.0,0.945	1.0,1.0	-0.028
NA,0.106	1.0,NA	-0.894
1.0,0.996	1.0,1.0	-0.002
0.998,0.996	1.0,1.0	-0.003
1.0,0.996	1.0,1.0	-0.002
1.0,0.979	0.981,1.0	-0.001
0.998,1.0	1.0,1.0	-0.001
0.999,1.0	1.0,1.0	-0.0
0.339,0.333	0.373,0.258	0.021
0.425,0.369	0.363,0.36	0.036
1.0,0.997	0.996,1.0	0.0
0.998,0.997	1.0,1.0	-0.002
1.0,1.0	0.999,1.0	0.0
0.997,0.994	0.991,0.993	0.004
0.998,0.996	0.994,0.996	0.002
1.0,1.0	0.998,1.0	0.001
1.0,1.0	1.0,0.961	0.02
1.0,0.988	1.0,1.0	-0.006
0.314,0.488	1.0,1.0	-0.599
0.729,0.939	0.771,1.0	-0.051
0.0,0.237	0.383,1.0	-0.573
0.999,1.0	1.0,0.991	0.004
0.771,0.707	0.874,0.722	-0.059
1.0,0.997	1.0,0.989	0.004
0.999,0.997	1.0,0.998	-0.001
0.993,1.0	1.0,1.0	-0.004
1.0,0.999	0.999,0.999	0.001
0.985,1.0	0.947,1.0	0.019
0.99,1.0	0.944,1.0	0.023
0.983,1.0	1.0,1.0	-0.008
1.0,0.788	1.0,0.426	0.181
0.986,1.0	1.0,0.946	0.02
0.99,1.0	1.0,1.0	-0.005
0.996,0.993	0.997,0.994	-0.001
1.0,1.0	0.998,1.0	0.001
0.999,1.0	0.996,1.0	0.002
0.995,0.98	1.0,1.0	-0.012
1.0,0.996	1.0,0.975	0.01
0.985,1.0	1.0,1.0	-0.008
0.016,0.015	0.013,0.01	0.004
0.983,0.997	0.986,0.984	0.005
0.999,0.999	0.999,1.0	-0.001
0.991,0.999	1.0,1.0	-0.005
0.923,0.926	1.0,1.0	-0.075
0.995,0.995	1.0,1.0	-0.005
0.995,0.984	1.0,1.0	-0.01
0.992,0.979	1.0,1.0	-0.014
1.0,0.995	1.0,1.0	-0.002
1.0,0.99	1.0,1.0	-0.005
1.0,1.0	1.0,0.966	0.017
1.0,0.983	1.0,1.0	-0.008
1.0,0.995	1.0,1.0	-0.002
1.0,1.0	0.962,1.0	0.019
0.009,0.011	0.011,0.008	0.0
1.0,0.977	1.0,1.0	-0.012
0.992,1.0	1.0,1.0	-0.004
1.0,1.0	0.976,1.0	0.012
0.777,1.0	0.866,0.893	0.009
1.0,0.744	1.0,1.0	-0.128
0.461,0.26	0.312,0.538	-0.065
0.728,0.529	1.0,0.56	-0.151
0.577,0.506	1.0,0.447	-0.182
0.744,0.795	1.0,0.659	-0.06
0.915,0.856	1.0,0.728	0.021
0.993,1.0	1.0,1.0	-0.004
0.992,0.986	1.0,1.0	-0.011
1.0,0.997	1.0,1.0	-0.002
0.301,0.332	0.294,0.216	0.061
0.984,0.986	1.0,0.988	-0.009
0.989,1.0	1.0,0.947	0.021
0.68,1.0	1.0,1.0	-0.16
0.938,1.0	1.0,1.0	-0.031
1.0,1.0	0.993,1.0	0.004
1.0,1.0	1.0,0.996	0.002
0.999,1.0	0.997,1.0	0.001
1.0,0.995	1.0,1.0	-0.002
1.0,0.943	1.0,1.0	-0.028
0.02,0.016	0.007,0.014	0.008
0.003,0.0	0.0,0.0	0.002
0.999,0.997	0.998,0.996	0.001
0.996,1.0	1.0,1.0	-0.002
0.992,1.0	1.0,1.0	-0.004
1.0,0.971	1.0,1.0	-0.014
0.997,1.0	1.0,0.993	0.002
0.997,1.0	1.0,0.993	0.002
1.0,1.0	1.0,0.93	0.035
0.052,0.06	0.032,0.051	0.014
0.995,0.998	1.0,1.0	-0.004
1.0,0.998	1.0,1.0	-0.001
1.0,0.998	1.0,1.0	-0.001
0.991,0.988	1.0,0.997	-0.009
0.2,0.162	0.204,0.285	-0.064
1.0,0.998	1.0,1.0	-0.001
1.0,0.997	1.0,1.0	-0.002
1.0,1.0	1.0,0.972	0.014
0.998,1.0	1.0,1.0	-0.001
1.0,1.0	1.0,0.915	0.042
1.0,0.999	1.0,1.0	-0.0
0.644,0.516	0.749,0.76	-0.174
0.986,0.997	0.988,0.99	0.003
0.998,0.998	0.997,0.998	0.0
0.998,1.0	1.0,1.0	-0.001
0.916,0.943	0.943,0.863	0.026
0.985,1.0	1.0,1.0	-0.008
0.999,1.0	1.0,1.0	-0.0
0.93,0.912	0.862,0.893	0.044
1.0,0.993	1.0,1.0	-0.004
0.97,1.0	1.0,1.0	-0.015
1.0,0.994	1.0,1.0	-0.003
0.973,0.954	1.0,1.0	-0.036
1.0,0.985	0.949,1.0	0.018
1.0,1.0	0.94,1.0	0.03
0.989,1.0	1.0,1.0	-0.006
0.055,0.044	0.019,0.031	0.025
1.0,0.989	1.0,1.0	-0.006
0.003,0.009	0.028,0.0	-0.008
0.741,1.0	1.0,1.0	-0.129
0.987,0.991	1.0,0.952	0.013
0.917,0.955	0.895,0.953	0.012
0.88,0.974	0.956,1.0	-0.051
0.823,0.858	0.912,0.903	-0.067
1.0,0.998	1.0,1.0	-0.001
0.994,1.0	1.0,0.985	0.005
0.942,0.98	0.975,1.0	-0.027
0.675,0.897	0.9,1.0	-0.164
0.995,0.959	0.983,0.96	0.005
0.991,1.0	1.0,1.0	-0.004
0.995,0.994	1.0,1.0	-0.006
0.692,0.902	1.0,1.0	-0.203
0.992,1.0	1.0,1.0	-0.004
1.0,0.857	1.0,1.0	-0.072
0.96,0.963	1.0,1.0	-0.038
0.016,0.027	0.049,0.055	-0.031
1.0,1.0	0.996,1.0	0.002
0.98,1.0	1.0,1.0	-0.01
1.0,1.0	0.999,1.0	0.0
1.0,1.0	0.999,1.0	0.0
1.0,1.0	0.996,1.0	0.002
0.976,1.0	1.0,0.88	0.048
1.0,1.0	0.998,1.0	0.001
0.973,0.978	0.976,0.988	-0.006
0.996,0.998	1.0,1.0	-0.003
0.468,0.072	0.0,NA	0.27
0.18,0.142	0.116,0.142	0.032
0.955,0.963	0.954,0.883	0.04
0.993,1.0	1.0,1.0	-0.004
1.0,0.977	1.0,1.0	-0.012
0.0,0.388	0.0,1.0	-0.306
0.988,1.0	1.0,1.0	-0.006
0.995,1.0	1.0,1.0	-0.002
1.0,1.0	1.0,0.638	0.181
0.998,1.0	1.0,1.0	-0.001
0.991,0.988	0.99,1.0	-0.005
0.986,1.0	1.0,1.0	-0.007
0.994,1.0	1.0,1.0	-0.003
0.994,1.0	1.0,1.0	-0.003
0.0,1.0	1.0,NA	-0.5
0.993,0.973	0.97,1.0	-0.002
1.0,0.984	1.0,1.0	-0.008
1.0,0.891	1.0,1.0	-0.054
0.994,0.98	0.977,1.0	-0.001
0.984,1.0	1.0,1.0	-0.008
0.83,0.888	0.806,0.909	0.001
0.994,1.0	1.0,1.0	-0.003
1.0,0.992	1.0,1.0	-0.004
1.0,0.967	1.0,1.0	-0.016
1.0,0.962	1.0,1.0	-0.019
0.584,0.616	0.546,1.0	-0.173
0.437,0.437	0.437,1.0	-0.282
0.486,0.362	0.0,1.0	-0.076
0.619,0.906	0.543,0.125	0.428
0.012,0.02	0.067,0.077	-0.056
0.096,0.0	0.0,0.0	0.048
1.0,0.971	1.0,1.0	-0.014
1.0,1.0	0.969,1.0	0.016
0.108,0.128	0.064,0.084	0.044
0.984,1.0	1.0,1.0	-0.008
1.0,0.992	1.0,1.0	-0.004
1.0,0.987	1.0,1.0	-0.006
0.991,1.0	1.0,1.0	-0.004
0.997,0.994	1.0,1.0	-0.004
1.0,0.952	1.0,1.0	-0.024
0.125,0.049	0.088,0.039	0.023
0.971,0.955	1.0,1.0	-0.037
0.287,0.415	0.372,0.732	-0.201
0.354,0.427	0.52,0.808	-0.274
0.403,0.529	0.772,0.801	-0.32
0.348,0.416	0.502,0.788	-0.263
0.364,0.413	0.512,0.787	-0.261
0.444,0.494	0.791,0.789	-0.321
0.977,1.0	1.0,1.0	-0.012
0.99,1.0	1.0,1.0	-0.005
0.99,1.0	1.0,1.0	-0.005
0.997,1.0	1.0,1.0	-0.002
1.0,0.996	1.0,1.0	-0.002
1.0,1.0	1.0,1.0	0.0
1.0,1.0	1.0,1.0	0.0
0.964,0.937	0.964,0.988	-0.025
0.927,0.859	0.93,0.968	-0.056
1.0,0.996	1.0,1.0	-0.002
0.996,1.0	1.0,1.0	-0.002
0.0,0.539	0.51,0.0	0.015
1.0,1.0	0.663,1.0	0.168
0.0,0.267	0.083,0.154	0.015
0.979,0.981	1.0,0.956	0.002
0.999,0.998	0.999,1.0	-0.001
0.039,0.013	0.026,0.046	-0.01
0.973,1.0	1.0,1.0	-0.014
0.964,0.981	1.0,1.0	-0.028
0.965,1.0	1.0,1.0	-0.018
0.994,1.0	1.0,1.0	-0.003
0.389,0.232	0.452,0.553	-0.192
0.991,1.0	1.0,1.0	-0.004
0.0,0.0	0.007,0.013	-0.01
0.044,0.068	0.134,0.133	-0.078
1.0,0.986	1.0,1.0	-0.007
1.0,0.996	1.0,1.0	-0.002
0.112,0.133	0.113,0.084	0.024
1.0,0.996	1.0,0.992	0.002
0.983,1.0	1.0,1.0	-0.008
0.96,1.0	0.739,1.0	0.111
1.0,1.0	0.851,1.0	0.075
1.0,0.998	1.0,1.0	-0.001
0.896,1.0	1.0,1.0	-0.052
0.884,1.0	1.0,0.879	0.002
0.985,0.984	0.982,1.0	-0.007
0.999,1.0	1.0,1.0	-0.0
1.0,0.992	1.0,1.0	-0.004
0.842,0.961	0.856,0.653	0.147
0.995,0.997	0.981,1.0	0.006
0.998,1.0	1.0,1.0	-0.001
1.0,0.991	0.951,1.0	0.02
0.503,0.481	0.86,0.758	-0.317
0.67,0.617	0.702,0.582	0.002
0.707,0.685	0.601,0.578	0.107
0.51,0.49	0.556,0.784	-0.17
0.966,1.0	1.0,1.0	-0.017
0.961,1.0	1.0,1.0	-0.02
0.0,0.015	0.0,0.204	-0.095
0.647,0.861	0.96,0.741	-0.097
0.79,0.915	0.965,0.826	-0.043
0.751,0.897	0.962,0.775	-0.044
0.745,0.899	0.963,0.776	-0.047
0.888,1.0	0.59,1.0	0.149
1.0,0.982	1.0,1.0	-0.009
0.988,0.981	1.0,0.981	-0.006
0.993,0.986	0.956,0.983	0.02
1.0,1.0	1.0,0.985	0.008
0.989,1.0	1.0,1.0	-0.006
0.981,0.917	1.0,0.903	-0.002
0.963,0.899	0.978,1.0	-0.058
1.0,0.962	1.0,1.0	-0.019
1.0,0.972	1.0,1.0	-0.014
0.988,1.0	1.0,1.0	-0.006
0.993,0.996	0.994,0.996	-0.001
0.907,0.981	0.897,0.92	0.035
0.173,0.196	0.205,0.186	-0.011
0.122,0.088	0.109,0.102	-0.001
1.0,1.0	NA,0.0	1.0
1.0,0.993	1.0,1.0	-0.004
1.0,1.0	0.996,1.0	0.002
1.0,0.937	1.0,1.0	-0.031
1.0,1.0	0.999,1.0	0.0
0.634,0.656	0.557,0.82	-0.043
0.512,0.521	0.482,0.595	-0.022
1.0,1.0	0.994,1.0	0.003
0.994,1.0	1.0,1.0	-0.003
0.993,0.993	1.0,1.0	-0.007
0.975,0.985	1.0,1.0	-0.02
1.0,1.0	0.993,1.0	0.004
1.0,1.0	0.995,1.0	0.002
0.964,0.982	0.978,0.978	-0.005
1.0,0.945	1.0,1.0	-0.028
0.57,0.809	0.861,0.844	-0.163
1.0,0.985	1.0,1.0	-0.008
1.0,0.983	1.0,1.0	-0.008
0.995,1.0	1.0,1.0	-0.002
1.0,0.984	1.0,1.0	-0.008
1.0,1.0	1.0,0.999	0.0
1.0,0.999	0.999,0.999	0.001
0.995,1.0	1.0,1.0	-0.002
1.0,0.995	1.0,1.0	-0.002
0.921,0.907	0.806,1.0	0.011
0.025,0.038	0.0,0.0	0.032
0.403,0.403	0.0,NA	0.403
0.0,0.011	0.044,0.0	-0.017
0.433,0.0	1.0,NA	-0.783
1.0,1.0	1.0,1.0	0.0
0.993,1.0	1.0,1.0	-0.004
0.996,1.0	1.0,1.0	-0.002
1.0,0.997	1.0,1.0	-0.002
1.0,1.0	0.986,1.0	0.007
1.0,0.984	1.0,1.0	-0.008
1.0,0.982	1.0,1.0	-0.009
0.978,0.982	0.985,0.944	0.016
1.0,1.0	1.0,0.933	0.033
0.979,0.977	1.0,1.0	-0.022
1.0,0.994	0.976,0.985	0.017
0.0,0.832	1.0,1.0	-0.584
0.909,0.902	1.0,1.0	-0.095
0.998,0.999	0.998,0.998	0.0
1.0,1.0	1.0,1.0	0.0
0.937,1.0	1.0,1.0	-0.031
0.127,0.115	0.015,0.05	0.088
0.954,0.976	1.0,1.0	-0.035
0.973,0.973	1.0,1.0	-0.027
0.806,0.814	0.722,0.912	-0.007
0.996,1.0	1.0,1.0	-0.002
0.962,1.0	1.0,1.0	-0.019
1.0,0.998	1.0,1.0	-0.001
0.938,0.896	1.0,0.841	-0.003
1.0,1.0	0.893,0.91	0.099
0.993,1.0	1.0,1.0	-0.004
0.973,1.0	1.0,1.0	-0.014
0.583,0.453	1.0,0.592	-0.278
1.0,1.0	1.0,0.968	0.016
0.046,0.021	0.025,0.0	0.021
1.0,0.951	0.864,0.761	0.163
1.0,0.999	1.0,1.0	-0.0
0.027,0.025	0.022,0.028	0.001
1.0,0.996	1.0,1.0	-0.002
1.0,0.992	0.985,1.0	0.004
1.0,0.998	1.0,1.0	-0.001
0.997,1.0	1.0,1.0	-0.002
1.0,0.993	0.961,1.0	0.016
1.0,0.994	0.991,0.985	0.009
0.975,0.96	0.954,0.987	-0.003
1.0,1.0	1.0,0.988	0.006
1.0,0.992	1.0,1.0	-0.004
0.35,0.193	0.448,0.312	-0.109
0.958,0.934	1.0,1.0	-0.054
0.977,0.968	1.0,1.0	-0.028
0.957,0.934	1.0,1.0	-0.054
0.918,0.914	0.92,0.783	0.065
0.002,0.003	0.0,0.006	-0.001
0.296,0.265	0.716,0.194	-0.174
0.86,1.0	1.0,1.0	-0.07
0.957,1.0	1.0,1.0	-0.022
1.0,1.0	1.0,0.57	0.215
0.821,0.92	1.0,1.0	-0.129
1.0,1.0	0.975,1.0	0.012
0.982,1.0	1.0,1.0	-0.009
0.986,1.0	1.0,1.0	-0.007
1.0,1.0	1.0,0.994	0.003
0.985,0.982	1.0,1.0	-0.016
0.955,0.947	0.921,0.919	0.031
0.973,0.941	1.0,1.0	-0.043
0.972,1.0	1.0,1.0	-0.014
1.0,0.995	1.0,1.0	-0.002
0.998,0.998	0.997,1.0	-0.0
0.622,0.414	0.541,0.414	0.04
0.981,1.0	1.0,1.0	-0.01
0.731,0.869	0.677,0.486	0.219
0.995,0.998	0.993,1.0	0.0
1.0,0.995	0.996,1.0	-0.0
0.686,0.602	0.502,1.0	-0.107
0.989,1.0	1.0,1.0	-0.006
0.999,0.999	1.0,1.0	-0.001
1.0,0.999	1.0,0.998	0.001
0.999,0.999	1.0,1.0	-0.001
0.96,0.963	0.982,0.981	-0.02
0.973,0.988	0.978,0.977	0.003
0.945,1.0	1.0,1.0	-0.028
1.0,0.999	1.0,1.0	-0.0
1.0,0.991	1.0,1.0	-0.004
0.987,1.0	1.0,1.0	-0.006
0.991,1.0	1.0,1.0	-0.004
1.0,1.0	0.985,1.0	0.008
0.983,0.994	0.99,1.0	-0.007
1.0,0.976	0.661,1.0	0.157
1.0,0.984	0.757,1.0	0.113
0.776,0.652	0.358,0.264	0.403
0.952,0.972	1.0,0.778	0.073
1.0,1.0	0.983,1.0	0.008
0.996,0.993	0.998,1.0	-0.005
0.83,0.549	0.646,1.0	-0.133
0.253,0.22	0.354,0.213	-0.047
0.011,0.059	0.074,0.048	-0.026
0.995,1.0	1.0,1.0	-0.002
0.989,0.991	0.983,0.988	0.004
0.997,1.0	1.0,1.0	-0.002
0.478,0.539	0.56,0.645	-0.094
0.311,0.347	0.337,0.567	-0.123
1.0,0.995	1.0,1.0	-0.002
1.0,0.998	1.0,0.972	0.013
0.981,0.944	0.975,0.976	-0.013
1.0,1.0	1.0,0.938	0.031
0.919,0.958	0.927,0.839	0.055
0.888,0.934	0.952,0.948	-0.039
0.994,0.998	1.0,0.993	-0.0
0.999,1.0	1.0,1.0	-0.0
1.0,1.0	0.979,1.0	0.01
1.0,1.0	1.0,0.993	0.004
0.408,0.427	0.306,0.372	0.079
1.0,0.992	1.0,1.0	-0.004
1.0,1.0	1.0,0.999	0.0
1.0,1.0	1.0,0.852	0.074
0.007,0.002	0.01,0.002	-0.001
0.0,0.536	0.0,NA	0.268
0.879,0.887	0.707,1.0	0.03
1.0,0.961	1.0,1.0	-0.02
0.992,1.0	0.943,1.0	0.024
1.0,0.924	1.0,1.0	-0.038
0.982,1.0	1.0,1.0	-0.009
0.872,0.904	0.961,0.976	-0.08
0.979,0.924	1.0,1.0	-0.048
1.0,0.995	1.0,1.0	-0.002
1.0,0.987	1.0,1.0	-0.006
0.995,0.996	0.996,1.0	-0.002
0.988,0.99	0.991,1.0	-0.007
0.998,0.998	0.998,0.999	-0.0
1.0,1.0	1.0,1.0	0.0
1.0,0.998	1.0,1.0	-0.001
0.947,1.0	1.0,1.0	-0.026
0.942,1.0	1.0,1.0	-0.029
0.994,0.997	0.993,0.993	0.003
1.0,1.0	0.979,1.0	0.01
0.994,1.0	1.0,1.0	-0.003
1.0,0.994	1.0,1.0	-0.003
0.106,0.099	0.335,0.224	-0.177
0.144,0.113	0.129,0.15	-0.011
1.0,0.973	0.98,1.0	-0.004
0.994,1.0	1.0,1.0	-0.003
0.996,1.0	0.995,1.0	0.0
1.0,1.0	1.0,1.0	0.0
1.0,1.0	1.0,0.999	0.0
1.0,1.0	1.0,0.601	0.2
1.0,1.0	1.0,0.564	0.218
1.0,1.0	1.0,0.518	0.241
1.0,1.0	1.0,0.45	0.275
0.999,1.0	1.0,1.0	-0.0
0.983,1.0	1.0,1.0	-0.008
0.328,0.305	0.295,0.378	-0.02
0.233,0.233	0.134,0.123	0.105
1.0,0.998	1.0,1.0	-0.001
0.982,1.0	1.0,1.0	-0.009
0.986,1.0	1.0,1.0	-0.007
1.0,1.0	1.0,1.0	0.0
1.0,1.0	1.0,0.85	0.075
1.0,0.825	1.0,1.0	-0.088
1.0,0.682	1.0,1.0	-0.159
0.995,1.0	0.997,0.995	0.002
1.0,1.0	0.997,1.0	0.002
1.0,1.0	0.999,1.0	0.0
0.965,0.946	1.0,0.899	0.006
1.0,1.0	1.0,0.885	0.057
1.0,0.932	1.0,0.943	-0.006
0.011,0.0	0.0,0.0	0.005
0.999,1.0	1.0,1.0	-0.0
0.999,1.0	1.0,1.0	-0.0
0.964,0.979	0.995,1.0	-0.026
1.0,0.995	1.0,0.989	0.003
0.991,1.0	1.0,1.0	-0.004
1.0,0.842	0.849,1.0	-0.003
1.0,1.0	0.992,1.0	0.004
1.0,1.0	0.992,1.0	0.004
0.988,0.989	0.988,1.0	-0.006
1.0,0.988	0.979,0.958	0.026
0.992,1.0	0.988,0.983	0.01
0.674,NA	0.0,0.0	0.674
0.998,1.0	1.0,1.0	-0.001
0.681,0.898	0.911,1.0	-0.166
0.027,0.017	0.03,0.03	-0.008
1.0,0.954	1.0,1.0	-0.023
0.989,0.973	1.0,1.0	-0.019
1.0,0.999	1.0,1.0	-0.0
1.0,0.98	1.0,1.0	-0.01
1.0,0.984	1.0,1.0	-0.008
1.0,0.982	1.0,1.0	-0.009
1.0,0.996	1.0,1.0	-0.002
0.998,0.999	0.989,1.0	0.004
0.662,0.391	0.68,0.625	-0.126
0.813,0.783	0.793,0.796	0.004
0.766,0.673	0.784,0.765	-0.055
0.585,1.0	1.0,1.0	-0.208
0.414,1.0	0.821,1.0	-0.204
0.984,1.0	1.0,1.0	-0.008
1.0,0.975	1.0,0.962	0.007
1.0,0.99	1.0,1.0	-0.005
1.0,1.0	0.997,1.0	0.002
0.998,1.0	0.996,1.0	0.001
0.0,0.003	0.0,0.0	0.002
0.994,0.993	1.0,1.0	-0.006
1.0,1.0	1.0,0.996	0.002
0.997,1.0	0.981,1.0	0.008
1.0,1.0	1.0,0.967	0.016
0.983,0.985	1.0,1.0	-0.016
0.999,1.0	1.0,1.0	-0.0
1.0,0.988	1.0,1.0	-0.006
1.0,1.0	1.0,0.911	0.044
1.0,1.0	1.0,0.976	0.012
1.0,1.0	1.0,0.998	0.001
1.0,1.0	0.999,1.0	0.0
0.998,1.0	1.0,0.994	0.002
0.943,0.984	0.976,1.0	-0.024
1.0,0.996	1.0,1.0	-0.002
0.97,1.0	1.0,1.0	-0.015
0.99,1.0	1.0,0.986	0.002
0.894,0.919	0.961,0.891	-0.019
0.98,0.992	1.0,1.0	-0.014
0.942,0.81	1.0,1.0	-0.124
1.0,1.0	1.0,0.986	0.007
0.939,0.721	0.936,0.798	-0.037
1.0,1.0	0.97,0.977	0.026
1.0,1.0	0.942,0.954	0.052
0.988,1.0	1.0,1.0	-0.006
0.949,0.929	0.922,0.979	-0.011
0.967,0.968	1.0,1.0	-0.032
0.988,1.0	1.0,1.0	-0.006
1.0,0.994	0.989,1.0	0.003
1.0,0.993	0.988,1.0	0.002
1.0,0.998	1.0,1.0	-0.001
0.998,0.995	0.994,1.0	-0.001
0.934,0.955	0.925,0.789	0.088
1.0,0.985	1.0,1.0	-0.008
0.999,1.0	1.0,1.0	-0.0
0.995,1.0	1.0,1.0	-0.002
0.993,1.0	1.0,1.0	-0.004
0.989,1.0	1.0,1.0	-0.006
0.997,1.0	1.0,1.0	-0.002
0.993,1.0	1.0,1.0	-0.004
1.0,0.895	1.0,1.0	-0.052
0.328,0.414	0.372,0.477	-0.053
1.0,1.0	0.99,0.987	0.012
1.0,0.971	1.0,1.0	-0.014
1.0,0.994	0.991,1.0	0.001
0.0,0.012	0.0,0.0	0.006
0.998,1.0	1.0,0.996	0.001
0.958,0.977	0.975,1.0	-0.02
0.999,1.0	1.0,0.997	0.001
1.0,1.0	1.0,1.0	0.0
0.965,0.994	1.0,1.0	-0.02
0.948,0.977	1.0,1.0	-0.038
0.97,0.995	1.0,1.0	-0.018
0.957,0.98	1.0,1.0	-0.032
0.994,1.0	1.0,1.0	-0.003
1.0,1.0	1.0,0.921	0.039
1.0,1.0	1.0,0.991	0.004
1.0,1.0	0.977,1.0	0.012
1.0,0.897	1.0,0.803	0.047
0.011,0.019	0.039,0.015	-0.012
0.924,1.0	1.0,1.0	-0.038
0.879,1.0	1.0,1.0	-0.06
1.0,0.985	1.0,0.975	0.005
1.0,1.0	0.986,1.0	0.007
0.997,0.998	1.0,1.0	-0.002
0.004,0.002	0.001,0.004	0.001
0.947,1.0	1.0,1.0	-0.026
0.986,1.0	1.0,1.0	-0.007
0.987,0.993	1.0,0.986	-0.003
0.988,1.0	1.0,1.0	-0.006
0.922,0.967	0.983,1.0	-0.047
0.854,0.918	0.983,0.971	-0.091
0.933,0.964	0.959,0.98	-0.021
0.621,0.742	0.711,1.0	-0.174
0.231,0.355	0.364,0.348	-0.063
0.998,0.997	1.0,1.0	-0.002
0.31,0.0	1.0,0.0	-0.345
1.0,0.999	1.0,1.0	-0.0
1.0,1.0	1.0,0.974	0.013
0.996,1.0	1.0,1.0	-0.002
1.0,0.998	1.0,1.0	-0.001
1.0,1.0	1.0,0.998	0.001
1.0,1.0	1.0,1.0	0.0
0.981,0.983	1.0,1.0	-0.018
0.996,1.0	0.997,0.989	0.005
0.987,0.969	0.887,0.955	0.057
0.95,0.982	1.0,0.935	-0.002
0.983,0.995	1.0,0.986	-0.004
1.0,1.0	1.0,0.973	0.014
0.273,0.086	1.0,0.0	-0.321
1.0,0.987	1.0,0.908	0.04
0.992,0.99	1.0,1.0	-0.009
0.986,0.996	1.0,1.0	-0.009
0.996,1.0	1.0,0.987	0.004
0.992,0.994	1.0,0.989	-0.001
0.993,0.995	1.0,0.991	-0.002
0.585,0.306	0.056,0.191	0.322
0.959,1.0	1.0,1.0	-0.02
1.0,0.994	1.0,1.0	-0.003
1.0,0.995	1.0,1.0	-0.002
1.0,0.998	1.0,1.0	-0.001
0.992,1.0	1.0,1.0	-0.004
0.98,1.0	1.0,1.0	-0.01
0.979,0.983	0.958,0.986	0.009
0.974,0.989	0.978,1.0	-0.007
1.0,1.0	0.996,1.0	0.002
0.999,1.0	0.998,1.0	0.001
0.988,1.0	1.0,1.0	-0.006
0.976,0.982	0.933,0.921	0.052
1.0,0.97	1.0,1.0	-0.015
0.988,1.0	1.0,1.0	-0.006
0.972,1.0	1.0,1.0	-0.014
0.688,1.0	1.0,1.0	-0.156
0.713,1.0	1.0,1.0	-0.143
0.1,0.067	0.092,0.091	-0.008
0.043,0.029	0.041,0.053	-0.011
1.0,0.973	1.0,1.0	-0.014
0.98,1.0	1.0,1.0	-0.01
0.74,0.74	0.754,0.835	-0.054
1.0,1.0	0.997,1.0	0.002
1.0,1.0	0.999,1.0	0.0
0.96,0.962	0.983,0.961	-0.011
0.912,0.935	0.972,0.941	-0.033
1.0,1.0	0.72,1.0	0.14
1.0,1.0	0.777,0.818	0.203
0.994,0.99	0.988,1.0	-0.002
0.929,0.886	0.857,0.925	0.016
0.098,0.12	0.063,0.063	0.046
1.0,0.999	1.0,1.0	-0.0
0.999,0.997	1.0,1.0	-0.002
0.978,0.968	1.0,1.0	-0.027
0.992,1.0	1.0,1.0	-0.004
0.994,1.0	0.96,1.0	0.017
0.956,0.953	0.951,0.962	-0.002
0.999,0.997	1.0,1.0	-0.002
1.0,0.999	1.0,1.0	-0.0
0.998,0.993	1.0,1.0	-0.004
1.0,1.0	0.993,0.99	0.008
0.997,1.0	1.0,1.0	-0.002
0.992,0.986	1.0,0.978	0.0
1.0,1.0	0.843,1.0	0.079
0.02,0.027	0.152,0.102	-0.104
0.984,1.0	1.0,1.0	-0.008
0.998,1.0	1.0,1.0	-0.001
0.967,0.972	1.0,1.0	-0.03
1.0,0.943	1.0,1.0	-0.028
0.997,0.994	0.992,0.988	0.006
1.0,1.0	1.0,0.992	0.004
0.991,1.0	1.0,1.0	-0.004
0.947,1.0	1.0,1.0	-0.026
0.928,1.0	1.0,1.0	-0.036
0.893,1.0	0.963,1.0	-0.035
0.138,0.109	0.111,0.022	0.057
0.098,0.063	0.067,0.066	0.014
1.0,0.937	0.938,1.0	-0.0
1.0,0.95	0.951,1.0	-0.001
1.0,0.891	0.919,1.0	-0.014
0.297,0.381	0.43,0.602	-0.177
0.997,1.0	1.0,0.998	-0.001
0.989,1.0	1.0,1.0	-0.006
0.97,1.0	1.0,1.0	-0.015
1.0,1.0	0.964,1.0	0.018
0.986,1.0	1.0,1.0	-0.007
0.996,0.995	1.0,1.0	-0.004
0.095,0.118	0.134,0.111	-0.016
1.0,1.0	0.937,1.0	0.031
0.929,0.909	0.796,0.826	0.108
0.849,0.706	0.476,0.51	0.284
0.986,1.0	0.971,0.826	0.095
1.0,0.996	1.0,1.0	-0.002
0.997,0.986	1.0,1.0	-0.008
1.0,0.993	1.0,1.0	-0.004
0.99,0.995	0.991,0.98	0.007
0.989,1.0	1.0,1.0	-0.006
0.778,0.839	0.888,0.972	-0.121
0.989,0.924	0.91,0.946	0.029
0.999,1.0	1.0,1.0	-0.0
0.998,0.996	1.0,1.0	-0.003
0.094,0.079	0.085,0.109	-0.011
0.083,0.068	0.071,0.096	-0.008
0.985,1.0	1.0,1.0	-0.008
1.0,1.0	1.0,0.928	0.036
1.0,1.0	1.0,1.0	0.0
0.248,0.361	1.0,0.0	-0.196
0.964,0.98	0.99,1.0	-0.023
0.956,0.945	0.94,0.992	-0.016
0.0,0.232	0.15,0.0	0.041
0.107,0.085	0.107,0.131	-0.023
0.994,1.0	1.0,1.0	-0.003
1.0,1.0	0.998,1.0	0.001
0.988,0.99	1.0,0.956	0.011
1.0,0.952	1.0,1.0	-0.024
0.036,0.0	0.094,0.0	-0.029
0.996,0.994	1.0,1.0	-0.005
0.021,0.0	0.0,0.04	-0.009
1.0,1.0	0.948,1.0	0.026
1.0,0.984	1.0,1.0	-0.008
1.0,0.965	1.0,1.0	-0.018
1.0,1.0	1.0,0.938	0.031
0.996,1.0	1.0,1.0	-0.002
1.0,0.992	1.0,1.0	-0.004
0.979,0.993	0.945,0.914	0.056
1.0,0.991	1.0,1.0	-0.004
0.98,0.984	1.0,1.0	-0.018
0.97,0.973	1.0,1.0	-0.028
0.994,1.0	1.0,0.987	0.003
0.073,0.152	0.111,0.034	0.04
1.0,0.995	0.997,1.0	-0.001
0.783,0.854	0.789,0.908	-0.03
1.0,0.997	1.0,1.0	-0.002
0.057,0.07	0.067,0.091	-0.015
0.999,1.0	1.0,1.0	-0.0
0.996,1.0	1.0,1.0	-0.002
0.996,1.0	1.0,1.0	-0.002
1.0,1.0	1.0,0.995	0.002
0.996,1.0	1.0,1.0	-0.002
0.991,1.0	1.0,1.0	-0.004
0.002,0.0	0.002,0.0	0.0
0.924,0.846	0.93,0.934	-0.047
1.0,0.998	1.0,1.0	-0.001
1.0,0.999	1.0,1.0	-0.0
0.999,1.0	1.0,1.0	-0.0
0.049,0.028	0.077,0.024	-0.012
1.0,0.986	0.993,1.0	-0.003
1.0,1.0	0.995,1.0	0.002
0.991,1.0	1.0,1.0	-0.004
0.99,1.0	1.0,1.0	-0.005
0.968,0.836	1.0,0.785	0.009
0.928,0.899	1.0,1.0	-0.087
0.984,1.0	0.974,1.0	0.005
1.0,1.0	1.0,1.0	0.0
0.453,0.335	0.901,0.521	-0.317
0.535,0.48	0.925,0.711	-0.31
1.0,1.0	0.684,0.865	0.226
1.0,1.0	0.958,1.0	0.021
0.961,1.0	1.0,1.0	-0.02
0.887,0.9	0.88,1.0	-0.046
0.997,1.0	1.0,1.0	-0.002
0.989,1.0	1.0,1.0	-0.006
0.99,1.0	1.0,1.0	-0.005
0.208,0.167	0.281,0.334	-0.12
0.985,1.0	1.0,0.948	0.018
1.0,1.0	1.0,0.995	0.002
0.271,0.291	0.313,0.296	-0.023
0.226,0.241	0.236,0.19	0.02
1.0,1.0	0.996,1.0	0.002
0.989,1.0	0.983,1.0	0.003
0.995,1.0	0.991,1.0	0.002
0.994,1.0	0.99,1.0	0.002
0.994,1.0	0.989,1.0	0.003
0.994,1.0	0.99,1.0	0.002
0.996,0.998	0.992,1.0	0.001
1.0,0.991	1.0,1.0	-0.004
0.993,0.982	0.994,1.0	-0.009
0.835,0.918	0.963,0.802	-0.006
0.997,0.996	1.0,1.0	-0.004
1.0,0.99	1.0,1.0	-0.005
1.0,0.982	1.0,1.0	-0.009
1.0,0.999	1.0,1.0	-0.0
1.0,1.0	1.0,1.0	0.0
0.997,1.0	1.0,1.0	-0.002
1.0,1.0	1.0,0.993	0.004
0.447,0.524	0.469,1.0	-0.249
0.931,0.974	0.972,1.0	-0.033
0.961,0.985	0.985,1.0	-0.019
0.923,0.868	0.564,0.463	0.382
0.997,0.999	1.0,1.0	-0.002
1.0,1.0	0.895,1.0	0.052
0.888,0.842	0.902,1.0	-0.086
0.99,0.983	0.987,1.0	-0.007
1.0,0.955	1.0,1.0	-0.022
0.912,0.979	1.0,1.0	-0.054
1.0,0.995	1.0,1.0	-0.002
0.88,1.0	1.0,1.0	-0.06
0.946,1.0	1.0,1.0	-0.027
0.918,1.0	1.0,1.0	-0.041
1.0,0.996	1.0,1.0	-0.002
1.0,0.979	1.0,1.0	-0.01
0.963,1.0	1.0,1.0	-0.018
1.0,0.99	0.99,0.959	0.021
0.986,0.994	1.0,1.0	-0.01
0.92,0.835	0.954,0.91	-0.054
1.0,0.968	1.0,1.0	-0.016
0.991,1.0	1.0,1.0	-0.004
1.0,1.0	0.968,1.0	0.016
0.996,1.0	1.0,1.0	-0.002
0.998,1.0	0.997,1.0	0.001
0.998,0.998	1.0,1.0	-0.002
1.0,1.0	1.0,0.996	0.002
0.999,0.999	0.998,1.0	0.0
0.36,0.439	0.69,0.66	-0.276
0.607,0.559	0.779,0.784	-0.199
0.358,0.404	0.678,0.671	-0.294
1.0,1.0	1.0,0.996	0.002
1.0,0.998	1.0,1.0	-0.001
0.793,0.799	0.865,0.763	-0.018
0.962,1.0	1.0,1.0	-0.019
0.017,0.004	0.0,0.0	0.011
1.0,0.941	0.941,0.958	0.021
0.996,1.0	1.0,1.0	-0.002
1.0,0.991	1.0,1.0	-0.004
0.987,1.0	1.0,1.0	-0.006
0.993,0.983	1.0,1.0	-0.012
0.935,1.0	1.0,1.0	-0.032
1.0,0.99	0.987,1.0	0.001
0.008,0.0	0.042,0.0	-0.017
0.96,1.0	0.792,0.675	0.246
0.996,0.989	0.991,1.0	-0.003
1.0,1.0	1.0,0.886	0.057
0.997,0.985	1.0,1.0	-0.009
0.0,0.0	0.005,0.003	-0.004
0.995,1.0	1.0,1.0	-0.002
1.0,1.0	1.0,0.957	0.022
0.923,0.949	0.844,0.818	0.105
0.931,0.92	0.942,0.963	-0.027
1.0,0.993	1.0,1.0	-0.004
0.998,1.0	1.0,1.0	-0.001
1.0,0.748	0.748,1.0	0.0
1.0,0.544	0.705,NA	0.067
1.0,0.877	0.87,1.0	0.003
0.01,0.043	0.055,0.089	-0.045
0.906,1.0	1.0,1.0	-0.047
0.889,1.0	1.0,1.0	-0.055
0.978,1.0	1.0,1.0	-0.011
1.0,0.995	1.0,1.0	-0.002
1.0,0.996	1.0,1.0	-0.002
0.958,0.94	1.0,1.0	-0.051
1.0,0.986	1.0,1.0	-0.007
1.0,0.986	1.0,1.0	-0.007
0.615,0.561	0.681,0.777	-0.141
0.907,0.962	1.0,1.0	-0.066
0.117,0.103	0.065,0.032	0.061
0.327,0.249	0.275,0.279	0.011
0.818,0.848	0.814,0.815	0.018
0.438,0.363	0.342,0.357	0.051
0.834,0.801	0.859,0.883	-0.053
1.0,0.971	1.0,0.93	0.02
1.0,1.0	1.0,0.984	0.008
1.0,1.0	0.99,1.0	0.005
0.937,1.0	1.0,1.0	-0.031
0.996,1.0	1.0,1.0	-0.002
0.992,0.997	1.0,1.0	-0.006
1.0,1.0	1.0,0.997	0.002
0.137,0.148	0.131,0.158	-0.002
0.044,0.042	0.02,0.03	0.018
0.996,0.993	1.0,1.0	-0.006
0.993,1.0	1.0,1.0	-0.004
0.0,0.0	0.0,0.012	-0.006
0.23,0.172	0.318,0.377	-0.147
0.822,0.766	0.89,0.915	-0.109
0.996,0.996	0.987,1.0	0.002
0.972,0.978	0.941,1.0	0.005
0.308,0.375	0.31,0.58	-0.103
0.995,1.0	1.0,1.0	-0.002
0.997,0.984	0.993,0.988	0.0
0.957,0.944	0.975,0.903	0.011
1.0,1.0	0.99,1.0	0.005
0.946,0.952	0.957,0.937	0.002
0.959,0.951	0.952,0.958	0.0
0.967,0.958	0.975,0.968	-0.009
0.998,0.999	0.999,1.0	-0.001
0.163,0.129	0.375,0.0	-0.041
0.704,0.823	0.712,0.809	0.003
0.516,0.72	0.477,0.679	0.04
0.93,0.988	0.941,0.939	0.019
0.984,1.0	1.0,1.0	-0.008
1.0,0.936	1.0,1.0	-0.032
0.979,1.0	0.959,1.0	0.01
1.0,1.0	1.0,0.988	0.006
1.0,1.0	1.0,1.0	0.0
1.0,1.0	1.0,1.0	0.0
0.999,1.0	1.0,1.0	-0.0
1.0,1.0	0.998,1.0	0.001
0.012,0.017	0.0,0.0	0.015
0.975,1.0	0.956,1.0	0.01
0.992,1.0	1.0,1.0	-0.004
0.988,1.0	1.0,1.0	-0.006
0.996,1.0	1.0,1.0	-0.002
0.992,0.954	1.0,1.0	-0.027
0.928,0.736	1.0,1.0	-0.168
0.956,1.0	1.0,1.0	-0.022
1.0,0.989	0.989,1.0	0.0
1.0,0.99	1.0,1.0	-0.005
0.138,0.1	0.106,0.098	0.017
1.0,0.998	1.0,1.0	-0.001
1.0,0.972	1.0,1.0	-0.014
1.0,0.981	1.0,1.0	-0.01
0.998,1.0	1.0,1.0	-0.001
0.994,1.0	1.0,1.0	-0.003
1.0,0.997	1.0,1.0	-0.002
1.0,0.997	0.99,1.0	0.003
1.0,1.0	0.992,1.0	0.004
0.998,1.0	1.0,1.0	-0.001
1.0,1.0	1.0,0.988	0.006
0.997,1.0	1.0,1.0	-0.002
0.977,1.0	1.0,1.0	-0.012
0.984,1.0	0.985,1.0	-0.0
0.996,1.0	1.0,1.0	-0.002
1.0,0.974	1.0,1.0	-0.013
0.872,0.873	0.827,0.862	0.028
0.401,0.274	0.126,0.066	0.242
0.146,0.064	0.159,0.039	0.006
0.031,0.067	0.24,0.095	-0.118
1.0,1.0	0.982,1.0	0.009
1.0,0.998	1.0,1.0	-0.001
1.0,0.921	0.924,1.0	-0.001
0.892,0.87	0.964,1.0	-0.101
0.911,0.901	0.966,1.0	-0.077
0.01,0.018	0.01,0.004	0.007
0.0,0.223	0.158,0.0	0.033
0.991,0.997	0.997,1.0	-0.004
1.0,1.0	1.0,0.995	0.002
0.999,1.0	1.0,1.0	-0.0
1.0,1.0	0.954,1.0	0.023
0.991,1.0	1.0,0.956	0.018
0.997,1.0	1.0,1.0	-0.002
1.0,0.985	1.0,1.0	-0.008
1.0,1.0	0.978,1.0	0.011
1.0,1.0	0.971,1.0	0.014
1.0,0.97	1.0,1.0	-0.015
0.157,0.157	0.122,0.232	-0.02
1.0,1.0	0.941,1.0	0.03
0.969,0.953	0.926,1.0	-0.002
0.949,0.911	0.815,1.0	0.022
1.0,0.991	1.0,1.0	-0.004
1.0,0.996	1.0,1.0	-0.002
0.998,1.0	1.0,1.0	-0.001
0.998,0.999	1.0,1.0	-0.002
1.0,1.0	1.0,1.0	0.0
1.0,1.0	1.0,0.99	0.005
0.976,0.971	0.958,0.942	0.024
1.0,1.0	0.954,1.0	0.023
0.962,0.986	1.0,1.0	-0.026
1.0,0.998	1.0,1.0	-0.001
0.423,0.301	0.351,0.44	-0.033
1.0,0.99	1.0,1.0	-0.005
1.0,1.0	1.0,0.996	0.002
0.991,0.996	0.999,0.995	-0.003
0.689,0.787	0.753,0.816	-0.046
0.995,0.995	0.995,1.0	-0.003
0.999,1.0	1.0,1.0	-0.0
0.99,0.995	0.999,1.0	-0.007
0.991,0.987	0.995,0.992	-0.005
0.204,0.422	0.661,0.305	-0.17
0.999,1.0	1.0,1.0	-0.0
1.0,1.0	0.865,1.0	0.068
0.999,1.0	1.0,1.0	-0.0
1.0,1.0	1.0,0.972	0.014
1.0,0.996	0.998,1.0	-0.001
0.995,1.0	1.0,1.0	-0.002
0.996,1.0	1.0,1.0	-0.002
1.0,1.0	1.0,0.99	0.005
1.0,1.0	1.0,0.986	0.007
0.962,0.984	0.974,0.967	0.003
0.99,1.0	1.0,1.0	-0.005
0.228,0.284	0.664,0.697	-0.424
0.068,0.075	0.053,0.07	0.01
1.0,1.0	1.0,0.999	0.0
0.985,0.99	1.0,1.0	-0.012
1.0,1.0	1.0,1.0	0.0
1.0,0.995	1.0,1.0	-0.002
1.0,0.997	1.0,1.0	-0.002
1.0,1.0	0.982,1.0	0.009
1.0,0.631	1.0,1.0	-0.184
1.0,0.912	1.0,1.0	-0.044
1.0,0.428	1.0,NA	-0.286
0.99,0.99	0.948,0.984	0.024
0.932,0.928	0.752,0.84	0.134
0.008,0.006	0.011,0.015	-0.006
0.816,0.839	0.981,0.864	-0.095
0.902,0.921	0.987,0.94	-0.052
0.917,0.928	0.987,0.943	-0.042
0.982,0.961	1.0,1.0	-0.028
1.0,0.99	1.0,1.0	-0.005
1.0,0.998	1.0,1.0	-0.001
0.988,0.996	0.994,0.995	-0.002
0.987,1.0	1.0,1.0	-0.006
1.0,0.986	1.0,1.0	-0.007
0.985,1.0	1.0,1.0	-0.008
1.0,0.995	1.0,1.0	-0.002
0.0,0.007	0.0,0.0	0.004
1.0,1.0	0.994,1.0	0.003
1.0,0.996	1.0,1.0	-0.002
0.982,1.0	1.0,1.0	-0.009
0.976,0.996	1.0,0.99	-0.009
0.999,1.0	1.0,1.0	-0.0
0.05,0.008	0.013,0.028	0.009
0.99,0.974	0.995,0.991	-0.011
1.0,1.0	1.0,1.0	0.0
0.988,1.0	1.0,1.0	-0.006
0.996,0.993	0.989,1.0	0.0
0.0,0.032	0.0,0.0	0.016
0.877,0.91	0.936,0.924	-0.037
0.212,0.201	0.0,0.668	-0.128
1.0,0.994	1.0,1.0	-0.003
0.641,0.629	0.637,0.558	0.037
0.908,0.779	0.975,1.0	-0.144
0.68,0.594	0.943,1.0	-0.335
0.984,0.979	0.977,0.963	0.012
0.981,0.947	0.932,1.0	-0.002
0.342,0.708	0.548,0.409	0.046
1.0,0.806	1.0,0.675	0.066
0.994,1.0	1.0,1.0	-0.003
1.0,0.991	1.0,1.0	-0.004
0.999,1.0	1.0,1.0	-0.0
0.977,0.983	0.942,1.0	0.009
1.0,1.0	0.998,1.0	0.001
1.0,1.0	0.993,1.0	0.004
1.0,1.0	0.892,1.0	0.054
1.0,1.0	0.9,1.0	0.05
1.0,1.0	0.779,1.0	0.111
0.094,0.124	0.219,0.228	-0.115
1.0,0.992	1.0,1.0	-0.004
1.0,1.0	0.997,1.0	0.002
0.997,1.0	1.0,1.0	-0.002
0.991,1.0	1.0,1.0	-0.004
1.0,1.0	1.0,0.946	0.027
0.987,0.99	0.98,1.0	-0.002
0.982,0.974	1.0,0.973	-0.008
0.817,1.0	1.0,1.0	-0.092
0.997,1.0	1.0,1.0	-0.002
1.0,0.996	1.0,0.999	-0.002
0.998,1.0	1.0,1.0	-0.001
1.0,0.996	1.0,1.0	-0.002
0.997,1.0	1.0,1.0	-0.002
0.008,0.007	0.009,0.0	0.003
0.985,0.978	0.975,1.0	-0.006
1.0,1.0	0.978,1.0	0.011
0.966,1.0	1.0,1.0	-0.017
0.931,1.0	1.0,1.0	-0.034
1.0,1.0	0.999,1.0	0.0
0.969,0.992	0.988,1.0	-0.014
0.766,0.683	1.0,0.489	-0.02
1.0,1.0	0.985,1.0	0.008
0.846,1.0	1.0,1.0	-0.077
0.995,1.0	1.0,1.0	-0.002
1.0,0.973	1.0,1.0	-0.014
1.0,1.0	1.0,0.944	0.028
0.985,0.995	0.99,0.991	-0.0
1.0,0.997	1.0,1.0	-0.002
0.919,0.979	0.955,0.874	0.035
0.904,0.883	0.928,0.928	-0.035
1.0,1.0	1.0,0.401	0.299
1.0,1.0	1.0,0.828	0.086
0.934,0.948	1.0,0.91	-0.014
0.952,0.962	1.0,0.938	-0.012
1.0,0.986	1.0,1.0	-0.007
0.473,0.528	0.384,0.407	0.105
0.366,0.326	0.201,0.208	0.141
1.0,0.999	1.0,1.0	-0.0
0.986,1.0	1.0,1.0	-0.007
1.0,0.998	1.0,0.992	0.003
0.966,1.0	1.0,1.0	-0.017
0.868,1.0	1.0,1.0	-0.066
0.905,1.0	1.0,1.0	-0.047
0.782,1.0	NA,1.0	-0.109
0.201,0.238	0.299,0.355	-0.107
1.0,0.988	1.0,1.0	-0.006
0.814,0.802	0.908,0.889	-0.091
0.815,0.806	0.909,0.89	-0.089
0.073,0.036	0.031,0.067	0.005
0.993,1.0	1.0,1.0	-0.004
0.004,0.0	0.0,0.024	-0.01
0.963,0.948	0.842,0.814	0.128
0.862,0.938	1.0,1.0	-0.1
0.938,1.0	0.872,1.0	0.033
0.108,0.199	0.148,0.289	-0.065
1.0,0.979	1.0,1.0	-0.01
1.0,0.983	0.966,0.953	0.032
0.961,0.866	0.947,0.945	-0.032
0.967,0.971	1.0,1.0	-0.031
0.138,0.037	0.068,0.0	0.054
1.0,0.964	1.0,1.0	-0.018
0.019,0.023	0.013,0.019	0.005
0.983,1.0	1.0,1.0	-0.008
1.0,1.0	0.995,1.0	0.002
0.898,0.852	0.862,0.907	-0.01
1.0,1.0	1.0,0.659	0.17
0.512,0.605	0.38,0.401	0.168
0.539,0.541	0.418,0.34	0.161
1.0,0.99	1.0,1.0	-0.005
1.0,1.0	0.97,1.0	0.015
0.886,0.937	0.88,0.86	0.041
0.965,0.982	0.956,0.935	0.028
0.225,0.382	0.369,0.287	-0.024
1.0,0.999	0.999,0.998	0.001
