ID	IJC_SAMPLE_1	SJC_SAMPLE_1	IJC_SAMPLE_2	SJC_SAMPLE_2	IncFormLen	SkipFormLen	PValue
3	1,0	177,168	0,0	79,45	180	99	1
4	13,5	0,1	7,2	0,1	158	99	1
6	2,0	11,12	0,0	9,0	109	99	1
8	113,48	14,6	64,43	10,7	134	99	1
9	104,45	1,0	58,41	0,0	134	99	1
10	2,0	263,304	4,3	98,77	198	99	1
11	2,0	714,566	0,0	416,242	106	99	1
14	266,220	5,0	95,58	0,2	198	99	1
15	31,6	3,0	2,1	0,0	198	99	1
16	5,4	1,9	2,2	5,1	192	99	0.724820536159
17	6,4	9,11	1,0	5,2	198	99	1
19	3,0	9,11	1,0	5,2	134	99	1
21	5,0	62,57	3,0	37,19	198	99	1
22	217,233	30,24	124,82	27,11	120	99	1
23	42,31	30,24	30,14	27,11	186	99	1
24	8,7	183,209	12,2	106,70	165	99	1
25	80,78	0,1	33,27	1,0	198	99	1
26	13,6	0,2	7,6	0,1	103	99	1
27	45,47	0,0	24,21	1,0	102	99	1
28	1,3	65,58	0,2	25,5	198	99	1
30	670,559	2,5	327,186	0,0	111	99	1
31	19,15	23,32	5,5	17,13	129	99	0.767991421461
32	1,3	230,217	2,3	136,72	198	99	1
33	16,9	113,133	18,4	68,46	138	99	1
34	0,6	83,65	6,3	19,25	198	99	1
35	1,0	105,138	3,4	67,63	198	99	1
36	5,0	18,11	0,0	6,5	111	99	1
37	125,93	6,3	32,57	8,4	198	99	0.650238219539
38	5,1	323,226	1,0	150,85	138	99	1
39	44,29	0,8	21,6	0,1	198	99	0.770949347225
40	156,178	9,5	91,66	0,0	111	99	1
42	23,15	269,164	17,13	148,96	198	99	1
43	13,7	251,202	6,6	98,62	127	99	1
44	49,45	151,127	21,21	68,42	198	99	1
45	3,2	205,184	1,1	160,85	107	99	1
46	0,3	0,1	4,2	0,0	198	99	1
48	81,82	0,1	46,36	0,0	117	99	1
52	101,80	1,0	62,47	0,0	198	99	1
53	98,86	1,0	73,44	0,0	198	99	1
54	16,14	1,0	19,7	0,0	198	99	1
55	73,78	0,0	49,36	2,1	198	99	1
56	18,19	69,58	15,7	49,21	198	99	1
57	224,165	6,3	119,72	17,4	198	99	0.489983294707
58	8,4	198,216	1,0	103,61	198	99	1
60	6,2	203,204	4,3	117,89	101	99	1
61	16,12	58,42	10,3	29,16	154	99	1
62	13,8	10,11	9,3	5,8	154	99	1
63	0,0	248,203	1,0	152,126	198	99	1
64	25,13	1,0	4,5	3,0	119	99	1
65	16,7	1,0	10,6	0,0	103	99	1
66	19,11	21,12	7,6	16,4	111	99	1
67	34,15	0,0	13,6	0,2	140	99	1
68	68,46	153,134	13,10	114,89	117	99	0.0285344694473
69	2,2	244,265	2,0	121,93	107	99	1
70	21,9	55,69	5,5	22,18	198	99	1
71	11,13	25,19	1,3	10,2	183	99	0.0919674086235
73	19,7	13,6	6,6	3,1	198	99	0.415933350534
74	122,125	0,1	54,21	0,0	198	99	1
75	12,25	3,2	7,8	1,0	198	99	0.50979086621
76	33,45	3,2	21,18	1,0	198	99	1
78	41,38	2,2	19,8	12,2	198	99	0.00267615122996
79	21,11	700,698	12,7	358,222	103	99	1
80	4,3	22,16	0,1	16,16	127	99	1
81	31,19	28,18	16,16	16,7	198	99	1
82	1,4	9,8	0,0	7,1	127	99	0.791199842481
83	4,2	0,0	3,1	3,1	131	99	0.0178901020161
85	7,12	1500,1514	9,0	1096,562	103	99	1
86	382,367	3,2	290,192	0,0	198	99	1
87	25,27	824,809	15,19	549,295	102	99	1
88	7,2	0,1	3,1	0,0	111	99	1
89	22,12	183,157	12,3	87,81	198	99	1
90	0,3	5,2	1,1	1,1	117	99	0.231187888016
91	8,5	5,2	13,11	1,1	159	99	0.0377915235504
92	8,3	0,1	12,10	0,0	141	99	1
94	174,131	5,1	107,69	2,0	198	99	1
95	0,1	14,16	0,0	8,1	156	99	1
96	0,0	24,17	1,1	25,11	104	99	1
97	1,10	0,0	0,0	6,0	198	99	1
98	6,4	34,35	0,0	27,11	105	99	0.760748897828
99	1,1	16,12	1,1	14,6	125	99	1
100	10,6	106,79	7,8	91,44	156	99	1
101	3,0	69,81	1,2	28,23	192	99	1
102	125,99	1,3	24,30	0,0	141	99	1
104	155,107	3,8	113,55	1,1	198	99	1
105	22,15	561,546	17,17	352,214	198	99	1
106	168,165	9,13	103,67	4,1	198	99	1
107	6,13	34,35	0,3	28,29	119	99	0.236157271992
109	1246,990	7,3	720,426	0,0	126	99	1
110	3,0	5,2	0,4	5,2	121	99	1
111	2,8	80,113	6,0	48,28	104	99	1
112	166,75	0,0	98,50	0,1	198	99	1
113	10,13	922,653	3,3	298,175	198	99	1
114	3,0	25,18	0,1	3,5	115	99	1
116	0,3	17,10	4,4	6,3	115	99	0.029183781208
117	4,2	17,19	0,0	9,1	181	99	1
118	1,3	353,344	1,0	199,115	132	99	1
119	5,0	347,282	0,0	207,114	198	99	1
120	143,83	5,0	116,45	3,1	198	99	1
121	5,2	678,406	8,3	506,318	103	99	1
122	72,73	1,2	21,9	2,6	198	99	0.0590355543681
123	200,170	1,0	87,64	0,0	124	99	1
124	65,66	23,17	31,20	5,5	124	99	1
125	1048,905	2,1	600,428	4,3	105	99	1
126	134,112	0,0	87,44	0,1	149	99	1
127	44,48	0,0	29,10	0,1	113	99	1
128	9,1	40,26	6,0	15,7	110	99	1
129	15,14	6,6	9,2	0,0	102	99	0.00640229356218
130	13,25	22,20	19,16	16,4	198	99	0.462481189671
131	4,0	302,215	3,0	184,103	198	99	1
132	13,22	85,88	3,3	27,22	198	99	1
133	151,129	5,5	79,70	1,1	103	99	1
136	0,3	4,6	1,0	5,3	195	99	1
138	1,0	80,80	0,1	51,43	198	99	1
139	112,86	28,25	19,17	29,14	164	99	0.000669924908277
140	3,3	29,38	0,0	17,12	198	99	1
142	14,10	55,56	7,3	27,8	198	99	1
143	33,37	129,93	12,11	147,65	108	99	0.278439527274
144	1,0	479,186	0,0	106,53	101	99	1
145	1,1	12,14	1,0	7,3	198	99	1
146	30,34	33,14	37,13	13,6	198	99	0.615008443393
147	8,9	429,404	3,0	167,101	198	99	1
148	2,4	495,420	4,2	306,148	130	99	1
149	0,4	61,74	0,2	33,27	198	99	1
150	29,30	120,75	2,2	50,22	198	99	0.567222297125
151	0,2	8,5	0,2	8,1	198	99	1
152	13,16	1,2	16,5	0,0	135	99	1
153	173,175	51,74	18,13	30,12	123	99	0.00412105836478
154	2,1	1460,1336	2,2	1025,527	198	99	1
156	1181,782	2,5	512,315	2,1	198	99	1
157	17,7	8,11	20,13	6,2	180	99	0.108888714681
159	191,143	49,53	141,71	27,17	198	99	1
161	4,9	0,0	1,1	1,0	193	99	1
162	2,5	406,536	0,0	213,191	198	99	1
163	2,5	406,536	1,0	213,191	198	99	1
164	6,3	6,6	3,0	3,4	198	99	0.552152386753
166	110,106	8,19	47,35	5,4	109	99	1
168	108,81	51,36	81,82	67,46	125	99	1
169	188,166	0,0	96,72	0,2	198	99	1
171	57,37	6,11	35,17	0,0	111	99	0.217070756456
172	88,54	9,2	31,19	8,3	119	99	0.868301590659
173	378,281	4,3	364,297	2,2	198	99	1
175	1291,915	0,0	718,495	0,3	198	99	1
176	5,3	0,2	1,5	0,0	198	99	1
177	6,4	13,17	3,3	6,7	111	99	1
178	8,9	0,5	1,1	4,1	122	99	0.00700811420669
179	3,5	5,1	1,1	1,1	104	99	0.891750488452
180	28,24	33,20	23,15	5,14	198	99	0.507240680285
181	33,25	33,20	24,15	5,14	198	99	0.610544923405
182	1,1	172,157	0,1	65,53	144	99	1
185	64,88	22,16	52,36	2,1	121	99	0.00683838620816
187	6452,4692	190,135	3028,2059	61,42	198	99	1
189	16,17	189,243	9,11	96,63	118	99	1
190	91,97	87,83	40,27	56,33	175	99	1
191	264,323	87,83	127,79	56,33	156	99	1
192	10,5	16,18	8,4	2,1	113	99	0.00231327367452
194	4,7	67,41	2,1	21,23	137	99	1
195	28,15	283,311	7,10	218,129	198	99	1
196	16,7	377,336	6,1	234,203	102	99	1
197	82,74	3,2	39,53	1,3	198	99	1
198	81,78	2187,2362	42,55	1162,849	198	99	1
199	79,58	11,10	55,18	4,4	156	99	1
200	95,108	11,10	73,33	4,4	198	99	1
201	56,77	27,8	39,24	8,7	153	99	1
202	16,23	1,0	20,11	0,0	198	99	1
203	51,46	17,36	26,14	31,11	120	99	0.443495402675
204	223,188	23,11	90,77	7,3	198	99	1
205	232,214	23,11	112,81	7,3	198	99	1
206	52,46	0,5	53,35	1,0	116	99	1
207	10,14	12,22	1,4	0,4	114	99	0.480607629457
208	7,4	1,5	5,2	0,0	198	99	0.0192357619607
210	99,92	56,49	58,39	48,30	198	99	1
211	238,194	286,283	35,22	184,155	132	99	4.79437032297e-08
212	5,4	1,0	0,0	1,0	167	99	1
214	0,1	35,40	0,0	13,12	104	99	1
215	16,9	43,56	9,6	23,17	129	99	1
216	14,10	55,62	5,3	36,11	127	99	1
217	46,49	119,153	10,3	123,37	144	99	0.0745178536874
218	48,46	179,251	8,4	192,78	144	99	0.859005092599
219	252,191	27,17	126,91	18,5	112	99	1
220	15,3	246,187	3,2	122,90	103	99	1
221	6,3	1,1	3,1	3,0	103	99	1
222	0,0	3,0	2,0	0,2	103	99	1
223	180,170	0,1	112,92	0,0	198	99	1
225	7,1	8,3	0,3	6,0	198	99	0.480081914685
226	33,31	0,1	26,11	0,0	198	99	1
227	61,36	175,119	56,35	50,20	107	99	7.96886044092e-05
228	64,93	9,7	49,42	6,6	198	99	1
229	480,422	2,1	276,173	2,1	129	99	1
230	321,276	1,1	178,101	0,0	129	99	1
231	12,12	15,18	9,5	12,7	114	99	1
235	2,2	24,16	0,1	6,6	198	99	1
236	19,26	18,8	6,8	2,0	104	99	0.0262210739854
237	22,13	181,188	24,25	87,37	110	99	0.05097171214
239	6,2	44,17	4,1	75,30	113	99	1
240	11,8	117,134	9,4	88,54	198	99	1
241	2,1	83,49	0,2	18,18	198	99	1
243	48,45	0,1	23,24	0,0	124	99	1
244	19,13	144,157	3,7	53,50	198	99	1
245	8,12	179,237	2,0	100,76	198	99	1
246	2,1	179,237	2,0	100,76	198	99	1
247	8,5	7,11	1,0	0,0	175	99	1
248	192,176	0,3	114,94	0,1	198	99	1
249	0,1	837,916	0,0	462,308	103	99	1
250	8,6	212,198	3,2	114,93	126	99	1
251	24,18	2,0	16,5	1,1	154	99	1
252	0,0	0,1	2,0	0,0	105	99	1
253	5,11	71,54	24,17	25,19	198	99	0.000625647067225
254	0,2	5,2	1,0	0,0	198	99	1
255	0,1	0,1	0,1	1,0	104	99	1
259	2,1	133,70	3,1	51,19	198	99	1
261	79,69	76,50	22,12	58,38	198	99	0.00387076983943
262	27,30	233,144	17,8	113,66	123	99	1
263	9,12	114,76	5,1	37,26	198	99	1
264	15,13	134,141	4,0	71,51	116	99	1
265	261,255	1,0	123,92	0,0	159	99	1
266	2,2	23,15	0,0	5,8	198	99	1
267	216,247	714,516	153,110	269,128	198	99	1
268	2,1	3,0	3,0	0,0	105	99	1
270	102,76	8,4	58,38	5,7	149	99	1
271	38,43	240,212	25,22	112,92	198	99	1
273	2,2	46,57	1,0	36,16	114	99	1
274	37,32	1,0	19,11	1,0	157	99	1
275	0,1	23,29	1,0	15,11	198	99	1
276	8,5	3,3	7,2	1,0	198	99	0.00405661691998
277	64,32	1,0	24,22	3,0	198	99	1
278	54,36	2,5	32,17	0,2	198	99	1
279	15,6	2,5	8,6	0,2	198	99	0.140915912577
280	34,18	48,30	8,9	25,15	198	99	1
281	9,9	2,5	9,5	0,2	198	99	0.122476436766
282	15,9	48,30	7,7	25,15	156	99	1
283	26,17	3,3	7,5	2,3	198	99	0.413867700532
284	83,52	0,0	37,26	1,0	198	99	1
288	6,5	47,32	1,2	17,15	162	99	1
290	12,3	160,145	3,1	34,28	198	99	1
293	208,180	3,4	164,73	9,2	198	99	1
294	9,6	0,2	4,9	0,1	122	99	1
295	2,1	1,0	0,0	0,1	103	99	1
299	13,8	33,32	4,3	16,8	198	99	1
301	12,8	33,32	4,2	16,8	198	99	1
302	7,5	33,32	3,2	16,8	178	99	1
303	0,2	3,1	0,1	1,2	181	99	1
304	15,14	938,881	4,5	538,348	198	99	1
306	444,419	3,3	159,142	1,0	198	99	1
307	10,13	183,178	8,5	73,46	198	99	1
309	119,118	451,534	36,32	232,147	125	99	1
311	4,2	38,39	2,1	18,17	198	99	1
312	3,7	71,73	4,1	62,24	130	99	1
313	6,3	0,0	3,2	1,0	198	99	1
314	0,0	200,185	1,1	101,59	114	99	1
315	401,422	11,5	248,162	2,6	103	99	1
316	7,1	37,38	8,4	36,13	198	99	1
318	239,178	11,8	104,52	5,7	198	99	1
319	128,107	1,0	71,55	0,0	198	99	1
320	37,13	17,22	7,1	10,2	103	99	0.58646490783
321	257,227	29,50	138,64	7,5	198	99	0.287512562127
324	3,1	53,61	2,2	28,25	198	99	1
325	0,1	1,4	0,0	7,2	114	99	1
327	239,210	13,23	118,66	14,15	121	99	1
328	2,7	2012,1830	2,1	883,615	198	99	1
329	21,26	77,56	17,8	38,26	198	99	1
330	7,2	1,0	4,1	0,0	122	99	1
331	32,29	190,167	22,19	109,62	130	99	1
332	214,192	3,7	128,77	5,0	198	99	1
333	23,10	8,7	28,8	8,12	198	99	1
335	5,17	57,40	10,6	42,23	104	99	1
336	299,287	18,22	179,100	18,18	152	99	1
337	77,46	16,2	31,17	0,0	198	99	0.0857283071019
338	27,17	102,106	33,7	30,24	145	99	0.328545825418
339	143,114	272,243	120,90	142,94	198	99	0.76598611438
341	411,307	34,26	188,137	12,2	131	99	1
343	11,4	0,0	6,0	1,0	198	99	1
344	77,52	0,2	28,8	0,0	198	99	1
345	115,112	0,0	69,36	1,0	198	99	1
346	115,107	3,3	65,36	3,4	198	99	1
347	10,5	3,3	3,0	3,4	198	99	0.0257286856263
348	16,7	2,5	3,0	9,2	198	99	0.00271553608386
349	7,1	105,95	31,20	40,12	110	99	5.05169706067e-09
351	0,0	2,2	1,0	1,2	118	99	1
352	14,16	46,56	2,4	17,18	107	99	1
353	6,4	41,39	1,2	40,17	157	99	1
354	1937,1411	0,0	1172,634	1,0	198	99	1
355	126,93	811,589	92,46	457,198	198	99	1
358	1,2	29,22	1,3	9,7	198	99	1
359	16,11	50,44	13,5	15,13	111	99	0.593385237196
360	1,1	23,29	0,0	5,8	198	99	1
362	1,5	37,20	2,1	17,6	198	99	1
364	457,550	4,0	273,226	0,1	198	99	1
367	1,0	808,741	3,1	367,214	132	99	1
370	8,19	3,0	9,12	2,2	118	99	0.563834570477
371	15,13	4,0	9,9	0,0	198	99	1
372	33,33	4,0	27,15	1,7	116	99	0.93514137804
373	0,0	12,17	1,0	12,6	174	99	1
374	29,29	8,19	11,3	7,7	198	99	0.334725987754
375	2,1	23,19	2,2	7,4	104	99	0.674552716297
377	1049,1017	4,15	542,320	1,0	144	99	1
378	7,10	40,60	2,1	21,29	170	99	1
379	355,317	3,0	279,162	4,6	144	99	1
380	3,4	141,126	15,7	36,30	198	99	0.458792371219
381	12,5	881,857	1,2	424,277	198	99	1
383	36,45	0,0	25,5	2,3	114	99	0.808641634212
385	196,145	8,34	133,83	14,8	177	99	1
387	47,48	257,252	12,14	163,98	198	99	1
389	298,274	11,10	153,124	16,3	142	99	1
390	85,96	101,149	96,44	22,14	103	99	1.01473508485e-08
391	19,33	37,58	1,11	20,18	198	99	0.959445150835
392	2,0	17,9	0,0	7,2	198	99	1
393	66,35	293,351	12,15	226,116	198	99	1
394	0,0	8,6	8,0	3,1	111	99	0.248163197079
395	324,293	35,38	94,69	124,51	105	99	8.07136579795e-11
396	161,180	6,5	31,13	15,6	130	99	3.44923813766e-05
398	229,222	0,1	82,51	4,6	108	99	1
400	0,9	175,128	8,3	149,80	198	99	1
401	10,3	193,146	1,0	153,114	198	99	1
402	1,4	989,658	1,0	565,345	103	99	1
403	83,60	64,82	73,37	26,19	120	99	0.0624328272909
405	252,312	330,329	137,87	172,109	102	99	1
407	9,19	74,83	7,5	51,26	198	99	1
408	46,34	152,122	15,18	69,37	128	99	1
409	192,138	0,0	104,70	4,1	194	99	1
410	7,2	460,282	3,1	240,90	198	99	1
411	1605,1450	0,0	633,524	0,1	108	99	1
412	320,218	2,4	169,134	0,0	198	99	1
413	161,139	7,9	44,40	2,1	126	99	1
414	5,4	118,117	5,6	72,72	117	99	1
416	1,0	60,72	1,1	44,34	198	99	1
417	326,265	28,22	263,166	5,8	191	99	1
418	14,23	595,603	19,7	274,228	198	99	1
419	689,729	1,1	305,256	0,0	198	99	1
420	186,190	27,31	162,119	12,9	158	99	1
422	32,8	3,0	10,9	0,1	138	99	1
423	25,11	1182,1028	10,5	810,502	103	99	1
424	8,4	598,551	5,11	273,205	198	99	1
425	1402,1272	3,1	797,497	1,1	102	99	1
426	148,151	1,0	45,42	0,0	198	99	1
427	189,73	31,17	191,85	10,6	198	99	0.096720680483
428	25,17	2,0	12,9	0,0	198	99	1
429	75,52	3,2	23,27	0,0	165	99	1
430	61,27	2,1	20,8	0,0	102	99	1
431	8,3	304,265	4,0	147,105	198	99	1
433	24,20	1,0	17,11	0,0	198	99	1
434	241,168	155,79	340,241	443,359	102	99	0.000521131077181
435	8,5	286,349	3,0	139,85	198	99	1
437	555,480	2,3	376,279	1,1	103	99	1
438	35,34	282,318	6,2	161,85	198	99	1
439	44,47	10165,8159	68,28	4991,2911	162	99	1
440	3405,3019	0,1	1581,997	2,0	135	99	1
441	159,117	4,2	19,15	1,0	198	99	1
442	223,196	226,222	74,55	111,50	102	99	1
443	0,2	906,954	5,1	673,449	147	99	1
444	591,387	1944,1282	198,115	993,503	102	99	1
445	10,13	1130,1152	1,5	525,381	122	99	1
446	116,138	2,1	97,62	3,0	198	99	1
447	56,78	2,1	67,48	3,0	198	99	1
448	58,88	111,131	66,56	88,59	198	99	1
450	18,13	25,21	10,6	18,8	153	99	1
452	0,2	10608,8286	4,3	7549,4944	103	99	1
454	14,11	5,0	10,5	0,1	198	99	0.526946458357
456	79,86	2,6	57,28	3,0	198	99	1
457	85,92	0,3	40,20	0,0	198	99	1
458	12,12	14,19	0,0	7,5	122	99	8.6114841169e-07
463	4719,3969	0,0	2566,1648	0,1	198	99	1
465	4,2	2165,2238	3,0	963,678	198	99	1
467	10,8	1,0	7,4	0,0	108	99	1
469	64,46	101,97	25,28	35,32	198	99	1
470	2,3	0,1	1,1	0,1	173	99	1
471	9,11	4,2	9,2	1,0	159	99	0.0768622650487
472	2,1	101,96	0,0	56,23	123	99	1
473	15,8	10,9	7,4	12,9	198	99	0.445538515537
474	25,9	2,0	13,5	0,0	198	99	1
475	28,17	2,0	23,14	0,0	169	99	1
477	66,51	17,29	12,13	18,8	114	99	0.225809969805
478	0,0	6,8	1,0	0,2	198	99	1
479	5695,4612	3,6	3554,2321	0,2	117	99	1
480	2483,2085	110,76	1452,1084	63,41	117	99	1
481	2478,2075	1,8	1442,1077	6,2	117	99	1
482	2865,2383	1,8	1720,1213	6,2	138	99	1
483	391,311	4,3	279,137	1,1	120	99	1
484	2474,2074	3,1	1442,1076	3,2	117	99	1
485	3430,2705	3,1	2091,1324	3,2	138	99	1
486	956,633	0,2	650,248	1,0	120	99	1
487	147,121	1158,1109	25,20	604,363	112	99	1
488	102,72	115,99	19,17	119,97	112	99	5.48066972361e-07
489	3,6	149,161	1,3	77,57	198	99	1
490	68,63	90,67	12,21	70,67	120	99	0.00135057390039
491	424,377	1,2	179,151	3,0	139	99	1
492	9,10	186,204	4,2	173,102	111	99	1
493	1,0	41,49	0,0	26,22	198	99	1
495	8,5	1,0	3,0	0,0	103	99	1
497	5,5	23,32	7,9	8,9	198	99	0.0764205216103
498	4,5	11,10	7,8	1,2	104	99	0.000322544810691
502	314,301	3,7	168,126	0,1	113	99	1
503	481,546	17,12	240,150	0,0	126	99	1
504	9,6	14,18	2,2	10,2	146	99	1
505	178,204	1,1	127,65	0,0	198	99	1
506	40,21	2,0	14,12	0,0	198	99	1
507	17,16	79,47	10,17	26,20	129	99	0.594128002485
508	5,6	169,179	45,30	32,28	103	99	0
509	33,25	47,34	17,11	24,19	198	99	1
510	13,5	28,23	5,6	16,9	169	99	1
512	269,164	0,0	168,79	6,5	103	99	1
516	102,111	2,2	48,34	0,0	198	99	1
517	16,13	57,84	0,5	12,17	198	99	1
519	1,0	115,87	5,0	64,39	198	99	1
520	260,209	17,14	131,94	7,3	103	99	1
523	24,26	247,297	12,11	116,96	198	99	1
524	2,3	323,237	0,0	151,109	103	99	1
525	614,423	0,0	257,120	0,3	123	99	1
526	668,493	32,28	437,210	1,0	129	99	1
527	1034,746	13,6	536,303	3,1	198	99	1
528	84,84	7,4	45,40	2,0	179	99	1
533	7,3	37,30	20,9	2,4	117	99	3.45891576492e-08
534	58,55	1,0	14,12	1,0	198	99	1
535	80,128	37,31	66,50	40,11	159	99	1
536	42,41	10,19	14,4	4,2	119	99	1
537	17,18	10,19	29,6	4,2	144	99	0.01737994449
538	10,7	35,30	24,5	9,3	124	99	3.55468437623e-05
539	4,2	200,144	3,3	114,61	102	99	1
541	82,99	85,108	30,34	78,31	198	99	1
542	0,2	1,0	0,2	0,0	116	99	1
543	20,22	26,18	1,4	26,32	122	99	1.30952584064e-05
544	29,10	9,12	0,0	9,2	198	99	3.22136966501e-05
545	20,33	9,12	15,8	9,2	198	99	1
546	15,31	24,8	15,9	0,0	104	99	0.00130226711826
547	3,5	55,60	1,1	42,17	102	99	1
548	14,9	28,28	1,7	12,5	111	99	1
549	3,2	110,102	1,1	51,34	198	99	1
553	2,1	42,29	3,1	31,13	198	99	1
554	16,15	110,106	1,0	52,43	114	99	1
556	2,2	96,76	1,1	9,8	103	99	1
557	78,90	99,94	16,13	84,41	117	99	0.000362764258564
558	66,51	2,0	26,25	2,1	198	99	1
559	10,11	33,45	13,3	9,7	124	99	0.238947123931
560	145,99	7,1	92,49	4,2	198	99	1
561	3,2	111,89	0,0	33,29	198	99	1
564	9,6	53,59	13,4	38,23	198	99	1
565	0,1	424,473	0,0	180,99	103	99	1
566	180,144	5,5	131,62	0,1	130	99	1
567	2,0	13,11	0,0	15,6	111	99	1
568	0,2	0,2	1,0	0,1	110	99	1
569	1,2	3,5	1,0	0,0	126	99	1
570	1,2	3,5	0,1	0,0	115	99	1
571	5,5	784,691	0,0	312,190	198	99	1
572	2,7	26,22	5,1	16,4	198	99	1
573	40,41	20,15	13,7	16,5	118	99	0.237641230134
574	4,11	20,15	2,1	16,5	127	99	0.376138746181
575	4,6	40,36	0,1	11,7	108	99	1
576	1,0	49,58	1,0	25,13	120	99	1
577	11,28	148,121	25,11	39,31	117	99	0.0945362332707
578	20,24	6,5	4,1	0,1	198	99	0.0262197645387
579	36,34	2,1	10,5	0,0	122	99	1
580	185,162	7,5	83,43	3,1	190	99	1
581	4,3	0,0	8,1	0,1	198	99	1
582	71,78	3,3	25,22	2,1	112	99	1
584	2273,2319	3,0	1213,915	0,0	198	99	1
585	0,3	10,3	1,0	3,1	198	99	1
586	84,69	25,24	56,39	13,1	103	99	0.49190764457
588	0,1	24,33	0,1	7,6	198	99	1
589	30,25	5,0	10,6	4,0	198	99	1
590	4,0	40,28	0,0	14,15	198	99	1
591	19,15	375,265	9,3	156,110	116	99	1
593	11,7	824,846	12,6	569,436	198	99	1
594	0,3	78,94	2,0	80,51	103	99	1
595	2,4	0,1	0,4	0,0	103	99	1
596	7,8	72,57	7,1	33,20	102	99	1
597	45,36	11,10	26,19	3,2	115	99	0.577977545487
598	12,3	1,0	3,5	0,0	166	99	1
600	51,78	85,86	35,41	40,21	146	99	0.708036486675
601	28,17	0,0	12,4	2,0	103	99	1
603	75,85	0,1	38,40	0,0	115	99	1
604	1042,1054	0,0	331,199	0,1	198	99	1
605	8,11	5,15	2,3	6,4	198	99	0.545703150297
606	54,51	160,142	54,33	89,60	198	99	1
607	9,12	34,33	7,5	34,25	125	99	1
608	8,9	34,33	5,5	34,25	198	99	1
609	5,7	5,10	4,6	5,3	198	99	1
610	1,1	5,3	0,0	1,0	107	99	1
611	47,62	6,9	29,17	1,1	116	99	1
612	449,351	4,1	183,137	0,0	198	99	1
614	7,10	52,81	8,5	44,21	198	99	1
615	181,152	1,1	56,35	0,0	198	99	1
616	4,8	105,90	8,7	89,64	198	99	1
618	50,46	100,112	11,20	69,62	198	99	1
619	36,36	100,112	7,15	69,62	198	99	1
620	8,0	16,10	3,2	4,5	139	99	0.780942747628
621	12,22	213,190	12,17	70,59	198	99	1
623	212,252	1,2	83,84	0,0	198	99	1
624	87,103	19,8	38,34	6,1	114	99	1
626	29,41	22,13	15,12	12,2	103	99	1
627	5,15	22,6	7,3	1,2	103	99	0.109666701815
628	18,3	19,14	4,0	7,8	120	99	0.434931718196
629	64,33	0,1	24,16	0,0	198	99	1
630	65,44	0,1	27,24	0,0	180	99	1
631	3,2	225,203	5,10	144,84	105	99	1
632	19,18	38,39	11,3	32,12	198	99	1
633	0,0	29,28	3,0	15,13	198	99	1
635	4,2	4,4	3,3	2,3	137	99	0.766037048457
636	0,3	317,264	2,1	159,86	117	99	1
637	312,182	46,44	142,69	25,20	198	99	1
638	216,216	4,5	109,61	10,3	105	99	1
639	93,91	70,61	79,41	68,29	105	99	1
640	4,2	2,2	0,0	1,0	130	99	1
641	329,368	0,0	401,272	0,1	102	99	1
642	157,113	24,16	99,61	9,3	127	99	1
643	16,12	282,284	4,5	195,111	102	99	1
644	11,2	64,68	3,1	51,29	122	99	1
645	5,2	349,373	2,1	237,127	198	99	1
646	1,1	126,96	1,0	36,44	102	99	1
647	4,1	0,1	0,0	4,1	158	99	0.000307800792549
648	2,0	983,1195	1,0	667,457	198	99	1
649	1167,1304	14,16	737,453	16,18	198	99	1
650	391,411	267,292	260,224	115,75	134	99	0.227804569544
652	0,0	66,81	0,2	35,20	108	99	1
654	3,3	4,3	6,0	2,0	198	99	1
655	13,12	4,3	6,3	2,0	198	99	0.251900573664
656	12,9	2,0	1,3	1,0	198	99	1
657	9,11	0,1	7,5	1,0	113	99	1
658	9,21	128,134	24,13	53,27	115	99	0.0325278727027
659	1,3	0,1	2,0	0,0	157	99	1
662	22,36	14,28	2,6	9,5	103	99	0.318566864424
663	1,11	35,39	1,2	12,12	198	99	1
664	47,45	264,214	6,4	127,102	102	99	0.323526994648
665	403,333	60,56	185,124	50,34	198	99	0.757447135645
666	13,6	217,256	8,4	185,98	129	99	1
668	188,244	23,14	81,74	15,20	120	99	0.627016027485
669	4,6	3,2	0,0	3,1	125	99	3.53177711693e-05
670	2,2	12,10	0,0	2,1	198	99	1
672	9,8	12,10	0,4	0,4	198	99	1
673	0,1	4,13	0,0	3,2	118	99	1
674	10,11	10,26	6,0	2,5	198	99	1
676	5,2	1533,1168	5,0	753,423	174	99	1
678	2,0	72,56	0,0	28,17	198	99	1
679	210,201	57,72	73,51	30,31	102	99	1
681	56,64	86,122	5,1	15,15	188	99	0.167219732971
682	456,442	3,1	235,178	2,2	198	99	1
684	6,7	58,40	2,4	38,15	102	99	1
685	101,110	0,1	54,34	0,0	123	99	1
687	1,5	80,41	3,4	29,22	198	99	1
688	7,11	0,2	0,4	5,2	102	99	0.00351228777856
689	3,7	0,0	0,0	6,4	102	99	2.52353693497e-12
690	39,44	9,3	21,21	5,6	198	99	0.769378217981
691	40,46	5,5	55,38	1,0	126	99	1
692	4,3	1,0	2,5	0,0	198	99	1
693	3,0	294,227	1,1	131,69	124	99	1
694	18,14	819,709	11,7	561,293	198	99	1
695	4,4	120,83	2,0	66,44	198	99	1
696	28,22	9,13	29,14	4,2	198	99	0.101958067509
697	20,25	20,21	7,3	8,8	153	99	0.59247554041
698	47,51	3,2	28,20	3,0	198	99	1
699	36,41	0,0	19,14	0,1	173	99	1
700	77,71	3,1	29,25	0,0	185	99	1
701	82,81	25,21	53,25	31,8	120	99	0.868183048867
702	1,0	238,198	0,0	83,54	198	99	1
703	3,2	460,316	3,0	239,115	103	99	1
704	18,14	4,5	22,14	9,6	157	99	1
705	2,5	222,214	2,2	115,71	198	99	1
706	28,14	579,525	16,14	564,434	198	99	1
707	3,2	1,1	0,1	0,0	103	99	1
708	7,5	850,821	2,3	539,313	102	99	1
709	0,0	296,272	1,1	213,114	103	99	1
710	93,86	0,1	61,42	1,0	198	99	1
711	16,21	4,0	15,16	0,0	198	99	1
712	10,15	38,52	18,14	10,7	130	99	8.35684011914e-05
713	11,5	38,52	9,9	10,7	135	99	0.0100983056231
714	3,1	2,11	1,2	10,7	104	99	1
717	3,1	58,29	4,0	13,10	119	99	1
718	62,35	14,2	43,19	4,0	198	99	0.541353286305
719	11,6	123,90	5,1	97,68	102	99	1
720	34,20	102,89	12,7	51,20	198	99	1
721	434,371	13,9	280,163	1,1	144	99	1
723	2,2	1424,1065	1,0	723,389	198	99	1
724	2,3	953,669	13,0	486,256	104	99	1
725	24,17	5,10	14,3	1,0	198	99	0.00139940144747
726	27,31	1,1	21,23	0,0	198	99	1
727	7,6	212,250	9,8	104,87	198	99	1
728	130,85	28,34	69,27	16,14	121	99	1
729	4,3	21,27	2,1	23,7	198	99	1
730	1805,1585	4,13	962,656	15,5	102	99	1
731	907,637	656,513	744,455	157,115	113	99	2.23761043028e-09
732	142,131	8,5	60,44	0,0	198	99	1
734	5,8	0,3	3,1	1,0	108	99	1
735	24,19	17,15	38,26	0,0	122	99	3.96793709001e-13
737	31,20	0,1	16,5	0,0	198	99	1
738	25,18	4,6	11,7	0,1	104	99	0.231289607685
739	180,158	7,4	90,55	5,3	146	99	1
741	10,9	33,26	7,1	8,2	103	99	0.563270491248
742	1,0	2,0	1,1	0,0	103	99	1
743	3,5	109,77	3,1	123,90	103	99	1
746	22,12	16,16	18,7	1,1	104	99	0.000112010715993
747	0,0	13,15	1,0	8,3	138	99	1
749	175,151	6,2	148,86	1,2	120	99	1
751	1,0	72,56	0,0	38,22	198	99	1
753	16,11	30,31	4,5	15,6	128	99	1
754	0,0	1,2	0,1	0,5	105	99	1
755	109,113	154,149	36,38	62,45	198	99	1
756	13,15	45,19	3,2	32,7	198	99	0.440548500045
757	15,10	0,2	16,3	0,0	125	99	1
758	1,3	242,218	0,0	154,142	198	99	1
760	3,2	2,3	1,2	0,1	196	99	0.00681730480258
761	10,8	665,718	0,0	367,239	166	99	1
762	15,28	7,6	13,8	1,0	198	99	0.00156091641635
763	14,25	158,100	17,10	76,25	126	99	1
764	166,114	7,6	77,27	1,0	198	99	1
765	61,56	32,21	37,17	4,1	116	99	0.00606833940666
766	30,14	18,7	23,6	7,3	116	99	0.774190756604
768	45,40	4,1	27,21	2,3	103	99	1
769	21,21	27,51	8,8	7,3	110	99	0.164513146823
770	42,30	304,396	24,22	189,154	198	99	1
771	0,2	249,212	0,0	106,69	103	99	1
772	167,83	46,26	101,40	10,7	198	99	0.169096986846
773	115,106	4,1	80,33	0,0	198	99	1
775	44,20	0,0	15,11	1,0	198	99	1
776	24,14	5,2	10,3	2,0	198	99	0.316768796972
778	0,0	104,86	0,1	73,37	198	99	1
779	82,53	6,1	24,15	0,2	157	99	1
780	185,150	80,71	113,64	48,49	198	99	1
781	14,19	74,82	5,0	34,32	143	99	1
782	19,6	5,2	2,2	4,3	198	99	0.0136190217463
783	1,4	124,87	1,10	52,21	198	99	1
784	17,10	0,0	4,1	1,3	198	99	0.0107695349928
785	4,6	256,271	5,3	137,85	198	99	1
786	19,22	226,229	18,4	124,70	198	99	1
787	225,214	56,54	89,61	19,24	114	99	1
788	95,60	360,225	50,21	164,83	198	99	1
789	20,13	897,551	10,8	440,205	198	99	1
790	57,49	1,0	29,25	0,0	117	99	1
791	92,78	61,58	36,16	65,39	168	99	0.00550026148813
792	143,129	0,0	89,66	3,2	198	99	1
793	62,42	35,35	22,5	14,6	198	99	1
794	149,126	41,50	42,21	28,16	117	99	0.233310201824
795	319,288	151,137	177,102	85,58	120	99	1
796	6,4	116,82	5,2	47,31	118	99	1
797	7,6	307,349	4,1	109,119	198	99	1
800	27,21	83,96	13,4	22,26	139	99	1
801	18,19	8,3	3,1	4,4	168	99	0.0105143740631
802	2,3	49,35	5,6	8,8	104	99	0.00600309800697
803	8,8	1136,996	12,1	595,402	198	99	1
804	7,6	1136,996	12,1	595,402	198	99	1
805	5,4	1,2	7,2	0,0	185	99	0.331176628541
806	145,149	1,0	80,46	14,1	198	99	0.315598534789
807	7,8	308,251	6,3	165,104	198	99	1
808	100,67	5,1	61,30	2,2	105	99	1
809	10,9	313,268	10,6	157,120	104	99	1
810	165,155	17,13	90,72	3,2	107	99	1
811	7,4	1,3	0,3	8,0	144	99	0.35057269854
812	18,14	2653,2303	9,0	1017,697	102	99	1
813	35,11	30,28	17,6	26,4	110	99	1
814	1,0	11,10	3,2	10,0	117	99	0.103989953564
815	137,106	78,55	143,84	35,26	113	99	0.230513827098
817	32,37	476,401	18,21	253,147	103	99	1
818	4,11	2,8	3,2	2,3	198	99	0.703412083107
819	3,5	203,223	3,8	179,132	198	99	1
820	123,122	15,7	67,53	5,3	198	99	1
821	122,127	0,0	66,47	1,0	198	99	1
822	25,14	0,0	5,6	1,0	198	99	1
823	71,63	60,47	39,26	39,12	162	99	1
824	64,92	7,8	28,24	11,3	110	99	0.85726545569
825	14,6	7,8	12,8	11,3	198	99	1
826	14,6	64,92	15,8	28,24	198	99	0.732804406388
827	2,0	38,31	0,0	11,8	132	99	1
828	10,13	5,8	7,1	5,2	119	99	0.866787233214
829	3,6	8,11	0,0	15,5	110	99	0.0305284415275
830	12,20	130,141	3,5	44,33	117	99	1
831	49,50	87,67	3,4	68,31	104	99	7.83896579204e-07
832	134,109	0,1	17,30	0,0	198	99	1
833	10,11	1,0	6,5	0,0	137	99	1
835	88,77	1,2	46,30	2,0	198	99	1
836	0,3	0,0	4,4	0,1	101	99	1
837	108,96	0,0	93,48	1,1	113	99	1
839	2,2	48,32	1,1	11,5	198	99	1
840	0,1	914,885	0,0	453,313	103	99	1
841	4,8	30,11	2,0	11,12	152	99	0.408005588662
842	216,150	690,518	159,58	178,97	117	99	0.0157947529281
843	56,77	69,83	50,29	25,29	198	99	0.846545958727
844	5,3	563,494	5,1	314,208	103	99	1
845	10,7	118,109	20,6	33,27	104	99	0.0622683430975
846	102,82	4,2	26,7	1,0	118	99	1
848	44,49	0,0	34,28	0,1	143	99	1
850	5,3	12,37	0,2	9,3	198	99	1
851	25,45	63,61	26,10	45,28	135	99	1
852	221,201	13,6	108,44	0,1	134	99	1
853	49,48	13,6	23,11	0,1	198	99	0.00297323804309
854	4,4	176,157	6,0	91,33	164	99	1
855	3,0	6,8	0,0	3,1	105	99	1
856	37,32	0,0	32,19	1,0	198	99	1
857	335,283	23,29	165,96	3,0	146	99	1
858	239,212	146,144	243,117	22,13	111	99	4.23583390585e-12
859	234,226	3,6	147,111	1,2	198	99	1
860	898,638	35,40	415,245	28,15	181	99	1
861	11,13	28,21	18,5	1,8	144	99	0.109459435103
862	7,3	26,19	3,0	11,11	198	99	1
863	12,10	2,1	11,9	0,0	120	99	0.615075854875
864	26,17	161,79	14,6	115,78	198	99	1
865	25,16	179,156	15,6	108,60	198	99	1
867	59,77	8,10	35,19	4,4	198	99	1
868	10,11	8,10	7,4	4,4	198	99	1
869	9,8	53,69	7,4	32,16	130	99	1
870	745,528	4,0	473,240	1,0	111	99	1
872	616,652	51,61	235,145	66,39	144	99	0.0116440192166
873	1590,1650	1334,1257	1107,810	767,594	156	99	1
874	3718,3587	0,0	2243,1584	0,1	114	99	1
875	3994,3638	1,0	2618,1730	4,0	117	99	1
876	51,43	34,48	36,15	9,2	125	99	0.0060271445909
877	224,239	47,45	120,79	17,12	198	99	1
878	75,87	5,7	37,30	0,0	191	99	0.736258739174
879	44,34	1,0	24,12	0,1	198	99	1
880	48,32	136,85	22,14	83,31	198	99	1
881	12,7	136,85	12,4	83,31	198	99	1
882	24,20	18,9	13,6	7,6	198	99	1
883	22,15	12,1	12,5	8,3	198	99	0.384073332258
884	18,21	30,21	14,4	3,8	198	99	0.77483571922
886	97,66	2,1	29,9	1,3	138	99	1
887	28,21	2,2	22,11	0,1	123	99	1
888	1,3	1830,1701	4,2	935,581	120	99	1
890	3,2	265,267	0,1	162,102	198	99	1
891	0,0	467,444	5,0	214,157	103	99	1
892	19,15	38,26	11,5	15,15	118	99	1
894	7,6	164,157	6,1	90,53	103	99	1
895	7,6	34,21	4,1	10,4	103	99	1
897	11,12	263,202	6,3	106,54	103	99	1
898	3,1	0,0	3,4	3,0	116	99	1
899	3,2	1136,1019	3,3	526,300	198	99	1
900	0,2	1136,1019	4,1	526,300	198	99	1
901	25,21	744,802	17,9	359,258	198	99	1
902	21,14	744,802	12,7	359,258	198	99	1
903	5,4	6,7	4,4	5,5	198	99	1
904	15,31	7,11	2,4	9,8	103	99	0.00150739475328
905	12,12	6,0	9,8	3,2	198	99	0.796010808436
906	16,22	224,217	17,7	130,110	198	99	1
908	109,65	18,16	53,19	14,8	108	99	1
909	12,8	941,826	4,3	460,322	103	99	1
910	26,33	810,765	20,11	400,195	135	99	1
913	21,16	112,122	37,18	93,53	198	99	1
914	1,0	62,55	4,0	43,30	198	99	1
916	31,19	1,0	6,8	0,0	198	99	1
917	21,21	806,754	5,0	342,255	198	99	1
918	1,0	0,0	0,0	0,1	117	99	1
920	4,9	85,81	2,2	30,26	198	99	1
921	15,21	398,387	17,4	218,127	198	99	1
922	6,8	127,126	2,2	51,34	198	99	1
923	68,51	156,116	58,30	30,22	105	99	6.68164087528e-05
924	11,3	0,0	4,2	1,0	163	99	1
926	0,4	108,113	1,1	83,45	138	99	1
928	3,1	22,15	3,1	18,7	130	99	1
929	11,8	0,1	3,9	0,0	198	99	1
930	1,1	2942,2944	2,1	1731,1240	139	99	1
931	59,32	3012,2848	63,39	2045,1292	117	99	1
932	37,22	0,2	6,7	0,0	198	99	1
933	236,158	66,36	57,31	67,31	122	99	7.29443559999e-07
934	15,12	11,19	6,14	1,2	103	99	0.00306726311391
935	369,300	2,0	258,152	2,1	198	99	1
937	16,29	17,15	5,7	12,9	131	99	0.259850340145
939	206,229	0,1	87,118	0,0	198	99	1
940	14,15	0,3	6,2	7,8	110	99	8.69542966266e-05
942	91,98	0,0	84,53	0,2	198	99	1
943	2,6	3,3	2,1	5,2	198	99	0.454213283006
944	11,14	0,3	23,14	0,0	135	99	1
945	11,16	164,196	24,14	97,60	135	99	1
946	731,632	36,41	414,262	3,5	138	99	1
947	14,17	155,136	17,12	152,100	123	99	1
948	212,141	0,1	160,98	0,0	103	99	1
949	6,2	138,128	5,2	90,39	198	99	1
950	17,14	1,0	30,12	0,1	198	99	1
951	76,46	16,13	7,12	18,3	111	99	0.26928726759
952	0,0	52,44	1,0	12,9	198	99	1
953	2,2	84,67	0,0	66,31	103	99	1
954	54,66	1,0	33,9	4,1	128	99	1
955	24,36	2,0	22,12	0,1	198	99	1
956	596,575	9,2	352,239	1,0	122	99	1
957	147,114	0,4	72,55	0,0	122	99	1
960	98,79	1757,1614	72,33	1040,702	198	99	1
961	94,79	1757,1614	55,29	1040,702	198	99	1
962	90,60	16,13	47,43	23,10	198	99	0.640905664675
963	1,1	13,6	0,0	0,1	132	99	1
964	11,16	0,0	4,1	0,1	198	99	1
965	16,16	235,224	14,13	199,98	160	99	1
966	9,4	449,323	9,7	256,136	198	99	1
967	101,71	102,82	38,21	84,42	198	99	0.430105770859
968	58,62	18,28	31,14	11,2	159	99	1
969	273,272	106,111	151,82	86,65	198	99	0.546415451689
970	3,0	12,14	0,1	7,2	121	99	1
974	12,1	26,29	1,2	16,5	141	99	1
975	0,0	101,86	0,1	24,22	105	99	1
976	61,75	3,3	52,32	0,0	104	99	1
977	1,1	21,27	0,0	16,8	108	99	1
978	4,0	25,19	2,3	24,5	124	99	1
979	5,1	1,0	1,1	0,0	198	99	1
980	7,1	227,140	0,0	122,73	103	99	1
982	24,33	5,0	14,14	1,0	198	99	1
983	833,805	6,5	156,165	0,0	132	99	1
984	8,7	0,0	11,0	0,2	181	99	0.561786285869
985	194,157	3,1	85,51	3,0	109	99	1
988	17,17	41,33	4,1	31,16	166	99	0.112644024599
989	1,3	7213,7208	1,2	4764,3537	103	99	1
990	4,2	613,548	4,1	337,191	198	99	1
991	1,4	613,548	4,2	337,191	198	99	1
992	1,0	24,16	1,0	25,11	117	99	1
993	1,3	301,336	4,4	120,90	108	99	1
994	2,4	27,38	1,2	16,13	198	99	1
995	13,19	1,1	8,4	0,2	198	99	1
998	0,0	2201,2202	1,0	1122,635	103	99	1
1000	1,2	48,52	2,2	57,37	198	99	1
1001	46,44	52,81	10,17	36,24	138	99	1
1002	0,0	78,67	1,1	33,18	198	99	1
1004	1,4	2,12	0,0	6,2	127	99	0.887618844808
1006	7,5	38,26	25,19	65,37	110	99	0.415771343589
1007	1376,1220	19,50	984,574	25,31	123	99	1
1008	1,1	3204,2766	0,0	1465,1091	198	99	1
1009	9,9	0,2	2,5	0,0	198	99	1
1010	14,14	487,471	5,6	175,137	198	99	1
1012	32,21	40,25	14,10	5,4	111	99	0.0425016439153
1013	350,212	7,8	203,99	14,3	140	99	1
1016	382,141	1,3	245,117	0,0	143	99	1
1017	130,148	28,40	68,42	5,3	117	99	0.132910397103
1018	5,4	41,42	3,2	6,12	198	99	1
1019	83,85	23,15	57,50	1,2	104	99	0.0201671175933
1020	106,109	2,4	90,56	0,0	155	99	1
1021	3,0	18,41	1,0	23,8	119	99	1
1022	0,1	105,85	0,1	59,35	102	99	1
1023	12,5	20,15	9,3	21,8	102	99	1
1024	200,199	7,3	102,47	1,0	198	99	1
1025	1,5	3500,3627	2,0	2084,1451	198	99	1
1026	61,54	1,0	26,18	1,0	198	99	1
1027	125,107	12,4	85,41	6,1	198	99	1
1028	2,13	54,47	1,5	40,18	113	99	1
1029	3,8	0,2	2,3	0,0	198	99	1
1030	7,11	68,79	15,10	38,23	198	99	0.82522752756
1032	3,6	9,6	5,2	5,6	198	99	1
1035	0,2	9,10	2,0	6,5	198	99	1
1037	5,7	6,7	5,8	0,0	198	99	8.01443245102e-10
1038	63,57	0,1	47,40	0,0	103	99	1
1039	117,96	24,13	50,23	17,6	146	99	0.881881659545
1040	6,7	131,100	3,0	77,37	198	99	1
1041	155,113	1,5	42,34	4,1	198	99	1
1042	46,61	6,2	23,30	0,1	104	99	1
1044	0,0	21,15	0,3	12,10	103	99	1
1046	13987,9346	14697,9854	15015,9096	5256,3195	110	99	1.64522839796e-11
1047	89,46	2,4	7,4	11,12	105	99	1.64094737798e-10
1048	4,5	0,0	0,0	1,0	105	99	1
1049	51,44	17,20	27,15	11,6	198	99	1
1050	17,13	5,3	9,0	0,4	166	99	0.794450080353
1051	7,4	263,265	2,3	133,71	198	99	1
1052	0,0	60,67	2,0	42,14	117	99	1
1053	14,6	0,1	12,0	1,0	126	99	1
1055	210,213	2,4	116,67	0,1	198	99	1
1056	1,0	72,49	0,5	30,16	198	99	1
1057	2,3	95,109	0,1	76,24	198	99	1
1059	4,0	85,99	0,3	66,33	103	99	1
1061	56,35	1,0	17,12	0,0	128	99	1
1062	11,5	20,18	2,1	20,16	158	99	0.210762392018
1064	54,53	74,82	6,9	53,28	180	99	0.0240538554491
1065	0,1	33,17	0,0	8,5	183	99	1
1066	159,128	13,6	100,102	5,2	198	99	1
1067	5,7	16,11	13,13	13,9	198	99	0.2513217047
1068	46,30	54,52	48,38	8,5	111	99	6.27778706797e-09
1069	5,2	33,23	5,1	0,6	111	99	0.13702564078
1070	40,56	62,74	33,25	50,32	115	99	1
1071	2,0	57,42	0,0	17,21	106	99	1
1072	99,120	39,35	63,44	14,10	149	99	1
1074	5,1	533,390	8,0	257,145	103	99	1
1075	7,3	508,487	1,3	248,187	198	99	1
1076	2,6	130,118	3,0	82,44	198	99	1
1077	13,36	4,6	10,8	0,0	198	99	0.0166480246129
1078	29,43	18,14	22,11	5,2	170	99	0.356249472593
1079	4,5	4,4	2,0	1,1	136	99	0.179202513486
1081	0,6	92,72	1,4	34,21	198	99	1
1084	0,0	343,252	0,1	148,111	198	99	1
1085	29,43	3,1	8,16	0,0	139	99	1
1086	0,9	7,1	2,2	7,0	198	99	0.848818307175
1087	4,13	130,165	5,2	44,36	198	99	1
1088	11,10	130,165	11,2	44,36	198	99	1
1089	1,0	2,3	1,0	1,0	198	99	1
1090	2,5	116,105	3,2	52,22	198	99	1
1091	3,3	18,22	1,0	20,10	198	99	1
1092	4,8	116,105	3,2	52,22	198	99	1
1093	17,23	814,565	5,2	292,174	105	99	1
1094	12,9	5,1	4,1	0,1	103	99	0.00885264493906
1095	46,36	82,83	34,28	41,21	183	99	0.449291158716
1096	3,2	15,22	4,1	14,4	127	99	1
1097	31,37	132,111	27,11	55,51	198	99	1
1098	46,41	3,0	12,10	13,7	126	99	3.41087811773e-07
1099	54,72	65,77	33,17	29,30	198	99	1
1100	301,233	0,0	183,135	0,1	198	99	1
1101	85,75	1,4	26,25	0,0	175	99	1
1103	53,77	2,6	23,24	0,0	118	99	1
1104	304,316	434,553	117,95	228,129	198	99	1
1106	25,30	28,31	17,8	9,6	198	99	0.715129263468
1107	76,60	6,6	25,23	5,1	114	99	1
1108	266,250	5,0	146,104	1,4	109	99	1
1109	17,6	0,0	17,9	4,2	109	99	0.625559193097
1110	33,17	85,50	25,12	32,29	156	99	1
1111	8,8	3,9	3,3	2,2	149	99	1
1112	47,48	10,25	52,50	7,2	107	99	0.0851600323581
1113	11,17	24,21	16,12	0,4	107	99	0.000146739729916
1115	14,14	2,1	1,0	2,2	129	99	3.44344115568e-05
1116	4,2	144,151	2,0	58,31	198	99	1
1117	10,4	319,304	1,3	154,82	103	99	1
1118	31,25	231,243	10,11	209,109	198	99	1
1119	4,3	293,256	2,0	184,117	132	99	1
1120	9,10	0,3	5,2	13,1	117	99	0.00666121977092
1121	13,8	0,4	14,2	0,0	198	99	0.692000705636
1122	5,3	0,4	25,2	0,0	198	99	0.402098554597
1123	31,26	3,2	20,9	0,1	154	99	1
1124	9,3	11,13	4,1	5,1	152	99	0.766107424301
1126	4,2	186,182	1,1	118,70	198	99	1
1127	14,10	353,292	12,7	118,80	103	99	1
1128	18,10	2,0	4,3	1,0	102	99	1
1129	34,30	103,86	19,15	39,11	111	99	0.433799177051
1130	13,12	97,90	9,0	46,26	198	99	1
1132	103,67	1,0	33,24	0,0	118	99	1
1133	105,109	165,159	47,43	73,35	102	99	1
1135	74,67	1,3	46,33	2,3	146	99	1
1136	0,1	398,351	6,3	292,162	198	99	1
1137	17,24	120,66	18,17	42,30	103	99	0.513448271841
1138	179,103	650,474	44,22	508,309	116	99	0.48414055185
1139	89,49	16,6	36,20	2,2	198	99	0.551340423957
1140	135,70	36,37	57,31	50,14	198	99	0.525561271136
1141	71,31	36,37	25,15	50,14	116	99	0.476449851055
1142	3,1	5,0	1,1	2,0	110	99	0.524625561366
1146	127,136	8,2	44,47	6,4	127	99	1
1147	639,569	7,1	360,217	12,3	198	99	1
1148	17,12	51,80	2,9	37,26	198	99	1
1150	8,5	28,6	0,3	5,3	105	99	0.733145725117
1152	2,5	6,6	0,0	3,1	111	99	0.0508373023868
1153	5,0	15,12	0,0	7,5	111	99	1
1154	12,11	3257,2592	15,6	2375,1429	103	99	1
1155	702,610	1,0	362,252	0,0	198	99	1
1156	69,46	268,257	30,16	165,121	182	99	1
1157	11,9	0,3	0,0	5,3	106	99	5.36237720894e-13
1160	96,74	30,55	61,36	48,21	175	99	1
1161	2,2	686,613	3,1	317,216	198	99	1
1162	23,6	4,6	4,6	2,1	198	99	0.952162763627
1163	284,198	174,107	159,66	96,64	142	99	1
1164	413,312	24,17	241,110	13,7	181	99	1
1165	490,371	1,1	282,129	0,0	196	99	1
1166	305,221	24,17	178,108	13,7	138	99	1
1167	382,280	1,1	219,127	0,0	153	99	1
1168	101,76	1,1	54,26	0,0	114	99	1
1169	0,2	26,22	0,1	6,6	198	99	1
1170	17,24	9,9	14,15	0,0	116	99	6.0335037562e-05
1171	4,0	179,182	0,0	118,73	103	99	1
1173	84,60	30,25	42,36	18,12	143	99	1
1174	26,10	74,72	16,15	84,81	198	99	1
1175	3,1	5,4	2,5	6,4	198	99	1
1178	9,9	98,109	5,0	47,29	198	99	1
1181	86,66	2,0	54,26	3,0	198	99	1
1182	30,16	0,1	16,4	0,1	198	99	1
1183	1,0	4,3	0,5	1,5	103	99	0.347820540674
1184	8,5	246,220	5,0	125,111	102	99	1
1185	4,1	760,693	5,2	352,251	159	99	1
1186	3,1	75,56	0,0	39,25	103	99	1
1187	7,12	55,41	7,1	17,11	126	99	1
1189	200,167	6830,5229	128,94	4003,2495	106	99	1
1191	3,10	4582,4063	4,2	2739,1952	103	99	1
1192	0,1	47,54	0,0	28,20	156	99	1
1193	28,14	0,1	17,12	3,4	175	99	0.0604507690709
1194	3,4	60,66	1,0	16,15	198	99	1
1195	36,39	56,59	47,31	4,3	111	99	9.38249478111e-13
1196	4,4	47,38	8,6	21,17	103	99	0.235765390195
1197	102,89	2,0	30,19	0,0	198	99	1
1198	154,144	322,302	224,131	60,16	111	99	0
1199	95,46	15,7	44,8	33,26	105	99	0.000400019523482
1200	25,8	7,6	5,8	6,5	126	99	0.550979308999
1201	26,8	0,1	5,6	4,4	198	99	3.28941689807e-05
1202	24,11	9,15	6,7	7,4	198	99	1
1203	10,6	0,1	7,5	4,4	198	99	0.000370752073878
1204	8,9	9,15	8,6	7,4	198	99	0.782932773088
1205	0,4	9,15	5,5	7,4	135	99	0.0569867983674
1206	12,30	1,0	10,8	0,0	198	99	1
1207	1,3	88,102	1,4	47,38	103	99	1
1208	60,65	50,32	43,23	39,14	198	99	1
1210	1346,1326	1,0	448,264	0,2	198	99	1
1211	4,1	3,1	4,2	0,0	150	99	0.0204503468959
1212	54,30	56,47	16,21	44,23	103	99	1
1215	0,1	8,5	0,0	1,2	180	99	1
1216	50,48	27,13	43,36	20,19	198	99	1
1217	36,33	171,121	19,8	72,44	198	99	1
1218	0,2	109,114	0,2	51,34	198	99	1
1219	15,22	0,0	12,15	0,1	198	99	1
1220	1,3	20,29	2,0	11,7	198	99	1
1221	1,1	2,4	1,2	1,1	107	99	0.079470106067
1222	46,46	67,59	36,21	50,27	198	99	1
1223	5,0	223,238	2,0	122,51	198	99	1
1224	6,3	457,427	2,4	201,128	103	99	1
1225	11,14	420,399	2,3	212,117	198	99	1
1226	2,1	352,326	1,3	181,142	103	99	1
1227	211,128	64,77	241,136	40,13	198	99	0.0138743477134
1229	0,0	145,94	1,0	51,38	102	99	1
1232	7,12	63,102	19,23	41,29	198	99	0.0469302247552
1233	3,2	431,465	0,0	183,130	198	99	1
1234	196,176	81,79	93,75	64,40	198	99	1
1236	20,19	7,7	8,9	1,3	174	99	0.670487764529
1237	28,67	2,0	17,10	0,0	102	99	1
1238	109,90	7,10	42,29	1,0	198	99	0.432019221278
1239	2,6	2,0	3,1	0,0	120	99	1
1240	5,3	3,1	4,4	6,11	103	99	0.081282256718
1241	53,77	104,123	21,17	60,35	140	99	1
1243	20,8	116,71	5,2	59,36	198	99	1
1245	2,5	130,121	1,0	55,52	198	99	1
1246	5,7	4,6	4,2	6,4	198	99	0.649316058432
1247	4,2	216,197	4,3	99,93	198	99	1
1248	7,8	216,197	9,7	99,93	198	99	1
1250	4,2	99,60	0,1	43,38	168	99	1
1251	61,52	9,13	25,17	4,5	122	99	1
1252	1,2	3,0	3,0	0,0	198	99	1
1253	2,3	37,24	1,0	4,8	198	99	1
1254	5,3	37,24	1,0	4,8	198	99	1
1255	18,4	984,907	26,21	892,572	198	99	1
1257	5,7	301,318	5,1	175,100	198	99	1
1259	113,131	3,0	38,17	0,0	163	99	1
1260	29,29	100,103	20,14	51,28	149	99	1
1261	23,16	1,2	12,10	1,0	149	99	1
1262	203,157	1,2	107,41	1,0	198	99	1
1263	188,146	3,0	97,34	0,0	198	99	1
1265	4,5	0,2	2,2	2,1	143	99	0.134799014381
1266	13,14	43,22	5,3	19,16	148	99	1
1267	46,49	1,0	30,13	0,0	198	99	1
1268	2,0	15,11	1,0	10,5	131	99	1
1269	12,9	5,7	3,5	5,6	198	99	0.3454300312
1270	13,13	64,49	11,13	39,11	163	99	0.790310845727
1271	277,226	8,3	122,66	1,0	105	99	1
1272	304,219	748,573	123,73	403,198	102	99	1
1274	3,8	2,0	8,0	0,0	114	99	1
1275	6,9	6,3	3,0	0,1	121	99	0.0536043234417
1276	5,2	13,14	0,0	8,2	198	99	1
1277	99,95	0,0	33,20	1,0	198	99	1
1278	0,1	14,14	0,0	5,4	108	99	1
1279	12,24	2,0	17,2	0,0	126	99	1
1280	21,15	480,562	10,4	222,171	198	99	1
1281	31,30	116,105	13,8	69,46	198	99	1
1282	506,442	88,81	326,226	45,29	123	99	1
1283	3,1	102,86	2,1	28,19	198	99	1
1284	8,11	8,0	11,4	0,0	170	99	0.346166717625
1285	14,19	8,0	17,8	0,0	198	99	0.395842467387
1287	18,19	1,5	28,10	1,0	198	99	0.303607580209
1288	6,5	318,217	4,1	165,87	198	99	1
1289	16,9	1,1	5,3	0,0	198	99	1
1290	8,3	69,65	6,5	47,28	198	99	1
1294	0,2	124,127	0,0	73,42	103	99	1
1295	282,265	4,1	160,91	0,0	186	99	1
1296	7,4	20,14	2,1	5,3	137	99	1
1297	98,90	657,607	14,21	343,232	198	99	1
1299	30,27	369,193	43,14	169,68	198	99	1
1300	2,3	1,0	0,1	0,1	103	99	1
1301	20,24	558,488	24,17	237,184	104	99	1
1304	35,36	64,62	20,9	36,25	143	99	1
1307	1,0	9,8	0,0	2,0	198	99	1
1308	4,3	711,715	2,1	367,279	102	99	1
1312	7,4	199,200	7,1	140,84	192	99	1
1313	0,1	185,170	0,0	101,74	114	99	1
1315	1,3	2,1	1,0	0,0	143	99	1
1317	28,48	12,15	17,5	9,6	102	99	0.631797075321
1318	0,9	7,14	0,0	5,1	173	99	0.72366065048
1319	10,6	50,40	6,4	26,17	114	99	1
1320	77,27	10,1	43,20	1,0	111	99	1
1322	6,4	29,41	0,5	28,8	181	99	1
1323	3,0	0,0	1,0	0,1	162	99	1
1324	25,24	90,87	18,8	37,34	198	99	1
1325	1,4	76,79	0,0	37,15	102	99	1
1327	2,0	582,569	2,2	342,262	102	99	1
1329	3,3	255,255	1,3	142,102	116	99	1
1330	20,40	110,81	14,18	55,31	116	99	1
1331	186,136	2,7	92,52	3,2	140	99	1
1332	5,8	183,153	3,1	103,59	198	99	1
1335	0,6	118,101	0,2	79,37	138	99	1
1336	1,2	136,131	1,0	65,46	108	99	1
1337	1,0	36,21	0,0	16,4	198	99	1
1338	15,28	12,10	7,5	3,3	123	99	1
1340	5,6	98,83	0,0	39,17	180	99	1
1341	6,7	1008,1114	6,1	506,416	198	99	1
1342	7,4	39,29	10,4	28,11	198	99	1
1345	2,0	10,13	0,0	5,5	198	99	1
1346	35,23	482,331	8,2	257,122	198	99	1
1347	16,29	0,3	7,9	0,0	117	99	1
1348	12,22	23,32	4,1	8,3	129	99	1
1349	5,7	0,0	1,0	2,0	105	99	1
1351	101,89	1,0	54,16	0,0	198	99	1
1352	4,3	7,4	3,3	0,1	198	99	0.0010221700399
1353	3,3	3,0	0,0	3,0	126	99	1
1354	9,15	286,279	12,8	191,90	198	99	1
1355	9,12	286,279	15,8	191,90	198	99	1
1356	1,5	1,6	3,0	0,0	198	99	1
1357	13,16	95,95	6,1	80,50	198	99	1
1358	13,19	95,95	3,1	80,50	142	99	1
1359	12,14	9,8	3,1	2,4	142	99	0.327511902668
1360	133,205	65,73	108,65	62,30	120	99	1
1361	4,6	51,63	0,0	17,19	198	99	1
1364	12,15	252,221	8,5	126,94	198	99	1
1365	5,0	3,0	3,3	0,0	147	99	1
1366	59,37	42,47	18,20	11,5	103	99	0.265144574758
1367	36,38	103,94	32,10	103,72	124	99	1
1368	8,6	119,81	7,3	75,28	198	99	1
1369	3,2	28,17	0,0	14,5	198	99	1
1370	2,4	73,67	0,2	31,8	198	99	1
1374	40,30	72,63	28,17	58,28	161	99	1
1375	4,0	195,161	2,1	132,69	138	99	1
1376	15,14	171,113	7,6	54,38	198	99	1
1378	3,9	83,78	5,4	30,27	198	99	1
1379	257,208	2,5	117,56	0,1	177	99	1
1380	109,97	55,52	52,39	46,24	111	99	1
1381	19,15	18,6	18,9	0,0	122	99	8.26068493054e-07
1382	41,42	524,554	93,52	161,96	136	99	6.39886232889e-09
1383	10,1	565,452	2,1	359,168	126	99	1
1385	6,11	2,1	6,1	0,0	115	99	1
1386	59,51	1,0	17,17	0,0	198	99	1
1388	301,241	7,4	177,134	0,0	198	99	1
1390	2,1	48,65	0,0	24,21	198	99	1
1391	3,1	181,165	0,0	84,79	135	99	1
1392	1,2	150,143	2,0	80,57	165	99	1
1394	34,11	160,142	9,9	100,65	198	99	1
1395	114,111	0,0	43,28	1,1	102	99	1
1396	13,11	176,134	6,2	105,70	198	99	1
1397	4,4	112,113	1,4	96,58	198	99	1
1398	37,35	71,106	10,19	44,24	198	99	1
1399	1,1	7,11	1,0	7,3	172	99	1
1401	35,29	7,2	15,17	0,0	110	99	0.942275662126
1402	12,13	132,141	0,1	25,20	198	99	1
1403	219,197	208,179	166,101	151,102	118	99	1
1405	144,176	0,0	145,99	0,1	150	99	1
1406	6,6	0,0	2,3	1,1	111	99	0.274203034719
1408	2,6	284,299	1,1	146,108	198	99	1
1409	4,0	0,1	1,2	1,0	144	99	1
1411	37,23	73,84	28,12	87,52	103	99	1
1412	0,2	3,4	0,1	4,2	109	99	1
1413	0,1	1,0	1,1	0,3	144	99	1
1414	298,236	178,217	144,90	147,83	198	99	1
1415	186,150	118,137	94,69	37,28	198	99	0.228168786594
1416	16,28	0,3	13,11	0,0	174	99	1
1417	4,2	22,26	2,3	24,12	103	99	1
1418	0,0	277,246	0,2	115,78	126	99	1
1419	54,65	1658,1862	29,34	1186,763	101	99	1
1420	8,8	67,68	1,0	30,28	121	99	1
1421	2,1	3,3	1,0	0,0	103	99	1
1423	32,52	46,45	4,5	25,12	198	99	0.0347304617617
1424	13,5	1,0	8,7	0,0	198	99	1
1425	13,13	1,3	9,7	0,0	127	99	0.829602150312
1426	8,6	7,5	15,6	2,1	142	99	0.0172050922603
1428	21,23	4,0	11,8	0,3	198	99	1
1429	17,21	12819,11983	4,6	6213,5546	104	99	1
1430	23,9	12819,11983	5,1	6213,5546	198	99	1
1431	24,9	12819,11983	5,1	6213,5546	198	99	1
1432	26,9	12819,11983	5,1	6213,5546	198	99	1
1433	23,10	17,21	6,1	4,6	198	99	1
1434	24,10	17,21	6,1	4,6	198	99	0.964400381644
1435	26,10	17,21	6,1	4,6	198	99	0.919944620307
1438	18,13	1,0	1,0	0,0	198	99	1
1439	90,89	13485,12291	50,43	7129,5063	103	99	1
1440	90,89	1,3	50,43	0,3	103	99	1
1441	39,44	14,13	18,15	4,2	133	99	0.706326787607
1442	36,48	5816,5382	8,17	2880,1621	103	99	1
1448	2,3	6,9	3,1	2,0	123	99	0.0508340200149
1449	0,0	5,8	1,1	0,1	126	99	0.00546227922635
1450	34,21	62,94	17,7	30,22	117	99	1
1451	57,40	0,1	20,20	0,0	103	99	1
1452	10,12	139,148	5,1	44,33	198	99	1
1454	7,1	3,0	7,1	1,1	112	99	1
1455	2,1	1,0	2,2	0,1	153	99	1
1456	24,10	111,98	9,1	53,42	119	99	1
1457	2653,2195	4,3	1820,929	3,3	105	99	1
1458	0,1	1497,1423	1,2	1004,582	198	99	1
1459	5,1	276,161	2,1	136,78	111	99	1
1460	50,28	122,61	18,13	70,38	129	99	1
1461	219,200	0,0	202,114	1,0	198	99	1
1462	327,339	6,2	171,98	5,4	136	99	1
1463	225,215	184,173	135,80	100,58	198	99	1
1464	13,4	165,98	1,0	84,31	198	99	1
1465	22,18	1,3	5,4	0,1	141	99	1
1466	146,189	9,16	78,52	3,2	198	99	1
1467	0,0	86,79	0,1	38,20	198	99	1
1468	71,55	0,2	31,22	0,0	198	99	1
1469	46,71	4,2	21,19	1,0	136	99	1
1470	45,53	4,2	28,19	1,0	157	99	1
1471	13,14	14,32	10,9	3,9	120	99	0.252388160623
1473	8,8	381,342	13,10	188,123	105	99	1
1474	11,0	51,41	0,1	22,15	198	99	1
1475	58,58	9,15	32,24	3,1	113	99	0.555888764153
1476	4,7	123,146	4,0	95,48	103	99	1
1477	10,10	4,5	10,2	1,0	198	99	0.0018324562406
1479	13,3	41,24	7,10	42,27	198	99	1
1480	12,1	288,284	4,1	178,95	198	99	1
1482	114,97	0,1	24,11	0,1	198	99	1
1483	58,65	2498,2386	29,16	1545,1026	103	99	1
1485	33,31	0,2	6,7	0,0	198	99	1
1486	56,41	4,1	9,8	0,0	184	99	1
1487	23,18	2625,2507	16,7	1670,1136	198	99	1
1489	189,163	0,1	129,82	0,0	198	99	1
1491	7,3	71,92	7,6	38,30	198	99	1
1492	3,2	167,156	0,0	100,46	103	99	1
1493	78,83	0,0	40,26	4,4	121	99	0.686080004245
1494	83,115	1799,1701	35,24	874,603	198	99	1
1495	203,202	5,4	126,81	3,2	171	99	1
1497	0,0	234,242	1,0	135,72	198	99	1
1498	168,98	15,11	81,34	4,1	112	99	1
1500	247,229	4,0	74,69	6,0	123	99	1
1501	3,6	65,80	10,7	14,15	135	99	0.0124040517506
1502	7,2	591,641	5,3	454,274	198	99	1
1504	7,2	542,319	3,6	224,120	156	99	1
1505	5,4	39,23	5,3	10,0	139	99	0.0968813464839
1506	1,0	187,174	4,1	113,62	104	99	1
1507	158,167	27,28	88,56	19,12	114	99	1
1508	6,8	3,3	5,1	3,1	121	99	0.870888920383
1509	10,3	197,137	2,1	92,47	198	99	1
1510	4,6	80,45	0,1	36,18	123	99	1
1512	4,3	177,244	3,0	106,52	198	99	1
1513	29,25	492,410	11,8	240,155	198	99	1
1514	25,27	492,410	12,9	240,155	198	99	1
1515	5,8	4,2	2,2	1,0	117	99	0.0672488462719
1517	29,22	5,2	18,6	0,0	122	99	0.740132299661
1518	6,3	58,56	0,0	19,8	198	99	1
1520	2,7	123,118	16,10	70,30	198	99	1
1521	10,3	46,34	0,1	30,24	103	99	0.821360718075
1522	181,134	3,2	153,116	13,5	104	99	1
1524	2,0	1,3	2,3	0,3	198	99	0.0913694640497
1525	3,1	15,17	1,1	4,0	169	99	1
1526	11,9	58,60	5,6	16,8	124	99	0.662417094508
1527	2,3	105,120	1,0	57,52	198	99	1
1528	6,4	3,8	6,7	4,1	146	99	0.298155410329
1529	4,1	3,8	11,6	4,1	175	99	0.017028046577
1530	3,0	5,3	6,2	1,3	128	99	0.0760136431683
1531	3,1	28,27	1,1	16,20	198	99	1
1532	0,2	72,85	3,2	43,37	198	99	1
1533	76,73	3,9	59,54	0,0	104	99	1
1534	9,13	107,88	11,5	32,30	198	99	1
1535	75,73	77,65	54,23	26,27	111	99	1
1537	8,3	19,10	0,0	11,4	198	99	0.60364555332
1539	18,38	156,117	10,10	103,72	171	99	1
1540	179,166	2,2	100,93	1,1	198	99	1
1541	3,8	226,219	2,0	79,50	198	99	1
1542	12,7	242,257	0,3	87,71	198	99	1
1543	842,642	136,186	546,279	106,54	198	99	1
1544	985,911	35,34	513,267	18,12	102	99	1
1545	494,390	821,667	169,103	484,245	102	99	1
1546	445,328	0,1	182,118	0,0	198	99	1
1547	2,4	89,45	4,2	36,17	198	99	1
1548	17,24	122,158	5,5	66,39	198	99	1
1549	2,3	178,144	0,0	73,36	107	99	1
1550	2,0	6,0	1,2	4,4	111	99	1
1551	1,2	135,110	1,1	59,39	104	99	1
1552	1,2	2,0	1,0	0,0	104	99	1
1553	94,73	2,0	56,37	0,0	198	99	1
1554	5,5	3,5	4,0	0,2	198	99	1
1555	5,4	0,1	0,0	1,0	153	99	1
1556	1,2	3,5	5,0	0,2	155	99	0.63302527603
1557	78,84	152,132	103,61	54,21	114	99	3.97740620728e-06
1559	0,4	2,1	0,1	0,4	120	99	1
1560	2,2	1,0	0,0	0,7	110	99	1
1561	3,2	147,137	0,0	51,25	198	99	1
1562	2,0	147,137	0,7	51,25	198	99	1
1564	25,14	93,55	10,10	56,33	198	99	1
1565	11,11	2,2	5,0	1,1	183	99	0.350129517039
1568	3,0	2,0	1,1	0,0	103	99	1
1569	226,133	2501,2163	145,111	1794,1172	198	99	1
1570	0,1	86,62	0,1	43,17	162	99	1
1571	4,2	80,50	2,3	10,12	198	99	1
1572	74,83	5,1	25,20	0,0	198	99	1
1573	53,65	111,89	22,16	42,43	198	99	1
1574	3,2	74,44	3,0	13,19	198	99	1
1575	3,0	74,44	3,0	13,19	198	99	1
1578	25,17	145,118	7,6	54,45	117	99	1
1579	30,34	3,8	32,9	5,1	198	99	1
1580	1,2	42,34	3,0	11,19	198	99	1
1581	8,2	1,3	1,2	0,1	198	99	0.0767934149631
1582	33,20	76,90	13,4	41,37	198	99	1
1583	6,5	0,0	13,4	1,0	174	99	1
1584	50,78	54,49	51,33	38,23	164	99	1
1587	81,59	4,2	43,28	1,0	162	99	1
1588	7,2	107,93	1,0	41,41	198	99	1
1589	61,56	49,43	21,6	20,19	103	99	0.431464403898
1590	1,1	215,172	0,1	157,113	117	99	1
1591	2,2	137,159	2,2	85,66	159	99	1
1592	100,91	0,1	55,55	2,2	198	99	1
1593	244,154	13,19	181,95	6,2	198	99	1
1597	21,1	1,1	7,0	0,0	198	99	1
1599	24,21	11,7	13,9	7,4	102	99	1
1600	4,11	278,239	3,4	123,89	198	99	1
1601	27,24	5,0	3,4	0,0	105	99	1
1603	12,2	14,14	5,4	5,2	198	99	0.523159405325
1604	10,4	7,7	5,1	7,7	198	99	0.497547763616
1605	15,17	7,7	7,2	7,7	130	99	0.0748713305345
1606	6,10	159,145	10,6	148,80	102	99	1
1607	1,1	0,1	1,0	0,0	103	99	1
1608	2,4	4,0	0,0	2,3	103	99	0.00589743717168
1611	66,66	112,110	38,21	76,42	194	99	1
1612	88,73	112,110	39,22	76,42	198	99	1
1613	115,96	55,58	41,31	24,19	198	99	1
1614	2,2	237,207	8,2	106,59	144	99	1
1615	2,1	40,30	3,7	15,6	131	99	0.121364353168
1616	91,114	7,9	28,36	6,6	123	99	1
1619	68,60	0,0	29,18	0,1	141	99	1
1620	2,0	27,25	0,0	11,8	171	99	1
1621	618,547	0,0	313,223	1,0	198	99	1
1622	8,13	1,0	14,9	0,0	198	99	1
1623	532,456	0,1	279,173	0,0	108	99	1
1624	2,6	4734,5464	1,0	2808,1823	103	99	1
1625	92,82	66,75	48,29	21,13	198	99	0.408447447756
1626	150,183	43,49	114,71	3,4	168	99	2.27488489235e-05
1628	1,5	371,258	1,0	160,95	198	99	1
1629	1927,1790	8,3	333,273	0,1	171	99	1
1630	2,7	744,592	8,1	383,206	104	99	1
1633	193,147	4,3	128,55	6,1	102	99	1
1634	1,0	67,57	0,1	54,21	103	99	1
1635	3,3	76,45	4,2	26,9	198	99	1
1637	20,18	0,1	9,6	0,0	198	99	1
1638	47,45	13,10	17,21	2,1	198	99	0.0954225323631
1639	52,38	0,0	16,27	1,2	198	99	1
1640	2,0	77,70	0,0	37,17	198	99	1
1644	64,36	325,214	37,19	154,88	198	99	1
1645	10,7	55,32	1,1	35,17	120	99	0.60564558173
1646	36,42	1197,1445	14,13	474,467	198	99	1
1647	4,11	191,217	2,6	84,79	198	99	1
1648	393,328	0,0	208,111	1,0	198	99	1
1649	88,84	15,7	47,34	0,0	120	99	0.573510773381
1650	0,2	1128,1028	1,0	612,320	103	99	1
1651	18,23	14,9	11,5	0,0	112	99	3.2717898919e-06
1652	15,8	1843,1821	12,4	901,561	103	99	1
1653	7,7	126,131	2,3	55,39	198	99	1
1654	2,1	1,1	1,0	0,3	153	99	0.0218952687347
1655	8,8	1,1	5,3	0,3	198	99	1
1656	10,19	2,1	6,4	1,0	198	99	1
1657	148,146	0,2	76,30	0,1	198	99	1
1658	19,16	673,590	5,6	424,197	159	99	1
1659	1,7	34,51	2,1	20,14	198	99	1
1660	5,5	133,122	2,4	57,42	193	99	1
1661	71,40	21,12	31,22	3,1	198	99	0.0278355007832
1662	25,17	1,0	10,2	1,5	198	99	0.0359211205639
1665	6,10	14,14	4,2	18,8	104	99	0.422413751831
1666	1,3	23,11	2,2	15,7	131	99	1
1667	211,195	0,1	149,91	0,3	198	99	1
1668	66,92	7,13	49,27	3,1	198	99	0.664956458508
1670	2,5	4,16	4,2	15,14	103	99	1
1671	17,19	2,5	4,0	5,0	115	99	1
1672	13,4	27,11	5,5	0,7	198	99	0.174476249591
1673	10,6	27,11	3,3	0,7	143	99	0.330520360326
1674	19,10	1235,890	15,11	759,343	198	99	1
1675	65,85	81,68	46,28	93,59	103	99	0.168843559305
1676	4,10	88,61	4,4	32,15	198	99	1
1677	2,0	77,54	0,0	26,19	103	99	1
1678	237,328	15,7	201,139	23,18	101	99	1
1679	1,1	1,0	0,0	2,0	104	99	1
1680	700,596	19,12	407,255	12,5	198	99	1
1681	30,22	27,11	5,4	21,6	134	99	0.0270379247916
1682	0,2	93,95	0,0	22,27	108	99	1
1683	10,4	6,2	15,6	2,3	136	99	0.373503384054
1684	21,7	38,29	9,4	15,16	192	99	1
1688	0,1	43,42	4,0	31,16	198	99	1
1689	36,26	21,30	10,13	7,8	198	99	1
1690	82,76	925,553	27,7	261,129	121	99	1
1691	38,30	126,107	33,7	78,35	198	99	1
1692	182,132	15,9	94,43	7,3	198	99	1
1693	3,3	199,197	0,0	89,50	198	99	1
1694	165,148	4,0	106,59	0,0	123	99	1
1695	7,4	41,37	4,4	12,20	174	99	1
1696	20,32	213,184	6,3	100,60	126	99	1
1697	7,19	210,214	5,3	175,144	161	99	1
1698	23,31	7,9	5,11	0,0	114	99	0.00605930200262
1699	6,1	0,2	2,2	0,0	114	99	1
1700	0,0	61,76	2,0	34,30	120	99	1
1704	607,604	26,31	245,158	8,6	198	99	1
1705	12,22	10,4	6,3	4,1	198	99	1
1706	63,64	7,1	59,39	0,0	198	99	1
1707	124,79	3,0	49,35	2,0	198	99	1
1708	284,217	0,1	100,69	0,1	197	99	1
1710	24,14	72,53	40,13	32,12	183	99	0.00489460650589
1711	171,148	1,2	58,57	0,0	198	99	1
1712	9,6	124,104	5,1	32,41	168	99	1
1713	3,5	80,59	0,3	56,24	104	99	1
1714	1403,1107	1,0	584,425	0,0	102	99	1
1715	128,112	11,11	68,53	1,2	105	99	1
1716	348,247	0,0	189,136	1,0	102	99	1
1717	109,91	100,90	29,29	71,53	134	99	0.0679810675174
1718	10,6	7,7	1,1	11,4	104	99	0.001746906985
1719	0,1	14,15	0,0	11,4	104	99	1
1721	5,2	392,382	6,3	259,153	102	99	1
1722	3,1	68,75	3,0	46,29	105	99	1
1723	88,72	407,409	28,34	165,146	198	99	1
1724	14,18	46,23	20,11	9,12	198	99	0.180320562416
1725	2,4	69,84	0,0	43,22	198	99	1
1727	0,4	352,405	3,2	191,157	198	99	1
1728	30,40	0,1	19,18	0,0	116	99	1
1729	52,43	1,2	26,14	0,1	102	99	1
1733	5,8	164,150	1,2	89,61	120	99	1
1734	14,15	623,436	28,16	230,155	123	99	1
1736	13,15	0,1	6,2	0,0	198	99	1
1737	14,24	1,1	11,1	0,0	198	99	1
1741	199,118	1,5	93,68	1,0	198	99	1
1742	2,2	79,79	0,0	42,40	153	99	1
1743	325,265	85,79	12,6	206,112	105	99	0
1744	204,146	0,0	66,80	2,0	198	99	1
1745	176,108	3,0	100,47	0,0	107	99	1
1746	1,1	107,69	1,0	49,29	171	99	1
1747	197,172	1,0	89,56	0,2	198	99	1
1749	2,0	0,2	1,0	0,0	105	99	1
1751	69,47	0,0	27,17	1,0	198	99	1
1752	2,1	20,16	0,0	2,5	198	99	1
1753	0,0	19,38	3,0	26,8	198	99	1
1754	4,1	60,42	4,6	19,33	111	99	0.810833087601
1755	379,367	8,8	365,177	2,2	111	99	1
1756	1,3	40,28	1,0	13,13	133	99	1
1757	579,658	1,4	336,148	0,0	198	99	1
1758	1,5	112,81	1,0	40,29	198	99	1
1760	2,9	114,109	2,1	36,45	172	99	1
1761	51,65	705,496	24,13	320,203	198	99	1
1762	37,34	22,23	34,18	11,5	111	99	0.350891770043
1763	2,2	8,3	0,0	1,0	103	99	1
1764	2,4	18,7	1,0	8,5	101	99	0.564397366847
1767	19,21	137,134	4,4	67,52	110	99	1
1768	4,3	43,56	6,6	27,23	123	99	0.949011389681
1769	66,71	0,0	51,56	2,2	198	99	1
1770	4,11	61,69	11,2	49,49	198	99	1
1771	268,212	28,22	92,47	22,3	198	99	1
1772	1073,1031	113,101	755,541	16,11	178	99	0.171576784366
1773	2,6	209,162	3,1	115,67	198	99	1
1776	16,9	3565,2685	9,4	2386,1361	102	99	1
1779	227,245	13,8	103,83	2,3	132	99	1
1780	77,73	11,26	24,31	6,11	198	99	1
1781	70,59	130,122	5,7	111,53	105	99	3.02284599052e-06
1782	15,20	18,21	9,5	15,10	198	99	1
1783	4,2	56,62	2,1	36,14	198	99	1
1784	31,32	91,107	41,34	36,37	161	99	0.00768356808725
1785	4,9	213,168	7,4	155,103	198	99	1
1787	97,85	17,12	41,44	2,1	187	99	0.0591815449941
1788	11,8	108,80	4,0	43,35	198	99	1
1789	75,60	174,187	23,17	64,41	111	99	1
1790	3821,2815	10,3	2573,1690	3,3	102	99	1
1791	30,31	5,3	7,13	3,1	198	99	1
1792	3,4	54,49	0,3	30,23	154	99	1
1793	0,0	1,1	2,0	4,1	198	99	1
1794	10,18	49,64	20,7	91,77	198	99	1
1795	10,4	0,2	9,8	0,1	198	99	1
1796	14,9	57,20	18,6	61,29	156	99	1
1797	11,18	653,661	6,4	358,272	198	99	1
1798	1,0	42,19	1,0	19,5	127	99	1
1799	35,32	1,2	8,13	5,5	198	99	0.00226431607656
1800	0,1	14,9	0,0	7,3	198	99	1
1801	77,53	0,1	35,14	0,0	167	99	1
1804	224,280	1,0	122,91	0,0	198	99	1
1806	37,32	39,25	21,10	31,18	126	99	0.628904096223
1809	12,18	479,436	8,3	243,171	198	99	1
1811	4,3	2,5	1,3	2,0	116	99	0.217559713123
1812	3,2	483,555	1,1	175,120	198	99	1
1813	2,7	483,555	3,1	175,120	198	99	1
1814	583,619	0,0	259,185	1,0	117	99	1
1815	25,21	58,65	22,16	23,20	198	99	0.397922193266
1817	28,6	9,12	1,1	0,0	197	99	5.59524679467e-06
1818	289,271	1,3	219,120	7,1	105	99	1
1819	0,0	43,28	1,0	30,19	105	99	1
1824	12,23	1,0	10,1	1,2	198	99	0.222800302191
1826	30,26	18,8	6,3	14,15	127	99	0.000389845677608
1828	52,55	31,32	37,12	37,20	198	99	0.294259897917
1829	7,3	6,1	2,1	0,0	150	99	0.00287159419271
1830	828,861	652,790	418,403	216,177	198	99	0.165008540694
1831	541,416	0,0	199,105	0,1	120	99	1
1832	225,165	5,1	90,48	0,0	120	99	1
1833	223,158	1,1	107,47	1,0	120	99	1
1834	183,130	3,3	75,38	1,0	120	99	1
1835	230,166	3,3	85,45	1,0	141	99	1
1836	197,144	3,3	77,41	1,0	183	99	1
1837	47,36	0,0	11,7	1,0	120	99	1
1838	14,14	0,0	3,3	1,0	162	99	1
1839	5,6	34,23	1,0	8,4	141	99	1
1840	361,284	1,0	133,62	0,0	183	99	1
1841	0,1	0,5	0,1	0,0	118	99	1
1843	14,20	2,7	6,2	2,2	198	99	0.685053543447
1848	3,1	256,190	1,0	95,79	177	99	1
1850	32,35	177,132	56,27	114,44	110	99	0.130821654701
1852	131,96	98,99	35,23	29,22	126	99	1
1853	4,0	9,14	1,1	6,0	198	99	1
1857	0,0	257,223	1,0	175,106	105	99	1
1858	0,3	106,95	3,0	59,41	101	99	1
1860	16,25	78,66	10,6	114,47	110	99	0.547129590239
1861	1,1	8,13	0,0	10,5	103	99	1
1862	44,30	10,15	13,10	4,4	103	99	1
1863	23,23	123,98	9,13	45,32	111	99	1
1864	3,11	123,98	2,0	45,32	123	99	1
1865	0,0	20,12	1,0	8,13	111	99	1
1866	20,26	56,27	32,14	45,27	136	99	1
1867	136,131	7,2	72,35	10,6	110	99	0.854088514356
