ID	IJC_SAMPLE_1	SJC_SAMPLE_1	IJC_SAMPLE_2	SJC_SAMPLE_2	IncFormLen	SkipFormLen	PValue	FDR
3	6,1	150,234	0,0	114,66	180	99	1	1.0
4	1,6	4,2	7,3	0,2	158	99	0.0586186108988	0.6827084833251219
5	0,0	7,16	1,0	2,1	120	99	1	1.0
6	1,0	12,17	1,0	10,0	109	99	1	1.0
7	0,0	16,24	1,0	18,20	150	99	1	1.0
8	82,81	7,10	126,63	16,7	134	99	1	1.0
9	2,0	221,424	2,4	274,117	198	99	1	1.0
12	241,360	0,0	259,91	0,2	198	99	1	1.0
13	15,12	3,0	1,1	0,0	198	99	1	1.0
14	7,8	7,12	3,2	8,1	192	99	0.205802172906	1.0
15	0,4	15,12	1,0	11,5	198	99	1	1.0
16	0,5	3,0	1,0	0,0	198	99	1	1.0
17	3,0	15,12	0,0	11,5	134	99	1	1.0
18	25,47	0,0	53,12	2,0	105	99	1	1.0
19	6,1	61,92	9,0	66,33	198	99	1	1.0
20	222,351	27,38	271,112	42,14	120	99	1	1.0
21	35,44	27,38	39,20	42,14	186	99	1	1.0
22	9,7	196,314	8,3	240,95	165	99	1	1.0
23	68,116	0,2	47,41	2,0	198	99	1	1.0
24	5,10	0,3	13,7	1,1	103	99	1	1.0
25	67,73	3,0	45,26	0,0	102	99	1	1.0
26	5,4	62,82	2,2	48,12	198	99	1	1.0
28	159,155	1,0	86,37	0,0	198	99	1	1.0
29	665,831	3,10	706,303	3,0	111	99	1	1.0
30	16,22	34,50	6,8	32,17	129	99	1	1.0
31	4,3	208,301	1,5	254,104	198	99	1	1.0
32	19,17	140,187	27,6	127,64	138	99	1	1.0
33	1,6	66,98	1,4	64,37	198	99	1	1.0
34	4,2	112,207	6,4	101,90	198	99	1	1.0
35	0,3	18,16	1,0	16,6	111	99	1	1.0
36	116,136	7,7	99,70	16,7	198	99	0.826550093161	1.0
37	2,1	322,326	2,1	330,128	138	99	1	1.0
38	31,44	9,13	34,16	2,1	198	99	0.0161109021059	0.24963410375191103
39	156,276	16,10	176,92	2,1	111	99	1	1.0
41	16,21	223,253	25,17	289,153	198	99	1	1.0
42	7,13	203,281	18,9	193,83	127	99	1	1.0
43	42,62	129,193	47,36	146,64	198	99	1	1.0
44	5,3	183,270	2,1	223,117	107	99	1	1.0
45	3,3	1,3	6,3	0,0	198	99	0.0155828024256	0.24908503259501855
47	122,135	1,0	117,55	0,0	198	99	1	1.0
48	67,120	0,2	48,58	0,0	117	99	1	1.0
51	59,119	0,1	108,45	4,0	120	99	1	1.0
52	80,132	0,0	92,59	1,1	198	99	1	1.0
53	19,25	81,93	30,10	64,37	198	99	1	1.0
54	184,234	9,4	284,122	25,8	198	99	1	1.0
55	1,6	246,330	2,0	115,89	198	99	1	1.0
56	203,309	0,0	304,110	3,0	107	99	1	1.0
57	12,4	160,307	3,6	260,135	101	99	1	1.0
58	12,23	51,56	8,8	81,27	154	99	1	1.0
59	12,16	11,20	9,7	10,14	154	99	1	1.0
60	2,0	293,324	1,0	361,184	198	99	1	1.0
61	25,19	1,0	6,6	5,1	119	99	0.0844635403819	0.8961234524079664
62	11,9	0,0	21,9	1,0	103	99	1	1.0
63	2,15	1,0	9,1	0,0	103	99	1	1.0
64	14,19	13,13	6,6	34,12	111	99	0.00860419893525	0.1586655256035982
65	28,20	6,1	38,16	0,2	140	99	0.76925736734	1.0
66	65,84	156,198	21,12	192,116	117	99	0.0027942599577	0.06558043446177726
67	4,3	306,433	5,2	309,128	107	99	1	1.0
68	15,19	69,95	10,6	45,34	198	99	1	1.0
69	14,19	18,27	4,4	24,4	183	99	0.475071103147	1.0
71	4,8	4,10	7,7	1,2	198	99	0.029055280083	0.38798817972902583
72	127,178	0,1	113,47	0,0	198	99	1	1.0
73	106,144	1,0	87,48	0,0	198	99	1	1.0
74	13,35	0,4	16,17	2,1	198	99	1	1.0
75	33,61	0,4	32,36	2,1	198	99	1	1.0
77	24,54	4,3	41,12	5,3	198	99	1	1.0
78	17,20	660,1048	34,11	690,329	103	99	1	1.0
79	5,6	32,25	3,2	31,19	127	99	1	1.0
80	33,29	32,31	34,21	27,10	198	99	0.928024555973	1.0
81	2,8	6,13	0,0	27,2	127	99	0.0318345431748	0.4214675844253436
82	5,4	4,1	1,1	0,1	131	99	0.0596545142161	0.6895883770204395
84	4,18	1402,2243	6,0	2095,819	103	99	1	1.0
85	334,566	3,4	507,286	0,0	198	99	1	1.0
86	26,43	823,1217	53,27	978,451	102	99	1	1.0
87	3,2	1,1	6,1	0,0	111	99	0.274206126679	1.0
88	12,23	166,249	10,6	177,112	198	99	1	1.0
89	2,5	3,3	4,1	0,1	117	99	0.00694711404524	0.1345134957009595
90	10,10	3,3	35,13	0,1	159	99	0.024516563247	0.3421275357621892
91	8,6	0,1	31,12	0,0	141	99	1	1.0
92	141,163	0,0	231,75	2,0	139	99	1	1.0
93	144,189	0,1	181,103	0,0	198	99	1	1.0
94	0,2	27,23	0,0	15,3	156	99	1	1.0
95	0,0	20,24	0,1	15,16	104	99	1	1.0
96	2,12	0,1	3,0	1,0	198	99	1	1.0
97	8,4	18,57	0,0	46,18	105	99	0.733767610366	1.0
98	0,2	12,22	1,1	17,11	125	99	1	1.0
99	19,12	103,119	20,12	148,64	156	99	1	1.0
100	1,0	82,113	1,2	73,37	192	99	1	1.0
101	100,151	1,3	100,47	2,2	141	99	1	1.0
103	121,147	0,1	117,48	0,1	198	99	1	1.0
104	142,162	6,9	155,88	4,2	198	99	1	1.0
105	24,21	569,802	17,21	555,311	198	99	1	1.0
106	187,280	9,17	163,89	13,3	198	99	1	1.0
107	3,22	47,51	5,4	88,41	119	99	1	1.0
109	1136,1488	6,6	1485,619	7,0	126	99	1	1.0
110	2,1	7,3	3,4	15,3	121	99	1	1.0
111	2,3	26,44	5,4	60,30	198	99	1	1.0
112	3,17	79,172	5,0	106,46	104	99	1	1.0
113	133,113	0,0	152,75	1,1	198	99	1	1.0
114	18,21	876,1014	12,4	785,256	198	99	1	1.0
115	10,27	1,0	14,7	0,0	198	99	1	1.0
116	3,0	18,22	2,1	30,6	115	99	1	1.0
118	2,4	15,12	14,5	3,7	115	99	0.0145690057167	0.2400786154805138
119	0,3	17,28	0,0	19,4	181	99	1	1.0
120	2,4	339,519	3,0	417,188	132	99	1	1.0
121	7,0	331,441	5,0	455,184	198	99	1	1.0
122	113,116	1,0	305,66	8,4	198	99	1	1.0
123	106,126	1,3	47,16	3,8	198	99	0.121325198106	1.0
124	979,1418	4,2	1279,622	10,3	105	99	1	1.0
125	104,165	0,0	188,71	0,1	149	99	1	1.0
126	63,80	0,0	27,12	1,1	113	99	1	1.0
127	9,19	1,0	1,3	0,0	113	99	1	1.0
128	6,1	27,39	1,0	17,8	110	99	1	1.0
129	22,20	6,8	27,10	1,0	102	99	0.00722973716917	0.13825756635857198
130	10,36	22,29	23,27	32,9	198	99	0.860186724716	1.0
131	1,1	261,312	4,0	345,154	198	99	1	1.0
132	9,24	79,117	3,5	57,41	198	99	1	1.0
133	143,181	1,8	155,95	3,2	103	99	1	1.0
136	0,3	11,17	0,0	12,4	195	99	1	1.0
138	1,0	67,112	2,1	110,51	198	99	1	1.0
139	91,123	23,38	54,21	71,22	164	99	3.46098967063e-06	0.00016753353124393343
140	8,3	46,68	7,2	20,17	198	99	1	1.0
142	7,14	61,81	18,9	55,17	198	99	1	1.0
143	18,54	119,139	17,11	195,101	108	99	0.676879114848	1.0
145	0,1	8,25	1,0	6,3	198	99	1	1.0
146	24,44	13,24	51,21	18,19	198	99	1	1.0
147	12,13	429,588	3,1	352,155	198	99	1	1.0
148	2,7	469,617	1,2	577,223	130	99	1	1.0
149	0,6	76,109	0,2	65,41	198	99	1	1.0
150	24,40	128,113	1,4	108,35	198	99	1	1.0
151	1,3	7,6	1,2	1,1	198	99	0.847437528036	1.0
152	2,20	3,3	12,6	0,0	135	99	0.13564523275	1.0
153	161,260	65,100	37,24	37,17	123	99	0.109871065172	1.0
154	2,2	1466,1970	4,5	2195,797	198	99	1	1.0
156	1004,1197	4,6	1060,508	0,1	198	99	1	1.0
157	19,11	11,15	29,24	4,2	180	99	0.000673275755826	0.021408444636508345
158	12,11	0,0	22,8	2,0	198	99	1	1.0
160	163,221	37,73	259,106	58,22	198	99	1	1.0
162	2,14	0,1	6,1	3,2	193	99	0.00333833649524	0.0736225788966696
163	0,10	461,804	2,1	551,292	198	99	1	1.0
164	0,10	461,804	4,3	551,292	198	99	1	1.0
165	6,6	7,8	7,2	7,5	198	99	1	1.0
167	123,153	11,25	84,66	21,10	109	99	1	1.0
169	125,106	58,53	168,120	110,65	125	99	1	1.0
170	178,267	1,0	151,112	2,2	198	99	1	1.0
172	61,59	9,18	71,22	7,1	111	99	0.593799607843	1.0
173	72,77	5,3	72,27	14,4	119	99	0.694828270385	1.0
174	332,432	0,4	594,449	1,3	198	99	1	1.0
176	1033,1357	0,0	1456,728	0,5	198	99	1	1.0
177	1,3	2,2	10,6	1,0	198	99	0.00259510090677	0.061843250839795846
178	4,5	20,23	5,7	6,10	111	99	0.148511102303	1.0
179	13,14	2,7	6,2	1,1	122	99	0.0862624833317	0.9028418018973197
180	4,6	2,2	3,2	2,1	104	99	1	1.0
181	27,41	15,28	34,22	23,18	198	99	1	1.0
182	29,43	15,28	36,22	23,18	198	99	1	1.0
183	0,2	173,235	3,1	177,80	144	99	1	1.0
184	28,23	2,0	13,8	0,0	138	99	1	1.0
186	85,127	15,25	104,52	8,2	121	99	0.534370475809	1.0
188	6951,6862	168,194	6439,3081	121,65	198	99	1	1.0
190	13,19	248,381	23,13	205,86	118	99	1	1.0
191	100,125	122,124	66,42	116,49	175	99	1	1.0
192	335,487	122,124	248,115	116,49	156	99	1	1.0
193	9,7	33,30	26,11	4,1	113	99	2.74490430385e-11	2.657410479164781e-09
195	17,17	57,79	8,1	62,35	137	99	0.929634175611	1.0
196	15,26	304,450	25,14	433,185	198	99	1	1.0
197	13,14	338,500	5,4	415,301	102	99	1	1.0
198	92,117	3,3	115,78	7,3	198	99	1	1.0
199	95,123	2192,3547	117,81	2413,1289	198	99	1	1.0
200	61,91	13,14	84,37	11,6	156	99	1	1.0
201	89,153	13,14	110,53	11,6	198	99	1	1.0
202	73,98	26,12	68,33	26,12	153	99	0.812700701319	1.0
203	18,30	1,0	26,16	0,0	198	99	1	1.0
204	40,64	33,48	35,22	58,21	120	99	0.600945301835	1.0
205	187,289	23,18	185,114	24,10	198	99	1	1.0
206	217,324	23,18	234,124	24,10	198	99	1	1.0
207	55,78	4,7	82,43	1,0	116	99	1	1.0
208	6,17	11,30	11,6	6,7	114	99	0.356658905889	1.0
209	7,5	1,10	4,3	0,0	198	99	0.00569151000587	0.11449544154665754
211	127,147	68,85	131,59	92,56	198	99	1	1.0
212	190,304	281,443	85,39	488,222	132	99	2.53782495685e-07	1.5551562658682037e-05
213	0,5	0,0	2,1	2,1	167	99	1	1.0
215	5,2	31,54	1,1	26,22	104	99	1	1.0
216	15,13	49,78	26,10	67,27	129	99	1	1.0
217	9,13	91,86	6,5	75,26	127	99	1	1.0
218	51,69	155,221	6,3	198,70	144	99	0.00128016866797	0.03541037976224161
219	54,68	292,376	3,7	275,108	144	99	1	1.0
220	251,277	18,24	301,134	41,7	112	99	1	1.0
221	11,4	197,272	4,2	312,121	103	99	1	1.0
222	5,4	3,1	4,1	1,0	103	99	0.334622435805	1.0
223	0,0	4,0	1,0	0,2	103	99	1	1.0
224	156,251	0,2	265,134	0,0	198	99	1	1.0
225	83,110	1,0	88,33	0,0	101	99	1	1.0
226	2,2	10,11	8,3	5,1	198	99	0.0160488270629	0.24963410375191103
227	66,54	0,1	39,19	0,0	198	99	1	1.0
228	40,60	128,185	116,52	93,33	107	99	1.1181908155e-07	7.2169898883729175e-06
229	92,145	13,11	96,63	12,9	198	99	1	1.0
230	436,637	1,1	570,253	0,1	129	99	1	1.0
231	309,399	0,1	369,144	0,0	129	99	1	1.0
232	6,17	19,24	10,5	12,10	114	99	1	1.0
236	4,4	20,24	1,2	19,10	198	99	1	1.0
237	26,35	6,14	18,10	5,1	104	99	1	1.0
238	10,25	164,281	60,36	167,66	110	99	0.000287401107224	0.009472006704042042
239	0,0	1,0	1,0	1,2	198	99	1	1.0
240	1,3	33,22	10,2	136,57	113	99	1	1.0
241	17,11	118,198	15,5	146,81	198	99	1	1.0
242	3,1	57,85	0,6	74,24	198	99	1	1.0
244	45,56	0,1	59,35	0,0	124	99	1	1.0
245	25,20	164,249	4,9	125,68	198	99	1	1.0
246	4,14	229,347	4,0	200,111	198	99	1	1.0
247	3,3	229,347	5,0	200,111	198	99	1	1.0
248	6,8	4,12	8,1	2,0	175	99	0.028958755387	0.38798817972902583
249	218,290	1,3	233,129	1,1	198	99	1	1.0
250	0,1	824,1375	0,0	1063,466	103	99	1	1.0
251	11,13	215,310	6,4	204,144	126	99	1	1.0
252	19,30	0,0	25,5	1,2	154	99	1	1.0
253	0,0	2,1	2,0	1,1	105	99	1	1.0
254	15,16	56,83	35,24	44,30	198	99	0.0384918495914	0.49521358976958263
255	0,4	8,6	0,0	2,0	198	99	1	1.0
256	2,1	0,1	6,6	0,0	104	99	1	1.0
260	6,1	117,112	2,1	102,26	198	99	1	1.0
262	59,100	74,82	40,21	127,51	198	99	0.0238414341674	0.33881083968167525
263	25,38	219,203	17,12	318,101	123	99	1	1.0
264	9,13	2,0	11,1	3,0	198	99	1	1.0
265	9,27	92,115	10,1	52,37	198	99	1	1.0
266	8,17	139,207	8,0	148,71	116	99	1	1.0
267	221,383	1,0	306,131	0,0	159	99	1	1.0
268	4,2	20,27	3,0	22,14	198	99	1	1.0
269	229,361	741,796	291,157	645,193	198	99	1	1.0
270	1,3	1,0	7,0	0,0	105	99	1	1.0
272	85,103	3,4	89,59	14,10	149	99	0.240190154097	1.0
273	57,76	235,315	63,36	212,132	198	99	1	1.0
275	2,2	38,83	5,0	91,27	114	99	1	1.0
276	49,52	1,0	34,14	6,1	157	99	0.494651598297	1.0
277	0,3	33,37	1,0	24,16	198	99	1	1.0
278	12,7	2,6	2,2	3,1	198	99	0.364923234467	1.0
279	51,60	7,8	59,26	5,4	198	99	1	1.0
280	18,9	7,8	7,8	5,4	198	99	1	1.0
281	11,29	39,52	18,13	57,24	198	99	1	1.0
282	13,12	7,8	2,5	5,4	198	99	0.356480500081	1.0
283	2,16	39,52	8,8	57,24	156	99	1	1.0
284	12,23	1,4	11,9	0,3	198	99	1	1.0
288	7,7	45,49	0,2	33,20	162	99	1	1.0
290	10,4	167,211	10,1	123,39	198	99	1	1.0
293	198,250	2,4	268,117	1,2	198	99	1	1.0
294	17,13	0,3	12,11	1,1	122	99	1	1.0
295	0,1	2,1	0,0	2,2	103	99	1	1.0
296	1,0	47,51	0,0	23,18	147	99	1	1.0
297	6,15	25,24	8,2	18,5	198	99	1	1.0
298	6,18	1,1	7,9	0,0	151	99	1	1.0
300	7,15	29,50	9,3	23,14	198	99	1	1.0
302	7,16	29,50	6,2	23,14	198	99	1	1.0
303	1,8	29,50	2,2	23,14	178	99	1	1.0
304	3,4	1,2	5,1	0,3	181	99	0.94460799993	1.0
305	12,21	938,1305	14,9	1102,505	198	99	1	1.0
306	360,669	0,0	411,224	1,0	165	99	1	1.0
307	535,612	12,5	403,213	0,0	198	99	1	1.0
308	16,20	191,280	10,5	177,61	198	99	1	1.0
310	115,192	449,815	85,48	460,223	125	99	1	1.0
312	1,3	38,55	9,1	40,21	198	99	1	1.0
313	4,7	93,105	9,1	96,34	130	99	1	1.0
314	3,0	204,275	5,2	228,82	114	99	1	1.0
315	461,596	10,9	521,228	10,6	103	99	1	1.0
316	3,5	50,59	21,5	66,18	198	99	1	1.0
318	189,269	9,14	205,101	13,14	198	99	1	1.0
319	10,21	13,36	16,2	23,3	103	99	1	1.0
320	259,345	36,73	297,113	34,8	198	99	0.958414190157	1.0
323	7,2	56,86	6,2	51,27	198	99	1	1.0
325	0,2	11,9	2,0	3,4	114	99	1	1.0
327	267,328	11,30	236,98	36,18	121	99	1	1.0
328	2,9	1996,2756	1,1	2255,941	198	99	1	1.0
329	18,34	97,88	16,9	103,40	198	99	1	1.0
330	31,43	180,256	38,25	227,93	130	99	1	1.0
331	248,292	3,9	218,124	4,0	198	99	1	1.0
332	175,278	0,1	186,113	0,0	198	99	1	1.0
333	19,15	4,8	53,16	21,18	198	99	0.661621491585	1.0
335	11,17	48,62	22,13	110,38	104	99	1	1.0
336	282,433	17,34	404,166	52,27	152	99	1	1.0
337	47,66	11,5	44,22	6,0	198	99	0.951590349654	1.0
338	19,25	100,153	22,13	62,35	145	99	1	1.0
339	147,170	295,342	229,130	415,146	198	99	1	1.0
340	1,4	2,3	3,0	6,1	198	99	0.579150534094	1.0
341	366,486	36,40	321,203	3,3	131	99	1	1.0
343	76,75	0,5	69,20	0,0	198	99	1	1.0
344	127,171	1,4	161,54	3,5	198	99	1	1.0
345	15,15	4,9	7,1	4,3	198	99	0.408101446708	1.0
346	10,3	79,133	45,29	63,15	110	99	4.616296293e-07	2.5538010563774998e-05
348	3,1	3,3	3,0	7,3	118	99	0.639601097558	1.0
349	20,22	29,80	9,5	45,24	107	99	0.722769058946	1.0
350	2,6	47,54	5,2	50,28	157	99	1	1.0
351	1662,2049	0,0	2498,974	5,1	198	99	1	1.0
352	114,158	750,893	147,66	888,327	198	99	1	1.0
355	2,5	30,34	2,3	26,13	198	99	1	1.0
356	14,19	33,66	21,10	43,17	111	99	1	1.0
357	1,1	44,43	8,0	18,13	198	99	1	1.0
358	2,0	0,1	2,6	1,0	198	99	1	1.0
359	1,9	19,26	2,1	20,13	198	99	1	1.0
361	494,788	0,0	561,335	3,1	198	99	1	1.0
362	19,38	0,0	23,11	1,0	114	99	1	1.0
363	3,0	719,1113	2,1	760,334	132	99	1	1.0
366	10,28	0,0	11,18	0,4	118	99	1	1.0
367	7,22	0,1	16,11	3,0	198	99	1	1.0
368	38,46	6,1	61,21	4,9	116	99	1	1.0
369	1,0	21,25	0,0	18,7	174	99	1	1.0
370	18,45	21,26	26,4	23,13	198	99	0.729701867904	1.0
371	0,1	20,25	4,2	18,7	104	99	0.610930071934	1.0
373	1070,1498	2,18	1019,487	1,0	144	99	1	1.0
374	2,19	65,79	2,1	38,45	170	99	1	1.0
375	220,294	1,0	253,139	0,0	198	99	1	1.0
376	331,457	7,0	430,260	3,6	144	99	1	1.0
377	6,5	143,214	19,9	104,39	198	99	1	1.0
378	7,10	851,1265	2,3	762,434	198	99	1	1.0
380	34,70	0,0	50,7	5,4	114	99	0.491182795414	1.0
382	153,238	11,47	248,123	12,8	177	99	0.853615745352	1.0
384	42,66	264,394	38,23	280,161	198	99	1	1.0
386	311,415	6,12	355,188	24,6	142	99	1	1.0
387	77,137	104,223	153,67	43,18	103	99	1.19275700428e-11	1.3197004283069428e-09
388	38,44	65,87	10,14	44,23	198	99	1	1.0
389	6,0	7,13	0,0	3,3	198	99	1	1.0
390	65,55	314,514	37,25	504,184	198	99	1	1.0
391	0,0	7,10	4,2	13,2	111	99	0.237560591149	1.0
392	351,418	43,49	155,90	150,77	105	99	0	0.0
393	188,256	9,7	46,22	25,11	130	99	3.5137272314e-08	2.3664189049733043e-06
394	214,282	0,1	156,96	0,0	198	99	1	1.0
395	42,57	2,0	46,27	0,0	198	99	1	1.0
397	207,340	0,2	159,75	9,6	108	99	1	1.0
399	1,16	161,192	1,3	224,117	198	99	1	1.0
400	2,6	171,213	5,1	209,161	198	99	1	1.0
401	1,0	0,10	0,0	6,0	103	99	1	1.0
402	2,4	851,976	1,0	1200,523	103	99	1	1.0
403	67,82	36,126	176,53	79,34	120	99	0.548273807465	1.0
405	11,5	6,9	6,2	17,3	183	99	0.425342107057	1.0
406	235,458	341,507	351,137	373,151	102	99	1	1.0
408	9,28	81,128	4,11	77,41	198	99	1	1.0
409	33,51	133,184	54,25	85,59	128	99	0.543222702886	1.0
410	169,209	1,0	231,112	0,1	194	99	1	1.0
411	2,3	394,433	5,3	559,144	198	99	1	1.0
412	37,40	3,0	43,17	0,0	101	99	1	1.0
413	1848,2146	0,0	1484,793	0,1	108	99	1	1.0
414	284,342	0,4	378,182	1,0	198	99	1	1.0
415	165,184	8,16	96,54	5,1	126	99	1	1.0
416	7,9	115,171	13,8	165,103	117	99	1	1.0
418	2,0	76,103	1,1	97,45	198	99	1	1.0
419	292,382	36,33	385,256	25,11	191	99	1	1.0
420	18,36	578,903	20,15	579,355	198	99	1	1.0
421	692,1098	2,4	630,405	0,0	198	99	1	1.0
422	180,303	24,44	254,169	34,15	158	99	1	1.0
424	36,17	0,1	17,9	0,2	138	99	1	1.0
425	18,16	1063,1493	34,8	1777,730	103	99	1	1.0
426	13,5	593,852	16,11	506,296	198	99	1	1.0
427	1508,1904	3,4	1542,746	10,2	102	99	1	1.0
428	152,221	0,0	76,61	1,0	198	99	1	1.0
429	186,121	27,21	227,118	37,9	198	99	1	1.0
430	75,73	4,3	51,37	0,0	165	99	1	1.0
431	75,37	0,1	40,16	0,0	102	99	1	1.0
432	5,4	284,369	11,2	251,140	198	99	1	1.0
433	2,0	154,214	0,0	104,61	198	99	1	1.0
434	225,256	96,115	503,356	678,535	102	99	1.21171924716e-08	9.878700599214946e-07
435	2,7	297,524	3,0	315,131	198	99	1	1.0
437	446,689	0,6	669,428	3,2	103	99	1	1.0
438	37,50	307,479	19,5	306,123	198	99	1	1.0
439	79,69	10378,12115	92,48	9331,4431	162	99	1	1.0
440	3545,4593	1,2	3577,1497	4,0	135	99	1	1.0
441	94,170	0,2	47,19	0,0	198	99	1	1.0
442	222,301	202,347	189,94	239,78	102	99	1	1.0
443	1,2	919,1398	0,1	1164,654	147	99	1	1.0
444	602,589	1844,1925	558,164	2832,751	102	99	1	1.0
445	11,22	1074,1738	16,7	1360,556	122	99	1	1.0
446	137,216	1,5	172,88	2,0	198	99	1	1.0
447	60,129	1,5	84,72	2,0	198	99	1	1.0
448	76,142	135,204	98,83	167,81	198	99	1	1.0
449	0,0	2734,3496	0,1	2778,1069	103	99	1	1.0
450	16,20	32,28	37,15	32,16	153	99	0.614137960588	1.0
452	1,2	9798,12485	8,4	15863,7412	103	99	1	1.0
454	11,18	2,0	9,8	4,1	198	99	0.114809545245	1.0
456	69,131	4,9	78,41	3,1	198	99	1	1.0
457	68,127	0,3	53,27	0,0	198	99	1	1.0
458	1,20	17,28	5,0	12,6	122	99	1	1.0
463	4520,5916	0,0	5058,2468	0,1	198	99	1	1.0
465	1,3	2453,3359	8,0	2206,1018	198	99	1	1.0
468	1,0	0,0	0,0	1,0	104	99	1	1.0
470	66,63	133,136	47,41	124,51	198	99	1	1.0
471	0,5	3,1	1,1	0,1	173	99	0.0121570536981	0.20693710086106484
472	10,18	5,3	9,2	0,0	159	99	0.0351356638613	0.4612300281453704
473	0,2	114,146	3,1	88,32	123	99	1	1.0
474	22,17	19,12	12,4	17,11	198	99	0.332562049985	1.0
478	65,77	33,39	23,20	32,15	114	99	0.267256890174	1.0
480	5303,6925	3,7	9235,3451	13,2	117	99	1	1.0
481	2405,3158	83,117	3867,1608	172,60	117	99	1	1.0
482	2390,3142	13,11	3847,1600	10,3	117	99	1	1.0
483	2749,3614	13,11	4472,1804	10,3	138	99	1	1.0
484	360,475	1,3	626,205	1,1	120	99	1	1.0
485	2391,3141	1,1	3848,1599	1,2	117	99	1	1.0
486	3200,4103	1,1	5142,1967	1,2	138	99	1	1.0
487	811,964	2,2	1296,368	2,0	120	99	1	1.0
488	122,188	1061,1647	106,31	1378,564	112	99	1	1.0
489	94,109	118,142	100,28	294,154	112	99	0.00167422408761	0.0454977738896121
490	10,14	136,256	9,4	148,85	198	99	1	1.0
491	66,110	73,105	46,25	176,86	120	99	2.5220249395e-05	0.0010558423327798648
492	474,584	5,2	423,236	1,1	139	99	1	1.0
493	6,17	192,292	11,3	366,155	111	99	1	1.0
494	2,0	36,74	0,0	41,39	198	99	1	1.0
496	5,6	228,294	11,1	199,96	103	99	1	1.0
498	8,7	32,38	18,13	10,15	198	99	0.0100459333885	0.18048352021369884
499	5,8	9,15	19,12	5,3	104	99	0.000826134482537	0.02460927525865025
503	264,422	10,8	306,183	4,1	113	99	1	1.0
504	515,783	17,20	531,257	2,0	126	99	1	1.0
505	13,14	12,24	5,3	13,3	146	99	0.94396632824	1.0
506	175,342	0,1	214,111	0,0	198	99	1	1.0
507	28,34	0,1	38,21	0,0	198	99	1	1.0
508	21,23	60,75	40,20	59,33	129	99	0.495960332449	1.0
509	4,10	177,269	73,48	61,39	103	99	0	0.0
510	33,38	24,57	15,17	36,26	198	99	0.833211831946	1.0
511	8,11	30,32	11,11	15,15	169	99	0.492989419338	1.0
513	285,258	4,0	321,111	28,8	103	99	1	1.0
515	1,0	9,16	0,0	6,6	103	99	1	1.0
517	102,163	0,2	124,51	0,0	198	99	1	1.0
518	13,16	78,121	3,6	36,28	198	99	1	1.0
520	6,0	100,134	2,0	126,57	198	99	1	1.0
521	307,339	17,21	311,138	12,7	103	99	1	1.0
524	40,38	304,428	27,14	271,151	198	99	1	1.0
525	3,3	259,342	0,1	288,156	103	99	1	1.0
526	621,662	0,0	504,184	2,4	123	99	1	1.0
527	657,772	37,44	833,349	4,0	129	99	1	1.0
528	948,1129	8,7	1109,451	12,3	198	99	1	1.0
529	104,130	11,6	84,57	0,0	179	99	1	1.0
534	1,6	41,37	32,15	4,4	117	99	3.33066907388e-16	7.370294850628744e-14
535	60,71	1,0	37,13	2,0	198	99	1	1.0
536	107,190	41,54	121,67	59,21	159	99	1	1.0
537	55,62	14,33	30,11	12,4	119	99	1	1.0
538	19,25	14,33	32,9	12,4	144	99	0.116488368718	1.0
539	3,8	39,45	16,6	14,8	124	99	0.00125160204636	0.03524966490566618
540	4,5	178,219	12,4	191,98	102	99	1	1.0
542	77,151	98,156	49,48	140,60	198	99	0.908635939999	1.0
543	2,4	1,0	1,2	2,0	116	99	1	1.0
544	20,36	33,23	5,4	60,50	122	99	3.40363481816e-05	0.0013874290350868
545	20,13	6,14	7,0	7,3	198	99	0.235654192766	1.0
546	27,46	6,14	31,11	7,3	198	99	1	1.0
547	25,44	18,10	27,12	2,0	104	99	0.00337577281365	0.0736225788966696
548	0,5	50,81	1,2	115,30	102	99	1	1.0
549	11,12	35,52	13,11	16,10	111	99	0.0431055764404	0.5299249040172984
550	1,5	103,145	1,1	107,50	198	99	1	1.0
553	22,46	0,0	14,16	2,0	198	99	1	1.0
555	5,1	54,43	5,2	61,20	198	99	1	1.0
556	11,22	112,166	2,0	116,64	114	99	1	1.0
558	2,3	78,107	1,1	30,12	103	99	1	1.0
559	62,123	150,129	37,17	133,61	117	99	0.273102920469	1.0
560	55,68	0,0	62,35	3,1	198	99	1	1.0
561	13,18	52,73	14,6	21,14	124	99	0.567414438141	1.0
562	130,156	7,5	183,73	7,7	198	99	1	1.0
563	4,3	102,147	7,0	95,42	198	99	1	1.0
565	2,0	2,13	1,0	5,1	110	99	1	1.0
566	9,9	49,75	21,6	56,39	198	99	1	1.0
567	237,279	0,0	328,65	1,0	144	99	1	1.0
568	1,1	460,692	0,0	551,157	103	99	1	1.0
569	168,210	4,6	274,93	6,1	130	99	1	1.0
571	2,3	1,2	7,0	0,1	110	99	0.0386835664055	0.49521358976958263
572	4,3	2,9	7,0	0,0	126	99	1	1.0
573	3,2	2,9	0,1	0,0	115	99	1	1.0
574	7,7	826,1002	5,2	727,264	198	99	1	1.0
575	11,7	8,30	3,1	18,5	198	99	0.552082385371	1.0
576	43,56	24,23	21,13	24,8	118	99	0.478570951883	1.0
577	17,17	24,23	2,1	24,8	127	99	0.00116410443626	0.0333925513290137
578	12,8	38,47	1,1	20,13	108	99	0.23241750598	1.0
579	2,0	38,89	0,1	44,18	120	99	1	1.0
580	16,36	103,175	45,20	131,51	117	99	0.967953471399	1.0
581	17,42	5,8	17,5	0,1	198	99	0.00597290095742	0.11861568696209716
582	23,52	0,2	21,8	1,0	122	99	1	1.0
583	177,251	7,6	167,76	0,1	190	99	1	1.0
584	18,7	0,0	21,5	0,1	198	99	1	1.0
585	70,108	3,3	51,32	1,1	112	99	1	1.0
586	0,0	0,1	0,1	0,0	106	99	1	1.0
588	1,3	15,7	1,0	1,1	198	99	1	1.0
589	69,106	18,30	98,58	16,1	103	99	0.45156645504	1.0
591	1,3	29,48	0,1	16,8	198	99	1	1.0
592	28,38	2,2	15,12	2,0	198	99	1	1.0
593	0,0	43,37	2,0	39,26	198	99	1	1.0
594	16,20	405,391	9,5	348,158	116	99	1	1.0
596	12,14	720,1205	13,6	1186,701	198	99	1	1.0
597	2,5	137,138	1,0	117,73	103	99	1	1.0
598	2,8	1,1	3,4	2,0	103	99	1	1.0
599	2,10	76,94	2,1	90,28	102	99	1	1.0
600	53,57	9,10	85,26	2,3	115	99	0.565861492274	1.0
603	65,103	101,127	45,55	81,30	146	99	1	1.0
604	16,28	0,0	16,7	2,0	103	99	1	1.0
606	76,120	0,1	88,58	0,0	115	99	1	1.0
607	999,1584	0,0	845,287	1,1	198	99	1	1.0
608	8,18	16,19	10,5	17,6	198	99	1	1.0
609	60,85	135,225	66,43	179,92	198	99	1	1.0
610	4,17	45,58	3,6	48,32	125	99	1	1.0
611	5,17	45,58	11,8	48,32	198	99	1	1.0
612	3,14	2,14	11,9	3,3	198	99	0.1308561024	1.0
614	55,87	13,13	60,23	0,1	116	99	0.0275781189642	0.3747237392591737
615	317,495	0,2	348,211	2,0	198	99	1	1.0
617	10,16	57,114	14,11	104,37	198	99	1	1.0
618	173,221	1,2	152,53	0,0	198	99	1	1.0
619	6,9	98,135	13,10	155,94	198	99	1	1.0
621	44,69	103,169	10,26	141,83	198	99	1	1.0
622	32,50	103,169	7,17	141,83	198	99	1	1.0
623	5,2	13,19	4,5	3,9	139	99	0.321345007608	1.0
624	12,27	222,302	33,23	136,84	198	99	1	1.0
626	218,383	2,3	195,125	0,0	198	99	1	1.0
627	93,166	18,15	102,43	8,1	114	99	1	1.0
628	0,0	9,8	1,0	5,5	105	99	1	1.0
629	37,64	15,23	18,21	8,5	103	99	1	1.0
630	11,16	14,8	8,4	2,3	103	99	0.524362248117	1.0
631	12,8	16,22	6,2	14,10	120	99	0.949912572377	1.0
632	44,64	1,2	39,24	4,0	198	99	1	1.0
633	48,78	1,2	49,32	4,0	180	99	1	1.0
634	40,57	0,1	39,24	0,0	198	99	1	1.0
635	1,6	241,294	14,14	214,119	105	99	1	1.0
636	15,28	40,65	10,7	42,30	198	99	1	1.0
637	2,0	42,52	2,0	21,19	198	99	1	1.0
638	0,1	5,0	5,1	0,0	137	99	0.0084224243969	0.15718476374455542
639	2,3	6,4	14,3	2,3	137	99	0.050207108343	0.6003519594348384
640	2,3	244,409	2,1	326,129	117	99	1	1.0
641	281,285	37,71	222,107	73,28	198	99	0.88966579187	1.0
642	226,338	10,10	195,95	19,5	105	99	1	1.0
643	68,140	54,85	101,61	95,40	105	99	1	1.0
644	1,5	5,5	0,0	3,0	130	99	1	1.0
645	310,575	3,0	835,419	0,1	102	99	1	1.0
646	153,187	34,31	189,89	14,3	127	99	0.318552784117	1.0
647	12,14	331,419	6,7	346,165	102	99	1	1.0
648	5,4	71,102	6,1	74,41	122	99	1	1.0
649	5,3	353,579	5,2	492,186	198	99	1	1.0
650	0,1	120,148	1,0	102,59	102	99	1	1.0
651	5,8	0,1	2,1	4,2	158	99	1.69385980848e-05	0.00074965395523872
652	3,3	1170,1785	2,1	1214,688	198	99	1	1.0
653	1127,1980	12,25	1678,740	29,19	198	99	1	1.0
654	367,619	239,433	735,354	225,106	134	99	0.00325045792957	0.07322610246705219
656	3,0	92,110	0,2	39,28	108	99	1	1.0
658	11,5	0,6	0,1	4,0	198	99	0.0131234337672	0.22095868375426955
659	19,16	0,6	8,8	4,0	198	99	1	1.0
660	12,15	2,0	8,8	0,1	198	99	1	1.0
661	12,16	1,2	9,11	1,1	113	99	1	1.0
662	10,27	135,187	25,18	111,38	115	99	0.660858923074	1.0
663	3,5	1,1	2,0	0,0	157	99	1	1.0
664	0,2	45,44	0,0	42,21	103	99	1	1.0
665	43,55	12,34	10,6	28,11	103	99	0.000677220004641	0.021408444636508345
666	8,15	53,63	2,3	27,19	198	99	1	1.0
667	38,64	225,335	6,4	316,158	102	99	0.0623946290263	0.7003571040705702
668	406,492	49,74	354,190	104,47	198	99	0.220929073259	1.0
669	10,11	231,367	12,6	341,133	129	99	1	1.0
671	247,369	35,29	239,111	18,23	120	99	1	1.0
672	4,8	1,2	0,1	1,1	125	99	0.00220121392098	0.055896399403246234
673	0,2	4,16	0,0	5,2	198	99	1	1.0
674	7,12	0,0	4,3	2,0	198	99	1	1.0
675	6,11	10,12	6,4	22,6	198	99	0.706464010963	1.0
676	0,1	7,19	0,0	3,2	118	99	1	1.0
677	4,14	15,31	5,1	9,7	198	99	1	1.0
679	7,5	1611,1793	5,1	1602,613	174	99	1	1.0
681	2,0	47,74	0,1	43,29	198	99	1	1.0
682	190,285	59,119	177,72	82,38	102	99	1	1.0
683	124970,183877	0,0	190657,97599	1,0	106	99	1	1.0
684	48,84	75,177	19,7	42,16	188	99	1	1.0
685	444,682	2,1	490,274	0,2	198	99	1	1.0
687	8,11	57,60	3,4	34,22	102	99	1	1.0
688	101,164	3,7	75,56	1,1	123	99	1	1.0
690	6,7	69,81	2,5	55,30	198	99	1	1.0
691	23,16	0,2	0,4	4,2	102	99	0.00357314031315	0.07479451817661284
692	6,7	6,2	0,0	5,5	102	99	4.76490108348e-06	0.0002236615690397127
693	18,69	23,6	53,33	6,6	198	99	0.549676907118	1.0
694	61,60	8,12	68,52	4,1	126	99	0.495101663147	1.0
695	3,7	0,0	2,6	2,0	198	99	1	1.0
696	1,0	217,353	0,2	267,113	124	99	1	1.0
697	32,26	904,1091	23,11	1342,416	198	99	1	1.0
698	0,4	87,140	0,0	113,61	198	99	1	1.0
699	32,38	5,19	38,17	16,3	198	99	1	1.0
700	28,35	12,29	13,4	21,11	153	99	0.0695002906201	0.7581838566879796
701	48,78	2,2	68,27	2,1	198	99	1	1.0
702	32,63	0,0	42,19	0,1	173	99	1	1.0
703	83,109	0,3	65,37	2,1	185	99	1	1.0
704	101,124	24,31	45,43	22,16	120	99	0.795248963266	1.0
705	0,0	226,321	1,0	216,81	198	99	1	1.0
706	16,21	7,6	34,21	11,6	157	99	1	1.0
707	10,8	205,303	0,4	183,107	198	99	1	1.0
708	20,25	538,770	62,19	1269,625	198	99	1	1.0
709	2,7	0,1	3,1	0,0	103	99	1	1.0
710	2,8	848,1224	3,4	1022,487	102	99	1	1.0
711	0,0	299,399	0,1	357,159	103	99	1	1.0
712	114,144	3,3	107,57	6,0	198	99	1	1.0
713	20,23	44,82	36,18	24,8	130	99	0.000198329269446	0.0068269341860412005
714	14,9	44,82	24,11	24,8	135	99	0.000706476074097	0.021886628775525056
715	4,1	10,15	5,3	17,10	104	99	0.954503026185	1.0
718	3,1	46,48	5,1	36,14	119	99	1	1.0
719	70,56	15,7	74,35	13,0	198	99	0.925241493558	1.0
720	8,8	135,141	2,1	158,97	102	99	1	1.0
721	32,31	78,127	22,11	105,38	198	99	1	1.0
722	7,6	1,0	13,10	0,0	103	99	1	1.0
723	444,545	14,14	524,239	0,2	144	99	1	1.0
725	0,3	1380,1621	2,0	1590,587	198	99	1	1.0
726	3,5	880,1031	2,0	1015,392	104	99	1	1.0
727	14,21	6,16	17,5	7,0	198	99	0.322347683898	1.0
728	23,53	1,1	39,32	0,0	198	99	1	1.0
729	8,7	228,369	6,13	253,117	198	99	1	1.0
730	95,138	53,57	138,51	45,20	121	99	1	1.0
731	2,3	25,39	0,1	27,11	198	99	1	1.0
732	1685,2364	11,18	2130,965	11,8	102	99	1	1.0
733	807,969	664,751	1710,666	325,159	113	99	8.53761505937e-14	1.4694184141071257e-11
734	132,200	2,9	155,66	3,0	198	99	1	1.0
736	3,13	0,4	4,2	6,0	108	99	0.744736544459	1.0
737	30,29	18,27	74,31	0,0	122	99	6.66133814775e-16	1.2898015988580936e-13
739	50,32	1,1	17,8	2,0	198	99	1	1.0
740	34,27	3,8	16,9	3,2	104	99	1	1.0
741	162,241	4,10	177,87	9,4	146	99	1	1.0
742	3,5	0,0	0,1	3,0	129	99	0.0155979652432	0.24908503259501855
743	18,14	31,32	14,3	15,3	103	99	0.570179684262	1.0
744	0,0	1,1	0,1	3,0	103	99	1	1.0
745	5,7	89,118	2,1	335,124	103	99	1	1.0
748	9,16	12,25	33,8	0,1	104	99	2.65832245105e-10	2.287634153709139e-08
751	174,222	8,2	278,122	4,2	120	99	1	1.0
753	7,4	62,102	4,0	70,30	198	99	1	1.0
755	4,13	22,48	6,7	36,8	128	99	1	1.0
756	0,0	0,2	1,1	2,6	105	99	1	1.0
757	141,182	124,210	121,55	144,70	198	99	1	1.0
758	18,23	50,35	9,4	32,12	198	99	1	1.0
759	25,18	0,2	32,6	0,0	125	99	1	1.0
760	3,7	215,318	1,0	235,212	198	99	1	1.0
761	121,130	45,51	172,54	55,27	165	99	1	1.0
762	0,0	8,5	1,0	0,4	113	99	1	1.0
763	3,3	5,3	1,2	3,1	196	99	0.35304360734	1.0
764	6,13	600,1075	6,0	812,352	166	99	1	1.0
765	38,42	10,9	23,14	6,0	198	99	0.682609105134	1.0
766	24,36	123,146	32,15	109,39	126	99	1	1.0
767	145,166	10,9	120,43	6,0	198	99	1	1.0
768	71,73	17,34	62,28	5,1	116	99	0.0101978695468	0.18048352021369884
769	38,17	9,14	41,12	9,4	116	99	0.847249867442	1.0
771	35,75	4,3	59,32	0,4	103	99	1	1.0
772	26,36	26,66	36,10	22,4	110	99	0.115666901867	1.0
773	33,46	311,607	33,30	388,215	198	99	1	1.0
774	0,3	250,317	1,0	241,108	103	99	1	1.0
775	147,127	30,41	202,63	24,13	198	99	0.699203977419	1.0
776	119,161	0,2	156,57	0,0	198	99	1	1.0
778	18,28	5,2	18,13	8,1	198	99	1	1.0
780	2,0	89,130	4,3	70,43	198	99	1	1.0
781	76,79	3,4	75,26	3,2	157	99	1	1.0
782	199,223	69,100	280,96	153,63	198	99	1	1.0
783	10,26	84,118	15,0	101,54	143	99	1	1.0
784	14,10	2,2	7,3	4,7	198	99	0.0143231055625	0.23856441415389784
785	2,5	110,141	7,10	98,34	198	99	1	1.0
786	14,14	0,0	20,2	2,6	198	99	0.0243166811421	0.3421275357621892
787	4,8	269,416	2,4	271,123	198	99	1	1.0
788	14,30	246,332	14,8	258,99	198	99	1	1.0
789	256,311	48,70	193,104	67,39	114	99	0.989946320832	1.0
790	117,92	380,353	79,32	411,128	198	99	1	1.0
791	22,17	810,838	15,13	933,303	198	99	1	1.0
793	127,113	72,79	106,22	107,63	168	99	0.0702245957061	0.7606846066346077
794	148,192	3,0	191,94	3,2	198	99	1	1.0
795	67,60	52,54	55,9	40,9	198	99	1	1.0
796	123,194	43,69	73,35	58,21	117	99	0.180844991828	1.0
797	261,436	163,212	366,166	180,83	120	99	1	1.0
798	6,6	68,123	14,4	79,40	118	99	1	1.0
799	11,7	303,497	3,1	320,183	198	99	1	1.0
800	60,70	0,0	79,21	0,1	141	99	1	1.0
802	2,3	6,1	0,0	1,1	101	99	0.0695042657519	0.7581838566879796
803	14,28	82,135	25,6	66,44	139	99	1	1.0
804	8,24	5,4	1,3	5,6	168	99	0.00351875075345	0.07466499886430206
805	3,5	43,54	15,9	9,8	104	99	5.65901454808e-07	2.9219378449919734e-05
806	6,11	1101,1532	14,3	1054,614	198	99	1	1.0
807	5,9	1101,1532	10,4	1054,614	198	99	1	1.0
808	13,4	2,2	6,3	5,0	185	99	1	1.0
809	123,217	7,2	142,66	7,1	198	99	1	1.0
810	10,16	264,376	10,5	385,159	198	99	1	1.0
811	104,104	4,3	131,48	4,2	105	99	1	1.0
812	7,10	271,401	10,7	359,183	104	99	1	1.0
813	334,469	0,0	469,215	3,0	198	99	1	1.0
814	145,221	13,16	223,102	8,4	107	99	1	1.0
815	11,4	4,5	3,5	1,1	144	99	0.268152979992	1.0
816	21,24	2576,3532	13,3	2222,1083	102	99	1	1.0
817	21,23	1,0	13,3	0,0	102	99	1	1.0
818	17,15	57,36	25,7	63,6	110	99	1	1.0
819	1,0	9,13	11,5	2,1	117	99	1	1.0
820	129,151	56,82	319,129	67,37	113	99	0.189106264669	1.0
822	42,49	510,603	34,28	469,214	103	99	1	1.0
823	14,14	2,11	6,2	9,3	198	99	0.128827971041	1.0
824	5,9	212,325	9,12	356,188	198	99	1	1.0
825	154,178	13,13	137,79	18,6	198	99	1	1.0
826	51,51	1,0	69,26	0,1	198	99	1	1.0
827	74,90	67,66	106,41	51,25	162	99	0.830274814651	1.0
828	254,301	0,1	271,137	0,0	169	99	1	1.0
829	107,137	15,11	82,37	21,5	110	99	1	1.0
830	14,9	15,11	18,17	21,5	198	99	0.785161518046	1.0
831	16,9	107,137	19,17	82,37	198	99	1	1.0
832	3,1	31,48	0,0	32,15	132	99	1	1.0
833	9,18	2,11	6,3	15,2	119	99	0.126331230661	1.0
835	2,7	10,16	0,0	17,10	110	99	0.134377429162	1.0
836	19,27	149,202	12,8	82,47	117	99	1	1.0
837	33,65	57,97	8,5	105,49	104	99	5.21000758091e-07	2.7828626699412378e-05
838	99,174	0,1	47,41	3,0	198	99	1	1.0
840	72,122	0,3	67,50	0,0	198	99	1	1.0
841	3,3	8,0	5,5	0,2	101	99	0.301940748993	1.0
842	131,146	0,0	133,65	3,2	113	99	1	1.0
844	0,2	46,54	0,1	25,9	198	99	1	1.0
845	0,1	913,1337	0,0	1111,460	103	99	1	1.0
846	3,12	17,16	2,0	24,16	152	99	0.116736285688	1.0
847	164,236	619,779	318,93	269,145	117	99	0.00231359734258	0.057802617478329356
848	92,125	83,128	93,45	77,40	198	99	1	1.0
849	7,6	525,739	9,4	634,323	103	99	1	1.0
850	12,11	152,152	33,12	88,48	104	99	0.0489206421165	0.592016208112957
851	90,119	1,2	64,22	2,0	118	99	1	1.0
853	60,60	0,0	61,42	0,1	143	99	1	1.0
855	6,9	25,53	7,3	21,9	198	99	1	1.0
856	43,61	86,85	26,21	60,36	135	99	1	1.0
857	207,323	5,12	152,76	3,2	134	99	1	1.0
858	42,85	5,12	39,19	3,2	198	99	1	1.0
859	1,7	166,245	5,0	116,57	164	99	1	1.0
860	1,0	9,9	0,0	12,4	105	99	1	1.0
861	273,426	24,46	303,161	11,0	146	99	0.876484126911	1.0
862	207,312	181,217	397,176	56,14	111	99	2.22044604925e-16	5.732451550480416e-14
863	226,331	4,7	217,164	1,3	198	99	1	1.0
864	794,977	45,56	921,357	55,20	181	99	1	1.0
865	4,25	36,29	27,10	9,11	144	99	0.0556791135754	0.6533859615779894
866	1,4	20,28	0,0	18,15	198	99	1	1.0
867	14,16	1,2	30,12	0,0	120	99	1	1.0
868	16,27	119,128	16,7	225,119	198	99	1	1.0
869	16,26	179,222	16,7	247,106	198	99	1	1.0
870	21,20	2,3	56,31	6,7	198	99	1	1.0
871	259,349	0,0	210,112	2,0	198	99	1	1.0
873	85,119	8,17	58,31	0,5	198	99	0.798458644984	1.0
874	14,18	8,17	3,8	0,5	198	99	0.431621088376	1.0
875	19,21	77,105	9,9	57,27	130	99	1	1.0
876	628,756	2,0	813,350	1,0	111	99	1	1.0
878	603,1024	47,86	511,218	104,72	144	99	0.0231180965409	0.3358343293871519
879	1652,2485	1174,1879	2381,1175	1641,850	156	99	1	1.0
880	3328,5362	0,0	4218,2350	0,1	114	99	1	1.0
881	3547,5448	2,2	5046,2506	3,0	117	99	1	1.0
882	46,62	40,71	41,24	19,3	125	99	0.0269465552196	0.36938242508991503
883	263,355	43,68	253,119	36,19	198	99	1	1.0
884	115,136	3,8	113,55	3,0	191	99	1	1.0
885	48,47	0,0	34,15	0,2	198	99	1	1.0
886	38,53	127,126	42,19	150,39	198	99	1	1.0
887	4,16	127,126	16,8	150,39	198	99	1	1.0
888	14,32	11,15	18,10	17,7	198	99	1	1.0
889	36,23	9,2	34,7	12,4	198	99	0.41529297543	1.0
890	22,27	20,32	27,5	13,8	198	99	1	1.0
892	72,92	3,3	101,12	6,3	138	99	1	1.0
893	28,43	3,3	31,15	0,1	123	99	1	1.0
894	5,5	1802,2506	9,2	2146,888	120	99	1	1.0
897	1,2	275,412	3,2	346,150	198	99	1	1.0
898	482,603	0,0	510,251	1,0	198	99	1	1.0
899	4,1	479,686	5,0	543,225	103	99	1	1.0
900	11,22	31,39	12,7	54,22	118	99	0.900600036275	1.0
902	12,8	35,34	12,2	31,8	103	99	1	1.0
904	11,16	252,292	13,7	210,85	103	99	1	1.0
906	3,6	1169,1455	15,3	967,478	198	99	1	1.0
907	0,2	1169,1455	4,1	967,478	198	99	1	1.0
908	23,30	772,1182	28,14	803,384	198	99	1	1.0
909	9,18	772,1182	13,12	803,384	198	99	1	1.0
910	3,8	14,12	5,4	16,5	198	99	1	1.0
911	19,43	19,16	15,4	18,11	103	99	0.19454448802	1.0
912	13,21	2,3	16,14	11,2	198	99	0.464484324825	1.0
913	10,38	240,311	15,14	365,160	198	99	1	1.0
915	85,110	18,24	98,26	21,12	108	99	1	1.0
916	4,16	908,1266	7,3	806,477	103	99	1	1.0
917	32,55	851,1142	22,17	643,303	135	99	1	1.0
918	5,0	1,0	1,0	0,0	198	99	1	1.0
919	0,0	224,265	1,0	349,154	103	99	1	1.0
920	17,24	98,175	38,24	127,85	198	99	1	1.0
921	0,3	45,82	3,2	94,49	198	99	1	1.0
923	26,25	827,1148	5,4	716,364	198	99	1	1.0
924	1,1	0,0	0,0	0,2	117	99	1	1.0
925	10,11	0,0	6,5	1,0	150	99	1	1.0
927	2,14	70,120	2,2	58,38	198	99	1	1.0
928	21,26	335,565	29,7	471,211	198	99	1	1.0
929	4,11	148,188	3,3	158,55	198	99	1	1.0
930	61,79	0,0	42,28	0,1	198	99	1	1.0
931	55,74	138,188	168,47	76,36	105	99	7.93123503984e-07	3.963059057003922e-05
932	16,6	3,0	21,4	2,0	163	99	1	1.0
934	3,6	129,171	8,1	174,67	138	99	1	1.0
935	393,480	2,0	490,229	1,0	198	99	1	1.0
936	2,2	21,21	2,1	23,9	130	99	1	1.0
937	3,13	1,1	8,10	3,0	198	99	1	1.0
938	1,2	3019,4329	2,1	3875,1858	139	99	1	1.0
939	34,51	2924,4236	123,65	3799,1941	117	99	1	1.0
940	31,28	0,2	23,9	1,0	198	99	1	1.0
941	184,230	62,62	103,38	172,45	122	99	1.8653834033e-10	1.6996934657127646e-08
942	20,24	15,34	23,21	3,2	103	99	5.45452866028e-05	0.00211226622369343
943	334,456	3,0	458,224	0,1	198	99	1	1.0
945	21,40	21,28	12,13	29,14	131	99	0.363920199478	1.0
947	233,336	0,1	251,177	0,0	198	99	1	1.0
948	20,19	2,5	11,3	16,8	110	99	0.00015820216306	0.005569435240453182
950	101,139	0,0	136,82	0,2	198	99	1	1.0
951	3,9	7,4	11,2	3,4	198	99	1	1.0
952	21,39	0,0	44,11	3,0	198	99	1	1.0
953	12,21	0,3	36,21	0,0	135	99	1	1.0
954	12,23	151,278	43,21	217,91	135	99	1	1.0
955	745,937	38,57	882,359	11,6	138	99	1	1.0
956	9,24	177,210	34,21	246,127	123	99	1	1.0
957	202,230	2,2	371,131	2,0	103	99	1	1.0
958	3,7	164,198	4,2	133,59	198	99	1	1.0
959	16,27	0,0	52,18	0,1	198	99	1	1.0
960	59,76	12,18	22,19	48,11	111	99	0.00777837233546	0.14693535058082366
961	3,0	44,66	2,0	43,12	198	99	1	1.0
962	4,2	73,104	6,0	115,43	103	99	1	1.0
963	75,101	0,0	53,12	0,1	128	99	1	1.0
964	36,59	0,0	35,21	1,1	198	99	1	1.0
965	631,867	9,7	793,354	3,0	122	99	1	1.0
966	145,182	3,5	172,82	0,0	122	99	1	1.0
968	0,1	10,14	0,0	0,1	135	99	1	1.0
969	61,128	1597,2472	121,66	2326,1081	198	99	1	1.0
970	70,120	1597,2472	99,54	2326,1081	198	99	1	1.0
971	57,92	7,24	77,55	36,19	198	99	0.298988492713	1.0
972	1,4	4,8	5,0	3,1	132	99	1	1.0
973	13,26	1,0	15,4	0,1	198	99	1	1.0
974	17,24	235,319	24,17	310,147	160	99	1	1.0
975	18,6	410,484	15,14	596,218	198	99	1	1.0
976	69,100	118,128	57,36	171,55	198	99	1	1.0
977	47,103	27,36	66,18	7,7	159	99	0.297988465874	1.0
978	310,396	118,167	157,118	139,99	198	99	0.0155181718375	0.24908503259501855
979	0,1	15,22	2,1	8,5	121	99	1	1.0
983	7,3	21,46	3,2	23,10	141	99	1	1.0
984	0,0	109,128	0,1	69,30	105	99	1	1.0
985	60,108	1,4	124,65	0,0	104	99	1	1.0
986	0,1	43,41	1,0	32,10	108	99	1	1.0
987	0,0	18,33	6,5	20,13	124	99	0.149159961312	1.0
988	0,1	2,0	8,2	1,0	198	99	0.0102534214195	0.18048352021369884
989	2,2	203,227	0,0	278,104	103	99	1	1.0
991	33,49	2,0	17,21	3,0	198	99	1	1.0
992	885,1208	8,7	479,239	0,0	132	99	1	1.0
993	5,10	0,0	16,1	0,2	181	99	1	1.0
994	153,251	4,1	155,83	7,0	109	99	1	1.0
996	21,26	42,56	11,1	59,24	166	99	0.206489150568	1.0
997	2,5	6697,10807	2,2	9892,5334	103	99	1	1.0
998	7,5	576,843	7,1	744,313	198	99	1	1.0
999	7,9	576,843	9,2	744,313	198	99	1	1.0
1000	0,0	40,31	1,0	46,24	117	99	1	1.0
1001	0,4	281,499	13,4	243,120	108	99	1	1.0
1002	6,5	48,60	0,2	38,25	198	99	1	1.0
1003	20,27	0,1	20,6	0,4	198	99	0.723487442533	1.0
1005	0,0	5,2	1,0	5,1	115	99	1	1.0
1006	1,0	2396,3297	0,0	2327,940	103	99	1	1.0
1008	91,80	0,1	148,85	0,0	198	99	1	1.0
1009	4,3	34,83	4,2	81,50	198	99	1	1.0
1010	30,64	56,119	39,21	66,37	138	99	1	1.0
1011	0,0	80,100	0,1	71,31	198	99	1	1.0
1013	5,9	8,15	5,2	3,2	127	99	0.542255763539	1.0
1015	7,6	54,41	25,24	123,68	110	99	1	1.0
1016	1364,1828	33,66	1848,862	75,40	123	99	1	1.0
1017	3,3	3468,4207	1,3	3426,1648	198	99	1	1.0
1018	10,17	0,2	11,8	0,0	198	99	1	1.0
1019	9,23	428,713	8,8	399,215	198	99	1	1.0
1021	48,32	23,38	41,14	20,5	111	99	0.718555242566	1.0
1022	267,309	2,12	459,141	18,5	140	99	1	1.0
1024	283,213	2,5	548,175	4,2	143	99	1	1.0
1025	114,238	23,57	151,57	10,4	117	99	0.165637825039	1.0
1026	3,6	39,71	3,2	28,19	198	99	1	1.0
1027	91,128	9,19	103,63	4,3	104	99	1	1.0
1028	111,159	0,6	146,71	0,0	155	99	1	1.0
1029	0,0	30,51	1,1	58,15	119	99	1	1.0
1030	0,1	124,121	0,1	105,48	102	99	1	1.0
1031	17,10	31,16	25,3	41,11	102	99	1	1.0
1032	204,299	5,8	217,75	5,1	198	99	1	1.0
1033	0,5	3396,5444	4,0	4671,2168	198	99	1	1.0
1034	75,85	1,0	30,23	0,0	198	99	1	1.0
1035	130,176	14,6	79,56	2,1	198	99	1	1.0
1036	10,16	43,83	3,6	27,25	113	99	1	1.0
1037	17,9	0,2	9,7	1,1	198	99	0.412936641499	1.0
1038	14,19	79,117	23,17	25,26	198	99	0.0208761178275	0.3109337164884375
1039	10,13	0,0	50,7	1,0	198	99	1	1.0
1040	11,11	8,10	4,3	8,6	198	99	0.363414445546	1.0
1043	1,3	13,16	2,0	13,12	198	99	1	1.0
1045	14,12	3,11	11,10	2,0	198	99	0.0183360383752	0.28121310339786926
1046	56,78	0,2	92,48	0,0	103	99	1	1.0
1047	118,138	15,15	114,36	31,10	146	99	0.382195465722	1.0
1048	7,10	94,155	8,2	104,53	198	99	1	1.0
1049	183,159	9,10	126,52	4,2	198	99	1	1.0
1050	66,80	8,3	75,51	0,1	104	99	1	1.0
1052	1,0	28,25	2,5	18,12	103	99	0.552320235093	1.0
1054	12336,14105	12933,14751	33347,13607	11617,4813	110	99	2.13788986514e-11	2.207727600734573e-09
1055	54,71	6,5	19,8	30,16	105	99	4.2785774923e-12	5.522930446310583e-10
1056	51,61	28,31	44,24	22,7	198	99	1	1.0
1058	22,17	14,3	9,2	8,5	166	99	0.170169199129	1.0
1059	6,7	311,389	6,3	324,107	198	99	1	1.0
1060	0,0	47,101	5,0	61,20	117	99	1	1.0
1061	8,8	4,1	17,1	0,1	126	99	0.278491113943	1.0
1063	192,307	1,6	201,102	0,1	198	99	1	1.0
1064	4,2	62,81	2,9	55,21	198	99	1	1.0
1065	2,3	107,154	2,2	122,33	198	99	1	1.0
1067	1,3	112,153	8,4	121,50	103	99	1	1.0
1069	64,44	1,0	42,28	2,0	128	99	1	1.0
1070	10,10	19,33	5,1	38,27	158	99	0.343082405933	1.0
1071	2,2	0,0	7,1	1,0	198	99	1	1.0
1072	51,82	85,117	34,12	130,41	180	99	0.248294494692	1.0
1073	0,1	22,29	1,0	22,10	183	99	1	1.0
1074	7,16	2,1	4,1	1,1	198	99	0.927423068734	1.0
1075	184,181	7,9	210,134	6,2	198	99	1	1.0
1076	11,10	8,15	20,18	38,12	198	99	1	1.0
1077	30,53	47,78	92,52	6,7	111	99	0	0.0
1078	7,5	24,35	14,2	8,7	111	99	0.206397795286	1.0
1079	80,79	56,98	57,37	94,52	115	99	0.728370656642	1.0
1081	125,183	39,62	124,68	36,13	149	99	1	1.0
1083	0,2	430,592	4,1	509,222	103	99	1	1.0
1084	7,6	276,444	5,4	354,185	198	99	1	1.0
1085	8,6	466,713	3,4	497,248	198	99	1	1.0
1086	7,7	162,165	2,1	176,69	198	99	1	1.0
1087	22,51	2,9	26,11	5,0	198	99	1	1.0
1088	49,61	23,24	63,16	2,2	170	99	0.000113201043687	0.004077870155143325
1089	9,8	1,6	1,1	1,1	136	99	0.276252431721	1.0
1091	5,9	79,107	5,7	96,32	198	99	1	1.0
1093	126,250	1,0	299,129	0,0	171	99	1	1.0
1094	0,0	345,379	1,1	298,155	198	99	1	1.0
1095	35,66	4,1	33,20	0,0	139	99	1	1.0
1096	8,11	5,3	3,2	3,0	198	99	0.90634959775	1.0
1097	9,17	136,241	4,2	95,59	198	99	1	1.0
1098	8,15	136,241	6,2	95,59	198	99	1	1.0
1099	3,0	3,5	1,1	6,0	198	99	1	1.0
1100	6,6	143,161	11,4	95,35	198	99	1	1.0
1101	5,6	16,31	13,1	53,15	198	99	1	1.0
1102	9,11	143,161	17,4	95,35	198	99	1	1.0
1103	24,32	797,861	19,3	533,258	105	99	1	1.0
1104	11,12	2,1	11,2	4,1	103	99	0.523785697821	1.0
1105	61,54	79,123	62,36	84,27	183	99	1	1.0
1106	6,3	15,34	5,1	23,8	127	99	1	1.0
1107	31,53	127,176	38,19	172,78	198	99	1	1.0
1108	61,62	0,0	23,15	21,9	126	99	4.19930756834e-12	5.522930446310583e-10
1109	56,107	82,118	65,33	67,36	198	99	1	1.0
1110	270,367	0,0	470,191	0,1	198	99	1	1.0
1111	82,117	3,6	71,36	0,0	175	99	1	1.0
1112	1,1	31,44	0,0	23,9	117	99	1	1.0
1113	72,105	0,7	31,32	0,0	118	99	1	1.0
1114	266,462	449,827	338,139	392,195	198	99	1	1.0
1116	32,41	24,52	42,14	13,6	198	99	0.0407279694321	0.5129075174822999
1117	70,86	14,9	44,30	22,3	114	99	1	1.0
1118	293,355	0,1	251,165	3,7	109	99	1	1.0
1119	22,9	0,0	20,14	3,3	109	99	0.62522145548	1.0
1120	41,33	61,70	59,20	52,41	156	99	1	1.0
1121	7,13	2,14	4,5	5,2	149	99	1	1.0
1122	79,73	14,39	121,63	14,4	107	99	0.192016341125	1.0
1123	18,24	18,34	32,16	8,4	107	99	0.00105987417055	0.030976322456263212
1125	15,18	0,1	3,0	4,2	129	99	6.89395948922e-05	0.0026025960176856593
1126	9,4	134,230	0,1	153,44	198	99	1	1.0
1127	0,4	298,446	6,3	297,114	103	99	1	1.0
1128	25,31	256,353	12,12	302,158	198	99	1	1.0
1129	2,6	273,372	4,1	308,176	132	99	1	1.0
1130	11,16	2,3	11,4	13,3	117	99	0.0109438383851	0.18835561842799886
1131	14,12	2,4	18,2	2,0	198	99	0.189529918438	1.0
1132	7,4	2,4	23,4	2,0	198	99	0.0091699334048	0.1671085511062965
1133	20,42	2,3	56,13	0,1	154	99	1	1.0
1134	2,3	7,23	27,3	7,4	152	99	0.00342209533929	0.0736225788966696
1136	1,2	210,263	0,1	230,92	198	99	1	1.0
1137	9,14	288,451	16,9	284,128	103	99	1	1.0
1138	3,4	194,284	7,4	198,136	198	99	1	1.0
1139	11,18	0,0	11,3	2,0	102	99	1	1.0
1140	33,45	77,127	41,20	52,18	111	99	0.130408424096	1.0
1141	20,23	93,145	9,0	89,36	198	99	1	1.0
1142	1379,2206	1,0	1317,690	0,0	198	99	1	1.0
1144	91,90	4,1	114,37	1,0	118	99	1	1.0
1145	123,161	135,229	114,63	176,56	102	99	1	1.0
1147	89,106	0,3	95,47	1,3	146	99	1	1.0
1148	0,2	370,498	9,4	522,249	198	99	1	1.0
1149	18,29	111,103	63,26	73,49	103	99	0.0108403730935	0.18835561842799886
1150	140,164	626,722	122,30	1258,456	116	99	1	1.0
1151	56,70	14,11	77,24	4,3	198	99	0.235302558306	1.0
1152	92,107	22,48	137,39	77,22	198	99	0.672296185991	1.0
1153	59,57	22,48	71,20	77,22	116	99	0.428255032847	1.0
1154	1,1	5,0	1,1	2,2	110	99	0.925852849792	1.0
1156	4,0	196,320	0,0	225,135	101	99	1	1.0
1158	146,208	11,4	107,74	15,6	127	99	1	1.0
1159	660,843	4,2	594,334	3,3	198	99	1	1.0
1160	13,17	74,124	7,13	64,39	198	99	1	1.0
1161	3,1	0,6	1,0	0,0	198	99	1	1.0
1162	4,7	7,11	4,4	9,3	105	99	1	1.0
1163	0,0	39,45	3,0	48,7	165	99	1	1.0
1164	2,6	19,13	2,0	13,1	111	99	0.72585675328	1.0
1165	3,1	10,13	4,0	14,9	111	99	1	1.0
1166	9,15	3014,3894	12,10	4918,2110	103	99	1	1.0
1167	61,76	1,0	45,13	0,0	198	99	1	1.0
1168	89,78	307,400	42,24	381,173	182	99	1	1.0
1169	12,14	0,3	8,0	9,4	106	99	0.000794968201387	0.02414521066565614
1171	0,0	0,2	1,0	1,0	111	99	1	1.0
1172	84,117	36,85	110,48	70,33	175	99	1	1.0
1173	2,3	700,919	3,1	703,329	198	99	1	1.0
1174	7,8	5,8	22,11	3,1	198	99	0.0032618470434	0.07322610246705219
1175	260,301	129,152	274,105	189,91	142	99	0.967448020661	1.0
1176	409,474	17,29	440,167	23,11	181	99	1	1.0
1177	482,555	2,1	514,190	0,0	196	99	1	1.0
1178	279,325	17,29	356,153	23,11	138	99	1	1.0
1179	352,407	2,1	430,176	0,0	153	99	1	1.0
1180	90,111	2,1	97,34	0,0	114	99	1	1.0
1181	0,3	33,32	0,1	24,10	198	99	1	1.0
1182	26,38	5,10	28,19	0,0	116	99	0.0395635350858	0.502327179081182
1183	1,0	0,0	0,0	1,0	103	99	1	1.0
1185	76,91	30,39	58,48	16,14	143	99	1	1.0
1186	10,15	96,114	19,21	149,111	198	99	1	1.0
1187	2,5	7,4	3,8	10,5	198	99	1	1.0
1189	1,1	1385,2186	0,0	1497,673	126	99	1	1.0
1190	10,13	92,156	1,0	105,38	198	99	1	1.0
1193	41,33	5,1	18,6	0,3	198	99	1	1.0
1194	1,5	0,6	4,6	10,6	103	99	0.540096776388	1.0
1195	4,4	61,72	4,5	33,36	103	99	1	1.0
1196	6,8	237,339	6,0	312,152	102	99	1	1.0
1197	3,3	677,1085	4,3	712,365	159	99	1	1.0
1198	0,1	63,87	1,0	82,34	103	99	1	1.0
1199	4,18	31,67	8,2	42,20	126	99	1	1.0
1201	187,247	7102,7707	292,150	8669,3719	106	99	1	1.0
1203	2,12	4391,6055	4,4	5680,2935	103	99	1	1.0
1204	0,2	67,81	0,0	63,30	156	99	1	1.0
1205	171,215	0,0	211,108	0,1	143	99	1	1.0
1206	39,22	2,1	56,23	3,4	175	99	1	1.0
1207	1,5	72,92	0,0	69,25	198	99	1	1.0
1208	45,55	43,93	101,43	19,4	111	99	1.54281120102e-08	1.1949072751899901e-06
1209	12,10	50,61	8,9	58,24	103	99	1	1.0
1210	132,132	3,0	68,27	1,0	198	99	1	1.0
1211	208,217	352,465	451,205	81,28	111	99	0	0.0
1212	94,68	17,13	81,16	95,37	105	99	3.23127267166e-08	2.2751097129097004e-06
1213	6,8	6,8	18,13	1,5	126	99	0.0234151759676	0.3358343293871519
1214	6,8	0,5	19,9	8,4	198	99	0.632936772662	1.0
1215	6,12	9,23	19,10	17,6	198	99	0.399719112917	1.0
1216	6,8	0,5	2,5	8,4	198	99	0.0606563062472	0.6959749509400949
1217	6,12	9,23	2,6	17,6	198	99	1	1.0
1218	0,9	9,23	8,5	17,6	135	99	0.596263924877	1.0
1219	12,43	0,0	6,11	0,1	198	99	1	1.0
1220	2,4	110,147	3,5	110,56	103	99	1	1.0
1221	55,86	67,41	84,32	38,25	198	99	1	1.0
1223	1339,1990	1,0	862,378	2,2	198	99	1	1.0
1224	5,1	0,1	0,2	0,0	150	99	1	1.0
1225	59,45	54,74	25,29	74,32	103	99	1	1.0
1228	0,2	4,11	0,0	2,2	180	99	1	1.0
1229	61,72	16,20	49,50	29,26	198	99	0.220807708352	1.0
1230	45,44	142,182	25,15	216,70	198	99	1	1.0
1231	5,3	119,174	0,2	136,57	198	99	1	1.0
1232	17,33	0,0	15,22	3,1	198	99	0.911017765952	1.0
1233	1,4	22,49	0,0	24,11	198	99	1	1.0
1234	0,2	0,4	6,2	3,1	107	99	1	1.0
1235	56,78	81,100	67,26	72,36	198	99	1	1.0
1236	1,0	263,371	5,0	189,71	198	99	1	1.0
1237	5,3	426,667	4,6	404,176	103	99	1	1.0
1238	5,3	0,0	4,4	1,0	103	99	1	1.0
1239	7,18	468,594	5,3	442,173	198	99	1	1.0
1240	1,1	356,503	4,3	514,220	103	99	1	1.0
1241	206,203	80,121	360,207	74,24	198	99	0.00258256164869	0.061843250839795846
1243	4,0	120,140	0,0	120,50	102	99	1	1.0
1244	187,241	0,0	176,75	1,0	198	99	1	1.0
1245	172,192	0,0	189,84	1,0	104	99	1	1.0
1246	8,20	112,151	50,35	113,46	198	99	0.0192757895054	0.292727430822202
1247	0,2	464,678	0,0	398,204	198	99	1	1.0
1248	195,267	87,134	171,106	168,73	198	99	0.308050420586	1.0
1249	539,688	0,0	662,355	0,1	198	99	1	1.0
1251	15,25	5,10	10,9	5,3	174	99	1	1.0
1252	60,84	1,0	43,17	0,0	102	99	1	1.0
1253	62,132	5,13	103,43	0,0	198	99	0.267225346375	1.0
1254	7,11	2,1	3,2	0,0	120	99	1	1.0
1255	0,5	3,2	5,5	26,14	103	99	1	1.0
1256	84,101	99,188	51,22	121,64	140	99	0.914111436468	1.0
1258	17,12	116,128	13,6	139,52	198	99	1	1.0
1259	25,58	0,0	26,16	0,1	105	99	1	1.0
1260	3,6	146,198	5,2	144,70	198	99	1	1.0
1261	1,8	9,7	12,3	10,6	198	99	0.866286025281	1.0
1262	0,3	198,301	3,4	242,128	198	99	1	1.0
1263	9,10	198,301	13,10	242,128	198	99	1	1.0
1264	9,25	0,0	3,5	2,0	141	99	1	1.0
1265	0,4	101,94	1,1	121,46	168	99	1	1.0
1266	64,69	14,22	38,30	11,13	122	99	1	1.0
1267	7,7	0,1	0,1	3,0	198	99	0.00677029724618	0.13274924600421292
1268	3,4	40,35	1,1	15,12	198	99	1	1.0
1269	3,5	40,35	4,1	15,12	198	99	1	1.0
1270	6,7	864,1350	34,38	1742,837	198	99	1	1.0
1272	20,9	256,486	9,1	340,143	198	99	1	1.0
1274	124,189	3,0	111,34	2,0	163	99	1	1.0
1275	11,38	98,147	29,17	114,43	149	99	1	1.0
1276	211,237	2,2	224,61	0,0	198	99	1	1.0
1278	11,6	0,2	4,4	1,1	143	99	0.317154341785	1.0
1279	17,18	42,43	9,3	48,27	148	99	0.589016410108	1.0
1280	6,1	0,0	0,0	2,0	148	99	1	1.0
1281	148,236	0,0	116,69	2,0	198	99	1	1.0
1282	145,240	0,1	117,72	0,0	198	99	1	1.0
1283	4,0	29,15	2,0	16,8	131	99	1	1.0
1284	9,14	1,8	18,9	8,6	198	99	0.860906587149	1.0
1285	10,17	91,73	11,18	66,17	163	99	0.949775852532	1.0
1286	256,333	9,7	283,89	5,0	105	99	1	1.0
1287	262,325	693,841	294,101	964,295	102	99	1	1.0
1289	7,13	2,0	10,0	0,0	114	99	1	1.0
1290	14,21	1,0	6,5	0,0	198	99	1	1.0
1291	11,15	5,6	3,6	3,2	121	99	1	1.0
1292	5,4	11,20	5,0	18,2	198	99	1	1.0
1293	0,1	16,18	1,1	24,4	108	99	1	1.0
1294	11,35	2,0	11,3	0,1	126	99	1	1.0
1295	15,20	484,836	13,5	499,250	198	99	1	1.0
1296	36,46	77,150	18,10	102,69	198	99	1	1.0
1297	489,683	84,135	650,339	82,48	123	99	1	1.0
1298	0,1	89,138	1,1	95,36	198	99	1	1.0
1299	15,14	0,0	22,5	2,0	170	99	1	1.0
1300	24,26	0,0	27,10	2,0	198	99	1	1.0
1301	15,23	1,0	26,12	0,0	198	99	1	1.0
1302	19,28	6,9	40,12	0,0	198	99	1.88961819636e-05	0.0008130607183782333
1303	9,6	252,317	9,1	261,116	198	99	1	1.0
1304	9,13	1,3	10,7	0,1	198	99	0.426013202597	1.0
1305	4,7	71,103	13,8	66,40	198	99	1	1.0
1309	0,2	97,196	0,0	148,71	103	99	1	1.0
1310	244,385	0,2	358,142	0,0	186	99	1	1.0
1311	5,7	6,21	11,5	6,3	137	99	0.0707967797346	0.7615570264506624
1312	76,122	671,890	67,24	716,353	198	99	1	1.0
1314	48,38	305,299	113,27	359,96	198	99	1	1.0
1316	4,3	6,0	1,1	0,1	103	99	0.323794361849	1.0
1317	25,36	497,756	50,27	527,262	104	99	1	1.0
1320	45,56	64,91	45,15	108,34	143	99	1	1.0
1322	1,0	18,10	1,0	7,0	198	99	1	1.0
1323	6,4	782,1070	0,1	752,402	102	99	1	1.0
1324	11,10	1,0	3,3	0,0	114	99	1	1.0
1327	9,6	194,293	12,1	210,123	192	99	1	1.0
1328	0,2	189,252	0,0	227,112	114	99	1	1.0
1330	4,4	0,1	1,0	1,0	143	99	1	1.0
1332	34,63	13,22	27,16	6,9	102	99	1	1.0
1333	0,9	5,23	0,0	7,2	173	99	1	1.0
1334	11,8	52,58	4,6	57,26	114	99	1	1.0
1335	59,40	2,1	73,33	3,0	111	99	1	1.0
1337	1,8	37,68	9,7	43,15	181	99	1	1.0
1338	0,0	2,0	3,0	0,1	162	99	1	1.0
1339	21,36	113,134	15,13	59,54	198	99	1	1.0
1340	0,6	69,106	0,0	73,21	102	99	1	1.0
1342	3,0	612,852	1,2	759,395	102	99	1	1.0
1344	3,3	245,384	8,4	320,162	116	99	1	1.0
1345	28,54	93,130	28,24	90,50	116	99	1	1.0
1346	130,199	5,12	207,79	5,2	140	99	1	1.0
1347	9,10	167,245	1,3	113,86	198	99	1	1.0
1350	1,11	160,162	1,5	135,56	138	99	1	1.0
1351	1,3	125,192	6,0	112,63	108	99	1	1.0
1352	2,0	14,37	2,0	15,10	198	99	1	1.0
1353	18,34	4,17	44,12	2,4	123	99	0.195994062748	1.0
1355	2,9	130,118	4,0	75,25	180	99	1	1.0
1356	2,7	1071,1620	1,1	1296,620	198	99	1	1.0
1357	6,5	21,45	1,5	66,17	198	99	1	1.0
1358	165,200	5,1	179,92	2,0	198	99	1	1.0
1359	17,35	0,2	12,14	0,0	198	99	1	1.0
1360	0,0	20,24	1,0	9,7	198	99	1	1.0
1361	13,32	394,498	14,2	564,171	198	99	1	1.0
1362	19,50	0,3	14,14	1,0	117	99	1	1.0
1363	21,35	38,49	8,1	38,5	129	99	0.0804842135135	0.859793425740769
1364	2,11	0,0	2,1	1,1	105	99	0.427211675382	1.0
1366	5,4	2,5	8,5	5,1	198	99	0.720180681106	1.0
1367	1,4	0,0	0,0	1,0	126	99	1	1.0
1368	11,24	268,418	13,10	357,144	198	99	1	1.0
1369	10,20	268,418	14,10	357,144	198	99	1	1.0
1370	1,6	6,13	2,0	2,1	198	99	1	1.0
1371	11,19	92,131	8,2	143,66	198	99	1	1.0
1372	16,28	92,131	8,3	143,66	142	99	1	1.0
1373	11,17	2,12	6,2	3,4	142	99	0.574445820571	1.0
1374	156,305	48,109	196,89	108,47	120	99	0.859624230867	1.0
1375	3,6	27,91	3,0	63,24	198	99	1	1.0
1378	15,25	241,333	19,8	310,143	198	99	1	1.0
1379	41,61	58,63	40,30	24,8	103	99	0.0520172421184	0.6150741071862718
1380	42,57	100,140	56,19	197,108	124	99	1	1.0
1381	7,9	107,126	5,3	137,46	198	99	1	1.0
1382	1,2	17,27	3,0	21,7	198	99	1	1.0
1383	7,4	73,90	2,2	42,16	198	99	1	1.0
1387	48,55	88,93	58,28	86,38	161	99	1	1.0
1388	3,1	224,229	5,2	160,99	138	99	1	1.0
1389	13,21	133,180	18,13	146,53	198	99	1	1.0
1391	5,12	95,129	14,6	69,48	198	99	1	1.0
1392	243,328	1,6	173,91	0,1	177	99	1	1.0
1393	71,149	54,96	116,62	75,33	111	99	1	1.0
1394	26,25	9,9	23,15	0,0	122	99	0.000278051569898	0.00936308438634787
1395	41,60	545,815	219,80	375,165	136	99	7.30127069914e-12	8.699744856129124e-10
1396	3,3	589,669	8,1	569,234	126	99	1	1.0
1397	3,4	144,220	1,0	135,81	103	99	1	1.0
1399	25,27	0,3	14,3	0,0	115	99	1	1.0
1401	320,369	5,6	423,199	1,0	198	99	1	1.0
1402	0,0	135,191	2,0	114,63	198	99	1	1.0
1403	2,1	55,94	2,0	42,29	198	99	1	1.0
1404	2,3	135,232	3,0	168,101	135	99	1	1.0
1405	0,4	177,218	1,0	164,71	165	99	1	1.0
1407	24,16	139,194	15,14	211,97	198	99	1	1.0
1408	106,160	0,0	94,49	4,1	102	99	1	1.0
1409	9,18	148,207	12,3	138,105	198	99	1	1.0
1410	1,4	106,185	6,6	142,98	198	99	1	1.0
1411	143,192	2,0	179,89	2,1	198	99	1	1.0
1412	51,51	96,147	58,29	83,40	198	99	1	1.0
1413	0,2	17,18	5,0	14,3	172	99	1	1.0
1415	48,45	4,4	33,23	0,0	110	99	1	1.0
1416	12,16	145,212	0,1	57,30	198	99	1	1.0
1417	5,5	1720,2619	4,1	1924,887	104	99	1	1.0
1418	195,288	186,263	326,150	344,154	118	99	1	1.0
1420	162,241	2,0	321,156	0,1	150	99	1	1.0
1421	3,6	0,2	7,5	3,2	111	99	0.211279667461	1.0
1423	2,9	337,447	6,1	331,158	198	99	1	1.0
1424	2,0	0,2	2,2	0,0	144	99	0.262538996604	1.0
1426	48,27	86,130	34,19	123,72	103	99	1	1.0
1427	1,2	10,6	2,1	5,4	109	99	0.824674791901	1.0
1428	0,3	2,2	1,1	4,3	144	99	1	1.0
1429	280,367	243,332	181,134	291,130	198	99	1	1.0
1430	161,231	146,209	120,107	84,45	198	99	0.703755329823	1.0
1431	36,48	0,3	36,15	1,0	174	99	1	1.0
1432	4,5	34,42	5,6	70,20	103	99	1	1.0
1433	0,0	276,364	0,2	229,110	126	99	1	1.0
1434	56,105	1623,2759	86,52	2466,1128	101	99	1	1.0
1435	5,12	38,108	0,0	39,36	121	99	1	1.0
1436	0,1	0,5	1,1	0,0	103	99	1	1.0
1437	24,32	1517,2286	64,32	2816,1403	105	99	1	1.0
1439	70,68	57,68	9,7	41,18	198	99	0.00217456149423	0.055896399403246234
1440	11,18	0,4	19,13	0,0	127	99	1	1.0
1441	10,7	13,9	4,9	2,3	142	99	0.133718410478	1.0
1443	18,30	0,0	15,9	1,4	198	99	0.232339433459	1.0
1444	33,26	12825,17983	22,9	14711,8194	104	99	1	1.0
1445	22,12	12825,17983	2,4	14711,8194	198	99	1	1.0
1446	23,12	12825,17983	2,4	14711,8194	198	99	1	1.0
1447	23,12	12825,17983	4,4	14711,8194	198	99	1	1.0
1448	22,13	33,26	2,4	22,9	198	99	0.279756228265	1.0
1449	23,13	33,26	2,4	22,9	198	99	0.243151427911	1.0
1450	23,13	33,26	4,4	22,9	198	99	0.539353017587	1.0
1453	12,18	1,0	7,0	0,0	198	99	1	1.0
1454	112,122	13092,18490	110,67	15266,7629	103	99	1	1.0
1455	112,120	1,3	110,67	1,5	103	99	1	1.0
1456	49,67	8,27	34,27	5,3	133	99	0.62560243685	1.0
1457	35,66	5118,8047	64,24	6939,2479	103	99	1	1.0
1458	654,807	0,0	421,223	1,0	198	99	1	1.0
1464	6,4	0,11	1,2	2,0	123	99	0.532869176947	1.0
1465	2,0	4,15	3,1	2,1	126	99	0.0640863293068	0.714170676951318
1466	31,28	105,136	29,9	64,39	117	99	1	1.0
1467	59,60	0,1	58,26	1,0	103	99	1	1.0
1468	14,20	194,215	5,3	121,60	198	99	1	1.0
1470	5,1	5,1	3,2	2,1	112	99	0.764327992639	1.0
1471	8,1	1,0	9,2	5,1	153	99	0.0029305632258	0.06775287219051045
1472	17,18	84,140	19,2	113,62	119	99	1	1.0
1473	2566,3318	11,4	3369,1412	15,8	105	99	1	1.0
1474	1,2	1641,2141	2,2	2100,832	198	99	1	1.0
1475	1,2	233,255	3,1	267,113	111	99	1	1.0
1476	39,49	97,94	64,23	138,55	129	99	1	1.0
1477	232,288	3,0	320,189	0,0	198	99	1	1.0
1478	409,494	7,5	336,141	6,4	136	99	1	1.0
1479	228,319	173,266	215,124	156,79	198	99	1	1.0
1480	20,5	182,152	2,0	188,53	198	99	1	1.0
1481	5,27	0,3	17,6	11,1	141	99	0.0648141687439	0.7171224813164365
1482	183,284	4,19	136,77	2,2	198	99	1	1.0
1483	2,0	104,123	1,1	71,34	198	99	1	1.0
1484	62,84	0,2	46,39	0,0	198	99	1	1.0
1485	39,108	0,4	38,23	8,0	136	99	1	1.0
1486	33,77	0,4	48,22	8,0	157	99	1	1.0
1487	11,19	17,50	18,10	8,11	120	99	0.100237303975	1.0
1489	5,12	425,549	22,17	402,190	105	99	1	1.0
1490	4,0	56,62	3,1	33,21	198	99	1	1.0
1491	61,95	23,17	77,33	6,3	113	99	0.28428591121	1.0
1492	6,13	117,219	7,2	137,76	103	99	1	1.0
1493	11,18	1,6	17,7	3,0	198	99	0.553210531786	1.0
1495	14,8	28,38	20,12	91,34	198	99	1	1.0
1496	5,1	276,441	4,2	330,143	198	99	1	1.0
1498	64,149	0,1	48,19	0,1	198	99	1	1.0
1499	54,91	2273,3572	55,25	3183,1532	103	99	1	1.0
1500	2,2	1,3	1,0	1,0	198	99	1	1.0
1501	18,46	1,3	16,7	1,0	198	99	1	1.0
1502	31,65	2,1	22,9	0,0	184	99	1	1.0
1503	15,31	2717,3836	34,14	3510,1717	198	99	1	1.0
1505	157,239	0,1	193,121	0,0	198	99	1	1.0
1507	12,5	73,150	12,7	72,37	198	99	1	1.0
1508	1,2	188,218	7,0	186,78	103	99	1	1.0
1509	98,120	0,0	114,42	10,5	121	99	1	1.0
1510	98,159	1859,2524	97,35	2008,892	198	99	1	1.0
1511	236,309	5,8	158,141	1,5	171	99	1	1.0
1512	0,0	11,31	3,0	27,18	108	99	1	1.0
1513	1,0	214,368	0,0	270,121	198	99	1	1.0
1514	149,153	17,17	166,54	10,3	112	99	1	1.0
1516	232,337	1,0	151,92	1,0	123	99	1	1.0
1517	12,10	69,128	35,7	38,29	135	99	0.111629864622	1.0
1518	3,10	661,963	8,3	894,408	198	99	1	1.0
1519	3,0	650,984	0,1	821,421	198	99	1	1.0
1520	9,3	454,509	9,8	392,168	156	99	1	1.0
1521	2,8	26,37	4,4	10,4	139	99	0.481111057435	1.0
1522	16,18	1,0	14,10	1,0	114	99	1	1.0
1523	179,250	42,49	160,79	45,18	114	99	1	1.0
1524	9,15	7,3	10,1	3,1	121	99	1	1.0
1525	14,5	172,191	13,2	201,71	198	99	1	1.0
1526	0,10	74,71	1,1	107,32	123	99	1	1.0
1528	3,5	187,342	3,2	181,91	198	99	1	1.0
1529	29,32	429,633	35,11	608,228	198	99	1	1.0
1530	26,32	429,633	37,14	608,228	198	99	1	1.0
1531	6,8	6,4	12,4	6,0	117	99	0.412401868274	1.0
1533	36,26	0,4	21,10	3,0	122	99	1	1.0
1534	1,5	39,80	0,0	44,16	198	99	1	1.0
1536	3,7	145,176	29,16	121,47	198	99	0.819473897004	1.0
1537	8,8	55,58	2,1	79,35	103	99	1	1.0
1538	197,212	2,2	348,161	12,10	104	99	1	1.0
1540	1,0	5,6	3,4	3,4	198	99	1	1.0
1541	2,2	18,28	5,1	15,0	169	99	1	1.0
1542	9,12	42,85	13,6	50,12	124	99	1	1.0
1543	10,4	135,170	2,0	86,74	198	99	1	1.0
1544	7,7	5,12	22,13	3,2	146	99	0.00182015269063	0.04861062961699776
1545	14,3	5,12	19,7	3,2	175	99	0.050384606021	0.6003519594348384
1546	7,1	0,5	1,3	4,9	128	99	0.204619152692	1.0
1547	0,2	41,44	0,5	33,26	198	99	1	1.0
1548	0,5	79,112	0,3	88,70	198	99	1	1.0
1549	64,110	8,18	120,89	4,0	104	99	0.544724276709	1.0
1550	21,21	122,136	8,6	109,53	198	99	1	1.0
1551	92,113	74,99	93,29	76,40	111	99	1	1.0
1553	3,4	12,16	2,2	15,5	198	99	1	1.0
1555	37,57	139,196	12,13	199,103	171	99	1	1.0
1556	151,238	4,2	254,137	1,1	198	99	1	1.0
1557	1,10	170,341	0,0	158,76	198	99	1	1.0
1558	4,12	206,378	4,3	213,118	198	99	1	1.0
1559	763,948	142,265	1015,425	204,94	198	99	1	1.0
1560	906,1380	26,48	1139,419	40,19	102	99	1	1.0
1561	372,564	772,984	436,160	1113,385	102	99	1	1.0
1562	391,507	0,1	417,177	0,0	198	99	1	1.0
1563	4,9	79,72	3,2	76,23	198	99	1	1.0
1564	19,39	119,228	10,8	147,62	198	99	1	1.0
1565	3,5	104,221	0,0	145,58	107	99	1	1.0
1566	0,0	4,0	0,2	5,5	111	99	1	1.0
1567	8,5	134,153	5,3	165,60	104	99	1	1.0
1568	7,5	0,0	5,1	2,0	104	99	1	1.0
1569	1,10	1,5	2,0	2,2	198	99	0.0428151005142	0.5299249040172984
1571	1,5	1,5	2,0	2,2	155	99	0.116620922637	1.0
1572	103,122	169,199	176,77	123,28	114	99	0.00198024464389	0.05198981276924763
1574	2,4	6,1	1,1	3,4	120	99	0.395894492111	1.0
1575	4,2	1,0	0,1	7,8	110	99	3.03766568011e-07	1.7427200512927372e-05
1576	4,2	101,201	1,0	110,36	198	99	1	1.0
1577	3,0	101,201	8,8	110,36	198	99	1	1.0
1579	16,25	90,83	14,13	131,47	198	99	1	1.0
1580	19,14	6,3	12,1	8,2	183	99	0.194798707001	1.0
1583	200,205	2205,3253	300,173	3415,1723	198	99	1	1.0
1584	1,2	77,83	0,1	85,23	162	99	1	1.0
1585	3,3	54,67	2,3	42,17	198	99	1	1.0
1586	85,126	1,1	55,31	0,0	198	99	1	1.0
1587	75,90	96,139	62,29	84,55	198	99	1	1.0
1588	1,3	41,64	7,0	52,27	198	99	1	1.0
1589	0,0	41,64	5,0	52,27	198	99	1	1.0
1592	15,22	156,182	16,11	124,59	117	99	1	1.0
1593	15,47	8,9	41,18	3,1	198	99	0.0623188671833	0.7003571040705702
1594	3,4	44,50	3,0	65,24	198	99	1	1.0
1595	5,5	0,3	7,2	0,2	198	99	1	1.0
1596	19,23	133,140	11,5	128,53	198	99	1	1.0
1597	5,8	0,0	16,5	4,0	174	99	0.881859496786	1.0
1598	85,109	65,71	93,47	88,35	164	99	1	1.0
1599	103,125	1,0	135,57	2,0	132	99	1	1.0
1600	123,163	1,0	140,69	2,0	197	99	1	1.0
1601	60,100	2,4	75,40	1,0	162	99	1	1.0
1602	4,3	108,148	7,0	83,63	198	99	1	1.0
1603	62,86	44,66	31,12	43,25	103	99	0.143388769313	1.0
1604	15,13	1,0	4,2	3,0	198	99	0.559710672284	1.0
1605	6,2	217,263	4,1	263,153	117	99	1	1.0
1606	5,3	128,239	3,5	178,102	159	99	1	1.0
1607	110,121	1,1	76,74	10,2	198	99	0.846057722626	1.0
1608	245,248	16,27	397,150	13,2	198	99	0.881595517541	1.0
1612	10,4	1,1	11,0	0,1	198	99	1	1.0
1614	24,28	9,11	19,12	12,7	102	99	0.951007292645	1.0
1615	8,16	256,396	4,4	309,145	198	99	1	1.0
1616	10,29	3,0	11,6	3,0	105	99	1	1.0
1617	15,5	35,23	6,5	9,6	198	99	0.767073028105	1.0
1618	11,8	14,12	4,2	17,9	198	99	0.28045550345	1.0
1619	36,27	14,12	12,6	17,9	130	99	0.0197582064926	0.29714040637900385
1620	14,15	118,205	12,6	215,109	102	99	1	1.0
1621	2,3	4,1	0,0	2,0	103	99	1	1.0
1622	5,8	1,0	0,0	7,4	103	99	4.0079051189e-13	6.2082450291761e-11
1625	61,89	111,162	78,37	113,58	194	99	1	1.0
1626	89,118	111,162	55,38	113,58	198	99	1	1.0
1627	103,151	44,72	73,45	66,29	198	99	0.450770294904	1.0
1628	3,3	195,298	3,2	183,85	144	99	1	1.0
1629	2,2	21,54	15,12	38,11	131	99	0.00435380471108	0.08992057996617225
1630	116,167	10,11	81,59	17,9	123	99	1	1.0
1633	67,83	1,0	75,23	0,2	141	99	1	1.0
1634	1,0	43,37	0,0	35,10	171	99	1	1.0
1635	613,848	0,1	583,335	0,0	198	99	1	1.0
1636	8,18	1,0	10,12	0,0	198	99	1	1.0
1637	517,677	0,1	553,241	0,0	108	99	1	1.0
1638	11,8	4687,8112	5,0	6437,2689	103	99	1	1.0
1639	68,111	68,95	42,39	27,20	198	99	0.861026583107	1.0
1640	152,262	53,68	247,100	9,5	168	99	2.61033330617e-07	1.5551562658682037e-05
1642	4,7	399,403	8,1	325,128	198	99	1	1.0
1643	2155,2672	1,7	1021,428	0,1	171	99	1	1.0
1644	9,16	760,894	10,3	811,316	104	99	1	1.0
1645	188,322	0,2	233,97	0,0	156	99	1	1.0
1647	0,0	106,129	0,1	121,77	103	99	1	1.0
1648	153,217	3,5	264,84	5,1	102	99	1	1.0
1649	4,1	63,86	1,1	77,34	103	99	1	1.0
1650	4,4	66,77	0,2	32,18	198	99	1	1.0
1652	29,26	1,4	29,11	6,0	198	99	1	1.0
1653	42,62	17,18	47,29	14,3	198	99	0.846430684029	1.0
1654	42,58	1,0	46,33	2,2	198	99	1	1.0
1655	0,0	88,111	1,0	72,33	198	99	1	1.0
1658	0,0	320,449	3,0	308,134	198	99	1	1.0
1659	54,58	326,333	54,32	310,138	198	99	1	1.0
1660	21,13	44,51	7,3	54,30	120	99	0.370677037786	1.0
1661	59,71	1300,2119	40,23	1152,689	198	99	1	1.0
1662	6,13	181,330	15,9	200,116	198	99	1	1.0
1663	371,499	5,1	482,179	2,0	198	99	1	1.0
1664	80,118	4,12	131,53	0,0	120	99	1	1.0
1665	1,1	0,0	1,0	1,0	103	99	1	1.0
1666	1,3	1065,1521	1,0	1182,483	103	99	1	1.0
1667	21,34	9,14	23,7	0,0	112	99	1.02544901791e-05	0.000467182508453703
1668	18,16	1944,2743	16,5	1925,832	103	99	1	1.0
1669	8,9	134,185	6,6	156,63	198	99	1	1.0
1670	1,3	0,1	5,0	0,4	153	99	0.224069344696	1.0
1671	5,13	0,1	11,6	0,4	198	99	0.581076477494	1.0
1672	7,28	1,3	14,7	3,0	198	99	1	1.0
1673	135,215	0,4	135,54	0,1	198	99	1	1.0
1674	31,20	669,880	29,7	693,307	159	99	1	1.0
1675	6,10	31,71	4,2	53,24	198	99	1	1.0
1676	4,8	129,181	6,7	177,70	193	99	1	1.0
1677	50,61	26,23	65,38	14,1	198	99	0.0385895600415	0.49521358976958263
1678	19,26	12,2	13,5	2,5	198	99	0.967307330004	1.0
1680	0,4	0,1	1,0	0,0	104	99	1	1.0
1681	4,14	14,23	3,3	26,10	104	99	0.29955131535	1.0
1682	5,3	19,16	5,4	19,10	131	99	1	1.0
1683	214,292	0,1	245,133	2,3	198	99	1	1.0
1684	77,127	13,18	60,36	4,1	198	99	0.245845200813	1.0
1686	3,7	0,25	6,2	16,20	103	99	0.203157969044	1.0
1687	19,26	6,9	7,0	12,0	115	99	1	1.0
1688	13,9	16,15	3,9	6,9	198	99	1	1.0
1689	4,9	16,15	7,7	6,9	143	99	0.508400618239	1.0
1690	14,11	1203,1315	41,14	1872,520	198	99	1	1.0
1691	70,124	83,93	66,35	181,83	103	99	0.00466285801647	0.09503640878305301
1692	2,15	93,90	1,4	108,31	198	99	1	1.0
1693	2,0	72,83	0,0	89,28	103	99	1	1.0
1694	291,456	3,11	345,199	39,28	101	99	1	1.0
1695	0,1	3,0	2,0	0,0	104	99	1	1.0
1696	666,904	6,18	998,399	20,8	198	99	1	1.0
1697	36,38	16,15	11,7	31,13	134	99	7.05674840173e-05	0.0026025960176856593
1698	0,2	91,131	1,0	53,44	108	99	1	1.0
1699	6,4	7,3	18,9	16,5	136	99	1	1.0
1700	20,15	29,52	13,11	25,22	192	99	1	1.0
1704	6,2	49,62	1,1	42,22	198	99	1	1.0
1705	37,43	30,41	13,20	28,14	198	99	1	1.0
1706	87,113	816,840	44,11	579,203	121	99	1	1.0
1707	29,41	131,163	29,8	127,57	198	99	1	1.0
1708	144,200	7,14	180,68	6,3	198	99	1	1.0
1709	3,4	223,290	1,1	178,67	198	99	1	1.0
1710	205,227	1,0	217,76	0,0	123	99	1	1.0
1711	14,7	30,55	7,7	47,24	174	99	1	1.0
1712	37,43	250,256	12,3	291,99	126	99	1	1.0
1713	23,22	224,338	14,8	310,227	161	99	1	1.0
1714	18,40	9,14	19,16	1,0	114	99	4.0947696594e-05	0.0016263585134386155
1715	4,1	0,2	13,3	0,0	114	99	1	1.0
1716	1,0	83,110	2,0	93,42	120	99	1	1.0
1718	0,1	239,349	0,0	233,114	135	99	1	1.0
1720	549,928	28,47	425,239	11,9	198	99	1	1.0
1721	20,36	2,6	17,5	6,3	198	99	0.261685124808	1.0
1722	61,94	1,1	79,61	2,0	198	99	1	1.0
1723	100,108	1,0	135,48	0,0	198	99	1	1.0
1724	310,360	6,1	226,94	0,1	197	99	1	1.0
1726	23,23	54,77	52,17	53,19	183	99	0.0857571862361	0.9028418018973197
1727	156,232	1,5	154,81	0,0	198	99	1	1.0
1728	15,18	115,159	8,3	109,57	168	99	1	1.0
1730	119,155	19,16	129,74	0,2	105	99	0.826146918837	1.0
1731	7,31	0,0	14,7	1,0	103	99	1	1.0
1732	320,394	0,0	374,190	3,0	102	99	1	1.0
1733	123,129	94,137	92,43	142,76	134	99	0.382751698595	1.0
1734	6,10	8,11	2,1	11,4	104	99	0.0616614001778	0.7003571040705702
1735	1,1	13,18	3,0	13,5	104	99	1	1.0
1737	2,6	418,581	15,4	479,229	102	99	1	1.0
1738	3,2	88,123	0,0	57,48	105	99	1	1.0
1739	96,109	374,624	57,53	390,206	198	99	1	1.0
1740	15,28	50,37	37,12	22,16	198	99	0.310832586294	1.0
1741	1,5	47,123	0,0	97,35	198	99	1	1.0
1742	0,1	505,660	0,0	538,214	103	99	1	1.0
1743	4,4	355,593	4,2	413,222	198	99	1	1.0
1744	39,58	0,1	55,23	0,0	116	99	1	1.0
1745	62,66	10,6	63,19	1,1	102	99	1	1.0
1749	3,11	162,222	3,5	67,89	120	99	1	1.0
1750	27,18	650,668	59,27	599,235	123	99	1	1.0
1752	10,26	0,1	10,4	0,0	198	99	1	1.0
1753	17,38	0,4	25,1	2,0	198	99	1	1.0
1755	11,27	0,0	11,18	0,2	120	99	1	1.0
1756	136,174	0,0	158,95	0,2	198	99	1	1.0
1757	173,179	4,8	230,96	4,0	198	99	1	1.0
1758	2,3	65,106	2,0	70,58	153	99	1	1.0
1759	304,385	80,114	28,10	342,163	105	99	0	0.0
1760	197,219	0,0	178,111	1,0	198	99	1	1.0
1762	0,1	129,101	1,0	74,41	171	99	1	1.0
1763	206,258	0,0	160,92	0,3	198	99	1	1.0
1767	1,1	21,23	0,0	13,7	198	99	1	1.0
1769	3,3	39,58	4,8	73,39	111	99	1	1.0
1770	372,558	2,9	647,259	4,2	111	99	1	1.0
1771	0,4	34,42	0,0	35,16	133	99	1	1.0
1772	693,982	1,6	621,240	3,0	198	99	1	1.0
1773	2,7	127,135	2,1	125,47	198	99	1	1.0
1776	13,12	114,164	9,2	61,66	172	99	1	1.0
1777	57,93	650,774	62,21	672,276	198	99	1	1.0
1778	47,54	30,40	42,28	27,10	111	99	1	1.0
1779	8,3	13,5	2,0	2,0	103	99	1	1.0
1780	12,5	13,9	2,1	12,8	101	99	0.023314918644	0.3358343293871519
1783	11,26	144,206	9,9	132,64	110	99	1	1.0
1784	10,8	43,76	5,10	38,32	123	99	1	1.0
1785	81,98	0,0	127,73	5,2	198	99	1	1.0
1786	7,17	74,95	8,4	122,66	198	99	1	1.0
1787	224,303	18,45	178,77	41,8	198	99	1	1.0
1788	1069,1553	111,141	1685,801	37,16	178	99	0.368130577399	1.0
1789	13,9	192,236	5,4	192,91	198	99	1	1.0
1791	506,765	1,0	384,201	0,0	198	99	1	1.0
1792	1,3	1,13	1,0	1,0	198	99	1	1.0
1793	12,12	3255,3970	36,7	5326,2058	102	99	1	1.0
1794	1,2	0,0	0,2	1,0	128	99	1	1.0
1796	266,362	7,15	211,116	5,6	132	99	1	1.0
1797	86,109	30,38	50,48	17,15	198	99	1	1.0
1798	66,96	125,176	12,8	184,85	105	99	2.08751742559e-08	1.539792615351862e-06
1799	32,28	14,28	24,5	24,15	198	99	0.42268039465	1.0
1800	5,3	65,83	0,2	41,17	198	99	1	1.0
1801	41,43	120,156	35,45	110,59	161	99	1	1.0
1802	7,11	243,264	13,7	326,149	198	99	1	1.0
1804	95,135	11,18	84,62	11,2	187	99	1	1.0
1805	6,11	63,115	4,3	57,41	198	99	1	1.0
1806	68,102	168,278	80,28	143,53	111	99	1	1.0
1807	3515,4266	3,6	5504,2504	0,6	102	99	1	1.0
1808	28,44	8,7	40,25	5,3	198	99	1	1.0
1809	5,6	54,75	3,5	44,29	154	99	1	1.0
1810	1,0	2,1	1,0	6,1	198	99	1	1.0
1811	11,27	40,113	30,10	200,109	198	99	1	1.0
1812	2,1	0,0	21,9	1,0	198	99	1	1.0
1813	16,6	1,3	44,12	3,1	198	99	1	1.0
1814	20,13	34,26	46,9	128,40	156	99	1	1.0
1815	11,25	681,986	20,5	727,396	198	99	1	1.0
1817	30,48	1,2	16,16	3,7	198	99	0.0220589265452	0.32542168779537906
1818	0,1	6,14	3,0	7,7	198	99	1	1.0
1819	59,79	0,3	62,19	2,0	167	99	1	1.0
1822	51,52	36,45	27,14	57,32	126	99	0.0161158233539	0.24963410375191103
1824	17,25	1,0	9,7	0,0	141	99	1	1.0
1825	10,27	432,667	16,3	525,252	198	99	1	1.0
1827	2,7	9,8	5,3	3,0	116	99	0.0438824547648	0.5352277356746079
1828	6,3	574,793	5,4	521,175	198	99	1	1.0
1829	15,11	574,793	7,4	521,175	198	99	1	1.0
1831	32,27	60,100	42,26	61,35	198	99	0.926960594393	1.0
1833	11,17	17,17	7,3	7,2	197	99	1	1.0
1834	281,378	10,4	422,207	12,3	105	99	1	1.0
1840	14,28	0,0	15,6	1,2	198	99	0.859917415177	1.0
1841	33,42	2,0	34,8	0,0	198	99	1	1.0
1842	15,37	13,10	9,5	22,20	127	99	0.00237093547466	0.05829490555949746
1843	20,13	1,0	11,8	0,0	133	99	1	1.0
1844	4,6	3,0	7,3	0,0	198	99	0.75021835617	1.0
1845	21,68	41,53	37,18	66,30	198	99	1	1.0
1846	1,5	0,1	7,1	0,0	150	99	1	1.0
1847	827,1303	573,1174	1113,588	529,256	198	99	0.189411040101	1.0
1848	843,600	1,0	507,171	0,1	120	99	1	1.0
1849	384,239	1,1	165,76	0,0	120	99	1	1.0
1850	391,236	0,1	189,74	4,0	120	99	1	1.0
1851	323,186	2,6	139,62	4,0	120	99	1	1.0
1852	379,236	2,6	165,75	4,0	141	99	1	1.0
1853	346,205	2,6	153,69	4,0	183	99	1	1.0
1854	60,50	4,0	27,13	1,0	120	99	1	1.0
1855	27,20	4,0	15,7	1,0	162	99	1	1.0
1856	8,9	39,33	10,0	19,6	141	99	1	1.0
1857	321,186	1,0	138,62	0,0	120	99	1	1.0
1858	546,413	1,0	251,106	0,0	183	99	1	1.0
1859	227,228	2,0	113,44	0,0	162	99	1	1.0
1860	377,244	0,0	168,79	1,0	141	99	1	1.0
1861	344,203	0,0	147,69	1,0	183	99	1	1.0
1862	6,7	37,41	4,0	22,10	141	99	1	1.0
1863	445,409	0,0	246,90	1,1	141	99	1	1.0
1864	0,3	1,10	3,1	2,0	118	99	0.0261301043435	0.36138867525072765
1866	19,31	10,10	14,8	7,2	198	99	1	1.0
1871	1,1	234,264	0,0	230,130	177	99	1	1.0
1873	35,51	218,201	71,38	177,72	110	99	0.369941481494	1.0
1875	116,139	124,149	47,48	45,31	126	99	1	1.0
1876	1,0	12,17	3,2	9,0	198	99	0.31747355524	1.0
1878	1,0	28,27	1,0	13,5	117	99	1	1.0
1879	0,0	206,277	1,0	308,126	111	99	1	1.0
1880	1,0	269,337	1,0	364,167	105	99	1	1.0
1881	5,4	126,155	6,1	140,58	101	99	1	1.0
1883	23,29	61,96	15,6	206,70	110	99	0.0416218212424	0.519937105681271
1884	2,3	17,21	4,0	18,7	103	99	1	1.0
1885	44,47	15,23	28,19	14,4	103	99	1	1.0
1886	24,38	89,143	39,20	94,44	111	99	1	1.0
1887	4,15	89,143	4,1	94,44	123	99	1	1.0
1889	34,32	77,50	43,24	79,44	136	99	1	1.0
1890	140,183	2,3	109,50	4,8	110	99	1	1.0
