ID
0
2
3
4
6
7
8
10
11
13
14
15
17
18
19
21
22
23
24
25
26
27
28
29
30
31
33
34
36
37
38
39
43
44
45
46
47
48
49
50
51
52
53
54
55
56
57
58
59
60
62
63
64
68
70
71
74
75
76
77
79
80
81
83
84
85
86
87
89
90
91
92
93
94
95
97
98
99
100
101
102
103
104
105
106
107
108
109
110
111
112
113
114
115
118
119
120
121
122
124
125
126
127
128
129
130
132
133
134
135
136
137
138
139
141
142
144
145
146
147
148
149
150
152
154
155
156
157
158
161
162
163
164
165
166
167
169
170
171
172
173
174
176
177
178
179
180
183
184
185
186
188
189
190
191
192
193
194
195
197
198
199
201
203
204
205
206
207
208
209
211
212
213
214
215
216
217
218
219
220
221
222
223
224
225
226
227
228
229
230
231
232
236
237
238
239
240
241
242
243
244
245
246
247
248
249
250
253
254
255
256
257
259
260
261
262
263
264
265
266
267
268
269
270
271
272
273
274
275
277
278
280
281
282
283
284
285
286
287
288
289
290
291
292
293
294
295
296
297
298
299
300
301
302
303
304
305
306
307
308
309
310
311
312
314
316
317
318
319
321
323
324
325
328
330
331
332
333
334
335
337
338
339
340
341
342
343
344
346
347
348
349
350
351
352
353
354
355
356
357
358
359
360
361
362
363
364
365
366
367
368
369
370
371
372
373
374
375
376
377
378
379
381
382
383
385
386
387
388
390
392
393
394
397
398
400
401
402
403
404
405
406
407
408
409
410
411
412
415
416
417
419
420
421
422
423
425
426
427
429
430
431
432
434
435
436
437
438
439
440
441
442
443
444
445
446
447
448
450
451
452
453
454
455
456
457
458
460
461
462
463
464
468
469
470
475
476
477
479
480
481
482
483
484
485
486
488
489
491
493
494
495
496
497
498
499
500
501
502
503
504
505
506
507
508
509
510
512
513
514
515
517
518
520
521
522
523
524
525
526
527
528
529
530
532
534
535
536
537
539
542
543
544
545
546
547
548
549
550
551
552
554
556
558
559
560
562
563
564
565
566
567
568
569
570
572
573
574
576
577
578
579
580
581
582
584
585
586
587
588
590
591
592
593
594
595
596
597
598
600
601
602
605
607
608
610
611
612
613
615
616
618
619
621
622
623
627
628
629
630
631
632
633
635
637
638
640
641
642
645
646
647
648
649
650
651
653
654
655
656
657
658
659
660
661
662
664
665
666
667
668
669
670
671
672
673
674
675
677
678
679
680
682
683
684
685
686
687
688
689
690
692
693
694
695
696
697
698
699
700
701
702
703
704
705
706
707
708
710
711
712
713
714
715
717
718
719
720
721
722
723
724
725
726
727
728
729
730
731
732
733
734
735
736
737
738
739
740
741
742
743
744
745
746
747
748
749
750
751
753
754
755
756
757
758
759
760
761
762
763
764
765
766
767
769
771
772
773
775
776
777
778
779
782
783
784
785
786
787
788
789
790
791
792
795
797
798
799
801
802
803
805
806
807
808
809
810
811
812
813
815
816
817
819
821
822
823
824
825
826
827
828
829
830
831
832
833
834
835
836
837
840
842
843
844
845
846
847
848
849
850
851
852
853
854
855
856
857
858
859
860
861
862
863
864
865
866
868
871
872
873
874
875
876
877
878
879
880
881
884
885
887
888
889
890
891
892
893
894
895
896
898
899
900
902
903
904
905
906
907
908
912
913
915
916
917
918
919
920
921
922
923
924
925
926
927
928
929
930
931
932
935
937
938
939
940
941
942
943
944
945
946
947
948
949
951
953
954
956
958
959
960
961
962
964
965
966
967
971
972
973
974
975
976
977
980
981
983
984
985
986
987
989
990
991
992
993
995
996
997
998
999
1001
1002
1003
1004
1005
1006
1007
1008
1011
1012
1013
1015
1016
1019
1020
1021
1023
1024
1025
1027
1028
1029
1030
1031
1033
1034
1036
1037
1038
1040
1041
1042
1043
1044
1045
1046
1047
1048
1049
1050
1051
1052
1053
1054
1055
1057
1058
1059
1060
1061
1062
1064
1065
1066
1067
1068
1069
1070
1073
1074
1075
1076
1077
1078
1079
1081
1082
1083
1084
1085
1086
1087
1088
1089
1090
1092
1094
1095
1096
1097
1098
1100
1101
1102
1103
1104
1105
1106
1107
1108
1109
1110
1111
1112
1113
1114
1115
1116
1117
1118
1119
1120
1121
1123
1125
1126
1127
1128
1130
1131
1132
1133
1134
1136
1137
1140
1141
1142
1143
1144
1146
1149
1150
1151
1152
1153
1154
1155
1156
1157
1158
1159
1160
1161
1163
1164
1165
1166
1168
1169
1170
1171
1172
1173
1174
1175
1176
1177
1178
1179
1180
1181
1182
1183
1184
1185
1186
1187
1188
1189
1190
1191
1192
1193
1194
1195
1196
1197
1198
1199
1200
1201
1202
1203
1204
1205
1206
1207
1208
1210
1212
1213
1214
1215
1216
1217
1218
1219
1220
1221
1222
1223
1224
1225
1226
1227
1228
1231
1232
1234
1235
1236
1237
1238
1240
1242
1243
1244
1245
1246
1247
1248
1249
1250
1251
1252
1253
1254
1255
1256
1257
1258
1261
1262
1263
1264
1265
1266
1267
1268
1269
1270
1271
1272
1273
1274
1275
1279
1280
1281
1282
1283
1284
1286
1287
1288
1289
1290
1291
1292
1293
1295
1296
1297
1298
1299
1300
1301
1302
1305
1306
1307
1308
1309
1310
1311
1312
1313
1314
1315
1316
1318
1319
1321
1322
1323
1325
1326
1327
1328
1329
1330
1331
1332
1335
1336
1337
1338
1339
1340
1341
1342
1343
1344
1345
1346
1347
1348
1350
1351
1352
1353
1354
1356
1357
1358
1359
1360
1361
1362
1363
1364
1365
1366
1367
1368
1369
1370
1371
1372
1373
1374
1375
1376
1377
1378
1379
1380
1381
1382
1383
1384
1385
1386
1387
1389
1391
1392
1393
1395
1396
1397
1398
1401
1402
1403
1404
1405
1406
1409
1410
1411
1415
1417
1418
1419
1420
1421
1422
1423
1424
1425
1426
1427
1428
1429
1430
1431
1435
1437
1438
1439
1440
1441
1442
1443
1444
1445
1446
1447
1448
1450
1451
1452
1453
1454
1455
1456
1457
1458
1459
1460
1461
1462
1463
1464
1465
1466
1467
1468
1469
1470
1471
1472
1473
1474
1476
1477
1478
1479
1480
1481
1482
1484
1485
1486
1487
1488
1489
1490
1491
1492
1493
1494
1495
1496
1497
1498
1499
1500
1502
1504
1505
1506
1507
1508
1509
1511
1512
1513
1514
1515
1516
1517
1518
1519
1520
1521
1522
1523
1524
1525
1526
1528
1529
1530
1531
1533
1534
1535
1536
1537
1538
1539
1540
1541
1542
1543
1545
1546
1547
1548
1549
1550
1551
1552
1553
1555
1556
1557
1558
1559
1561
1562
1563
1564
1565
1566
1567
1568
1569
1570
1571
1572
1573
1575
1576
1577
1578
1579
1580
1581
1582
1583
1584
1586
1587
1589
1590
1591
1592
1593
1594
1595
1596
1597
1598
1599
1600
1601
1602
1604
1605
1606
1607
1608
1609
1610
1611
1612
1613
1615
1616
1617
1618
1619
1620
1621
1622
1623
1624
1625
1626
1627
1628
1630
1631
1632
1633
1635
1636
1637
1638
1639
1640
1641
1642
1644
1647
1648
1649
1650
1653
1654
1655
1657
1658
1659
1660
1661
1662
1664
1665
1666
1667
1668
1669
1670
1671
1672
1673
1675
1676
1677
1678
1679
1680
1681
1683
1684
1685
1686
1688
1689
1690
1691
1692
1693
1694
1696
1697
1699
1700
1701
1702
1703
1704
1705
1706
1707
1708
1709
1710
1712
1713
1714
1715
1716
1717
1718
1720
1721
1722
1723
1724
1725
1726
1727
1728
1729
1730
1732
1733
1734
1735
1736
1737
1739
1740
1741
1742
1743
1745
1746
1747
1748
1749
1750
1752
1753
1754
1755
1756
1757
1758
1759
1760
1761
1762
1764
1765
1766
1768
1769
1770
1771
1772
1773
1774
1775
1776
1777
1778
1779
1781
1782
1783
1784
1785
1786
1787
1788
1789
1790
1791
1792
1793
1794
1795
1796
1797
1798
1799
1800
1801
1804
1805
1806
1807
1808
1809
1810
1812
1814
1815
1816
1817
1818
1819
1820
1821
1822
1823
1824
1825
1826
1828
1829
1830
1831
1832
1833
1834
1836
1838
1839
1842
1843
1844
1845
1848
1850
1851
1853
1854
1855
1856
1857
1858
1860
1861
1862
1864
1865
1866
1867
1868
1869
1870
1871
1874
1875
1876
1877
1878
1879
1880
1881
1882
1883
1885
1886
1887
1888
1889
1890
1891
1892
1893
1894
1895
1897
1899
1900
1901
1902
1903
1904
1905
1906
1907
1908
1910
1911
1913
1914
1915
1916
1917
1918
1919
1920
1921
1922
1923
1924
1925
1926
1927
1928
1929
1931
1932
1933
1934
1935
1937
1938
1942
1943
1944
1945
1946
1948
1951
1952
1953
1954
1955
1956
1957
1958
1959
1960
1962
1963
1964
1965
1966
1967
1968
1969
1970
1971
1972
1974
1975
1976
1977
1978
1979
1980
1981
1982
1983
1984
1985
1986
1987
1989
1990
1991
1992
1993
1995
1996
1999
2001
2002
2003
2004
2006
2007
2008
2009
2010
2011
2012
2013
2014
2015
2016
2018
2019
2020
2021
2022
2023
2024
2025
2026
2027
2028
2030
2031
2032
2034
2036
2037
2038
2039
2040
2041
2043
2045
2046
2048
2049
2054
2055
2056
2057
2058
2059
2060
2061
2065
2066
2067
2068
2069
2070
2073
2074
2076
2077
2079
2080
2081
2082
2084
2085
2086
2087
2089
2090
2091
2092
2093
2094
2095
2096
2097
2098
2099
2100
2101
2102
2103
2104
2105
2106
2108
2109
2110
2112
2113
2115
2116
2117
2119
2120
2121
2122
2123
2125
2127
2129
2131
2132
2133
2135
2136
2137
2138
2139
2140
2141
2142
2144
2145
2146
2148
2149
2150
2151
2152
2155
2156
2157
2158
2159
2160
2162
2163
2164
2166
2167
2169
2170
2173
2175
2176
2177
2178
2180
2181
2183
2184
2185
2186
2187
2188
2189
2192
2193
2194
2196
2197
2198
2199
2200
2201
2202
2203
2204
2205
2206
2207
2208
2209
2210
2211
2213
2214
2215
2216
2217
2218
2219
2220
2222
2223
2224
2225
2226
2227
2228
2229
2231
2234
2236
2238
2239
2241
2242
2243
2244
2245
2246
2247
2248
2251
2252
2253
2254
2255
2256
2257
2259
2260
2261
2262
2264
2265
2266
2267
2268
2269
2270
2271
2272
2273
2274
2275
2276
2277
2278
2280
2281
2282
2283
2285
2287
2288
2290
2291
2292
2294
2295
2296
2297
2298
2299
2301
2302
2304
2305
2306
2308
2309
2310
2311
2312
2313
2314
2315
2316
2317
2318
2319
2320
2321
2322
2323
2324
2325
2327
2328
2329
2330
2332
2333
2334
2336
2337
2338
2339
2340
2341
2342
2343
2345
2346
2351
2352
2353
2354
2355
2356
2358
2359
2360
2361
2363
2364
2365
2367
2368
2370
2371
2372
2374
2375
2376
2378
2379
2380
2381
2382
2383
2385
2386
2388
2389
2390
2391
2392
2393
2394
2395
2396
2397
2399
2400
2401
2404
2407
2408
2409
2410
2411
2412
2413
2415
2416
2417
2418
2419
2420
2421
2422
2423
2425
2426
2427
2429
2430
2432
2433
2434
2435
2436
2437
2438
2439
2440
2442
2443
2444
2445
2446
2447
2448
2449
2450
2451
2452
2453
2454
2455
2456
2457
2458
2459
2460
2461
2462
2463
2464
2465
2466
2467
2468
2469
2470
2471
2472
2474
2475
2477
2478
2479
2481
2482
2484
2485
2487
2488
2489
2490
2491
2492
2493
2494
2495
2496
2498
2499
2501
2502
2503
2504
2505
2506
2507
2508
2511
2512
2513
2514
2516
2517
2519
2520
2521
2522
2523
2525
2527
2528
2529
2530
2531
2532
2533
2534
2535
2536
2537
2538
2539
2540
2541
2542
2543
2545
2546
2547
2548
2549
2550
2551
2552
2553
2554
2555
2557
2558
2559
2560
2563
2564
2565
2566
2567
2569
2570
2571
2572
2573
2574
2575
2576
2577
2579
2580
2581
2582
2583
2584
2585
2586
2587
2588
2589
2592
2593
2594
2595
2596
2597
2598
2599
2600
2602
2603
2604
2605
2606
2607
2609
2610
2611
2612
2613
2615
2616
2617
2618
2619
2625
2626
2627
2628
2629
2630
2631
2632
2633
2634
2635
2636
2638
2640
2641
2642
2643
2644
2647
2648
2649
2650
2651
2652
2653
2655
2657
2659
2660
2661
2662
2663
2664
2665
2666
2667
2673
2674
2676
2677
2678
2680
2681
2682
2683
2684
2686
2687
2689
2690
2691
2692
2693
2694
2695
2696
2697
2698
2699
2700
2701
2702
2703
2704
2705
2706
2707
2708
2709
2710
2711
2712
2713
2715
2717
2718
2720
2721
2722
2723
2724
